0.587506 0.114642 0.065422 0.039541
0.484965 0.217406 0.066532 0.028002
0.080358 0.635224 0.060015 0.033457
0.176919 0.481741 0.058759 0.030056
0.473972 0.386116 0.067109 0.034863
0.080346 0.480658 0.056682 0.029780
0.484493 0.253497 0.058747 0.036229
0.854407 0.363480 0.067872 0.035428
0.480266 0.290652 0.060844 0.029134
0.281123 0.488527 0.058051 0.033872
0.671484 0.255669 0.065193 0.030009
0.569502 0.547326 0.057663 0.037139
0.667927 0.324446 0.049562 0.031153
0.677650 0.191663 0.059945 0.030667
0.082550 0.107774 0.061202 0.031383
0.856750 0.442570 0.052395 0.037832
0.574489 0.281486 0.054300 0.027564
0.857770 0.173341 0.054434 0.028915
0.663391 0.656348 0.056495 0.031885
0.666003 0.720909 0.056905 0.030143
0.859841 0.207944 0.050950 0.030406
0.284711 0.270381 0.052120 0.030543
0.574085 0.317013 0.051673 0.035604
0.571887 0.483171 0.054023 0.035161
0.080694 0.559779 0.060113 0.034452
0.469869 0.596342 0.061393 0.029960
0.667407 0.398656 0.046849 0.037692
0.082099 0.410598 0.054626 0.034268
0.572893 0.419991 0.060009 0.032087
0.574049 0.351986 0.054061 0.033288
0.768669 0.367002 0.050746 0.032060
0.581075 0.149389 0.052519 0.032090
0.380560 0.245291 0.054331 0.035594
0.486356 0.097588 0.047954 0.033197
0.277600 0.414829 0.050320 0.035647
0.463147 0.732130 0.049547 0.033562
0.272298 0.609299 0.047493 0.032646
0.562469 0.650660 0.055404 0.033019
0.464483 0.766555 0.055751 0.027813
0.176226 0.378872 0.046195 0.034493
0.471522 0.465638 0.069003 0.035036
0.852728 0.520842 0.049370 0.036370
0.486492 0.132560 0.050966 0.027385
0.669260 0.493871 0.063486 0.028805
0.284002 0.309003 0.050264 0.037808
0.275959 0.757951 0.055321 0.028192
0.467975 0.561291 0.054507 0.029625
0.581465 0.184829 0.047675 0.033662
0.763511 0.548292 0.051068 0.041898
0.080329 0.519726 0.051727 0.037893
0.379658 0.103462 0.045415 0.036933
0.273452 0.644726 0.049133 0.032756
0.767719 0.202753 0.051656 0.028421
0.371144 0.504098 0.045067 0.035223
0.848228 0.630208 0.052592 0.028804
0.380518 0.202477 0.047736 0.036859
0.287139 0.102555 0.047927 0.034924
0.578257 0.220018 0.050118 0.027840
0.855735 0.482444 0.053815 0.028908
0.843587 0.740144 0.050168 0.037114
0.175845 0.541477 0.048199 0.028696
0.667800 0.465107 0.055014 0.024123
0.464499 0.694084 0.051104 0.031261
0.281663 0.348509 0.047808 0.033214
0.171092 0.640682 0.049456 0.032057
0.381340 0.138754 0.055275 0.026189
0.667296 0.289800 0.045792 0.031655
0.583991 0.072476 0.059586 0.034918
0.858817 0.137786 0.052360 0.031661
0.468647 0.527134 0.053720 0.028316
0.679071 0.101600 0.053136 0.026985
0.182509 0.235465 0.054275 0.028305
0.763050 0.590198 0.046341 0.034787
0.562923 0.685789 0.052961 0.032881
0.669908 0.871868 0.049337 0.036067
0.761269 0.478860 0.049697 0.025916
0.766451 0.170165 0.064214 0.028679
0.085712 0.219283 0.051172 0.039927
0.373260 0.412742 0.052059 0.026983
0.568211 0.586672 0.047963 0.034157
0.773651 0.112403 0.058449 0.030485
0.173941 0.797081 0.053326 0.028472
0.369447 0.543179 0.050557 0.033971
0.770882 0.327619 0.047251 0.040033
0.478567 0.350363 0.054910 0.029304
0.381955 0.286279 0.046056 0.035073
0.177251 0.414466 0.052013 0.026375
0.089115 0.178546 0.058337 0.030864
0.860081 0.320278 0.051335 0.036227
0.176935 0.575775 0.058065 0.027387
0.477598 0.424838 0.046374 0.035690
0.180694 0.269581 0.046376 0.033155
0.378452 0.470134 0.056576 0.027216
0.663131 0.799201 0.050559 0.040187
0.374216 0.441350 0.055773 0.023409
0.172555 0.608991 0.049494 0.026395
0.464950 0.800697 0.056179 0.029995
0.274936 0.522235 0.047398 0.024762
0.167422 0.829152 0.054085 0.031284
0.285828 0.139537 0.048490 0.026552
0.379061 0.168576 0.049701 0.024237
0.666773 0.624160 0.053947 0.023994
0.562252 0.722255 0.048372 0.027855
0.264547 0.865131 0.048840 0.031043
0.667639 0.588868 0.042231 0.035054
0.666574 0.435976 0.045153 0.024530
0.856354 0.276588 0.046484 0.036216
0.175677 0.717245 0.057515 0.039248
0.575761 0.385428 0.053659 0.027754
0.283130 0.238896 0.045832 0.025010
0.377975 0.321102 0.045673 0.025106
0.565962 0.619426 0.053202 0.023700
0.079189 0.596673 0.046367 0.031378
0.379614 0.381941 0.060302 0.029120
0.673041 0.361765 0.058468 0.031173
0.564083 0.865673 0.058268 0.029750
0.285240 0.173100 0.044035 0.030629
0.557480 0.753995 0.045034 0.026231
0.763138 0.508836 0.040964 0.029434
0.273231 0.575023 0.043394 0.029762
0.378696 0.349606 0.052631 0.024950
0.668777 0.835161 0.050965 0.029196
0.173746 0.761253 0.047656 0.035419
0.082255 0.865424 0.047493 0.029494
0.170916 0.867825 0.054793 0.040663
0.845431 0.872154 0.046603 0.027496
0.174684 0.676815 0.054174 0.033540
0.081215 0.336998 0.051600 0.036638
0.559300 0.787833 0.055085 0.034322
0.855813 0.401893 0.048003 0.030874
0.283353 0.207538 0.042112 0.030927
0.769315 0.232727 0.056895 0.025743
0.078650 0.713188 0.049440 0.029897
0.180715 0.342338 0.047408 0.030975
0.860762 0.103814 0.065304 0.025349
0.863650 0.071600 0.061167 0.031175
0.369778 0.578776 0.055256 0.026992
0.768802 0.395637 0.055068 0.023196
0.176252 0.446991 0.053433 0.027961
0.484648 0.065777 0.050505 0.024375
0.858620 0.240015 0.041434 0.028228
0.766192 0.422670 0.045312 0.023675
0.080504 0.898856 0.048563 0.030676
0.765737 0.672587 0.047708 0.033918
0.667497 0.525251 0.045617 0.027915
0.080683 0.447000 0.039367 0.026724
0.275806 0.452050 0.039607 0.029022
0.185873 0.164293 0.057129 0.026884
0.368487 0.638085 0.043693 0.034794
0.360440 0.706757 0.048686 0.025390
0.272328 0.794085 0.054637 0.033752
0.272583 0.674611 0.049951 0.026259
0.840365 0.806421 0.053380 0.027211
0.561665 0.827847 0.047145 0.033302
0.483426 0.319310 0.057580 0.022182
0.670274 0.758158 0.050362 0.039601
0.183666 0.135909 0.049445 0.031513
0.180121 0.306184 0.053315 0.025571
0.485322 0.160168 0.062054 0.024780
0.363857 0.883941 0.041322 0.029855
0.679285 0.129054 0.059148 0.024707
0.667521 0.555250 0.041338 0.028524
0.269963 0.702024 0.044839 0.025498
0.780218 0.072699 0.074467 0.040091
0.664873 0.688161 0.038777 0.027038
0.486014 0.187020 0.072775 0.025940
0.086359 0.296447 0.048452 0.036842
0.469145 0.655580 0.041521 0.037523
0.846666 0.664853 0.050228 0.031159
0.678051 0.157884 0.042935 0.029967
0.082125 0.374064 0.045467 0.027487
0.088292 0.071624 0.044508 0.031540
0.675523 0.907190 0.057015 0.031427
0.365445 0.807482 0.049950 0.037625
0.469005 0.497536 0.051129 0.023986
0.083945 0.143533 0.045169 0.031991
0.085183 0.258565 0.041634 0.030218
0.679198 0.070605 0.047146 0.027313
0.847571 0.906491 0.049481 0.033336
0.080933 0.834208 0.042564 0.029732
0.764696 0.631440 0.044051 0.038998
0.844314 0.840108 0.040237 0.033255
0.079897 0.796243 0.045455 0.037266
0.765314 0.447125 0.043258 0.027387
0.464010 0.904797 0.040249 0.024991
0.843358 0.701696 0.038234 0.030611
0.288199 0.069048 0.047236 0.024290
0.078269 0.676143 0.047262 0.035762
0.761866 0.725011 0.049517 0.022859
0.274784 0.728669 0.047351 0.020644
0.278325 0.547384 0.050916 0.020042
0.851727 0.559826 0.048670 0.029038
0.364589 0.771344 0.039485 0.027820
0.186820 0.197227 0.051186 0.034293
0.378519 0.069660 0.046011 0.023610
0.277685 0.380886 0.041434 0.023960
0.571860 0.449520 0.036198 0.025251
0.369147 0.913072 0.054494 0.024325
0.847609 0.598156 0.043915 0.032217
0.578441 0.249813 0.047841 0.026054
0.465446 0.837978 0.042205 0.034056
0.763649 0.141933 0.054229 0.024712
0.266228 0.902829 0.045742 0.030301
0.467299 0.624007 0.037753 0.022868
0.762521 0.900529 0.038537 0.034807
0.760774 0.700674 0.046152 0.020155
0.567742 0.515316 0.047276 0.020218
0.360394 0.736126 0.038941 0.026128
0.764979 0.800988 0.047364 0.031939
0.176034 0.511872 0.037156 0.025591
0.465250 0.873971 0.049433 0.031576
0.761838 0.863930 0.041958 0.032839
0.364126 0.847430 0.042534 0.037598
0.570655 0.914365 0.059397 0.027115
0.370509 0.606691 0.042610 0.021178
0.767109 0.286087 0.052807 0.033910
0.762572 0.760157 0.047412 0.037614
0.568365 0.891396 0.054526 0.019745
0.366970 0.674154 0.056536 0.030103
0.849353 0.775927 0.067604 0.026473
0.672336 0.224712 0.052948 0.029231
0.268014 0.827299 0.035431 0.034978
0.761189 0.832230 0.039518 0.024383
0.186557 0.096946 0.059835 0.038762
0.767563 0.255751 0.045884 0.019717
0.176569 0.904783 0.054569 0.027184
0.078022 0.750710 0.048859 0.034949
0.185497 0.072881 0.053808 0.034107
