0.613043 0.891137 0.070584 0.046057
0.727292 0.378044 0.086543 0.051093
0.507216 0.920322 0.080163 0.045455
0.506551 0.154949 0.074475 0.051833
0.723015 0.783766 0.078450 0.049144
0.725167 0.219573 0.080908 0.054857
0.060248 0.601301 0.070524 0.050993
0.934598 0.272537 0.088880 0.041917
0.832788 0.303668 0.073230 0.054776
0.833474 0.517858 0.081753 0.055057
0.057948 0.340776 0.078680 0.050549
0.168978 0.153994 0.086282 0.050161
0.059947 0.706814 0.079569 0.054245
0.512955 0.869528 0.082311 0.050956
0.061897 0.865480 0.066930 0.049265
0.831947 0.637587 0.076058 0.047482
0.932732 0.178247 0.073700 0.049371
0.392305 0.453786 0.092727 0.053843
0.507443 0.103394 0.096436 0.048350
0.062906 0.761509 0.095384 0.049234
0.175895 0.714690 0.080910 0.053946
0.614554 0.837837 0.076885 0.049016
0.059538 0.108424 0.094439 0.044945
0.165749 0.203904 0.083978 0.041530
0.178924 0.968517 0.082422 0.044447
0.057531 0.917258 0.087764 0.048000
0.830031 0.357554 0.081843 0.043094
0.282785 0.535181 0.081697 0.039036
0.726131 0.054186 0.087465 0.055595
0.165877 0.769301 0.072483 0.051724
0.730086 0.678810 0.076924 0.042919
0.619493 0.264575 0.084927 0.043849
0.832722 0.692299 0.074471 0.050817
0.060447 0.164901 0.077316 0.054873
0.830178 0.461451 0.082413 0.046690
0.726475 0.537438 0.084504 0.047466
0.621138 0.782869 0.078770 0.046784
0.501718 0.591747 0.096117 0.045976
0.504816 0.812954 0.072797 0.052355
0.173930 0.922013 0.093668 0.041957
0.067630 0.967330 0.088274 0.047002
0.285929 0.848618 0.079585 0.051120
0.060920 0.499101 0.070662 0.047507
0.616407 0.677900 0.077354 0.048337
0.831851 0.159739 0.064952 0.046821
0.170964 0.876331 0.081684 0.043852
0.169145 0.660050 0.064259 0.046632
0.937612 0.906029 0.078164 0.039504
0.167965 0.403586 0.076186 0.048410
0.729365 0.488006 0.081874 0.046667
0.507809 0.379372 0.086500 0.051364
0.617871 0.514160 0.082055 0.053042
0.620245 0.217333 0.072259 0.048295
0.620821 0.730769 0.074424 0.048028
0.060437 0.394366 0.087525 0.040404
0.397705 0.509686 0.079787 0.048845
0.828600 0.943817 0.080570 0.051795
0.614173 0.932749 0.061993 0.037517
0.055267 0.282547 0.085035 0.052224
0.941952 0.860031 0.076643 0.047315
0.505551 0.488280 0.079139 0.043223
0.283144 0.226156 0.090374 0.048417
0.397508 0.396822 0.067546 0.045884
0.501934 0.704597 0.085660 0.051690
0.061175 0.654844 0.067903 0.049466
0.278903 0.124729 0.087950 0.051149
0.941257 0.661334 0.082628 0.043585
0.727355 0.731289 0.061822 0.048779
0.835883 0.893009 0.082327 0.040736
0.504562 0.433703 0.082125 0.050102
0.281375 0.635576 0.089731 0.039729
0.723044 0.433212 0.075024 0.051743
0.722715 0.323221 0.085863 0.050398
0.733220 0.585765 0.079374 0.041937
0.506159 0.539919 0.072910 0.048783
0.509500 0.646750 0.083813 0.052402
0.398012 0.834162 0.075849 0.049587
0.939472 0.323761 0.070062 0.046277
0.940946 0.757346 0.084226 0.042836
0.936492 0.375407 0.078541 0.045150
0.061664 0.814220 0.069007 0.047470
0.394023 0.291125 0.081498 0.045482
0.948752 0.553932 0.078980 0.047667
0.389811 0.782273 0.077085 0.046422
0.830747 0.409151 0.072668 0.050922
0.394148 0.342165 0.066406 0.045008
0.281889 0.933755 0.069385 0.033234
0.508439 0.759992 0.080591 0.046094
0.062423 0.548321 0.065623 0.044937
0.614011 0.156591 0.077614 0.057595
0.171033 0.457217 0.087831 0.053122
0.283421 0.064468 0.084819 0.061324
0.512299 0.210613 0.074059 0.050369
0.504384 0.055203 0.087110 0.042906
0.938486 0.609819 0.070970 0.052472
0.169220 0.106181 0.063289 0.037613
0.720441 0.892837 0.065464 0.042315
0.624736 0.624838 0.080400 0.051289
0.831718 0.051026 0.080038 0.047040
0.724837 0.110958 0.076433 0.050569
0.513879 0.268636 0.071251 0.053089
0.056956 0.057360 0.080056 0.046588
0.508259 0.961480 0.079090 0.029890
0.389545 0.734184 0.072032 0.041692
0.278220 0.584619 0.076480 0.045943
0.280565 0.281003 0.069328 0.054409
0.836604 0.738680 0.072985 0.035505
0.396250 0.603719 0.077765 0.036541
0.178011 0.509987 0.069249 0.043710
0.281571 0.743505 0.067318 0.052671
0.940151 0.425595 0.081716 0.040504
0.391153 0.685700 0.076269 0.042126
0.831553 0.104222 0.069071 0.053492
0.284449 0.895682 0.068783 0.038603
0.172397 0.560918 0.081734 0.047496
0.167682 0.057925 0.073880 0.050689
0.062617 0.446803 0.063826 0.049505
0.938747 0.950934 0.089039 0.037244
0.177766 0.351414 0.081174 0.045274
0.398098 0.235790 0.080485 0.058035
0.395791 0.107019 0.070355 0.042557
0.723518 0.838090 0.082568 0.051945
0.612286 0.098132 0.069348 0.050071
0.281032 0.331335 0.072742 0.041182
0.391035 0.057705 0.072090 0.045948
0.400087 0.885688 0.062347 0.048722
0.827518 0.577488 0.062446 0.053938
0.835886 0.253792 0.066401 0.037440
0.617010 0.316193 0.070849 0.047323
0.170357 0.609211 0.057821 0.046022
0.395870 0.560192 0.065275 0.036069
0.947567 0.807050 0.082220 0.044832
0.725412 0.165952 0.069919 0.049442
0.732173 0.632365 0.074172 0.038313
0.614846 0.416442 0.069788 0.045772
0.830548 0.210042 0.054958 0.042302
0.282348 0.432886 0.069322 0.042205
0.287545 0.688506 0.060286 0.051205
0.168719 0.298718 0.062345 0.044116
0.833669 0.783875 0.069821 0.047655
0.284993 0.793754 0.064390 0.043383
0.284111 0.379594 0.059552 0.044203
0.514897 0.320870 0.067822 0.044795
0.621708 0.966221 0.076135 0.030542
0.937981 0.122322 0.084829 0.057025
0.619859 0.571400 0.057484 0.053297
0.827064 0.843204 0.062298 0.051023
0.730613 0.949265 0.104741 0.063654
0.172215 0.824077 0.060102 0.052939
0.729794 0.273494 0.074229 0.038563
0.944311 0.503208 0.068644 0.033284
0.934737 0.046146 0.076520 0.046846
0.940679 0.711122 0.044673 0.043506
0.393053 0.166561 0.072712 0.058967
0.615737 0.368680 0.057694 0.045227
0.055209 0.225327 0.079178 0.058172
0.290977 0.968326 0.094403 0.036361
0.277176 0.482974 0.083799 0.051275
0.284464 0.176334 0.062201 0.047420
0.938367 0.226276 0.049105 0.041893
0.396285 0.932592 0.068429 0.039425
0.173605 0.250332 0.085845 0.040110
0.623102 0.463096 0.076647 0.034328
0.396872 0.642419 0.052913 0.029416
0.621544 0.050007 0.068218 0.040785
0.943415 0.464479 0.053545 0.032695
0.397230 0.963422 0.095851 0.032245
