0.814459 0.278970 0.068895 0.037508
0.714362 0.318381 0.073194 0.041941
0.279572 0.327828 0.070078 0.044906
0.391265 0.622000 0.062423 0.040436
0.499871 0.295370 0.070185 0.041195
0.502669 0.370816 0.070051 0.039438
0.714499 0.128854 0.078422 0.037993
0.819305 0.103303 0.073593 0.037176
0.388428 0.266441 0.062984 0.040706
0.600119 0.171969 0.071905 0.037930
0.715902 0.919748 0.064878 0.037175
0.931699 0.371772 0.073785 0.041191
0.932040 0.330642 0.066807 0.037731
0.817682 0.063682 0.076979 0.039322
0.818961 0.320273 0.075635 0.040178
0.393294 0.703898 0.061854 0.037996
0.612281 0.089753 0.075747 0.040487
0.816837 0.398383 0.061005 0.042545
0.165527 0.493038 0.072834 0.039594
0.281119 0.198965 0.069563 0.035376
0.497971 0.253110 0.061386 0.043091
0.819638 0.444811 0.074078 0.042836
0.282724 0.278424 0.076464 0.046470
0.504713 0.118426 0.078537 0.039531
0.935675 0.737395 0.066789 0.036738
0.715820 0.200627 0.059031 0.041062
0.390651 0.664276 0.068990 0.039185
0.931874 0.445324 0.071662 0.042930
0.276911 0.373639 0.062405 0.040318
0.813430 0.489219 0.078147 0.041433
0.384499 0.223653 0.068252 0.041536
0.164764 0.535662 0.059194 0.042268
0.395202 0.428429 0.076164 0.039544
0.928904 0.491619 0.067269 0.043829
0.501927 0.077315 0.068922 0.038650
0.388397 0.350789 0.073705 0.037559
0.816891 0.182666 0.062984 0.038224
0.050748 0.176427 0.065666 0.050215
0.819025 0.886631 0.071659 0.041870
0.284554 0.153967 0.063469 0.043917
0.814828 0.683382 0.071397 0.037761
0.499096 0.333474 0.071210 0.033363
0.165311 0.289517 0.056246 0.039645
0.390446 0.028659 0.068895 0.044204
0.815853 0.764326 0.080749 0.039660
0.603808 0.296655 0.065555 0.035637
0.818044 0.141674 0.068661 0.038396
0.711129 0.057556 0.067333 0.036105
0.607928 0.458774 0.068841 0.041501
0.714245 0.395235 0.059520 0.041286
0.929452 0.779099 0.073399 0.043492
0.720741 0.626393 0.077028 0.035412
0.498411 0.519321 0.075822 0.040313
0.720017 0.664583 0.062064 0.038919
0.931348 0.695086 0.071419 0.045521
0.605378 0.887559 0.074262 0.033140
0.817880 0.607738 0.073948 0.040610
0.819468 0.804711 0.067943 0.037748
0.162268 0.576420 0.068675 0.037023
0.282543 0.534944 0.076327 0.036373
0.605499 0.374367 0.068259 0.041912
0.279189 0.493851 0.066733 0.042210
0.496920 0.708051 0.071629 0.042326
0.719389 0.584352 0.070741 0.046692
0.711820 0.485107 0.074073 0.042649
0.384185 0.180411 0.069550 0.040971
0.717774 0.798714 0.081951 0.040927
0.927814 0.210832 0.073100 0.040487
0.715440 0.275157 0.074596 0.040607
0.273360 0.953204 0.063401 0.046923
0.158488 0.103875 0.066389 0.034294
0.491959 0.914052 0.059105 0.048378
0.163317 0.375599 0.058928 0.044624
0.277500 0.575854 0.066796 0.037403
0.277174 0.071305 0.070782 0.049527
0.492592 0.796807 0.062732 0.038665
0.821294 0.929587 0.078978 0.039954
0.164351 0.140939 0.077091 0.038475
0.386848 0.143937 0.062729 0.030800
0.053530 0.458318 0.069620 0.037132
0.715381 0.439574 0.064123 0.044068
0.718372 0.705299 0.076454 0.040161
0.497534 0.211660 0.067806 0.037738
0.929982 0.861435 0.064122 0.044223
0.602124 0.820894 0.075040 0.038150
0.496435 0.445060 0.076706 0.040128
0.928516 0.612362 0.074827 0.040238
0.928093 0.291114 0.061958 0.039691
0.718857 0.091191 0.065418 0.033520
0.164972 0.331055 0.056676 0.041767
0.051364 0.305855 0.051649 0.038309
0.050487 0.349259 0.047854 0.040723
0.818097 0.565940 0.066297 0.038976
0.710405 0.020188 0.069447 0.032778
0.613155 0.416706 0.077989 0.042458
0.274762 0.670824 0.061531 0.038069
0.279893 0.238115 0.074221 0.032451
0.388946 0.807459 0.076455 0.041347
0.394179 0.507282 0.080762 0.041710
0.508508 0.030440 0.072878 0.050130
0.053567 0.392599 0.068574 0.042209
0.051622 0.222327 0.059117 0.039180
0.717631 0.533290 0.067103 0.052593
0.497289 0.559942 0.076360 0.037252
0.812217 0.527034 0.071958 0.034633
0.390368 0.548980 0.081840 0.040403
0.933690 0.252231 0.065772 0.036011
0.813501 0.022216 0.060635 0.034904
0.387294 0.387882 0.067139 0.037780
0.609120 0.711349 0.063996 0.048554
0.819504 0.845407 0.072896 0.037130
0.712235 0.751085 0.064808 0.049033
0.497338 0.407331 0.069629 0.029546
0.612008 0.542641 0.082745 0.038346
0.493987 0.959099 0.072308 0.042934
0.818520 0.242671 0.065184 0.033087
0.161968 0.219481 0.063328 0.030931
0.162443 0.252552 0.075419 0.030169
0.400262 0.467222 0.070769 0.032601
0.931601 0.408770 0.065232 0.027462
0.393446 0.309209 0.054824 0.040041
0.389422 0.770281 0.065268 0.031205
0.815099 0.646168 0.062503 0.034277
0.822056 0.357945 0.059303 0.030844
0.932747 0.100906 0.065889 0.038886
0.930074 0.951297 0.062793 0.045978
0.158417 0.069647 0.081534 0.032691
0.611072 0.130912 0.085213 0.040910
0.275279 0.415328 0.067915 0.039632
0.164008 0.418414 0.062498 0.033844
0.387869 0.883719 0.071360 0.034699
0.713760 0.880028 0.055541 0.033280
0.606796 0.336146 0.055690 0.037364
0.168148 0.180827 0.055763 0.042194
0.934411 0.819945 0.067994 0.032657
0.277815 0.113628 0.066587 0.032093
0.164472 0.612390 0.065635 0.031082
0.602483 0.923623 0.067024 0.034426
0.607018 0.256959 0.064764 0.041996
0.167032 0.454116 0.060628 0.031759
0.604887 0.214024 0.075916 0.037732
0.604902 0.853776 0.064726 0.028119
0.715009 0.355338 0.051816 0.032139
0.926782 0.063163 0.061247 0.031376
0.161329 0.028894 0.060959 0.044050
0.809772 0.722929 0.059922 0.039341
0.610412 0.629598 0.067169 0.039934
0.607884 0.753606 0.068328 0.037470
0.401014 0.964284 0.075487 0.040126
0.931984 0.905597 0.056792 0.040854
0.395095 0.923159 0.068163 0.040814
0.279399 0.782973 0.055218 0.035621
0.606717 0.667524 0.066004 0.034598
0.054970 0.124544 0.058441 0.048879
0.711827 0.238524 0.061864 0.032313
0.935761 0.168147 0.062237 0.038863
0.821004 0.971099 0.061817 0.042591
0.720885 0.959517 0.067827 0.039369
0.274986 0.748603 0.047901 0.030716
0.489633 0.837946 0.060112 0.037073
0.614044 0.501919 0.066479 0.043154
0.710123 0.843318 0.057625 0.038044
0.498462 0.752784 0.058088 0.048139
0.611821 0.051051 0.061047 0.031739
0.927521 0.567550 0.060261 0.045896
0.928318 0.650645 0.063830 0.034470
0.814999 0.213868 0.067633 0.025126
0.394825 0.739460 0.064940 0.029119
0.388974 0.584323 0.069933 0.031584
0.053046 0.499567 0.055757 0.038743
0.607457 0.585959 0.056276 0.046347
0.281865 0.453656 0.055401 0.034637
0.495303 0.667474 0.069143 0.036106
0.050492 0.264524 0.048154 0.036677
0.499105 0.480517 0.064526 0.031626
0.269350 0.877313 0.058401 0.042671
0.715628 0.163023 0.075089 0.030708
0.933266 0.133364 0.068417 0.026434
0.377600 0.106035 0.059538 0.046700
0.501026 0.632432 0.056579 0.040052
0.496527 0.594349 0.056231 0.037352
0.275090 0.709772 0.048049 0.040447
0.268323 0.912878 0.058708 0.031916
0.388859 0.066506 0.064838 0.025458
0.602771 0.787232 0.064209 0.025400
0.499065 0.179977 0.052631 0.023212
0.927868 0.531527 0.065644 0.032972
0.605380 0.959774 0.068531 0.040493
0.499893 0.872961 0.076022 0.032286
0.397291 0.847005 0.073513 0.038934
0.055304 0.074439 0.065244 0.044583
0.271944 0.830496 0.057385 0.050686
0.608219 0.020525 0.074572 0.028404
0.501486 0.154370 0.054897 0.029720
0.167059 0.650051 0.061247 0.042607
0.276490 0.624422 0.062844 0.050027
0.921894 0.025165 0.057816 0.040039
0.052499 0.427242 0.050084 0.020185
0.268814 0.025353 0.068578 0.035286
