0.409779 0.229164 0.061721 0.039459
0.889251 0.184182 0.052194 0.031593
0.798792 0.382694 0.053745 0.033470
0.332161 0.638324 0.063903 0.040818
0.890396 0.336065 0.056597 0.040012
0.791141 0.127680 0.051837 0.030891
0.525192 0.869353 0.059383 0.039013
0.689261 0.255780 0.062525 0.037184
0.139008 0.756819 0.058792 0.033096
0.235484 0.372378 0.061141 0.029751
0.320955 0.437016 0.057536 0.035113
0.695491 0.294462 0.055916 0.030119
0.893936 0.411625 0.053961 0.041761
0.612261 0.554109 0.054597 0.031402
0.695132 0.215464 0.057620 0.034629
0.618147 0.708151 0.053380 0.032084
0.707425 0.757661 0.055626 0.029986
0.418742 0.435601 0.051852 0.035812
0.705626 0.638172 0.052128 0.033241
0.903259 0.821555 0.060780 0.033060
0.507632 0.338231 0.054254 0.036383
0.128344 0.179993 0.056854 0.037342
0.618699 0.844477 0.046901 0.030437
0.804243 0.768643 0.056492 0.033979
0.792243 0.162600 0.054023 0.029543
0.322826 0.522752 0.048888 0.037459
0.887079 0.223083 0.063672 0.036371
0.434068 0.713563 0.058445 0.039202
0.805505 0.804173 0.049632 0.024459
0.900146 0.555950 0.055296 0.031981
0.618405 0.804052 0.053013 0.036176
0.505774 0.189921 0.045387 0.034744
0.232435 0.331096 0.061421 0.038949
0.807832 0.834054 0.057824 0.028129
0.504505 0.154710 0.053741 0.029081
0.243375 0.695000 0.057243 0.030841
0.235601 0.773580 0.060448 0.036994
0.414047 0.395068 0.060274 0.038138
0.898269 0.659646 0.060066 0.026477
0.324276 0.567094 0.053764 0.037533
0.620073 0.879387 0.052659 0.029125
0.904477 0.858256 0.052166 0.031880
0.514789 0.438725 0.048845 0.031082
0.239394 0.859149 0.056938 0.029275
0.693424 0.180842 0.054342 0.029097
0.319978 0.127070 0.049845 0.039513
0.900596 0.519439 0.057985 0.033114
0.145254 0.477759 0.056843 0.041496
0.898486 0.452467 0.057757 0.030745
0.899126 0.694458 0.048721 0.031164
0.516457 0.515203 0.054320 0.031529
0.794618 0.195951 0.047761 0.028561
0.144094 0.645809 0.053551 0.037252
0.512298 0.477414 0.048969 0.038733
0.502266 0.119561 0.048030 0.030718
0.899695 0.734829 0.048835 0.038025
0.700927 0.472569 0.051114 0.032280
0.601018 0.378658 0.057828 0.036259
0.802279 0.451645 0.055056 0.027588
0.707340 0.678150 0.044753 0.036505
0.509192 0.374852 0.052995 0.031308
0.418372 0.309009 0.059384 0.039532
0.337818 0.878248 0.053349 0.033485
0.508520 0.296314 0.050892 0.038765
0.236778 0.572399 0.052804 0.043132
0.240982 0.618650 0.053683 0.041215
0.238633 0.891512 0.055814 0.031786
0.797038 0.231195 0.049301 0.032075
0.612022 0.626002 0.053432 0.034437
0.599790 0.189034 0.051116 0.035791
0.419446 0.472411 0.049658 0.028439
0.235709 0.527799 0.054187 0.033056
0.705837 0.573177 0.058602 0.025253
0.802355 0.708451 0.053368 0.027387
0.521489 0.558270 0.054399 0.044094
0.340413 0.912686 0.062885 0.031134
0.690045 0.151704 0.046307 0.024592
0.800963 0.518200 0.049025 0.031270
0.613283 0.669069 0.048055 0.034659
0.416979 0.269063 0.061895 0.031412
0.795207 0.290789 0.058637 0.027670
0.323331 0.230267 0.060874 0.036019
0.145051 0.604595 0.050472 0.033650
0.697888 0.363474 0.049241 0.038422
0.316818 0.320924 0.053436 0.041023
0.239580 0.817227 0.058057 0.039667
0.325014 0.481526 0.050411 0.040427
0.797500 0.349000 0.044762 0.030623
0.400976 0.090704 0.053806 0.030658
0.428636 0.632359 0.051164 0.040784
0.709074 0.830947 0.040863 0.038524
0.238466 0.409118 0.055708 0.035025
0.143483 0.522340 0.058922 0.043757
0.889958 0.151748 0.049486 0.025007
0.711250 0.873717 0.052196 0.032260
0.701022 0.401087 0.048677 0.030130
0.803307 0.867278 0.051437 0.025516
0.424494 0.589767 0.048405 0.034175
0.425026 0.551300 0.057302 0.032102
0.323845 0.398672 0.050344 0.034666
0.141417 0.429922 0.048715 0.039433
0.438835 0.863709 0.055734 0.033095
0.700462 0.436709 0.049499 0.028199
0.799908 0.419404 0.055805 0.025201
0.618572 0.766882 0.049913 0.028373
0.901442 0.625199 0.055849 0.028524
0.141734 0.387717 0.053173 0.041555
0.799963 0.484920 0.046648 0.027040
0.698317 0.326034 0.058536 0.026924
0.141844 0.790887 0.060434 0.026686
0.895175 0.294377 0.045363 0.035742
0.508246 0.260083 0.050505 0.027802
0.894456 0.374887 0.049714 0.025470
0.129276 0.240279 0.053207 0.026922
0.409329 0.187031 0.044949 0.036080
0.524414 0.734143 0.050847 0.040946
0.127082 0.144906 0.046408 0.030670
0.691076 0.122909 0.046171 0.023389
0.686026 0.089951 0.053735 0.033771
0.223339 0.236330 0.055557 0.033859
0.708661 0.602508 0.055395 0.023635
0.614077 0.480564 0.056679 0.029413
0.129400 0.274274 0.048919 0.030717
0.519418 0.685657 0.052760 0.046447
0.427069 0.672351 0.045066 0.036397
0.319543 0.164716 0.048569 0.028370
0.421386 0.511872 0.049501 0.037919
0.805247 0.645104 0.048613 0.036177
0.598676 0.154546 0.042902 0.026186
0.237189 0.452105 0.050983 0.036141
0.804713 0.609708 0.043818 0.026964
0.438707 0.902852 0.045517 0.037880
0.225493 0.168339 0.050828 0.035773
0.615971 0.587838 0.059425 0.027708
0.144393 0.861395 0.055313 0.032549
0.607579 0.413770 0.059822 0.024763
0.332962 0.683082 0.053188 0.037466
0.893420 0.089799 0.055680 0.032872
0.127695 0.212408 0.057343 0.023427
0.606502 0.295643 0.047249 0.033524
0.599595 0.119208 0.039748 0.033326
0.316491 0.090102 0.052746 0.028698
0.527221 0.827198 0.049097 0.043933
0.706778 0.793208 0.045129 0.027474
0.245475 0.659702 0.053156 0.031024
0.319550 0.274227 0.047739 0.041009
0.708211 0.507393 0.057159 0.024139
0.794680 0.261242 0.055959 0.022026
0.435794 0.752753 0.048267 0.033887
0.322199 0.359904 0.055598 0.036592
0.218995 0.201965 0.059157 0.031127
0.904512 0.898703 0.051922 0.035720
0.122754 0.090320 0.049467 0.024962
0.800801 0.552403 0.061109 0.023846
0.521815 0.639221 0.043779 0.035544
0.608299 0.337785 0.047227 0.037015
0.130899 0.312832 0.046574 0.038074
0.506700 0.229156 0.041820 0.028757
0.407589 0.153271 0.049082 0.022506
0.601669 0.225277 0.058955 0.024413
0.338155 0.835853 0.067066 0.038953
0.605326 0.258604 0.044866 0.032196
0.885158 0.123690 0.047201 0.025538
0.709173 0.539383 0.046231 0.032022
0.525076 0.777978 0.046730 0.041120
0.788360 0.088587 0.049545 0.035699
0.522798 0.600622 0.048276 0.033012
0.334172 0.719793 0.048114 0.030132
0.609512 0.516035 0.042873 0.032359
0.808449 0.678374 0.049491 0.021762
0.320963 0.196363 0.053184 0.024324
0.235485 0.492069 0.052339 0.031812
0.343671 0.790395 0.061059 0.042780
0.126272 0.115949 0.051342 0.022324
0.224251 0.131286 0.053304 0.035683
0.236998 0.734842 0.041376 0.035045
0.708767 0.718591 0.043284 0.037420
0.416843 0.351816 0.039900 0.035956
0.745281 0.427366 0.036296 0.031364
0.900793 0.780591 0.041158 0.041952
0.408083 0.125774 0.049367 0.026469
0.144246 0.681671 0.041417 0.032013
0.143463 0.717733 0.044935 0.030587
0.803327 0.735939 0.042344 0.020614
0.229493 0.282095 0.053282 0.048334
0.894336 0.258387 0.040738 0.025624
0.142305 0.564155 0.049340 0.037135
0.510447 0.405146 0.046802 0.023992
0.245832 0.921231 0.060425 0.028369
0.900790 0.590747 0.038128 0.029119
0.610203 0.446068 0.037753 0.030316
0.141575 0.821943 0.040474 0.028808
0.501908 0.087434 0.045703 0.028702
0.142655 0.919434 0.050483 0.025737
0.805322 0.900143 0.064406 0.032756
0.440930 0.824184 0.048522 0.034896
0.710877 0.903874 0.042670 0.023801
0.898062 0.486102 0.043264 0.021873
0.531524 0.906309 0.042753 0.027893
0.142766 0.893519 0.037533 0.024556
0.746124 0.397859 0.040318 0.022955
0.597448 0.085430 0.041363 0.023966
0.623106 0.911555 0.043602 0.026283
0.447305 0.786905 0.074794 0.032064
0.799530 0.580449 0.047255 0.020296
0.330639 0.751497 0.049272 0.022727
0.800756 0.319450 0.053833 0.020713
0.133652 0.349414 0.054581 0.026807
0.617731 0.737683 0.039787 0.021991
0.222648 0.090431 0.044840 0.029985
0.741591 0.366224 0.032260 0.028796
0.326457 0.600695 0.044284 0.019560
