0.714798 0.161206 0.063367 0.035597
0.704280 0.819525 0.057461 0.039266
0.497430 0.408445 0.068063 0.043486
0.276182 0.569376 0.059303 0.039452
0.816793 0.674426 0.063584 0.038743
0.822013 0.782302 0.065184 0.034407
0.815029 0.818552 0.063649 0.036348
0.714357 0.917624 0.068284 0.035438
0.705842 0.780335 0.057662 0.035078
0.820036 0.630861 0.074485 0.044023
0.937509 0.707646 0.063120 0.044022
0.383090 0.467846 0.072394 0.041960
0.493843 0.760176 0.063632 0.032368
0.930768 0.848545 0.069088 0.036660
0.389462 0.243883 0.060920 0.035603
0.171383 0.433689 0.058378 0.040168
0.490194 0.722102 0.068144 0.038605
0.381034 0.777571 0.060159 0.042637
0.268246 0.670677 0.064363 0.042230
0.170071 0.087157 0.060706 0.032396
0.164930 0.563167 0.072718 0.041004
0.388587 0.396038 0.060330 0.033681
0.054415 0.185845 0.058164 0.038342
0.384491 0.169939 0.058563 0.041451
0.601691 0.651603 0.054755 0.034389
0.605478 0.689881 0.058523 0.037310
0.169470 0.672144 0.055795 0.039160
0.056646 0.708350 0.057583 0.037009
0.496339 0.682897 0.060795 0.035037
0.600977 0.772358 0.059793 0.028090
0.718323 0.377642 0.061660 0.037391
0.716885 0.268526 0.062036 0.036130
0.059116 0.073499 0.068272 0.046784
0.609130 0.216207 0.057555 0.032597
0.934929 0.785861 0.064381 0.033879
0.500988 0.491606 0.059314 0.032277
0.713845 0.124296 0.061583 0.034420
0.937958 0.883076 0.052214 0.030127
0.935792 0.343581 0.051965 0.036167
0.276906 0.491134 0.054251 0.038098
0.821162 0.747347 0.057806 0.032890
0.275698 0.530076 0.047577 0.035022
0.279999 0.097329 0.068080 0.039425
0.385844 0.282522 0.052594 0.038837
0.384912 0.508606 0.052728 0.038460
0.169523 0.156022 0.053558 0.039192
0.496337 0.645864 0.056108 0.039909
0.499477 0.365632 0.060640 0.039713
0.710215 0.742714 0.055880 0.040691
0.590967 0.889060 0.054450 0.034057
0.704556 0.855117 0.052347 0.031096
0.381358 0.739106 0.055373 0.032878
0.720917 0.340011 0.066287 0.037853
0.381949 0.887046 0.069798 0.041588
0.157861 0.234362 0.070514 0.040906
0.059264 0.223862 0.048040 0.036656
0.170441 0.476190 0.054624 0.038350
0.274506 0.412242 0.061031 0.034068
0.826009 0.712585 0.054510 0.034894
0.497339 0.452673 0.053526 0.038902
0.709645 0.672717 0.052216 0.036383
0.056552 0.409216 0.056377 0.042222
0.823292 0.591994 0.059102 0.035077
0.829955 0.958994 0.062501 0.033188
0.499170 0.605363 0.057934 0.037084
0.272033 0.295496 0.075686 0.047913
0.055444 0.824820 0.060545 0.030068
0.163102 0.603356 0.071056 0.037298
0.819548 0.217700 0.066053 0.043321
0.486711 0.914771 0.058380 0.034743
0.168941 0.809379 0.059140 0.043208
0.714339 0.534666 0.053049 0.041323
0.609841 0.294449 0.050676 0.034992
0.608568 0.331678 0.056499 0.032696
0.937358 0.193932 0.074780 0.040565
0.167708 0.194316 0.065082 0.036569
0.615114 0.369325 0.066954 0.031166
0.826257 0.886342 0.080068 0.036559
0.941161 0.621374 0.059031 0.044417
0.825401 0.855133 0.072699 0.029433
0.164423 0.889974 0.065446 0.029659
0.823767 0.923126 0.070107 0.038011
0.277841 0.878401 0.057950 0.035575
0.274080 0.710027 0.058991 0.035495
0.174179 0.390605 0.054346 0.040447
0.503221 0.294271 0.050571 0.037412
0.936687 0.663293 0.059705 0.039782
0.606740 0.253607 0.057082 0.039722
0.710030 0.706114 0.052916 0.031906
0.499323 0.567369 0.059661 0.038898
0.601156 0.732578 0.057624 0.047049
0.501724 0.328997 0.048222 0.030989
0.716317 0.231404 0.054038 0.037553
0.166400 0.922480 0.057071 0.035374
0.937137 0.307442 0.053289 0.034585
0.164761 0.851963 0.070304 0.040582
0.065241 0.362417 0.069826 0.043762
0.591724 0.922618 0.055091 0.032503
0.059959 0.855513 0.066274 0.028933
0.932418 0.381502 0.048659 0.035233
0.384766 0.323689 0.057209 0.041502
0.387838 0.131854 0.052980 0.032051
0.166675 0.518622 0.053576 0.045046
0.940086 0.151242 0.074525 0.040700
0.488452 0.876156 0.055984 0.041466
0.712115 0.454031 0.059942 0.039223
0.940096 0.072734 0.055675 0.038022
0.276582 0.608174 0.063914 0.030136
0.164787 0.309433 0.083608 0.043172
0.278411 0.451173 0.051313 0.038722
0.821301 0.258821 0.053738 0.036595
0.061674 0.317356 0.057957 0.040625
0.717132 0.194876 0.057869 0.030259
0.599738 0.810086 0.065739 0.039978
0.384538 0.610208 0.056402 0.034907
0.712425 0.571378 0.044004 0.030466
0.716105 0.415626 0.051031 0.037303
0.502764 0.189561 0.060292 0.041057
0.163408 0.957546 0.054472 0.035674
0.061222 0.448977 0.052544 0.033794
0.063875 0.513673 0.057943 0.035823
0.387835 0.209668 0.044256 0.034828
0.941361 0.914392 0.059117 0.034074
0.380853 0.845915 0.057147 0.037130
0.707459 0.959645 0.059757 0.044048
0.608822 0.404665 0.055747 0.035008
0.385978 0.361153 0.051132 0.033493
0.063968 0.027093 0.059958 0.039885
0.060261 0.787502 0.055812 0.038735
0.602447 0.518854 0.049619 0.028393
0.708059 0.885908 0.061576 0.027215
0.714166 0.601215 0.059311 0.030698
0.378193 0.698654 0.060836 0.042581
0.284799 0.058422 0.056367 0.038924
0.495039 0.529066 0.082751 0.037794
0.604449 0.481682 0.051972 0.042955
0.490382 0.835949 0.054117 0.037558
0.505919 0.228768 0.060393 0.029498
0.282512 0.222630 0.056059 0.041071
0.281302 0.022874 0.058803 0.034258
0.825529 0.296086 0.053500 0.035935
0.285951 0.180532 0.057575 0.040469
0.491916 0.796982 0.063395 0.041595
0.824852 0.335826 0.067187 0.043135
0.285569 0.140413 0.055665 0.042318
0.063645 0.558147 0.060351 0.044566
0.157423 0.769098 0.070341 0.038845
0.273995 0.813144 0.052711 0.032925
0.171041 0.055846 0.052254 0.029414
0.168538 0.636209 0.070723 0.028929
0.940855 0.950585 0.050257 0.038682
0.932015 0.415169 0.054735 0.033202
0.171603 0.348453 0.050791 0.039802
0.053268 0.671428 0.047266 0.037921
0.828076 0.106855 0.058243 0.047336
0.387592 0.061365 0.051786 0.037959
0.819282 0.148360 0.064220 0.032845
0.385513 0.543510 0.051985 0.027848
0.061193 0.886530 0.051208 0.032688
0.820403 0.521848 0.061394 0.033183
0.168434 0.271044 0.060119 0.031589
0.503158 0.150136 0.055681 0.036902
0.600286 0.584213 0.050571 0.029726
0.168763 0.024115 0.054482 0.033935
0.939040 0.750824 0.053653 0.035543
0.614510 0.066934 0.068590 0.045510
0.169694 0.120914 0.046419 0.029677
0.602579 0.616530 0.046054 0.034523
0.936933 0.111779 0.060050 0.035241
0.822878 0.555820 0.050687 0.037039
0.715141 0.493686 0.047325 0.036692
0.061360 0.746963 0.045755 0.040568
0.264429 0.748376 0.079014 0.043032
0.596696 0.850218 0.068508 0.039175
0.378830 0.813594 0.054320 0.032382
0.384586 0.426902 0.053869 0.031145
0.711850 0.024597 0.058904 0.039465
0.816923 0.062161 0.052955 0.038565
0.278387 0.845106 0.051742 0.029959
0.710452 0.634818 0.044380 0.036316
0.819817 0.409534 0.057738 0.040630
0.938308 0.267007 0.050907 0.045630
0.712755 0.062682 0.048949 0.035070
0.715766 0.302299 0.044779 0.032747
0.063799 0.481450 0.052681 0.028001
0.383214 0.576551 0.057156 0.036711
0.387965 0.098915 0.057196 0.032644
0.483879 0.947241 0.051671 0.031713
0.938655 0.817017 0.058311 0.028064
0.388258 0.932167 0.055817 0.048991
0.275854 0.339826 0.046859 0.034905
0.938118 0.033336 0.051363 0.039145
0.060634 0.600428 0.045083 0.035296
0.499257 0.258375 0.049312 0.032615
0.505848 0.072489 0.057910 0.041823
0.057874 0.636516 0.042926 0.033522
0.820177 0.372893 0.047170 0.033447
0.063420 0.917711 0.044337 0.030768
0.276293 0.257541 0.077686 0.029583
0.393095 0.971286 0.059652 0.027644
0.931881 0.581954 0.067744 0.036982
0.822760 0.446304 0.062971 0.033848
0.606673 0.438533 0.048313 0.035690
0.504442 0.112119 0.043558 0.038236
0.817984 0.025548 0.051087 0.039036
0.064741 0.955528 0.043814 0.041031
0.497917 0.030015 0.055256 0.045024
0.597911 0.549682 0.042150 0.032804
0.596172 0.960001 0.067628 0.043472
0.819585 0.180032 0.057168 0.034913
0.274406 0.782899 0.045930 0.026029
0.384008 0.651221 0.052192 0.043924
0.607186 0.109595 0.047153 0.035803
0.713352 0.093361 0.045393 0.032367
0.611137 0.025056 0.065479 0.038881
0.280623 0.945459 0.066518 0.052642
0.940851 0.518133 0.052873 0.041566
0.822141 0.485043 0.055236 0.041723
0.613008 0.179704 0.055497 0.037953
0.163892 0.716010 0.063501 0.047577
0.937506 0.488014 0.059920 0.030916
0.606466 0.144591 0.041872 0.030868
0.938772 0.229516 0.049396 0.029027
0.060624 0.268607 0.044678 0.050130
0.276824 0.635036 0.053395 0.024872
0.061233 0.118589 0.056087 0.040128
0.937536 0.451400 0.055870 0.040839
0.386867 0.023156 0.048058 0.038071
0.480663 0.977276 0.047430 0.031029
0.277168 0.908437 0.045636 0.021683
0.272584 0.375602 0.047573 0.037070
0.935685 0.550705 0.060769 0.027836
0.056404 0.148283 0.073287 0.029406
