0.708880 0.296077 0.060498 0.037458
0.491200 0.235834 0.059690 0.040424
0.700621 0.877477 0.069363 0.042400
0.938042 0.246424 0.060826 0.036035
0.076704 0.256985 0.058377 0.039422
0.822216 0.319929 0.059692 0.043189
0.821316 0.277362 0.058785 0.039680
0.935797 0.715097 0.058363 0.038578
0.706627 0.833036 0.067215 0.040440
0.822949 0.774443 0.054201 0.035144
0.822582 0.188361 0.068358 0.039526
0.706065 0.920872 0.053020 0.038729
0.707031 0.492015 0.058673 0.048067
0.070255 0.217169 0.056424 0.036617
0.599427 0.209779 0.054393 0.040406
0.939337 0.972074 0.056593 0.035341
0.933702 0.561842 0.054258 0.037835
0.821237 0.813126 0.055884 0.039439
0.495550 0.368494 0.062630 0.042185
0.708179 0.335608 0.051951 0.038928
0.279754 0.399536 0.069404 0.033202
0.388080 0.926794 0.056462 0.035969
0.589973 0.819888 0.057358 0.040883
0.942312 0.865420 0.057033 0.033687
0.824461 0.709499 0.069707 0.036049
0.933599 0.601887 0.057114 0.039871
0.937073 0.318402 0.053138 0.038254
0.386805 0.733716 0.061357 0.042100
0.938479 0.475571 0.059653 0.038764
0.702579 0.676456 0.064216 0.038425
0.933563 0.360477 0.061528 0.041686
0.709661 0.598988 0.052303 0.040384
0.827464 0.958655 0.058588 0.037568
0.087222 0.641579 0.059170 0.038885
0.393295 0.962424 0.064771 0.034102
0.707864 0.790867 0.060881 0.037876
0.709217 0.408606 0.057011 0.038237
0.822599 0.360673 0.054176 0.035988
0.603010 0.411132 0.061867 0.045809
0.706057 0.961343 0.052962 0.038813
0.390369 0.889276 0.053318 0.033879
0.940494 0.830546 0.051856 0.032615
0.085908 0.944228 0.055859 0.034692
0.601147 0.499893 0.050538 0.032708
0.493613 0.114523 0.055664 0.042661
0.497106 0.324407 0.059319 0.040133
0.929382 0.109541 0.076945 0.039167
0.588974 0.778093 0.064674 0.040807
0.281946 0.324610 0.049033 0.043016
0.282503 0.754959 0.048073 0.037407
0.078407 0.481839 0.051318 0.036179
0.707026 0.371925 0.046975 0.034261
0.588265 0.739188 0.051630 0.033900
0.705238 0.716461 0.051922 0.038139
0.484378 0.678445 0.047914 0.038512
0.388953 0.573730 0.054757 0.040817
0.079753 0.602385 0.048520 0.036950
0.388633 0.691799 0.048549 0.037013
0.830333 0.919160 0.050517 0.037556
0.709492 0.260309 0.046876 0.031875
0.486871 0.919529 0.057967 0.039115
0.386084 0.653668 0.050997 0.038013
0.941297 0.939415 0.052861 0.030032
0.383590 0.854149 0.056288 0.034967
0.704352 0.751666 0.059166 0.033566
0.286523 0.793204 0.052047 0.036441
0.388386 0.298283 0.051512 0.031436
0.391089 0.213345 0.057304 0.036684
0.598298 0.368735 0.053398 0.035468
0.940011 0.641895 0.050753 0.038873
0.824558 0.850735 0.045850 0.033113
0.080454 0.904148 0.051792 0.035849
0.074816 0.405526 0.051485 0.032253
0.183697 0.612766 0.054899 0.039274
0.587551 0.696374 0.047870 0.042700
0.600186 0.249957 0.058581 0.033822
0.285296 0.117268 0.056533 0.040259
0.938263 0.283655 0.053994 0.028742
0.494078 0.278042 0.053028 0.044207
0.826043 0.884724 0.048046 0.032820
0.939011 0.755376 0.050146 0.040334
0.934601 0.434682 0.049048 0.039798
0.720664 0.071741 0.051943 0.042482
0.937186 0.903947 0.048830 0.037728
0.383111 0.340511 0.052944 0.047559
0.282764 0.365335 0.045902 0.035263
0.938193 0.795686 0.047562 0.035443
0.486761 0.716860 0.050778 0.038364
0.825764 0.146733 0.050390 0.042135
0.597684 0.903143 0.054491 0.040570
0.708189 0.638375 0.049985 0.036647
0.597767 0.946171 0.051999 0.041935
0.279455 0.208422 0.060438 0.044877
0.710662 0.532157 0.054036 0.029014
0.077976 0.522944 0.049979 0.037096
0.391008 0.144815 0.053311 0.037770
0.933031 0.211519 0.042697 0.031180
0.598467 0.063544 0.056352 0.036161
0.940582 0.678357 0.044727 0.027803
0.494140 0.542064 0.046839 0.041021
0.597839 0.170909 0.046507 0.037092
0.819617 0.669374 0.053963 0.044192
0.712162 0.564203 0.053606 0.027863
0.826853 0.398471 0.051646 0.037183
0.381824 0.454974 0.056817 0.038697
0.277367 0.434057 0.063212 0.035961
0.173399 0.427963 0.052700 0.039057
0.934973 0.069677 0.053263 0.037701
0.593159 0.537005 0.057267 0.038681
0.709638 0.447148 0.049810 0.034578
0.821552 0.101970 0.055529 0.044114
0.283115 0.716581 0.048873 0.035699
0.181632 0.310643 0.055475 0.029898
0.391989 0.613825 0.049246 0.038028
0.597254 0.288562 0.062729 0.039873
0.491533 0.195971 0.050157 0.039023
0.175889 0.471987 0.055367 0.039078
0.282988 0.510538 0.056528 0.039529
0.280305 0.252278 0.051386 0.039523
0.820262 0.234457 0.050496 0.044195
0.595548 0.862484 0.053537 0.039271
0.390380 0.258684 0.047423 0.038726
0.599547 0.135671 0.051020 0.032906
0.717172 0.114093 0.054420 0.037722
0.593685 0.616616 0.048459 0.041437
0.493729 0.611006 0.047731 0.030344
0.283007 0.162782 0.052744 0.046731
0.486874 0.801229 0.052294 0.031484
0.084282 0.724540 0.050871 0.040515
0.385176 0.414914 0.045251 0.038111
0.180850 0.349130 0.051333 0.041677
0.716129 0.188479 0.048455 0.038317
0.936805 0.398017 0.050269 0.035533
0.067780 0.110802 0.044513 0.035960
0.599281 0.026397 0.049127 0.032765
0.488455 0.645374 0.052703 0.026426
0.074721 0.441977 0.045239 0.038518
0.494356 0.577885 0.041884 0.031902
0.078070 0.561618 0.052942 0.038912
0.282826 0.897628 0.045604 0.033578
0.596995 0.101831 0.053146 0.038536
0.071562 0.368804 0.046154 0.035860
0.083587 0.767574 0.058092 0.035291
0.176953 0.036997 0.067413 0.051303
0.386185 0.378688 0.051945 0.026693
0.070045 0.146666 0.045421 0.035590
0.170463 0.086197 0.059630 0.042083
0.823193 0.624449 0.049925 0.038623
0.079231 0.866460 0.050220 0.033997
0.282009 0.469930 0.047011 0.033783
0.713327 0.029229 0.049487 0.040840
0.822800 0.585448 0.047278 0.037200
0.085222 0.683826 0.049280 0.037862
0.496686 0.031091 0.046824 0.042518
0.086920 0.975053 0.046714 0.026829
0.175104 0.521088 0.054638 0.046131
0.823385 0.061848 0.054020 0.035515
0.074799 0.179347 0.053597 0.027991
0.282103 0.081075 0.054619 0.032935
0.391097 0.180012 0.044391 0.031471
0.283345 0.555184 0.044035 0.038909
0.935600 0.028989 0.047314 0.037195
0.493018 0.413911 0.052696 0.040193
0.591961 0.657164 0.043290 0.030305
0.173660 0.196444 0.046070 0.036112
0.173145 0.160279 0.053204 0.030584
0.488326 0.958960 0.051003 0.036898
0.178484 0.702392 0.056741 0.042682
0.821073 0.473660 0.055928 0.035143
0.598144 0.329630 0.038318 0.036038
0.595151 0.574325 0.053282 0.036720
0.500050 0.071661 0.062643 0.039091
0.285808 0.288078 0.049152 0.027547
0.383673 0.533205 0.052564 0.033356
0.183768 0.743597 0.047657 0.036785
0.490217 0.156552 0.046464 0.035873
0.826310 0.742299 0.041121 0.029278
0.823505 0.543452 0.047736 0.040234
0.935407 0.148893 0.044104 0.038415
0.179222 0.567497 0.050991 0.045639
0.181112 0.275020 0.053488 0.028112
0.934773 0.183656 0.039984 0.024326
0.825983 0.023678 0.064315 0.035202
0.492365 0.457655 0.055575 0.044470
0.282651 0.643118 0.048711 0.036960
0.182337 0.656451 0.055195 0.042348
0.175851 0.389974 0.045411 0.033590
0.278745 0.835586 0.040135 0.037275
0.488070 0.882707 0.045737 0.030340
0.386805 0.814836 0.048277 0.040824
0.819722 0.508086 0.052380 0.032952
0.388856 0.105157 0.045734 0.040026
0.084060 0.803067 0.041365 0.033245
0.385175 0.776371 0.048216 0.036561
0.388906 0.063125 0.047248 0.038191
0.067158 0.070320 0.046188 0.041507
0.488793 0.763816 0.046453 0.044061
0.076720 0.291997 0.043544 0.025753
0.387755 0.029339 0.046594 0.036048
0.077216 0.325390 0.054734 0.037573
0.933943 0.518716 0.052976 0.042350
0.487519 0.843082 0.056737 0.046270
0.285250 0.680284 0.042998 0.034574
0.080979 0.834616 0.036288 0.027541
0.491916 0.503753 0.051458 0.035390
0.378887 0.499720 0.059883 0.043097
0.179031 0.239964 0.050368 0.043683
0.286066 0.597804 0.053489 0.040148
0.183948 0.808954 0.046048 0.032611
0.826001 0.437617 0.060923 0.033734
0.181628 0.779228 0.039148 0.024917
0.717128 0.149932 0.042455 0.033369
0.283476 0.866705 0.043639 0.025876
0.168368 0.125249 0.040831 0.036852
0.187572 0.961778 0.047872 0.028303
0.065053 0.030912 0.042181 0.033470
0.600982 0.457828 0.045248 0.046403
0.283830 0.039272 0.047118 0.051884
0.185213 0.889025 0.048742 0.035517
0.711637 0.225454 0.041620 0.032449
0.186542 0.925772 0.037430 0.030603
0.185426 0.849119 0.051028 0.040831
0.280570 0.930870 0.034490 0.025930
0.281890 0.958554 0.038188 0.026304
