0.931095 0.899504 0.055715 0.033270
0.822607 0.609460 0.060344 0.041287
0.828559 0.518920 0.056764 0.039544
0.822464 0.243779 0.056936 0.041871
0.925291 0.788817 0.051472 0.038159
0.926327 0.934646 0.052119 0.032954
0.933710 0.378273 0.055849 0.043046
0.823725 0.657493 0.069898 0.051106
0.826160 0.564168 0.049930 0.048572
0.922730 0.863382 0.066298 0.038016
0.928640 0.240644 0.049229 0.045928
0.931149 0.471961 0.052749 0.042151
0.927803 0.198656 0.067437 0.037095
0.924910 0.754414 0.052412 0.029354
0.927710 0.510336 0.045993 0.036445
0.929003 0.425701 0.047337 0.045693
0.823956 0.438467 0.049708 0.043564
0.825853 0.479765 0.049926 0.035598
0.923874 0.720547 0.051352 0.035236
0.925558 0.591725 0.049224 0.040723
0.827731 0.198453 0.047832 0.039233
0.928266 0.551073 0.053590 0.034182
0.823033 0.708448 0.055451 0.052324
0.827754 0.391484 0.056882 0.047047
0.929697 0.288651 0.059469 0.043744
0.927133 0.825503 0.042690 0.033309
0.932652 0.066526 0.053113 0.044331
0.931174 0.154165 0.050802 0.048388
0.928923 0.973744 0.044765 0.039581
0.933729 0.334044 0.043644 0.041205
0.823626 0.068680 0.047872 0.042275
0.826118 0.153060 0.040509 0.043290
0.925624 0.682023 0.042670 0.042789
0.926907 0.635562 0.050469 0.048510
0.825276 0.113585 0.044888 0.035726
0.934707 0.107028 0.037764 0.038931
0.823703 0.026453 0.036913 0.038574
0.827825 0.284481 0.048585 0.034091
0.825609 0.350522 0.046145 0.035158
0.931454 0.027326 0.046956 0.030592
