0.406970 0.382952 0.065998 0.036077
0.617826 0.808366 0.064429 0.036612
0.948451 0.641107 0.059115 0.037581
0.624199 0.539897 0.064329 0.043680
0.734074 0.723240 0.058837 0.037734
0.072815 0.279408 0.071821 0.045146
0.620053 0.467410 0.057734 0.037368
0.513165 0.424061 0.056061 0.044880
0.184036 0.535683 0.057342 0.037751
0.837284 0.302823 0.065022 0.038248
0.398393 0.273245 0.053065 0.037839
0.619779 0.741410 0.057518 0.042424
0.505598 0.249754 0.053080 0.038959
0.934655 0.305574 0.065768 0.042905
0.299266 0.887601 0.061630 0.040079
0.841127 0.705297 0.061049 0.039284
0.505576 0.145068 0.063642 0.035570
0.398876 0.109259 0.057479 0.038931
0.282447 0.275876 0.060751 0.036184
0.514245 0.712083 0.065962 0.041229
0.289448 0.353098 0.063355 0.030896
0.726294 0.260440 0.049420 0.037060
0.842113 0.550782 0.061035 0.040295
0.832162 0.260878 0.052903 0.037217
0.621265 0.135064 0.058443 0.038071
0.181408 0.307914 0.064801 0.041171
0.936106 0.135014 0.054803 0.033876
0.952608 0.773943 0.053947 0.036586
0.506641 0.102453 0.068924 0.041158
0.726644 0.683560 0.053928 0.037882
0.721438 0.517459 0.064690 0.042414
0.507618 0.590081 0.064688 0.037888
0.841119 0.594945 0.057410 0.038494
0.727374 0.605360 0.062333 0.042176
0.285718 0.316577 0.051728 0.037633
0.295192 0.616694 0.072407 0.040141
0.732258 0.843651 0.066993 0.041891
0.511063 0.668897 0.052261 0.038910
0.847932 0.782058 0.055641 0.037742
0.937604 0.263008 0.052118 0.037836
0.513726 0.335565 0.055178 0.039264
0.180011 0.386036 0.056170 0.037635
0.282322 0.196265 0.049371 0.038379
0.284461 0.235116 0.057229 0.038904
0.296139 0.548332 0.055143 0.039992
0.845315 0.471403 0.056530 0.044318
0.727064 0.147998 0.050920 0.038999
0.723143 0.421669 0.056342 0.041355
0.622576 0.657082 0.059141 0.038465
0.723508 0.563314 0.058764 0.041957
0.070234 0.191431 0.061879 0.045332
0.945344 0.412202 0.052512 0.033286
0.938300 0.219099 0.047891 0.039715
0.172798 0.083310 0.057017 0.043774
0.412451 0.911220 0.056748 0.037874
0.851708 0.857760 0.062487 0.047516
0.519905 0.467358 0.059166 0.037779
0.398810 0.189147 0.055660 0.044956
0.620934 0.614989 0.063681 0.036019
0.069647 0.078097 0.064642 0.039522
0.624915 0.843998 0.054617 0.032413
0.407924 0.803658 0.054399 0.037795
0.404924 0.426176 0.058948 0.041602
0.724684 0.072008 0.060063 0.040606
0.412202 0.872007 0.061134 0.032708
0.293728 0.692411 0.071244 0.038089
0.182237 0.349283 0.053163 0.035665
0.089045 0.620666 0.056681 0.038770
0.622571 0.879941 0.051563 0.034959
0.401837 0.344928 0.045898 0.030501
0.188545 0.575497 0.054878 0.039563
0.730811 0.644499 0.059127 0.035116
0.082002 0.492671 0.055221 0.044536
0.299768 0.809599 0.075713 0.044068
0.841516 0.349601 0.056011 0.045779
0.834311 0.220465 0.054360 0.038968
0.510465 0.061216 0.057288 0.040903
0.513583 0.379145 0.052997 0.040727
0.408855 0.838888 0.057269 0.030955
0.069937 0.146102 0.054313 0.038806
0.293646 0.425840 0.049381 0.034079
0.954773 0.709312 0.053331 0.041676
0.726775 0.331982 0.048063 0.033323
0.186659 0.615539 0.054649 0.034595
0.508470 0.292950 0.054638 0.039860
0.828311 0.066788 0.053996 0.035632
0.942169 0.378174 0.043763 0.034577
0.506194 0.510634 0.065879 0.041552
0.399011 0.231461 0.049613 0.038701
0.841782 0.634818 0.049326 0.035797
0.282962 0.152691 0.049600 0.041435
0.948210 0.674321 0.052372 0.028588
0.846617 0.743412 0.054351 0.036740
0.957653 0.838992 0.058633 0.031689
0.615833 0.333899 0.056830 0.039704
0.400049 0.071697 0.053740 0.031315
0.938144 0.175275 0.049219 0.043242
0.728453 0.296078 0.048674 0.029211
0.950684 0.604481 0.053109 0.035174
0.174597 0.236782 0.058971 0.039776
0.843972 0.512261 0.054911 0.033563
0.299465 0.466093 0.062978 0.042101
0.952670 0.875019 0.077458 0.037863
0.942678 0.563860 0.059236 0.046169
0.398287 0.148785 0.054887 0.035031
0.932164 0.025867 0.054051 0.036600
0.519171 0.883186 0.068817 0.039199
0.618453 0.210125 0.050805 0.041048
0.512245 0.549847 0.052245 0.032401
0.181178 0.423782 0.052660 0.034989
0.729615 0.764822 0.051585 0.040308
0.402525 0.469532 0.066512 0.039530
0.945670 0.521186 0.056316 0.038640
0.410682 0.736579 0.051191 0.034930
0.293831 0.508885 0.049678 0.033012
0.828500 0.102606 0.048307 0.036445
0.405351 0.588602 0.083116 0.038889
0.090307 0.575414 0.050687 0.040073
0.618767 0.294107 0.048093 0.037346
0.295758 0.727609 0.060165 0.031381
0.177339 0.197609 0.049024 0.032954
0.735529 0.911642 0.054239 0.036073
0.186992 0.497923 0.049769 0.031023
0.104266 0.955116 0.050220 0.036749
0.306110 0.964526 0.054738 0.033346
0.939531 0.345667 0.043790 0.030515
0.947198 0.450664 0.068437 0.040242
0.626120 0.579902 0.057605 0.031629
0.403038 0.311297 0.051833 0.029927
0.850497 0.904462 0.052377 0.044583
0.937431 0.101924 0.054255 0.027407
0.737675 0.803081 0.060687 0.036540
0.509609 0.211499 0.045189 0.033038
0.831020 0.024476 0.046916 0.041753
0.845249 0.429508 0.056772 0.037321
0.619822 0.098566 0.045033 0.027484
0.621132 0.697668 0.049248 0.036203
0.726693 0.185572 0.047176 0.031066
0.841055 0.668090 0.049020 0.033563
0.516246 0.794716 0.048715 0.038976
0.727828 0.110933 0.043807 0.033402
0.301044 0.764367 0.052434 0.038242
0.182028 0.460590 0.049806 0.036092
0.725009 0.029049 0.051829 0.045715
0.727397 0.220042 0.046372 0.038646
0.937685 0.065674 0.055667 0.036816
0.071873 0.236069 0.045672 0.037123
0.299936 0.928419 0.047218 0.037001
0.843093 0.392636 0.058114 0.032044
0.170740 0.126139 0.048760 0.037869
0.620627 0.067451 0.045619 0.035414
0.619031 0.915524 0.055245 0.026743
0.399345 0.546878 0.056596 0.038645
0.405979 0.670807 0.050057 0.032674
0.827875 0.176542 0.055862 0.041836
0.106443 0.840061 0.054972 0.036853
0.725332 0.470615 0.056421 0.049764
0.409551 0.634368 0.048894 0.041365
0.620060 0.253509 0.051280 0.040050
0.513700 0.178731 0.049581 0.027242
0.614091 0.432523 0.039903 0.032515
0.512738 0.629296 0.044067 0.035700
0.947276 0.485357 0.061185 0.030007
0.395098 0.032447 0.052536 0.042791
0.292397 0.387827 0.046475 0.036410
0.413788 0.770104 0.055149 0.025428
0.083010 0.449115 0.057106 0.043257
0.620678 0.027564 0.051496 0.037465
0.190525 0.680628 0.041424 0.034422
0.174651 0.162370 0.045022 0.035223
0.740149 0.952531 0.052696 0.037396
0.725908 0.373713 0.046024 0.044204
0.298736 0.582721 0.058736 0.024703
0.617933 0.368643 0.048079 0.029933
0.519749 0.838739 0.050168 0.044915
0.172984 0.038259 0.053568 0.042212
0.624477 0.775676 0.050633 0.024587
0.618769 0.172386 0.044022 0.033175
0.079051 0.403897 0.046327 0.038119
0.191166 0.715434 0.051775 0.034204
0.300089 0.656420 0.046529 0.032099
0.847490 0.816764 0.053690 0.030863
0.302618 0.849996 0.059765 0.029783
0.080104 0.361704 0.045891 0.042939
0.955276 0.808792 0.044276 0.025730
0.518970 0.753442 0.049433 0.033507
0.959205 0.946914 0.043632 0.043601
0.065575 0.037789 0.057899 0.034219
0.737246 0.881418 0.051292 0.026054
0.409036 0.702710 0.045861 0.031287
0.621312 0.503434 0.045168 0.028341
0.953449 0.742884 0.042640 0.025768
0.188840 0.648163 0.047559 0.032184
0.195953 0.789310 0.049420 0.035813
0.095767 0.661398 0.048900 0.037092
0.098687 0.881574 0.047438 0.036997
0.088963 0.535993 0.042723 0.035334
0.826178 0.137483 0.041042 0.033804
0.509561 0.025216 0.047697 0.030390
0.958087 0.909078 0.058002 0.027779
0.400234 0.507470 0.047989 0.036526
0.282176 0.112728 0.042863 0.035988
0.078014 0.321259 0.052614 0.028962
0.419666 0.967490 0.058874 0.027264
0.180310 0.272429 0.047797 0.025035
0.090350 0.705738 0.047919 0.046310
0.284272 0.035920 0.051662 0.045548
0.853445 0.946949 0.043397 0.037535
0.098852 0.920428 0.036245 0.031015
0.625399 0.966921 0.049738 0.026349
0.420648 0.942912 0.060506 0.023010
0.101438 0.799861 0.044860 0.043191
0.524603 0.960951 0.046417 0.036217
0.622278 0.943535 0.048258 0.022308
0.286087 0.078631 0.045362 0.034416
0.617465 0.399592 0.040662 0.030691
0.071321 0.115468 0.047081 0.027429
0.195132 0.826049 0.043866 0.029747
0.519505 0.924179 0.043422 0.038970
0.093579 0.754098 0.053955 0.039809
0.193761 0.750030 0.053378 0.033831
0.197268 0.913908 0.046794 0.040322
0.194348 0.862298 0.043816 0.040752
0.199405 0.958137 0.038468 0.036640
