0.175672 0.659048 0.056621 0.039349
0.713235 0.724235 0.073844 0.041338
0.385500 0.773804 0.055256 0.033907
0.287210 0.394584 0.055081 0.034534
0.613016 0.332187 0.060299 0.041952
0.497124 0.921253 0.047860 0.031867
0.385054 0.959980 0.050854 0.035606
0.393147 0.416198 0.078589 0.048149
0.068823 0.601316 0.080229 0.039972
0.283740 0.942494 0.058910 0.031145
0.173317 0.701636 0.063414 0.043640
0.389419 0.807890 0.048237 0.031660
0.604853 0.695930 0.058237 0.040231
0.279958 0.882644 0.063456 0.032122
0.071438 0.483357 0.051608 0.035470
0.282870 0.685745 0.066557 0.044134
0.282129 0.608974 0.049591 0.036293
0.506427 0.187989 0.050509 0.039927
0.395010 0.336868 0.065185 0.031823
0.289058 0.359471 0.049889 0.035564
0.277549 0.848664 0.048837 0.032854
0.288308 0.431478 0.055708 0.035575
0.932969 0.277199 0.058940 0.032066
0.177865 0.155492 0.053811 0.041862
0.175095 0.499617 0.053358 0.038446
0.714623 0.486235 0.053583 0.041668
0.827818 0.385186 0.048530 0.039763
0.599645 0.850244 0.058981 0.031051
0.714755 0.684728 0.057472 0.032220
0.716087 0.649825 0.051979 0.040074
0.081584 0.762525 0.065271 0.037049
0.390804 0.157047 0.068687 0.039904
0.612844 0.257963 0.047544 0.032188
0.724186 0.182509 0.051254 0.033279
0.391670 0.269217 0.054872 0.037557
0.179839 0.195239 0.054009 0.036863
0.616432 0.223970 0.050127 0.036819
0.724767 0.112842 0.058283 0.039380
0.833410 0.872469 0.047935 0.040289
0.286803 0.289448 0.051728 0.036574
0.830222 0.646795 0.067768 0.034461
0.834084 0.940082 0.051036 0.030729
0.831219 0.833200 0.053769 0.038002
0.077708 0.685137 0.054439 0.035328
0.389393 0.840420 0.047988 0.030373
0.175529 0.114319 0.049739 0.037103
0.716895 0.332441 0.058752 0.042599
0.394192 0.076655 0.068753 0.043011
0.828157 0.723134 0.060686 0.045158
0.936986 0.453928 0.051260 0.041027
0.620655 0.147314 0.053449 0.036100
0.284456 0.210911 0.063268 0.040148
0.614277 0.293015 0.051436 0.034233
0.507898 0.150314 0.053746 0.033418
0.932167 0.922976 0.048511 0.041177
0.832895 0.682973 0.055006 0.033945
0.611587 0.371744 0.066638 0.032459
0.499421 0.747109 0.051095 0.028869
0.401114 0.371593 0.051531 0.038883
0.506577 0.223088 0.051296 0.032698
0.936120 0.853215 0.047789 0.030988
0.509617 0.117777 0.055319 0.030960
0.722860 0.217003 0.059926 0.035914
0.388400 0.703239 0.051977 0.047557
0.499694 0.566535 0.053474 0.040164
0.715609 0.571008 0.073030 0.047773
0.833650 0.909376 0.045499 0.030292
0.931377 0.674172 0.056452 0.043086
0.719044 0.069931 0.060696 0.045399
0.713155 0.611940 0.056142 0.034480
0.724500 0.148143 0.052459 0.032494
0.388710 0.742460 0.047142 0.030943
0.937531 0.415571 0.051294 0.031212
0.716899 0.880514 0.066086 0.030433
0.287501 0.468287 0.051302 0.035001
0.500121 0.955312 0.048251 0.035746
0.499393 0.642916 0.046391 0.039084
0.720966 0.290369 0.054029 0.038982
0.080195 0.910581 0.054602 0.034824
0.828568 0.423267 0.057518 0.036085
0.288308 0.249919 0.051434 0.038900
0.937200 0.885409 0.051561 0.031618
0.829227 0.458982 0.066684 0.032457
0.172500 0.461587 0.056356 0.037550
0.826998 0.766181 0.059843 0.040785
0.183881 0.882552 0.055985 0.032978
0.607855 0.738906 0.053215 0.039629
0.179670 0.847620 0.046309 0.038313
0.936289 0.493805 0.044543 0.037751
0.498886 0.343112 0.056727 0.039174
0.169541 0.540424 0.065236 0.036850
0.612357 0.493766 0.056706 0.044244
0.075082 0.182116 0.045350 0.033460
0.934623 0.779464 0.063106 0.033843
0.494861 0.858910 0.044301 0.029951
0.284057 0.646625 0.048585 0.032246
0.719482 0.411556 0.052750 0.032428
0.497014 0.710486 0.045248 0.041182
0.832370 0.065961 0.068220 0.042234
0.495789 0.782003 0.053544 0.037760
0.282809 0.508913 0.059783 0.041769
0.611509 0.452925 0.057136 0.036492
0.934756 0.176225 0.050373 0.035247
0.176901 0.811825 0.046339 0.032598
0.606067 0.882957 0.049821 0.033835
0.610093 0.411243 0.060046 0.044074
0.504596 0.025313 0.051350 0.032392
0.079917 0.801026 0.053984 0.039137
0.932435 0.341807 0.057399 0.041037
0.715708 0.376834 0.049297 0.038214
0.079553 0.644224 0.055653 0.044711
0.178238 0.235620 0.054839 0.037714
0.285382 0.174365 0.044044 0.031388
0.080981 0.841257 0.050291 0.034993
0.286372 0.139331 0.048976 0.034708
0.612769 0.534265 0.050641 0.037527
0.392085 0.118808 0.053477 0.038006
0.497771 0.301466 0.063024 0.040374
0.931519 0.565780 0.060927 0.046432
0.713860 0.445232 0.062328 0.038290
0.618710 0.105001 0.050024 0.045141
0.069952 0.147070 0.048071 0.031951
0.605070 0.779920 0.049318 0.038822
0.621575 0.065900 0.057359 0.032937
0.940648 0.746550 0.054475 0.031400
0.395419 0.193109 0.059505 0.035665
0.935319 0.243571 0.045139 0.034420
0.498303 0.888584 0.045519 0.030108
0.599818 0.914547 0.054261 0.031764
0.391032 0.661285 0.048985 0.032000
0.716138 0.844445 0.059825 0.040651
0.289156 0.324067 0.043023 0.030971
0.724448 0.250791 0.051973 0.035734
0.721110 0.967742 0.070321 0.033055
0.833511 0.492944 0.053123 0.031617
0.499241 0.604378 0.048210 0.032064
0.069035 0.516692 0.048943 0.031696
0.834373 0.253351 0.048517 0.032618
0.827790 0.603424 0.059765 0.051620
0.499319 0.446745 0.051338 0.037363
0.607643 0.607753 0.055661 0.035605
0.391759 0.032321 0.054731 0.045954
0.938967 0.604544 0.047009 0.032558
0.279656 0.913051 0.052787 0.025805
0.714707 0.527269 0.046295 0.039114
0.506245 0.087748 0.049334 0.028025
0.390093 0.628850 0.049483 0.034672
0.937869 0.636116 0.047328 0.031926
0.180145 0.274037 0.054660 0.038874
0.505988 0.058383 0.042865 0.033894
0.394941 0.230528 0.046236 0.035623
0.833575 0.290217 0.044521 0.035829
0.621279 0.029982 0.048768 0.040587
0.830733 0.218476 0.052839 0.037199
0.074608 0.949817 0.045034 0.041234
0.064808 0.078751 0.053347 0.034502
0.503149 0.260762 0.047033 0.036939
0.713658 0.766374 0.067271 0.041549
0.830309 0.526422 0.072093 0.034974
0.610865 0.570659 0.045033 0.035695
0.072215 0.555609 0.048965 0.046159
0.174835 0.742439 0.047377 0.034754
0.278993 0.814861 0.044341 0.034053
0.716118 0.807824 0.065625 0.040327
0.722099 0.913811 0.053181 0.035749
0.937315 0.379322 0.045013 0.034168
0.181558 0.916486 0.057333 0.036402
0.079853 0.723931 0.049621 0.038066
0.936188 0.210605 0.039244 0.033428
0.173416 0.619156 0.058265 0.035626
0.173690 0.313133 0.049715 0.036547
0.830254 0.559644 0.063401 0.032227
0.836078 0.151880 0.053648 0.039621
0.602975 0.817112 0.045747 0.035733
0.172093 0.424218 0.047465 0.036406
0.620108 0.185171 0.052154 0.041997
0.072689 0.446853 0.038830 0.034755
0.283624 0.731541 0.052548 0.045746
0.172398 0.386776 0.047068 0.033280
0.077343 0.219847 0.047908 0.039977
0.720370 0.028193 0.051622 0.036951
0.834445 0.187267 0.051831 0.031074
0.283519 0.776552 0.041246 0.039883
0.175184 0.580910 0.045005 0.039900
0.940528 0.526363 0.046787 0.028301
0.383772 0.873786 0.063375 0.032781
0.832560 0.026646 0.050952 0.031936
0.834826 0.108221 0.052776 0.041252
0.388726 0.926904 0.057128 0.030424
0.832430 0.798923 0.052442 0.026011
0.176567 0.777022 0.047642 0.036613
0.075932 0.260060 0.040967 0.032648
0.395241 0.304998 0.046375 0.029668
0.498761 0.411472 0.044317 0.035208
0.172587 0.350855 0.057687 0.035395
0.390187 0.543316 0.047648 0.044010
0.936755 0.306171 0.042106 0.028666
0.837460 0.969437 0.045425 0.028983
0.496753 0.823247 0.042832 0.042088
0.498647 0.678297 0.040548 0.027300
0.499290 0.483713 0.047604 0.034721
0.075155 0.300769 0.045931 0.037924
0.935588 0.815405 0.044323 0.038856
0.937372 0.133723 0.038988 0.044090
0.278516 0.545195 0.066192 0.024623
0.390443 0.465112 0.063818 0.047419
0.932300 0.713189 0.044295 0.037437
0.378978 0.899741 0.075636 0.025746
0.185245 0.958768 0.046686 0.043777
0.168620 0.075503 0.059966 0.037940
0.607743 0.650399 0.047649 0.048438
0.281107 0.572891 0.057192 0.030606
0.285653 0.109031 0.046616 0.029275
0.068668 0.111296 0.043182 0.034801
0.938426 0.096786 0.041154 0.030997
0.278730 0.974265 0.061011 0.031845
0.278860 0.037276 0.070437 0.048213
0.938977 0.063707 0.045120 0.034044
0.073000 0.413539 0.041512 0.030854
0.283017 0.080324 0.039577 0.033536
0.392631 0.503614 0.055264 0.034394
0.936017 0.961184 0.046063 0.032656
0.076075 0.875719 0.046725 0.036431
0.498548 0.378338 0.041525 0.033318
0.500606 0.524117 0.044903 0.043960
0.721847 0.940425 0.058023 0.024786
0.170617 0.031842 0.048480 0.045084
0.073357 0.343083 0.038583 0.038716
0.072922 0.379462 0.036027 0.030920
0.391140 0.588108 0.050070 0.046011
0.936957 0.028644 0.055505 0.032259
0.066440 0.036819 0.041933 0.044506
0.600288 0.945184 0.072754 0.032184
0.595790 0.969145 0.081738 0.038894
0.832457 0.324398 0.044436 0.031791
0.830936 0.345493 0.052776 0.033643
