0.619562 0.742579 0.064376 0.035389
0.184536 0.077305 0.064261 0.042217
0.618982 0.706415 0.055171 0.034239
0.607880 0.890564 0.064752 0.036321
0.287674 0.821336 0.057109 0.036879
0.504644 0.891200 0.056704 0.038526
0.505526 0.822460 0.055765 0.031842
0.290712 0.896136 0.062882 0.040922
0.389308 0.693534 0.074734 0.046006
0.816096 0.856881 0.061683 0.030929
0.179781 0.404799 0.067179 0.042918
0.282106 0.737442 0.058882 0.040174
0.394265 0.646613 0.051628 0.041277
0.719124 0.610013 0.058087 0.033293
0.824796 0.671010 0.057488 0.033051
0.284764 0.941726 0.068057 0.048357
0.714473 0.227337 0.061216 0.038861
0.394596 0.530638 0.055544 0.039398
0.939505 0.844257 0.058264 0.032136
0.938664 0.808113 0.055372 0.036106
0.940643 0.886005 0.050494 0.040284
0.287009 0.695071 0.057976 0.040467
0.714922 0.796570 0.060392 0.036984
0.494813 0.080211 0.072156 0.040018
0.711191 0.886710 0.057989 0.039897
0.829855 0.555286 0.061921 0.038618
0.074408 0.328142 0.050461 0.037587
0.286002 0.780058 0.052571 0.040199
0.071299 0.241382 0.060806 0.051406
0.492558 0.336655 0.056656 0.038905
0.942405 0.738794 0.058752 0.039899
0.829687 0.631625 0.056093 0.037957
0.613062 0.584206 0.063527 0.042695
0.944964 0.197126 0.052432 0.042835
0.615416 0.269915 0.062056 0.043424
0.718093 0.759967 0.050650 0.036073
0.820023 0.818407 0.053966 0.040404
0.820929 0.709986 0.063517 0.040472
0.945579 0.458853 0.063311 0.035192
0.942627 0.243147 0.069990 0.045792
0.395835 0.827464 0.057058 0.038996
0.065220 0.959122 0.072802 0.041689
0.505997 0.734561 0.053847 0.037144
0.285765 0.107645 0.065259 0.036259
0.832137 0.134772 0.051194 0.043545
0.391039 0.607639 0.054903 0.034573
0.389958 0.571535 0.050527 0.037230
0.400697 0.789789 0.050903 0.035927
0.943428 0.921313 0.053016 0.032021
0.818837 0.955244 0.051741 0.038804
0.610359 0.134331 0.054606 0.036252
0.937717 0.959304 0.053297 0.041587
0.184630 0.119766 0.055356 0.033938
0.287593 0.189471 0.063532 0.037564
0.615101 0.228246 0.056636 0.034502
0.285686 0.565209 0.069044 0.041897
0.716949 0.366797 0.055467 0.046539
0.184858 0.449816 0.057213 0.041854
0.723397 0.646205 0.052500 0.038920
0.815632 0.918630 0.054323 0.032944
0.396730 0.335248 0.061696 0.040078
0.391105 0.461289 0.050350 0.034845
0.609580 0.540100 0.058891 0.040626
0.398850 0.744499 0.057063 0.049264
0.617621 0.673166 0.053080 0.028632
0.184611 0.284572 0.054551 0.045661
0.715855 0.718229 0.056078 0.042697
0.399424 0.866776 0.058625 0.036572
0.072715 0.288179 0.051913 0.036163
0.395111 0.139823 0.074378 0.045982
0.502692 0.929730 0.073970 0.036892
0.287375 0.857601 0.049760 0.033721
0.499391 0.780160 0.062646 0.049261
0.488432 0.224970 0.059524 0.041577
0.499431 0.694479 0.053833 0.040977
0.715935 0.925084 0.049587 0.032915
0.392531 0.420378 0.055885 0.043158
0.190507 0.234193 0.067754 0.044833
0.509046 0.854981 0.046314 0.031691
0.608800 0.066866 0.052956 0.041590
0.943780 0.701041 0.049508 0.036494
0.079012 0.520400 0.050554 0.041341
0.947287 0.577920 0.063603 0.040424
0.714101 0.117403 0.071225 0.044711
0.619330 0.313290 0.058787 0.030834
0.613528 0.812064 0.054614 0.029309
0.074544 0.448879 0.049600 0.040947
0.181188 0.159153 0.055287 0.041005
0.395363 0.265652 0.055027 0.044638
0.721574 0.186250 0.050922 0.037196
0.945697 0.622237 0.055165 0.038732
0.829665 0.221916 0.049512 0.042066
0.944181 0.773436 0.051646 0.031826
0.290252 0.148410 0.053083 0.042134
0.617282 0.386403 0.052266 0.044781
0.720080 0.958050 0.050125 0.032221
0.492149 0.494508 0.063535 0.036794
0.711118 0.153921 0.073293 0.028049
0.715088 0.840640 0.048660 0.046413
0.077333 0.560464 0.052478 0.038207
0.399362 0.938309 0.057438 0.034959
0.498757 0.378559 0.050007 0.037348
0.074865 0.068117 0.055596 0.044601
0.944439 0.155767 0.051610 0.040159
0.181582 0.494692 0.060129 0.045960
0.615176 0.780274 0.045750 0.032558
0.074942 0.366030 0.051109 0.035951
0.072898 0.602373 0.053046 0.043564
0.398403 0.086887 0.058620 0.052469
0.940477 0.354403 0.044511 0.033118
0.285742 0.647996 0.058150 0.042515
0.179470 0.814462 0.058471 0.042203
0.494118 0.582540 0.051704 0.039804
0.830044 0.030464 0.060286 0.039719
0.946829 0.662334 0.048139 0.042233
0.942427 0.387066 0.050849 0.031979
0.075624 0.404784 0.055403 0.039376
0.828631 0.596089 0.049098 0.034308
0.492497 0.535987 0.053092 0.043380
0.069543 0.648336 0.048147 0.043525
0.493166 0.186248 0.045003 0.035735
0.717961 0.411555 0.056738 0.041027
0.497051 0.419311 0.047507 0.039030
0.186165 0.032762 0.069390 0.046819
0.495810 0.456698 0.041527 0.035069
0.282469 0.474315 0.055856 0.044489
0.942819 0.318416 0.049835 0.036452
0.611673 0.956990 0.066308 0.030512
0.819458 0.779600 0.046417 0.035007
0.496787 0.619024 0.053727 0.029245
0.496974 0.651663 0.048784 0.036936
0.495236 0.152562 0.049956 0.028435
0.070879 0.775303 0.053483 0.047123
0.075403 0.187823 0.048558 0.046944
0.716894 0.267431 0.054834 0.040479
0.617175 0.347021 0.056408 0.031817
0.833812 0.514087 0.054077 0.041214
0.181568 0.544142 0.048657 0.046331
0.287248 0.366958 0.050402 0.036690
0.489495 0.034918 0.059177 0.047434
0.074499 0.110284 0.048342 0.040630
0.070342 0.860235 0.051664 0.029366
0.614945 0.630307 0.056260 0.048242
0.725078 0.577371 0.053230 0.030699
0.494127 0.269230 0.052628 0.036814
0.826592 0.263033 0.051379 0.036231
0.286022 0.606319 0.050197 0.039661
0.391179 0.377228 0.052938 0.041129
0.830797 0.179176 0.049901 0.043262
0.068945 0.692214 0.054371 0.037843
0.945361 0.117424 0.052241 0.035559
0.074485 0.147519 0.051144 0.030951
0.287644 0.326964 0.047377 0.039818
0.179341 0.322343 0.065389 0.028220
0.181698 0.358983 0.048637 0.042252
0.945911 0.284261 0.045634 0.034397
0.832180 0.342566 0.060000 0.037977
0.716449 0.681585 0.078588 0.029297
0.289039 0.398024 0.048126 0.026605
0.281619 0.032833 0.053960 0.041385
0.941953 0.499710 0.047717 0.040305
0.183120 0.671159 0.050860 0.040144
0.827212 0.467822 0.053749 0.042934
0.942258 0.539052 0.045972 0.034346
0.493690 0.118915 0.051417 0.035097
0.941469 0.421112 0.050283 0.036970
0.728585 0.490027 0.061106 0.039769
0.400586 0.902748 0.044019 0.035192
0.715677 0.073027 0.044145 0.040019
0.831982 0.068641 0.048249 0.033356
0.393138 0.495376 0.044772 0.030544
0.294114 0.283222 0.053097 0.048743
0.614374 0.431114 0.059481 0.043780
0.609915 0.165611 0.055549 0.027887
0.180093 0.860182 0.089330 0.038932
0.495571 0.302463 0.044273 0.026283
0.184616 0.585853 0.046600 0.036348
0.284586 0.519089 0.056467 0.045836
0.612377 0.027812 0.049633 0.033871
0.826405 0.302921 0.048094 0.040139
0.610451 0.102252 0.055813 0.025941
0.287563 0.069650 0.048709 0.035761
0.066501 0.821460 0.042855 0.039007
0.185897 0.195724 0.042874 0.031287
0.290093 0.232468 0.058389 0.047068
0.938995 0.075579 0.045598 0.044406
0.390076 0.190919 0.060215 0.049314
0.820277 0.745625 0.045920 0.032102
0.079138 0.484210 0.049527 0.027331
0.836030 0.098159 0.049729 0.025523
0.609001 0.502951 0.043013 0.033260
0.818629 0.888194 0.045783 0.029724
0.391502 0.972950 0.081539 0.033979
0.726170 0.535023 0.057487 0.046380
0.716468 0.303637 0.051664 0.036604
0.186936 0.895473 0.054819 0.033922
0.067505 0.921690 0.049972 0.032538
0.615603 0.193267 0.044797 0.029964
0.718983 0.031029 0.051953 0.040286
0.504452 0.965569 0.070452 0.038348
0.082692 0.026048 0.050832 0.032250
0.289076 0.432182 0.040424 0.035475
0.609835 0.469929 0.044528 0.033991
0.186666 0.626176 0.052269 0.042370
0.723869 0.450489 0.057757 0.041256
0.392135 0.228369 0.047756 0.032030
0.398856 0.035070 0.051398 0.047532
0.069218 0.891735 0.039082 0.030503
0.397257 0.302687 0.044935 0.023836
0.613717 0.849814 0.049703 0.041310
0.069485 0.730013 0.042062 0.037491
0.718674 0.330741 0.052405 0.026808
0.181396 0.775376 0.051027 0.031907
0.941115 0.033463 0.055563 0.035629
0.188156 0.740759 0.063724 0.037767
0.613467 0.924608 0.057703 0.029563
0.824750 0.430421 0.046890 0.033532
0.872270 0.374905 0.052572 0.029460
0.196741 0.709438 0.074295 0.036436
0.823623 0.391140 0.055982 0.044077
0.871260 0.411103 0.043678 0.037289
0.194795 0.945736 0.076925 0.060722
