0.170638 0.671533 0.058114 0.037942
0.060945 0.572096 0.071088 0.037972
0.066979 0.753759 0.065616 0.036585
0.171411 0.523740 0.064861 0.034436
0.168124 0.449100 0.057128 0.036803
0.825884 0.256307 0.064842 0.037423
0.169564 0.486316 0.059569 0.034495
0.941840 0.142636 0.062518 0.038072
0.388034 0.283784 0.055975 0.035207
0.601477 0.552290 0.065475 0.040051
0.166497 0.374985 0.061817 0.036448
0.823917 0.745043 0.065214 0.041246
0.273823 0.620207 0.062474 0.038900
0.057948 0.403202 0.059786 0.037548
0.173977 0.854373 0.056402 0.041305
0.383773 0.871864 0.060869 0.040227
0.278324 0.311812 0.058338 0.041066
0.058758 0.442605 0.054660 0.037212
0.166643 0.413410 0.054827 0.035933
0.270819 0.508096 0.061721 0.037911
0.170224 0.303032 0.056261 0.036879
0.167433 0.228621 0.059377 0.039583
0.703333 0.798576 0.060331 0.039098
0.389837 0.202309 0.062004 0.039856
0.055922 0.364792 0.058583 0.040587
0.598567 0.898404 0.064634 0.033102
0.389577 0.741303 0.055926 0.034222
0.387963 0.542744 0.071127 0.042932
0.607023 0.354875 0.058484 0.037221
0.059898 0.534871 0.067456 0.035302
0.829049 0.186909 0.072744 0.038548
0.277353 0.269717 0.057039 0.040137
0.173904 0.560987 0.060727 0.035259
0.487451 0.461607 0.062340 0.034752
0.713062 0.187634 0.054214 0.038936
0.165443 0.265935 0.056178 0.032979
0.064442 0.610117 0.057814 0.032457
0.276580 0.544550 0.059906 0.033790
0.276585 0.441503 0.055614 0.034990
0.278339 0.226269 0.059781 0.032822
0.598851 0.635343 0.067676 0.040596
0.824253 0.220706 0.061879 0.030138
0.064324 0.645625 0.052425 0.033743
0.499580 0.083786 0.075623 0.044082
0.483612 0.847638 0.059821 0.036252
0.060144 0.189440 0.060160 0.042039
0.716104 0.226391 0.057406 0.034994
0.718071 0.265499 0.057204 0.038379
0.174417 0.633887 0.046758 0.031677
0.603909 0.593849 0.076289 0.037301
0.606390 0.392798 0.061512 0.035885
0.829126 0.147497 0.054735 0.032032
0.605163 0.468967 0.063095 0.050408
0.711731 0.710816 0.062347 0.038077
0.173400 0.896497 0.055817 0.039656
0.711305 0.568274 0.064643 0.039936
0.826643 0.786148 0.054370 0.039989
0.068755 0.829455 0.057056 0.039620
0.388165 0.836348 0.051090 0.030962
0.829711 0.707940 0.059924 0.032107
0.492117 0.499244 0.054013 0.039526
0.707082 0.752622 0.054334 0.045185
0.934357 0.440624 0.074172 0.038582
0.274109 0.579539 0.062336 0.038001
0.705920 0.874975 0.055441 0.038440
0.485691 0.811036 0.057542 0.035931
0.483666 0.885396 0.066293 0.036816
0.605637 0.275168 0.053968 0.048385
0.489258 0.629636 0.059092 0.046561
0.820991 0.892646 0.052685 0.042669
0.710091 0.914335 0.059004 0.033395
0.065755 0.682283 0.043865 0.038045
0.271569 0.819841 0.060416 0.040169
0.493362 0.297341 0.059291 0.032559
0.274982 0.742200 0.062924 0.036972
0.277033 0.190448 0.048121 0.036495
0.274902 0.658631 0.052995 0.035606
0.171697 0.139359 0.059338 0.040435
0.177590 0.812264 0.059226 0.040581
0.928058 0.275055 0.051834 0.041829
0.059103 0.236471 0.053165 0.041023
0.059717 0.489627 0.050757 0.048656
0.170007 0.712232 0.058298 0.032589
0.612488 0.231351 0.062840 0.033939
0.280337 0.355149 0.054332 0.038097
0.605333 0.318421 0.061070 0.034059
0.061249 0.792057 0.053088 0.032643
0.166102 0.340829 0.075387 0.029498
0.386386 0.910889 0.056320 0.032131
0.712871 0.152464 0.069954 0.029103
0.388975 0.659657 0.062043 0.033345
0.607717 0.070541 0.071850 0.045683
0.279562 0.069212 0.068005 0.049496
0.169710 0.064449 0.050592 0.035328
0.173716 0.101057 0.064233 0.035518
0.276748 0.154865 0.046869 0.034943
0.821243 0.635279 0.058532 0.038084
0.496676 0.543554 0.069953 0.041939
0.826149 0.300156 0.051727 0.042785
0.710365 0.525384 0.054188 0.043860
0.714161 0.450908 0.056397 0.031275
0.389740 0.775852 0.054502 0.026897
0.820759 0.492623 0.054714 0.039010
0.490864 0.335395 0.060275 0.041875
0.283826 0.967464 0.063864 0.036062
0.714420 0.484286 0.051832 0.037976
0.278483 0.895472 0.067794 0.038660
0.827608 0.029079 0.051112 0.041907
0.829200 0.931992 0.048931 0.032228
0.596976 0.860822 0.054756 0.038342
0.712076 0.606166 0.056207 0.036793
0.175474 0.598504 0.047817 0.032817
0.716535 0.116964 0.056694 0.035533
0.937890 0.484121 0.057748 0.045797
0.064553 0.070013 0.055036 0.045004
0.063853 0.113264 0.056114 0.035836
0.483728 0.709189 0.062709 0.035392
0.502536 0.177589 0.060897 0.035331
0.828464 0.111614 0.053082 0.036240
0.391026 0.806753 0.045953 0.029502
0.489439 0.423166 0.047688 0.039341
0.488795 0.674214 0.057686 0.039966
0.168434 0.184127 0.047449 0.042089
0.490936 0.584084 0.069431 0.042106
0.391571 0.165556 0.060324 0.032210
0.490430 0.381450 0.052968 0.047586
0.386103 0.941710 0.055320 0.031723
0.390264 0.584037 0.061956 0.033492
0.604404 0.427804 0.057985 0.029559
0.931475 0.231332 0.047613 0.042159
0.707571 0.837181 0.047598 0.035719
0.828908 0.070106 0.052708 0.041031
0.386583 0.244128 0.048630 0.041123
0.281876 0.857890 0.068848 0.038799
0.612696 0.158519 0.050918 0.048246
0.605330 0.513897 0.054286 0.036105
0.826337 0.339663 0.048524 0.033192
0.720916 0.421045 0.055267 0.031379
0.716318 0.304146 0.057759 0.038200
0.929837 0.322151 0.070675 0.041623
0.823807 0.540733 0.052248 0.050576
0.385958 0.388114 0.048555 0.038277
0.177880 0.962322 0.053623 0.033723
0.283566 0.026107 0.062184 0.031809
0.390328 0.319333 0.045665 0.031815
0.061768 0.326502 0.052138 0.030869
0.825636 0.449135 0.052732 0.038577
0.718680 0.338566 0.055156 0.035540
0.485246 0.774731 0.043502 0.035469
0.171738 0.029804 0.048343 0.033413
0.060090 0.717727 0.043725 0.028119
0.056222 0.286926 0.048971 0.044895
0.825933 0.673954 0.059583 0.028514
0.720954 0.381463 0.057608 0.050172
0.396956 0.062437 0.066443 0.038900
0.937067 0.187411 0.055296 0.043731
0.067444 0.912946 0.053714 0.039760
0.498769 0.133478 0.058303 0.048911
0.276728 0.778520 0.044012 0.038188
0.824508 0.589948 0.048430 0.044729
0.385813 0.460616 0.048913 0.029981
0.825419 0.377725 0.052885 0.037799
0.270731 0.473628 0.047159 0.031429
0.596763 0.678134 0.073377 0.043015
0.177762 0.932349 0.052184 0.026048
0.391915 0.622345 0.044944 0.042707
0.831995 0.966395 0.051170 0.036109
0.940288 0.098357 0.054480 0.044198
0.820512 0.858088 0.050394 0.024252
0.272865 0.698690 0.064311 0.042346
0.715504 0.671016 0.051633 0.040271
0.933584 0.369137 0.046158 0.047261
0.594714 0.929195 0.041778 0.026941
0.393718 0.101054 0.054906 0.037030
0.825948 0.411414 0.046623 0.032153
0.497964 0.215535 0.049121 0.047523
0.063234 0.149717 0.051724 0.035198
0.281216 0.933514 0.045676 0.030563
0.388172 0.499229 0.046887 0.038504
0.069993 0.953904 0.061486 0.036664
0.496644 0.259568 0.049791 0.041769
0.933888 0.407232 0.042554 0.024662
0.385306 0.698646 0.052305 0.044376
0.502788 0.036756 0.060942 0.049726
0.387581 0.350368 0.053139 0.030078
0.384494 0.426108 0.049235 0.032034
0.485670 0.920373 0.041048 0.029902
0.823782 0.824043 0.047448 0.038518
0.610575 0.025508 0.054705 0.037460
0.721397 0.035281 0.052980 0.034789
0.597496 0.961153 0.040760 0.036686
0.392752 0.134374 0.049712 0.032943
0.613981 0.198753 0.058181 0.026506
0.486640 0.742053 0.047970 0.032868
0.285971 0.116875 0.056519 0.039961
0.592601 0.794412 0.048674 0.040619
0.593971 0.827339 0.037426 0.030430
0.713636 0.638278 0.052541 0.027322
0.112425 0.915003 0.042369 0.034778
0.601242 0.718159 0.065340 0.040658
0.385795 0.972427 0.059417 0.032441
0.720160 0.073855 0.052067 0.040904
0.081784 0.873323 0.083113 0.041184
0.490943 0.957456 0.048623 0.040009
0.064259 0.029628 0.051542 0.029272
0.943024 0.063700 0.049421 0.024159
0.598085 0.752704 0.072304 0.040482
0.174793 0.758665 0.063439 0.058415
0.399093 0.028428 0.059133 0.027611
0.618325 0.112399 0.072903 0.034588
