0.919967 0.678346 0.070468 0.040852
0.930054 0.517751 0.076604 0.045697
0.926863 0.471538 0.069643 0.040567
0.384419 0.564474 0.061752 0.049860
0.817744 0.227581 0.068476 0.040308
0.714455 0.376355 0.077291 0.046706
0.713826 0.328268 0.072787 0.042327
0.605767 0.376545 0.077756 0.047822
0.929632 0.159739 0.075671 0.038994
0.614664 0.423595 0.069939 0.042714
0.818906 0.370201 0.063282 0.038913
0.508017 0.090024 0.058979 0.043530
0.279541 0.530919 0.076730 0.045469
0.594826 0.833210 0.067454 0.045385
0.920855 0.797066 0.068359 0.036116
0.927881 0.246573 0.064335 0.042282
0.612202 0.586794 0.077003 0.040229
0.703189 0.890099 0.064777 0.044650
0.932512 0.339254 0.069134 0.044748
0.705670 0.805813 0.069578 0.043577
0.710997 0.421722 0.067248 0.041612
0.613147 0.122170 0.072372 0.048975
0.278417 0.134723 0.076256 0.042740
0.173585 0.426756 0.069715 0.040817
0.815577 0.703925 0.063328 0.043060
0.614287 0.545672 0.070185 0.038534
0.387644 0.432505 0.072114 0.051763
0.506988 0.169310 0.077801 0.043446
0.608608 0.468599 0.070277 0.042092
0.815084 0.659326 0.063081 0.043552
0.054729 0.865888 0.075817 0.039801
0.050147 0.389517 0.064805 0.032608
0.615835 0.169819 0.068692 0.044434
0.600739 0.669173 0.071540 0.039484
0.394646 0.693384 0.076109 0.044775
0.278688 0.257858 0.064315 0.044794
0.930936 0.291903 0.062911 0.044013
0.388676 0.904702 0.078469 0.042564
0.930473 0.430228 0.067242 0.037661
0.165518 0.189345 0.069016 0.037090
0.609438 0.327955 0.059147 0.045305
0.921074 0.905444 0.070577 0.038567
0.823208 0.444857 0.067392 0.038134
0.503050 0.291282 0.066443 0.037061
0.820490 0.333599 0.079436 0.034907
0.053778 0.578859 0.069696 0.042251
0.263973 0.907734 0.065628 0.040260
0.505034 0.455515 0.061518 0.045776
0.163508 0.116349 0.074503 0.041498
0.160770 0.831175 0.077948 0.044308
0.158976 0.878434 0.064712 0.045635
0.825365 0.149855 0.076109 0.041257
0.499188 0.369080 0.064506 0.047762
0.705691 0.522018 0.080317 0.039084
0.281560 0.210943 0.053170 0.041323
0.932398 0.122615 0.072526 0.034501
0.276884 0.346752 0.062210 0.042589
0.382802 0.810939 0.056110 0.041671
0.929881 0.202488 0.064585 0.042174
0.607986 0.506991 0.060546 0.031728
0.051497 0.278000 0.058895 0.032180
0.927110 0.387588 0.075284 0.044732
0.384700 0.512221 0.062440 0.047477
0.382105 0.856964 0.078913 0.042608
0.820925 0.484951 0.078663 0.040269
0.277000 0.389297 0.070109 0.038648
0.058641 0.906781 0.066462 0.035762
0.923276 0.600978 0.049862 0.041424
0.169660 0.228120 0.075738 0.037617
0.827013 0.077860 0.073416 0.039534
0.168345 0.501687 0.054535 0.040351
0.392467 0.082011 0.063881 0.040846
0.706266 0.760024 0.082219 0.046420
0.492321 0.726273 0.067468 0.034526
0.169399 0.301748 0.074455 0.039010
0.169270 0.078070 0.059448 0.031488
0.279763 0.301381 0.068295 0.036335
0.157894 0.783743 0.087280 0.047275
0.820260 0.407241 0.062300 0.029566
0.387007 0.308314 0.065663 0.043397
0.054086 0.166863 0.076050 0.034908
0.495226 0.643889 0.065606 0.044408
0.393313 0.216730 0.072957 0.040989
0.387087 0.263229 0.070793 0.043407
0.713694 0.634681 0.084725 0.036827
0.282365 0.173712 0.059174 0.032860
0.820936 0.188140 0.064685 0.033156
0.165842 0.620755 0.060755 0.038752
0.388469 0.347506 0.060591 0.037068
0.047435 0.785253 0.060844 0.045080
0.926015 0.866139 0.056320 0.037152
0.505380 0.533684 0.074834 0.039038
0.279258 0.485604 0.059883 0.040436
0.499724 0.411804 0.067213 0.036778
0.924333 0.561150 0.051869 0.034736
0.921817 0.638494 0.057949 0.031958
0.821358 0.266325 0.057796 0.032723
0.934648 0.084050 0.079847 0.044314
0.393092 0.472922 0.064362 0.031869
0.922294 0.754364 0.047959 0.042512
0.053622 0.536674 0.055872 0.034871
0.818203 0.835703 0.070711 0.039984
0.708399 0.595368 0.081049 0.040519
0.059467 0.079232 0.075799 0.042382
0.049673 0.467701 0.053321 0.038309
0.385700 0.387448 0.071098 0.037752
0.058799 0.033937 0.071063 0.039753
0.503551 0.130248 0.058230 0.032473
0.166085 0.383065 0.060716 0.040150
0.502374 0.571965 0.074787 0.036708
0.385580 0.609628 0.052496 0.037327
0.611273 0.281681 0.060114 0.045171
0.504115 0.250302 0.053756 0.036590
0.726658 0.201119 0.071275 0.045369
0.812815 0.585474 0.066613 0.033815
0.051520 0.353983 0.046898 0.037477
0.169102 0.265036 0.059423 0.031365
0.611563 0.211534 0.076145 0.031669
0.270688 0.774605 0.068541 0.033420
0.707769 0.712330 0.065849 0.047808
0.502605 0.497102 0.058996 0.032040
0.389284 0.733479 0.060743 0.033001
0.492440 0.838290 0.083973 0.045892
0.931426 0.039931 0.077986 0.043649
0.702058 0.558917 0.058503 0.030540
0.823768 0.111758 0.068080 0.028205
0.272199 0.656589 0.076997 0.039665
0.819611 0.299676 0.066925 0.029728
0.815937 0.878627 0.049634 0.043244
0.818509 0.787616 0.058890 0.046743
0.600331 0.629468 0.064774 0.041913
0.401336 0.170344 0.085960 0.042079
0.718380 0.094004 0.072686 0.038427
0.390822 0.126388 0.069192 0.039881
0.614716 0.077202 0.064136 0.031728
0.269232 0.817111 0.060741 0.042879
0.283870 0.092587 0.071122 0.037334
0.497102 0.688253 0.062620 0.038917
0.484994 0.791228 0.054445 0.039658
0.507000 0.041550 0.060019 0.047529
0.051488 0.426909 0.052952 0.038892
0.707784 0.930465 0.054991 0.034445
0.716429 0.969437 0.087033 0.041631
0.166034 0.154323 0.063467 0.031857
0.816475 0.920361 0.051960 0.037304
0.922632 0.716004 0.048067 0.031385
0.050341 0.827617 0.052167 0.031893
0.054387 0.246397 0.063163 0.033843
0.720527 0.132018 0.067549 0.035788
0.814635 0.745148 0.053224 0.037132
0.500837 0.211947 0.058146 0.039210
0.053223 0.745166 0.057903 0.035297
0.718430 0.243962 0.052979 0.034666
0.494917 0.603963 0.067346 0.027828
0.169832 0.538167 0.070185 0.028434
0.820103 0.959903 0.070421 0.034420
0.388202 0.769863 0.059517 0.032530
0.598388 0.745731 0.085610 0.039973
0.592119 0.787005 0.064430 0.039499
0.718934 0.283019 0.045143 0.040229
0.278218 0.438491 0.061684 0.054216
0.919019 0.942434 0.061498 0.033535
0.054754 0.504061 0.060187 0.026573
0.708917 0.669574 0.074701 0.032612
0.272118 0.578676 0.052696 0.045413
0.052309 0.314250 0.047816 0.040806
0.164212 0.340996 0.056793 0.041320
0.267847 0.862942 0.054935 0.044312
0.923379 0.831978 0.053805 0.026151
0.169751 0.038276 0.055255 0.045555
0.166667 0.464403 0.060720 0.032043
0.489130 0.884172 0.059145 0.043559
0.703799 0.847065 0.050467 0.034756
0.716227 0.488896 0.076467 0.026166
0.714464 0.459174 0.076325 0.032554
0.166207 0.657331 0.060717 0.032465
0.057864 0.207042 0.058162 0.043297
0.163849 0.576473 0.053732 0.043943
0.056769 0.703428 0.057390 0.044712
0.051960 0.124743 0.063962 0.044342
0.812552 0.618971 0.062665 0.033091
0.277646 0.951716 0.081105 0.043799
0.825804 0.516770 0.070850 0.030463
0.601664 0.708766 0.079840 0.029739
0.500787 0.326824 0.049695 0.031881
0.052781 0.664754 0.059207 0.036539
0.819743 0.036028 0.063144 0.038749
0.721713 0.163505 0.072211 0.026143
0.394294 0.034419 0.051912 0.040114
0.287005 0.046120 0.067547 0.045899
0.276232 0.619692 0.062960 0.032952
0.611115 0.245848 0.069881 0.027956
0.166666 0.737921 0.063299 0.037706
0.612926 0.036756 0.052174 0.036634
0.926057 0.976469 0.075054 0.028724
0.489370 0.756680 0.058914 0.023913
0.171340 0.961779 0.069617 0.030227
0.721649 0.046742 0.066815 0.051683
0.059255 0.947680 0.071700 0.039376
0.596005 0.941720 0.085687 0.043435
0.166180 0.694566 0.057735 0.042863
0.476793 0.935831 0.074261 0.048099
0.389522 0.949417 0.071361 0.045770
0.052473 0.624399 0.054644 0.038071
0.163607 0.925213 0.068464 0.041772
0.280217 0.734086 0.070830 0.044771
0.274246 0.704098 0.068440 0.051336
0.812017 0.549823 0.079340 0.034043
0.388549 0.649862 0.069098 0.038729
0.597033 0.903614 0.071492 0.027106
0.592099 0.876158 0.066185 0.031831
0.596905 0.967026 0.094045 0.047176
0.489843 0.965884 0.052299 0.025644
