0.392721 0.696596 0.064421 0.034688
0.292752 0.697919 0.057774 0.039093
0.836606 0.152751 0.058185 0.038180
0.397523 0.322438 0.060191 0.044884
0.508889 0.121839 0.059073 0.040725
0.941232 0.570504 0.068391 0.039664
0.395345 0.875850 0.054265 0.037608
0.949942 0.723553 0.054884 0.035381
0.515357 0.164204 0.061869 0.035558
0.511446 0.273735 0.058120 0.035318
0.837212 0.813092 0.053187 0.036937
0.401518 0.210242 0.050658 0.035820
0.404603 0.148161 0.047993 0.036768
0.613924 0.833383 0.059168 0.038338
0.500905 0.559085 0.063578 0.039839
0.073842 0.659715 0.053041 0.035258
0.948081 0.687852 0.051392 0.034543
0.834996 0.944114 0.052057 0.030799
0.288042 0.784204 0.057246 0.035185
0.400685 0.919096 0.056546 0.044611
0.834070 0.659771 0.054508 0.026912
0.836085 0.850578 0.052434 0.035381
0.071017 0.114590 0.055056 0.040011
0.182096 0.671790 0.047419 0.037703
0.715207 0.648227 0.053706 0.034650
0.292525 0.197006 0.063598 0.044971
0.394467 0.618781 0.072060 0.044012
0.285042 0.884980 0.053155 0.034896
0.616574 0.214612 0.063736 0.037065
0.289188 0.383406 0.059671 0.043995
0.605544 0.582179 0.063501 0.041503
0.943816 0.270319 0.050462 0.035890
0.395770 0.539518 0.055088 0.040110
0.711483 0.469942 0.062965 0.039137
0.711237 0.537375 0.064921 0.031689
0.393867 0.840434 0.046636 0.031792
0.510270 0.239119 0.058943 0.033957
0.611364 0.910280 0.053495 0.040743
0.172872 0.536057 0.046467 0.035356
0.514132 0.373337 0.051585 0.041903
0.835261 0.732995 0.051933 0.039106
0.069372 0.592254 0.051175 0.034803
0.841870 0.588741 0.055211 0.037814
0.504720 0.912594 0.052858 0.033878
0.290287 0.658405 0.052634 0.036345
0.403518 0.405519 0.055463 0.036278
0.835787 0.692628 0.051491 0.034666
0.504320 0.522030 0.051971 0.030392
0.396374 0.775274 0.048817 0.034668
0.725130 0.169336 0.060211 0.041487
0.838666 0.188789 0.055346 0.029951
0.501982 0.712124 0.059268 0.037957
0.610821 0.686712 0.051178 0.035241
0.937894 0.093902 0.050799 0.036252
0.405349 0.111058 0.050885 0.035271
0.394526 0.809205 0.046581 0.029721
0.506087 0.878884 0.052282 0.034425
0.495684 0.814811 0.056387 0.033135
0.608630 0.722751 0.047988 0.033547
0.623344 0.176696 0.055681 0.029799
0.836359 0.112109 0.067014 0.041065
0.188575 0.960124 0.058885 0.036168
0.071841 0.267730 0.052805 0.041384
0.618086 0.465880 0.049796 0.036312
0.179900 0.712595 0.052075 0.040611
0.720771 0.395435 0.054955 0.034741
0.621546 0.251998 0.053037 0.037731
0.400671 0.366526 0.053741 0.037673
0.501489 0.636263 0.061291 0.040108
0.396056 0.734836 0.054377 0.041777
0.937043 0.189660 0.053751 0.040889
0.069889 0.195116 0.059040 0.043717
0.834694 0.913898 0.048907 0.028400
0.400546 0.247035 0.045393 0.033990
0.287535 0.569292 0.052529 0.047599
0.516240 0.082389 0.052126 0.038961
0.944436 0.905121 0.048775 0.039585
0.179184 0.576648 0.053752 0.032153
0.295543 0.248716 0.053552 0.051608
0.513061 0.439892 0.052355 0.035956
0.396045 0.661503 0.049574 0.034934
0.183522 0.219236 0.053164 0.038235
0.608466 0.759672 0.050064 0.039383
0.939634 0.407835 0.057571 0.043281
0.071694 0.154524 0.051235 0.035452
0.288709 0.428814 0.049692 0.047691
0.185410 0.077356 0.055277 0.042161
0.175782 0.180000 0.058632 0.032719
0.399263 0.282590 0.049271 0.033045
0.181763 0.262192 0.047550 0.043682
0.402909 0.077024 0.051818 0.033046
0.945487 0.526802 0.049682 0.040779
0.184834 0.751218 0.055915 0.032092
0.940812 0.230939 0.051273 0.035681
0.513840 0.201659 0.045535 0.037007
0.943383 0.488582 0.049548 0.035035
0.075277 0.890085 0.055296 0.040121
0.288060 0.742222 0.051055 0.042762
0.182271 0.115473 0.051755 0.031101
0.941289 0.331255 0.051765 0.034973
0.946066 0.651994 0.055164 0.028843
0.835542 0.773382 0.047132 0.037295
0.497361 0.846154 0.049809 0.029291
0.300806 0.117240 0.048821 0.036852
0.837415 0.264587 0.049815 0.039636
0.182069 0.147105 0.047180 0.030326
0.834765 0.225000 0.061135 0.038933
0.293927 0.337641 0.054771 0.039224
0.718381 0.681931 0.047911 0.033170
0.290524 0.615278 0.054736 0.040777
0.719042 0.857535 0.046616 0.035440
0.182254 0.850662 0.057744 0.034292
0.945821 0.614361 0.050253 0.041257
0.839246 0.309572 0.068958 0.048676
0.288548 0.520339 0.052885 0.048227
0.717787 0.608735 0.048259 0.040239
0.609267 0.539059 0.067767 0.040240
0.185968 0.887075 0.052476 0.035236
0.608774 0.622219 0.048840 0.035984
0.723077 0.931193 0.058306 0.030145
0.618033 0.291049 0.054714 0.036913
0.617829 0.079391 0.071015 0.036960
0.719729 0.239826 0.055757 0.038224
0.497967 0.778287 0.048811 0.034608
0.171453 0.499134 0.052403 0.033762
0.834334 0.973631 0.052005 0.029190
0.072175 0.039183 0.057752 0.042707
0.183160 0.922990 0.043740 0.036007
0.723035 0.096609 0.047911 0.027065
0.070223 0.627735 0.051014 0.025912
0.512860 0.973832 0.065411 0.030742
0.508602 0.481711 0.048730 0.045233
0.720982 0.788911 0.049131 0.037151
0.292000 0.818802 0.048639 0.031623
0.941532 0.153211 0.044595 0.030477
0.832771 0.403254 0.049284 0.035939
0.081102 0.814989 0.048030 0.030698
0.715345 0.569272 0.055668 0.032861
0.619236 0.143088 0.048396 0.034252
0.722378 0.896306 0.043533 0.035753
0.296260 0.298491 0.049702 0.039357
0.173090 0.460772 0.046893 0.038678
0.399131 0.502852 0.050738 0.030152
0.726442 0.062944 0.050833 0.033021
0.723042 0.129350 0.051291 0.036697
0.720418 0.747238 0.043756 0.040618
0.944817 0.965098 0.054578 0.035419
0.396405 0.578150 0.044404 0.035149
0.071501 0.701012 0.049222 0.039812
0.079767 0.964917 0.049130 0.039727
0.607773 0.873075 0.051978 0.028637
0.722987 0.352292 0.046904 0.044648
0.721991 0.205793 0.046603 0.030373
0.513527 0.335556 0.046911 0.032078
0.500250 0.597327 0.047861 0.033937
0.304573 0.076298 0.050724 0.041922
0.073256 0.078229 0.044614 0.031608
0.508257 0.944225 0.052695 0.029257
0.074194 0.307721 0.059977 0.033219
0.179442 0.609566 0.048810 0.026822
0.834146 0.359986 0.060764 0.047210
0.833552 0.470696 0.046644 0.033800
0.832199 0.510671 0.051256 0.042910
0.837371 0.075038 0.057533 0.024790
0.616612 0.429161 0.049252 0.033003
0.298941 0.155536 0.043826 0.037216
0.941475 0.794674 0.042777 0.030096
0.719749 0.311536 0.066106 0.031348
0.503695 0.675605 0.047467 0.032954
0.293706 0.850189 0.040987 0.030767
0.403401 0.178569 0.041138 0.024672
0.295459 0.473321 0.059637 0.036487
0.720562 0.714047 0.050131 0.025768
0.172688 0.423118 0.047919 0.034858
0.720441 0.432247 0.042762 0.032196
0.832022 0.626391 0.051490 0.034264
0.945784 0.825427 0.055217 0.032762
0.183489 0.034089 0.065549 0.045873
0.079217 0.783316 0.045174 0.034754
0.077385 0.927848 0.047300 0.034600
0.621701 0.111466 0.056248 0.029768
0.070116 0.523897 0.043333 0.038904
0.724213 0.822340 0.045819 0.032532
0.290679 0.919623 0.047250 0.027213
0.834553 0.885331 0.040773 0.030905
0.070435 0.482687 0.047689 0.038542
0.937274 0.368155 0.043563 0.034460
0.182080 0.636423 0.047286 0.024847
0.834584 0.435765 0.044668 0.031406
0.183696 0.815174 0.046049 0.037108
0.178087 0.328356 0.044637 0.028562
0.301668 0.032265 0.055153 0.043182
0.939918 0.450623 0.053463 0.041272
0.174246 0.356795 0.046181 0.029425
0.397546 0.962587 0.050012 0.040028
0.944652 0.761290 0.043915 0.033901
0.719052 0.275448 0.053382 0.033358
0.713110 0.506556 0.045901 0.027327
0.513530 0.410997 0.043462 0.021413
0.516522 0.305744 0.050931 0.023325
0.078025 0.744168 0.056503 0.039044
0.084228 0.397473 0.087312 0.049140
0.070041 0.559207 0.041954 0.027635
0.189237 0.783539 0.061349 0.029725
0.398563 0.440552 0.041808 0.029753
0.514637 0.036556 0.055774 0.045836
0.403253 0.034344 0.052415 0.044827
0.180820 0.299826 0.051350 0.023518
0.935526 0.062461 0.048248 0.025662
0.069442 0.234681 0.049580 0.024695
0.609890 0.799061 0.051777 0.031767
0.623020 0.035830 0.050333 0.046070
0.173608 0.388851 0.041002 0.030888
0.615082 0.358211 0.043054 0.044581
0.939458 0.126119 0.041640 0.026486
0.615282 0.653375 0.048020 0.025580
0.942550 0.301621 0.047503 0.026035
0.079360 0.849353 0.041914 0.037039
0.505338 0.746654 0.077230 0.026539
0.621706 0.502355 0.057610 0.031992
0.727458 0.026119 0.044908 0.032671
0.616825 0.394205 0.041835 0.030011
0.399872 0.470530 0.048479 0.032582
0.726238 0.964452 0.044623 0.025393
0.835832 0.551442 0.039717 0.032611
0.943224 0.935787 0.041970 0.021142
0.946536 0.863923 0.051529 0.035255
0.933474 0.030167 0.045837 0.037639
0.073091 0.441317 0.039490 0.030798
0.072461 0.349666 0.063988 0.045752
0.292270 0.959599 0.034586 0.045941
0.608670 0.946242 0.056672 0.032327
0.622218 0.320758 0.043165 0.022970
0.832367 0.037462 0.058023 0.044110
0.616080 0.973885 0.059853 0.026058
0.558875 0.577485 0.020019 0.017570
