0.809162 0.739630 0.067045 0.046813
0.383791 0.285941 0.068543 0.041572
0.274296 0.343845 0.062555 0.041605
0.073374 0.342495 0.058688 0.041460
0.381365 0.441649 0.058372 0.041186
0.275664 0.386325 0.060762 0.040486
0.277812 0.151950 0.065739 0.034598
0.278421 0.580403 0.072889 0.047781
0.071349 0.891904 0.060417 0.044356
0.595444 0.196733 0.064209 0.047131
0.926437 0.725381 0.056870 0.038951
0.493061 0.305395 0.057471 0.037447
0.386741 0.398126 0.053672 0.041441
0.076678 0.410368 0.061526 0.036430
0.490311 0.228248 0.054456 0.043351
0.387092 0.670519 0.053863 0.038228
0.387426 0.242816 0.061801 0.040858
0.926263 0.498175 0.052660 0.033748
0.278768 0.186536 0.050214 0.035847
0.488900 0.488379 0.077602 0.039105
0.178838 0.669792 0.058523 0.037617
0.813705 0.651761 0.059045 0.046243
0.180644 0.362013 0.055005 0.029020
0.280764 0.465225 0.059484 0.037264
0.608413 0.764868 0.056183 0.033519
0.493941 0.449326 0.061334 0.035268
0.608145 0.681915 0.054662 0.038766
0.720625 0.559673 0.059549 0.046582
0.813352 0.214105 0.058140 0.038266
0.285563 0.536075 0.065867 0.033861
0.819103 0.172194 0.054390 0.036254
0.173323 0.458098 0.053527 0.038792
0.178552 0.280696 0.052210 0.044252
0.505171 0.976220 0.056025 0.032957
0.602277 0.317229 0.056777 0.040619
0.926685 0.684311 0.049003 0.042423
0.179761 0.325468 0.053227 0.038581
0.810501 0.782030 0.057788 0.036448
0.818392 0.571788 0.056739 0.032992
0.392091 0.519151 0.057296 0.039836
0.817788 0.250792 0.058611 0.033269
0.927181 0.642947 0.053794 0.037244
0.172641 0.923637 0.060979 0.036388
0.280394 0.116332 0.049852 0.035707
0.166916 0.542016 0.062757 0.045992
0.489472 0.147279 0.075903 0.039665
0.489397 0.267722 0.059938 0.032076
0.925471 0.599623 0.058550 0.046955
0.926931 0.559895 0.045845 0.033479
0.596582 0.239459 0.062564 0.038208
0.612093 0.722755 0.048217 0.043560
0.925013 0.805019 0.049800 0.037682
0.387420 0.361725 0.051532 0.033442
0.175196 0.708690 0.052598 0.036274
0.073551 0.966980 0.069812 0.040836
0.280303 0.502112 0.055794 0.029778
0.073014 0.573292 0.055981 0.042176
0.816491 0.286720 0.052106 0.036221
0.819790 0.609160 0.049330 0.038003
0.926183 0.766344 0.049590 0.037031
0.611804 0.642531 0.050917 0.038123
0.274355 0.738008 0.057956 0.033174
0.070696 0.536025 0.056904 0.032211
0.496681 0.615546 0.072729 0.039523
0.388951 0.105150 0.050453 0.040348
0.817042 0.531801 0.051969 0.040300
0.814825 0.825077 0.057435 0.049391
0.278567 0.699131 0.052794 0.040132
0.274616 0.427264 0.055014 0.035580
0.389811 0.481625 0.059798 0.034210
0.603857 0.839292 0.049213 0.033219
0.501459 0.870385 0.049108 0.034361
0.500967 0.906310 0.044781 0.037875
0.815761 0.360759 0.053819 0.046818
0.290304 0.890653 0.049809 0.049558
0.815609 0.694443 0.052098 0.038886
0.489458 0.187404 0.054215 0.036443
0.172422 0.588135 0.054643 0.039474
0.173135 0.887606 0.046089 0.034646
0.066146 0.108154 0.050447 0.038739
0.069349 0.493021 0.063533 0.045972
0.705329 0.348181 0.063345 0.040126
0.061128 0.070047 0.062212 0.034158
0.606480 0.802466 0.053309 0.035896
0.178530 0.959865 0.049685 0.033926
0.278568 0.774372 0.051220 0.032193
0.390537 0.815345 0.056469 0.039540
0.278840 0.626496 0.054524 0.040746
0.711366 0.514126 0.069503 0.039151
0.390294 0.629502 0.050129 0.038607
0.709829 0.261728 0.051164 0.046826
0.180685 0.151910 0.051782 0.030335
0.062632 0.029657 0.052079 0.042288
0.707853 0.306980 0.051233 0.037753
0.388207 0.067419 0.051986 0.033930
0.493253 0.385799 0.050053 0.044351
0.602060 0.901625 0.062153 0.033944
0.927469 0.457424 0.043863 0.037909
0.069801 0.814387 0.067802 0.046957
0.174197 0.630889 0.049231 0.043250
0.505933 0.835471 0.055540 0.029839
0.814861 0.491767 0.051080 0.039273
0.613045 0.968510 0.060407 0.035243
0.708250 0.394104 0.050930 0.041862
0.491361 0.344712 0.076334 0.031753
0.185695 0.189453 0.062050 0.040880
0.499228 0.944798 0.046146 0.031307
0.606683 0.934905 0.053451 0.034495
0.605636 0.364715 0.052207 0.050851
0.812953 0.411012 0.051053 0.044411
0.817518 0.321180 0.050733 0.030970
0.070636 0.171610 0.049691 0.031328
0.493077 0.523625 0.057603 0.032381
0.175953 0.071127 0.051066 0.042568
0.500399 0.801884 0.055820 0.038017
0.284695 0.932279 0.066374 0.032277
0.922572 0.841654 0.049759 0.034288
0.282015 0.075048 0.051384 0.045663
0.079006 0.930507 0.055206 0.034411
0.709171 0.439914 0.046569 0.044472
0.925480 0.909869 0.047732 0.037623
0.388816 0.708053 0.045087 0.035390
0.071705 0.660490 0.050076 0.035707
0.709702 0.214533 0.047401 0.044231
0.926962 0.529925 0.050330 0.027179
0.493464 0.103759 0.057761 0.042170
0.387724 0.594000 0.052423 0.035628
0.069229 0.617607 0.051313 0.045244
0.279376 0.662211 0.052449 0.028039
0.603354 0.870545 0.044761 0.031990
0.385331 0.327574 0.052028 0.037633
0.071381 0.450819 0.065053 0.039317
0.172573 0.499430 0.044075 0.038462
0.284957 0.807342 0.061619 0.029420
0.070002 0.264747 0.050012 0.039259
0.608177 0.408177 0.049782 0.035032
0.069715 0.769207 0.050198 0.039782
0.603657 0.276805 0.059617 0.042682
0.605272 0.029816 0.059498 0.044874
0.072214 0.300459 0.041892 0.034652
0.390950 0.559454 0.048696 0.036078
0.173007 0.747954 0.064542 0.035630
0.931858 0.341170 0.045807 0.038102
0.171828 0.818128 0.052117 0.034737
0.925504 0.873096 0.044616 0.030019
0.926829 0.177446 0.049190 0.047763
0.389177 0.143823 0.043830 0.032181
0.927371 0.416776 0.044500 0.038443
0.608448 0.444487 0.050075 0.030219
0.929033 0.136014 0.041641 0.033788
0.286171 0.841809 0.053193 0.042384
0.711635 0.479101 0.045838 0.028045
0.386837 0.779389 0.046224 0.036241
0.599925 0.075761 0.048203 0.045608
0.502481 0.762789 0.048581 0.036812
0.497076 0.029213 0.056563 0.039317
0.390244 0.028084 0.046259 0.041501
0.391213 0.886597 0.055884 0.043215
0.293574 0.966176 0.059244 0.040858
0.606419 0.481458 0.040313 0.038013
0.284971 0.029292 0.055786 0.041111
0.072044 0.852601 0.057212 0.030712
0.075551 0.379405 0.045104 0.026670
0.276095 0.230967 0.046823 0.047058
0.496856 0.582848 0.044671 0.027567
0.276873 0.300548 0.053118 0.041398
0.073779 0.736097 0.044132 0.027929
0.389235 0.178691 0.060058 0.030676
0.928685 0.378723 0.039556 0.033825
0.497539 0.067131 0.050656 0.031290
0.930266 0.304894 0.037795 0.034092
0.071267 0.139637 0.047933 0.027703
0.393526 0.929644 0.048728 0.043763
0.172590 0.027756 0.059717 0.041536
0.599470 0.117707 0.048606 0.037595
0.813755 0.451504 0.049413 0.034691
0.179503 0.113275 0.041076 0.041101
0.496835 0.553547 0.051123 0.027318
0.177898 0.851057 0.049450 0.035914
0.818975 0.099036 0.043656 0.030197
0.930302 0.262869 0.051853 0.049070
0.611661 0.601353 0.055777 0.037707
0.931269 0.062439 0.043852 0.035548
0.817044 0.132601 0.045842 0.039744
0.819664 0.028370 0.044716 0.037009
0.598886 0.155231 0.042790 0.034912
0.183218 0.233199 0.070519 0.046320
0.927433 0.223150 0.051951 0.026581
0.069932 0.216038 0.047720 0.050861
0.177194 0.420917 0.051937 0.037189
0.386744 0.209301 0.042881 0.026080
0.921284 0.966924 0.045410 0.030974
0.385298 0.743646 0.048927 0.039435
0.819776 0.065816 0.040481 0.034883
0.712066 0.173272 0.047487 0.033580
0.175668 0.780466 0.049794 0.033346
0.711787 0.129981 0.067057 0.046763
0.394277 0.967441 0.049931 0.030207
0.497703 0.724931 0.058741 0.045031
0.928584 0.101483 0.041891 0.035827
0.492370 0.420422 0.042717 0.023867
0.180536 0.391262 0.049052 0.028453
0.601879 0.569250 0.060562 0.034871
0.501706 0.684213 0.063706 0.034027
0.277261 0.271806 0.046285 0.033747
0.067488 0.699582 0.069562 0.037088
0.501166 0.656565 0.066641 0.041578
0.391676 0.849461 0.058673 0.025779
0.921760 0.941546 0.040306 0.023958
0.930183 0.024904 0.047290 0.034463
0.606965 0.527463 0.054558 0.045994
