0.836971 0.328659 0.066859 0.041516
0.831766 0.211718 0.067899 0.034644
0.941814 0.857233 0.067044 0.038897
0.064029 0.484245 0.074034 0.037826
0.391688 0.525627 0.065571 0.039863
0.617732 0.402845 0.062505 0.040202
0.835963 0.500581 0.074214 0.048276
0.180337 0.670503 0.071062 0.039331
0.060972 0.445815 0.069873 0.039633
0.621090 0.360195 0.060247 0.039714
0.173675 0.458122 0.087590 0.051086
0.619964 0.215842 0.063789 0.041629
0.280730 0.336653 0.068092 0.040112
0.281527 0.295552 0.062017 0.039860
0.736144 0.143006 0.063276 0.041563
0.832113 0.371264 0.084708 0.043816
0.627283 0.171320 0.063736 0.041616
0.834570 0.171560 0.060191 0.040258
0.401497 0.251455 0.064834 0.040107
0.944211 0.132287 0.072132 0.043214
0.182640 0.327435 0.080237 0.035040
0.064924 0.252367 0.060503 0.044506
0.834521 0.814943 0.068214 0.042186
0.175151 0.842397 0.076522 0.044975
0.276445 0.226505 0.058538 0.032042
0.621006 0.441128 0.063854 0.034786
0.836263 0.248098 0.062016 0.033847
0.512220 0.562591 0.062078 0.042993
0.946147 0.171199 0.066855 0.036487
0.948478 0.370307 0.070797 0.042273
0.945566 0.211530 0.058318 0.041324
0.729436 0.644110 0.070258 0.042019
0.946389 0.456572 0.060880 0.042200
0.946794 0.413267 0.069492 0.036526
0.066081 0.562308 0.073435 0.046330
0.514936 0.398901 0.075213 0.040404
0.511331 0.646099 0.062661 0.040019
0.621754 0.131930 0.061762 0.036348
0.064358 0.119481 0.072187 0.039141
0.943333 0.817373 0.062674 0.037170
0.948211 0.091716 0.071278 0.036487
0.276379 0.258077 0.065407 0.031634
0.734814 0.308661 0.058508 0.042004
0.735793 0.481475 0.072032 0.041490
0.833837 0.414696 0.066907 0.038513
0.399906 0.402676 0.064297 0.044098
0.943586 0.053848 0.073552 0.038147
0.179282 0.410769 0.061917 0.042270
0.831705 0.914213 0.063708 0.049874
0.735824 0.715161 0.060508 0.041308
0.624773 0.087819 0.065906 0.048870
0.401875 0.171663 0.065033 0.040772
0.510016 0.603997 0.068254 0.038490
0.513849 0.196836 0.059178 0.044278
0.838458 0.454882 0.065843 0.039059
0.399056 0.327777 0.079122 0.042157
0.733828 0.757682 0.069398 0.042450
0.608479 0.727590 0.077097 0.040231
0.948257 0.255546 0.065510 0.042531
0.062204 0.160694 0.074846 0.040273
0.952208 0.572494 0.072175 0.041328
0.508911 0.441187 0.066196 0.041651
0.510780 0.482005 0.074749 0.040355
0.726949 0.186193 0.078741 0.041433
0.737594 0.265598 0.067442 0.038572
0.176325 0.943434 0.075339 0.045043
0.066470 0.611571 0.070331 0.046018
0.834136 0.774163 0.065662 0.037035
0.737657 0.525850 0.057262 0.041817
0.950958 0.618769 0.076623 0.047731
0.617500 0.320110 0.074499 0.034240
0.181052 0.797150 0.058247 0.041896
0.953702 0.527780 0.069881 0.045455
0.609459 0.772489 0.066110 0.049382
0.390392 0.482497 0.055835 0.034195
0.517376 0.328549 0.061073 0.043757
0.182588 0.753329 0.059536 0.039444
0.514260 0.284873 0.063130 0.040748
0.176292 0.287513 0.076301 0.042272
0.940003 0.777472 0.062619 0.039459
0.612920 0.819112 0.063532 0.045014
0.065988 0.363846 0.061088 0.043892
0.837705 0.132950 0.071808 0.039810
0.612238 0.864970 0.058114 0.044771
0.727711 0.839090 0.073549 0.042221
0.397025 0.097032 0.058480 0.040491
0.180939 0.134299 0.075271 0.040018
0.618335 0.517147 0.070519 0.040662
0.511062 0.149133 0.052001 0.043521
0.733429 0.351288 0.076435 0.038960
0.720857 0.931686 0.070234 0.044661
0.178159 0.367519 0.057902 0.044191
0.839240 0.054259 0.075055 0.045216
0.725586 0.437786 0.069140 0.039973
0.837927 0.736189 0.062263 0.034747
0.832614 0.285660 0.053188 0.034895
0.510805 0.107356 0.072094 0.035806
0.057857 0.204688 0.056260 0.048951
0.281792 0.380810 0.076833 0.045237
0.836176 0.700030 0.059122 0.038221
0.619844 0.476968 0.054353 0.034529
0.065789 0.659571 0.060652 0.046181
0.285371 0.147595 0.064890 0.045678
0.394806 0.291369 0.066728 0.033179
0.830394 0.961666 0.078079 0.045169
0.172105 0.248646 0.057069 0.029303
0.404067 0.211094 0.067893 0.036389
0.067338 0.406048 0.056635 0.039185
0.614904 0.646549 0.065171 0.034560
0.614611 0.605613 0.056359 0.040660
0.609603 0.686233 0.059360 0.044129
0.504328 0.521435 0.062609 0.034041
0.507410 0.685655 0.064973 0.035252
0.735065 0.604126 0.056749 0.032434
0.174294 0.215720 0.055245 0.034205
0.937742 0.899968 0.066414 0.042963
0.728989 0.393754 0.055253 0.042809
0.391736 0.569869 0.055225 0.044801
0.181302 0.713131 0.059195 0.040431
0.069315 0.706406 0.064509 0.043560
0.174020 0.175885 0.061396 0.043781
0.937207 0.736399 0.056789 0.041386
0.841657 0.095151 0.073015 0.034949
0.619376 0.285419 0.061549 0.029843
0.174242 0.091106 0.060018 0.044645
0.613032 0.908736 0.086497 0.041103
0.064467 0.754866 0.056843 0.049835
0.950357 0.296103 0.071391 0.033790
0.053143 0.046402 0.063480 0.039502
0.513870 0.241661 0.051353 0.041878
0.735601 0.795965 0.076863 0.035912
0.733576 0.226006 0.052821 0.036370
0.725545 0.883534 0.063718 0.043086
0.174625 0.893665 0.058704 0.050555
0.624335 0.254323 0.057322 0.032297
0.937228 0.663339 0.067051 0.039180
0.950994 0.329430 0.061460 0.032539
0.735677 0.566921 0.052729 0.037858
0.834451 0.863729 0.056708 0.046390
0.181377 0.626601 0.052252 0.039559
0.398597 0.446279 0.053857 0.037083
0.280037 0.190970 0.054663 0.035897
0.187195 0.583470 0.064678 0.044631
0.836539 0.595048 0.054263 0.045851
0.061068 0.084049 0.054290 0.032270
0.179357 0.502815 0.055101 0.039032
0.180156 0.541657 0.057894 0.038266
0.385543 0.622019 0.074019 0.055867
0.401184 0.364807 0.061042 0.027188
0.071441 0.828970 0.056599 0.039440
0.732015 0.056513 0.064065 0.046992
0.942337 0.699177 0.063901 0.031505
0.834144 0.651751 0.065403 0.058280
0.511175 0.062563 0.058731 0.052296
0.171430 0.049143 0.075962 0.036668
0.498215 0.731523 0.051855 0.049760
0.069918 0.872064 0.050803 0.041897
0.400969 0.054346 0.053914 0.041094
0.615370 0.561401 0.052512 0.047578
0.405373 0.133596 0.066490 0.030395
0.950830 0.491856 0.059352 0.028892
0.061146 0.520090 0.085961 0.031737
0.733761 0.680910 0.055368 0.027747
0.504260 0.804577 0.060986 0.035072
0.394732 0.681372 0.064720 0.052496
0.845013 0.548691 0.062287 0.045189
0.062953 0.319669 0.060686 0.040108
0.500310 0.771280 0.046759 0.026189
0.068130 0.914857 0.054678 0.041008
0.722614 0.970231 0.053968 0.035043
0.067630 0.956247 0.053998 0.046168
0.729570 0.100684 0.059421 0.037459
0.608028 0.953386 0.052760 0.040924
0.944695 0.951515 0.085984 0.055440
0.068069 0.793812 0.060635 0.025253
0.619738 0.046295 0.049196 0.030147
0.060917 0.288346 0.050080 0.029516
0.525208 0.364645 0.076879 0.023169
0.390388 0.737710 0.056523 0.057416
