0.284376 0.277772 0.063486 0.038829
0.618195 0.528773 0.059239 0.034099
0.615159 0.419877 0.071941 0.041973
0.512326 0.239733 0.067107 0.046295
0.620460 0.689806 0.062102 0.039176
0.409494 0.773924 0.075388 0.041190
0.279060 0.197557 0.064792 0.038476
0.512294 0.282745 0.060072 0.035414
0.395219 0.310937 0.065633 0.040841
0.617262 0.300700 0.072139 0.045117
0.061397 0.777618 0.074843 0.041370
0.615677 0.258382 0.060710 0.034268
0.614858 0.184154 0.068746 0.037065
0.170317 0.749658 0.052631 0.043040
0.723928 0.646791 0.063608 0.041494
0.510172 0.149870 0.063916 0.044588
0.726305 0.484162 0.073986 0.041054
0.172265 0.838033 0.063415 0.051790
0.724250 0.257551 0.071097 0.041146
0.825780 0.189837 0.077259 0.043153
0.614245 0.109713 0.059487 0.030994
0.619529 0.838915 0.072146 0.036626
0.512477 0.195463 0.068700 0.039005
0.611302 0.220789 0.074691 0.037083
0.824753 0.145931 0.069429 0.041984
0.622389 0.612252 0.066209 0.042745
0.066169 0.333306 0.067119 0.039074
0.620233 0.493683 0.063487 0.032880
0.727486 0.830855 0.060207 0.034783
0.616123 0.344931 0.064712 0.038881
0.392759 0.348427 0.066819 0.034164
0.412913 0.600494 0.075553 0.043093
0.280105 0.777030 0.057640 0.041801
0.820899 0.233954 0.075171 0.040578
0.516680 0.457532 0.067228 0.030857
0.065575 0.619472 0.069628 0.042377
0.505542 0.027570 0.062542 0.042267
0.940197 0.219406 0.060867 0.039086
0.395884 0.152252 0.069760 0.039811
0.933509 0.757890 0.075075 0.037879
0.058275 0.573069 0.052105 0.041394
0.940456 0.347015 0.060873 0.034270
0.401360 0.647230 0.058624 0.044546
0.176619 0.225208 0.055868 0.038385
0.621926 0.458794 0.055977 0.033822
0.278113 0.628065 0.068870 0.040203
0.286569 0.899649 0.054900 0.042806
0.617957 0.776197 0.058750 0.041497
0.511137 0.354981 0.069458 0.037432
0.620461 0.568503 0.057412 0.036410
0.396025 0.194755 0.077028 0.038918
0.831862 0.766647 0.074674 0.038693
0.285496 0.345436 0.055825 0.041473
0.287592 0.587528 0.062648 0.034368
0.619787 0.731032 0.067466 0.041912
0.172355 0.185891 0.064184 0.038030
0.726596 0.794798 0.066693 0.036731
0.378135 0.026722 0.084326 0.042313
0.405551 0.517193 0.059577 0.041845
0.396621 0.233654 0.071117 0.037256
0.940611 0.669384 0.071102 0.043121
0.825741 0.068593 0.064630 0.038184
0.068160 0.415805 0.072163 0.043415
0.180424 0.417003 0.066898 0.042061
0.174414 0.074849 0.056551 0.038099
0.944373 0.385110 0.060678 0.034228
0.059357 0.858172 0.068791 0.035593
0.282252 0.109765 0.072679 0.044335
0.517408 0.519031 0.072711 0.030995
0.823967 0.389840 0.061498 0.032068
0.409121 0.814824 0.069410 0.036975
0.610458 0.070186 0.058919 0.044155
0.720620 0.690683 0.068475 0.043308
0.168757 0.376505 0.071642 0.033790
0.277250 0.155417 0.077483 0.041262
0.938584 0.623982 0.062537 0.042835
0.402419 0.475889 0.063716 0.031815
0.723411 0.755542 0.073223 0.037831
0.833006 0.574465 0.064300 0.038029
0.281776 0.237304 0.052024 0.038886
0.515018 0.595730 0.063586 0.039529
0.069288 0.247455 0.080400 0.044911
0.064970 0.819467 0.071171 0.038590
0.932429 0.902484 0.062155 0.038356
0.174334 0.606317 0.053155 0.038182
0.942815 0.714449 0.058422 0.043994
0.285509 0.386963 0.062421 0.036846
0.728553 0.602038 0.051567 0.040979
0.068957 0.455804 0.065934 0.033282
0.623783 0.919580 0.058717 0.038850
0.612216 0.145842 0.073168 0.033856
0.828503 0.277845 0.085965 0.043958
0.623447 0.879790 0.056534 0.038267
0.509342 0.738821 0.053521 0.032181
0.728393 0.332078 0.078042 0.037884
0.285328 0.708856 0.054825 0.039724
0.933471 0.510253 0.058592 0.038551
0.939608 0.471541 0.061857 0.035324
0.514635 0.105585 0.074401 0.036992
0.524506 0.951983 0.082434 0.041281
0.830342 0.728714 0.058265 0.038017
0.722347 0.526799 0.058297 0.039832
0.512128 0.774276 0.051800 0.037558
0.066832 0.901254 0.074162 0.039567
0.283526 0.552112 0.059041 0.030912
0.293494 0.470738 0.060291 0.047496
0.174808 0.265627 0.047889 0.041561
0.389077 0.112969 0.084334 0.037692
0.072319 0.129138 0.071833 0.029968
0.726797 0.864495 0.062602 0.029303
0.939557 0.545728 0.060318 0.034353
0.400392 0.442363 0.071800 0.034645
0.827476 0.424208 0.067384 0.025673
0.718068 0.070827 0.086100 0.039039
0.396738 0.269149 0.075686 0.035905
0.177974 0.340159 0.067975 0.028615
0.924980 0.858822 0.067722 0.046183
0.834843 0.802395 0.066668 0.030696
0.290614 0.425649 0.055902 0.039898
0.275244 0.669399 0.059534 0.036232
0.405876 0.732349 0.053332 0.035938
0.179194 0.306033 0.078696 0.033080
0.734676 0.929278 0.060043 0.036587
0.283233 0.818985 0.077238 0.033870
0.175265 0.110248 0.066081 0.030048
0.284251 0.937933 0.059498 0.027589
0.937747 0.266799 0.056403 0.048204
0.063233 0.496181 0.072928 0.038353
0.512716 0.554973 0.088121 0.039771
0.825428 0.028079 0.060591 0.039727
0.721227 0.215598 0.053560 0.036118
0.513193 0.318313 0.076196 0.033737
0.934726 0.181167 0.049852 0.033005
0.176809 0.791368 0.064421 0.036919
0.725249 0.297073 0.067447 0.029133
0.401184 0.559075 0.060254 0.036789
0.172911 0.645240 0.060001 0.035514
0.061030 0.065765 0.064851 0.039170
0.177423 0.525942 0.069538 0.027663
0.724185 0.140300 0.067064 0.033047
0.171461 0.707892 0.060154 0.032524
0.512205 0.842861 0.054971 0.041825
0.723187 0.107004 0.062120 0.031832
0.174537 0.563432 0.054527 0.039762
0.401189 0.410639 0.072021 0.028880
0.288194 0.514438 0.050112 0.035874
0.834809 0.533096 0.068174 0.038533
0.064116 0.736685 0.046665 0.037217
0.926814 0.031665 0.069020 0.041073
0.059877 0.371866 0.083713 0.034409
0.511513 0.632223 0.083469 0.032640
0.715970 0.028975 0.063883 0.037849
0.834596 0.321244 0.075171 0.037748
0.522956 0.914775 0.073052 0.029644
0.831440 0.687998 0.052544 0.038795
0.827650 0.355898 0.061635 0.027725
0.935575 0.071795 0.064802 0.034605
0.063440 0.700598 0.057245 0.034052
0.618276 0.652111 0.046999 0.028311
0.509978 0.068025 0.067297 0.038831
0.166509 0.885793 0.078385 0.036909
0.939701 0.309395 0.054391 0.030958
0.515009 0.487501 0.071719 0.028060
0.729662 0.445949 0.061640 0.031062
0.176373 0.926214 0.062691 0.042493
0.406457 0.691920 0.055155 0.041660
0.280565 0.066862 0.059831 0.035989
0.617453 0.380070 0.055991 0.032214
0.832671 0.838170 0.082807 0.039289
0.723665 0.563546 0.058476 0.031035
0.824665 0.107171 0.056634 0.031007
0.937493 0.949133 0.056466 0.046775
0.064587 0.291239 0.055017 0.035174
0.511609 0.704689 0.054785 0.034393
0.823652 0.645468 0.081048 0.040190
0.832031 0.608923 0.049375 0.027052
0.837761 0.914835 0.073708 0.031977
0.512796 0.881630 0.052710 0.032616
0.069613 0.168580 0.052950 0.038768
0.399531 0.380045 0.069211 0.031023
0.383479 0.069510 0.057516 0.042924
0.181824 0.969154 0.060438 0.038405
0.171245 0.032105 0.056565 0.041616
0.637658 0.958427 0.072240 0.037537
0.508097 0.393013 0.087036 0.037361
0.728085 0.896228 0.053468 0.023992
0.509083 0.427663 0.069893 0.027404
0.607376 0.026936 0.058186 0.040471
0.068694 0.661081 0.069230 0.040016
0.828724 0.497282 0.072760 0.029069
0.828109 0.462109 0.057058 0.038896
0.934802 0.582867 0.064100 0.037189
0.291801 0.971894 0.084186 0.040112
0.178322 0.487152 0.054551 0.045644
0.722582 0.177502 0.057224 0.039665
0.933109 0.110262 0.069858 0.039379
0.283137 0.854623 0.053708 0.038525
0.402724 0.887403 0.083935 0.037268
0.170566 0.146159 0.057593 0.039561
0.510758 0.668584 0.067008 0.038277
0.070678 0.204333 0.052033 0.032879
0.074548 0.098480 0.061272 0.024613
0.836462 0.876826 0.056035 0.033338
0.728728 0.413448 0.048324 0.032356
0.287705 0.740906 0.076105 0.023870
0.524600 0.807154 0.077964 0.025655
0.178579 0.677869 0.059722 0.024350
0.413193 0.957735 0.083908 0.038298
0.409294 0.849959 0.064060 0.032661
0.830385 0.952160 0.058775 0.036426
0.284394 0.310891 0.046218 0.026021
0.067674 0.531768 0.066125 0.029243
0.059625 0.029659 0.061987 0.030646
0.066510 0.941836 0.080660 0.033755
0.939261 0.146466 0.053343 0.035374
0.273814 0.026995 0.049684 0.038474
0.072002 0.974714 0.065715 0.031928
0.411320 0.924006 0.053398 0.024926
0.938635 0.804055 0.069658 0.048283
0.939019 0.416378 0.047382 0.024434
0.722992 0.375032 0.068272 0.043518
0.939924 0.440902 0.048013 0.019036
0.723837 0.723764 0.049602 0.019484
0.181152 0.451260 0.048700 0.020474
0.619658 0.808618 0.057464 0.024451
0.736125 0.963467 0.089350 0.031982
