0.187673 0.777763 0.076738 0.053512
0.064885 0.175968 0.075728 0.054649
0.175280 0.388997 0.091318 0.056562
0.608676 0.499197 0.090197 0.043950
0.179325 0.226098 0.085945 0.056663
0.490883 0.275667 0.089148 0.053949
0.605501 0.549707 0.091815 0.051882
0.940215 0.294218 0.081565 0.049687
0.721749 0.910657 0.085158 0.046908
0.495034 0.219398 0.093629 0.055911
0.938429 0.345105 0.086952 0.046563
0.176379 0.829662 0.081695 0.046966
0.287696 0.934368 0.073684 0.037912
0.491396 0.615340 0.093456 0.058076
0.391288 0.925635 0.082250 0.047542
0.722644 0.436424 0.090295 0.055280
0.828588 0.695649 0.070857 0.057313
0.606771 0.173095 0.089578 0.053166
0.283254 0.840107 0.069444 0.048346
0.726306 0.810869 0.085499 0.048914
0.175839 0.722543 0.073422 0.053349
0.493226 0.828417 0.090455 0.050260
0.074669 0.878588 0.075912 0.049872
0.179421 0.280729 0.083524 0.047350
0.387674 0.214921 0.075168 0.050722
0.496155 0.382399 0.090859 0.045869
0.931307 0.569042 0.077748 0.053155
0.837888 0.113067 0.085879 0.055859
0.064180 0.229698 0.077773 0.044074
0.494357 0.330788 0.086941 0.054557
0.608612 0.227876 0.095500 0.053884
0.723139 0.756834 0.074154 0.054062
0.178302 0.332437 0.073798 0.051910
0.825109 0.752194 0.085823 0.051087
0.180685 0.110451 0.088603 0.048583
0.497869 0.776152 0.072289 0.045977
0.181359 0.165103 0.068565 0.055334
0.384504 0.321486 0.076601 0.050829
0.490976 0.436582 0.077687 0.046511
0.604590 0.394093 0.086368 0.056084
0.831384 0.585930 0.072799 0.045602
0.722934 0.544469 0.074770 0.061008
0.186017 0.878571 0.084117 0.047000
0.831248 0.801719 0.081726 0.045103
0.172912 0.603529 0.081036 0.049576
0.723994 0.597856 0.087113 0.043730
0.387796 0.757686 0.090920 0.053793
0.937705 0.515612 0.073131 0.046363
0.609531 0.602993 0.089183 0.051272
0.488947 0.553549 0.085354 0.051504
0.069295 0.501436 0.082857 0.055644
0.930417 0.967420 0.089691 0.044740
0.067520 0.556509 0.081985 0.052960
0.722776 0.319140 0.088899 0.059889
0.834712 0.269859 0.072014 0.058329
0.604805 0.906620 0.084422 0.047751
0.386080 0.160357 0.074428 0.045405
0.381283 0.702665 0.070009 0.048852
0.388129 0.268778 0.063912 0.050088
0.180333 0.549596 0.067910 0.053626
0.177564 0.446350 0.070634 0.050175
0.936506 0.398143 0.067792 0.045920
0.067339 0.279309 0.068200 0.049326
0.619433 0.963318 0.088830 0.055280
0.720203 0.859628 0.068668 0.047097
0.834784 0.640356 0.066274 0.047184
0.612091 0.283839 0.085930 0.056037
0.070399 0.612797 0.070800 0.051628
0.294225 0.973704 0.071616 0.038515
0.285113 0.626306 0.095926 0.058410
0.605675 0.763697 0.082652 0.050956
0.283608 0.890072 0.061620 0.048073
0.066669 0.337147 0.068499 0.057609
0.833301 0.209095 0.080728 0.053701
0.499001 0.495742 0.071817 0.060296
0.834201 0.899221 0.086510 0.049008
0.836051 0.434537 0.083781 0.054092
0.500651 0.055402 0.095395 0.059639
0.386196 0.540346 0.066888 0.057866
0.188478 0.927618 0.071445 0.046756
0.834464 0.161799 0.078528 0.038536
0.282254 0.786950 0.069988 0.049018
0.064820 0.444747 0.078379 0.048477
0.718140 0.051012 0.086608 0.050224
0.177913 0.056380 0.088746 0.056317
0.937523 0.677865 0.079565 0.060709
0.286249 0.567600 0.099300 0.050541
0.597033 0.450309 0.085946 0.042368
0.181790 0.664468 0.078365 0.051898
0.942470 0.457742 0.063191 0.057195
0.064283 0.392982 0.068354 0.048444
0.943788 0.115363 0.072123 0.055689
0.292714 0.110250 0.087911 0.049114
0.391754 0.807880 0.074451 0.049166
0.064610 0.119297 0.087316 0.047263
0.181638 0.497482 0.074862 0.036697
0.608141 0.858015 0.061027 0.043463
0.078004 0.716319 0.074263 0.052414
0.388365 0.592671 0.073092 0.044013
0.489011 0.161586 0.080262 0.057686
0.840994 0.382550 0.083785 0.049235
0.608689 0.338402 0.075855 0.042660
0.934570 0.239164 0.095321 0.055075
0.938133 0.801887 0.091396 0.065356
0.834222 0.488628 0.073746 0.045097
0.391300 0.969738 0.078973 0.038980
0.720894 0.259024 0.087294 0.059478
0.838267 0.329859 0.079100 0.044933
0.075864 0.966126 0.083667 0.040766
0.937701 0.918259 0.073733 0.050174
0.728328 0.648098 0.087316 0.049874
0.079999 0.825926 0.081845 0.049030
0.720156 0.379974 0.084407 0.057699
0.723756 0.198311 0.080689 0.055674
0.183516 0.970108 0.068959 0.034643
0.930423 0.178099 0.082232 0.062827
0.724923 0.700434 0.057789 0.049520
0.390769 0.647440 0.075047 0.050920
0.287640 0.453755 0.086340 0.049494
0.381037 0.054239 0.073140 0.055825
0.832323 0.958739 0.067578 0.055903
0.499224 0.967267 0.070741 0.045241
0.288296 0.686148 0.083478 0.054434
0.937256 0.055681 0.074417 0.058195
0.078775 0.664463 0.072493 0.043051
0.609966 0.708341 0.073495 0.054066
0.384913 0.109530 0.064282 0.052605
0.064334 0.061319 0.088403 0.062425
0.942919 0.737784 0.061911 0.053628
0.288840 0.737201 0.077796 0.042733
0.071981 0.923726 0.083394 0.035920
0.384958 0.373310 0.061147 0.051257
0.834400 0.847813 0.077094 0.051212
0.497039 0.673949 0.071410 0.050573
0.830773 0.538734 0.059814 0.043531
0.611098 0.815003 0.066260 0.040881
0.496733 0.108664 0.084601 0.044021
0.599392 0.119294 0.085595 0.054290
0.725620 0.959860 0.061165 0.042524
0.496787 0.877697 0.079458 0.041131
0.725154 0.096247 0.072493 0.035510
0.294131 0.335029 0.072837 0.042026
0.938056 0.622636 0.058423 0.043912
0.606189 0.059979 0.074067 0.064212
0.280346 0.227546 0.065911 0.049232
0.728005 0.142278 0.072693 0.048345
0.943472 0.863113 0.078535 0.056165
0.284094 0.282703 0.067537 0.059407
0.077758 0.772479 0.070538 0.055327
0.498831 0.726268 0.075319 0.050952
0.282993 0.056827 0.064458 0.057280
0.397097 0.867526 0.056732 0.056473
0.611570 0.653494 0.054074 0.040573
0.724107 0.488794 0.060560 0.042265
0.293332 0.512527 0.083585 0.057600
0.840008 0.054932 0.071154 0.059354
0.382963 0.430417 0.061251 0.052331
0.286003 0.163395 0.066955 0.055978
0.387395 0.482957 0.049476 0.041580
0.501935 0.924761 0.078917 0.045186
0.290319 0.392158 0.078897 0.064450
