0.847084 0.709610 0.068305 0.035363
0.770355 0.195264 0.066894 0.034395
0.288213 0.320035 0.063747 0.038900
0.773062 0.234672 0.057830 0.032572
0.094441 0.721391 0.052921 0.035509
0.862519 0.278082 0.062588 0.030507
0.101234 0.390270 0.064209 0.035571
0.752212 0.892211 0.062329 0.027729
0.848867 0.899937 0.064611 0.032861
0.674979 0.120957 0.064586 0.031248
0.102263 0.116909 0.059120 0.038423
0.753255 0.827431 0.061748 0.035902
0.094648 0.823970 0.051267 0.032612
0.773719 0.157250 0.055300 0.035631
0.661995 0.485331 0.062505 0.033223
0.379033 0.710681 0.048985 0.037431
0.095800 0.645897 0.050701 0.034605
0.844245 0.861197 0.060636 0.033317
0.193511 0.469446 0.060809 0.040805
0.847689 0.785924 0.061248 0.033717
0.861598 0.357579 0.070455 0.037432
0.388350 0.310553 0.048322 0.038140
0.398859 0.144298 0.054568 0.031484
0.863365 0.318260 0.057673 0.039405
0.866614 0.203388 0.055845 0.033887
0.768883 0.271673 0.058881 0.036970
0.292593 0.252325 0.053563 0.030973
0.847529 0.823693 0.055277 0.032207
0.672467 0.083171 0.063972 0.034558
0.755449 0.728295 0.066733 0.035039
0.860348 0.240838 0.055112 0.035167
0.473549 0.716084 0.055257 0.033149
0.379496 0.851704 0.059704 0.030504
0.853099 0.397209 0.059030 0.033861
0.656600 0.588307 0.053387 0.032054
0.300751 0.184890 0.058394 0.028624
0.486036 0.320989 0.051933 0.032706
0.394912 0.209311 0.057941 0.031831
0.275170 0.871440 0.053499 0.036047
0.294088 0.359063 0.053516 0.029935
0.482433 0.358326 0.054779 0.036612
0.490180 0.215110 0.057180 0.030960
0.098163 0.568621 0.054877 0.033903
0.571039 0.451086 0.051841 0.034548
0.197160 0.301158 0.055176 0.032751
0.753488 0.921258 0.060131 0.029661
0.656191 0.891059 0.050896 0.033297
0.655561 0.724647 0.052400 0.026890
0.564381 0.873348 0.052262 0.032684
0.096542 0.683623 0.047066 0.031812
0.849254 0.668816 0.052114 0.034776
0.765962 0.309868 0.063035 0.032879
0.196544 0.427888 0.057556 0.032613
0.762846 0.417022 0.065076 0.033103
0.093796 0.757010 0.047336 0.027649
0.380280 0.885635 0.050007 0.031151
0.657665 0.854056 0.058260 0.028320
0.288544 0.481643 0.044532 0.035595
0.473281 0.758641 0.050340 0.040950
0.389596 0.349954 0.050153 0.035026
0.104946 0.461591 0.061340 0.026825
0.852545 0.578825 0.060285 0.033186
0.774730 0.121013 0.056769 0.031423
0.196317 0.364093 0.052321 0.034389
0.303214 0.109853 0.055830 0.031771
0.396309 0.108276 0.057123 0.029309
0.279372 0.798084 0.063712 0.026939
0.667988 0.388173 0.048233 0.031372
0.475353 0.607879 0.052533 0.039672
0.660982 0.425215 0.054519 0.029133
0.775264 0.085237 0.059947 0.034610
0.670484 0.279529 0.057514 0.036531
0.574304 0.414109 0.052630 0.033066
0.571159 0.528601 0.061106 0.035920
0.567574 0.800402 0.066403 0.030751
0.655223 0.659715 0.045763 0.032586
0.379778 0.674279 0.049864 0.029380
0.667704 0.324983 0.052085 0.035010
0.194124 0.687823 0.054632 0.027399
0.095076 0.788359 0.045720 0.028714
0.378408 0.815226 0.051970 0.034214
0.279672 0.698001 0.050871 0.029422
0.190964 0.655670 0.050827 0.028049
0.194571 0.509757 0.050994 0.030828
0.850502 0.623763 0.056208 0.043877
0.197398 0.263717 0.050091 0.034571
0.492179 0.180368 0.058883 0.032105
0.290617 0.443624 0.049325 0.028494
0.106549 0.272532 0.047616 0.036849
0.655485 0.760182 0.045961 0.035314
0.098648 0.530885 0.057997 0.028111
0.280493 0.909989 0.056957 0.037300
0.201989 0.148214 0.051636 0.034772
0.473183 0.680509 0.056648 0.034493
0.477265 0.566624 0.052998 0.030374
0.764667 0.350920 0.059153 0.036305
0.102285 0.428567 0.049189 0.025527
0.475421 0.645964 0.055143 0.032145
0.297214 0.283774 0.050818 0.028000
0.857652 0.465611 0.059619 0.030943
0.385614 0.502972 0.053660 0.033060
0.388247 0.466956 0.051705 0.031265
0.279474 0.764800 0.059688 0.033369
0.472494 0.798997 0.044348 0.030184
0.183526 0.862532 0.047897 0.028700
0.187144 0.720414 0.050776 0.028766
0.106665 0.346016 0.048787 0.040596
0.856305 0.431355 0.058596 0.032211
0.847857 0.747639 0.059997 0.037584
0.575291 0.315631 0.051446 0.026528
0.567053 0.724842 0.049303 0.035372
0.191327 0.546034 0.049848 0.036448
0.851659 0.504967 0.046162 0.039317
0.488111 0.251169 0.059282 0.033199
0.670993 0.190655 0.056307 0.033780
0.097914 0.606434 0.047879 0.028972
0.564808 0.689010 0.051600 0.029915
0.105952 0.194456 0.053369 0.035835
0.662737 0.520933 0.047711 0.033183
0.573441 0.487993 0.052697 0.033503
0.759437 0.499264 0.048970 0.034515
0.569227 0.836042 0.062098 0.029712
0.391946 0.240368 0.063331 0.028712
0.670485 0.157339 0.047109 0.031971
0.280060 0.663851 0.049304 0.030004
0.192745 0.585587 0.063585 0.029477
0.562472 0.911587 0.056726 0.030506
0.571863 0.568366 0.051385 0.036336
0.754412 0.791158 0.054769 0.025190
0.288048 0.590124 0.055405 0.037913
0.761156 0.615123 0.056259 0.030590
0.100058 0.496067 0.042986 0.031416
0.386918 0.427351 0.052116 0.039889
0.487687 0.284658 0.049319 0.032707
0.104190 0.155907 0.046481 0.029921
0.473040 0.859999 0.048926 0.027102
0.861338 0.167171 0.058773 0.028600
0.287827 0.521039 0.042610 0.028814
0.296635 0.218439 0.046931 0.027453
0.657791 0.623161 0.049009 0.030379
0.582566 0.143217 0.060864 0.024564
0.652766 0.693476 0.041936 0.027253
0.570177 0.611296 0.044071 0.036329
0.107749 0.309221 0.051588 0.027699
0.194672 0.618315 0.054371 0.029272
0.752798 0.862219 0.049857 0.021943
0.570851 0.653248 0.048008 0.039554
0.375109 0.780094 0.048694 0.029517
0.483240 0.427206 0.042732 0.035007
0.866871 0.088365 0.070372 0.036710
0.577545 0.243327 0.053213 0.027979
0.379694 0.638847 0.049890 0.032599
0.756507 0.760180 0.062510 0.024621
0.658090 0.556180 0.042104 0.031123
0.190845 0.793683 0.050338 0.034199
0.863502 0.128599 0.052862 0.038351
0.376366 0.748854 0.057336 0.024380
0.668437 0.357174 0.053806 0.021208
0.654998 0.921961 0.044381 0.027616
0.097315 0.898299 0.056248 0.036232
0.105317 0.235076 0.044025 0.028248
0.199453 0.222236 0.046046 0.035899
0.485373 0.394141 0.043543 0.026390
0.672090 0.235322 0.056012 0.045406
0.199194 0.078019 0.052259 0.028475
0.760576 0.456255 0.049177 0.034430
0.389603 0.273231 0.041931 0.030574
0.185488 0.902750 0.053103 0.039126
0.402494 0.076240 0.050237 0.027018
0.275889 0.832750 0.040077 0.032562
0.573895 0.278085 0.045688 0.033916
0.202039 0.186184 0.054550 0.029991
0.579101 0.211295 0.041058 0.027424
0.757007 0.534630 0.062791 0.025163
0.582341 0.111301 0.042481 0.031460
0.189270 0.753392 0.045288 0.028565
0.566801 0.763686 0.041063 0.033148
0.374545 0.575131 0.045593 0.027871
0.280030 0.731618 0.042699 0.033646
0.286395 0.553571 0.060213 0.025783
0.193019 0.398058 0.052708 0.027286
0.472303 0.829639 0.050723 0.021984
0.658369 0.796967 0.040625 0.023418
0.757232 0.654221 0.058797 0.029964
0.289893 0.401486 0.042785 0.043716
0.476868 0.533450 0.038227 0.027570
0.493568 0.080272 0.042800 0.033492
0.755529 0.688586 0.048890 0.037283
0.387863 0.386259 0.041032 0.029409
0.380979 0.539958 0.040692 0.031610
0.106994 0.080095 0.050826 0.029892
0.850098 0.544137 0.039828 0.027718
0.398740 0.177450 0.038478 0.025673
0.378423 0.607821 0.041082 0.026924
0.283372 0.626350 0.037439 0.030708
0.197254 0.331974 0.042563 0.020862
0.580343 0.176492 0.055092 0.034968
0.298386 0.146985 0.044430 0.035629
0.379837 0.915935 0.046928 0.026170
0.581549 0.079960 0.057780 0.024207
0.198679 0.111683 0.036754 0.028691
0.187383 0.830447 0.042976 0.025528
0.762433 0.385050 0.053498 0.022313
0.662164 0.453648 0.048670 0.020571
0.661790 0.824246 0.052558 0.020009
0.096470 0.859650 0.033347 0.029771
0.300632 0.077013 0.041899 0.027246
0.758304 0.573283 0.043691 0.041538
0.849814 0.930003 0.071123 0.023925
0.572902 0.379997 0.036698 0.025358
0.491221 0.148073 0.046187 0.023625
0.478030 0.891600 0.054874 0.029123
0.479622 0.463170 0.052016 0.029222
0.490086 0.118658 0.040572 0.028522
0.482859 0.500129 0.057920 0.032160
0.575598 0.349542 0.054367 0.030497
0.795744 0.561072 0.021436 0.018548
