0.291182 0.436284 0.058390 0.030169
0.774469 0.460612 0.058414 0.029390
0.471942 0.722040 0.054313 0.034501
0.483731 0.553205 0.059861 0.030091
0.473186 0.762773 0.051454 0.034454
0.177369 0.843432 0.051046 0.031495
0.286454 0.603206 0.053013 0.031024
0.472068 0.623441 0.062617 0.032689
0.291276 0.368913 0.054991 0.029364
0.782703 0.161365 0.065732 0.032323
0.858144 0.544193 0.061305 0.033356
0.468587 0.874982 0.051792 0.033153
0.473746 0.836200 0.055749 0.034019
0.190469 0.311554 0.052110 0.033606
0.855711 0.791801 0.053042 0.032457
0.090086 0.672971 0.055954 0.030729
0.861215 0.622204 0.054208 0.037523
0.272330 0.850201 0.051245 0.035088
0.095311 0.284516 0.052353 0.039299
0.486755 0.349163 0.053607 0.034647
0.475644 0.657661 0.055582 0.030733
0.290206 0.402214 0.054971 0.027791
0.284203 0.636044 0.051294 0.024457
0.867761 0.308218 0.059820 0.027464
0.183480 0.704331 0.057283 0.037040
0.489936 0.310758 0.055158 0.032827
0.767139 0.628729 0.051085 0.030230
0.862607 0.479575 0.063255 0.032030
0.373532 0.833682 0.052924 0.031404
0.274540 0.814607 0.051746 0.031923
0.193794 0.279781 0.054855 0.024471
0.292698 0.336455 0.051079 0.031155
0.187974 0.349989 0.049596 0.035650
0.388479 0.473309 0.048962 0.035515
0.277568 0.732213 0.056024 0.037545
0.188566 0.119363 0.062780 0.033442
0.854898 0.831224 0.052155 0.040836
0.486634 0.276298 0.057096 0.032648
0.276424 0.775575 0.059220 0.031725
0.189739 0.665684 0.055579 0.028382
0.490226 0.238711 0.061256 0.033349
0.765153 0.768861 0.053135 0.032934
0.782965 0.256546 0.055608 0.030610
0.098681 0.247749 0.055541 0.026491
0.768621 0.665756 0.050969 0.033281
0.386604 0.438802 0.054259 0.027878
0.475544 0.689373 0.055785 0.025826
0.094957 0.447220 0.047499 0.039757
0.388421 0.265635 0.054711 0.030321
0.087778 0.868689 0.045259 0.034869
0.382400 0.512317 0.063555 0.032282
0.373735 0.870383 0.050382 0.031079
0.379936 0.685543 0.047435 0.032294
0.771591 0.526851 0.063368 0.033369
0.579399 0.331940 0.052231 0.038362
0.294948 0.299983 0.049333 0.033987
0.869106 0.189576 0.061408 0.035355
0.863606 0.407049 0.047347 0.032084
0.869245 0.121058 0.055157 0.030216
0.871131 0.155160 0.050402 0.028247
0.392392 0.325727 0.061375 0.030132
0.185104 0.776240 0.056662 0.029346
0.084881 0.740628 0.045057 0.032176
0.582885 0.257036 0.050432 0.029650
0.861856 0.657590 0.051354 0.027585
0.855872 0.869338 0.059948 0.028173
0.863694 0.369839 0.046650 0.032602
0.193974 0.458554 0.058677 0.031957
0.587363 0.218461 0.049367 0.035219
0.287894 0.668166 0.046812 0.031303
0.088621 0.805284 0.051635 0.028677
0.473852 0.799229 0.057188 0.033031
0.576751 0.413496 0.055148 0.032787
0.187555 0.389730 0.052334 0.031888
0.490977 0.203833 0.049684 0.030630
0.776206 0.359653 0.059707 0.025410
0.097812 0.187375 0.056511 0.029286
0.292926 0.502069 0.057254 0.029752
0.180046 0.809951 0.049838 0.028851
0.394450 0.189546 0.050185 0.038562
0.776711 0.392198 0.049445 0.030986
0.855226 0.720061 0.054219 0.030713
0.098114 0.150011 0.056262 0.030428
0.095322 0.220313 0.050330 0.026479
0.484122 0.412392 0.051847 0.036392
0.187142 0.741295 0.059884 0.030218
0.191002 0.081476 0.054471 0.032424
0.480803 0.486131 0.049329 0.035679
0.490250 0.174015 0.049966 0.031673
0.765899 0.563576 0.049581 0.036461
0.492526 0.112800 0.050440 0.029137
0.093930 0.320560 0.059156 0.027497
0.396913 0.227350 0.054459 0.031860
0.374631 0.765027 0.050225 0.029005
0.396578 0.114131 0.055131 0.026730
0.279299 0.883428 0.056470 0.022681
0.767498 0.735677 0.051860 0.027551
0.186951 0.492385 0.053714 0.031394
0.587428 0.181264 0.050178 0.029559
0.383777 0.402403 0.049815 0.032136
0.374801 0.726827 0.051925 0.038697
0.294779 0.175537 0.058816 0.031217
0.093322 0.378983 0.052442 0.029089
0.774250 0.490870 0.060303 0.025067
0.094614 0.488691 0.058863 0.032079
0.763597 0.807317 0.050512 0.031298
0.397320 0.148111 0.045525 0.032168
0.858054 0.687512 0.057451 0.024705
0.580773 0.291419 0.051837 0.029477
0.299726 0.237158 0.056156 0.028700
0.783798 0.290102 0.068843 0.031004
0.188550 0.154019 0.058243 0.029576
0.479425 0.522291 0.046118 0.027698
0.385970 0.362727 0.048547 0.033668
0.778693 0.193742 0.050070 0.030447
0.088396 0.775316 0.054764 0.023146
0.684275 0.171471 0.055798 0.042054
0.869411 0.226974 0.052853 0.032702
0.386689 0.548370 0.062754 0.038264
0.485746 0.380296 0.057513 0.022166
0.288957 0.470612 0.044159 0.027827
0.780289 0.224020 0.051357 0.027148
0.279813 0.911050 0.056645 0.025406
0.870455 0.085354 0.049420 0.029080
0.090615 0.411121 0.048534 0.025407
0.856976 0.757042 0.051140 0.034425
0.377917 0.591660 0.046606 0.038090
0.589268 0.150077 0.047846 0.028353
0.192090 0.217446 0.043734 0.035244
0.860953 0.580365 0.048519 0.028579
0.480235 0.587678 0.064701 0.030563
0.086514 0.706905 0.038391 0.028854
0.771603 0.701381 0.049423 0.030658
0.189093 0.607301 0.044093 0.024427
0.574511 0.477938 0.049540 0.026359
0.288256 0.568117 0.042290 0.033018
0.296147 0.142389 0.047937 0.027267
0.377952 0.629297 0.044536 0.023644
0.086968 0.835764 0.042442 0.025379
0.773638 0.325597 0.052721 0.035267
0.296206 0.110637 0.049056 0.031122
0.374850 0.798428 0.047565 0.028271
0.575770 0.373301 0.041183 0.037692
0.864433 0.338723 0.047678 0.026682
0.093856 0.119351 0.047885 0.022714
0.760977 0.903802 0.054085 0.033143
0.376544 0.904659 0.053276 0.025132
0.187782 0.186217 0.044602 0.022343
0.492337 0.142996 0.047273 0.024239
0.186076 0.904457 0.051058 0.031185
0.682471 0.127310 0.056131 0.032689
0.088930 0.579650 0.044452 0.027669
0.768506 0.597408 0.051014 0.024818
0.572260 0.448052 0.045216 0.029968
0.196181 0.250998 0.050868 0.020800
0.298012 0.267753 0.052143 0.024211
0.088052 0.613713 0.037710 0.024583
0.572247 0.516501 0.052476 0.039423
0.468385 0.905896 0.045092 0.024858
0.760296 0.841140 0.041773 0.029913
0.376177 0.655090 0.046746 0.020204
0.490797 0.079946 0.047934 0.024704
0.789010 0.088361 0.059206 0.039249
0.289599 0.533886 0.042755 0.030444
0.188235 0.635983 0.034310 0.024753
0.859825 0.442804 0.045947 0.032215
0.191159 0.529561 0.059654 0.029939
0.088923 0.642206 0.035712 0.024144
0.095888 0.086049 0.042053 0.033222
0.101886 0.349809 0.066150 0.033217
0.867053 0.510932 0.064589 0.024055
0.389200 0.296128 0.037726 0.023817
0.298217 0.207009 0.036552 0.025121
0.855094 0.917513 0.057424 0.027783
0.589354 0.117676 0.046415 0.032888
0.097975 0.547863 0.051478 0.023757
0.393047 0.081835 0.038161 0.030702
0.091710 0.902526 0.046326 0.020270
0.282947 0.699735 0.062149 0.023359
0.679579 0.088447 0.050993 0.037802
0.759035 0.867435 0.043677 0.024168
0.479538 0.449936 0.048150 0.029308
0.682070 0.207522 0.065495 0.032684
0.852727 0.894158 0.046490 0.018672
0.192427 0.575492 0.061947 0.028640
0.770574 0.425649 0.048755 0.028571
0.297777 0.080046 0.044004 0.028043
0.178010 0.874750 0.067647 0.021616
0.190507 0.424389 0.063481 0.026560
0.787327 0.124774 0.071558 0.031256
0.870369 0.276229 0.055298 0.025561
0.087448 0.521030 0.038890 0.017602
0.870432 0.257820 0.058768 0.025218
0.137548 0.660495 0.018864 0.017331
0.899087 0.440349 0.020866 0.018295
0.192006 0.550372 0.060946 0.010323
