0.711993 0.114751 0.079538 0.052658
0.929712 0.236746 0.094569 0.055580
0.823928 0.230024 0.079508 0.053898
0.280039 0.253348 0.077447 0.044557
0.934900 0.877305 0.070702 0.045462
0.054412 0.264729 0.086216 0.049164
0.059187 0.415827 0.087476 0.052784
0.593735 0.180607 0.088074 0.054643
0.488702 0.849478 0.080731 0.051292
0.824201 0.399244 0.081190 0.051473
0.715405 0.607953 0.078187 0.054734
0.383495 0.283153 0.082552 0.055892
0.491598 0.674556 0.084712 0.058041
0.483926 0.614854 0.072199 0.053895
0.487113 0.506815 0.074838 0.051241
0.710316 0.664155 0.084642 0.051299
0.273557 0.966064 0.080306 0.055244
0.384494 0.339551 0.079734 0.054174
0.824694 0.286444 0.081091 0.045221
0.936680 0.292713 0.074630 0.051333
0.489718 0.452413 0.072448 0.050987
0.714122 0.716504 0.085226 0.046177
0.277690 0.815903 0.077002 0.047740
0.820765 0.453398 0.079740 0.042380
0.711052 0.167914 0.086461 0.044584
0.270278 0.359862 0.072122 0.052093
0.168718 0.474551 0.086580 0.050481
0.602100 0.757170 0.088990 0.048339
0.491276 0.561520 0.082047 0.043459
0.270437 0.059634 0.097533 0.048085
0.597562 0.353972 0.090459 0.059011
0.828662 0.339513 0.064890 0.050081
0.485883 0.903887 0.080680 0.044461
0.167511 0.792382 0.079488 0.054226
0.268680 0.663901 0.081120 0.049367
0.711169 0.770745 0.078396 0.053108
0.485310 0.114337 0.089074 0.055095
0.275682 0.305402 0.068874 0.050346
0.165260 0.679292 0.077142 0.040419
0.374887 0.850176 0.076516 0.041541
0.388211 0.894647 0.076666 0.040240
0.174411 0.847281 0.074934 0.042337
0.278359 0.520443 0.073127 0.052118
0.825504 0.173736 0.079457 0.046144
0.598971 0.125613 0.080982 0.051585
0.058225 0.968388 0.073031 0.051761
0.168551 0.973472 0.083360 0.042542
0.933243 0.716362 0.068907 0.051539
0.272365 0.764939 0.069955 0.045534
0.825103 0.806695 0.091113 0.040111
0.937715 0.408429 0.070760 0.053469
0.828039 0.755979 0.074041 0.054035
0.376266 0.396131 0.074055 0.047902
0.591040 0.297933 0.078806 0.047271
0.051815 0.158755 0.085501 0.056149
0.605997 0.808791 0.091241 0.051155
0.831549 0.903454 0.078349 0.047444
0.056280 0.916366 0.070457 0.048378
0.166849 0.733326 0.075034 0.053606
0.165774 0.366550 0.075090 0.047428
0.377321 0.937027 0.075414 0.037811
0.375095 0.110944 0.079974 0.058320
0.057650 0.361799 0.081823 0.051442
0.714326 0.337365 0.075051 0.050619
0.607815 0.925401 0.084814 0.041442
0.272596 0.207654 0.063488 0.043268
0.716503 0.393227 0.071363 0.052098
0.595173 0.706316 0.082717 0.046661
0.167196 0.065454 0.077612 0.055030
0.172148 0.893932 0.079963 0.040961
0.716143 0.500389 0.083177 0.054480
0.714833 0.553717 0.084071 0.046840
0.052375 0.746684 0.080092 0.060965
0.273050 0.907320 0.070517 0.055544
0.056870 0.804637 0.083619 0.048856
0.486145 0.347924 0.078405 0.042171
0.052095 0.212305 0.065072 0.045467
0.932401 0.513324 0.082059 0.051180
0.717645 0.923277 0.070083 0.043842
0.052631 0.860617 0.072405 0.057176
0.709508 0.059783 0.084643 0.051266
0.602993 0.871163 0.081747 0.060218
0.377556 0.557639 0.065948 0.051873
0.381821 0.504358 0.058674 0.050529
0.930822 0.967304 0.071926 0.041492
0.169803 0.634800 0.083048 0.041964
0.938164 0.828920 0.063563 0.043551
0.589506 0.243062 0.095720 0.061529
0.167811 0.420079 0.069054 0.054296
0.491411 0.171432 0.074514 0.056822
0.716699 0.969683 0.094028 0.044473
0.489829 0.792655 0.098266 0.060430
0.936023 0.615954 0.076567 0.045658
0.829497 0.852826 0.064089 0.042546
0.828718 0.972447 0.094299 0.036977
0.714295 0.826042 0.066095 0.048037
0.267627 0.714833 0.071454 0.042276
0.379709 0.226747 0.062176 0.045907
0.271672 0.160549 0.063715 0.039570
0.826665 0.061609 0.076634 0.049298
0.939526 0.662836 0.076158 0.044395
0.277695 0.468360 0.078010 0.047818
0.602827 0.967388 0.088679 0.039400
0.275298 0.859640 0.069021 0.035916
0.271621 0.612616 0.076309 0.048694
0.385489 0.610173 0.077437 0.051171
0.271926 0.111640 0.070467 0.050742
0.591797 0.066148 0.081327 0.060921
0.591932 0.592273 0.079978 0.044364
0.052668 0.686233 0.075035 0.051601
0.486145 0.399187 0.068699 0.046262
0.487831 0.230861 0.087862 0.054765
0.937805 0.459702 0.077758 0.049067
0.381598 0.665441 0.082840 0.044181
0.061771 0.313503 0.086443 0.039969
0.171818 0.933676 0.073444 0.036353
0.937412 0.923509 0.077404 0.038128
0.715436 0.873975 0.081995 0.039928
0.600689 0.649160 0.068719 0.060250
0.710526 0.282720 0.076805 0.050354
0.275306 0.568133 0.069444 0.039432
0.602384 0.418652 0.093529 0.054394
0.379826 0.712272 0.080999 0.047372
0.827659 0.118613 0.070263 0.058210
0.168457 0.583851 0.085605 0.052707
0.713095 0.225250 0.076840 0.053357
0.490507 0.058657 0.082615 0.050847
0.055916 0.626965 0.078428 0.054719
0.599177 0.474075 0.084340 0.053890
0.930054 0.114774 0.071768 0.052326
0.169109 0.125035 0.072436 0.054399
0.601887 0.533329 0.068695 0.054193
0.380905 0.172266 0.072892 0.054523
0.379591 0.808945 0.061971 0.030296
0.377355 0.056918 0.080080 0.042028
0.937981 0.061491 0.085007 0.053974
0.382277 0.762884 0.057671 0.049266
0.051584 0.060337 0.071563 0.049400
0.059445 0.511028 0.083579 0.047406
0.826788 0.693497 0.081765 0.057635
0.055177 0.104980 0.065026 0.039844
0.939681 0.349156 0.080354 0.056176
0.488414 0.733075 0.070230 0.055329
0.276504 0.415985 0.076276 0.051751
0.166884 0.529219 0.062871 0.049175
0.058443 0.463448 0.068967 0.035189
0.168976 0.307467 0.074766 0.062393
0.829066 0.628677 0.078760 0.052188
0.937944 0.176206 0.083395 0.057048
0.829109 0.568827 0.069881 0.053936
0.935163 0.566459 0.055392 0.047831
0.378573 0.975709 0.065380 0.029829
0.714721 0.447411 0.093987 0.047844
0.828158 0.510410 0.067923 0.060823
0.168415 0.244618 0.067821 0.050094
0.490516 0.945941 0.075492 0.035028
0.826169 0.939212 0.081317 0.029110
0.484698 0.288596 0.071933 0.056738
0.378595 0.450677 0.089176 0.052350
0.492504 0.972929 0.078084 0.044449
0.940387 0.776353 0.062398 0.051239
0.054471 0.570424 0.086786 0.054541
0.166251 0.176778 0.097381 0.044220
