0.822830 0.364182 0.066064 0.043711
0.709333 0.201705 0.062678 0.045911
0.485464 0.419795 0.060219 0.037545
0.703057 0.854099 0.063685 0.043081
0.165208 0.750916 0.068892 0.041307
0.826513 0.858176 0.056320 0.036045
0.266957 0.345955 0.071640 0.043551
0.822403 0.236925 0.056734 0.036971
0.935084 0.254687 0.056937 0.042294
0.823517 0.320253 0.055779 0.038980
0.708942 0.777636 0.054009 0.036032
0.169244 0.871871 0.060818 0.039949
0.600863 0.321108 0.058835 0.042004
0.827796 0.933339 0.051080 0.032415
0.822672 0.278066 0.062062 0.037039
0.260703 0.222302 0.071078 0.041294
0.168517 0.833876 0.054250 0.033769
0.823576 0.616479 0.052441 0.036384
0.823131 0.195412 0.052365 0.044808
0.821376 0.409338 0.058695 0.038988
0.064855 0.700558 0.062340 0.032641
0.063334 0.663022 0.060302 0.039024
0.938218 0.662722 0.053931 0.035821
0.163835 0.672958 0.063117 0.034941
0.823923 0.654382 0.051578 0.033074
0.943272 0.702392 0.063263 0.039620
0.934224 0.295368 0.075455 0.036973
0.482513 0.555158 0.051570 0.041344
0.161784 0.160040 0.062120 0.042545
0.703352 0.814627 0.065851 0.035373
0.587067 0.925530 0.058017 0.036823
0.828023 0.816435 0.055514 0.039913
0.070990 0.813374 0.052865 0.041681
0.070736 0.736833 0.058948 0.035249
0.941809 0.970068 0.071424 0.039052
0.477357 0.140420 0.072955 0.041587
0.482830 0.641030 0.060227 0.038621
0.827096 0.897530 0.050502 0.033859
0.064613 0.443994 0.058186 0.042999
0.369767 0.282521 0.077874 0.045052
0.484273 0.338612 0.059673 0.045841
0.601259 0.197844 0.058133 0.035936
0.707570 0.896315 0.050590 0.038150
0.060096 0.371873 0.060232 0.031706
0.261460 0.264973 0.057553 0.038311
0.375631 0.209678 0.056912 0.036131
0.592959 0.732943 0.052505 0.039836
0.066469 0.622027 0.056416 0.039841
0.827313 0.687230 0.054192 0.033292
0.369007 0.493548 0.063213 0.038301
0.943589 0.378066 0.057659 0.047676
0.158903 0.204515 0.051845 0.040012
0.587521 0.888461 0.052377 0.037829
0.940089 0.333197 0.053671 0.037916
0.162057 0.114889 0.066839 0.039805
0.828609 0.772558 0.054627 0.046137
0.170178 0.794247 0.057619 0.042630
0.263826 0.303156 0.063592 0.039826
0.378584 0.738161 0.059781 0.036958
0.485662 0.185718 0.056590 0.042611
0.596768 0.558399 0.051040 0.035853
0.595781 0.238909 0.064575 0.042482
0.266517 0.178611 0.056410 0.039753
0.590199 0.771662 0.051292 0.036173
0.595002 0.363556 0.063874 0.039789
0.067185 0.773903 0.060984 0.036657
0.945113 0.591404 0.062768 0.031646
0.372944 0.098909 0.057797 0.039426
0.476600 0.600194 0.059941 0.041766
0.488114 0.229485 0.056463 0.034911
0.941887 0.749463 0.056710 0.046060
0.275478 0.664087 0.056888 0.040468
0.591702 0.444997 0.055224 0.040667
0.944329 0.557358 0.051200 0.037535
0.377169 0.675557 0.056874 0.037660
0.707801 0.505809 0.060064 0.040943
0.374151 0.366418 0.055353 0.043488
0.823941 0.069829 0.067210 0.043592
0.826778 0.723980 0.057965 0.037504
0.708155 0.544182 0.061677 0.033890
0.601752 0.076760 0.055074 0.043630
0.076345 0.859135 0.059336 0.045153
0.484627 0.379740 0.054634 0.038070
0.075812 0.971191 0.063955 0.036064
0.597592 0.628811 0.051257 0.031663
0.937091 0.860042 0.065704 0.045996
0.271989 0.556526 0.054198 0.037750
0.709289 0.740191 0.057285 0.032948
0.823326 0.152747 0.056460 0.035930
0.596233 0.662979 0.048320 0.035747
0.603317 0.157117 0.055804 0.043801
0.829560 0.965553 0.054391 0.032553
0.475694 0.681005 0.067699 0.042759
0.939080 0.627908 0.051547 0.035428
0.713748 0.360949 0.068590 0.037819
0.053252 0.302621 0.054698 0.035794
0.938048 0.146728 0.053550 0.045488
0.162303 0.554218 0.057817 0.036134
0.272030 0.947433 0.055852 0.036762
0.371234 0.325236 0.065395 0.034682
0.165459 0.711191 0.052333 0.035282
0.494931 0.298283 0.062490 0.031328
0.487940 0.957337 0.049184 0.041558
0.708526 0.155686 0.055358 0.042634
0.709199 0.660970 0.058402 0.040203
0.710702 0.702398 0.054376 0.041253
0.159005 0.273572 0.061013 0.046700
0.820983 0.456006 0.057656 0.048882
0.165578 0.403461 0.050323 0.039733
0.707886 0.622832 0.047176 0.032628
0.067495 0.531356 0.058683 0.049663
0.938804 0.817703 0.073103 0.036114
0.821736 0.502022 0.058479 0.036095
0.376314 0.171633 0.053196 0.036468
0.823974 0.578692 0.055875 0.037949
0.272586 0.908782 0.049776 0.039172
0.941090 0.104830 0.049578 0.037940
0.377104 0.451961 0.057365 0.038229
0.587565 0.845223 0.049283 0.041099
0.599725 0.280168 0.056235 0.038768
0.710889 0.244204 0.051779 0.033026
0.607177 0.115459 0.063879 0.032038
0.602266 0.594025 0.058118 0.031785
0.706411 0.585093 0.057282 0.042744
0.703815 0.280753 0.069081 0.040914
0.594447 0.405302 0.055994 0.038552
0.063121 0.487979 0.048807 0.037552
0.375048 0.408067 0.056189 0.039937
0.705346 0.933133 0.048182 0.031897
0.266350 0.869296 0.049932 0.039765
0.374096 0.244681 0.054865 0.028458
0.828470 0.026632 0.064886 0.038726
0.166572 0.443007 0.057201 0.033640
0.941864 0.067900 0.056821 0.034858
0.268058 0.706521 0.058419 0.041030
0.371760 0.600473 0.050496 0.039646
0.712481 0.322486 0.056731 0.035358
0.162168 0.482676 0.051686 0.039353
0.486890 0.919510 0.050872 0.031230
0.270948 0.518456 0.053039 0.039634
0.940974 0.523227 0.052884 0.031090
0.270041 0.139531 0.051921 0.035109
0.369476 0.837873 0.054322 0.041978
0.477117 0.075236 0.069676 0.032616
0.939710 0.187926 0.059297 0.035140
0.703874 0.968530 0.049607 0.037408
0.270521 0.385788 0.054061 0.033950
0.162125 0.361838 0.052797 0.041026
0.479496 0.508778 0.057829 0.048352
0.489903 0.265231 0.053549 0.031643
0.598303 0.694592 0.059434 0.029146
0.265112 0.425643 0.061320 0.042003
0.710875 0.111621 0.056556 0.041650
0.943531 0.934759 0.050237 0.029259
0.824609 0.113529 0.049178 0.041382
0.164569 0.073169 0.053780 0.041000
0.373725 0.029287 0.053587 0.038015
0.376507 0.135487 0.055475 0.032607
0.075739 0.935462 0.055644 0.033813
0.273660 0.792624 0.053646 0.044030
0.064843 0.578477 0.042716 0.040155
0.483101 0.765246 0.056234 0.033751
0.051853 0.256237 0.051242 0.048516
0.271139 0.595910 0.044935 0.030927
0.938327 0.491202 0.045883 0.034740
0.272881 0.627119 0.044456 0.031866
0.938183 0.459591 0.047535 0.026422
0.163455 0.318655 0.054275 0.039822
0.936164 0.220116 0.066791 0.025439
0.162489 0.518406 0.051414 0.032725
0.271596 0.106320 0.054913 0.037084
0.055087 0.337304 0.067272 0.026374
0.371426 0.974025 0.044766 0.034827
0.824133 0.539768 0.048260 0.038967
0.709375 0.399272 0.054902 0.036686
0.477809 0.462014 0.049328 0.042479
0.056741 0.080368 0.048289 0.037144
0.166764 0.630232 0.051988 0.040319
0.055149 0.211860 0.050549 0.037269
0.481306 0.886527 0.055467 0.033377
0.941922 0.900712 0.063384 0.034795
0.941107 0.028999 0.050856 0.040333
0.372846 0.564046 0.047206 0.035395
0.937820 0.787103 0.070087 0.031056
0.376269 0.063081 0.049253 0.029278
0.589423 0.962447 0.048096 0.036944
0.588335 0.806657 0.047362 0.033029
0.711477 0.032706 0.057715 0.044389
0.711594 0.435839 0.057507 0.035756
0.166274 0.592407 0.045229 0.032975
0.601767 0.033240 0.054561 0.044669
0.059096 0.167922 0.046371 0.040433
0.071465 0.900158 0.049866 0.039620
0.171167 0.941229 0.053156 0.035197
0.269390 0.030157 0.055094 0.034163
0.168420 0.907017 0.050234 0.032858
0.486876 0.034347 0.051541 0.045592
0.380082 0.706340 0.047342 0.024208
0.372756 0.530998 0.050488 0.032668
0.165433 0.972312 0.062721 0.029253
0.940195 0.424551 0.045717 0.040629
0.708643 0.074096 0.052177 0.035382
0.063152 0.405137 0.047473 0.030532
0.598707 0.487333 0.058255 0.035186
0.157981 0.031066 0.053447 0.037314
0.483734 0.106730 0.061288 0.026886
0.367986 0.881839 0.057896 0.044040
0.273990 0.066826 0.053801 0.031318
0.371419 0.774660 0.058589 0.033328
0.056031 0.037109 0.052957 0.043890
0.599985 0.521386 0.044835 0.027162
0.373285 0.943950 0.045867 0.027250
0.376544 0.636925 0.047298 0.026302
0.370617 0.916461 0.043012 0.026150
0.480265 0.801801 0.060927 0.038824
0.269516 0.471739 0.054959 0.050423
0.704514 0.469428 0.058652 0.025791
0.273354 0.831102 0.046473 0.031997
0.483185 0.721926 0.059784 0.038556
0.161402 0.238549 0.051765 0.027396
0.269402 0.749414 0.044675 0.043157
0.272939 0.976416 0.056110 0.025903
0.478696 0.844033 0.059883 0.043584
0.064043 0.124057 0.073421 0.041869
0.371987 0.800350 0.049931 0.027997
