0.712074 0.483384 0.065037 0.035293
0.391371 0.284611 0.062798 0.039025
0.177018 0.245282 0.078121 0.040211
0.063813 0.596320 0.058169 0.035711
0.489114 0.677079 0.061432 0.041839
0.926131 0.587100 0.064958 0.042346
0.370944 0.643593 0.055034 0.038928
0.177850 0.203705 0.062161 0.037103
0.168981 0.653028 0.051982 0.034378
0.604858 0.321528 0.068963 0.041520
0.825981 0.543282 0.073282 0.043194
0.390641 0.328074 0.054622 0.044995
0.369948 0.796451 0.053673 0.038753
0.599947 0.636974 0.054282 0.037806
0.596428 0.677800 0.071479 0.039575
0.711124 0.444645 0.055182 0.040021
0.392913 0.198611 0.063970 0.042669
0.917778 0.832418 0.063730 0.041219
0.391019 0.372898 0.059761 0.039404
0.172814 0.357461 0.051522 0.033765
0.820517 0.418649 0.070351 0.038830
0.278363 0.334699 0.054076 0.041545
0.926923 0.747604 0.058186 0.037665
0.925058 0.704447 0.053388 0.042703
0.925466 0.391632 0.059267 0.032141
0.486607 0.631803 0.066747 0.042194
0.278256 0.290813 0.058422 0.040061
0.927861 0.427212 0.058668 0.037555
0.063556 0.458233 0.072265 0.033555
0.703878 0.878918 0.057085 0.030102
0.169869 0.692245 0.058540 0.038895
0.823896 0.458470 0.059821 0.037811
0.484177 0.871527 0.066815 0.046341
0.064638 0.345139 0.057335 0.045188
0.592747 0.847895 0.064743 0.035144
0.270303 0.912307 0.071131 0.033804
0.697279 0.947845 0.060178 0.042062
0.703138 0.806218 0.051621 0.039491
0.171185 0.577745 0.052286 0.038535
0.170852 0.393140 0.063456 0.033628
0.706141 0.549746 0.050750 0.035960
0.068152 0.422464 0.051301 0.035542
0.590715 0.772429 0.069906 0.032669
0.830111 0.380191 0.057603 0.034332
0.487094 0.717561 0.056442 0.038242
0.387043 0.415480 0.056081 0.038471
0.056995 0.874727 0.071896 0.039216
0.184138 0.167331 0.052652 0.032934
0.598755 0.552743 0.069513 0.035123
0.176699 0.318069 0.055467 0.041496
0.707306 0.693122 0.054474 0.040488
0.586034 0.929683 0.076870 0.041670
0.589041 0.809318 0.054194 0.039421
0.176204 0.063061 0.066580 0.037590
0.818511 0.946570 0.051305 0.034571
0.380540 0.496798 0.063324 0.043440
0.920273 0.665287 0.048282 0.035158
0.482092 0.918334 0.054537 0.044326
0.702216 0.843020 0.049049 0.035784
0.717607 0.372006 0.054132 0.042702
0.171123 0.616136 0.052743 0.036430
0.505813 0.030949 0.064756 0.048411
0.062596 0.633667 0.048332 0.031115
0.480796 0.829538 0.051241 0.035330
0.706331 0.620233 0.047980 0.030358
0.609549 0.239792 0.052710 0.039857
0.068146 0.385650 0.047587 0.035681
0.833446 0.184576 0.055380 0.038729
0.817412 0.829508 0.048544 0.038632
0.385089 0.457922 0.053232 0.038635
0.588346 0.887516 0.058096 0.040368
0.704659 0.767676 0.049475 0.036862
0.712134 0.652581 0.060309 0.034930
0.825450 0.500683 0.065845 0.040271
0.503924 0.113756 0.058037 0.038015
0.828836 0.228560 0.051600 0.043174
0.180421 0.100968 0.054151 0.038031
0.705956 0.730173 0.057717 0.034782
0.486084 0.790545 0.055602 0.035390
0.607844 0.279958 0.053166 0.039569
0.164137 0.733417 0.051111 0.039049
0.924369 0.359001 0.042986 0.030451
0.267519 0.954351 0.055747 0.043881
0.370969 0.836290 0.055825 0.035999
0.927390 0.255459 0.071908 0.035578
0.724068 0.185848 0.052938 0.037859
0.276649 0.422385 0.049927 0.040902
0.161552 0.871819 0.052126 0.036925
0.484487 0.960444 0.052088 0.037515
0.817782 0.978512 0.049843 0.030536
0.926357 0.324884 0.047369 0.035134
0.507011 0.074743 0.055102 0.039327
0.707235 0.585692 0.044389 0.035606
0.389921 0.154575 0.072108 0.039428
0.369599 0.751864 0.045419 0.037289
0.276352 0.577575 0.045341 0.033024
0.174130 0.539486 0.050886 0.031756
0.603139 0.593994 0.053334 0.046812
0.167156 0.771795 0.047052 0.037570
0.937517 0.149092 0.051752 0.043959
0.609680 0.201046 0.050667 0.035135
0.496200 0.262337 0.046655 0.038230
0.063128 0.912590 0.065376 0.033752
0.483553 0.754865 0.047241 0.037545
0.268309 0.878055 0.062426 0.035269
0.275488 0.502039 0.070024 0.038841
0.059427 0.798167 0.043468 0.032748
0.071593 0.214748 0.049224 0.046081
0.391178 0.242495 0.051134 0.040865
0.928283 0.489026 0.057746 0.027760
0.700545 0.910348 0.045868 0.032022
0.722645 0.291719 0.048097 0.034648
0.278483 0.207176 0.069120 0.040903
0.918647 0.921856 0.060408 0.038885
0.179964 0.281803 0.051819 0.028972
0.171765 0.428428 0.051957 0.036577
0.720744 0.330604 0.047138 0.035950
0.935108 0.189506 0.051817 0.037090
0.496519 0.297747 0.047440 0.027638
0.937360 0.106943 0.052211 0.036414
0.056693 0.832930 0.046237 0.037919
0.284074 0.167025 0.044351 0.035384
0.601239 0.472613 0.047721 0.036333
0.618904 0.031442 0.073069 0.046492
0.283279 0.248517 0.054112 0.039416
0.283991 0.027888 0.054260 0.037831
0.275818 0.542929 0.046214 0.036926
0.721911 0.143024 0.066280 0.045375
0.918641 0.790452 0.050901 0.041633
0.174869 0.502314 0.046953 0.042894
0.182268 0.136447 0.046934 0.027367
0.921820 0.878301 0.059777 0.047464
0.600433 0.512157 0.051673 0.040195
0.823846 0.715221 0.069148 0.032855
0.827277 0.301560 0.049900 0.036990
0.072475 0.096670 0.047782 0.036814
0.609756 0.362224 0.050378 0.038107
0.822320 0.624286 0.056165 0.037294
0.277414 0.611972 0.042555 0.034231
0.713392 0.407744 0.042786 0.029473
0.377919 0.568292 0.053530 0.037549
0.163919 0.911680 0.066705 0.042953
0.486186 0.417194 0.073507 0.047059
0.931676 0.520791 0.044014 0.032656
0.709437 0.516933 0.046940 0.025400
0.062821 0.952361 0.047917 0.038148
0.825282 0.585133 0.045714 0.038909
0.277976 0.375624 0.055022 0.042962
0.617613 0.076661 0.050812 0.039639
0.065777 0.522116 0.045775 0.033692
0.498709 0.183746 0.047212 0.032174
0.071367 0.172023 0.043876 0.035224
0.367936 0.908299 0.049640 0.033500
0.350063 0.971849 0.071542 0.035847
0.068414 0.300843 0.051359 0.042398
0.604441 0.436104 0.053966 0.037133
0.393965 0.112789 0.053226 0.041801
0.074023 0.133414 0.053385 0.038596
0.920210 0.627146 0.045172 0.035056
0.492946 0.337865 0.047762 0.049175
0.928325 0.291362 0.049914 0.036255
0.935416 0.071260 0.044544 0.036661
0.834842 0.032958 0.050722 0.035339
0.582616 0.968078 0.057303 0.034491
0.727197 0.070651 0.046644 0.035907
0.372597 0.711758 0.052692 0.041067
0.378925 0.534897 0.050047 0.031715
0.156837 0.807715 0.070465 0.034632
0.933692 0.222561 0.043761 0.028165
0.928688 0.461901 0.049692 0.023263
0.277064 0.462918 0.042789 0.036542
0.284775 0.101272 0.045499 0.038816
0.616524 0.116366 0.050102 0.039466
0.175557 0.462115 0.053585 0.033554
0.495492 0.221270 0.046803 0.038138
0.828423 0.342144 0.052431 0.040694
0.162284 0.838186 0.065956 0.026578
0.062113 0.557330 0.038881 0.034483
0.073314 0.062466 0.048880 0.032988
0.373658 0.678776 0.053791 0.025786
0.067990 0.258125 0.043531 0.037966
0.489900 0.592927 0.046675 0.030984
0.823105 0.656803 0.045424 0.030861
0.285998 0.135490 0.044519 0.024199
0.724129 0.223460 0.043334 0.034224
0.727207 0.103025 0.058750 0.032443
0.721181 0.259269 0.042784 0.032158
0.831099 0.149687 0.046312 0.031457
0.817522 0.867396 0.041678 0.030817
0.503367 0.149344 0.044635 0.035081
0.269360 0.748454 0.050877 0.035182
0.932612 0.550605 0.041200 0.024057
0.376833 0.604798 0.041725 0.033271
0.830364 0.268129 0.055942 0.029957
0.607983 0.401125 0.048682 0.037471
0.392008 0.069905 0.044369 0.042434
0.272657 0.711967 0.046747 0.037074
0.052308 0.728684 0.058185 0.038534
0.283956 0.064723 0.051053 0.032227
0.268252 0.787520 0.046959 0.040955
0.824610 0.686211 0.055877 0.028554
0.814755 0.906617 0.047942 0.041871
0.490328 0.559481 0.045569 0.036470
0.165553 0.958184 0.063582 0.049666
0.371572 0.872661 0.041902 0.035927
0.278042 0.642073 0.047063 0.024975
0.362601 0.938138 0.054997 0.035352
0.174817 0.026522 0.047406 0.033488
0.064116 0.490855 0.049635 0.028838
0.269224 0.834972 0.048676 0.046207
0.490008 0.519791 0.045564 0.038033
0.072081 0.026670 0.043660 0.034813
0.834866 0.071220 0.049998 0.039770
0.936873 0.033521 0.043122 0.037693
0.492739 0.378722 0.048923 0.024955
0.271553 0.675641 0.067908 0.036950
0.061203 0.763374 0.038671 0.032176
0.831797 0.111274 0.046803 0.036393
0.818231 0.795824 0.043097 0.023586
0.487612 0.480049 0.048925 0.038604
0.728576 0.030981 0.041866 0.037564
0.818342 0.756492 0.048445 0.043100
0.613922 0.159965 0.055039 0.044894
0.061881 0.662857 0.045934 0.030102
0.058896 0.692585 0.043798 0.036179
0.393442 0.027791 0.046364 0.037748
0.927023 0.964584 0.044351 0.028069
0.488051 0.447797 0.056556 0.021171
0.599994 0.719308 0.051095 0.034199
0.600232 0.734446 0.045163 0.040433
