0.286437 0.221220 0.073917 0.033246
0.082480 0.336678 0.062460 0.038587
0.513708 0.364361 0.057664 0.035413
0.518851 0.470939 0.057906 0.035610
0.191883 0.379519 0.054432 0.039977
0.207283 0.758806 0.058971 0.039583
0.738074 0.445742 0.052223 0.035015
0.520968 0.545759 0.064573 0.030731
0.192091 0.339490 0.055291 0.033181
0.090252 0.640841 0.075988 0.039300
0.418333 0.665090 0.057049 0.032956
0.094024 0.791957 0.062218 0.031271
0.082990 0.377593 0.067669 0.038113
0.199472 0.714818 0.062350 0.043185
0.946241 0.216816 0.054835 0.040342
0.728806 0.253654 0.052038 0.037278
0.522871 0.509961 0.051695 0.037201
0.408716 0.487580 0.059050 0.042698
0.939628 0.286728 0.060118 0.036552
0.940962 0.063369 0.070167 0.040140
0.741167 0.481218 0.064217 0.033351
0.509998 0.191045 0.054481 0.037123
0.515407 0.434613 0.053820 0.032494
0.728660 0.177347 0.052653 0.041556
0.524030 0.661666 0.064112 0.042814
0.945449 0.325505 0.048871 0.038316
0.075964 0.264924 0.055048 0.036579
0.728855 0.328515 0.061299 0.039254
0.736996 0.591599 0.065038 0.034892
0.090219 0.601983 0.064492 0.034798
0.293463 0.387180 0.051908 0.045179
0.740182 0.555529 0.063435 0.032070
0.412238 0.304589 0.050286 0.032532
0.944141 0.393013 0.052774 0.037410
0.741442 0.517362 0.057225 0.035405
0.077063 0.084579 0.062035 0.037128
0.408041 0.271192 0.050653 0.032937
0.418180 0.594110 0.049590 0.034396
0.095891 0.863371 0.058616 0.037629
0.290238 0.184853 0.048750 0.034482
0.825789 0.106250 0.058419 0.034992
0.404413 0.106579 0.055423 0.034284
0.422818 0.741811 0.059297 0.033696
0.294323 0.297730 0.067673 0.039073
0.726454 0.133326 0.053236 0.037001
0.744057 0.627606 0.056042 0.034252
0.516362 0.400674 0.059476 0.033707
0.622499 0.264736 0.048872 0.031979
0.735337 0.370262 0.057051 0.035098
0.075388 0.225659 0.066803 0.036366
0.092389 0.531332 0.057105 0.036380
0.534053 0.771010 0.055610 0.034368
0.743276 0.662947 0.052211 0.034338
0.832688 0.341750 0.055852 0.036133
0.722438 0.097456 0.055188 0.036660
0.635444 0.708201 0.050431 0.039015
0.643833 0.895764 0.060811 0.031053
0.407245 0.404272 0.058905 0.038228
0.737062 0.408671 0.048012 0.035210
0.416804 0.627519 0.046243 0.030880
0.089396 0.720177 0.050139 0.040287
0.195334 0.426196 0.054920 0.043724
0.096151 0.825758 0.059723 0.031798
0.200027 0.626964 0.055805 0.034634
0.827561 0.142782 0.058046 0.032759
0.521369 0.582381 0.054078 0.040035
0.185284 0.109235 0.060749 0.036307
0.837368 0.683279 0.062246 0.040239
0.535105 0.896896 0.050346 0.033439
0.530581 0.854970 0.065420 0.045884
0.409960 0.336557 0.050969 0.031593
0.091571 0.757955 0.048488 0.034477
0.416339 0.557877 0.050715 0.037816
0.638104 0.819095 0.049296 0.041427
0.307597 0.778239 0.053765 0.035086
0.628984 0.380002 0.054189 0.038823
0.517501 0.259919 0.063648 0.031922
0.203295 0.932376 0.051489 0.035223
0.307963 0.594421 0.055583 0.043386
0.512132 0.292344 0.066127 0.032921
0.843677 0.641527 0.061792 0.036559
0.406261 0.369496 0.064361 0.024844
0.943169 0.467344 0.059211 0.041688
0.207285 0.801023 0.059623 0.040212
0.524811 0.621087 0.055884 0.035875
0.085159 0.414565 0.062083 0.031569
0.430405 0.851720 0.055150 0.037694
0.090775 0.566769 0.056435 0.029070
0.954205 0.694843 0.051081 0.034001
0.515187 0.229451 0.061798 0.032840
0.950143 0.654588 0.050155 0.039532
0.421631 0.702994 0.051241 0.037415
0.637082 0.776998 0.057502 0.034689
0.946384 0.511365 0.059344 0.045364
0.845698 0.755709 0.049338 0.031718
0.731767 0.291318 0.051129 0.033689
0.621570 0.180452 0.052346 0.040705
0.303201 0.703544 0.056963 0.029727
0.401607 0.142653 0.048286 0.034741
0.726981 0.216649 0.052482 0.031897
0.844908 0.791535 0.054162 0.035261
0.209141 0.966311 0.055123 0.033171
0.087669 0.452637 0.049601 0.039460
0.083121 0.493286 0.061586 0.032065
0.511500 0.150280 0.049407 0.037758
0.825848 0.183197 0.055170 0.043877
0.305832 0.741104 0.048917 0.041532
0.721758 0.029539 0.061971 0.046252
0.640536 0.861288 0.047196 0.036895
0.532568 0.809205 0.055516 0.040921
0.846626 0.722527 0.056058 0.030506
0.292619 0.341886 0.051959 0.039695
0.643932 0.957120 0.064315 0.034544
0.844395 0.603264 0.048041 0.034264
0.633023 0.453027 0.050429 0.032371
0.947019 0.141266 0.049341 0.039991
0.831225 0.266307 0.050541 0.036096
0.079238 0.153064 0.051251 0.034923
0.293937 0.430279 0.053480 0.032169
0.527001 0.703292 0.046500 0.041101
0.403678 0.029118 0.071060 0.035393
0.302591 0.507501 0.048188 0.043223
0.180077 0.074836 0.056670 0.031581
0.946974 0.101897 0.058399 0.034368
0.288690 0.258189 0.048593 0.038060
0.432416 0.891767 0.048616 0.036300
0.314650 0.906282 0.053469 0.035593
0.405338 0.235222 0.051025 0.032966
0.950005 0.555974 0.051301 0.040997
0.425621 0.783312 0.048322 0.042752
0.432748 0.927612 0.058223 0.034540
0.636134 0.743129 0.048643 0.030419
0.515972 0.326671 0.045855 0.032421
0.077256 0.187595 0.055453 0.035843
0.295230 0.466826 0.050645 0.036806
0.537332 0.956195 0.059446 0.034176
0.637928 0.628522 0.054140 0.042452
0.619551 0.109930 0.049960 0.038355
0.943833 0.179338 0.041630 0.032614
0.622185 0.340363 0.046781 0.034805
0.089975 0.679348 0.050395 0.035979
0.957891 0.863509 0.049224 0.036973
0.401042 0.066580 0.052116 0.037225
0.510832 0.106865 0.052676 0.042191
0.304526 0.672439 0.046026 0.029643
0.195118 0.472702 0.066994 0.041827
0.833770 0.382672 0.046460 0.039927
0.834175 0.301893 0.048374 0.036557
0.950397 0.730202 0.053583 0.034552
0.842642 0.834497 0.053052 0.038023
0.946508 0.253632 0.050892 0.027102
0.746531 0.876541 0.052828 0.034374
0.634550 0.491702 0.049247 0.041973
0.083116 0.300217 0.046049 0.031456
0.193157 0.263342 0.051028 0.032954
0.744978 0.913875 0.057225 0.042262
0.528172 0.738001 0.055292 0.026599
0.742536 0.696861 0.045859 0.031887
0.184487 0.149048 0.046492 0.036765
0.834925 0.453990 0.059401 0.038313
0.184701 0.184482 0.046600 0.034434
0.204247 0.841713 0.054411 0.038430
0.201379 0.591024 0.048868 0.030156
0.635079 0.671377 0.046442 0.031629
0.076822 0.119762 0.051183 0.032213
0.620943 0.144795 0.045853 0.028558
0.293128 0.145215 0.046874 0.036605
0.306465 0.636699 0.049563 0.040233
0.206269 0.557272 0.059075 0.027552
0.312802 0.871595 0.048384 0.035684
0.635554 0.582108 0.047752 0.039933
0.534661 0.927367 0.048387 0.028683
0.960752 0.766483 0.054336 0.033711
0.076009 0.041827 0.055200 0.045074
0.188099 0.301162 0.057727 0.037651
0.945474 0.358615 0.041255 0.028608
0.407706 0.442884 0.050388 0.040456
0.947783 0.431809 0.057332 0.027735
0.648688 0.926424 0.053850 0.027435
0.290936 0.107656 0.045727 0.036707
0.404307 0.173442 0.043925 0.023849
0.099561 0.900321 0.042733 0.033801
0.182091 0.037447 0.050383 0.044099
0.288712 0.074946 0.053396 0.031822
0.328593 0.960890 0.057343 0.030435
0.631435 0.418744 0.044969 0.032564
0.101752 0.964088 0.045430 0.033598
0.436422 0.959509 0.051023 0.032989
0.843890 0.876781 0.049123 0.038714
0.636591 0.539279 0.048794 0.045958
0.506475 0.067272 0.057838 0.039582
0.742575 0.726562 0.046362 0.033586
0.748554 0.951113 0.045196 0.031040
0.748036 0.763088 0.055670 0.040528
0.832927 0.226897 0.044230 0.037678
0.956111 0.592789 0.046913 0.027745
0.955620 0.828588 0.042865 0.031836
0.615854 0.071612 0.044396 0.037050
0.823507 0.067153 0.041708 0.041712
0.098673 0.932988 0.040750 0.031683
0.291706 0.036918 0.050513 0.042230
0.840737 0.495434 0.048971 0.039172
0.844962 0.911753 0.045682 0.033976
0.403751 0.201081 0.045140 0.030865
0.309446 0.836383 0.044539 0.030477
0.845349 0.533714 0.051119 0.034904
0.966299 0.945080 0.055314 0.035580
0.741638 0.805055 0.048684 0.034960
0.839034 0.419800 0.051159 0.023450
0.847631 0.947256 0.041233 0.032456
0.956372 0.799048 0.041236 0.028405
0.939911 0.026164 0.043839 0.029486
0.187211 0.224618 0.047442 0.037461
0.953258 0.621129 0.049455 0.022570
0.198869 0.670102 0.054289 0.045032
0.412511 0.523619 0.044973 0.024134
0.722972 0.066274 0.052363 0.026817
0.302810 0.550686 0.065945 0.038863
0.821673 0.027465 0.051846 0.035525
0.428690 0.819220 0.053055 0.021893
0.205593 0.890423 0.054731 0.044885
0.844036 0.568132 0.039826 0.028745
0.308342 0.806992 0.046137 0.024487
0.743366 0.839489 0.044701 0.033606
0.321718 0.935300 0.058254 0.022523
0.690722 0.721194 0.042625 0.031575
0.617986 0.300631 0.053221 0.038619
0.618292 0.225475 0.056623 0.045323
0.615640 0.029042 0.047091 0.038207
0.507433 0.028413 0.040318 0.036279
0.962039 0.906247 0.052444 0.041581
0.210030 0.516120 0.083415 0.040678
