0.852157 0.487129 0.061790 0.034583
0.832466 0.815278 0.061815 0.030112
0.352222 0.666246 0.060941 0.035131
0.832542 0.852012 0.053577 0.032355
0.528803 0.829138 0.053865 0.031475
0.765731 0.364515 0.063455 0.031241
0.659422 0.313419 0.057120 0.031157
0.837419 0.747351 0.057302 0.031980
0.263788 0.547606 0.054060 0.037360
0.652524 0.406044 0.049721 0.035939
0.865381 0.132335 0.061013 0.032435
0.271512 0.403067 0.051129 0.031552
0.858893 0.338377 0.066785 0.028229
0.833094 0.887516 0.046900 0.033742
0.272735 0.368354 0.050175 0.033214
0.351400 0.627486 0.054148 0.032109
0.753482 0.483955 0.049507 0.027676
0.080552 0.529270 0.052963 0.032398
0.345384 0.705990 0.060277 0.036643
0.364025 0.418404 0.057276 0.038088
0.840610 0.655853 0.054154 0.027775
0.165970 0.600456 0.055241 0.031666
0.764775 0.229653 0.054374 0.028050
0.538129 0.758847 0.066701 0.034929
0.372319 0.267128 0.054361 0.032320
0.855171 0.450205 0.060608 0.032067
0.744669 0.716529 0.051028 0.039198
0.458308 0.391352 0.054160 0.033474
0.738454 0.841453 0.064202 0.029890
0.072060 0.805642 0.052779 0.032121
0.846376 0.553391 0.051080 0.029544
0.538856 0.720301 0.059454 0.033696
0.260351 0.619064 0.052697 0.032711
0.456379 0.508268 0.053721 0.031727
0.636001 0.877488 0.059878 0.028278
0.440705 0.789779 0.048401 0.031143
0.355175 0.526504 0.052510 0.030393
0.858304 0.274139 0.055168 0.029780
0.668266 0.232699 0.048317 0.035313
0.079875 0.386945 0.054519 0.030407
0.079198 0.595758 0.051780 0.030477
0.554692 0.486258 0.050216 0.029803
0.343012 0.854839 0.053884 0.028327
0.069804 0.772247 0.060407 0.026045
0.557774 0.395888 0.049290 0.031746
0.651843 0.447731 0.047801 0.034366
0.533684 0.866958 0.053518 0.034067
0.860306 0.371659 0.049890 0.032255
0.068514 0.877000 0.049351 0.030695
0.764095 0.259927 0.049141 0.024409
0.863923 0.201285 0.058441 0.032729
0.454808 0.571542 0.051037 0.033315
0.274028 0.329775 0.050517 0.036836
0.832570 0.922991 0.054603 0.027717
0.365478 0.332449 0.049597 0.030544
0.356743 0.457330 0.060826 0.027694
0.858384 0.410508 0.049423 0.034169
0.551333 0.520145 0.047414 0.029515
0.649833 0.478830 0.051988 0.024475
0.772025 0.131687 0.064591 0.031372
0.272541 0.438948 0.049741 0.028881
0.471584 0.227858 0.062011 0.035342
0.646684 0.648076 0.054624 0.031996
0.861154 0.239774 0.046946 0.033309
0.668235 0.196415 0.052386 0.031013
0.644943 0.578027 0.059023 0.026545
0.667156 0.158923 0.049260 0.031838
0.083103 0.452761 0.054849 0.033016
0.471652 0.190892 0.048377 0.030395
0.546829 0.652146 0.054718 0.030386
0.746654 0.640086 0.058263 0.028032
0.358218 0.491183 0.045398 0.034220
0.753839 0.452611 0.053998 0.023864
0.064512 0.841024 0.050707 0.029763
0.347598 0.779310 0.058993 0.042270
0.657479 0.345465 0.060896 0.029273
0.749030 0.609375 0.061743 0.026315
0.176510 0.343059 0.053535 0.031559
0.839039 0.712712 0.054472 0.024180
0.442964 0.754267 0.044300 0.029598
0.452841 0.609462 0.046312 0.029835
0.348240 0.740038 0.054957 0.026987
0.648955 0.542334 0.048728 0.032858
0.647268 0.682245 0.058136 0.026734
0.765808 0.199354 0.046125 0.025745
0.669414 0.123161 0.051181 0.030104
0.632255 0.842906 0.064072 0.024542
0.263662 0.583800 0.053340 0.027167
0.167705 0.566208 0.049067 0.025090
0.643756 0.716720 0.051980 0.033417
0.169063 0.490671 0.053887 0.023628
0.547663 0.620046 0.059088 0.026803
0.767690 0.290696 0.047186 0.032216
0.441054 0.863058 0.053769 0.031004
0.077357 0.358938 0.053779 0.025393
0.355537 0.594468 0.048783 0.028713
0.474343 0.127887 0.044487 0.034449
0.170926 0.669179 0.048368 0.029103
0.177086 0.382519 0.049452 0.035567
0.444160 0.715806 0.045556 0.040557
0.644665 0.611925 0.049526 0.031737
0.736943 0.875043 0.063849 0.029613
0.760183 0.329413 0.046002 0.029143
0.643959 0.751785 0.064141 0.025043
0.467768 0.263963 0.052256 0.033793
0.273763 0.507259 0.054487 0.033354
0.860858 0.169067 0.055129 0.026086
0.540461 0.685880 0.044670 0.026636
0.846120 0.591003 0.048562 0.033568
0.078802 0.420170 0.046495 0.026432
0.648574 0.508112 0.042556 0.028294
0.570953 0.201299 0.056210 0.027729
0.169796 0.709029 0.052970 0.033679
0.457787 0.471608 0.043642 0.033580
0.269060 0.472969 0.048077 0.027768
0.548038 0.585710 0.046719 0.031598
0.571412 0.134506 0.055972 0.036426
0.462020 0.327698 0.045434 0.027158
0.342821 0.821188 0.044231 0.031800
0.566259 0.232302 0.056948 0.026771
0.567312 0.092584 0.056063 0.038217
0.074944 0.698614 0.057889 0.030687
0.635975 0.812111 0.065864 0.029327
0.737752 0.801030 0.041659 0.039758
0.076198 0.629469 0.045989 0.024623
0.257016 0.722260 0.050895 0.027932
0.469344 0.160422 0.058857 0.022933
0.077715 0.662974 0.045533 0.031699
0.461379 0.432835 0.046908 0.039868
0.841463 0.625250 0.061490 0.025692
0.738482 0.905289 0.071029 0.026542
0.637551 0.911222 0.054831 0.031142
0.552076 0.551328 0.047549 0.027413
0.441960 0.826389 0.056506 0.034153
0.637643 0.780943 0.052727 0.024220
0.178121 0.305530 0.044436 0.031179
0.760982 0.396299 0.057873 0.024320
0.448128 0.642714 0.053424 0.031518
0.275116 0.293751 0.049686 0.028632
0.076928 0.738817 0.053999 0.038831
0.370696 0.233796 0.046773 0.024746
0.748872 0.574685 0.050181 0.032227
0.739648 0.759387 0.048398 0.032828
0.084010 0.245405 0.048051 0.032282
0.555605 0.453677 0.045945 0.023776
0.340208 0.886768 0.045592 0.023110
0.379608 0.161261 0.047270 0.031123
0.087160 0.213005 0.050378 0.028295
0.865792 0.094058 0.063768 0.031576
0.441334 0.920432 0.049671 0.033125
0.669481 0.089168 0.045130 0.028694
0.556984 0.360159 0.042360 0.028320
0.751956 0.516798 0.053106 0.023307
0.172972 0.421765 0.040807 0.038138
0.530397 0.794108 0.040788 0.030725
0.358515 0.560009 0.055541 0.030336
0.069217 0.908925 0.044358 0.029665
0.464985 0.296984 0.039281 0.030186
0.740970 0.675160 0.045240 0.034637
0.447102 0.676457 0.039350 0.029335
0.341380 0.913227 0.041389 0.028307
0.850398 0.520666 0.039373 0.028080
0.172009 0.459533 0.034801 0.029066
0.380837 0.122726 0.051681 0.034509
0.182144 0.269861 0.049555 0.030402
0.841864 0.684556 0.048697 0.021671
0.461019 0.356424 0.038161 0.024999
0.364104 0.373456 0.054844 0.039943
0.662879 0.273491 0.044057 0.034302
0.187349 0.231094 0.046080 0.035314
0.441968 0.890624 0.047208 0.022474
0.278559 0.236549 0.048619 0.028902
0.086857 0.322205 0.046365 0.041310
0.084940 0.181936 0.049069 0.030865
0.088641 0.279794 0.049636 0.033020
0.768793 0.095631 0.042530 0.033383
0.082906 0.489928 0.037616 0.033594
0.755325 0.423652 0.037442 0.023486
0.275228 0.265181 0.044328 0.023554
0.537311 0.911794 0.052850 0.041153
0.376204 0.198330 0.048374 0.036885
0.765162 0.166863 0.039685 0.030052
0.368097 0.299901 0.037356 0.028751
0.838033 0.780810 0.045537 0.028893
0.565449 0.295932 0.058953 0.036392
0.858201 0.308200 0.046803 0.022980
0.079868 0.562428 0.032911 0.028168
0.380610 0.085770 0.045552 0.030368
0.470689 0.089345 0.042220 0.035851
0.454817 0.539499 0.034829 0.025335
0.258463 0.659076 0.041691 0.033395
0.746056 0.542869 0.046191 0.018959
0.281890 0.182219 0.047996 0.026097
0.089475 0.115802 0.045124 0.032502
0.563537 0.263363 0.045124 0.027691
0.559750 0.425174 0.048527 0.021024
0.260113 0.693738 0.044378 0.021364
0.168289 0.530893 0.053200 0.040252
0.258102 0.756589 0.072954 0.033944
0.282281 0.151174 0.050504 0.029834
0.570463 0.167624 0.044333 0.029914
0.169020 0.636148 0.035648 0.026784
0.085663 0.151900 0.041636 0.031979
0.090280 0.082763 0.047134 0.028264
0.741693 0.933583 0.057388 0.024477
0.563650 0.329661 0.056561 0.021946
0.652841 0.374756 0.051508 0.021510
0.600645 0.257214 0.035449 0.026818
0.280238 0.205688 0.037234 0.019674
0.189636 0.187479 0.047106 0.038275
0.283149 0.117746 0.038361 0.029327
0.193294 0.123430 0.037942 0.028506
0.596669 0.539009 0.045019 0.024522
0.192267 0.153053 0.047819 0.025893
0.670778 0.780579 0.029652 0.018696
0.605130 0.286581 0.031313 0.031519
0.284837 0.083329 0.038214 0.029922
