0.822413 0.557020 0.067038 0.034047
0.933933 0.372240 0.054475 0.040259
0.607972 0.921711 0.055056 0.035642
0.822413 0.484735 0.059207 0.037767
0.599193 0.547804 0.068155 0.039782
0.820146 0.596119 0.054843 0.033771
0.719108 0.770837 0.053745 0.037626
0.813155 0.633786 0.065754 0.033745
0.721132 0.835924 0.057823 0.037046
0.168433 0.533102 0.057362 0.042100
0.817498 0.294885 0.060735 0.036753
0.934454 0.488511 0.055484 0.041258
0.713712 0.502401 0.055699 0.038497
0.600270 0.662690 0.056666 0.043104
0.921576 0.663666 0.079482 0.039692
0.492615 0.361319 0.052207 0.035877
0.494059 0.292660 0.053066 0.034540
0.819355 0.377311 0.054225 0.037450
0.714895 0.580747 0.055796 0.039629
0.935521 0.331670 0.053256 0.035462
0.609403 0.882303 0.047375 0.035849
0.601423 0.254279 0.059649 0.044610
0.379012 0.895276 0.050545 0.035544
0.933968 0.447791 0.050639 0.037107
0.384198 0.931960 0.051308 0.035246
0.377348 0.616184 0.061342 0.035980
0.607838 0.211672 0.062140 0.039271
0.377260 0.718922 0.061097 0.040831
0.162228 0.933448 0.061552 0.040733
0.487066 0.469515 0.075516 0.042294
0.820326 0.192598 0.056688 0.037072
0.713126 0.284198 0.053008 0.042269
0.710849 0.425976 0.054389 0.034959
0.279396 0.924557 0.056447 0.037956
0.165602 0.820027 0.069380 0.035494
0.934171 0.293376 0.046889 0.035278
0.709751 0.324676 0.053009 0.036503
0.712622 0.247275 0.052374 0.032141
0.820139 0.255834 0.057031 0.037029
0.919643 0.881716 0.068369 0.039993
0.057772 0.776796 0.047173 0.043393
0.717409 0.541273 0.053986 0.036730
0.815960 0.711558 0.057854 0.040665
0.719003 0.729712 0.052116 0.042259
0.601833 0.430637 0.051971 0.038941
0.067124 0.592437 0.059526 0.044005
0.271337 0.265441 0.064561 0.040795
0.378390 0.859172 0.048515 0.033216
0.488618 0.898823 0.061087 0.044807
0.815686 0.792909 0.046197 0.040047
0.171781 0.655218 0.056129 0.040517
0.060223 0.637267 0.060661 0.040233
0.716734 0.687101 0.049847 0.040271
0.823101 0.090209 0.055457 0.035532
0.492955 0.326326 0.050581 0.035756
0.926332 0.813136 0.052586 0.037288
0.491946 0.617114 0.058063 0.042077
0.597715 0.585129 0.065813 0.027939
0.170865 0.370994 0.053367 0.040272
0.603159 0.504724 0.052950 0.037174
0.490785 0.935726 0.065000 0.028277
0.824630 0.520914 0.050699 0.034527
0.064978 0.854717 0.054255 0.033882
0.384118 0.967802 0.055624 0.035798
0.493289 0.662253 0.055008 0.043931
0.603779 0.139215 0.054708 0.033798
0.600039 0.468480 0.055416 0.033705
0.710339 0.213078 0.055208 0.038290
0.170254 0.970716 0.053535 0.036801
0.488575 0.969684 0.075495 0.042341
0.604225 0.702491 0.050256 0.034410
0.174202 0.738474 0.051082 0.038374
0.716763 0.650772 0.061776 0.026236
0.375196 0.303359 0.058808 0.042314
0.713126 0.362497 0.047464 0.037755
0.496386 0.780356 0.059046 0.039739
0.488398 0.258624 0.051440 0.034041
0.383710 0.396321 0.053425 0.042545
0.933552 0.177003 0.054423 0.040690
0.495626 0.396253 0.060976 0.030578
0.604734 0.736897 0.050904 0.035504
0.378592 0.580819 0.048389 0.034823
0.482414 0.109701 0.067428 0.045521
0.818996 0.915883 0.048674 0.030417
0.934094 0.250514 0.051918 0.042425
0.933886 0.135812 0.050698 0.038683
0.609951 0.959328 0.048742 0.035682
0.919732 0.776824 0.052107 0.032138
0.381395 0.653707 0.049200 0.034910
0.713376 0.617503 0.050931 0.032213
0.172477 0.780471 0.050470 0.041338
0.173556 0.696784 0.048259 0.038170
0.060447 0.891895 0.062265 0.039302
0.818673 0.672152 0.048602 0.036665
0.816511 0.880539 0.046344 0.039087
0.061086 0.551993 0.049152 0.037860
0.377039 0.520915 0.048666 0.034301
0.602388 0.777395 0.056234 0.041829
0.491427 0.429821 0.052997 0.036010
0.059851 0.818851 0.050195 0.036570
0.495033 0.706323 0.051238 0.040704
0.488516 0.510393 0.049039 0.037000
0.491220 0.153096 0.063460 0.037836
0.931766 0.410943 0.047774 0.035843
0.820270 0.448499 0.053084 0.035121
0.166393 0.454757 0.050422 0.040569
0.708252 0.173854 0.056100 0.039776
0.060774 0.737402 0.048147 0.034322
0.600553 0.620071 0.048403 0.039864
0.609491 0.298038 0.063160 0.039711
0.933054 0.526696 0.051185 0.031936
0.931825 0.559913 0.048023 0.034852
0.935480 0.962006 0.062196 0.034661
0.721801 0.803368 0.047877 0.023970
0.273094 0.308125 0.052802 0.040939
0.926068 0.847432 0.046424 0.026178
0.067947 0.240210 0.053598 0.038625
0.821705 0.414234 0.044023 0.033135
0.815381 0.752211 0.043290 0.037219
0.064157 0.513333 0.041142 0.037569
0.066089 0.445796 0.047459 0.036798
0.381276 0.483837 0.045706 0.035990
0.172265 0.614904 0.053474 0.041285
0.485555 0.063671 0.064479 0.042405
0.818038 0.223284 0.051254 0.028280
0.930792 0.095970 0.049153 0.037990
0.714396 0.878760 0.050325 0.046100
0.376251 0.789189 0.051880 0.036153
0.928040 0.923582 0.047441 0.040589
0.928361 0.593598 0.043470 0.033871
0.498588 0.822149 0.045084 0.042537
0.379155 0.823857 0.039916 0.035077
0.609314 0.174027 0.062106 0.033747
0.819899 0.336134 0.054284 0.042481
0.708014 0.462005 0.055754 0.039223
0.170418 0.574683 0.051002 0.037797
0.275496 0.736847 0.051836 0.029474
0.274774 0.541478 0.048646 0.037210
0.281756 0.224714 0.049541 0.036280
0.169862 0.412557 0.052468 0.041237
0.492077 0.579110 0.043895 0.033572
0.376946 0.756492 0.051984 0.032232
0.923114 0.626605 0.057955 0.031358
0.819213 0.955529 0.047776 0.043077
0.063925 0.965366 0.055542 0.044840
0.607529 0.818448 0.044378 0.040456
0.167761 0.493013 0.047564 0.038838
0.494219 0.743657 0.045538 0.032901
0.174548 0.329764 0.048835 0.037709
0.605228 0.339037 0.053365 0.041857
0.601930 0.102588 0.047362 0.035174
0.281369 0.960795 0.046556 0.030866
0.271423 0.661837 0.052984 0.034704
0.277347 0.887719 0.049132 0.034021
0.061440 0.703855 0.042641 0.035647
0.275425 0.846049 0.049511 0.033942
0.489922 0.546114 0.049593 0.032998
0.720743 0.968469 0.062907 0.031569
0.276882 0.509871 0.047906 0.028396
0.818597 0.159471 0.041368 0.028309
0.382217 0.550127 0.051102 0.022900
0.715445 0.134753 0.049178 0.033073
0.721704 0.941019 0.060879 0.031848
0.275891 0.578514 0.049818 0.039410
0.924355 0.707791 0.050365 0.045787
0.489168 0.025613 0.054935 0.032426
0.820755 0.025198 0.064563 0.035820
0.169684 0.892017 0.042013 0.039672
0.487110 0.227448 0.045991 0.027572
0.278442 0.186415 0.045861 0.040096
0.601091 0.063813 0.047686 0.040728
0.382979 0.684814 0.045581 0.025838
0.382447 0.166182 0.050755 0.040506
0.816972 0.838635 0.050473 0.043221
0.172323 0.290810 0.045755 0.037841
0.169396 0.854568 0.046527 0.034949
0.275596 0.436032 0.044889 0.035790
0.493151 0.858825 0.036996 0.029990
0.065447 0.480337 0.040100 0.029451
0.065032 0.283922 0.042413 0.045308
0.275050 0.394300 0.045656 0.044305
0.060941 0.671669 0.045076 0.030347
0.928698 0.061991 0.044188 0.033587
0.075891 0.067866 0.049071 0.039359
0.610267 0.850764 0.046651 0.024088
0.063070 0.401995 0.045490 0.046407
0.384509 0.441479 0.045446 0.044124
0.714415 0.914586 0.051866 0.022772
0.067467 0.361181 0.048652 0.031230
0.932942 0.212496 0.047463 0.026328
0.273711 0.622291 0.045233 0.043337
0.714569 0.393870 0.044993 0.026523
0.074767 0.925208 0.062031 0.031843
0.817574 0.126438 0.047767 0.039459
0.490416 0.193119 0.054322 0.043013
0.600233 0.390053 0.045049 0.036066
0.063952 0.324885 0.037683 0.036319
0.277725 0.147665 0.049851 0.032330
0.067902 0.158682 0.053239 0.040616
0.176336 0.102654 0.052248 0.042611
0.277602 0.813170 0.044591 0.030138
0.177713 0.066362 0.049862 0.033062
0.374686 0.063136 0.051574 0.028344
0.601208 0.025826 0.045706 0.031044
0.933049 0.028253 0.042719 0.035064
0.381654 0.349498 0.050729 0.047427
0.372762 0.028730 0.049679 0.039959
0.174424 0.179627 0.051554 0.038009
0.075156 0.113004 0.039820 0.047426
0.065556 0.198437 0.041797 0.039139
0.823674 0.055824 0.052051 0.031239
0.178731 0.140815 0.041523 0.035524
0.375831 0.095746 0.038301 0.034326
0.278951 0.111040 0.046161 0.038485
0.923344 0.746748 0.046401 0.031908
0.171012 0.216269 0.039859 0.032520
0.177948 0.028544 0.048231 0.044113
0.377051 0.258716 0.043401 0.041757
0.378378 0.130891 0.038003 0.029955
0.276547 0.069303 0.044148 0.040855
0.273272 0.351476 0.052850 0.037941
0.272372 0.699372 0.038597 0.038372
0.169065 0.249460 0.046191 0.036744
0.712779 0.099143 0.049263 0.036892
0.072692 0.029209 0.051531 0.041009
0.380754 0.209606 0.050831 0.042900
0.274340 0.773009 0.048248 0.042907
0.274570 0.474301 0.048552 0.040161
0.277719 0.028633 0.048875 0.038005
0.700227 0.069938 0.049902 0.034591
0.602687 0.364957 0.044539 0.018713
