0.152100 0.733372 0.075273 0.041171
0.174262 0.266274 0.068898 0.046120
0.284612 0.339555 0.062177 0.042883
0.394032 0.167574 0.056084 0.037050
0.157182 0.878615 0.064079 0.038789
0.050040 0.975581 0.054327 0.033137
0.174025 0.224396 0.062818 0.031806
0.043321 0.716021 0.070124 0.034626
0.929399 0.417726 0.063161 0.044909
0.048726 0.753482 0.059556 0.037386
0.708118 0.917361 0.069532 0.042832
0.930160 0.097074 0.055683 0.038877
0.929313 0.462056 0.058241 0.039914
0.711289 0.274116 0.058442 0.032692
0.281610 0.789837 0.068013 0.037854
0.603794 0.863607 0.061681 0.039310
0.059569 0.443774 0.059916 0.038468
0.179612 0.314805 0.057185 0.043289
0.174459 0.400027 0.061557 0.040676
0.285089 0.157050 0.059154 0.036204
0.051061 0.909017 0.057627 0.034288
0.175220 0.105484 0.057498 0.043688
0.286089 0.113681 0.063158 0.042018
0.067413 0.283972 0.059013 0.041314
0.283915 0.297604 0.052455 0.038151
0.156041 0.772678 0.060679 0.033586
0.057083 0.483932 0.063313 0.039280
0.064069 0.371840 0.067835 0.033524
0.498826 0.456408 0.064546 0.039562
0.384647 0.811792 0.049757 0.037471
0.716172 0.341839 0.053057 0.038034
0.045866 0.794147 0.053921 0.038356
0.504919 0.180735 0.055574 0.038538
0.063521 0.053231 0.064765 0.040221
0.389944 0.280386 0.063471 0.041041
0.614887 0.065152 0.056762 0.040988
0.059100 0.207640 0.051540 0.041436
0.923098 0.707781 0.063158 0.042287
0.603097 0.823696 0.055918 0.038777
0.809882 0.885147 0.056144 0.034332
0.713592 0.061308 0.058519 0.038287
0.284762 0.259230 0.052684 0.036755
0.929145 0.298827 0.052236 0.039070
0.819819 0.231892 0.072154 0.043513
0.597799 0.783783 0.052535 0.037671
0.047447 0.871400 0.054739 0.036043
0.503968 0.411834 0.063351 0.042352
0.173391 0.024010 0.058873 0.038031
0.386724 0.741513 0.059143 0.038927
0.818416 0.477318 0.054117 0.035560
0.388697 0.520574 0.057311 0.040745
0.051136 0.615092 0.051276 0.035218
0.277493 0.558133 0.068724 0.044960
0.046040 0.832078 0.051272 0.037726
0.929568 0.339635 0.052789 0.038717
0.601942 0.667663 0.055769 0.036889
0.707977 0.496399 0.063405 0.043244
0.174105 0.064131 0.057749 0.034161
0.281622 0.410593 0.050941 0.035022
0.047103 0.943288 0.052545 0.032324
0.712167 0.867873 0.068561 0.048113
0.615442 0.148935 0.050908 0.041929
0.160782 0.919158 0.063288 0.030865
0.067463 0.127575 0.055959 0.034735
0.605158 0.236631 0.053253 0.041139
0.287059 0.192226 0.059154 0.031747
0.376684 0.923023 0.068862 0.037857
0.930691 0.135666 0.051702 0.036402
0.157090 0.658518 0.069877 0.043970
0.277336 0.704969 0.064763 0.041346
0.158668 0.957909 0.064978 0.042133
0.065350 0.328702 0.055072 0.043368
0.714681 0.240510 0.053305 0.032340
0.605498 0.904562 0.049204 0.039079
0.172822 0.358178 0.059607 0.032593
0.053906 0.649538 0.050812 0.031418
0.158951 0.840659 0.050682 0.034162
0.276926 0.485057 0.055722 0.039082
0.381176 0.851716 0.061408 0.037395
0.391734 0.061232 0.075752 0.037720
0.817495 0.553632 0.055614 0.032596
0.283965 0.655725 0.063316 0.049398
0.165446 0.614556 0.062398 0.034864
0.281937 0.022842 0.055915 0.033523
0.603095 0.554673 0.052599 0.042619
0.714916 0.103468 0.049312 0.037584
0.817950 0.516900 0.050854 0.036765
0.917377 0.818619 0.065877 0.040977
0.821491 0.109322 0.067065 0.042341
0.389648 0.358420 0.047489 0.042019
0.605717 0.513787 0.052331 0.035451
0.812000 0.813808 0.070290 0.034249
0.612415 0.192491 0.052464 0.040128
0.386920 0.640014 0.054855 0.034975
0.390486 0.129563 0.044827 0.033981
0.822840 0.149903 0.054283 0.036430
0.605352 0.479254 0.048435 0.035017
0.387031 0.887766 0.065293 0.033310
0.715565 0.378990 0.046642 0.032435
0.927799 0.627827 0.044699 0.042968
0.384990 0.775778 0.051615 0.031061
0.277021 0.448436 0.060762 0.032377
0.283004 0.225526 0.054418 0.030255
0.606000 0.940898 0.053030 0.031561
0.063119 0.245808 0.053290 0.031699
0.704009 0.820880 0.058248 0.044630
0.810779 0.923361 0.050382 0.040591
0.390961 0.203706 0.045960 0.028939
0.821893 0.188912 0.069791 0.038685
0.388566 0.318235 0.066030 0.030803
0.714416 0.137331 0.054904 0.031022
0.816800 0.590433 0.051248 0.036088
0.714700 0.306457 0.048159 0.030261
0.390660 0.239189 0.047027 0.032568
0.057661 0.406192 0.058132 0.031083
0.064000 0.164738 0.045838 0.037392
0.507749 0.501358 0.073469 0.045770
0.614381 0.106592 0.053869 0.040924
0.931376 0.260643 0.055055 0.033491
0.176584 0.460644 0.063481 0.026426
0.500237 0.271365 0.048698 0.037550
0.388334 0.561459 0.049695 0.034642
0.711488 0.024471 0.059494 0.033198
0.926483 0.667062 0.050034 0.033258
0.713412 0.203611 0.045591 0.037453
0.916803 0.929431 0.050819 0.038890
0.923477 0.777036 0.054209 0.036697
0.715800 0.417144 0.046790 0.042360
0.064584 0.091728 0.063192 0.035250
0.932797 0.221262 0.059257 0.042563
0.608950 0.445212 0.059681 0.032245
0.910447 0.969253 0.052835 0.036247
0.266071 0.958546 0.057559 0.041505
0.811997 0.372744 0.056521 0.038143
0.606583 0.355187 0.050263 0.037190
0.501099 0.315155 0.054815 0.042621
0.934305 0.056306 0.048786 0.035992
0.280945 0.376762 0.046119 0.028588
0.814069 0.411426 0.050663 0.035440
0.605555 0.316512 0.067621 0.040439
0.608905 0.402602 0.059527 0.052481
0.927726 0.500798 0.056520 0.035487
0.618261 0.025926 0.065974 0.035357
0.811676 0.965417 0.046903 0.035989
0.177652 0.153444 0.047226 0.045177
0.594470 0.711479 0.062864 0.044450
0.601208 0.631576 0.044957 0.033546
0.928455 0.543898 0.048620 0.043058
0.705733 0.961906 0.067956 0.038572
0.705211 0.775966 0.057230 0.045594
0.167105 0.572449 0.051041 0.042698
0.818794 0.445609 0.050269 0.024856
0.932840 0.023447 0.049555 0.030918
0.385132 0.965806 0.051504 0.041888
0.158731 0.806675 0.050716 0.031472
0.816424 0.629310 0.050950 0.035005
0.707830 0.661948 0.047288 0.035905
0.707199 0.578948 0.062020 0.037448
0.274732 0.863095 0.050788 0.045648
0.389584 0.096373 0.049000 0.030832
0.819493 0.307010 0.052175 0.031804
0.603555 0.595370 0.045507 0.034158
0.818788 0.272587 0.053185 0.031563
0.710953 0.456227 0.046488 0.032882
0.279308 0.746994 0.051884 0.035648
0.273181 0.911521 0.050096 0.043625
0.929172 0.377215 0.047781 0.033055
0.284908 0.066198 0.050164 0.044906
0.053021 0.579899 0.045550 0.032743
0.390199 0.436845 0.044268 0.033733
0.928590 0.585803 0.052983 0.036431
0.608571 0.275653 0.079074 0.039115
0.709970 0.169630 0.050424 0.029864
0.711383 0.730042 0.074678 0.041298
0.054173 0.682044 0.045369 0.027762
0.281002 0.605873 0.048506 0.044146
0.817467 0.672671 0.046840 0.048483
0.505989 0.138563 0.060396 0.045038
0.503528 0.227564 0.052174 0.046744
0.825359 0.067496 0.052976 0.038660
0.498445 0.363804 0.049938 0.045932
0.929451 0.176688 0.065063 0.040570
0.917562 0.892080 0.041315 0.033184
0.389004 0.676336 0.054262 0.032461
0.168573 0.530510 0.050929 0.038887
0.169644 0.495073 0.056370 0.030343
0.388217 0.707070 0.057208 0.023381
0.816077 0.710510 0.044571 0.027387
0.604115 0.748557 0.047219 0.023842
0.160083 0.696019 0.056458 0.029575
0.057995 0.520718 0.050918 0.029201
0.174868 0.192767 0.042720 0.026200
0.713008 0.538543 0.048697 0.037727
0.710572 0.620018 0.051331 0.046606
0.817495 0.339768 0.076821 0.027977
0.917582 0.858087 0.045329 0.034591
0.387911 0.599114 0.048916 0.038217
0.709493 0.694519 0.052883 0.029099
0.274892 0.825908 0.058017 0.024001
0.391159 0.475505 0.060903 0.041621
0.812516 0.849542 0.046991 0.031122
0.823558 0.029152 0.054595 0.036891
0.580451 0.972371 0.032658 0.028385
0.922675 0.744500 0.044627 0.026919
0.817380 0.737864 0.055925 0.027839
0.393210 0.022095 0.060340 0.035093
0.174261 0.432683 0.055292 0.025092
0.618334 0.970286 0.032110 0.023524
0.064283 0.019733 0.049892 0.023819
0.811596 0.773709 0.059897 0.039772
0.390484 0.400241 0.057726 0.035753
0.271818 0.522902 0.058016 0.025263
0.050753 0.549509 0.067268 0.024912
0.971097 0.923433 0.031891 0.021004
