0.696250 0.570631 0.084085 0.055947
0.695285 0.353172 0.068633 0.058478
0.365853 0.768310 0.075455 0.046594
0.579024 0.406181 0.095009 0.055409
0.922295 0.501767 0.073065 0.047393
0.692454 0.293389 0.072960 0.053687
0.920602 0.342211 0.083773 0.052952
0.812979 0.738043 0.088398 0.052630
0.260824 0.566130 0.076813 0.054719
0.693362 0.413030 0.088708 0.053909
0.050675 0.215292 0.070899 0.047692
0.811894 0.578231 0.087333 0.047292
0.281154 0.956018 0.092475 0.054277
0.470967 0.594857 0.073385 0.054160
0.688943 0.183303 0.083326 0.056337
0.172918 0.969625 0.079705 0.044694
0.693379 0.068086 0.085889 0.066419
0.923218 0.554455 0.069314 0.049412
0.362511 0.227773 0.071925 0.057858
0.158966 0.655444 0.075926 0.053386
0.809124 0.631913 0.087772 0.053566
0.928274 0.865200 0.068551 0.047703
0.058995 0.642473 0.080029 0.050154
0.175723 0.877988 0.074355 0.048400
0.069835 0.923119 0.073828 0.048816
0.061424 0.696216 0.078056 0.050762
0.275722 0.846581 0.076872 0.051328
0.918508 0.229604 0.076800 0.049313
0.566571 0.175591 0.085002 0.057839
0.264957 0.676024 0.076898 0.056319
0.804267 0.330822 0.081190 0.058480
0.467303 0.216087 0.067440 0.051724
0.807269 0.217082 0.086712 0.046914
0.473907 0.754290 0.087460 0.048093
0.169319 0.821439 0.079821 0.049287
0.806722 0.116304 0.080897 0.049485
0.364526 0.327578 0.085018 0.057919
0.469388 0.164928 0.075828 0.044496
0.468777 0.268006 0.072269 0.047623
0.819427 0.894851 0.082142 0.042621
0.817555 0.847681 0.067319 0.045124
0.810145 0.271681 0.079492 0.052392
0.922906 0.710618 0.074887 0.044567
0.807977 0.529840 0.087892 0.044093
0.691676 0.239361 0.079387 0.054073
0.577659 0.231107 0.074935 0.048756
0.816084 0.794854 0.069247 0.053170
0.049485 0.382525 0.072476 0.053963
0.694819 0.465081 0.085081 0.046839
0.163217 0.769330 0.066829 0.052860
0.370816 0.716384 0.069398 0.051407
0.172000 0.924179 0.062858 0.042120
0.257577 0.347986 0.081871 0.056088
0.062208 0.749123 0.084547 0.051527
0.480900 0.915970 0.079264 0.047584
0.049776 0.436379 0.071429 0.041544
0.696608 0.128355 0.082295 0.049104
0.586149 0.668197 0.093468 0.051574
0.584245 0.723281 0.075750 0.054668
0.475099 0.700866 0.056382 0.049707
0.360528 0.121384 0.084858 0.057861
0.054749 0.167256 0.071745 0.044893
0.586065 0.512742 0.077900 0.049321
0.696155 0.632477 0.079853 0.051273
0.917966 0.285990 0.081036 0.055058
0.921513 0.762234 0.070695 0.044649
0.060189 0.537841 0.078613 0.052958
0.700523 0.516558 0.071066 0.047863
0.488597 0.964423 0.077401 0.046557
0.575392 0.118934 0.077685 0.049455
0.378169 0.874202 0.091755 0.053143
0.809427 0.165152 0.077938 0.047766
0.588198 0.884181 0.090278 0.052270
0.704938 0.889594 0.057829 0.046457
0.151036 0.489274 0.074532 0.055367
0.370690 0.655489 0.080356 0.061092
0.469850 0.485084 0.091192 0.055129
0.071582 0.866348 0.073067 0.051627
0.595457 0.829941 0.093445 0.056639
0.378550 0.926633 0.085472 0.046367
0.256972 0.119156 0.072868 0.048065
0.599161 0.927928 0.076161 0.032110
0.465283 0.320568 0.078225 0.051428
0.054630 0.268154 0.066644 0.050440
0.471096 0.540145 0.072297 0.049005
0.373425 0.820906 0.074378 0.051850
0.055878 0.590959 0.077363 0.045859
0.267862 0.787730 0.069612 0.057648
0.583279 0.774133 0.067767 0.042834
0.259600 0.510823 0.071176 0.052663
0.812297 0.429634 0.066425 0.046305
0.918928 0.811203 0.076410 0.049207
0.159810 0.310904 0.079418 0.055529
0.923211 0.607155 0.080224 0.050319
0.257175 0.228125 0.089186 0.054280
0.810355 0.482407 0.072898 0.050634
0.160792 0.710375 0.071859 0.053268
0.155027 0.069170 0.088168 0.052930
0.072513 0.969559 0.077866 0.038134
0.363712 0.383504 0.076774 0.052640
0.153833 0.206793 0.072698 0.048764
0.572797 0.066787 0.085012 0.054240
0.585426 0.565211 0.091407 0.048904
0.151284 0.121000 0.079552 0.049454
0.702295 0.841211 0.066169 0.044824
0.467136 0.112712 0.074416 0.052591
0.365308 0.438331 0.073439 0.051922
0.474747 0.648291 0.062416 0.045630
0.055226 0.484956 0.063813 0.041911
0.262286 0.405699 0.081221 0.051839
0.923070 0.660940 0.081110 0.051052
0.929869 0.917989 0.063516 0.050546
0.699814 0.729642 0.092070 0.046503
0.810896 0.685078 0.075313 0.039982
0.064802 0.808665 0.081093 0.062124
0.150734 0.434104 0.075715 0.049448
0.260699 0.457595 0.067730 0.049887
0.261156 0.619756 0.063478 0.049049
0.581459 0.290794 0.071432 0.059916
0.598817 0.969914 0.083087 0.041963
0.708456 0.937440 0.079623 0.039644
0.253885 0.172873 0.062060 0.052108
0.803541 0.062782 0.081364 0.056813
0.475846 0.422628 0.067532 0.061885
0.704493 0.786536 0.075223 0.057126
0.259883 0.287692 0.079424 0.059873
0.156662 0.257035 0.070050 0.053467
0.053543 0.118086 0.066337 0.047125
0.580205 0.616182 0.079266 0.048397
0.361787 0.173938 0.060844 0.046443
0.573909 0.348463 0.078428 0.055706
0.262794 0.731532 0.060871 0.047525
0.366250 0.594343 0.070412 0.049238
0.915991 0.451311 0.094457 0.044646
0.704594 0.683763 0.089844 0.038958
0.470445 0.370221 0.076238 0.037586
0.922935 0.116815 0.077419 0.060082
0.364655 0.277381 0.071872 0.037379
0.251607 0.066941 0.066258 0.054424
0.827466 0.935896 0.070093 0.036841
0.475544 0.807802 0.074993 0.052262
0.161814 0.604054 0.068356 0.049903
0.922719 0.059909 0.084066 0.050004
0.583755 0.461351 0.068980 0.049183
0.361345 0.063301 0.063745 0.054075
0.917052 0.176142 0.090407 0.053294
0.470590 0.058682 0.075504 0.041999
0.368846 0.536888 0.071948 0.050720
0.703871 0.974398 0.068550 0.033912
0.154430 0.165426 0.066401 0.029971
0.383327 0.970191 0.057989 0.041581
0.835575 0.974132 0.100958 0.038818
0.369706 0.486733 0.072231 0.034245
0.483514 0.863262 0.069763 0.052275
0.934209 0.965050 0.082307 0.038173
0.157159 0.547901 0.064105 0.053679
0.810268 0.382597 0.049004 0.042557
0.918768 0.399665 0.094672 0.054766
0.055482 0.322567 0.058063 0.053158
0.049163 0.067251 0.053806 0.049482
0.280215 0.904753 0.054640 0.044051
0.156617 0.375874 0.057386 0.057403
