0.718146 0.107215 0.078543 0.041694
0.062576 0.390299 0.063572 0.039686
0.504404 0.192089 0.061247 0.041051
0.505996 0.258744 0.060699 0.031705
0.606434 0.588118 0.068307 0.039848
0.389453 0.873302 0.068057 0.040161
0.620895 0.195356 0.072523 0.043465
0.823484 0.193161 0.083038 0.044506
0.284490 0.721287 0.076023 0.034589
0.814767 0.068675 0.070575 0.047054
0.289614 0.877848 0.060468 0.045047
0.933697 0.200271 0.066629 0.043955
0.719716 0.585651 0.066368 0.042789
0.390089 0.829634 0.077528 0.042787
0.175091 0.651445 0.068517 0.044177
0.617683 0.237846 0.073686 0.039464
0.819053 0.111451 0.075404 0.034883
0.390133 0.532436 0.064017 0.033628
0.831643 0.682815 0.066158 0.040466
0.487215 0.080679 0.068911 0.039916
0.717319 0.715428 0.067987 0.041221
0.929901 0.115349 0.065656 0.046716
0.716950 0.357283 0.070322 0.042608
0.289193 0.921321 0.058669 0.039660
0.935632 0.313633 0.080645 0.040152
0.720942 0.462162 0.067944 0.043893
0.057777 0.429547 0.061261 0.035951
0.823288 0.366631 0.070624 0.039929
0.605102 0.507821 0.064734 0.043232
0.284966 0.115929 0.076235 0.032798
0.390449 0.913468 0.067243 0.037967
0.715417 0.145721 0.059868 0.035648
0.285919 0.260466 0.073987 0.041829
0.819212 0.148424 0.073148 0.038073
0.279281 0.184440 0.070145 0.034013
0.824030 0.237052 0.068347 0.039302
0.059370 0.581188 0.068710 0.034137
0.168064 0.301433 0.064713 0.034405
0.071236 0.851927 0.073176 0.032231
0.501369 0.757709 0.068703 0.041877
0.396147 0.264573 0.060528 0.037975
0.395371 0.493498 0.063278 0.041739
0.387836 0.386674 0.067221 0.033802
0.394981 0.648865 0.064668 0.043540
0.394579 0.453206 0.063111 0.037721
0.711219 0.789600 0.075109 0.034676
0.057596 0.118696 0.067366 0.036952
0.390428 0.349938 0.055751 0.035938
0.280240 0.301537 0.066739 0.035637
0.500226 0.547745 0.064531 0.039124
0.717380 0.667360 0.060419 0.051701
0.069023 0.815129 0.058243 0.035398
0.934339 0.639807 0.068213 0.043320
0.395266 0.786999 0.064947 0.040170
0.286771 0.834816 0.067051 0.036818
0.715771 0.907005 0.061321 0.039657
0.056639 0.192121 0.071575 0.031465
0.498297 0.381453 0.064025 0.046287
0.160922 0.370892 0.078105 0.041870
0.396902 0.170975 0.063500 0.031421
0.284683 0.455100 0.066030 0.035391
0.054859 0.232407 0.062338 0.045704
0.607901 0.548470 0.058009 0.035992
0.926225 0.596154 0.077999 0.042062
0.067732 0.699557 0.066517 0.042646
0.283625 0.220445 0.072453 0.032513
0.501515 0.293857 0.056454 0.034430
0.830655 0.803268 0.061452 0.033634
0.166091 0.215711 0.055167 0.049523
0.717188 0.753007 0.064004 0.033272
0.606607 0.424302 0.060598 0.039292
0.612973 0.462970 0.075917 0.038261
0.933982 0.408775 0.081498 0.044404
0.930476 0.159004 0.062704 0.039212
0.931051 0.362080 0.079715 0.044206
0.604550 0.351141 0.066239 0.039117
0.390478 0.570626 0.056224 0.041180
0.822271 0.323826 0.068105 0.042704
0.168984 0.126176 0.057506 0.040624
0.059006 0.076114 0.059503 0.039991
0.064324 0.348576 0.058923 0.039208
0.502076 0.589210 0.068656 0.043735
0.500641 0.034078 0.078940 0.046158
0.498886 0.504189 0.061314 0.045482
0.616116 0.310607 0.075508 0.039266
0.277391 0.072883 0.063797 0.054543
0.827443 0.406699 0.063543 0.041048
0.284327 0.686007 0.061236 0.031419
0.388824 0.084153 0.074195 0.045709
0.279939 0.412934 0.052548 0.041780
0.170616 0.603881 0.062784 0.040868
0.621682 0.081826 0.073906 0.046629
0.831462 0.724945 0.064690 0.041801
0.723513 0.278489 0.067997 0.044911
0.396040 0.203709 0.066872 0.032771
0.824250 0.574006 0.071101 0.045421
0.171666 0.261502 0.063337 0.038842
0.175198 0.083388 0.083944 0.039260
0.170384 0.167050 0.059719 0.038427
0.277681 0.151142 0.072320 0.033015
0.181906 0.699305 0.073400 0.045238
0.284152 0.795273 0.057233 0.036324
0.938743 0.243567 0.055861 0.040403
0.710667 0.867217 0.061707 0.033746
0.501059 0.635414 0.060517 0.045537
0.835832 0.842130 0.064911 0.037974
0.068817 0.505017 0.067927 0.041680
0.055683 0.617917 0.063693 0.037659
0.825389 0.884238 0.061594 0.043204
0.498774 0.334488 0.052982 0.044317
0.183774 0.917738 0.055498 0.036259
0.285855 0.755728 0.058690 0.033294
0.607471 0.656264 0.071735 0.038438
0.719120 0.184651 0.058350 0.040288
0.722709 0.623994 0.069987 0.031047
0.183463 0.824168 0.066999 0.040926
0.604220 0.702245 0.062659 0.050235
0.058970 0.032863 0.077105 0.041969
0.607531 0.895763 0.072444 0.038001
0.061786 0.545434 0.057557 0.036087
0.276031 0.558887 0.071749 0.041394
0.169285 0.556864 0.054601 0.045570
0.499628 0.423153 0.065468 0.037601
0.931825 0.025581 0.080643 0.037689
0.497098 0.803417 0.057390 0.047780
0.604414 0.622922 0.059176 0.026743
0.605389 0.389622 0.062452 0.032766
0.066000 0.306917 0.062387 0.039532
0.278355 0.369029 0.059946 0.040483
0.074851 0.932098 0.064075 0.038269
0.280702 0.650343 0.058212 0.031478
0.827886 0.765745 0.052383 0.039528
0.181149 0.780913 0.062100 0.037292
0.721391 0.504979 0.056678 0.039304
0.390038 0.609064 0.053081 0.036289
0.932173 0.728065 0.061397 0.034354
0.279517 0.490970 0.061707 0.031325
0.172556 0.334482 0.063094 0.025642
0.717053 0.231609 0.064268 0.049880
0.062196 0.272134 0.065735 0.029859
0.071850 0.779892 0.059552 0.031535
0.928727 0.067127 0.056829 0.044376
0.823147 0.929087 0.059780 0.040362
0.828116 0.614788 0.050233 0.032445
0.388620 0.694589 0.058348 0.044546
0.723005 0.423188 0.074656 0.029739
0.826240 0.485744 0.048622 0.030238
0.171368 0.741004 0.058346 0.037099
0.718375 0.544004 0.058046 0.039150
0.498811 0.717846 0.061849 0.040386
0.809561 0.023255 0.064398 0.036897
0.503969 0.228050 0.048345 0.027145
0.392455 0.308093 0.075358 0.044185
0.163983 0.417535 0.061805 0.035544
0.824068 0.447912 0.048822 0.041605
0.285541 0.958816 0.058452 0.034966
0.159986 0.458568 0.053305 0.039526
0.500648 0.463821 0.061624 0.037449
0.068440 0.656969 0.061995 0.035708
0.826022 0.280217 0.084082 0.042155
0.051118 0.155152 0.049979 0.033139
0.611990 0.032493 0.066884 0.047761
0.828357 0.525867 0.059505 0.047459
0.393477 0.417942 0.066442 0.027680
0.390132 0.034485 0.071640 0.047794
0.286820 0.521565 0.066379 0.029866
0.061568 0.465451 0.061695 0.033809
0.827728 0.646570 0.063980 0.028275
0.714848 0.827556 0.055983 0.038731
0.713854 0.030771 0.061472 0.047123
0.927002 0.770249 0.059593 0.046535
0.397171 0.233966 0.067956 0.027181
0.621658 0.158488 0.057392 0.030152
0.280007 0.606528 0.059386 0.050657
0.499578 0.116720 0.066252 0.029890
0.922594 0.452668 0.058106 0.036978
0.276467 0.026433 0.076315 0.033847
0.499829 0.151334 0.082595 0.038958
0.618538 0.276247 0.070919 0.035967
0.172471 0.038476 0.068112 0.048172
0.181719 0.873832 0.051732 0.048575
0.166461 0.504644 0.057992 0.049573
0.396701 0.957095 0.061184 0.048478
0.713342 0.070362 0.053657 0.028363
0.394884 0.131143 0.075275 0.045158
0.922583 0.495946 0.057708 0.049106
0.497147 0.899927 0.067914 0.050947
0.935913 0.278952 0.070812 0.029306
0.709445 0.951553 0.060617 0.049707
0.610733 0.970524 0.069700 0.041626
0.604283 0.862047 0.068861 0.024335
0.499233 0.677234 0.061909 0.036253
0.612277 0.933480 0.069241 0.037766
0.498986 0.851531 0.054755 0.042686
0.069498 0.741707 0.050945 0.034590
0.495069 0.951033 0.078810 0.049949
0.723115 0.392397 0.078055 0.028086
0.819364 0.971122 0.056305 0.038962
0.076352 0.889013 0.055588 0.038995
0.183403 0.957347 0.059901 0.041651
0.720188 0.317251 0.048521 0.029348
0.278976 0.334214 0.053613 0.025181
0.393436 0.740670 0.049696 0.045885
0.077549 0.965664 0.075320 0.034462
0.929674 0.809117 0.047834 0.028383
0.929912 0.688362 0.061666 0.050069
0.932814 0.970726 0.076521 0.038682
0.928081 0.852386 0.059143 0.052358
0.600906 0.829824 0.057025 0.038345
0.930376 0.938288 0.061881 0.032566
0.601791 0.777348 0.061541 0.041092
0.927225 0.547510 0.066539 0.054205
0.928514 0.903763 0.049752 0.047957
0.615355 0.124912 0.069531 0.037559
0.602301 0.742253 0.047547 0.027227
0.601290 0.805462 0.062213 0.026981
