0.273208 0.627779 0.068534 0.044398
0.489273 0.851873 0.087948 0.043277
0.272963 0.853809 0.064946 0.043716
0.944730 0.245223 0.067843 0.042305
0.487210 0.634468 0.070644 0.039795
0.274535 0.175417 0.072742 0.034192
0.705696 0.150251 0.063571 0.036238
0.934407 0.164673 0.079309 0.040157
0.488145 0.593048 0.066772 0.041393
0.272033 0.263922 0.075025 0.043975
0.273610 0.363717 0.069709 0.043928
0.163693 0.517903 0.077003 0.048163
0.268132 0.408045 0.070419 0.039967
0.939541 0.456769 0.072112 0.039150
0.717524 0.446023 0.068963 0.040494
0.487410 0.512534 0.066809 0.035582
0.487336 0.725593 0.064629 0.043227
0.381027 0.534890 0.081086 0.039762
0.484738 0.135916 0.072058 0.031183
0.701925 0.644356 0.083282 0.046562
0.385202 0.382233 0.076970 0.047052
0.487712 0.680320 0.062886 0.042801
0.275186 0.451623 0.080696 0.043124
0.264918 0.315230 0.071862 0.048589
0.939321 0.123009 0.073833 0.040140
0.942719 0.287971 0.060668 0.037737
0.373073 0.020206 0.077778 0.038070
0.487429 0.307833 0.074160 0.053119
0.270510 0.217649 0.065200 0.043906
0.489678 0.810732 0.080494 0.040768
0.270953 0.025717 0.066583 0.042412
0.942209 0.330767 0.073968 0.039723
0.703254 0.073476 0.066601 0.044754
0.164033 0.295060 0.067898 0.041903
0.489697 0.768579 0.069478 0.039495
0.940370 0.724244 0.062255 0.034744
0.383945 0.702590 0.078199 0.038709
0.270999 0.806370 0.079028 0.045738
0.169049 0.897610 0.078447 0.041226
0.485969 0.177697 0.065477 0.043961
0.487074 0.473933 0.066712 0.041366
0.476024 0.100865 0.068857 0.033594
0.706200 0.559094 0.063484 0.043666
0.943602 0.536078 0.068487 0.032962
0.483557 0.396961 0.065401 0.029408
0.173871 0.204547 0.058755 0.045019
0.709493 0.691084 0.072054 0.040989
0.939611 0.611600 0.063351 0.037362
0.600463 0.204416 0.067426 0.034356
0.599293 0.356394 0.080752 0.042707
0.946757 0.374249 0.073078 0.043267
0.059873 0.340775 0.059196 0.045876
0.943494 0.573287 0.063161 0.035511
0.477305 0.023969 0.065485 0.042242
0.060764 0.474709 0.074852 0.049769
0.162592 0.599190 0.060686 0.040136
0.382204 0.334890 0.074235 0.042164
0.487896 0.433101 0.070118 0.040281
0.046191 0.882460 0.080886 0.045421
0.165602 0.641904 0.064367 0.042848
0.368270 0.091582 0.082867 0.042882
0.161178 0.688882 0.057922 0.047914
0.064721 0.112402 0.074473 0.044153
0.708241 0.486510 0.061700 0.040755
0.489509 0.356238 0.062564 0.041364
0.826375 0.265716 0.069340 0.043082
0.938956 0.496252 0.057497 0.035587
0.597655 0.313775 0.080015 0.041272
0.268271 0.101356 0.068487 0.038557
0.162939 0.429478 0.072274 0.042054
0.167481 0.472285 0.067712 0.040485
0.056103 0.528277 0.087413 0.051633
0.369290 0.138207 0.060154 0.046263
0.275461 0.671042 0.067691 0.040296
0.389247 0.936609 0.070340 0.036425
0.938703 0.903821 0.060560 0.042956
0.170036 0.386737 0.071714 0.042238
0.940202 0.687670 0.068634 0.034885
0.940313 0.649540 0.057739 0.036805
0.597020 0.165604 0.073180 0.034363
0.822341 0.028620 0.060229 0.045623
0.939529 0.204529 0.055502 0.036441
0.376144 0.181638 0.072879 0.041959
0.157476 0.855058 0.068956 0.038383
0.382866 0.659384 0.063905 0.050175
0.377021 0.493229 0.067248 0.042097
0.372773 0.250218 0.073145 0.035162
0.168704 0.341146 0.057147 0.043838
0.163478 0.815865 0.065108 0.039945
0.171494 0.250693 0.056204 0.043212
0.059715 0.292774 0.078303 0.047686
0.274280 0.719124 0.066767 0.052139
0.604265 0.242346 0.087787 0.039665
0.489716 0.257994 0.073277 0.042774
0.052807 0.836836 0.072788 0.042753
0.383345 0.857325 0.064505 0.043827
0.052249 0.619164 0.089341 0.049729
0.064094 0.666546 0.077056 0.042523
0.062866 0.028061 0.070948 0.047491
0.060479 0.072358 0.081437 0.035893
0.057649 0.423039 0.070998 0.050250
0.822361 0.108270 0.077861 0.040627
0.059872 0.243047 0.062139 0.047078
0.708234 0.189984 0.094450 0.037529
0.372061 0.288888 0.085414 0.043281
0.274816 0.582864 0.068210 0.039674
0.488072 0.550247 0.058983 0.039589
0.056585 0.968193 0.071505 0.046679
0.944468 0.766359 0.061828 0.043750
0.488323 0.937328 0.073371 0.039121
0.706985 0.278288 0.068526 0.032918
0.263578 0.139054 0.067151 0.034970
0.827172 0.224652 0.068129 0.032755
0.824483 0.190259 0.071630 0.034818
0.936646 0.079898 0.079727 0.038844
0.708064 0.234870 0.069960 0.048010
0.937734 0.953468 0.062690 0.049475
0.706866 0.113659 0.056918 0.032660
0.053543 0.793979 0.065034 0.037579
0.709663 0.522160 0.063883 0.027742
0.057676 0.709589 0.056692 0.041123
0.383580 0.573124 0.073710 0.036176
0.056889 0.200680 0.068483 0.032149
0.943669 0.811166 0.068661 0.039282
0.053443 0.925085 0.070366 0.039135
0.481594 0.064433 0.056486 0.032732
0.174328 0.161431 0.056806 0.036252
0.824813 0.070599 0.061139 0.030374
0.945160 0.416237 0.060631 0.034518
0.382752 0.614317 0.064703 0.040285
0.486536 0.898213 0.065247 0.040071
0.381180 0.813768 0.065979 0.041299
0.944950 0.858312 0.061399 0.047401
0.163905 0.557508 0.057781 0.031902
0.602109 0.418420 0.065432 0.045897
0.702964 0.601117 0.061912 0.032698
0.163273 0.734044 0.052383 0.040032
0.054571 0.753068 0.054352 0.043937
0.374547 0.053723 0.062499 0.027421
0.384021 0.426643 0.075229 0.040424
0.161128 0.774645 0.049972 0.037252
0.270832 0.496071 0.063277 0.043168
0.156512 0.938994 0.071991 0.038662
0.832562 0.150940 0.068064 0.042141
0.832557 0.355155 0.067270 0.043302
0.385466 0.740927 0.054036 0.038283
0.487798 0.219762 0.076966 0.035472
0.265051 0.065391 0.061218 0.030196
0.275980 0.898332 0.060576 0.037089
0.937040 0.034371 0.071380 0.048253
0.165544 0.118806 0.050097 0.051344
0.063012 0.161026 0.055465 0.049482
0.273660 0.763915 0.053692 0.035358
0.161901 0.068134 0.054529 0.046879
0.716066 0.315219 0.064656 0.041432
0.369760 0.217019 0.071794 0.029862
0.703762 0.025129 0.053891 0.037507
0.386079 0.899922 0.051743 0.037371
0.054443 0.382028 0.060482 0.031429
0.706842 0.737042 0.053172 0.043854
0.393490 0.972595 0.083741 0.036320
0.824795 0.310287 0.072107 0.041992
0.716202 0.403813 0.083098 0.035824
0.488287 0.972997 0.055253 0.036344
0.160665 0.022997 0.050966 0.038536
0.601765 0.275354 0.064610 0.024568
0.273310 0.947145 0.061093 0.058225
0.591671 0.125080 0.062642 0.040337
0.057494 0.573239 0.052085 0.036272
0.824990 0.394137 0.090925 0.032745
0.156572 0.973073 0.060676 0.036670
0.269664 0.539463 0.059702 0.043319
0.589637 0.067667 0.064474 0.048224
0.381665 0.775692 0.049639 0.030701
0.381437 0.461176 0.058182 0.027203
0.715233 0.361179 0.067009 0.052571
