0.275961 0.820353 0.062927 0.036549
0.494705 0.900509 0.070337 0.043689
0.706328 0.799633 0.079938 0.043906
0.598657 0.659017 0.061477 0.033319
0.493762 0.742922 0.067049 0.040144
0.273059 0.895268 0.056831 0.036621
0.272956 0.334594 0.068402 0.039431
0.711656 0.535387 0.059372 0.032859
0.054477 0.791581 0.067332 0.042748
0.167611 0.885196 0.055308 0.037920
0.278152 0.931577 0.064606 0.030193
0.270568 0.856698 0.062599 0.033678
0.814545 0.625555 0.064011 0.037812
0.924235 0.679705 0.069468 0.039681
0.597123 0.695610 0.059118 0.036734
0.487856 0.372819 0.063355 0.036908
0.378598 0.295468 0.069647 0.043378
0.934509 0.226064 0.066292 0.038001
0.493644 0.813152 0.057055 0.040465
0.163794 0.925462 0.056374 0.036355
0.704352 0.311648 0.067085 0.042439
0.604087 0.810490 0.065087 0.034723
0.815819 0.828192 0.060799 0.043904
0.927434 0.543265 0.065444 0.041535
0.707278 0.754955 0.054605 0.036645
0.814578 0.415208 0.067272 0.042534
0.488663 0.528174 0.071865 0.040737
0.273355 0.157061 0.061049 0.036659
0.055223 0.298972 0.056481 0.042785
0.373107 0.725800 0.061126 0.032062
0.379756 0.798669 0.054952 0.047022
0.816746 0.460203 0.059360 0.036320
0.380826 0.577225 0.058926 0.040365
0.819082 0.545853 0.067306 0.035528
0.488200 0.445246 0.061325 0.030741
0.931844 0.304491 0.065088 0.035343
0.923210 0.589252 0.069509 0.043073
0.381255 0.848022 0.058692 0.046226
0.817485 0.585116 0.058830 0.036874
0.929955 0.184325 0.053945 0.038586
0.376965 0.620531 0.062453 0.041793
0.807389 0.265306 0.056431 0.032916
0.920997 0.830178 0.060217 0.034137
0.802669 0.957645 0.075407 0.045450
0.492564 0.854887 0.076719 0.041933
0.919387 0.904258 0.075781 0.035272
0.272528 0.067149 0.066611 0.049480
0.494335 0.568638 0.060583 0.040029
0.386699 0.929956 0.055820 0.044384
0.162869 0.174149 0.053673 0.035299
0.490977 0.293451 0.061292 0.036013
0.594346 0.734729 0.061504 0.040937
0.378287 0.119376 0.065848 0.041287
0.818908 0.662550 0.054626 0.035293
0.922887 0.865702 0.053269 0.038499
0.376834 0.414229 0.056543 0.040613
0.812442 0.303426 0.050974 0.036703
0.709426 0.843570 0.062320 0.037463
0.937220 0.380274 0.058673 0.040589
0.491041 0.332057 0.057132 0.040645
0.381600 0.207814 0.064903 0.044338
0.381007 0.070825 0.066756 0.047065
0.162066 0.136222 0.066550 0.037371
0.165706 0.726931 0.069606 0.034379
0.052984 0.213022 0.061922 0.041683
0.703155 0.148810 0.056239 0.039513
0.493272 0.409172 0.052451 0.035767
0.267935 0.115694 0.074676 0.042055
0.051861 0.914024 0.052294 0.033872
0.273162 0.377141 0.068904 0.043497
0.932584 0.142171 0.053613 0.040131
0.816595 0.503080 0.052868 0.043119
0.052109 0.837614 0.054086 0.042379
0.707188 0.921153 0.060941 0.036900
0.929266 0.267846 0.061152 0.038998
0.490645 0.232825 0.053063 0.036177
0.049622 0.948231 0.078394 0.035123
0.918322 0.756168 0.051379 0.035457
0.932149 0.468424 0.071483 0.047548
0.379578 0.456516 0.058823 0.041463
0.934091 0.422863 0.055742 0.041074
0.377051 0.538245 0.054677 0.034868
0.489624 0.484687 0.069156 0.044051
0.593385 0.476845 0.057198 0.044505
0.922688 0.634370 0.075713 0.041845
0.375964 0.664637 0.051941 0.038355
0.489393 0.779553 0.058078 0.028334
0.706067 0.110421 0.053171 0.035608
0.270986 0.421520 0.059926 0.042579
0.698797 0.267507 0.065304 0.037222
0.166654 0.526403 0.051701 0.041631
0.930819 0.075432 0.056601 0.038973
0.933443 0.342458 0.059279 0.032161
0.167303 0.691810 0.071930 0.034909
0.051472 0.255473 0.061133 0.039030
0.053703 0.652700 0.050807 0.041075
0.273159 0.569836 0.052092 0.040145
0.160547 0.097052 0.069838 0.042690
0.600506 0.623739 0.050133 0.035783
0.819795 0.697428 0.051318 0.029714
0.269427 0.202032 0.061073 0.045721
0.275738 0.293550 0.055095 0.039765
0.815648 0.374903 0.055410 0.035536
0.808547 0.228331 0.048319 0.033314
0.378962 0.758504 0.052026 0.030662
0.710084 0.711686 0.060645 0.040646
0.167413 0.304498 0.055916 0.040605
0.166200 0.213245 0.051410 0.040916
0.920198 0.718800 0.066440 0.040964
0.170654 0.765198 0.052007 0.034244
0.920135 0.791953 0.047205 0.032799
0.810771 0.187145 0.055681 0.036493
0.055373 0.344061 0.054613 0.038605
0.165818 0.655879 0.053448 0.034546
0.376142 0.336686 0.057434 0.036272
0.489687 0.641493 0.062777 0.034627
0.592251 0.121540 0.049054 0.034730
0.705959 0.958527 0.054579 0.033811
0.385661 0.889461 0.058763 0.033369
0.165700 0.261726 0.053457 0.043249
0.597396 0.161715 0.056826 0.041430
0.596179 0.855693 0.057020 0.043105
0.063172 0.027207 0.062099 0.036365
0.807373 0.915278 0.054355 0.036233
0.276089 0.684147 0.051154 0.035030
0.808914 0.030901 0.067833 0.044118
0.052238 0.879146 0.048673 0.036406
0.173589 0.570762 0.054693 0.033991
0.057036 0.698911 0.051575 0.047472
0.274467 0.500100 0.063524 0.039997
0.591856 0.515653 0.048870 0.032754
0.711560 0.497392 0.048354 0.038483
0.376487 0.373089 0.050675 0.037451
0.593519 0.392795 0.053882 0.037399
0.702616 0.354366 0.054293 0.042728
0.381498 0.026158 0.065111 0.040805
0.490950 0.674314 0.050945 0.034470
0.486861 0.116885 0.062266 0.036771
0.496168 0.940010 0.058415 0.034483
0.162555 0.961407 0.047052 0.032971
0.377794 0.498851 0.046981 0.039767
0.270103 0.614495 0.058261 0.038265
0.057251 0.745501 0.049350 0.040777
0.275873 0.782790 0.055014 0.034772
0.483328 0.153159 0.059221 0.036179
0.703249 0.224615 0.060377 0.044822
0.275279 0.462103 0.054512 0.036162
0.708953 0.072603 0.072138 0.036962
0.930888 0.031645 0.062858 0.044741
0.709153 0.567288 0.048829 0.026860
0.593405 0.434597 0.046551 0.038080
0.055315 0.481068 0.064398 0.038270
0.489039 0.607779 0.060557 0.027320
0.384245 0.161983 0.052362 0.042889
0.491519 0.194480 0.053309 0.042152
0.596551 0.029596 0.060799 0.040604
0.062557 0.979231 0.067575 0.028043
0.378907 0.695813 0.045593 0.027797
0.593221 0.548924 0.050920 0.034712
0.709268 0.461629 0.048678 0.031701
0.170806 0.800005 0.051743 0.034115
0.059614 0.110942 0.058869 0.042810
0.169839 0.611896 0.050744 0.049595
0.492896 0.708631 0.055486 0.027642
0.701707 0.186836 0.056040 0.025998
0.277636 0.025611 0.061913 0.032518
0.591783 0.357023 0.040657 0.033363
0.278002 0.748796 0.045194 0.031157
0.488842 0.263491 0.059910 0.023943
0.168651 0.488025 0.052334 0.034930
0.816984 0.735809 0.057048 0.042731
0.593486 0.198981 0.058060 0.031550
0.930103 0.507609 0.053183 0.030408
0.055441 0.439544 0.052532 0.041211
0.382960 0.250327 0.063657 0.043908
0.273771 0.650086 0.050013 0.028695
0.063188 0.068118 0.050408 0.039055
0.284628 0.964131 0.062905 0.029104
0.703384 0.427456 0.056587 0.039250
0.705665 0.673417 0.043297 0.034371
0.592614 0.077442 0.052564 0.047549
0.597394 0.895236 0.039029 0.031680
0.810136 0.148537 0.052298 0.039701
0.599639 0.773945 0.044814 0.028342
0.591868 0.281564 0.061873 0.043305
0.711447 0.601520 0.048619 0.040366
0.166468 0.411764 0.050223 0.039253
0.167067 0.840570 0.052562 0.047882
0.814169 0.340889 0.044085 0.033284
0.812496 0.874813 0.049980 0.042470
0.392861 0.965108 0.061656 0.028688
0.596997 0.238911 0.059645 0.044665
0.057361 0.523536 0.048630 0.042852
0.817789 0.782348 0.057307 0.037963
0.055819 0.379143 0.049514 0.034936
0.705104 0.640523 0.048447 0.034246
0.703730 0.882891 0.063087 0.035994
0.595027 0.322583 0.050983 0.035527
0.487405 0.074903 0.057872 0.045989
0.162211 0.349625 0.060754 0.043824
0.169483 0.450129 0.045866 0.036253
0.057235 0.176374 0.041159 0.026310
0.599599 0.586100 0.043143 0.036459
0.282194 0.533159 0.050943 0.027322
0.706876 0.031792 0.060374 0.047057
0.060689 0.612204 0.053560 0.031481
0.934068 0.109399 0.045523 0.027851
0.166985 0.055910 0.048714 0.037917
0.703627 0.395258 0.052709 0.033937
0.809717 0.112954 0.045533 0.033994
0.500736 0.968806 0.054678 0.029745
0.167972 0.023691 0.062108 0.027900
0.057370 0.572066 0.046906 0.046397
0.809485 0.074434 0.058385 0.038636
0.271741 0.249663 0.058632 0.043649
0.057972 0.147419 0.046291 0.027963
0.489529 0.030028 0.064387 0.044785
0.276467 0.717255 0.041635 0.032337
0.924413 0.968462 0.074942 0.038683
0.056016 0.406950 0.048827 0.028335
0.589938 0.958615 0.038752 0.030841
0.926424 0.940195 0.077087 0.032539
0.596380 0.926053 0.034188 0.027656
