0.502988 0.258208 0.059973 0.043263
0.063965 0.216175 0.061352 0.045499
0.284897 0.545872 0.052513 0.037550
0.175760 0.810336 0.063261 0.041993
0.932949 0.470003 0.057482 0.034921
0.176175 0.669185 0.055672 0.038936
0.391201 0.685549 0.055998 0.037673
0.280066 0.251132 0.063964 0.042818
0.831672 0.880791 0.057734 0.031554
0.175940 0.592721 0.061226 0.036603
0.512968 0.907963 0.066834 0.042423
0.284397 0.765571 0.075469 0.043792
0.511094 0.838685 0.057802 0.038048
0.174708 0.215240 0.058052 0.039063
0.502769 0.382253 0.062893 0.044211
0.176738 0.707756 0.050934 0.033593
0.715428 0.920906 0.053183 0.041042
0.504288 0.427022 0.051950 0.043410
0.278330 0.205455 0.066487 0.043514
0.508776 0.299472 0.060194 0.038553
0.831702 0.086194 0.061519 0.036727
0.933618 0.604828 0.053125 0.034505
0.187234 0.934711 0.062405 0.034728
0.284505 0.504408 0.058006 0.039910
0.187404 0.970001 0.063612 0.036809
0.511133 0.800087 0.058025 0.033108
0.619601 0.721180 0.055124 0.035604
0.930676 0.436062 0.054380 0.028177
0.623130 0.679043 0.060790 0.039047
0.390293 0.488423 0.059745 0.039569
0.504406 0.577796 0.051834 0.033834
0.621628 0.791142 0.059442 0.037777
0.068168 0.171147 0.057502 0.040150
0.280511 0.125209 0.059005 0.035597
0.936139 0.646600 0.066862 0.044013
0.825214 0.578881 0.048467 0.040649
0.929421 0.366489 0.049343 0.030243
0.384392 0.370692 0.068793 0.037284
0.937592 0.163994 0.067172 0.043080
0.174974 0.255289 0.056535 0.036654
0.387365 0.410826 0.066010 0.042976
0.823449 0.323673 0.057598 0.036316
0.066528 0.827838 0.077304 0.035086
0.178312 0.740237 0.048017 0.031744
0.616320 0.429323 0.056624 0.036608
0.716882 0.134989 0.053618 0.041969
0.177369 0.295110 0.058859 0.040600
0.177980 0.773387 0.050007 0.030848
0.828722 0.816267 0.053000 0.032329
0.399702 0.096502 0.055261 0.037666
0.506838 0.176410 0.050949 0.037290
0.941043 0.808870 0.060729 0.030241
0.392152 0.649697 0.050969 0.033614
0.174305 0.415969 0.071473 0.034487
0.177974 0.852569 0.058369 0.040365
0.390533 0.334756 0.056151 0.033843
0.823723 0.391048 0.054359 0.037864
0.619373 0.470069 0.058783 0.038993
0.284806 0.360855 0.050424 0.035529
0.509738 0.684524 0.052355 0.039900
0.070126 0.864074 0.069365 0.032943
0.392207 0.758542 0.066818 0.037359
0.940628 0.752149 0.048292 0.028384
0.939532 0.721323 0.047638 0.032858
0.827125 0.210545 0.067601 0.038137
0.506276 0.140281 0.052505 0.035347
0.176779 0.629960 0.047143 0.036281
0.172717 0.554461 0.055526 0.041329
0.509865 0.503871 0.053062 0.040330
0.062321 0.555943 0.057045 0.045985
0.825235 0.505700 0.049572 0.040183
0.722255 0.699214 0.059164 0.039310
0.063150 0.789894 0.048478 0.038387
0.932292 0.536702 0.051851 0.033598
0.396336 0.247769 0.059612 0.042949
0.287581 0.583903 0.047690 0.034428
0.942961 0.840711 0.049955 0.034238
0.829965 0.123040 0.052931 0.035782
0.823526 0.357226 0.048561 0.030663
0.934486 0.912839 0.053724 0.030771
0.064598 0.309136 0.075241 0.046450
0.618379 0.512124 0.062753 0.042163
0.831334 0.648673 0.047250 0.036875
0.828993 0.615198 0.048185 0.030563
0.279738 0.325464 0.050275 0.033213
0.512087 0.541759 0.052992 0.032200
0.394464 0.055820 0.052328 0.040652
0.071957 0.355556 0.069555 0.042978
0.505557 0.767259 0.055361 0.032293
0.931264 0.401724 0.048661 0.035849
0.825335 0.253124 0.050937 0.041696
0.828020 0.685165 0.058289 0.034224
0.063068 0.262805 0.065121 0.045222
0.287583 0.403454 0.051521 0.043167
0.611882 0.320279 0.060682 0.048488
0.390689 0.576084 0.056561 0.043453
0.287357 0.620340 0.049285 0.038118
0.514816 0.945327 0.052832 0.028076
0.501588 0.214345 0.051547 0.037899
0.827488 0.428253 0.044394 0.034817
0.064724 0.599771 0.055606 0.041034
0.823732 0.755706 0.044898 0.034063
0.170006 0.030758 0.078406 0.049545
0.284223 0.686279 0.059664 0.041595
0.715952 0.844773 0.046429 0.030445
0.616161 0.363309 0.067884 0.038433
0.618086 0.635882 0.057607 0.045202
0.506808 0.467158 0.059053 0.031714
0.386831 0.532607 0.050995 0.042219
0.712119 0.554068 0.061765 0.042187
0.173677 0.380691 0.054045 0.035835
0.941260 0.685885 0.062343 0.034915
0.712839 0.390299 0.052164 0.033504
0.070304 0.900144 0.056290 0.035437
0.060402 0.512590 0.058736 0.035518
0.827936 0.542511 0.048444 0.032016
0.502633 0.057646 0.052057 0.034356
0.830400 0.164765 0.058265 0.047347
0.498845 0.338009 0.072014 0.039436
0.281652 0.857353 0.053806 0.043270
0.718455 0.739505 0.052592 0.038792
0.828454 0.847772 0.043305 0.032674
0.824368 0.942522 0.055649 0.031677
0.279806 0.162622 0.052382 0.039382
0.517018 0.975369 0.063452 0.032535
0.390404 0.295918 0.047159 0.041949
0.505641 0.098639 0.052131 0.042162
0.940993 0.780230 0.054264 0.026148
0.173075 0.485423 0.061975 0.033257
0.283990 0.810983 0.052771 0.044249
0.062081 0.637955 0.050385 0.035286
0.828194 0.785030 0.046096 0.027781
0.064805 0.132161 0.054028 0.038641
0.505547 0.729164 0.055163 0.044025
0.181763 0.896457 0.053713 0.044262
0.719919 0.777482 0.049687 0.036523
0.510908 0.873323 0.054270 0.024902
0.620272 0.891922 0.046651 0.032118
0.509112 0.612756 0.046934 0.032489
0.714576 0.880280 0.041977 0.037352
0.399243 0.918003 0.052329 0.042443
0.065819 0.671480 0.053629 0.032158
0.392913 0.184234 0.048215 0.034056
0.935096 0.569162 0.045758 0.033429
0.388917 0.450714 0.047792 0.035285
0.396933 0.880169 0.050439 0.036005
0.286894 0.724311 0.052923 0.033593
0.068547 0.397720 0.061444 0.041900
0.387671 0.840617 0.057752 0.042281
0.824306 0.719890 0.045553 0.036551
0.711226 0.428460 0.049717 0.033523
0.392468 0.614950 0.052139 0.035335
0.620335 0.827416 0.046905 0.036285
0.074017 0.969672 0.059275 0.033598
0.942695 0.877484 0.050610 0.038526
0.719812 0.661937 0.053594 0.038124
0.286531 0.441184 0.041864 0.034375
0.171249 0.340791 0.048780 0.042188
0.715353 0.811851 0.047734 0.033318
0.608381 0.024783 0.055861 0.038593
0.827299 0.464925 0.059678 0.037868
0.930658 0.505469 0.043193 0.032025
0.395557 0.143400 0.057468 0.048134
0.060694 0.708911 0.050594 0.042229
0.821081 0.292240 0.044444 0.030141
0.717217 0.246723 0.048604 0.038993
0.283678 0.965081 0.051586 0.038025
0.622177 0.859743 0.050517 0.029510
0.717839 0.174192 0.051080 0.037371
0.174879 0.517548 0.055282 0.031335
0.717185 0.095535 0.045673 0.035765
0.174280 0.174218 0.055837 0.036902
0.509333 0.647193 0.045759 0.034248
0.059787 0.750638 0.045104 0.039756
0.714310 0.060982 0.046700 0.033119
0.389790 0.797604 0.046594 0.039235
0.283154 0.291157 0.044623 0.031600
0.716276 0.962197 0.048928 0.036309
0.604989 0.066057 0.054726 0.038320
0.930663 0.098676 0.060674 0.036967
0.175004 0.451576 0.057734 0.034336
0.826553 0.912299 0.051165 0.031710
0.390168 0.721542 0.045189 0.033448
0.715369 0.025149 0.041805 0.035842
0.611687 0.559643 0.056178 0.046454
0.284018 0.930984 0.043803 0.030950
0.715823 0.512496 0.046345 0.031663
0.712083 0.357582 0.037447 0.030129
0.617037 0.157180 0.049319 0.033189
0.617260 0.926542 0.066706 0.034726
0.504315 0.023109 0.048021 0.026548
0.930988 0.329159 0.043163 0.038642
0.283143 0.897946 0.045296 0.033027
0.930686 0.972998 0.038852 0.033566
0.717327 0.211423 0.048526 0.033119
0.064017 0.477803 0.055667 0.032205
0.611990 0.398565 0.055284 0.024557
0.926145 0.021390 0.039562 0.025239
0.391669 0.021362 0.048857 0.029113
0.829379 0.972658 0.053917 0.029004
0.076252 0.934516 0.046480 0.033752
0.936583 0.941988 0.044835 0.028218
0.287134 0.654389 0.045293 0.022650
0.622076 0.755403 0.046191 0.029936
0.613808 0.233420 0.053795 0.035008
0.068723 0.095370 0.051279 0.027477
0.396517 0.213322 0.048885 0.025560
0.174966 0.071920 0.043040 0.033666
0.715157 0.324539 0.039291 0.032134
0.824124 0.020866 0.051323 0.024526
0.062683 0.023607 0.050097 0.027152
0.615797 0.595541 0.053164 0.030760
0.171450 0.111549 0.046834 0.040030
0.613261 0.273553 0.055886 0.047027
0.710802 0.459063 0.050127 0.030385
0.715623 0.286175 0.045479 0.039694
0.936044 0.258415 0.041021 0.032368
0.067465 0.062184 0.048751 0.038628
0.173740 0.143723 0.043447 0.026079
0.610493 0.098235 0.044054 0.030756
0.280949 0.023101 0.042740 0.028761
0.611629 0.127266 0.046492 0.027175
0.289744 0.471451 0.053938 0.025978
0.718807 0.587139 0.052238 0.023887
0.829079 0.049288 0.043633 0.033276
0.621392 0.966471 0.043899 0.044797
0.939795 0.202894 0.057635 0.029082
0.933469 0.292685 0.038307 0.030274
0.721227 0.616909 0.056557 0.037714
0.277694 0.090547 0.047359 0.029655
0.402437 0.956441 0.057172 0.030080
0.929753 0.054719 0.054299 0.040826
0.278092 0.057234 0.047823 0.037834
0.406581 0.979461 0.054892 0.029277
0.936360 0.127424 0.050681 0.026291
0.613202 0.194725 0.045575 0.042880
0.064652 0.435660 0.064441 0.043428
0.712742 0.484173 0.046460 0.025344
0.944750 0.226636 0.047410 0.024790
