0.946189 0.772587 0.059852 0.041159
0.947273 0.731972 0.066614 0.034665
0.372548 0.503871 0.063276 0.042240
0.714601 0.375768 0.062291 0.031932
0.485641 0.541927 0.077639 0.046650
0.934419 0.202756 0.066324 0.046176
0.697460 0.876433 0.063989 0.045705
0.937384 0.158944 0.058911 0.035909
0.714385 0.409524 0.060581 0.031241
0.821770 0.382550 0.058970 0.039638
0.596542 0.654143 0.056526 0.039752
0.583591 0.895466 0.058137 0.040520
0.374684 0.424081 0.069435 0.035054
0.946228 0.644350 0.057476 0.041595
0.591422 0.499741 0.064746 0.033737
0.714610 0.066627 0.057824 0.047091
0.582980 0.851759 0.060562 0.042721
0.061686 0.439075 0.068458 0.047748
0.374083 0.462551 0.069795 0.038935
0.822615 0.899142 0.059375 0.041877
0.712263 0.445787 0.066418 0.037645
0.823116 0.859202 0.060626 0.035940
0.825020 0.300908 0.057057 0.042176
0.604836 0.141687 0.061401 0.036442
0.591145 0.731146 0.067589 0.039451
0.592812 0.463543 0.061091 0.035028
0.827514 0.424508 0.065654 0.042271
0.163442 0.237069 0.059712 0.042550
0.589272 0.769583 0.053985 0.036929
0.161021 0.277946 0.059841 0.036339
0.704018 0.525683 0.069445 0.041972
0.593249 0.358918 0.069303 0.044243
0.717963 0.109675 0.060536 0.037551
0.940356 0.690160 0.062051 0.045667
0.581590 0.935354 0.065790 0.039007
0.708155 0.566847 0.069406 0.039723
0.827049 0.633454 0.063168 0.046849
0.947089 0.462759 0.067271 0.042506
0.268626 0.497552 0.050811 0.037443
0.603952 0.103656 0.069683 0.034818
0.269110 0.534780 0.053797 0.035563
0.937975 0.340420 0.063353 0.040422
0.711031 0.483700 0.055546 0.040033
0.380119 0.340877 0.057240 0.046456
0.372495 0.634247 0.057946 0.043575
0.266157 0.637093 0.062283 0.036116
0.825455 0.183736 0.061256 0.033705
0.941218 0.383343 0.046897 0.042616
0.939049 0.955138 0.074593 0.039952
0.713630 0.209208 0.055352 0.038530
0.065826 0.229803 0.061932 0.044014
0.818344 0.342413 0.068514 0.036916
0.376873 0.549039 0.062503 0.042014
0.942766 0.871401 0.055495 0.041534
0.060608 0.273367 0.059877 0.041645
0.481690 0.167769 0.068337 0.045951
0.828788 0.464048 0.060182 0.036307
0.605377 0.182423 0.060336 0.042584
0.479466 0.781746 0.062229 0.032135
0.826837 0.259034 0.064425 0.038953
0.595160 0.691664 0.052360 0.034323
0.829726 0.219812 0.055008 0.042215
0.941414 0.502254 0.061424 0.034829
0.934641 0.243953 0.054357 0.032878
0.709050 0.722447 0.050416 0.036419
0.267691 0.386654 0.060483 0.033555
0.266979 0.460252 0.051797 0.033471
0.379984 0.384407 0.053603 0.038703
0.377231 0.677988 0.077780 0.041561
0.604594 0.062640 0.053843 0.044804
0.378007 0.209583 0.056662 0.044874
0.270074 0.181931 0.047998 0.042350
0.826006 0.713644 0.059303 0.040729
0.062566 0.182936 0.055537 0.042805
0.830384 0.146071 0.048932 0.039527
0.702850 0.919378 0.073604 0.034081
0.699030 0.827778 0.045687 0.043233
0.941075 0.608634 0.048318 0.030639
0.595772 0.613578 0.055312 0.037931
0.480591 0.411845 0.071523 0.047333
0.062643 0.317236 0.056420 0.042695
0.488034 0.333703 0.055259 0.043241
0.944153 0.912623 0.056064 0.039019
0.263720 0.746395 0.053349 0.033769
0.266041 0.353283 0.047686 0.031123
0.263133 0.673912 0.055521 0.036689
0.265879 0.572050 0.060370 0.028249
0.713934 0.294333 0.051139 0.041929
0.381090 0.256570 0.059780 0.044828
0.945743 0.423616 0.057336 0.034383
0.070770 0.520059 0.066135 0.037292
0.485966 0.626207 0.049394 0.032603
0.378686 0.590667 0.062088 0.040923
0.264841 0.709919 0.050827 0.036412
0.159371 0.194383 0.063834 0.033866
0.070934 0.772728 0.051152 0.036737
0.937608 0.274956 0.050279 0.031632
0.589445 0.807853 0.052860 0.040497
0.488527 0.087983 0.064186 0.049117
0.825525 0.751356 0.062976 0.035073
0.481232 0.815030 0.063254 0.030699
0.593485 0.577178 0.053118 0.029310
0.269106 0.788537 0.058815 0.045874
0.477885 0.852557 0.067549 0.037990
0.064783 0.483215 0.065140 0.032968
0.076214 0.959116 0.064838 0.038081
0.267962 0.602716 0.047703 0.028323
0.942724 0.536605 0.051893 0.033128
0.266902 0.424835 0.050218 0.038443
0.828434 0.594712 0.055086 0.030787
0.166042 0.617271 0.051054 0.034770
0.270291 0.221104 0.055610 0.034275
0.608397 0.022021 0.053933 0.035256
0.706157 0.173905 0.059107 0.032398
0.163440 0.157238 0.053043 0.042519
0.703761 0.955952 0.068232 0.038581
0.486153 0.497321 0.051894 0.037870
0.482368 0.937534 0.063682 0.032012
0.165409 0.113343 0.051414 0.035107
0.595527 0.426923 0.051829 0.038862
0.067356 0.845937 0.052228 0.037537
0.714636 0.607201 0.058077 0.041589
0.070463 0.810272 0.048302 0.035826
0.170637 0.833531 0.048776 0.044269
0.826464 0.560916 0.055964 0.038300
0.063216 0.354764 0.060064 0.033312
0.485058 0.290889 0.049214 0.040997
0.476312 0.895531 0.065011 0.047784
0.717263 0.024289 0.068287 0.037561
0.940050 0.303348 0.051604 0.028415
0.595720 0.539282 0.052787 0.041123
0.163555 0.487433 0.059348 0.035787
0.266084 0.939646 0.045349 0.033877
0.478136 0.972620 0.048500 0.037600
0.383221 0.113997 0.062995 0.045322
0.713687 0.249808 0.055119 0.044451
0.490538 0.587150 0.055982 0.044059
0.942430 0.834714 0.071593 0.032119
0.710542 0.144701 0.045731 0.028829
0.478185 0.739233 0.061304 0.043282
0.820010 0.068207 0.065087 0.037286
0.704086 0.789196 0.052217 0.035737
0.070822 0.737270 0.048107 0.031958
0.070973 0.583054 0.051397 0.031170
0.170621 0.527100 0.050018 0.043210
0.584604 0.970326 0.061891 0.030870
0.065962 0.884958 0.055741 0.043974
0.067398 0.395352 0.051410 0.037754
0.830651 0.935788 0.059043 0.031332
0.062765 0.144207 0.049223 0.032132
0.825157 0.785323 0.051998 0.031643
0.170125 0.442789 0.046748 0.043333
0.824883 0.819207 0.052426 0.041707
0.167965 0.764015 0.053238 0.041526
0.267594 0.108531 0.053513 0.031428
0.596274 0.308188 0.056331 0.055538
0.362613 0.955908 0.051587 0.045451
0.826002 0.675588 0.063738 0.033063
0.483912 0.661187 0.048056 0.034687
0.941989 0.573664 0.051139 0.038954
0.825655 0.106042 0.053911 0.042324
0.271875 0.140909 0.049254 0.035612
0.489096 0.457160 0.050783 0.040455
0.381075 0.298637 0.049089 0.036529
0.165284 0.027067 0.047928 0.034377
0.713324 0.337538 0.048655 0.040214
0.381450 0.160704 0.058189 0.046960
0.068160 0.703990 0.048714 0.033890
0.267843 0.260270 0.048266 0.037881
0.275445 0.833420 0.055938 0.042857
0.072324 0.620957 0.051528 0.038199
0.820723 0.026737 0.050828 0.044040
0.162306 0.318710 0.048200 0.038949
0.827414 0.966140 0.058049 0.031001
0.363473 0.914108 0.058054 0.039597
0.267984 0.298196 0.042963 0.032211
0.370921 0.721407 0.056552 0.040959
0.381272 0.029561 0.052693 0.045668
0.485721 0.214857 0.054798 0.037251
0.706110 0.757316 0.045688 0.031994
0.485204 0.129073 0.046965 0.032878
0.479892 0.698189 0.045591 0.037742
0.939555 0.021616 0.046413 0.039042
0.490515 0.372295 0.054352 0.027643
0.599952 0.224473 0.064829 0.034655
0.485435 0.251396 0.050852 0.038824
0.596606 0.395357 0.052214 0.025926
0.938031 0.121322 0.039256 0.036528
0.268102 0.968691 0.045465 0.025132
0.071007 0.664034 0.047752 0.044092
0.938178 0.058291 0.039206 0.033115
0.169651 0.797495 0.047956 0.026577
0.073912 0.922628 0.056610 0.030929
0.378047 0.074005 0.057653 0.036438
0.710921 0.680010 0.079458 0.044275
0.488682 0.034619 0.057729 0.051785
0.168711 0.572755 0.046170 0.046737
0.062877 0.106662 0.050213 0.038198
0.939004 0.088776 0.046829 0.027720
0.365391 0.872537 0.045778 0.045782
0.071512 0.552809 0.052181 0.026288
0.173251 0.874531 0.051698 0.033708
0.610815 0.260481 0.079133 0.039986
0.368426 0.759257 0.045691 0.035849
0.269100 0.870163 0.046024 0.024427
0.161343 0.067604 0.048189 0.046871
0.170093 0.647990 0.040909 0.022296
0.945417 0.807287 0.056860 0.025198
0.714419 0.642665 0.066360 0.031861
0.269730 0.029949 0.047720 0.039786
0.270463 0.325176 0.048462 0.022333
0.175803 0.952377 0.040852 0.043165
0.168342 0.726761 0.050039 0.033010
0.061265 0.034246 0.051969 0.043006
0.364651 0.826814 0.049640 0.039157
0.267509 0.069881 0.049776 0.044376
0.367930 0.790861 0.039900 0.030539
0.830161 0.502548 0.059486 0.037248
0.174414 0.910781 0.048371 0.038184
0.166510 0.674981 0.045546 0.030409
0.063510 0.072226 0.045614 0.028296
0.829364 0.519058 0.061473 0.044254
0.172178 0.356261 0.066682 0.035210
0.170567 0.400717 0.049738 0.038049
0.269490 0.900976 0.043499 0.038578
0.167665 0.700892 0.044239 0.027162
