0.936529 0.153467 0.061002 0.039995
0.712347 0.380675 0.061312 0.036328
0.394542 0.327760 0.057746 0.042612
0.393195 0.198411 0.057194 0.034545
0.829505 0.271649 0.065791 0.039371
0.708976 0.810541 0.067245 0.036907
0.714111 0.341766 0.066143 0.038525
0.711614 0.418514 0.061110 0.035988
0.395530 0.242127 0.058468 0.048318
0.395209 0.286689 0.056877 0.034780
0.393755 0.488658 0.058390 0.047870
0.277719 0.692745 0.058492 0.036935
0.280128 0.377433 0.052834 0.042325
0.600207 0.429883 0.060079 0.043906
0.283358 0.183353 0.059648 0.040725
0.173590 0.253629 0.059673 0.043339
0.716905 0.195666 0.063103 0.038441
0.705116 0.615179 0.064605 0.048544
0.061959 0.666674 0.065325 0.039951
0.397109 0.161808 0.049104 0.035809
0.494323 0.584876 0.061601 0.042891
0.828006 0.562637 0.064162 0.036671
0.825334 0.230170 0.076601 0.038375
0.709421 0.740332 0.057097 0.033557
0.175825 0.421747 0.057082 0.043515
0.929682 0.794231 0.057805 0.040334
0.177169 0.465933 0.065736 0.040080
0.824785 0.312543 0.066120 0.041320
0.283349 0.222903 0.072549 0.036106
0.709780 0.569698 0.058259 0.037823
0.171690 0.915952 0.055556 0.040364
0.166344 0.607717 0.065231 0.032746
0.178213 0.156666 0.061028 0.044845
0.496992 0.656965 0.057392 0.035343
0.175074 0.073558 0.055190 0.039168
0.715999 0.302825 0.060524 0.031155
0.169451 0.875819 0.055265 0.035370
0.290465 0.097954 0.048817 0.034428
0.500225 0.291825 0.062876 0.047951
0.063087 0.190944 0.054098 0.040556
0.930105 0.384679 0.065376 0.044715
0.932729 0.265556 0.054564 0.037926
0.597296 0.607401 0.065928 0.039048
0.064988 0.744127 0.056432 0.039820
0.708026 0.919072 0.054035 0.033697
0.499668 0.508144 0.054968 0.036376
0.934080 0.067185 0.056028 0.042216
0.496130 0.696274 0.053965 0.040780
0.380084 0.707279 0.070325 0.041517
0.604642 0.205920 0.077599 0.040323
0.174664 0.764481 0.057068 0.041437
0.830155 0.603069 0.060720 0.038813
0.716051 0.064179 0.068944 0.040394
0.827921 0.440862 0.073789 0.042441
0.504588 0.137869 0.055532 0.031715
0.274855 0.921975 0.068155 0.033191
0.381342 0.779118 0.050958 0.036490
0.821753 0.354332 0.057967 0.042357
0.606055 0.305702 0.058271 0.041201
0.394425 0.442200 0.052196 0.041024
0.171461 0.963303 0.072890 0.047973
0.708233 0.705414 0.050388 0.032274
0.275742 0.653446 0.054337 0.038180
0.176629 0.296901 0.051380 0.034984
0.609005 0.069733 0.076809 0.040097
0.492375 0.740846 0.056082 0.043545
0.936361 0.906594 0.049695 0.035425
0.172211 0.682191 0.054289 0.039852
0.278192 0.421613 0.068867 0.040859
0.828542 0.647104 0.061599 0.043401
0.820521 0.760527 0.066846 0.041411
0.608460 0.167099 0.058311 0.034557
0.395967 0.400917 0.053884 0.035039
0.172874 0.028949 0.063922 0.044743
0.934362 0.943252 0.047823 0.035522
0.062003 0.849898 0.068022 0.037408
0.395970 0.067675 0.051789 0.042408
0.170314 0.808377 0.055961 0.041279
0.272122 0.839035 0.057627 0.032673
0.174698 0.203734 0.056432 0.048719
0.936159 0.224725 0.046125 0.037103
0.927332 0.648879 0.067416 0.048820
0.938176 0.517770 0.066700 0.046494
0.063463 0.526376 0.050993 0.032911
0.707700 0.494167 0.072178 0.029490
0.497823 0.422421 0.053063 0.043491
0.063271 0.152512 0.051259 0.035683
0.176263 0.721863 0.062995 0.036153
0.820178 0.720835 0.056926 0.035233
0.496493 0.622737 0.068158 0.032658
0.176403 0.114145 0.057349 0.038619
0.931402 0.751621 0.053601 0.039267
0.066088 0.234190 0.057467 0.039902
0.277090 0.615317 0.052553 0.037033
0.711141 0.882500 0.058196 0.037664
0.063855 0.349385 0.056038 0.041232
0.501827 0.065766 0.065985 0.039582
0.065147 0.916583 0.046811 0.040865
0.707825 0.530056 0.053675 0.040084
0.292528 0.063209 0.054617 0.034287
0.500009 0.545256 0.051938 0.036356
0.172794 0.338286 0.053694 0.041590
0.065458 0.628122 0.047831 0.033889
0.498044 0.466103 0.052460 0.039627
0.931019 0.189693 0.051667 0.031151
0.936215 0.110720 0.048866 0.043636
0.067385 0.707122 0.049059 0.030251
0.609465 0.346313 0.075372 0.038891
0.592994 0.891376 0.050748 0.040997
0.827210 0.876580 0.064789 0.034010
0.713431 0.236574 0.050109 0.036132
0.706548 0.846709 0.055360 0.032936
0.059289 0.112042 0.051091 0.039199
0.932678 0.306922 0.045587 0.040344
0.501266 0.334549 0.052544 0.036680
0.495311 0.818810 0.059643 0.037924
0.594485 0.792026 0.052152 0.043174
0.598013 0.536102 0.051098 0.041441
0.600530 0.498390 0.047886 0.032858
0.274348 0.572749 0.053690 0.038055
0.064050 0.314487 0.051040 0.032109
0.397249 0.364689 0.055492 0.030641
0.291797 0.138413 0.054287 0.042364
0.069065 0.562223 0.057788 0.032834
0.063686 0.808901 0.053362 0.039848
0.390244 0.623751 0.051958 0.036930
0.936056 0.562216 0.054441 0.039966
0.823388 0.801747 0.056088 0.039774
0.718753 0.160380 0.047798 0.032894
0.931734 0.344279 0.047582 0.032480
0.824609 0.686181 0.051934 0.034005
0.936212 0.428884 0.051153 0.039583
0.173961 0.642883 0.065124 0.032238
0.712966 0.269653 0.048237 0.031549
0.279478 0.462700 0.053503 0.035727
0.603413 0.385741 0.052931 0.039737
0.595779 0.928359 0.052538 0.031459
0.170895 0.507222 0.050456 0.035597
0.382584 0.744489 0.048510 0.030965
0.594435 0.702916 0.052682 0.041655
0.828440 0.483876 0.060156 0.041810
0.289651 0.023848 0.061595 0.036163
0.384494 0.896161 0.046726 0.033467
0.061625 0.384595 0.066096 0.024722
0.713918 0.457831 0.049622 0.037856
0.273480 0.880625 0.049486 0.044896
0.066159 0.276232 0.055345 0.040688
0.065699 0.596114 0.047278 0.028510
0.495911 0.780438 0.047677 0.034896
0.822014 0.054323 0.052305 0.033823
0.497065 0.891440 0.055160 0.047935
0.831627 0.021445 0.048736 0.030707
0.597154 0.958945 0.052568 0.032392
0.703590 0.978257 0.064942 0.026171
0.936380 0.975356 0.054480 0.028370
0.822082 0.397419 0.060607 0.043075
0.596557 0.745534 0.051040 0.043312
0.827483 0.523354 0.047085 0.034186
0.823414 0.839391 0.056534 0.038492
0.487800 0.965310 0.085288 0.037539
0.933407 0.602147 0.050458 0.039295
0.498017 0.213939 0.060969 0.036325
0.275071 0.536720 0.046381 0.034999
0.503070 0.175694 0.051215 0.040522
0.397494 0.127361 0.050332 0.028453
0.931304 0.836921 0.049244 0.041030
0.173954 0.378346 0.050536 0.037938
0.597195 0.573449 0.048032 0.029153
0.822579 0.128461 0.068724 0.045112
0.384418 0.813655 0.055022 0.027383
0.936191 0.025204 0.056530 0.035066
0.394604 0.025556 0.051590 0.037711
0.602455 0.242317 0.059764 0.033399
0.282639 0.310455 0.044826 0.033111
0.390152 0.581335 0.054268 0.045456
0.609381 0.027353 0.064693 0.039582
0.592545 0.854784 0.053940 0.027575
0.828610 0.967772 0.070109 0.039901
0.824237 0.087530 0.049487 0.038954
0.824825 0.908779 0.048842 0.030268
0.931184 0.872540 0.046680 0.031736
0.506016 0.103760 0.047656 0.033479
0.276426 0.956956 0.056789 0.033935
0.278179 0.502124 0.046845 0.036063
0.386859 0.663946 0.050168 0.042454
0.829121 0.935665 0.050632 0.028181
0.060984 0.075059 0.044123 0.034239
0.497568 0.375406 0.050240 0.044481
0.719710 0.026688 0.058726 0.035469
0.719173 0.102572 0.063258 0.034976
0.937506 0.471621 0.044925 0.042738
0.273252 0.730610 0.045757 0.032285
0.271897 0.803506 0.040656 0.035810
0.610086 0.133581 0.064887 0.034165
0.493676 0.852652 0.057774 0.035361
0.171723 0.843429 0.052102 0.025669
0.822066 0.167461 0.079369 0.031673
0.394948 0.100694 0.043462 0.024932
0.599909 0.468289 0.044988 0.030158
0.705957 0.950994 0.059591 0.028647
0.384212 0.961425 0.055616 0.036665
0.392952 0.535108 0.046503 0.039486
0.064391 0.882941 0.051307 0.023122
0.060919 0.482036 0.060149 0.051501
0.060411 0.413505 0.059290 0.032766
0.494105 0.931857 0.059932 0.032523
0.172040 0.575068 0.045398 0.023163
0.272707 0.766501 0.043162 0.037162
0.062343 0.033581 0.049913 0.047355
0.172136 0.541657 0.050721 0.034401
0.606294 0.271431 0.050630 0.023102
0.707938 0.773885 0.053105 0.031489
0.381260 0.854698 0.047068 0.046496
0.501067 0.026083 0.051301 0.036174
0.929241 0.703685 0.060943 0.053725
0.594365 0.827895 0.042401 0.026992
0.280721 0.338914 0.042810 0.027032
0.825013 0.195559 0.055094 0.030676
0.501823 0.249548 0.058359 0.036661
0.598471 0.640682 0.051396 0.025694
0.599824 0.666490 0.052438 0.032562
0.287300 0.268023 0.047059 0.045459
0.719001 0.129650 0.048866 0.027252
0.063797 0.442946 0.053689 0.028507
0.384830 0.928133 0.037830 0.023059
0.065428 0.956445 0.036801 0.028651
0.064958 0.777601 0.045508 0.024807
0.703424 0.662916 0.066815 0.043719
0.608296 0.104327 0.053804 0.029873
