0.494756 0.876958 0.070050 0.046757
0.606091 0.672567 0.080329 0.054016
0.936569 0.755325 0.076134 0.053230
0.163907 0.756616 0.083446 0.052018
0.270504 0.437529 0.074130 0.051271
0.165069 0.470041 0.076476 0.054190
0.711529 0.878163 0.065154 0.053905
0.271743 0.653286 0.074971 0.050667
0.383731 0.487968 0.078132 0.059342
0.601050 0.725315 0.069643 0.047723
0.276640 0.595154 0.077676 0.053751
0.823497 0.270581 0.073000 0.054597
0.935200 0.203146 0.078537 0.050601
0.933105 0.255942 0.082123 0.045714
0.937297 0.095052 0.083794 0.056650
0.605826 0.113840 0.085500 0.052477
0.383540 0.596161 0.085290 0.051482
0.601588 0.618481 0.088176 0.051019
0.167730 0.916123 0.063146 0.056158
0.265942 0.489413 0.081961 0.040885
0.719703 0.101155 0.074853 0.054614
0.159698 0.257585 0.077753 0.051730
0.387579 0.158615 0.074428 0.055775
0.160249 0.102740 0.078520 0.046450
0.161247 0.413672 0.076117 0.055012
0.716761 0.262376 0.084328 0.046368
0.495972 0.779550 0.087184 0.046856
0.380819 0.426855 0.082708 0.053077
0.934389 0.368063 0.089746 0.061017
0.491925 0.147094 0.089248 0.050427
0.605680 0.566210 0.069212 0.049111
0.712672 0.820593 0.075915 0.055132
0.823579 0.707232 0.084533 0.043589
0.497778 0.506297 0.079899 0.050913
0.161227 0.202428 0.072295 0.048585
0.609863 0.777448 0.086572 0.048552
0.715018 0.764192 0.065626 0.053196
0.828664 0.325361 0.068277 0.048197
0.606605 0.267471 0.078351 0.046429
0.604279 0.828899 0.072268 0.047716
0.054244 0.163562 0.080499 0.054172
0.166084 0.634479 0.080215 0.057603
0.160050 0.358704 0.081343 0.044122
0.384445 0.542632 0.067965 0.049367
0.604413 0.167707 0.079038 0.050072
0.492266 0.828691 0.069541 0.042732
0.826158 0.553044 0.086493 0.053618
0.273654 0.209804 0.082268 0.050144
0.054067 0.877362 0.075922 0.048164
0.486335 0.353817 0.082505 0.048239
0.494618 0.455135 0.076427 0.048928
0.055114 0.826294 0.065184 0.050685
0.495625 0.244326 0.072438 0.054321
0.490551 0.300750 0.087421 0.054277
0.602693 0.878559 0.072517 0.045600
0.822100 0.811833 0.085255 0.049839
0.932308 0.424648 0.083881 0.050599
0.826278 0.757607 0.072004 0.055663
0.937685 0.307409 0.082374 0.054911
0.934962 0.149330 0.077210 0.051862
0.824346 0.658188 0.082324 0.054566
0.932120 0.608711 0.072490 0.042925
0.715798 0.653660 0.077573 0.053298
0.828162 0.051239 0.071026 0.051896
0.054249 0.519802 0.078626 0.048668
0.380328 0.212800 0.071984 0.042260
0.827229 0.603819 0.075071 0.045816
0.492703 0.926720 0.080378 0.047294
0.381352 0.316136 0.070537 0.048163
0.057420 0.107742 0.079715 0.049113
0.608241 0.358639 0.073887 0.048987
0.265270 0.267471 0.086397 0.051784
0.057797 0.671988 0.066076 0.045308
0.160819 0.152115 0.074696 0.043340
0.821185 0.213578 0.065373 0.055181
0.711620 0.541681 0.084647 0.051234
0.827699 0.106161 0.080050 0.054152
0.827928 0.382765 0.074474 0.056644
0.718592 0.597780 0.076728 0.050615
0.934017 0.515681 0.081630 0.041057
0.933612 0.897162 0.088923 0.040237
0.388694 0.369891 0.081777 0.048380
0.048590 0.057593 0.075849 0.049381
0.382369 0.263069 0.080019 0.041036
0.160275 0.809969 0.066865 0.047999
0.719788 0.314858 0.074107 0.053768
0.496607 0.621928 0.071892 0.055323
0.053646 0.571371 0.061579 0.048534
0.051423 0.316046 0.086658 0.047216
0.718052 0.160779 0.073588 0.055968
0.831152 0.906448 0.076816 0.040753
0.607425 0.515973 0.073193 0.045460
0.825267 0.497206 0.079733 0.057164
0.058253 0.774585 0.058202 0.048821
0.932221 0.849360 0.088842 0.049622
0.492221 0.566340 0.076545 0.053244
0.055444 0.263709 0.069810 0.043893
0.822366 0.862238 0.068766 0.043892
0.274348 0.160049 0.074301 0.048350
0.608259 0.055585 0.081197 0.059400
0.163043 0.585916 0.079895 0.037483
0.934920 0.937294 0.084729 0.037708
0.930564 0.700188 0.067571 0.051626
0.160367 0.052658 0.082822 0.050666
0.057952 0.968524 0.086508 0.039519
0.490374 0.682264 0.069356 0.054607
0.717249 0.924110 0.079809 0.036421
0.499963 0.195024 0.087076 0.041206
0.496540 0.972164 0.083654 0.043987
0.048487 0.217681 0.059411 0.044742
0.608190 0.968267 0.073767 0.041541
0.828010 0.159539 0.062908 0.049941
0.496873 0.099885 0.066012 0.036694
0.706715 0.969506 0.069735 0.046227
0.719709 0.430209 0.078149 0.053934
0.163668 0.697000 0.087617 0.062712
0.611026 0.414141 0.082430 0.052758
0.381155 0.055883 0.064172 0.057634
0.162093 0.535093 0.071588 0.061124
0.715698 0.708157 0.062097 0.052822
0.717742 0.048183 0.077954 0.046517
0.167111 0.967021 0.069743 0.038485
0.279509 0.811615 0.088128 0.046994
0.162216 0.861932 0.065930 0.045024
0.384053 0.106077 0.066501 0.040055
0.272558 0.761855 0.076561 0.051107
0.502292 0.053702 0.067756 0.050216
0.052319 0.624098 0.068889 0.043130
0.272220 0.108514 0.071465 0.047720
0.938277 0.803474 0.078898 0.037592
0.492645 0.402761 0.072281 0.038777
0.608131 0.313235 0.061358 0.038140
0.720621 0.213794 0.056597 0.044955
0.933195 0.562817 0.073746 0.036915
0.605245 0.923774 0.053632 0.039756
0.060375 0.723183 0.052740 0.046107
0.277238 0.705514 0.059377 0.047457
0.269395 0.541275 0.060843 0.049311
0.274005 0.323590 0.078504 0.051965
0.609208 0.466509 0.069850 0.047351
0.829472 0.439964 0.070996 0.052697
0.936915 0.651542 0.074259 0.032042
0.719936 0.371314 0.075230 0.054048
0.935937 0.043769 0.066412 0.042500
0.047480 0.373274 0.076868 0.052786
0.611191 0.217999 0.061443 0.046728
0.055394 0.422861 0.065702 0.040392
0.049249 0.466499 0.077766 0.047252
0.497855 0.732708 0.056867 0.043338
0.935474 0.973898 0.079047 0.032428
0.274701 0.376983 0.061880 0.051077
0.714359 0.485372 0.059869 0.052549
0.159264 0.312519 0.052380 0.044517
0.052436 0.925185 0.077355 0.043505
0.827574 0.946794 0.076168 0.035770
0.934078 0.472345 0.057476 0.042913
0.391996 0.647010 0.074861 0.043601
0.827675 0.975448 0.081303 0.026864
