0.598389 0.267217 0.057401 0.035182
0.199323 0.532314 0.055510 0.030159
0.495747 0.360623 0.050694 0.034813
0.496122 0.424762 0.055514 0.032160
0.504823 0.196285 0.058527 0.033482
0.581719 0.754828 0.057608 0.032120
0.598055 0.122843 0.058308 0.027568
0.880019 0.168839 0.063124 0.037478
0.689802 0.433899 0.056237 0.030572
0.110976 0.804767 0.063222 0.031066
0.393252 0.638760 0.063719 0.034888
0.578104 0.828879 0.049324 0.034113
0.112479 0.353029 0.063088 0.038798
0.390273 0.594651 0.076322 0.042292
0.403358 0.208644 0.066079 0.032403
0.697351 0.234258 0.056748 0.032524
0.780409 0.675745 0.053405 0.035552
0.780199 0.823280 0.061564 0.031466
0.580714 0.864141 0.052933 0.030293
0.402954 0.356473 0.050528 0.030318
0.582567 0.626991 0.055844 0.033287
0.689500 0.395533 0.056389 0.032895
0.782019 0.782125 0.054829 0.032787
0.677487 0.710660 0.053216 0.036037
0.878898 0.353580 0.053710 0.033090
0.400783 0.437319 0.056995 0.030052
0.686700 0.503153 0.049426 0.034634
0.402993 0.318598 0.049760 0.032650
0.201398 0.757680 0.052456 0.035059
0.493400 0.465158 0.053442 0.033664
0.777989 0.921493 0.064608 0.036886
0.103295 0.689694 0.054091 0.033547
0.111642 0.533957 0.052600 0.034083
0.878818 0.501881 0.066986 0.031951
0.198182 0.861414 0.050546 0.032492
0.111086 0.430988 0.058612 0.033269
0.870978 0.682061 0.051930 0.031755
0.598123 0.194447 0.058107 0.034899
0.106129 0.878206 0.050452 0.030253
0.390026 0.751669 0.048847 0.033096
0.208596 0.305494 0.053204 0.035386
0.592253 0.345060 0.052108 0.033877
0.200257 0.608952 0.049551 0.037691
0.876926 0.463471 0.048019 0.031920
0.409069 0.127139 0.053707 0.033192
0.867341 0.844968 0.051828 0.031854
0.695111 0.273279 0.053390 0.032920
0.401355 0.396411 0.045667 0.033007
0.580901 0.895925 0.060734 0.024572
0.587446 0.531546 0.064285 0.033953
0.784214 0.741642 0.049222 0.033480
0.112397 0.198283 0.054787 0.026593
0.593318 0.231990 0.053659 0.031962
0.203017 0.411076 0.058238 0.030125
0.591619 0.493859 0.057259 0.033870
0.677130 0.786239 0.052446 0.029976
0.489767 0.792939 0.054034 0.038816
0.384589 0.855038 0.048537 0.034793
0.873545 0.646056 0.057523 0.026595
0.202831 0.649110 0.065887 0.028121
0.582130 0.668038 0.048763 0.036845
0.871077 0.803626 0.061341 0.031720
0.403617 0.247286 0.050213 0.032854
0.778481 0.887760 0.054611 0.027378
0.501959 0.295084 0.053373 0.035905
0.111105 0.732899 0.052835 0.039540
0.501823 0.127889 0.046779 0.031372
0.204630 0.441515 0.060076 0.028156
0.883903 0.283130 0.053824 0.033100
0.795212 0.129188 0.049685 0.028644
0.306392 0.180538 0.066759 0.037075
0.201134 0.568673 0.045876 0.031074
0.695024 0.131914 0.059412 0.025154
0.583993 0.565703 0.059253 0.029066
0.108842 0.163323 0.052016 0.029585
0.782785 0.593234 0.051997 0.036686
0.489317 0.717175 0.054348 0.028912
0.408653 0.170702 0.056602 0.041764
0.108902 0.647432 0.048885 0.034887
0.876522 0.390098 0.052798 0.026707
0.579311 0.791373 0.047715 0.030721
0.695114 0.196597 0.043210 0.030604
0.107454 0.912587 0.064163 0.030791
0.210024 0.225522 0.048380 0.039537
0.676919 0.823821 0.055112 0.039499
0.879507 0.541697 0.058480 0.038343
0.387320 0.714632 0.046406 0.031963
0.404046 0.283219 0.040304 0.029849
0.677891 0.749764 0.046581 0.030789
0.790493 0.202315 0.055473 0.026925
0.108190 0.570765 0.049317 0.030417
0.786649 0.482012 0.047503 0.031049
0.599530 0.154389 0.045622 0.031942
0.498124 0.161451 0.054333 0.026325
0.869489 0.716380 0.049274 0.024460
0.111347 0.465032 0.053664 0.029220
0.677914 0.675522 0.044987 0.033654
0.198181 0.797872 0.045198 0.030497
0.305339 0.138503 0.048603 0.032114
0.592113 0.306143 0.045091 0.033700
0.685787 0.543724 0.055700 0.030395
0.877881 0.423756 0.042302 0.034751
0.396326 0.510080 0.049253 0.030974
0.485797 0.907363 0.064689 0.039964
0.879853 0.243835 0.048471 0.036445
0.488389 0.611281 0.052058 0.032240
0.781861 0.634239 0.045068 0.034025
0.783785 0.708382 0.052005 0.025995
0.871314 0.744128 0.051879 0.024010
0.208492 0.157264 0.045200 0.027806
0.386429 0.887844 0.063213 0.025473
0.868239 0.769593 0.049141 0.023506
0.114682 0.236528 0.048505 0.036735
0.204684 0.685925 0.047739 0.033260
0.208810 0.268339 0.050294 0.027792
0.390384 0.548040 0.045905 0.037131
0.113919 0.279667 0.043182 0.036872
0.107528 0.495978 0.044931 0.029785
0.881694 0.207738 0.045706 0.028215
0.206230 0.919696 0.063016 0.027941
0.211118 0.346810 0.047796 0.033260
0.490649 0.650358 0.062335 0.031738
0.500304 0.232357 0.045582 0.030649
0.111938 0.395774 0.049700 0.035964
0.107155 0.607698 0.047739 0.033882
0.384943 0.817290 0.043659 0.031674
0.583439 0.712801 0.045736 0.037176
0.871415 0.615436 0.046328 0.032919
0.488795 0.832745 0.051416 0.031846
0.582812 0.924313 0.055888 0.032164
0.396763 0.473674 0.052679 0.026328
0.201070 0.721957 0.046449 0.027357
0.785366 0.550799 0.058065 0.041238
0.497541 0.327370 0.051348 0.021518
0.682502 0.918936 0.056093 0.031726
0.695010 0.162582 0.054558 0.030570
0.786774 0.239924 0.046940 0.037600
0.498523 0.393432 0.049184 0.022794
0.882133 0.315221 0.043211 0.030105
0.686831 0.578851 0.061709 0.027062
0.792580 0.163942 0.042982 0.035051
0.389346 0.676736 0.041355 0.031350
0.692652 0.354993 0.051012 0.034923
0.489990 0.502036 0.053421 0.026397
0.383894 0.919596 0.054064 0.031075
0.200583 0.501175 0.045365 0.022620
0.682384 0.862576 0.068519 0.025825
0.487841 0.571207 0.045681 0.031560
0.389746 0.782577 0.047413 0.019210
0.205592 0.381018 0.047897 0.026499
0.491685 0.536611 0.049904 0.032089
0.699974 0.097857 0.049020 0.031789
0.485085 0.684811 0.039107 0.027177
0.485312 0.752103 0.050075 0.028979
0.306467 0.222105 0.047963 0.035840
0.109622 0.133365 0.039891 0.028097
0.588324 0.451278 0.048927 0.037329
0.209939 0.187571 0.040700 0.028850
0.212702 0.123472 0.052332 0.032864
0.109765 0.842483 0.048861 0.030660
0.795597 0.094497 0.061011 0.028934
0.198766 0.830511 0.049841 0.022046
0.486010 0.864416 0.046077 0.033414
0.694351 0.312419 0.045051 0.036733
0.592307 0.384115 0.046555 0.035418
0.307871 0.264707 0.049596 0.036190
0.882076 0.127186 0.046685 0.036960
0.684238 0.888859 0.059725 0.020272
0.787120 0.448427 0.055384 0.030423
0.114938 0.313888 0.056745 0.023628
0.597765 0.091004 0.051617 0.026729
0.790338 0.276285 0.050786 0.026715
0.406616 0.094283 0.056796 0.026355
0.109045 0.099895 0.046671 0.029471
0.108934 0.772821 0.045181 0.023142
0.786559 0.410357 0.039843 0.036427
0.205563 0.472435 0.047895 0.029256
0.682746 0.611506 0.038529 0.024879
0.585957 0.596128 0.052701 0.021697
0.874285 0.579310 0.041966 0.030615
0.867815 0.879531 0.042171 0.027913
0.213686 0.094582 0.047047 0.025301
0.202028 0.893885 0.050848 0.019261
0.305959 0.310411 0.050138 0.037192
0.681558 0.641405 0.048119 0.022003
0.685263 0.467419 0.051507 0.020645
0.504161 0.095074 0.040383 0.029640
0.883670 0.093943 0.050749 0.026196
0.311737 0.098720 0.039019 0.032479
0.864595 0.917012 0.051650 0.033080
0.775634 0.856391 0.035555 0.028206
0.787793 0.344623 0.039963 0.035379
0.793174 0.307740 0.045983 0.030266
0.786122 0.514526 0.050606 0.020356
0.786802 0.378180 0.037007 0.022172
0.595969 0.417915 0.055066 0.024803
0.498237 0.262819 0.049509 0.020242
0.623123 0.374992 0.019929 0.017568
