0.615724 0.480394 0.057187 0.037836
0.720941 0.484126 0.070768 0.037641
0.632034 0.805390 0.062784 0.042046
0.394844 0.558966 0.060177 0.036900
0.413321 0.781067 0.053983 0.038720
0.724616 0.708936 0.057401 0.035706
0.813882 0.096924 0.056609 0.040798
0.073880 0.796033 0.049636 0.037886
0.506350 0.347104 0.061627 0.034570
0.277742 0.234715 0.048595 0.039526
0.295061 0.929208 0.054911 0.034282
0.409506 0.708368 0.048197 0.036242
0.834316 0.516008 0.053967 0.037301
0.821600 0.220818 0.065422 0.040588
0.625301 0.672971 0.047782 0.035261
0.614900 0.440564 0.060517 0.036298
0.293861 0.715434 0.051287 0.032417
0.724462 0.745218 0.052190 0.033566
0.408833 0.855885 0.054142 0.041615
0.078097 0.867761 0.053679 0.035577
0.721742 0.581297 0.052916 0.036753
0.176442 0.661643 0.051164 0.039633
0.934607 0.183834 0.052995 0.039201
0.410827 0.817983 0.051196 0.031471
0.411251 0.928824 0.048795 0.034840
0.721550 0.408629 0.052680 0.038972
0.417167 0.893482 0.064529 0.029028
0.277433 0.274010 0.056211 0.037680
0.622797 0.518825 0.061595 0.036122
0.403000 0.450383 0.055974 0.032592
0.615954 0.271397 0.052668 0.032037
0.509180 0.419371 0.057661 0.036169
0.390263 0.232515 0.065281 0.037602
0.404943 0.672104 0.049620 0.032408
0.627367 0.765590 0.056348 0.032998
0.179836 0.827444 0.069957 0.038857
0.297933 0.787121 0.054084 0.038099
0.606902 0.134538 0.062751 0.032864
0.073991 0.834463 0.049830 0.031279
0.618213 0.560134 0.051413 0.040676
0.830854 0.594985 0.050083 0.041091
0.411070 0.744532 0.046779 0.035295
0.715175 0.179633 0.061918 0.034129
0.614301 0.235739 0.050798 0.034177
0.179636 0.622954 0.051465 0.035306
0.723868 0.446569 0.059774 0.032869
0.298212 0.894167 0.049858 0.032639
0.504520 0.384660 0.048390 0.031906
0.391504 0.519946 0.062205 0.036067
0.506778 0.266350 0.062742 0.039655
0.282504 0.408372 0.050248 0.034262
0.622615 0.638862 0.048717 0.031841
0.519925 0.788007 0.075239 0.033861
0.180907 0.261029 0.049206 0.038547
0.496433 0.173989 0.054349 0.037756
0.833498 0.670746 0.048811 0.038643
0.726197 0.520373 0.054263 0.032234
0.935720 0.366563 0.047963 0.036626
0.394465 0.484976 0.056986 0.028832
0.289524 0.474762 0.055023 0.040138
0.926225 0.026723 0.055044 0.043771
0.724816 0.673445 0.043517 0.031926
0.834491 0.477891 0.051851 0.036425
0.073729 0.757454 0.049803 0.034066
0.510793 0.636401 0.051276 0.038468
0.712022 0.061998 0.059616 0.029977
0.827321 0.746692 0.048091 0.040794
0.626356 0.705255 0.054906 0.028164
0.937320 0.747362 0.050038 0.037424
0.502355 0.310201 0.046873 0.039113
0.074205 0.216879 0.049482 0.035777
0.395652 0.192978 0.050151 0.037043
0.831930 0.555510 0.045785 0.036797
0.818262 0.139579 0.050371 0.042729
0.165724 0.110306 0.052494 0.038706
0.524295 0.819041 0.060732 0.032476
0.724535 0.643063 0.051932 0.029750
0.072366 0.379066 0.047680 0.040476
0.827769 0.708466 0.049079 0.035727
0.615182 0.304079 0.050547 0.031770
0.939834 0.708889 0.046126 0.034990
0.628087 0.936647 0.052114 0.034238
0.504214 0.457809 0.074576 0.041632
0.932903 0.140991 0.048721 0.037947
0.074593 0.180895 0.060994 0.033408
0.082220 0.957652 0.065712 0.036145
0.184051 0.865898 0.055386 0.038334
0.819098 0.181344 0.049624 0.036006
0.628219 0.905661 0.049555 0.027056
0.721892 0.288625 0.059166 0.039689
0.495204 0.067830 0.067539 0.044858
0.613534 0.368744 0.048118 0.036668
0.176058 0.552075 0.047521 0.033107
0.721448 0.366186 0.047219 0.043205
0.838683 0.787133 0.067941 0.036624
0.931383 0.863408 0.061438 0.042023
0.710966 0.026355 0.056139 0.040155
0.730087 0.830735 0.050937 0.029263
0.943340 0.782281 0.053569 0.034436
0.181065 0.380658 0.061146 0.040707
0.176926 0.465193 0.043144 0.042761
0.289811 0.634378 0.046915 0.042082
0.300064 0.966656 0.075841 0.038537
0.073893 0.337961 0.046369 0.040511
0.278266 0.370845 0.060571 0.040032
0.396484 0.358941 0.054983 0.034450
0.724958 0.778287 0.044437 0.030456
0.729506 0.859104 0.046275 0.030876
0.398176 0.266973 0.044808 0.031388
0.712708 0.094669 0.048025 0.034556
0.279818 0.196785 0.044047 0.034456
0.830700 0.826325 0.049579 0.038130
0.814989 0.057436 0.049267 0.037040
0.938124 0.672855 0.045421 0.034273
0.936543 0.821432 0.046556 0.041631
0.925710 0.071355 0.046434 0.039282
0.729162 0.896948 0.046474 0.043074
0.612205 0.199473 0.051966 0.034752
0.177650 0.787614 0.043279 0.039243
0.831268 0.934130 0.043687 0.035797
0.412793 0.961895 0.053097 0.027289
0.939876 0.433174 0.044197 0.037805
0.508870 0.599703 0.044564 0.035383
0.182425 0.903993 0.054667 0.038101
0.178566 0.422490 0.048652 0.038892
0.517753 0.713140 0.076780 0.036577
0.719353 0.213940 0.051378 0.029697
0.073674 0.256608 0.048385 0.040646
0.298084 0.861256 0.044303 0.033191
0.832751 0.633681 0.038236 0.033784
0.287618 0.552023 0.067615 0.042429
0.068971 0.144078 0.054479 0.038566
0.624188 0.601784 0.045639 0.041287
0.288124 0.440297 0.045118 0.029686
0.073947 0.415232 0.049693 0.030158
0.936151 0.292369 0.045027 0.038684
0.405792 0.593394 0.056843 0.034910
0.821472 0.265232 0.053321 0.044217
0.076689 0.723063 0.040825 0.034404
0.176535 0.752012 0.050222 0.032389
0.290233 0.678390 0.048282 0.042288
0.397855 0.324706 0.047572 0.032410
0.504184 0.561238 0.063536 0.041895
0.080667 0.507663 0.048272 0.037907
0.296254 0.592395 0.064046 0.037900
0.395452 0.065735 0.069797 0.041098
0.075009 0.903133 0.064401 0.031709
0.933812 0.256561 0.045220 0.034654
0.623641 0.971070 0.048968 0.037608
0.076803 0.658030 0.038220 0.037888
0.277930 0.335142 0.050968 0.031639
0.394840 0.108439 0.053002 0.042127
0.081967 0.690966 0.048731 0.025810
0.627996 0.734878 0.045096 0.027369
0.939007 0.637540 0.045700 0.034202
0.176977 0.723142 0.058593 0.024162
0.492875 0.137410 0.059044 0.031963
0.725803 0.614110 0.046819 0.027593
0.275331 0.070234 0.071083 0.040578
0.607773 0.099143 0.060893 0.032952
0.068600 0.102470 0.043268 0.042856
0.610987 0.165519 0.047199 0.029807
0.399569 0.297245 0.043715 0.027115
0.398796 0.418143 0.043780 0.030498
0.290244 0.513097 0.052904 0.037613
0.719649 0.327095 0.051344 0.034784
0.187142 0.963618 0.059878 0.031969
0.613946 0.333662 0.042998 0.027783
0.296823 0.749634 0.048171 0.033573
0.726031 0.803678 0.051288 0.023451
0.282407 0.132947 0.043541 0.032487
0.174986 0.177023 0.051505 0.042927
0.398361 0.390259 0.044768 0.025346
0.936410 0.399685 0.047463 0.028174
0.617079 0.402561 0.041982 0.031630
0.629211 0.844069 0.044782 0.033288
0.934592 0.330639 0.043861 0.032448
0.402104 0.631828 0.063562 0.042940
0.188994 0.934653 0.054398 0.026274
0.078034 0.547118 0.039514 0.038774
0.716006 0.124945 0.048181 0.026626
0.603377 0.064951 0.045821 0.034674
0.832638 0.864903 0.049517 0.035520
0.077249 0.445711 0.039620 0.029820
0.830028 0.443351 0.047517 0.032545
0.279697 0.103488 0.050364 0.030329
0.178302 0.586873 0.042967 0.032949
0.930050 0.106202 0.043113 0.029454
0.935719 0.220983 0.038692 0.032713
0.716888 0.249196 0.054680 0.040693
0.178480 0.218682 0.049163 0.042919
0.609567 0.027632 0.065415 0.036964
0.934698 0.519941 0.045298 0.042660
0.516807 0.751568 0.056107 0.038411
0.514087 0.676246 0.050714 0.038356
0.275278 0.307123 0.062706 0.025777
0.283317 0.161083 0.050508 0.032081
0.072810 0.298375 0.046327 0.038027
0.395172 0.025752 0.070331 0.038427
0.938589 0.960955 0.056244 0.028939
0.499093 0.107130 0.049571 0.029986
0.076743 0.474335 0.041418 0.030511
0.517512 0.917340 0.048538 0.032228
0.815088 0.022075 0.045067 0.030729
0.179910 0.696869 0.050559 0.023404
0.728591 0.549429 0.043436 0.024273
0.520670 0.880748 0.038374 0.034359
0.183264 0.344810 0.043176 0.030869
0.497397 0.208174 0.051436 0.030457
0.822952 0.341870 0.067039 0.056178
0.169994 0.073072 0.042907 0.036724
0.823185 0.400423 0.069730 0.050109
0.938470 0.931884 0.054190 0.029418
0.074980 0.588830 0.043713 0.041767
0.170098 0.144293 0.050533 0.023625
0.076607 0.625106 0.036815 0.029321
0.064035 0.061095 0.041368 0.032865
0.393513 0.152528 0.047049 0.043737
0.171557 0.031901 0.056150 0.041741
0.502155 0.234656 0.054255 0.026542
0.937660 0.595418 0.048592 0.049644
0.933783 0.903803 0.047814 0.033723
0.298319 0.825413 0.053840 0.035908
0.506652 0.523046 0.048639 0.033212
0.626924 0.874143 0.051790 0.029431
0.065410 0.027673 0.042136 0.034781
0.733192 0.937447 0.056910 0.035531
0.496290 0.026057 0.059426 0.042203
0.521406 0.850683 0.046774 0.030652
0.936365 0.557871 0.038198 0.030001
0.824339 0.299143 0.045700 0.028728
0.174848 0.517297 0.043310 0.037046
0.279143 0.029760 0.038220 0.040066
0.827510 0.967521 0.045081 0.030052
0.183404 0.306536 0.057367 0.044134
0.830670 0.899341 0.045449 0.034207
0.175820 0.504095 0.043503 0.033387
0.720074 0.149594 0.054706 0.022549
0.938232 0.473917 0.053089 0.045723
0.505955 0.495867 0.056665 0.033827
0.735217 0.968422 0.054015 0.037640
0.509270 0.960573 0.077049 0.039993
0.077154 0.928792 0.048154 0.018978
