0.272695 0.774751 0.063246 0.038644
0.486504 0.928343 0.064802 0.033331
0.721092 0.243358 0.071414 0.038727
0.824507 0.865088 0.067788 0.030911
0.823212 0.827053 0.054776 0.039268
0.827329 0.352498 0.065079 0.036954
0.936499 0.544744 0.063947 0.038436
0.939423 0.385842 0.058105 0.035863
0.389622 0.372417 0.057165 0.037382
0.824586 0.787148 0.063964 0.034648
0.822843 0.525616 0.079649 0.036858
0.820634 0.390786 0.054982 0.034201
0.941932 0.250787 0.061203 0.034287
0.387993 0.665863 0.057528 0.038672
0.272805 0.694872 0.061691 0.038957
0.389565 0.553822 0.055422 0.031554
0.171526 0.474549 0.061100 0.032863
0.719410 0.358330 0.054447 0.028817
0.934390 0.719022 0.058456 0.037671
0.596035 0.853826 0.064115 0.030941
0.824997 0.899189 0.054559 0.034708
0.713154 0.855269 0.064217 0.035431
0.497158 0.604141 0.054325 0.034393
0.939231 0.423345 0.055770 0.033530
0.504766 0.101415 0.064537 0.035994
0.716918 0.626214 0.065773 0.038387
0.393022 0.410540 0.061485 0.035988
0.711239 0.740964 0.069421 0.036920
0.493423 0.637830 0.060330 0.029365
0.606781 0.666132 0.056607 0.038430
0.937671 0.504262 0.057351 0.035728
0.388755 0.446899 0.069111 0.031895
0.717811 0.280715 0.068332 0.032315
0.487451 0.781566 0.051093 0.032958
0.387929 0.777078 0.062119 0.037033
0.821025 0.425486 0.055328 0.032264
0.485149 0.853275 0.055741 0.040634
0.276216 0.734384 0.053888 0.036477
0.712929 0.778294 0.058054 0.030516
0.071460 0.305855 0.062913 0.038601
0.713573 0.431111 0.066101 0.035098
0.492099 0.745609 0.053402 0.037167
0.822292 0.750827 0.064200 0.033658
0.496124 0.567948 0.051026 0.034174
0.274928 0.659136 0.061768 0.027769
0.833233 0.313126 0.056588 0.036305
0.611462 0.107700 0.051648 0.038989
0.064659 0.736454 0.053346 0.037360
0.723705 0.205250 0.055814 0.032816
0.716522 0.814882 0.054294 0.038071
0.939339 0.677864 0.052257 0.035097
0.392381 0.626145 0.059019 0.038798
0.613784 0.215203 0.075702 0.034143
0.820514 0.715926 0.063335 0.033899
0.278287 0.624745 0.053717 0.035009
0.942909 0.351712 0.054352 0.030602
0.381096 0.815833 0.051553 0.034050
0.064902 0.458651 0.054073 0.035789
0.488454 0.962426 0.066494 0.030065
0.503737 0.228776 0.054869 0.037354
0.715412 0.465460 0.064872 0.033216
0.291259 0.281846 0.060192 0.029179
0.383597 0.705906 0.049578 0.032236
0.174079 0.391675 0.058518 0.036116
0.601399 0.780228 0.058145 0.037838
0.721006 0.098872 0.075210 0.030123
0.822259 0.675813 0.067049 0.040139
0.286231 0.169125 0.055563 0.033737
0.716744 0.320065 0.060725 0.044315
0.384524 0.853041 0.050500 0.035403
0.597775 0.818167 0.050999 0.036243
0.387807 0.588347 0.048963 0.034061
0.831968 0.240525 0.054721 0.035832
0.496615 0.502436 0.057379 0.032465
0.503757 0.349925 0.071469 0.037758
0.170621 0.355245 0.055201 0.032098
0.832432 0.276556 0.052999 0.033647
0.284730 0.242779 0.051766 0.037998
0.942886 0.462603 0.050946 0.038589
0.063087 0.849346 0.070341 0.044235
0.277061 0.590089 0.067201 0.030187
0.938423 0.754215 0.079115 0.031971
0.493259 0.704743 0.057776 0.041162
0.610217 0.326387 0.055422 0.039632
0.604111 0.705675 0.049736 0.034002
0.716302 0.394013 0.051746 0.034360
0.504490 0.268719 0.081263 0.033388
0.598949 0.741941 0.053416 0.037020
0.289783 0.391233 0.060024 0.035729
0.943339 0.639902 0.052361 0.031948
0.064049 0.075264 0.060606 0.032656
0.595403 0.890338 0.055057 0.033342
0.721652 0.498063 0.052842 0.034720
0.721138 0.531951 0.058014 0.028957
0.825688 0.603965 0.056480 0.036198
0.606106 0.549255 0.056267 0.040368
0.390990 0.070850 0.058260 0.038039
0.500378 0.309577 0.063635 0.040632
0.484635 0.892130 0.051034 0.035666
0.943088 0.213356 0.055506 0.037462
0.829172 0.460670 0.057409 0.031166
0.720944 0.664261 0.072552 0.030102
0.065234 0.891528 0.060529 0.034570
0.612999 0.253102 0.052581 0.037950
0.943409 0.142139 0.055634 0.041389
0.489703 0.815981 0.052108 0.032181
0.169981 0.507658 0.051911 0.030954
0.611579 0.146321 0.059858 0.036052
0.072521 0.591561 0.055020 0.037940
0.608747 0.590456 0.074245 0.033050
0.610416 0.475221 0.052236 0.034187
0.179225 0.171737 0.062797 0.028825
0.835482 0.122865 0.072277 0.031254
0.609218 0.440014 0.056546 0.030730
0.067904 0.631390 0.059102 0.036126
0.174718 0.111190 0.059525 0.030392
0.271324 0.851718 0.065042 0.033932
0.836892 0.199448 0.060561 0.044867
0.389671 0.484938 0.049312 0.037594
0.388357 0.520179 0.048748 0.030670
0.066096 0.665686 0.058904 0.032328
0.285389 0.133052 0.048415 0.033270
0.724329 0.135687 0.053169 0.039609
0.825897 0.638369 0.048303 0.028370
0.174117 0.891517 0.066002 0.029856
0.286760 0.430043 0.052811 0.033943
0.939215 0.791861 0.056590 0.039026
0.945610 0.287497 0.049800 0.035525
0.606060 0.404603 0.054397 0.036292
0.276554 0.559857 0.056508 0.029725
0.494928 0.668834 0.047115 0.028571
0.292109 0.313051 0.051910 0.030144
0.717157 0.589599 0.067867 0.031111
0.381863 0.931049 0.052169 0.038993
0.170227 0.540654 0.052130 0.033685
0.065539 0.809564 0.048368 0.032904
0.281294 0.526333 0.052123 0.031265
0.607155 0.625743 0.050066 0.037064
0.177156 0.209046 0.055201 0.041577
0.066307 0.524809 0.048671 0.041112
0.282989 0.465366 0.050075 0.033573
0.287966 0.205854 0.050815 0.034425
0.172770 0.661185 0.051124 0.034153
0.943821 0.320469 0.042302 0.030556
0.837988 0.157987 0.056685 0.038696
0.386232 0.739185 0.054890 0.031953
0.608997 0.365231 0.051740 0.035344
0.064359 0.927416 0.063915 0.034745
0.506992 0.142052 0.055452 0.042275
0.276968 0.814040 0.046314 0.032539
0.609556 0.179543 0.065120 0.029498
0.381194 0.891549 0.055055 0.037548
0.725103 0.172359 0.052091 0.026698
0.292826 0.349496 0.050537 0.040651
0.067531 0.110644 0.050902 0.036376
0.271216 0.962668 0.048106 0.035437
0.507132 0.187028 0.050538 0.044151
0.394432 0.171150 0.051790 0.032088
0.388043 0.330185 0.045071 0.041721
0.717784 0.700376 0.060900 0.038271
0.943700 0.177870 0.053131 0.029219
0.717829 0.896609 0.043623 0.039458
0.068879 0.772859 0.057665 0.033956
0.172850 0.926140 0.049668 0.037654
0.173550 0.628544 0.046580 0.026681
0.173551 0.768711 0.053599 0.039675
0.064564 0.196574 0.048479 0.037094
0.396241 0.137479 0.049112 0.032361
0.067429 0.419661 0.054630 0.036034
0.833152 0.063194 0.061996 0.027919
0.174855 0.073667 0.057374 0.035986
0.386452 0.295886 0.048701 0.023533
0.173751 0.034445 0.065907 0.039321
0.171369 0.729978 0.054915 0.032111
0.613131 0.289448 0.047400 0.034322
0.940739 0.605748 0.045325 0.034008
0.071737 0.264034 0.052470 0.035098
0.730307 0.033541 0.068844 0.038767
0.834732 0.092099 0.053422 0.027146
0.831138 0.031826 0.071804 0.034478
0.609301 0.510625 0.049414 0.032868
0.715407 0.933551 0.057190 0.029959
0.282678 0.496101 0.045836 0.025382
0.294991 0.062620 0.057890 0.036593
0.174219 0.599862 0.045268 0.029812
0.598575 0.959733 0.057900 0.031655
0.826489 0.566347 0.050171 0.038925
0.274519 0.890307 0.049249 0.036607
0.174461 0.435734 0.056033 0.040197
0.177842 0.141704 0.052729 0.029487
0.174654 0.317590 0.051948 0.042845
0.173660 0.695006 0.048463 0.034203
0.171116 0.965704 0.059384 0.037072
0.288000 0.098407 0.049781 0.031851
0.497916 0.535673 0.047186 0.025532
0.176948 0.808402 0.049438 0.039865
0.614826 0.071188 0.043202 0.030236
0.074172 0.387550 0.052803 0.028173
0.939417 0.102502 0.048711 0.035173
0.599000 0.924396 0.050892 0.031698
0.173868 0.851685 0.051509 0.042610
0.067381 0.153218 0.058355 0.044024
0.723532 0.067924 0.066942 0.027320
0.399195 0.206821 0.045008 0.037186
0.064429 0.490612 0.052603 0.024613
0.716462 0.560764 0.062818 0.024637
0.396027 0.029392 0.075478 0.042207
0.171011 0.572915 0.043723 0.027615
0.065306 0.231631 0.047068 0.032230
0.068265 0.560213 0.042221 0.023430
0.611633 0.033501 0.064670 0.041967
0.073241 0.036320 0.068518 0.039285
0.821670 0.932424 0.077961 0.027806
0.819787 0.492097 0.061230 0.027793
0.273133 0.927317 0.040005 0.031730
0.510338 0.034378 0.056724 0.039195
0.494865 0.465896 0.046942 0.036933
0.067742 0.699583 0.043512 0.033034
0.376254 0.966937 0.045495 0.031218
0.939292 0.578098 0.047285 0.024917
0.390798 0.267329 0.047875 0.025926
0.394819 0.106760 0.046161 0.030836
0.174163 0.250317 0.064815 0.039171
0.391915 0.241894 0.045875 0.025517
0.510574 0.067890 0.052407 0.024435
0.499339 0.388575 0.042322 0.033313
0.071562 0.351173 0.062144 0.041577
0.716007 0.964380 0.062171 0.030994
0.497749 0.426222 0.048089 0.036158
0.292517 0.028674 0.068755 0.028979
0.809511 0.961913 0.080019 0.031769
0.069548 0.963122 0.060379 0.032817
0.172286 0.277904 0.062408 0.029725
0.658996 0.118810 0.027318 0.021754
