0.282596 0.079555 0.076238 0.045634
0.822071 0.404183 0.070369 0.042165
0.392112 0.264466 0.076163 0.049543
0.715886 0.528563 0.078771 0.044614
0.392741 0.213835 0.074612 0.046310
0.170148 0.396333 0.069492 0.037319
0.820654 0.707586 0.077936 0.046250
0.503850 0.193696 0.078946 0.049524
0.271597 0.679846 0.071872 0.049129
0.481213 0.894767 0.079752 0.049408
0.283786 0.398355 0.070467 0.040479
0.390116 0.165664 0.070834 0.045527
0.821318 0.445372 0.068187 0.035964
0.824936 0.287255 0.067884 0.045202
0.169181 0.078091 0.064139 0.039810
0.171369 0.476036 0.073468 0.042984
0.489935 0.467170 0.072006 0.047608
0.271060 0.797029 0.063407 0.037983
0.061066 0.903976 0.081262 0.047265
0.391602 0.388565 0.062342 0.045071
0.175508 0.201938 0.069316 0.037567
0.600765 0.552786 0.061145 0.038445
0.168767 0.902681 0.075542 0.044131
0.268523 0.754866 0.084147 0.041297
0.724001 0.080528 0.071984 0.039830
0.826083 0.599890 0.066279 0.048519
0.274260 0.442859 0.075574 0.046701
0.270716 0.892425 0.062714 0.043522
0.390419 0.435130 0.061608 0.039041
0.056792 0.370984 0.060943 0.036339
0.266611 0.627714 0.075935 0.051258
0.608910 0.206486 0.071408 0.042818
0.609935 0.320660 0.087477 0.040769
0.501872 0.109689 0.084668 0.049347
0.272070 0.962451 0.077580 0.035376
0.717998 0.208948 0.070882 0.039334
0.699918 0.866036 0.085218 0.050867
0.059932 0.701863 0.068267 0.040628
0.173723 0.243915 0.071481 0.041186
0.604526 0.086948 0.065402 0.048929
0.173841 0.158790 0.076135 0.045387
0.828645 0.331204 0.057187 0.039615
0.711144 0.664239 0.072179 0.039836
0.601173 0.777046 0.062953 0.043974
0.821396 0.758332 0.066770 0.045652
0.607534 0.360756 0.082595 0.038261
0.062424 0.616783 0.064540 0.040966
0.500642 0.246138 0.066108 0.049832
0.388257 0.120056 0.074186 0.042631
0.284989 0.321662 0.056066 0.041632
0.271065 0.578617 0.069074 0.041593
0.498796 0.033935 0.079031 0.041592
0.057313 0.748777 0.063577 0.046565
0.057509 0.451432 0.063475 0.042543
0.598704 0.919651 0.076055 0.039112
0.059542 0.536178 0.060547 0.036945
0.167811 0.787422 0.057910 0.043548
0.716480 0.372618 0.065009 0.034137
0.820874 0.798408 0.074403 0.034738
0.822737 0.212296 0.080763 0.040919
0.385110 0.804008 0.068863 0.048402
0.597518 0.591732 0.071028 0.036441
0.498331 0.292852 0.066625 0.042897
0.497068 0.543014 0.076129 0.039891
0.702857 0.971806 0.075853 0.036394
0.271609 0.843041 0.061870 0.048855
0.713324 0.292077 0.072484 0.044062
0.389104 0.080112 0.078043 0.036507
0.600170 0.631715 0.064107 0.038931
0.056160 0.328838 0.076034 0.044534
0.495708 0.340780 0.064578 0.050208
0.595767 0.823986 0.071380 0.045303
0.380380 0.569773 0.068047 0.044305
0.819599 0.164886 0.078500 0.052910
0.605975 0.246336 0.067962 0.032569
0.270768 0.928418 0.066289 0.028663
0.604485 0.409077 0.072258 0.052271
0.385791 0.309992 0.075071 0.034991
0.385654 0.710787 0.058497 0.043100
0.171418 0.558745 0.061144 0.041132
0.481021 0.842344 0.066226 0.051963
0.715190 0.574397 0.073277 0.044206
0.059711 0.077751 0.066150 0.040267
0.602397 0.510944 0.057823 0.041141
0.058598 0.495441 0.056316 0.040722
0.167487 0.747606 0.061502 0.031498
0.596653 0.672355 0.074799 0.037188
0.283751 0.358804 0.057860 0.027148
0.493545 0.385234 0.057297 0.040634
0.172509 0.328180 0.065934 0.035493
0.494082 0.693865 0.065870 0.046758
0.377931 0.895316 0.062133 0.043889
0.392112 0.480045 0.068660 0.049572
0.827483 0.247990 0.060936 0.031432
0.493239 0.652956 0.070321 0.031116
0.825533 0.076544 0.055876 0.041123
0.717282 0.335107 0.067519 0.040514
0.379930 0.663321 0.075998 0.044789
0.591719 0.874462 0.070786 0.051949
0.387243 0.035522 0.081658 0.049079
0.823291 0.033072 0.063317 0.040413
0.169901 0.287892 0.057631 0.041622
0.284016 0.488239 0.067771 0.034767
0.055057 0.123715 0.068104 0.044484
0.278622 0.530426 0.063023 0.045177
0.167657 0.516639 0.064589 0.035950
0.061412 0.660153 0.054211 0.040833
0.060260 0.244811 0.055687 0.038371
0.605946 0.035155 0.065506 0.046188
0.383562 0.754640 0.057053 0.045338
0.287381 0.223794 0.063851 0.054682
0.711773 0.709746 0.073768 0.046499
0.830152 0.366729 0.057603 0.028270
0.720380 0.164178 0.068831 0.048470
0.175086 0.118578 0.074930 0.036520
0.716195 0.620400 0.054769 0.042656
0.716921 0.250049 0.070031 0.039650
0.497729 0.582431 0.061472 0.040280
0.168736 0.434368 0.051945 0.035511
0.167192 0.951813 0.075200 0.045275
0.389094 0.612622 0.073357 0.039891
0.605934 0.281381 0.061235 0.033916
0.059827 0.824926 0.059234 0.036996
0.285711 0.275505 0.056860 0.045146
0.380396 0.936063 0.058312 0.038008
0.164918 0.705948 0.054773 0.045403
0.061164 0.860024 0.065314 0.038949
0.607788 0.135495 0.056312 0.043035
0.061484 0.574399 0.059490 0.039925
0.938966 0.089148 0.077916 0.038572
0.822319 0.117113 0.058942 0.038695
0.061370 0.033315 0.072744 0.039907
0.821001 0.655930 0.068853 0.054704
0.602741 0.463029 0.064205 0.052480
0.062612 0.285511 0.060542 0.037409
0.284879 0.129060 0.060003 0.050240
0.167854 0.361538 0.055446 0.028083
0.491620 0.739212 0.055094 0.041715
0.822290 0.494211 0.068003 0.057854
0.599690 0.959510 0.065519 0.037556
0.061173 0.408893 0.049236 0.038420
0.718566 0.121878 0.070770 0.033644
0.495660 0.619618 0.061956 0.032073
0.170583 0.034287 0.056851 0.042710
0.717829 0.034564 0.058118 0.050395
0.600296 0.732789 0.063058 0.036828
0.489441 0.786778 0.072472 0.053682
0.497633 0.507564 0.062426 0.029273
0.057855 0.789771 0.055324 0.029785
0.393051 0.525177 0.070295 0.044005
0.168745 0.830108 0.048270 0.037042
0.501150 0.152252 0.066000 0.030650
0.280098 0.033654 0.058585 0.039879
0.378015 0.850755 0.060059 0.039595
0.811512 0.839165 0.068912 0.033431
0.819691 0.551692 0.073030 0.049559
0.939615 0.133116 0.067837 0.048400
0.715943 0.403141 0.058628 0.026120
0.391162 0.345435 0.053203 0.033429
0.287403 0.175700 0.057501 0.039810
0.066739 0.951345 0.072455 0.039912
0.706563 0.753792 0.060437 0.041613
0.707279 0.816859 0.066578 0.042447
0.173521 0.594540 0.055765 0.028316
0.483627 0.939085 0.069366 0.038883
0.936407 0.042566 0.057611 0.049648
0.168225 0.664581 0.044924 0.033751
0.167775 0.864650 0.051288 0.024611
0.383114 0.969946 0.063926 0.031328
0.169425 0.627833 0.050626 0.037175
0.819123 0.893476 0.067695 0.065268
0.059609 0.158448 0.054021 0.021426
0.707665 0.913967 0.071499 0.045191
0.711975 0.489045 0.059225 0.031277
0.270347 0.718689 0.050628 0.023824
0.715393 0.785511 0.071549 0.024958
0.609087 0.169411 0.049146 0.022917
0.502040 0.069030 0.055339 0.026035
0.060604 0.185869 0.051806 0.033898
0.501633 0.424134 0.073072 0.034936
0.713483 0.442801 0.054325 0.048580
0.831005 0.960482 0.092483 0.058359
0.599051 0.703342 0.049570 0.021827
0.709298 0.931291 0.073971 0.036328
0.060321 0.208008 0.048329 0.030519
0.486261 0.968444 0.064394 0.026777
