0.480543 0.852781 0.066212 0.033715
0.694538 0.820906 0.063887 0.040341
0.707284 0.496288 0.064167 0.040756
0.371442 0.807822 0.060562 0.035740
0.393777 0.287050 0.072322 0.038173
0.926804 0.665504 0.057616 0.041790
0.709722 0.698001 0.069525 0.037844
0.703576 0.656559 0.057895 0.039295
0.160125 0.819463 0.077521 0.040630
0.372305 0.957856 0.063588 0.039690
0.928601 0.246961 0.061394 0.039045
0.278191 0.223082 0.059018 0.031298
0.277703 0.697310 0.059996 0.038547
0.715075 0.182860 0.061262 0.039190
0.819312 0.334096 0.061477 0.039974
0.476823 0.926186 0.057287 0.032561
0.706911 0.453079 0.052023 0.041707
0.473042 0.741802 0.066637 0.039969
0.813249 0.586895 0.059257 0.031544
0.475693 0.889723 0.055092 0.036543
0.606700 0.212950 0.083770 0.042962
0.373433 0.921795 0.061122 0.025856
0.275630 0.299608 0.059338 0.043196
0.163267 0.894056 0.061283 0.035165
0.153981 0.705997 0.057507 0.040660
0.811317 0.650715 0.058787 0.033579
0.698558 0.860490 0.057151 0.038528
0.930632 0.153464 0.058600 0.038744
0.590713 0.485567 0.058754 0.038653
0.704304 0.535587 0.052462 0.035151
0.276277 0.467548 0.062529 0.036969
0.714217 0.260506 0.063095 0.042835
0.478621 0.781174 0.066409 0.036922
0.701698 0.574936 0.054982 0.041044
0.924831 0.381397 0.056378 0.035122
0.389689 0.332391 0.062005 0.039444
0.924533 0.420490 0.069687 0.041267
0.365842 0.843300 0.069370 0.032707
0.277121 0.502285 0.059121 0.033375
0.279726 0.259034 0.056600 0.037942
0.821137 0.373963 0.063150 0.034756
0.485090 0.668811 0.058436 0.037043
0.604340 0.305693 0.054734 0.034073
0.714829 0.330025 0.054521 0.038313
0.275763 0.575871 0.060451 0.036129
0.813130 0.759967 0.058349 0.039684
0.925525 0.200159 0.058028 0.051496
0.704124 0.615379 0.052293 0.039046
0.367943 0.771866 0.058350 0.035654
0.367823 0.680183 0.062791 0.047573
0.816360 0.684762 0.058236 0.031744
0.819165 0.252843 0.052287 0.044520
0.062592 0.570815 0.067107 0.035308
0.179186 0.171858 0.055707 0.039962
0.588884 0.527365 0.056851 0.038050
0.818126 0.294519 0.051903 0.037738
0.605676 0.068067 0.085848 0.046480
0.179352 0.135313 0.064317 0.033210
0.702698 0.739417 0.055485 0.042932
0.381175 0.487930 0.057046 0.038587
0.590982 0.767657 0.054627 0.038509
0.914891 0.908596 0.069802 0.038291
0.931754 0.116251 0.050689 0.034974
0.273673 0.655373 0.056892 0.041244
0.597320 0.731287 0.053048 0.031287
0.923467 0.553778 0.060718 0.035065
0.598503 0.348559 0.081999 0.044752
0.163452 0.583351 0.063312 0.042712
0.058894 0.527339 0.053408 0.048087
0.469891 0.961990 0.067730 0.038408
0.056313 0.815844 0.056475 0.039202
0.931382 0.078236 0.050184 0.036819
0.158467 0.857002 0.051208 0.035276
0.390723 0.217192 0.060255 0.039242
0.584160 0.612671 0.085846 0.036293
0.065720 0.255275 0.051361 0.039917
0.922134 0.770798 0.064348 0.040084
0.389891 0.253472 0.057835 0.026754
0.923905 0.290325 0.073086 0.041899
0.161221 0.626745 0.060821 0.036914
0.068355 0.177414 0.051537 0.036402
0.709042 0.373283 0.051752 0.044520
0.070096 0.386969 0.061140 0.035816
0.379729 0.596113 0.058130 0.036459
0.477894 0.570032 0.054559 0.034548
0.599822 0.397191 0.054771 0.044198
0.272479 0.343860 0.061626 0.042210
0.379448 0.524388 0.054667 0.032647
0.919195 0.591938 0.051730 0.034515
0.367992 0.883466 0.052014 0.043023
0.162490 0.778283 0.068141 0.037566
0.367271 0.728753 0.045828 0.046878
0.702945 0.900434 0.059744 0.038126
0.070493 0.449639 0.061942 0.032516
0.818994 0.207933 0.059431 0.042972
0.161467 0.933491 0.053976 0.038546
0.822261 0.416605 0.060197 0.041799
0.703963 0.779396 0.052715 0.035882
0.916285 0.865114 0.070813 0.045145
0.158357 0.971068 0.076518 0.036500
0.588779 0.651454 0.052327 0.037699
0.478171 0.817461 0.052764 0.037129
0.070933 0.136361 0.052859 0.039725
0.589472 0.570506 0.051902 0.047314
0.727631 0.060285 0.061699 0.037175
0.380867 0.451953 0.056278 0.033800
0.582980 0.930505 0.048395 0.033438
0.704641 0.935508 0.060916 0.031967
0.499275 0.209733 0.049112 0.037365
0.156836 0.666232 0.054348 0.038140
0.608770 0.114534 0.055367 0.043905
0.584938 0.894473 0.049560 0.037546
0.719749 0.102433 0.055009 0.039500
0.274396 0.613427 0.056167 0.038355
0.283393 0.026763 0.061522 0.039892
0.811141 0.892377 0.056269 0.043149
0.060089 0.690241 0.048875 0.045725
0.612256 0.264518 0.065318 0.048353
0.173824 0.056787 0.051362 0.038939
0.481051 0.703283 0.052888 0.032370
0.595766 0.802851 0.053850 0.033436
0.176710 0.096624 0.046770 0.037032
0.922242 0.734105 0.044181 0.028475
0.067430 0.348812 0.046285 0.035969
0.819155 0.617196 0.054394 0.029206
0.174988 0.316002 0.056625 0.035165
0.375310 0.635919 0.050846 0.039833
0.061825 0.853978 0.046329 0.036324
0.277969 0.187537 0.049897 0.037036
0.276849 0.384260 0.051722 0.039780
0.171996 0.352756 0.051433 0.038066
0.812611 0.721963 0.053047 0.033900
0.614122 0.162311 0.063967 0.048008
0.480114 0.525798 0.058915 0.038564
0.597234 0.442006 0.047688 0.042461
0.916699 0.514172 0.055992 0.037217
0.269194 0.893183 0.051993 0.045349
0.275182 0.538736 0.049844 0.036530
0.380373 0.558605 0.051466 0.036980
0.704185 0.969355 0.067952 0.039590
0.921104 0.817917 0.058140 0.045284
0.056388 0.611141 0.061983 0.041099
0.068392 0.971309 0.051246 0.038833
0.065281 0.486287 0.059017 0.035189
0.065075 0.894899 0.054520 0.036091
0.815588 0.494987 0.076938 0.033061
0.285430 0.064009 0.059212 0.035820
0.589840 0.693196 0.050189 0.041107
0.713342 0.295697 0.044936 0.029493
0.496468 0.251355 0.056433 0.032404
0.922101 0.626867 0.041950 0.034708
0.272207 0.736008 0.052029 0.038412
0.176745 0.282256 0.050759 0.030150
0.056760 0.771892 0.044870 0.045018
0.070282 0.417484 0.054262 0.028115
0.917382 0.972035 0.053510 0.036114
0.711894 0.413592 0.047049 0.030541
0.160500 0.741490 0.049220 0.033665
0.072472 0.097376 0.052111 0.038499
0.485743 0.634159 0.055795 0.031302
0.923906 0.337882 0.043482 0.042050
0.060893 0.732106 0.048027 0.033551
0.811777 0.934953 0.049078 0.036502
0.067146 0.215798 0.043660 0.033995
0.176263 0.206975 0.048405 0.030964
0.166584 0.542455 0.053317 0.037807
0.921917 0.470026 0.045540 0.047238
0.497894 0.295488 0.053464 0.045329
0.494328 0.348267 0.050645 0.050392
0.711418 0.217071 0.053802 0.033665
0.482297 0.486171 0.051225 0.038655
0.815281 0.805530 0.049992 0.046400
0.717499 0.144017 0.048557 0.037097
0.923908 0.703506 0.045947 0.028516
0.608852 0.024836 0.055995 0.033730
0.488342 0.448978 0.055438 0.034361
0.380647 0.418130 0.048988 0.033449
0.276279 0.143615 0.046366 0.042935
0.819107 0.526201 0.060179 0.026320
0.810263 0.849361 0.048713 0.039143
0.168147 0.390152 0.045816 0.034298
0.071324 0.062781 0.050662 0.032489
0.813649 0.554879 0.048120 0.030336
0.486362 0.406314 0.059183 0.051634
0.592075 0.835243 0.053715 0.025073
0.388034 0.374531 0.061117 0.047572
0.284967 0.424905 0.057663 0.040948
0.266866 0.934606 0.062933 0.033872
0.282730 0.102569 0.049158 0.039747
0.393270 0.173802 0.057325 0.048177
0.170980 0.431197 0.053538 0.045130
0.177220 0.245387 0.053183 0.045052
0.817454 0.456559 0.070193 0.036675
0.934045 0.035894 0.054607 0.043157
0.277414 0.769654 0.054805 0.027628
0.503086 0.176868 0.054090 0.026527
0.824768 0.102081 0.047322 0.039397
0.918761 0.942833 0.052056 0.026560
0.058436 0.648509 0.053659 0.033448
0.065579 0.932241 0.048872 0.038428
0.271031 0.848001 0.053125 0.039614
0.392736 0.129246 0.055588 0.035835
0.503690 0.071616 0.049940 0.048764
0.583688 0.965021 0.042677 0.031090
0.825223 0.167775 0.051047 0.036496
0.817514 0.969630 0.058820 0.027185
0.592383 0.860674 0.046997 0.025736
0.064691 0.026810 0.052671 0.036487
0.268431 0.965786 0.057715 0.034386
0.825210 0.135605 0.042870 0.028336
0.164749 0.509915 0.043831 0.024884
0.173605 0.020667 0.054765 0.026915
0.397060 0.055587 0.056488 0.040504
0.393454 0.093623 0.065242 0.038691
0.481984 0.604954 0.061743 0.024673
0.725115 0.024477 0.055858 0.028167
0.062481 0.300867 0.060157 0.049914
0.394183 0.024018 0.058456 0.033087
0.167230 0.473024 0.044053 0.033296
0.506469 0.143917 0.062333 0.042951
0.268930 0.805277 0.043377 0.041302
0.503508 0.027697 0.047290 0.033496
0.825203 0.026983 0.051981 0.032366
0.505746 0.114218 0.060075 0.035940
0.825163 0.061420 0.048682 0.039033
