0.564687 0.755520 0.062094 0.033538
0.466906 0.671672 0.056889 0.031553
0.854358 0.355647 0.057991 0.027877
0.467004 0.840693 0.067670 0.036804
0.562197 0.356261 0.053378 0.034135
0.156833 0.472032 0.058557 0.032920
0.673959 0.832756 0.056626 0.034480
0.660759 0.372523 0.055013 0.032497
0.661778 0.406899 0.058721 0.030493
0.157356 0.509551 0.058140 0.037770
0.257000 0.358555 0.058067 0.035049
0.155342 0.175488 0.055283 0.030905
0.153283 0.435508 0.057244 0.031247
0.469400 0.705380 0.055733 0.030200
0.566672 0.427526 0.060091 0.033381
0.160311 0.651502 0.063217 0.032485
0.260847 0.452685 0.054345 0.031548
0.675039 0.794819 0.056801 0.028602
0.949429 0.382774 0.053748 0.027174
0.258776 0.487210 0.056942 0.033586
0.465593 0.613367 0.062584 0.031718
0.365299 0.402319 0.052952 0.032555
0.658263 0.223045 0.053021 0.028653
0.565457 0.521628 0.055028 0.031699
0.260497 0.743944 0.052018 0.032768
0.362527 0.221884 0.058341 0.028403
0.668816 0.507197 0.052661 0.029962
0.766278 0.803953 0.056123 0.031528
0.851190 0.422868 0.048910 0.031201
0.468044 0.482341 0.055747 0.031600
0.663234 0.472406 0.052164 0.029247
0.460902 0.384524 0.053469 0.036311
0.260670 0.843396 0.050674 0.035686
0.667844 0.439749 0.048526 0.029094
0.567780 0.879468 0.059571 0.030469
0.948843 0.222976 0.048934 0.031992
0.468452 0.774617 0.058409 0.027542
0.365220 0.679397 0.064155 0.033645
0.668656 0.566801 0.052810 0.028365
0.466547 0.878923 0.055418 0.031758
0.848790 0.388800 0.052077 0.035741
0.156682 0.613421 0.050251 0.039030
0.159933 0.208967 0.059278 0.028116
0.366984 0.439665 0.055927 0.036856
0.670335 0.764776 0.056350 0.025988
0.949642 0.254699 0.047249 0.028367
0.745359 0.198064 0.047367 0.030272
0.950178 0.315692 0.053746 0.036371
0.260370 0.323933 0.061603 0.026527
0.952283 0.131274 0.052895 0.027021
0.358681 0.341241 0.060821 0.028008
0.860198 0.815106 0.056749 0.029804
0.558190 0.189235 0.067782 0.034364
0.365531 0.473072 0.063099 0.029257
0.664862 0.601401 0.049912 0.034185
0.848593 0.205211 0.044510 0.029692
0.158918 0.244843 0.053693 0.035214
0.858188 0.750057 0.050169 0.032802
0.950279 0.190961 0.051075 0.025390
0.360263 0.280943 0.048479 0.031851
0.456742 0.256828 0.047632 0.031863
0.263811 0.905624 0.064113 0.027047
0.260518 0.172124 0.055488 0.029349
0.159111 0.834349 0.063479 0.025608
0.260880 0.523197 0.051074 0.033597
0.662395 0.699163 0.048933 0.026563
0.563054 0.392429 0.047852 0.032445
0.263231 0.878217 0.059119 0.024417
0.852033 0.295627 0.050706 0.025734
0.160625 0.723516 0.052149 0.035241
0.159318 0.863731 0.057085 0.028682
0.671223 0.869530 0.043291 0.030457
0.749008 0.230223 0.044945 0.029697
0.563762 0.458656 0.045320 0.027984
0.767106 0.739328 0.048697 0.033262
0.570409 0.678001 0.048318 0.032571
0.161635 0.930448 0.065794 0.030425
0.950973 0.686918 0.047944 0.031410
0.846275 0.482849 0.056364 0.026261
0.564097 0.487318 0.053312 0.029225
0.260984 0.108590 0.066326 0.034610
0.949454 0.161969 0.054929 0.025716
0.460316 0.134685 0.057131 0.029495
0.851067 0.142219 0.052203 0.024665
0.456368 0.166306 0.051534 0.027659
0.460903 0.422185 0.050706 0.033644
0.366630 0.509941 0.051235 0.038498
0.947165 0.283823 0.059501 0.025395
0.952671 0.411915 0.053576 0.026516
0.949331 0.653757 0.049902 0.028260
0.852344 0.544751 0.053105 0.036693
0.858548 0.849455 0.049168 0.030763
0.950198 0.538608 0.052830 0.028138
0.260564 0.292211 0.052002 0.028242
0.571451 0.790220 0.050611 0.030062
0.573604 0.643494 0.062649 0.030724
0.668039 0.731279 0.043739 0.034173
0.365963 0.865693 0.047052 0.040490
0.753035 0.402585 0.045602 0.034446
0.952535 0.596044 0.052214 0.028458
0.852117 0.662912 0.049843 0.029643
0.261337 0.203187 0.059012 0.026998
0.655321 0.281616 0.046772 0.023879
0.356623 0.134779 0.046504 0.033641
0.857395 0.716458 0.054899 0.026342
0.468610 0.737565 0.045456 0.034477
0.950519 0.506127 0.040729 0.030879
0.463237 0.548146 0.051414 0.036096
0.157748 0.686838 0.048822 0.034245
0.952024 0.782675 0.051687 0.028179
0.661150 0.313243 0.042708 0.030181
0.847822 0.453598 0.044570 0.027866
0.764299 0.860112 0.047636 0.032638
0.259031 0.667956 0.054877 0.032424
0.663683 0.537741 0.050519 0.026797
0.461753 0.581655 0.050504 0.025759
0.258957 0.235691 0.058018 0.028987
0.363103 0.312819 0.055361 0.028355
0.160362 0.365065 0.062539 0.026156
0.952950 0.444806 0.046670 0.030797
0.862525 0.880813 0.049120 0.025678
0.952417 0.352250 0.056547 0.027581
0.260895 0.557792 0.051369 0.029647
0.358284 0.165762 0.053992 0.023420
0.571303 0.611820 0.053796 0.027595
0.158512 0.138938 0.049785 0.030732
0.750988 0.334002 0.042949 0.031333
0.768583 0.771507 0.046104 0.028805
0.362406 0.576615 0.048121 0.035112
0.260664 0.393277 0.050935 0.030123
0.155303 0.578569 0.051919 0.024651
0.458844 0.219275 0.046037 0.035174
0.761332 0.701579 0.048549 0.033556
0.360237 0.543143 0.054910 0.026595
0.463809 0.454690 0.058288 0.024127
0.863708 0.911745 0.054472 0.028160
0.463754 0.514013 0.051340 0.027655
0.360313 0.250344 0.059162 0.025281
0.368309 0.828683 0.051575 0.026905
0.567073 0.316130 0.043293 0.039160
0.454743 0.103241 0.056812 0.028167
0.157139 0.547826 0.050766 0.031313
0.757294 0.436223 0.044107 0.031532
0.652348 0.139180 0.050278 0.029127
0.759268 0.559766 0.050587 0.029538
0.158583 0.104763 0.062706 0.030841
0.745132 0.136812 0.043829 0.030549
0.949403 0.820696 0.047268 0.037217
0.573907 0.914670 0.055348 0.038612
0.361685 0.715292 0.050794 0.030688
0.259841 0.422205 0.047282 0.024556
0.856258 0.630304 0.047021 0.030219
0.951869 0.100931 0.052734 0.025346
0.762009 0.595212 0.047967 0.035863
0.361598 0.371803 0.048400 0.027041
0.264762 0.707548 0.049459 0.037819
0.951194 0.749570 0.045180 0.028503
0.564301 0.278154 0.044525 0.032724
0.766238 0.918500 0.044358 0.031132
0.161562 0.279542 0.049769 0.036270
0.458851 0.350354 0.049867 0.029998
0.656908 0.253813 0.038355 0.026919
0.653081 0.104370 0.052652 0.035964
0.261249 0.587947 0.043703 0.030679
0.753975 0.298793 0.043228 0.032760
0.359378 0.191573 0.044372 0.028168
0.554165 0.128308 0.050802 0.024100
0.664608 0.669264 0.040729 0.030372
0.160419 0.896538 0.046930 0.029473
0.262451 0.779167 0.042323 0.036447
0.744902 0.103726 0.047610 0.031440
0.853560 0.325207 0.040030 0.028206
0.556733 0.155141 0.038536 0.029795
0.953458 0.474373 0.042043 0.030892
0.159617 0.311801 0.058039 0.022303
0.860968 0.781508 0.042660 0.031315
0.155621 0.398722 0.043175 0.033013
0.157350 0.779742 0.061512 0.024536
0.469298 0.806241 0.046204 0.026810
0.854073 0.690050 0.046815 0.023781
0.749534 0.262392 0.043791 0.032480
0.667641 0.636407 0.038475 0.033210
0.360674 0.642346 0.042285 0.032186
0.653751 0.168525 0.041943 0.025234
0.851260 0.263220 0.045391 0.030676
0.361839 0.611923 0.042856 0.032247
0.753607 0.468253 0.041330 0.028459
0.257744 0.141565 0.049282 0.025964
0.761694 0.663828 0.042136 0.033589
0.567129 0.555459 0.045915 0.025385
0.752010 0.366634 0.039094 0.032008
0.260656 0.811948 0.055184 0.022399
0.745942 0.166994 0.038778 0.026721
0.852217 0.235229 0.048887 0.022322
0.460657 0.316354 0.040778 0.034432
0.758375 0.529956 0.038641 0.027173
0.554291 0.101353 0.050916 0.029177
0.672726 0.925615 0.047902 0.029636
0.160189 0.805437 0.054981 0.025173
0.466450 0.909187 0.068382 0.025971
0.757007 0.500302 0.040903 0.030538
0.459213 0.286617 0.053216 0.024608
0.760156 0.632464 0.041347 0.027840
0.158959 0.755353 0.057490 0.023105
0.361819 0.742596 0.061117 0.021695
0.267829 0.934594 0.057172 0.027021
0.851070 0.511775 0.045186 0.031898
0.261950 0.619467 0.047409 0.032892
0.365884 0.907654 0.045805 0.031453
0.160468 0.336797 0.046274 0.025365
0.766365 0.831459 0.046909 0.020257
0.353724 0.103277 0.046748 0.027406
0.363209 0.799287 0.057612 0.028013
0.951891 0.717449 0.043968 0.026103
0.766587 0.889343 0.053084 0.020721
0.655763 0.192570 0.034445 0.023440
0.950753 0.858992 0.040556 0.033843
0.263152 0.264510 0.056258 0.020793
0.570923 0.848140 0.040054 0.024764
0.569861 0.716063 0.042238 0.036844
0.360515 0.768258 0.063535 0.024929
0.674367 0.899054 0.055867 0.022804
0.467006 0.641816 0.041173 0.022942
0.848564 0.174270 0.047646 0.031857
0.569156 0.582457 0.036305 0.025812
0.569525 0.821834 0.042615 0.021293
0.456312 0.191798 0.042814 0.019840
0.847094 0.097676 0.045270 0.022085
0.850288 0.117870 0.043068 0.018474
0.951422 0.567282 0.036629 0.025451
0.561439 0.245839 0.042408 0.028323
0.564225 0.218352 0.057253 0.020911
0.948304 0.624969 0.053903 0.025665
0.659340 0.342879 0.039857 0.020668
0.468610 0.932859 0.052054 0.026068
0.367437 0.932499 0.040669 0.019801
0.260724 0.640367 0.046589 0.017487
0.854540 0.583897 0.059188 0.035714
0.853714 0.601161 0.059610 0.026991
