0.063009 0.350331 0.078323 0.053001
0.380040 0.156496 0.080750 0.055232
0.274700 0.150658 0.077887 0.049749
0.486198 0.552329 0.080522 0.056616
0.817137 0.609112 0.092776 0.060841
0.270027 0.206873 0.082048 0.055755
0.276594 0.847446 0.088002 0.057762
0.383859 0.919831 0.074439 0.045489
0.492142 0.871363 0.088863 0.053407
0.813709 0.168127 0.076608 0.055708
0.276336 0.789621 0.092802 0.056103
0.707906 0.778040 0.089945 0.052612
0.481079 0.445220 0.080026 0.056626
0.926056 0.116799 0.073597 0.049952
0.172101 0.779158 0.079891 0.047900
0.490847 0.816490 0.088213 0.050703
0.596106 0.671939 0.087898 0.055862
0.481714 0.274527 0.087258 0.057568
0.597679 0.508327 0.085440 0.051057
0.072206 0.905904 0.077033 0.046505
0.382143 0.820640 0.072227 0.056624
0.071538 0.963294 0.089717 0.055315
0.926662 0.428697 0.079693 0.050987
0.926669 0.892296 0.083305 0.048107
0.923903 0.608298 0.081158 0.059074
0.275832 0.961835 0.099335 0.059365
0.920663 0.169764 0.085490 0.049169
0.593466 0.341028 0.093403 0.055095
0.920393 0.550148 0.078697 0.051276
0.377594 0.434845 0.083745 0.058873
0.924162 0.840709 0.077209 0.050454
0.594614 0.399116 0.079240 0.056391
0.270874 0.552064 0.088711 0.054634
0.266884 0.392071 0.076341 0.050144
0.715204 0.107076 0.086397 0.050420
0.377137 0.378947 0.075490 0.048945
0.916449 0.268055 0.073958 0.053219
0.168793 0.458613 0.073101 0.040549
0.491322 0.118015 0.102230 0.056634
0.381115 0.712387 0.078042 0.053398
0.387230 0.967685 0.087353 0.047340
0.377495 0.543072 0.080567 0.050490
0.484664 0.606418 0.077451 0.049788
0.706848 0.626883 0.089382 0.055665
0.490719 0.387843 0.075762 0.050405
0.063711 0.640386 0.092556 0.058066
0.712332 0.835279 0.082509 0.055823
0.268076 0.446771 0.081166 0.046630
0.816413 0.885452 0.094565 0.051909
0.707580 0.725664 0.083277 0.047450
0.488964 0.921834 0.089762 0.044802
0.063111 0.293046 0.087788 0.056725
0.165197 0.355208 0.075820 0.050280
0.816469 0.781364 0.098808 0.051605
0.494104 0.967895 0.090042 0.046371
0.928610 0.489298 0.084101 0.062156
0.705679 0.396407 0.082079 0.050901
0.387680 0.765100 0.065953 0.044624
0.606534 0.833020 0.094475 0.054465
0.063633 0.113034 0.083810 0.059155
0.820599 0.667511 0.080237 0.048791
0.065282 0.052885 0.087400 0.057882
0.593963 0.222152 0.070678 0.058228
0.075181 0.858728 0.081107 0.046729
0.708723 0.517366 0.078503 0.050201
0.930954 0.785324 0.077293 0.051737
0.485573 0.498642 0.079721 0.050174
0.487647 0.058787 0.084700 0.057579
0.705714 0.457088 0.082055 0.061485
0.170694 0.058517 0.081364 0.057718
0.929230 0.729134 0.069461 0.054054
0.592961 0.560111 0.083767 0.050880
0.483210 0.218245 0.086746 0.051183
0.705580 0.054691 0.076272 0.051836
0.061669 0.542244 0.076510 0.046767
0.592982 0.282983 0.071017 0.056105
0.062429 0.170958 0.091505 0.051858
0.596610 0.107884 0.070853 0.053799
0.596993 0.453554 0.075982 0.047609
0.281693 0.904905 0.070806 0.049294
0.064802 0.698956 0.085075 0.055124
0.171657 0.670639 0.079201 0.053073
0.374164 0.215551 0.090760 0.059340
0.172124 0.564314 0.078680 0.050989
0.381690 0.872468 0.065727 0.048109
0.924671 0.219476 0.080732 0.041116
0.813517 0.551365 0.070743 0.050843
0.166072 0.158531 0.077550 0.048845
0.700397 0.337983 0.092201 0.058676
0.175869 0.508264 0.071072 0.052872
0.707817 0.167535 0.072741 0.053131
0.491626 0.720658 0.077489 0.057866
0.387152 0.056310 0.072736 0.049747
0.598757 0.778177 0.077190 0.048785
0.275642 0.669674 0.072739 0.053137
0.815332 0.726036 0.079261 0.059077
0.271071 0.269612 0.069101 0.053794
0.055800 0.402761 0.095650 0.043865
0.172529 0.207391 0.077062 0.046755
0.706844 0.570286 0.067454 0.053259
0.817259 0.439656 0.078808 0.052355
0.821209 0.111084 0.064646 0.050559
0.175913 0.892761 0.095054 0.048578
0.173342 0.837661 0.071532 0.055937
0.275694 0.612547 0.078916 0.058935
0.810850 0.331640 0.076173 0.060731
0.597157 0.613450 0.077176 0.054000
0.485033 0.331687 0.072444 0.051874
0.602731 0.936986 0.091282 0.039997
0.487678 0.660922 0.071658 0.054964
0.169913 0.726174 0.075931 0.051657
0.707599 0.220820 0.074167 0.048789
0.066156 0.491457 0.062028 0.043029
0.064394 0.447822 0.067048 0.040189
0.818573 0.834755 0.069243 0.045182
0.380944 0.657075 0.073347 0.053905
0.713613 0.677577 0.083999 0.044237
0.598311 0.887996 0.065719 0.051602
0.061463 0.230040 0.072726 0.062203
0.275293 0.052573 0.079505 0.041561
0.066823 0.806628 0.066178 0.043738
0.493518 0.770178 0.071107 0.039300
0.174853 0.109891 0.067095 0.038219
0.380854 0.490805 0.070327 0.045975
0.921746 0.323655 0.061965 0.051296
0.276548 0.729179 0.076882 0.057069
0.381456 0.328481 0.063096 0.048490
0.920595 0.377555 0.071583 0.051060
0.818224 0.057091 0.067506 0.049862
0.922708 0.062528 0.071876 0.054276
0.165172 0.303004 0.065721 0.047235
0.816864 0.496441 0.071492 0.043660
0.823861 0.931353 0.070388 0.041043
0.703668 0.272569 0.072767 0.049519
0.168448 0.410083 0.057687 0.049657
0.382417 0.599483 0.085524 0.056645
0.594214 0.159582 0.066498 0.045007
0.177737 0.619911 0.074385 0.046093
0.381209 0.103498 0.059359 0.044712
0.607195 0.973367 0.088029 0.037804
0.270481 0.498434 0.063785 0.042013
0.065624 0.589554 0.061136 0.036827
0.925902 0.668474 0.066058 0.056844
0.928846 0.949256 0.077029 0.056082
0.268750 0.101030 0.078106 0.043694
0.596981 0.054692 0.056419 0.048560
0.270658 0.331691 0.088140 0.060912
0.177439 0.937764 0.073098 0.044988
0.813249 0.223639 0.063247 0.049130
0.814192 0.385871 0.065531 0.044282
0.170145 0.255712 0.056064 0.040572
0.180641 0.976219 0.062307 0.033648
0.810812 0.272959 0.067456 0.046496
0.067090 0.759537 0.054712 0.051088
0.601218 0.726686 0.057903 0.049976
0.492608 0.170635 0.075055 0.036931
0.718244 0.934304 0.077118 0.040427
0.383994 0.274498 0.080090 0.052624
0.715378 0.889694 0.053373 0.046725
0.826223 0.966621 0.090815 0.036941
0.718259 0.968904 0.089816 0.038674
