0.712613 0.230813 0.055736 0.036073
0.620462 0.811778 0.055163 0.037218
0.709655 0.383794 0.068885 0.040116
0.941423 0.817929 0.064704 0.035842
0.085990 0.821699 0.066986 0.031947
0.509488 0.594321 0.057044 0.038728
0.826120 0.272169 0.056421 0.036782
0.607023 0.216566 0.056705 0.036508
0.712081 0.266544 0.059881 0.032096
0.602476 0.071018 0.063169 0.038250
0.397671 0.480811 0.054916 0.038089
0.625517 0.884344 0.064979 0.040071
0.182727 0.166550 0.057729 0.037641
0.832608 0.810004 0.067130 0.034586
0.602037 0.029757 0.062861 0.045663
0.393099 0.364832 0.055780 0.036396
0.183198 0.467786 0.077607 0.038832
0.829512 0.534057 0.063184 0.036669
0.277856 0.286639 0.056865 0.038873
0.396060 0.441888 0.055565 0.036047
0.396184 0.638420 0.074848 0.041932
0.609297 0.373876 0.052892 0.035614
0.283492 0.329771 0.062415 0.041457
0.733203 0.679266 0.066626 0.040096
0.939357 0.748612 0.062765 0.037945
0.836388 0.958314 0.065646 0.037340
0.948778 0.888000 0.055017 0.033230
0.938601 0.297125 0.053672 0.036786
0.829304 0.772162 0.056239 0.036366
0.730594 0.722351 0.057327 0.037380
0.608508 0.179551 0.051795 0.035642
0.500078 0.241769 0.053550 0.037209
0.816919 0.126803 0.061348 0.031695
0.731194 0.601951 0.062935 0.038941
0.088294 0.861058 0.059908 0.036886
0.077849 0.740023 0.057501 0.038180
0.617011 0.734245 0.053300 0.034184
0.620254 0.921330 0.057285 0.034893
0.084611 0.932423 0.065270 0.034109
0.719246 0.342123 0.066881 0.035654
0.389548 0.243421 0.059087 0.032978
0.610850 0.292161 0.052514 0.043387
0.936593 0.509653 0.061538 0.042101
0.824728 0.402507 0.051638 0.034545
0.813254 0.057880 0.060776 0.036182
0.618964 0.846746 0.059250 0.031389
0.396529 0.404372 0.055174 0.038721
0.827176 0.312729 0.052003 0.038843
0.504837 0.396146 0.055130 0.037209
0.839357 0.232898 0.072230 0.038977
0.938683 0.334376 0.047810 0.038011
0.509600 0.554239 0.057918 0.034488
0.732241 0.830985 0.051600 0.029923
0.733139 0.863758 0.051165 0.035587
0.616414 0.773669 0.052133 0.037556
0.936018 0.189522 0.062764 0.033206
0.732845 0.758597 0.050514 0.033157
0.936672 0.109514 0.053139 0.038330
0.282075 0.369617 0.057513 0.034286
0.721348 0.465377 0.055704 0.035697
0.515771 0.857870 0.048823 0.038377
0.499597 0.280245 0.050290 0.038256
0.388470 0.279616 0.055888 0.038543
0.604153 0.109236 0.052461 0.034237
0.489049 0.070958 0.065576 0.045588
0.181934 0.275062 0.055000 0.037542
0.828830 0.844818 0.054312 0.033610
0.175855 0.358156 0.062892 0.042355
0.606033 0.142962 0.053084 0.034418
0.170565 0.033724 0.060576 0.039147
0.949950 0.922558 0.059522 0.028028
0.733590 0.639674 0.050945 0.035902
0.196326 0.935447 0.055788 0.032001
0.936911 0.258177 0.050858 0.037034
0.612321 0.497590 0.050697 0.041012
0.515641 0.816439 0.056690 0.039494
0.937984 0.583719 0.052793 0.039570
0.484145 0.026801 0.069964 0.041911
0.504858 0.515436 0.048778 0.037204
0.512874 0.744130 0.050943 0.039120
0.509259 0.633126 0.052079 0.036844
0.184225 0.427892 0.055603 0.035531
0.297404 0.533041 0.066214 0.040325
0.390867 0.180966 0.060415 0.033571
0.730019 0.538865 0.061136 0.032032
0.609629 0.333719 0.047779 0.038424
0.831310 0.606317 0.059587 0.033573
0.715388 0.303255 0.047734 0.035258
0.498824 0.435461 0.050685 0.037756
0.937130 0.221924 0.053168 0.030724
0.718047 0.425136 0.052035 0.040070
0.940522 0.466681 0.049139 0.036375
0.609457 0.582510 0.063334 0.043334
0.179363 0.316682 0.059706 0.039429
0.079280 0.663683 0.060524 0.038576
0.817091 0.093402 0.052165 0.030864
0.837247 0.884567 0.053768 0.044312
0.288067 0.408838 0.049094 0.039268
0.824010 0.160468 0.055315 0.029982
0.718048 0.097963 0.068284 0.034658
0.179998 0.133494 0.049508 0.027603
0.082230 0.782746 0.049132 0.040299
0.938951 0.668932 0.048080 0.041619
0.948044 0.852410 0.051071 0.032517
0.391651 0.106319 0.052831 0.039908
0.512154 0.702606 0.051720 0.037357
0.832653 0.708204 0.046804 0.031078
0.518076 0.894458 0.049649 0.030845
0.724338 0.501679 0.060869 0.034871
0.614111 0.632706 0.061604 0.048227
0.829516 0.196395 0.061285 0.033929
0.499270 0.319960 0.054802 0.040328
0.499101 0.155664 0.060967 0.040366
0.609158 0.252528 0.047447 0.030883
0.399419 0.680397 0.052189 0.038224
0.081320 0.702195 0.055223 0.031381
0.941208 0.709605 0.048454 0.035030
0.073397 0.145623 0.052071 0.039763
0.076269 0.621352 0.068958 0.038747
0.393355 0.144972 0.054940 0.037058
0.391096 0.211119 0.055693 0.026967
0.825636 0.358087 0.056503 0.050058
0.185885 0.505078 0.054231 0.036150
0.711052 0.023769 0.054050 0.034952
0.186321 0.542436 0.052226 0.035736
0.080730 0.359520 0.048526 0.031953
0.729489 0.902836 0.043849 0.039614
0.195101 0.862181 0.057199 0.041037
0.070784 0.075081 0.060176 0.035497
0.833674 0.643345 0.049188 0.040739
0.938434 0.371148 0.044869 0.036259
0.936572 0.150613 0.057797 0.037680
0.715604 0.059851 0.052781 0.036149
0.075312 0.187111 0.047436 0.042187
0.499840 0.360038 0.043315 0.036232
0.286770 0.451237 0.052674 0.042030
0.522083 0.930162 0.049329 0.035483
0.933503 0.066995 0.049216 0.042574
0.832417 0.499069 0.052275 0.031014
0.279276 0.159832 0.069873 0.049086
0.195703 0.902308 0.054710 0.032522
0.836583 0.922803 0.052655 0.030246
0.179734 0.206123 0.051138 0.036910
0.401357 0.755004 0.051506 0.034387
0.609659 0.539989 0.057737 0.039112
0.934396 0.625291 0.055317 0.036980
0.085518 0.896995 0.045570 0.032256
0.619325 0.957479 0.049504 0.033696
0.399808 0.718837 0.046299 0.035304
0.184266 0.720976 0.049081 0.041408
0.498455 0.113101 0.054612 0.037418
0.831306 0.465414 0.057381 0.036234
0.502511 0.475647 0.053089 0.036616
0.078966 0.534623 0.054073 0.036039
0.733557 0.795054 0.046254 0.036266
0.710347 0.195881 0.048971 0.032367
0.832396 0.739546 0.046289 0.027593
0.931903 0.026629 0.049645 0.038161
0.181647 0.238073 0.046987 0.032583
0.513438 0.781336 0.044388 0.030915
0.831298 0.570377 0.047030 0.036647
0.831633 0.678573 0.046832 0.026096
0.177233 0.098835 0.055534 0.033665
0.388960 0.066336 0.050377 0.037473
0.945492 0.784285 0.048785 0.032060
0.195588 0.966520 0.055128 0.027801
0.731255 0.936039 0.050016 0.023640
0.398447 0.592451 0.047816 0.042539
0.081207 0.296697 0.059556 0.033588
0.279526 0.205539 0.044969 0.039479
0.078637 0.265985 0.055941 0.026484
0.186430 0.679779 0.047774 0.037048
0.078746 0.230199 0.049933 0.037733
0.400680 0.552072 0.044870 0.035262
0.519474 0.962627 0.050304 0.032034
0.951173 0.954640 0.044709 0.032207
0.722264 0.130496 0.062745 0.029221
0.077047 0.401120 0.047752 0.042894
0.079790 0.326454 0.052194 0.024451
0.384166 0.028256 0.054704 0.036806
0.185131 0.579031 0.048641 0.034556
0.610861 0.462573 0.051645 0.024488
0.277739 0.246716 0.043906 0.033628
0.938945 0.431838 0.040752 0.027451
0.077198 0.446868 0.052304 0.045058
0.514122 0.667267 0.052679 0.030133
0.732611 0.567092 0.057113 0.024474
0.399996 0.518435 0.054231 0.028637
0.290125 0.491714 0.048008 0.037759
0.616804 0.700196 0.043926 0.032272
0.728632 0.962769 0.053499 0.031623
0.716183 0.162351 0.044744 0.033102
0.936490 0.549269 0.055591 0.031898
0.071347 0.110689 0.043763 0.028642
0.609445 0.433888 0.050100 0.029001
0.938364 0.405360 0.043805 0.026980
0.182352 0.394476 0.052749 0.029420
0.174555 0.068541 0.046902 0.029012
0.185703 0.645026 0.045110 0.031563
0.828694 0.434051 0.045734 0.023777
0.068449 0.031379 0.056596 0.043597
0.077027 0.577597 0.045084 0.044499
0.384685 0.323859 0.058625 0.041144
0.078010 0.492612 0.052349 0.044175
0.191522 0.761597 0.059746 0.037862
0.194154 0.825266 0.045114 0.032273
0.185545 0.612439 0.041779 0.033458
0.816849 0.021985 0.047709 0.027806
0.084647 0.964008 0.051074 0.027861
0.608554 0.408222 0.043088 0.027118
0.189962 0.797165 0.056819 0.024706
0.615933 0.670278 0.042082 0.029485
0.501274 0.199953 0.046575 0.043558
0.170733 0.006087 0.046886 0.010838
