0.509563 0.315219 0.069456 0.042969
0.831373 0.895087 0.074991 0.040370
0.168184 0.556962 0.079179 0.049405
0.060390 0.568087 0.071844 0.041331
0.728026 0.628295 0.076111 0.045283
0.835901 0.261995 0.082941 0.041701
0.397117 0.252967 0.062313 0.041769
0.731705 0.361112 0.073330 0.038869
0.724479 0.071991 0.064330 0.040253
0.059640 0.396626 0.060985 0.037077
0.172359 0.230650 0.065174 0.046063
0.504686 0.443893 0.077842 0.041571
0.726000 0.236881 0.068932 0.045606
0.060045 0.435003 0.058281 0.035782
0.503777 0.713795 0.071172 0.038443
0.391608 0.689505 0.066861 0.040892
0.513126 0.029544 0.070037 0.049433
0.060723 0.701415 0.069124 0.041521
0.610755 0.733651 0.073091 0.041527
0.724162 0.536294 0.073323 0.041426
0.291193 0.235862 0.060603 0.040521
0.834972 0.605675 0.079874 0.044062
0.826696 0.968115 0.075257 0.038858
0.945356 0.326874 0.060953 0.045515
0.397650 0.295715 0.063505 0.039803
0.945826 0.279821 0.053166 0.040452
0.498850 0.778153 0.075679 0.037035
0.510362 0.129169 0.072505 0.047418
0.837269 0.524485 0.067149 0.036338
0.398535 0.120779 0.082463 0.047647
0.282608 0.359199 0.077938 0.040019
0.393463 0.858579 0.071872 0.042022
0.291388 0.190476 0.068144 0.042242
0.506344 0.268511 0.062229 0.045115
0.396283 0.072111 0.068199 0.045459
0.499965 0.818747 0.068260 0.039223
0.728317 0.163039 0.059970 0.045333
0.948472 0.368050 0.065343 0.035170
0.721163 0.830651 0.080568 0.046613
0.617516 0.345066 0.074162 0.033050
0.513055 0.487725 0.063612 0.040261
0.832315 0.304972 0.063446 0.045393
0.724653 0.114929 0.058630 0.042027
0.388732 0.340556 0.082277 0.044099
0.384169 0.512166 0.077903 0.040594
0.727321 0.676486 0.070275 0.041946
0.725294 0.728158 0.066489 0.051058
0.511063 0.532023 0.075718 0.044642
0.399269 0.168620 0.061574 0.042181
0.398929 0.430238 0.079655 0.041424
0.505298 0.673641 0.058245 0.037506
0.387185 0.810612 0.073599 0.051354
0.832626 0.816043 0.059256 0.040120
0.400369 0.387249 0.075079 0.043353
0.829424 0.770618 0.062065 0.047689
0.937190 0.072834 0.066172 0.040411
0.615369 0.302448 0.062490 0.049630
0.506348 0.581131 0.075277 0.047297
0.620676 0.414748 0.073704 0.045526
0.612374 0.816133 0.082348 0.041756
0.732478 0.581863 0.088019 0.043480
0.173940 0.068216 0.069127 0.039493
0.831825 0.723679 0.057418 0.041634
0.055227 0.615365 0.061514 0.048058
0.723958 0.880490 0.068600 0.045746
0.280475 0.321017 0.060820 0.033940
0.614294 0.895682 0.078461 0.042430
0.625799 0.069415 0.084751 0.039247
0.948963 0.451299 0.084276 0.043026
0.935596 0.832007 0.079731 0.042739
0.507596 0.394052 0.069871 0.043484
0.940963 0.910731 0.067473 0.034826
0.390650 0.767279 0.071393 0.036936
0.394280 0.641217 0.070251 0.045776
0.504297 0.628920 0.053570 0.040217
0.832126 0.029254 0.065410 0.042056
0.835430 0.166194 0.076745 0.044308
0.501132 0.858175 0.058180 0.037170
0.616832 0.257840 0.071265 0.036469
0.287774 0.078920 0.069361 0.038423
0.725829 0.929418 0.082099 0.044172
0.498929 0.966205 0.064145 0.045935
0.831065 0.216792 0.061476 0.047029
0.830714 0.486854 0.082924 0.036413
0.942499 0.239456 0.052802 0.037476
0.942790 0.534472 0.059207 0.042161
0.059789 0.358503 0.049145 0.035958
0.939447 0.789695 0.064375 0.032115
0.728150 0.028965 0.067830 0.043942
0.513729 0.181026 0.064613 0.052254
0.719651 0.971768 0.064822 0.036801
0.620761 0.487827 0.065054 0.046470
0.835020 0.647501 0.060685 0.034903
0.824165 0.930890 0.066565 0.031008
0.936788 0.676367 0.054766 0.042393
0.832312 0.855333 0.054004 0.035160
0.514734 0.078507 0.062675 0.044363
0.834066 0.417667 0.087276 0.038135
0.514347 0.227064 0.068268 0.032051
0.278890 0.404889 0.058250 0.045576
0.734208 0.400694 0.076049 0.037422
0.832788 0.562522 0.062299 0.036883
0.830816 0.074367 0.056930 0.041558
0.391230 0.471270 0.077819 0.041826
0.948140 0.407225 0.058243 0.038938
0.168462 0.511140 0.065358 0.038419
0.056213 0.319132 0.063703 0.036896
0.619459 0.214107 0.069036 0.044958
0.936263 0.754320 0.060155 0.033143
0.939385 0.717295 0.054706 0.037521
0.834054 0.120741 0.075490 0.044967
0.165539 0.473287 0.058747 0.036948
0.936440 0.874315 0.070465 0.034301
0.722417 0.782306 0.058692 0.043758
0.168150 0.313076 0.064554 0.038169
0.607602 0.944678 0.070764 0.045131
0.623902 0.106269 0.059755 0.034012
0.940138 0.158841 0.063237 0.045620
0.616990 0.028352 0.065903 0.039561
0.939342 0.493819 0.087987 0.040368
0.727145 0.450558 0.069537 0.048144
0.939284 0.627158 0.055607 0.049096
0.389182 0.729770 0.048867 0.035850
0.945063 0.577808 0.062882 0.040664
0.389693 0.555808 0.059488 0.044035
0.729734 0.281042 0.057403 0.044904
0.402398 0.210447 0.062436 0.037396
0.618696 0.774382 0.079923 0.036294
0.060903 0.842061 0.076690 0.038607
0.943810 0.199888 0.063402 0.036735
0.389660 0.597094 0.055837 0.038642
0.830762 0.684711 0.060577 0.030310
0.162360 0.695881 0.078305 0.049151
0.171499 0.186285 0.068510 0.034410
0.937737 0.957148 0.071332 0.050910
0.168521 0.386081 0.066204 0.044390
0.606629 0.856290 0.069945 0.034562
0.058456 0.479899 0.056823 0.044540
0.733555 0.323138 0.066903 0.037449
0.937924 0.115750 0.053730 0.039804
0.284233 0.278797 0.050684 0.042966
0.837512 0.346357 0.054963 0.034327
0.623428 0.142863 0.074412 0.031539
0.621171 0.377968 0.066485 0.027606
0.627217 0.175243 0.068235 0.027899
0.059855 0.077835 0.062503 0.052526
0.058316 0.661597 0.057675 0.036943
0.280543 0.454520 0.065266 0.043668
0.171131 0.275776 0.063555 0.035599
0.064346 0.798319 0.070961 0.039029
0.835962 0.381241 0.057625 0.033162
0.169267 0.609641 0.063387 0.052874
0.621665 0.450376 0.067410 0.030342
0.394115 0.899898 0.063590 0.038723
0.285568 0.149772 0.063573 0.036193
0.060417 0.133270 0.054865 0.044451
0.615662 0.689996 0.064392 0.038232
0.064371 0.935919 0.081712 0.057356
0.722232 0.496075 0.056353 0.039852
0.058881 0.224963 0.056898 0.034550
0.935581 0.028429 0.055932 0.039437
0.291129 0.113317 0.065753 0.031082
0.837114 0.452311 0.061001 0.029057
0.727102 0.200003 0.063276 0.024758
0.060356 0.522774 0.050186 0.039067
0.617383 0.556989 0.078038 0.032901
0.168864 0.150283 0.065103 0.033926
0.167869 0.024478 0.055720 0.038578
0.172653 0.347518 0.060704 0.026173
0.607935 0.647303 0.056092 0.042303
0.392571 0.026953 0.052175 0.041886
0.168491 0.653606 0.055294 0.030196
0.170760 0.109762 0.056542 0.038907
0.613136 0.599505 0.055730 0.048739
0.497100 0.908020 0.071418 0.054984
0.509822 0.353890 0.054804 0.026399
0.169229 0.432281 0.044922 0.038263
0.060991 0.180640 0.054505 0.046310
0.503321 0.746361 0.061840 0.025145
0.158366 0.738530 0.067738 0.028414
0.164620 0.775407 0.053505 0.039278
0.057037 0.883518 0.062835 0.036345
0.283172 0.031940 0.051777 0.046317
0.052970 0.027858 0.059606 0.039435
0.623536 0.980398 0.089805 0.024797
0.059863 0.739001 0.060785 0.027637
0.060783 0.270436 0.052464 0.046868
0.408254 0.964859 0.093103 0.046693
0.622008 0.528786 0.070927 0.028847
0.396617 0.937246 0.078556 0.032363
0.063473 0.767656 0.064778 0.026164
