0.171766 0.423361 0.068263 0.032533
0.280194 0.161030 0.059591 0.030448
0.490387 0.184735 0.078835 0.036538
0.394187 0.870743 0.061820 0.036311
0.934440 0.328060 0.059267 0.045194
0.709928 0.486718 0.055507 0.034448
0.056695 0.290980 0.072432 0.035745
0.166286 0.184214 0.072092 0.035763
0.059548 0.397540 0.069082 0.031350
0.278190 0.534085 0.059082 0.036599
0.486559 0.300780 0.060685 0.031984
0.392818 0.298571 0.075361 0.037419
0.056985 0.246665 0.074144 0.044188
0.392997 0.335697 0.070404 0.037192
0.280197 0.193875 0.065986 0.028050
0.391347 0.222186 0.059189 0.039037
0.160928 0.622157 0.071257 0.038439
0.395429 0.908322 0.066820 0.039062
0.711586 0.450808 0.064129 0.036418
0.280651 0.298507 0.058558 0.035837
0.494676 0.637924 0.064051 0.033710
0.393232 0.692440 0.067816 0.035891
0.060957 0.543585 0.067875 0.038483
0.933012 0.285011 0.060292 0.034941
0.275235 0.840814 0.073450 0.046858
0.275718 0.671059 0.074108 0.042180
0.051710 0.861204 0.080095 0.042823
0.495342 0.261252 0.062896 0.039593
0.821919 0.180268 0.070132 0.037554
0.277655 0.407850 0.059370 0.038607
0.606436 0.249392 0.063434 0.029773
0.390465 0.371230 0.072917 0.033436
0.164548 0.708096 0.073172 0.043646
0.822043 0.258719 0.059760 0.037513
0.390927 0.795213 0.060137 0.037873
0.386932 0.657787 0.071251 0.031648
0.389917 0.756524 0.080256 0.038266
0.715203 0.264755 0.059106 0.037513
0.932529 0.499758 0.061093 0.037778
0.374751 0.073160 0.061865 0.030246
0.600173 0.423778 0.061931 0.040483
0.174433 0.144394 0.073128 0.041162
0.172734 0.100795 0.067063 0.041017
0.282555 0.228660 0.073489 0.036388
0.170819 0.462435 0.074857 0.041984
0.385370 0.259770 0.060668 0.033292
0.390334 0.623384 0.058269 0.034314
0.496441 0.601603 0.062275 0.035773
0.275206 0.446177 0.056128 0.036783
0.930188 0.808723 0.062437 0.034557
0.063714 0.329937 0.071438 0.036257
0.051629 0.166208 0.065865 0.036177
0.820249 0.299693 0.065084 0.037807
0.057953 0.126261 0.071522 0.041876
0.497683 0.566459 0.072724 0.036684
0.277005 0.713262 0.074164 0.041401
0.170092 0.504248 0.073552 0.042036
0.489406 0.808931 0.074296 0.036381
0.712331 0.336505 0.055986 0.042401
0.161116 0.822854 0.063710 0.035172
0.707219 0.156170 0.079020 0.034954
0.389366 0.182197 0.062757 0.038553
0.496683 0.877385 0.069670 0.032332
0.272514 0.631217 0.062667 0.032737
0.160317 0.216215 0.062592 0.029949
0.279264 0.335840 0.064128 0.043053
0.164385 0.582154 0.060749 0.039918
0.389740 0.466794 0.076445 0.031658
0.491304 0.142072 0.069354 0.041288
0.164793 0.664849 0.070390 0.041016
0.052279 0.204946 0.070624 0.034947
0.927636 0.766246 0.074476 0.036245
0.602284 0.387884 0.077044 0.028846
0.931018 0.645107 0.066575 0.035940
0.166619 0.357744 0.065363 0.031093
0.812218 0.535651 0.061802 0.035746
0.170024 0.030054 0.065655 0.037037
0.165950 0.388704 0.069832 0.027822
0.491250 0.913185 0.073815 0.036226
0.388936 0.832350 0.056066 0.036415
0.493687 0.363255 0.057641 0.028900
0.047425 0.658883 0.069851 0.043163
0.934868 0.146374 0.054949 0.036252
0.271805 0.884118 0.064627 0.042906
0.490240 0.427620 0.080747 0.032760
0.051385 0.503421 0.075690 0.036714
0.489414 0.221275 0.051188 0.034668
0.272723 0.796140 0.070394 0.039529
0.055457 0.466816 0.079842 0.036872
0.271899 0.596835 0.062091 0.031228
0.055939 0.579240 0.078040 0.029971
0.712209 0.376088 0.053106 0.034546
0.707347 0.549087 0.072509 0.033249
0.711618 0.227826 0.059491 0.035862
0.604322 0.356436 0.057814 0.029523
0.491921 0.394634 0.062067 0.030022
0.816976 0.429938 0.069171 0.036972
0.271836 0.052699 0.070600 0.033326
0.392147 0.591162 0.049978 0.028387
0.604604 0.320944 0.073929 0.041092
0.816185 0.393988 0.069931 0.028887
0.058719 0.741361 0.066738 0.042076
0.924477 0.877017 0.056542 0.029069
0.493606 0.103638 0.059684 0.027992
0.282909 0.264009 0.048939 0.030189
0.924479 0.912201 0.050938 0.036153
0.159981 0.783262 0.057325 0.040510
0.384057 0.141564 0.062102 0.041820
0.815642 0.097276 0.060431 0.030215
0.059347 0.819833 0.071128 0.037435
0.154705 0.959230 0.064980 0.037181
0.932243 0.463762 0.057864 0.026556
0.496212 0.072223 0.057533 0.030573
0.929062 0.603575 0.051061 0.040355
0.165264 0.542783 0.053352 0.036474
0.278712 0.088200 0.075998 0.035371
0.819570 0.137872 0.061047 0.042766
0.937341 0.409706 0.053883 0.026928
0.272720 0.755783 0.060929 0.040372
0.056741 0.901969 0.081993 0.035722
0.607615 0.282331 0.071309 0.029672
0.600635 0.174221 0.085430 0.037906
0.494934 0.843191 0.059686 0.031991
0.494560 0.035119 0.069361 0.042487
0.055469 0.365574 0.050655 0.030399
0.932964 0.250382 0.058527 0.029928
0.809853 0.031450 0.061563 0.035271
0.933813 0.182569 0.054086 0.031119
0.928378 0.373544 0.073546 0.039620
0.389279 0.527858 0.052371 0.041922
0.278359 0.372780 0.048497 0.026072
0.383184 0.034474 0.072106 0.043808
0.498306 0.713119 0.074124 0.040668
0.390426 0.952413 0.090006 0.046817
0.930644 0.535764 0.049214 0.031009
0.054356 0.781695 0.082737 0.036512
0.060920 0.088642 0.079827 0.028627
0.164612 0.254891 0.070619 0.042998
0.606400 0.215027 0.059522 0.038491
0.164960 0.297636 0.067204 0.036472
0.605073 0.109856 0.069426 0.037374
0.710123 0.192128 0.068075 0.030050
0.051122 0.616787 0.066543 0.039925
0.602519 0.507936 0.063848 0.040261
0.492403 0.333131 0.042951 0.029026
0.914716 0.949126 0.052728 0.033646
0.813219 0.066181 0.054180 0.028174
0.708699 0.412476 0.059747 0.032942
0.494962 0.748138 0.072142 0.030126
0.171789 0.063979 0.066555 0.027322
0.602945 0.466770 0.054571 0.040169
0.382799 0.722548 0.067541 0.026434
0.717348 0.582761 0.055696 0.033696
0.493677 0.529524 0.062617 0.033480
0.064838 0.969900 0.095229 0.042793
0.819707 0.337657 0.053375 0.037309
0.715161 0.298661 0.060979 0.026161
0.051720 0.702161 0.067005 0.037441
0.924937 0.844934 0.062278 0.032556
0.927748 0.077904 0.048339 0.035451
0.382332 0.105889 0.074872 0.030838
0.061457 0.430330 0.080031 0.033362
0.823613 0.219597 0.049244 0.038176
0.059642 0.059431 0.073501 0.027801
0.928491 0.727031 0.047103 0.031743
0.707008 0.122555 0.061254 0.029299
0.496356 0.954179 0.087824 0.046765
0.935336 0.567393 0.054352 0.026938
0.056915 0.027002 0.054350 0.033069
0.709282 0.094526 0.056978 0.026764
0.496226 0.466598 0.080166 0.039794
0.930923 0.036627 0.055456 0.038240
0.715868 0.516935 0.056225 0.023961
0.157247 0.918878 0.057675 0.041257
0.816589 0.576184 0.075789 0.041032
0.162711 0.748276 0.062595 0.034220
0.281579 0.565754 0.062523 0.023843
0.820107 0.463958 0.050563 0.026196
0.493155 0.497517 0.075265 0.025936
0.391159 0.563314 0.040150 0.026291
0.929843 0.110791 0.064731 0.026049
0.821649 0.367354 0.051496 0.021502
0.716763 0.625266 0.060550 0.044548
0.163328 0.327170 0.050869 0.028477
0.929988 0.221659 0.044115 0.027230
0.390264 0.496425 0.064703 0.023949
0.937054 0.436551 0.053161 0.022504
0.929017 0.687720 0.048137 0.040581
0.704417 0.063746 0.042773 0.028535
0.603947 0.140381 0.066128 0.022751
0.704811 0.030914 0.043808 0.031894
0.164216 0.857969 0.062332 0.031828
0.061656 0.935173 0.068739 0.023443
0.818147 0.499645 0.053063 0.036383
0.388482 0.408021 0.075185 0.037069
0.162998 0.886059 0.056316 0.029531
0.278467 0.022076 0.062982 0.025225
0.386833 0.435086 0.064302 0.028037
0.275234 0.927655 0.072978 0.040748
0.498320 0.674729 0.074624 0.033598
0.495318 0.775357 0.057103 0.026878
0.277211 0.963164 0.060359 0.039823
0.276878 0.491380 0.062245 0.049468
0.276837 0.125669 0.058805 0.041897
0.651648 0.215184 0.048708 0.032244
