0.821961 0.389525 0.062553 0.043454
0.818448 0.620393 0.062740 0.038116
0.373793 0.815890 0.071114 0.039212
0.929711 0.165312 0.061136 0.038915
0.376089 0.517659 0.062462 0.038203
0.711288 0.232407 0.064107 0.042162
0.594726 0.831737 0.058662 0.043112
0.712998 0.314982 0.055241 0.040707
0.712971 0.838692 0.066176 0.038541
0.931826 0.595592 0.054831 0.040356
0.806295 0.893678 0.065978 0.040971
0.819360 0.272184 0.067832 0.039078
0.930473 0.789466 0.054938 0.036888
0.598084 0.787190 0.054640 0.041582
0.811419 0.703072 0.064830 0.037522
0.928580 0.473056 0.058482 0.043664
0.806623 0.932001 0.073909 0.034509
0.598638 0.913856 0.056495 0.036503
0.825774 0.433749 0.057467 0.037582
0.378984 0.889252 0.060353 0.042202
0.599742 0.875648 0.056094 0.037470
0.595424 0.698123 0.055227 0.043748
0.262670 0.784798 0.057932 0.039847
0.811353 0.851244 0.055290 0.042156
0.926170 0.634442 0.056618 0.036600
0.271443 0.396628 0.059965 0.033722
0.820888 0.313683 0.075158 0.038062
0.483043 0.872590 0.051507 0.034962
0.493181 0.321863 0.059272 0.038146
0.264175 0.744320 0.054534 0.036742
0.384022 0.777717 0.060901 0.035159
0.274974 0.283517 0.051028 0.040843
0.598119 0.744461 0.056318 0.044516
0.925479 0.672158 0.067043 0.036631
0.601537 0.579412 0.063335 0.039860
0.824487 0.228235 0.056241 0.042197
0.379075 0.927198 0.057912 0.033710
0.600556 0.420156 0.058959 0.041232
0.927377 0.828603 0.048937 0.038021
0.706662 0.634211 0.051409 0.037912
0.923832 0.904873 0.043673 0.037509
0.926289 0.866122 0.054260 0.036285
0.488108 0.570620 0.063229 0.043121
0.713669 0.187375 0.050392 0.039234
0.377835 0.966228 0.054481 0.038191
0.822747 0.579347 0.053399 0.043762
0.815919 0.663349 0.080283 0.042085
0.808211 0.811496 0.052839 0.037621
0.256654 0.856103 0.067146 0.039759
0.274253 0.510589 0.064829 0.037387
0.930510 0.091438 0.061206 0.031172
0.822553 0.536870 0.054587 0.040098
0.384526 0.372578 0.051368 0.036587
0.709781 0.875960 0.064144 0.035496
0.710758 0.505065 0.065812 0.036490
0.705227 0.711827 0.061354 0.038572
0.714673 0.274060 0.052178 0.037480
0.606146 0.248464 0.054308 0.046074
0.487633 0.246028 0.058080 0.039780
0.709501 0.592512 0.061527 0.042050
0.709519 0.752006 0.052414 0.038268
0.608626 0.346192 0.053028 0.042903
0.383331 0.410898 0.051149 0.035623
0.273346 0.585505 0.067370 0.036501
0.493063 0.642448 0.051754 0.038984
0.160564 0.403585 0.063262 0.043872
0.165730 0.311387 0.071737 0.044892
0.488658 0.685557 0.052100 0.042629
0.263825 0.896669 0.056730 0.036595
0.715271 0.546671 0.053197 0.041681
0.382099 0.851547 0.061408 0.030938
0.157977 0.360207 0.057498 0.044085
0.928278 0.710206 0.049761 0.038823
0.483839 0.772455 0.050525 0.039290
0.704296 0.673261 0.056738 0.038111
0.273446 0.363407 0.050865 0.033767
0.812514 0.773228 0.054320 0.033882
0.600922 0.495788 0.055520 0.037792
0.603041 0.537314 0.052347 0.041342
0.491194 0.201885 0.070583 0.046585
0.715806 0.146256 0.053593 0.042285
0.723882 0.029357 0.061849 0.039601
0.605844 0.459404 0.046922 0.035335
0.171626 0.178421 0.066134 0.039786
0.829162 0.064714 0.055723 0.036954
0.274852 0.547094 0.057293 0.037014
0.715194 0.393253 0.050914 0.040269
0.380463 0.741681 0.051380 0.037523
0.272924 0.434404 0.052701 0.037908
0.494681 0.362102 0.051286 0.039662
0.283993 0.060778 0.055239 0.039353
0.063624 0.226253 0.062140 0.042095
0.931494 0.285573 0.056736 0.039312
0.927400 0.432310 0.049460 0.038384
0.711312 0.795515 0.055832 0.042923
0.484387 0.731081 0.046789 0.039640
0.925033 0.396072 0.045087 0.034847
0.922390 0.960767 0.050901 0.030594
0.929223 0.125159 0.054103 0.037236
0.478395 0.838823 0.054980 0.029985
0.821113 0.348737 0.051201 0.034807
0.597452 0.945355 0.051666 0.030316
0.276467 0.471402 0.063114 0.040260
0.828668 0.180384 0.060391 0.048655
0.382205 0.479072 0.054755 0.036810
0.813474 0.739882 0.052983 0.033104
0.607413 0.295942 0.058167 0.046566
0.827191 0.501723 0.069770 0.030485
0.608590 0.084984 0.073129 0.039768
0.263834 0.656577 0.069429 0.043865
0.825480 0.470550 0.060365 0.034179
0.060754 0.183673 0.052719 0.036114
0.387844 0.307334 0.055861 0.033723
0.375506 0.671089 0.065220 0.040806
0.271340 0.325372 0.046216 0.038411
0.269742 0.701891 0.050335 0.044237
0.932284 0.323483 0.049148 0.039322
0.161393 0.221889 0.072797 0.040956
0.827594 0.101594 0.053042 0.033245
0.825756 0.137279 0.047500 0.034630
0.384405 0.211664 0.051840 0.037205
0.374855 0.599163 0.068451 0.038373
0.932151 0.553373 0.041880 0.039297
0.613344 0.204841 0.051675 0.039015
0.602806 0.384085 0.050780 0.028357
0.169050 0.028532 0.050076 0.037101
0.370064 0.558870 0.060729 0.042557
0.169350 0.102173 0.060846 0.032714
0.389616 0.244838 0.049707 0.032744
0.602827 0.974212 0.058378 0.028030
0.274486 0.242713 0.055610 0.034801
0.713233 0.433530 0.047657 0.036258
0.926222 0.208220 0.044487 0.040602
0.475438 0.966618 0.045931 0.029875
0.383824 0.339540 0.062403 0.026020
0.493958 0.157564 0.054466 0.043602
0.925024 0.249294 0.052665 0.036453
0.159968 0.264704 0.063586 0.046835
0.492024 0.283441 0.050422 0.035775
0.813938 0.965352 0.067613 0.032258
0.498378 0.485155 0.051950 0.038785
0.385968 0.442768 0.046322 0.031551
0.498257 0.447441 0.049539 0.038335
0.711254 0.944611 0.067486 0.037665
0.497832 0.403708 0.045690 0.042956
0.264751 0.822757 0.052606 0.027542
0.925989 0.749748 0.051732 0.038617
0.481810 0.808192 0.043786 0.027844
0.495334 0.526950 0.046742 0.041962
0.063144 0.304068 0.046603 0.041101
0.065574 0.265740 0.052133 0.034255
0.598374 0.657785 0.057824 0.037187
0.506828 0.070295 0.055144 0.042376
0.615607 0.125890 0.056209 0.043416
0.169095 0.138799 0.045474 0.036372
0.478784 0.905500 0.041081 0.030558
0.059033 0.483311 0.049747 0.036793
0.059454 0.662477 0.051160 0.044109
0.721819 0.104669 0.045593 0.034354
0.600387 0.620905 0.049967 0.036861
0.928969 0.360677 0.042558 0.033457
0.059592 0.524526 0.056172 0.044659
0.499822 0.110840 0.060378 0.039387
0.935244 0.029748 0.049707 0.040801
0.283850 0.023320 0.061829 0.034716
0.277143 0.205213 0.046483 0.031257
0.161011 0.486202 0.050089 0.040725
0.724182 0.068983 0.048763 0.037804
0.827964 0.027461 0.046786 0.034461
0.476370 0.937327 0.038572 0.030546
0.386540 0.029491 0.061059 0.045048
0.282500 0.100885 0.050198 0.038545
0.166347 0.066568 0.059382 0.036632
0.933463 0.513614 0.046070 0.036514
0.053373 0.616431 0.056801 0.041164
0.491881 0.607950 0.051588 0.028450
0.054020 0.572828 0.047336 0.042769
0.379766 0.635178 0.060984 0.033890
0.612923 0.164353 0.054728 0.036565
0.389686 0.139584 0.055251 0.041783
0.711871 0.909381 0.046175 0.030009
0.717579 0.355371 0.046494 0.034211
0.159147 0.447342 0.048670 0.038125
0.388928 0.176030 0.042843 0.032047
0.277111 0.169067 0.044392 0.042004
0.153745 0.530969 0.051010 0.044973
0.612120 0.039973 0.056969 0.051790
0.506248 0.026784 0.062831 0.040668
0.711566 0.974282 0.065025 0.025323
0.387060 0.706513 0.061889 0.027456
0.058423 0.383001 0.047509 0.049248
0.153492 0.610472 0.052072 0.037163
0.263940 0.964209 0.049613 0.035061
0.387677 0.275377 0.046864 0.028384
0.060627 0.341467 0.042562 0.031232
0.150379 0.572799 0.057236 0.038748
0.392036 0.097626 0.050891 0.034462
0.716628 0.468599 0.053392 0.033318
0.060232 0.145846 0.041430 0.037429
0.924171 0.934078 0.038458 0.021617
0.265770 0.930823 0.039573 0.031627
0.271602 0.621030 0.045074 0.028802
0.058591 0.434518 0.044583 0.050702
0.282959 0.134031 0.043378 0.026181
0.391885 0.067877 0.055302 0.028565
0.062052 0.111478 0.040420 0.033372
0.064866 0.074418 0.042735 0.032624
0.065420 0.034606 0.042901 0.035660
0.936005 0.063747 0.040699 0.020092
0.437200 0.320656 0.021938 0.017635
