0.505929 0.677798 0.067754 0.051201
0.269144 0.167586 0.092760 0.049383
0.164333 0.227962 0.080096 0.051253
0.499745 0.352854 0.080005 0.050035
0.948025 0.881483 0.080955 0.049096
0.723604 0.596668 0.083518 0.054119
0.493668 0.242239 0.088620 0.055583
0.929490 0.218190 0.079449 0.061377
0.386359 0.224478 0.075558 0.050273
0.173330 0.596290 0.084568 0.055388
0.061788 0.769748 0.088332 0.056980
0.271678 0.223632 0.076039 0.052839
0.729349 0.804157 0.079542 0.049632
0.494243 0.298695 0.083098 0.053370
0.820632 0.164499 0.070482 0.053330
0.393544 0.495872 0.079515 0.045836
0.391452 0.445769 0.075312 0.048981
0.612235 0.489856 0.088062 0.047490
0.386790 0.169725 0.071379 0.051105
0.057372 0.456414 0.077169 0.052760
0.060107 0.402401 0.073106 0.046505
0.947372 0.930067 0.082242 0.047674
0.274154 0.277061 0.070004 0.044827
0.393146 0.550017 0.079395 0.053881
0.831610 0.781092 0.074942 0.042541
0.500612 0.404958 0.070811 0.051513
0.938655 0.726373 0.078676 0.042181
0.942613 0.828080 0.074937 0.046251
0.936756 0.426608 0.091423 0.049832
0.934360 0.527246 0.077600 0.049611
0.606821 0.389569 0.079696 0.051016
0.497190 0.188225 0.085426 0.051354
0.831949 0.735091 0.086447 0.045314
0.054221 0.180177 0.086529 0.043999
0.820554 0.220851 0.073856 0.052735
0.726620 0.651751 0.090323 0.052933
0.823261 0.275916 0.071577 0.053952
0.941499 0.775615 0.066742 0.046428
0.842474 0.920730 0.074703 0.045437
0.157438 0.116832 0.079586 0.040102
0.280558 0.434532 0.075418 0.042717
0.169021 0.651680 0.084517 0.046095
0.289885 0.842376 0.081390 0.040750
0.935817 0.676337 0.086728 0.050569
0.387682 0.278169 0.072194 0.047889
0.605732 0.165653 0.072876 0.052627
0.058971 0.352117 0.072221 0.048071
0.506946 0.520717 0.083302 0.050836
0.160059 0.340370 0.079747 0.045241
0.285972 0.740112 0.087463 0.048179
0.937465 0.625356 0.082834 0.049077
0.066102 0.927111 0.073666 0.049138
0.391626 0.604886 0.083814 0.044665
0.052636 0.297952 0.084836 0.053975
0.060168 0.666170 0.090657 0.041035
0.935131 0.056482 0.079471 0.053677
0.175270 0.542147 0.075271 0.050475
0.285911 0.792752 0.075725 0.047119
0.062586 0.822015 0.076508 0.041750
0.270144 0.119351 0.065353 0.040009
0.737513 0.933942 0.080876 0.039856
0.926520 0.112070 0.073881 0.052265
0.403539 0.964101 0.077175 0.048064
0.738974 0.892280 0.082655 0.041960
0.725156 0.544682 0.073526 0.049536
0.733699 0.753139 0.076707 0.050295
0.388462 0.333927 0.071074 0.055770
0.824294 0.109665 0.070973 0.046462
0.931936 0.162132 0.085311 0.042971
0.386305 0.118880 0.078106 0.043654
0.935147 0.373856 0.074434 0.047198
0.723257 0.312541 0.082831 0.050462
0.721890 0.366324 0.064628 0.050296
0.830497 0.477556 0.078056 0.049203
0.287738 0.687231 0.084173 0.047162
0.155149 0.068795 0.072104 0.050074
0.284753 0.586261 0.075245 0.045818
0.508420 0.623890 0.060873 0.048852
0.833763 0.329931 0.080422 0.051813
0.169203 0.444871 0.062556 0.053389
0.176779 0.917803 0.083881 0.048578
0.506118 0.729824 0.063973 0.044789
0.846968 0.965572 0.082382 0.044270
0.059114 0.560397 0.062868 0.047770
0.282702 0.487910 0.084017 0.055700
0.827785 0.530686 0.078098 0.048500
0.617906 0.541416 0.074649 0.048462
0.719729 0.215468 0.060772 0.047970
0.044068 0.128124 0.066664 0.051024
0.841550 0.826973 0.080479 0.037226
0.405495 0.913784 0.084692 0.044022
0.283673 0.637148 0.075959 0.043082
0.167787 0.391529 0.061516 0.046967
0.937254 0.280423 0.082327 0.053837
0.842367 0.872852 0.073914 0.043624
0.064618 0.613646 0.076746 0.053653
0.402608 0.803449 0.062470 0.047786
0.176420 0.752387 0.087341 0.046005
0.728866 0.849562 0.064948 0.036395
0.282550 0.541082 0.069781 0.043046
0.176778 0.966334 0.081453 0.039345
0.169730 0.495100 0.064110 0.043204
0.178189 0.803906 0.085762 0.051552
0.730615 0.703604 0.060647 0.046183
0.400515 0.709057 0.063828 0.050167
0.832507 0.637734 0.078902 0.047477
0.720278 0.118215 0.069238 0.050660
0.607654 0.278362 0.065295 0.054512
0.937950 0.474954 0.080952 0.040301
0.509454 0.783833 0.079387 0.058036
0.059364 0.715678 0.062078 0.045867
0.936348 0.327395 0.076039 0.041178
0.743396 0.971648 0.079576 0.038168
0.397868 0.654110 0.053776 0.047751
0.060351 0.510307 0.060547 0.049863
0.824733 0.427675 0.077091 0.039942
0.607091 0.115542 0.079668 0.041119
0.404344 0.860326 0.067598 0.057015
0.610283 0.333442 0.069549 0.050526
0.166665 0.285684 0.069473 0.052310
0.822208 0.056969 0.075146 0.053755
0.271698 0.069897 0.063481 0.052333
0.392569 0.390716 0.057188 0.053091
0.064793 0.871462 0.060962 0.049608
0.298339 0.933659 0.076017 0.039935
0.613240 0.440846 0.056151 0.048097
0.722280 0.262222 0.074023 0.038854
0.607102 0.222207 0.067437 0.054072
0.500423 0.465129 0.063362 0.057006
0.292320 0.888052 0.054431 0.039878
0.050123 0.237883 0.078355 0.061430
0.603721 0.066093 0.081236 0.060269
0.399376 0.758991 0.056583 0.041272
0.943023 0.971181 0.079700 0.035915
0.834171 0.688168 0.056467 0.047063
0.718584 0.167101 0.065835 0.041761
0.497626 0.574464 0.080995 0.043398
0.498833 0.135609 0.073198 0.047035
0.179202 0.859288 0.088145 0.060030
0.293373 0.970570 0.057556 0.033980
0.379870 0.067897 0.071621 0.055130
0.049766 0.072394 0.054777 0.055570
0.829009 0.380444 0.061298 0.046893
0.830852 0.582602 0.089449 0.052938
0.063265 0.968528 0.070389 0.031447
0.278298 0.391719 0.064641 0.038233
0.280309 0.337343 0.067264 0.066589
0.725597 0.492211 0.070029 0.051961
0.719068 0.059877 0.060450 0.053828
0.159225 0.172056 0.060505 0.052896
0.175746 0.702747 0.063593 0.050445
0.940743 0.576279 0.051606 0.045812
0.724869 0.440858 0.083008 0.054173
0.726512 0.419618 0.081336 0.048771
