0.412399 0.748674 0.062681 0.034134
0.182393 0.821041 0.069162 0.039988
0.410252 0.784156 0.052291 0.034631
0.177245 0.519519 0.062739 0.039553
0.187393 0.215856 0.058239 0.035810
0.411686 0.819149 0.059817 0.032337
0.837366 0.877855 0.055035 0.036638
0.621391 0.199289 0.057600 0.036741
0.506816 0.097263 0.056653 0.031478
0.293269 0.858538 0.054722 0.040357
0.400689 0.281911 0.064638 0.041277
0.291523 0.393913 0.056802 0.035741
0.184359 0.669801 0.065598 0.043808
0.411094 0.708655 0.054435 0.041759
0.184361 0.717357 0.062074 0.045431
0.617363 0.263840 0.054668 0.033739
0.727497 0.593476 0.069673 0.039141
0.628595 0.778877 0.061358 0.033303
0.936407 0.666338 0.055941 0.040589
0.937602 0.198544 0.061050 0.041805
0.940011 0.708678 0.058693 0.040053
0.935095 0.096855 0.053300 0.036121
0.297403 0.668153 0.052909 0.038808
0.940496 0.746763 0.054183 0.035798
0.068002 0.684096 0.057259 0.041183
0.619410 0.496451 0.056607 0.040073
0.618678 0.299641 0.053848 0.036679
0.937719 0.785275 0.061095 0.035398
0.410833 0.852801 0.048963 0.031493
0.622666 0.713961 0.059417 0.034403
0.630052 0.680827 0.059180 0.030102
0.833307 0.394751 0.060602 0.034116
0.276510 0.170693 0.063841 0.033632
0.830025 0.496863 0.058204 0.037473
0.517356 0.709178 0.051166 0.039456
0.836121 0.840708 0.051838 0.034553
0.616502 0.134198 0.054054 0.028163
0.512186 0.204034 0.056389 0.041271
0.621696 0.410490 0.056305 0.042395
0.833399 0.708673 0.056068 0.040620
0.396341 0.148179 0.049133 0.035540
0.515330 0.343671 0.057397 0.038103
0.723702 0.458281 0.066081 0.037501
0.074797 0.753748 0.051770 0.037940
0.720044 0.253601 0.051616 0.035808
0.621564 0.367860 0.054994 0.037147
0.505957 0.131795 0.048696 0.030530
0.182469 0.179076 0.052298 0.033831
0.627410 0.746181 0.052809 0.030089
0.066581 0.599088 0.060931 0.043231
0.729980 0.751949 0.050040 0.039497
0.827421 0.284087 0.064912 0.039245
0.295321 0.704805 0.052724 0.033956
0.296422 0.355306 0.052470 0.036807
0.510449 0.164687 0.050725 0.032755
0.938499 0.061451 0.056041 0.032938
0.831327 0.359479 0.046047 0.031620
0.721028 0.344999 0.058898 0.032764
0.719843 0.122460 0.049827 0.036842
0.942553 0.315928 0.050771 0.040727
0.625051 0.567473 0.052616 0.040413
0.188713 0.784201 0.051768 0.030148
0.181241 0.559944 0.048510 0.033930
0.279167 0.133676 0.051990 0.040047
0.400308 0.181300 0.047869 0.031024
0.616508 0.454594 0.071038 0.039534
0.069251 0.259414 0.058545 0.040376
0.407907 0.358440 0.058959 0.037688
0.717780 0.163631 0.051930 0.038091
0.290021 0.270977 0.052038 0.036272
0.287668 0.312707 0.057600 0.047472
0.722166 0.502383 0.056942 0.049386
0.076890 0.790888 0.054065 0.036700
0.513843 0.516101 0.055889 0.039529
0.631372 0.934768 0.051923 0.035993
0.716756 0.415880 0.073878 0.039541
0.720311 0.378150 0.048592 0.033891
0.725097 0.819967 0.060245 0.031768
0.726235 0.713668 0.060508 0.037497
0.514260 0.554022 0.054837 0.034510
0.838418 0.914263 0.052116 0.035431
0.825508 0.246887 0.055709 0.036930
0.411435 0.616787 0.050905 0.041206
0.180997 0.253313 0.051716 0.037561
0.514844 0.272809 0.054450 0.031511
0.402585 0.321094 0.051775 0.037337
0.502038 0.060426 0.053133 0.037541
0.514347 0.440637 0.049654 0.036462
0.291726 0.814125 0.051604 0.044953
0.941882 0.237658 0.050739 0.035907
0.068270 0.557056 0.059409 0.033126
0.713424 0.022278 0.062827 0.031414
0.941470 0.913562 0.056994 0.031424
0.293598 0.899700 0.053550 0.038161
0.517544 0.640578 0.042687 0.032823
0.409601 0.885916 0.054425 0.033744
0.410790 0.488231 0.063676 0.035280
0.615952 0.103186 0.047711 0.030632
0.615725 0.068072 0.052964 0.035304
0.719287 0.085624 0.043894 0.035826
0.403178 0.212310 0.051874 0.032651
0.941808 0.557299 0.049984 0.033306
0.526047 0.959814 0.049416 0.039070
0.832192 0.779069 0.069293 0.033181
0.403938 0.963721 0.050177 0.031348
0.831374 0.324759 0.049435 0.037167
0.834137 0.430446 0.052370 0.031866
0.516488 0.240824 0.058645 0.025972
0.180144 0.628683 0.059293 0.027428
0.718788 0.313642 0.056090 0.030552
0.624428 0.609607 0.046169 0.041460
0.941906 0.519538 0.052828 0.041439
0.406515 0.663466 0.058518 0.046240
0.524184 0.891243 0.048380 0.037120
0.832596 0.746058 0.053016 0.030282
0.830243 0.674429 0.066203 0.028048
0.938400 0.131608 0.065129 0.032076
0.175407 0.447346 0.066023 0.036787
0.719444 0.550706 0.073683 0.044604
0.618044 0.165144 0.044191 0.031090
0.064181 0.220440 0.060465 0.036496
0.833767 0.463354 0.052264 0.027739
0.524191 0.924341 0.047206 0.032166
0.943221 0.275356 0.052100 0.039715
0.939018 0.473927 0.055743 0.041389
0.297428 0.633950 0.048256 0.026603
0.829958 0.639165 0.043792 0.037533
0.620390 0.532473 0.053399 0.030990
0.075222 0.299752 0.059065 0.041353
0.831580 0.602950 0.050948 0.033436
0.948421 0.883226 0.045068 0.028786
0.077468 0.899134 0.047614 0.039897
0.070708 0.376233 0.063072 0.038787
0.941576 0.162099 0.068555 0.028306
0.514945 0.476670 0.048973 0.037378
0.070904 0.184727 0.065784 0.036224
0.272362 0.063111 0.062786 0.038681
0.946115 0.818323 0.047392 0.033978
0.410177 0.529981 0.051534 0.045514
0.628168 0.649135 0.047858 0.032840
0.077218 0.969813 0.070258 0.034794
0.725843 0.788654 0.047543 0.032897
0.287805 0.237579 0.053169 0.032109
0.828808 0.021895 0.059574 0.031357
0.839077 0.955002 0.052326 0.036633
0.072815 0.937761 0.071198 0.033076
0.937723 0.024339 0.049606 0.034695
0.946125 0.852854 0.043581 0.032969
0.184716 0.905701 0.047640 0.044020
0.831084 0.207572 0.046452 0.036353
0.945591 0.428971 0.052054 0.047768
0.068273 0.640850 0.061832 0.037947
0.627159 0.871679 0.069246 0.034762
0.181082 0.594846 0.045562 0.036014
0.292268 0.432031 0.048837 0.034237
0.408994 0.572781 0.059615 0.043182
0.512440 0.307994 0.049792 0.033016
0.944156 0.354085 0.043000 0.033335
0.516976 0.674140 0.045201 0.032094
0.065130 0.030739 0.062223 0.046627
0.727488 0.933170 0.057899 0.036923
0.284658 0.204661 0.051841 0.034830
0.180157 0.075062 0.051281 0.041034
0.194478 0.861523 0.051465 0.037962
0.180899 0.145320 0.045016 0.033175
0.182599 0.111766 0.052983 0.033558
0.186885 0.328920 0.050839 0.045536
0.294147 0.772288 0.042873 0.030863
0.069358 0.413504 0.049989 0.034091
0.522953 0.751636 0.051955 0.041370
0.180099 0.482371 0.050244 0.031573
0.177639 0.030952 0.061767 0.046031
0.296114 0.738458 0.044923 0.035456
0.608895 0.026921 0.069669 0.044718
0.072965 0.337511 0.057000 0.037133
0.410685 0.448104 0.053986 0.038532
0.724843 0.861801 0.048967 0.044255
0.627642 0.811131 0.051706 0.029408
0.522463 0.790414 0.043364 0.028431
0.940481 0.593631 0.045336 0.032471
0.182365 0.288458 0.049411 0.034495
0.068468 0.518040 0.047638 0.040864
0.734795 0.967380 0.064407 0.034164
0.388899 0.069543 0.048823 0.041826
0.071692 0.149232 0.059877 0.035437
0.392802 0.110236 0.043310 0.035399
0.825700 0.100170 0.046109 0.031401
0.075843 0.718362 0.055008 0.028577
0.627193 0.839984 0.046189 0.029117
0.617768 0.232836 0.044244 0.024917
0.728693 0.673533 0.044800 0.038233
0.182685 0.410184 0.051391 0.033798
0.621831 0.332131 0.052697 0.030221
0.939273 0.628663 0.041106 0.034342
0.295863 0.933897 0.061448 0.030798
0.276244 0.097851 0.050426 0.032989
0.824506 0.130830 0.056355 0.032369
0.843448 0.537628 0.066165 0.043462
0.522647 0.858829 0.041410 0.025114
0.194104 0.755117 0.052796 0.027200
0.401850 0.244004 0.042209 0.031295
0.520932 0.824920 0.050655 0.038579
0.069294 0.481795 0.047195 0.033167
0.079876 0.108518 0.055655 0.039902
0.718021 0.053876 0.046594 0.026873
0.408157 0.403663 0.046442 0.046310
0.072529 0.072999 0.055530 0.037454
0.068325 0.448814 0.043426 0.035158
0.078971 0.862061 0.056259 0.032729
0.515938 0.379755 0.037722 0.032415
0.833125 0.808205 0.048298 0.028101
0.405446 0.924330 0.039602 0.039208
0.292197 0.500711 0.047050 0.046934
0.728033 0.634812 0.048177 0.040048
0.292569 0.596288 0.045145 0.042951
0.947085 0.386037 0.045668 0.031777
0.498855 0.022984 0.043924 0.031160
0.721878 0.286325 0.051593 0.024260
0.182291 0.943233 0.072858 0.032065
0.832940 0.573297 0.044925 0.027890
0.728507 0.901281 0.053367 0.031365
0.072254 0.829567 0.064210 0.039231
0.626792 0.902539 0.061007 0.025267
0.629354 0.966386 0.043283 0.026462
0.822906 0.063928 0.043724 0.042392
0.520335 0.608347 0.041052 0.027455
0.517937 0.409157 0.045421 0.022658
0.516083 0.585273 0.044146 0.025578
0.948352 0.948955 0.050507 0.040201
0.173659 0.372819 0.063809 0.040614
0.829649 0.168962 0.046838 0.038410
0.290490 0.966538 0.071191 0.039174
0.715826 0.215567 0.059457 0.038973
0.297014 0.464110 0.043775 0.030487
0.388177 0.026680 0.048342 0.040209
0.186238 0.974115 0.059909 0.034626
0.294505 0.552802 0.046812 0.042553
0.275791 0.025284 0.053584 0.035322
