0.283248 0.278771 0.079492 0.054023
0.598772 0.603199 0.076881 0.051136
0.598016 0.405754 0.078684 0.052811
0.711287 0.542298 0.072338 0.056465
0.482950 0.416437 0.077639 0.053233
0.271364 0.487773 0.091921 0.049439
0.386330 0.891824 0.095067 0.051117
0.274508 0.122001 0.087742 0.049782
0.060134 0.127386 0.075611 0.058474
0.175940 0.252114 0.082023 0.049419
0.712334 0.602941 0.079225 0.058172
0.489691 0.838967 0.074874 0.049052
0.825832 0.829882 0.081208 0.049079
0.596266 0.352003 0.086436 0.047778
0.715823 0.244096 0.072461 0.054803
0.490336 0.303461 0.074178 0.060508
0.823429 0.299958 0.075162 0.048414
0.827622 0.622261 0.077536 0.049774
0.169663 0.518555 0.073281 0.046244
0.827367 0.566417 0.069854 0.051357
0.388633 0.837934 0.072047 0.049146
0.934455 0.172112 0.079020 0.052735
0.173017 0.812873 0.077796 0.048375
0.180628 0.920315 0.089226 0.043091
0.828703 0.777600 0.071804 0.048460
0.710532 0.766345 0.076077 0.044090
0.379211 0.418508 0.085777 0.047433
0.485137 0.698363 0.076211 0.050443
0.181998 0.870336 0.079615 0.055971
0.828650 0.725599 0.082617 0.049258
0.066311 0.734690 0.084686 0.059038
0.713977 0.662241 0.090715 0.051296
0.937413 0.966164 0.085870 0.043859
0.057263 0.369202 0.090219 0.050601
0.276741 0.331538 0.075085 0.049192
0.382438 0.184502 0.073451 0.057014
0.828479 0.882054 0.080195 0.046006
0.061140 0.787128 0.090172 0.047379
0.710039 0.392018 0.067891 0.057748
0.060795 0.892092 0.087835 0.046470
0.591866 0.131278 0.075885 0.051367
0.828186 0.515125 0.070151 0.046113
0.376534 0.519920 0.083371 0.049538
0.487645 0.642457 0.069300 0.050942
0.172360 0.466929 0.070331 0.050453
0.170786 0.572057 0.089164 0.049682
0.182792 0.667576 0.087614 0.045785
0.485498 0.242113 0.075120 0.052879
0.938709 0.920449 0.080859 0.045419
0.061796 0.070339 0.095584 0.055037
0.605250 0.797208 0.083491 0.043807
0.719770 0.901418 0.081768 0.043585
0.919066 0.388859 0.074233 0.046844
0.713745 0.716541 0.067884 0.045728
0.834898 0.966830 0.079409 0.046257
0.274327 0.174853 0.076884 0.046909
0.828256 0.465355 0.069715 0.048232
0.487081 0.473660 0.064375 0.050564
0.497812 0.954712 0.084615 0.052635
0.380806 0.128675 0.069392 0.048175
0.066401 0.839042 0.077326 0.051231
0.591885 0.295556 0.064958 0.055624
0.172273 0.968426 0.101441 0.047924
0.060230 0.628151 0.071131 0.043454
0.384779 0.785492 0.070856 0.050304
0.929706 0.552906 0.067973 0.048327
0.065306 0.421120 0.072477 0.046455
0.713923 0.297039 0.078092 0.039076
0.064109 0.677165 0.091966 0.049788
0.597868 0.703800 0.078937 0.036802
0.711092 0.443933 0.071445 0.041965
0.713380 0.952451 0.090228 0.052169
0.283900 0.225123 0.091492 0.047196
0.485720 0.360633 0.070859 0.050003
0.486881 0.532380 0.066730 0.059997
0.386148 0.730067 0.067553 0.049538
0.600251 0.547600 0.073114 0.051741
0.065941 0.472297 0.099620 0.048873
0.280926 0.434545 0.086717 0.044965
0.172541 0.357225 0.062817 0.044913
0.928836 0.664616 0.064468 0.052808
0.595141 0.495730 0.067800 0.041371
0.387219 0.243158 0.069614 0.053009
0.281694 0.856394 0.066682 0.049735
0.173095 0.410180 0.071053 0.052109
0.482787 0.190409 0.084312 0.045715
0.068270 0.184839 0.071106 0.049947
0.280755 0.908834 0.073485 0.051010
0.179094 0.620772 0.082378 0.039152
0.482481 0.588429 0.070572 0.049724
0.710986 0.490616 0.095157 0.040712
0.379165 0.468176 0.060313 0.047402
0.928276 0.608676 0.063999 0.050398
0.273553 0.384185 0.068975 0.043639
0.492712 0.133057 0.081293 0.062368
0.386394 0.302593 0.072505 0.052276
0.824601 0.255341 0.072755 0.039807
0.066547 0.321435 0.078794 0.039653
0.285394 0.964644 0.073035 0.048372
0.722117 0.856599 0.082985 0.034941
0.595876 0.454080 0.067528 0.037809
0.711724 0.070098 0.080265 0.054929
0.064957 0.579817 0.064296 0.050344
0.927600 0.718447 0.061010 0.054471
0.827125 0.412378 0.068000 0.048389
0.598867 0.183800 0.064567 0.050083
0.277731 0.068448 0.076586 0.046767
0.605147 0.960954 0.088320 0.041490
0.495246 0.789703 0.079897 0.031120
0.924425 0.233454 0.076993 0.056922
0.388757 0.075289 0.073089 0.053757
0.596227 0.075154 0.063034 0.058284
0.936531 0.122904 0.070441 0.038477
0.382798 0.935082 0.086068 0.037279
0.168488 0.195887 0.074889 0.049226
0.065613 0.231785 0.059090 0.038759
0.176906 0.715836 0.072941 0.041250
0.827856 0.209547 0.063624 0.045022
0.496486 0.898756 0.077439 0.056273
0.935765 0.872886 0.077203 0.045495
0.831765 0.923792 0.069548 0.040072
0.718055 0.192003 0.084890 0.039698
0.827357 0.355309 0.063922 0.051878
0.494188 0.072602 0.064950 0.053215
0.173160 0.759546 0.063104 0.047831
0.825713 0.674428 0.058988 0.046612
0.594723 0.656241 0.056292 0.044412
0.596185 0.750733 0.059590 0.041815
0.276536 0.649583 0.061811 0.059586
0.929157 0.822230 0.068929 0.048510
0.067125 0.937008 0.079889 0.040916
0.926373 0.445271 0.071644 0.054144
0.597743 0.239158 0.066487 0.052760
0.279609 0.546662 0.065064 0.056887
0.601777 0.849814 0.078266 0.045559
0.926841 0.501498 0.064013 0.051063
0.490272 0.748770 0.059048 0.045744
0.381877 0.363366 0.067258 0.059277
0.932593 0.769189 0.071965 0.044694
0.381563 0.678469 0.075387 0.052622
0.276780 0.703219 0.060226 0.046401
0.280034 0.761053 0.061039 0.059878
0.175351 0.306446 0.070808 0.051113
0.823103 0.162649 0.058255 0.045775
0.394510 0.970444 0.093961 0.037298
0.382932 0.572578 0.082392 0.047778
0.715955 0.812779 0.057176 0.043011
0.069162 0.525846 0.072043 0.051042
0.711626 0.341179 0.064347 0.036835
0.281485 0.809769 0.068177 0.033495
0.927471 0.341696 0.072981 0.037312
0.826348 0.110930 0.051867 0.042301
0.178084 0.075541 0.064464 0.055188
0.716924 0.130866 0.083449 0.061992
0.598052 0.913233 0.069467 0.050848
0.937190 0.072781 0.058460 0.051887
0.070359 0.275488 0.089732 0.044763
0.384465 0.624791 0.070688 0.049442
0.172474 0.141704 0.068973 0.058099
0.928372 0.291593 0.056500 0.052045
0.827796 0.065899 0.054188 0.041803
0.284518 0.594392 0.069091 0.034544
0.069939 0.965696 0.081370 0.038127
