0.495034 0.639396 0.068689 0.042466
0.390204 0.221085 0.060720 0.040093
0.484359 0.827035 0.072021 0.040685
0.070713 0.671575 0.071654 0.040568
0.494340 0.595530 0.063863 0.038873
0.274485 0.708392 0.071021 0.038693
0.392040 0.726836 0.054284 0.040505
0.177707 0.832376 0.061674 0.034351
0.828156 0.822943 0.060628 0.041890
0.067154 0.556426 0.062986 0.040691
0.275394 0.860033 0.051568 0.034788
0.826225 0.705836 0.059162 0.038204
0.493463 0.265791 0.063849 0.043600
0.597485 0.853033 0.080046 0.049877
0.071841 0.712108 0.064489 0.040739
0.167535 0.871410 0.062054 0.038008
0.390452 0.147445 0.070200 0.041495
0.711177 0.737796 0.067860 0.037937
0.388773 0.765862 0.052696 0.034680
0.490879 0.786692 0.059309 0.039841
0.283530 0.466292 0.055196 0.039125
0.392677 0.027861 0.064995 0.045175
0.076555 0.905907 0.049092 0.037817
0.276192 0.607869 0.052625 0.032593
0.276270 0.897496 0.053361 0.035956
0.386223 0.802836 0.052574 0.034622
0.074748 0.753048 0.068674 0.041005
0.820380 0.667791 0.058888 0.037637
0.384467 0.910619 0.054129 0.036012
0.492344 0.517700 0.059981 0.041096
0.386019 0.870868 0.049835 0.034727
0.394505 0.265187 0.070987 0.044253
0.819724 0.397860 0.056144 0.041137
0.067403 0.230237 0.064744 0.041348
0.706041 0.816762 0.060153 0.042459
0.824544 0.470959 0.059015 0.039036
0.379702 0.541578 0.071324 0.040930
0.393226 0.073756 0.064929 0.041243
0.486050 0.935638 0.049317 0.040302
0.271880 0.933763 0.056629 0.033740
0.389328 0.658838 0.049505 0.030902
0.073820 0.596835 0.054420 0.037957
0.492964 0.557469 0.057485 0.038463
0.825732 0.553872 0.056765 0.046863
0.603100 0.499690 0.054632 0.041159
0.602143 0.420593 0.064373 0.039828
0.603290 0.649972 0.055709 0.039440
0.286031 0.352989 0.054056 0.041019
0.167987 0.584596 0.064665 0.040575
0.069944 0.355144 0.055581 0.042184
0.932769 0.074489 0.049917 0.039557
0.493066 0.224858 0.062191 0.034247
0.821353 0.182814 0.061031 0.043542
0.601231 0.762235 0.065711 0.036762
0.711422 0.302328 0.047297 0.040555
0.076041 0.872309 0.059635 0.030348
0.821395 0.510821 0.053978 0.037443
0.503006 0.033501 0.067476 0.045183
0.486539 0.897581 0.053386 0.036473
0.068485 0.435594 0.055686 0.039074
0.386643 0.584650 0.060379 0.040602
0.387319 0.838049 0.051490 0.027263
0.282343 0.309496 0.055573 0.043793
0.280592 0.502519 0.061257 0.031205
0.175252 0.718337 0.059733 0.042911
0.069055 0.476408 0.054280 0.038550
0.711833 0.341875 0.053708 0.036097
0.597293 0.901110 0.057180 0.043714
0.274598 0.671154 0.050301 0.033667
0.068288 0.189493 0.061262 0.040989
0.281700 0.428813 0.059140 0.031959
0.495495 0.681064 0.050755 0.037305
0.720564 0.066963 0.062781 0.046831
0.932935 0.295812 0.058279 0.043750
0.937272 0.158160 0.055098 0.041851
0.174833 0.764719 0.055404 0.042437
0.598258 0.805035 0.054759 0.045516
0.486598 0.973530 0.064887 0.035684
0.283596 0.227633 0.049618 0.039262
0.716423 0.223441 0.056006 0.040132
0.286201 0.266172 0.056445 0.036177
0.710923 0.698493 0.053461 0.038532
0.715513 0.180746 0.055617 0.039901
0.176537 0.541146 0.056197 0.042247
0.072679 0.968659 0.063036 0.033747
0.701400 0.904717 0.068388 0.041939
0.174226 0.627210 0.062714 0.043727
0.072162 0.830158 0.062298 0.042921
0.824476 0.748295 0.059262 0.044114
0.391916 0.185740 0.057758 0.027716
0.065435 0.398146 0.060378 0.039791
0.075271 0.632796 0.053513 0.035306
0.495603 0.313421 0.057624 0.044412
0.175168 0.673743 0.051479 0.047367
0.274479 0.822471 0.052068 0.035638
0.827399 0.141363 0.054069 0.039519
0.933180 0.033685 0.053673 0.036967
0.388501 0.623303 0.048036 0.034635
0.393671 0.347418 0.053375 0.039226
0.608496 0.338862 0.054049 0.034948
0.928724 0.249372 0.053532 0.041596
0.607424 0.184220 0.061954 0.045670
0.931573 0.204438 0.053301 0.045254
0.076655 0.938920 0.055808 0.025793
0.490130 0.747608 0.057489 0.033957
0.821422 0.596563 0.049297 0.032772
0.722422 0.024287 0.055916 0.036743
0.078949 0.790514 0.082459 0.032605
0.711679 0.592198 0.053481 0.045836
0.070230 0.515391 0.048144 0.037784
0.496362 0.153435 0.046831 0.033308
0.289541 0.109767 0.053459 0.039885
0.497838 0.358208 0.060810 0.041862
0.821356 0.900729 0.067944 0.034378
0.384795 0.943176 0.055336 0.025533
0.393792 0.109109 0.057612 0.032937
0.604408 0.538087 0.055492 0.029671
0.291241 0.067354 0.050968 0.041128
0.821039 0.355148 0.049399 0.041541
0.172287 0.294449 0.048454 0.046335
0.491999 0.475220 0.053986 0.040594
0.282268 0.393078 0.055432 0.030112
0.604924 0.690863 0.067166 0.042655
0.605185 0.458393 0.052691 0.039377
0.392783 0.384885 0.047680 0.035161
0.276312 0.572765 0.046153 0.034198
0.494259 0.079994 0.073033 0.046044
0.069067 0.031931 0.071843 0.046239
0.707723 0.774501 0.062688 0.035322
0.607722 0.141022 0.062666 0.040140
0.709600 0.470872 0.056103 0.036211
0.710764 0.385382 0.067862 0.045209
0.595347 0.941277 0.058857 0.036369
0.817792 0.631157 0.059595 0.034329
0.072094 0.146483 0.049408 0.040594
0.611140 0.261539 0.060431 0.044582
0.172313 0.908303 0.052269 0.035675
0.820525 0.434427 0.049143 0.030726
0.707354 0.862059 0.052330 0.039826
0.603569 0.609943 0.053092 0.041436
0.600697 0.571139 0.048828 0.035190
0.608106 0.378326 0.068119 0.043789
0.708872 0.660024 0.046437 0.032824
0.497836 0.187955 0.051980 0.034335
0.609269 0.303617 0.052377 0.031283
0.172080 0.071725 0.062758 0.042341
0.388525 0.423861 0.061347 0.042026
0.826062 0.098362 0.062694 0.042446
0.176801 0.253783 0.066029 0.029459
0.281409 0.190939 0.052024 0.035338
0.936091 0.114489 0.052138 0.036832
0.822552 0.863958 0.050580 0.038432
0.277969 0.750309 0.071525 0.044039
0.823116 0.276467 0.060656 0.045059
0.710599 0.507603 0.050307 0.040036
0.284879 0.151350 0.050344 0.040848
0.829558 0.059870 0.052833 0.036480
0.390785 0.691327 0.045491 0.029724
0.600063 0.975424 0.052663 0.035107
0.824240 0.230528 0.052808 0.046531
0.495220 0.120695 0.053071 0.035045
0.173654 0.345371 0.050617 0.046524
0.172772 0.186825 0.044662 0.039697
0.707500 0.430600 0.047527 0.040104
0.387583 0.971708 0.044889 0.034544
0.711692 0.263048 0.048134 0.038208
0.174189 0.391809 0.047028 0.042713
0.175444 0.497486 0.048595 0.045537
0.493865 0.436031 0.046657 0.037282
0.816974 0.966725 0.053718 0.038112
0.483363 0.864296 0.059417 0.031155
0.388950 0.460871 0.049463 0.029293
0.607332 0.727073 0.059988 0.028206
0.720328 0.139643 0.049405 0.036436
0.708571 0.550249 0.054777 0.037280
0.276889 0.788997 0.066875 0.033402
0.610454 0.027788 0.047032 0.042616
0.275956 0.639428 0.047728 0.026806
0.817342 0.934933 0.044952 0.028486
0.276779 0.972325 0.058139 0.040640
0.494154 0.716116 0.051607 0.032371
0.277615 0.537202 0.044327 0.034810
0.709501 0.629314 0.046146 0.027649
0.828133 0.786647 0.048614 0.027786
0.821845 0.317416 0.044288 0.035252
0.611963 0.066712 0.053663 0.034226
0.173430 0.457229 0.054433 0.035031
0.493854 0.398653 0.046176 0.037676
0.704086 0.972125 0.046910 0.034118
0.702903 0.941012 0.057308 0.031829
0.163645 0.965904 0.071963 0.040425
0.401596 0.307506 0.063297 0.038022
0.072740 0.319598 0.062950 0.029159
0.068935 0.107007 0.040781 0.033317
0.289873 0.027885 0.055311 0.033579
0.609629 0.220805 0.048820 0.032692
0.614442 0.101368 0.058434 0.037020
0.178440 0.028903 0.044250 0.039529
0.176517 0.223350 0.047087 0.026870
0.072972 0.275709 0.049868 0.044975
0.178586 0.427340 0.052724 0.025252
0.827865 0.023779 0.045060 0.035051
0.172185 0.112784 0.051258 0.039266
0.173886 0.148415 0.045130 0.035161
0.717277 0.104834 0.051222 0.029481
0.175665 0.799154 0.048467 0.028972
0.072778 0.074455 0.053578 0.035322
0.384877 0.499751 0.053543 0.040885
0.169494 0.941054 0.048022 0.024925
