0.620534 0.268239 0.071278 0.039478
0.179585 0.596980 0.062980 0.035213
0.286797 0.594548 0.062365 0.035724
0.175641 0.673622 0.065236 0.037361
0.729198 0.612233 0.056485 0.032656
0.509480 0.462624 0.063301 0.037803
0.622681 0.914357 0.062507 0.032644
0.183134 0.560542 0.063959 0.034785
0.288346 0.108432 0.061938 0.039345
0.939630 0.647581 0.063940 0.039123
0.623409 0.767318 0.064408 0.041178
0.728878 0.649226 0.053188 0.035784
0.942087 0.301611 0.062773 0.039193
0.178488 0.065859 0.068821 0.042072
0.398202 0.512179 0.074253 0.035923
0.072490 0.380510 0.056410 0.034091
0.398515 0.277472 0.066331 0.036214
0.178361 0.523453 0.059691 0.034676
0.061456 0.772718 0.065431 0.035525
0.065602 0.514674 0.060369 0.038182
0.181392 0.825613 0.077572 0.041665
0.063174 0.552573 0.062706 0.037319
0.065925 0.242133 0.055314 0.034922
0.066551 0.479304 0.054694 0.033832
0.395263 0.200377 0.054989 0.037581
0.177932 0.713873 0.058124 0.036259
0.288642 0.553870 0.060786 0.038830
0.289516 0.630791 0.058716 0.030185
0.392788 0.240776 0.060846 0.034538
0.066959 0.632448 0.061533 0.040953
0.392966 0.424884 0.058568 0.037699
0.283893 0.442615 0.051620 0.035808
0.831535 0.472580 0.074843 0.040630
0.180538 0.340253 0.054425 0.039936
0.724836 0.364973 0.057218 0.035659
0.401861 0.695979 0.058689 0.037885
0.181183 0.453937 0.051804 0.038358
0.616627 0.381770 0.058202 0.030170
0.179571 0.633959 0.056511 0.036745
0.621307 0.487804 0.064514 0.032202
0.397096 0.165199 0.059528 0.032428
0.829883 0.822052 0.060672 0.037296
0.943337 0.149138 0.052457 0.036892
0.183095 0.259829 0.053728 0.039157
0.177978 0.751222 0.056045 0.035114
0.067349 0.343929 0.070457 0.036652
0.732272 0.503838 0.058547 0.035237
0.941664 0.601949 0.056246 0.042380
0.067358 0.203407 0.056431 0.037266
0.729132 0.070217 0.060510 0.041099
0.941275 0.112157 0.053939 0.036841
0.615660 0.309216 0.050985 0.037208
0.069068 0.278545 0.052134 0.034756
0.509503 0.294608 0.062807 0.043746
0.397045 0.385191 0.060082 0.035430
0.832234 0.428675 0.060873 0.039206
0.059869 0.847822 0.057955 0.038230
0.182809 0.377860 0.056287 0.032901
0.184347 0.299373 0.050859 0.036091
0.938338 0.342112 0.061588 0.038590
0.178213 0.490195 0.065652 0.030328
0.615354 0.415466 0.051742 0.034136
0.942824 0.418120 0.057316 0.041106
0.513319 0.616186 0.050840 0.037893
0.731377 0.687593 0.055712 0.037742
0.837004 0.783260 0.055063 0.032778
0.178275 0.786814 0.055789 0.035435
0.729390 0.109178 0.054158 0.032452
0.728701 0.435586 0.047281 0.030635
0.065582 0.591613 0.062979 0.038057
0.946672 0.496976 0.057669 0.028686
0.180885 0.110454 0.062311 0.043053
0.727752 0.402550 0.049868 0.032172
0.836174 0.188036 0.057046 0.036966
0.939673 0.190643 0.052534 0.039274
0.288555 0.220257 0.057612 0.033188
0.729370 0.794430 0.051020 0.034075
0.617438 0.347056 0.052684 0.032050
0.946037 0.460331 0.052520 0.039631
0.286833 0.479780 0.051493 0.033525
0.941297 0.688127 0.054468 0.037800
0.291821 0.795619 0.061099 0.033130
0.508563 0.418357 0.056574 0.044209
0.286005 0.401951 0.051864 0.041748
0.073356 0.310762 0.055059 0.030102
0.942711 0.263595 0.052117 0.033089
0.286623 0.148974 0.069420 0.043193
0.940192 0.228370 0.054857 0.034550
0.180403 0.219847 0.054983 0.039132
0.944531 0.072222 0.054544 0.040398
0.613436 0.228227 0.051308 0.034339
0.834719 0.627325 0.058436 0.028683
0.291966 0.514996 0.059036 0.028160
0.400180 0.132433 0.061841 0.032145
0.938421 0.820466 0.063918 0.042162
0.617117 0.452493 0.044391 0.034685
0.069442 0.446709 0.047904 0.028302
0.293230 0.254399 0.056409 0.033263
0.399997 0.586105 0.053023 0.033106
0.515362 0.691362 0.054502 0.037534
0.945643 0.897188 0.049040 0.035399
0.730680 0.828372 0.057341 0.031464
0.726488 0.149015 0.050642 0.041074
0.179894 0.897015 0.067663 0.040970
0.405776 0.885978 0.058834 0.033200
0.835500 0.113027 0.060910 0.034521
0.728263 0.469380 0.052991 0.031421
0.286010 0.666102 0.055117 0.030879
0.612359 0.190834 0.055531 0.037276
0.827017 0.861530 0.061181 0.035891
0.283150 0.870862 0.053544 0.034606
0.406656 0.851596 0.062482 0.031198
0.178050 0.153583 0.053447 0.037585
0.829868 0.896787 0.052640 0.032089
0.289265 0.322339 0.050007 0.037741
0.062249 0.887502 0.060705 0.037381
0.731194 0.542806 0.066728 0.038702
0.729412 0.760139 0.049514 0.032015
0.612233 0.152075 0.056364 0.040631
0.520111 0.732926 0.048890 0.040197
0.946590 0.379131 0.050741 0.032115
0.836264 0.546433 0.051453 0.037756
0.942611 0.932884 0.053108 0.036852
0.730811 0.932690 0.052425 0.034072
0.285823 0.068669 0.056500 0.037414
0.939736 0.030326 0.066157 0.043544
0.287587 0.763563 0.049995 0.031870
0.619662 0.839283 0.049468 0.038479
0.610272 0.060088 0.062412 0.042698
0.070834 0.120701 0.060877 0.045952
0.620240 0.954209 0.056773 0.039207
0.068634 0.414828 0.052526 0.031351
0.408641 0.919596 0.055711 0.034234
0.285763 0.832183 0.049683 0.038066
0.392182 0.345171 0.080968 0.039462
0.507677 0.377489 0.051714 0.033855
0.723171 0.217209 0.059222 0.036159
0.066632 0.922923 0.065183 0.032829
0.515289 0.544782 0.054394 0.033918
0.510423 0.335781 0.051641 0.038762
0.400866 0.737405 0.055968 0.038956
0.068822 0.808548 0.052679 0.032114
0.623753 0.877825 0.047660 0.033314
0.415684 0.958279 0.062423 0.037842
0.835835 0.261504 0.054044 0.027985
0.733940 0.896174 0.057576 0.036537
0.509735 0.504600 0.062584 0.037589
0.069711 0.164212 0.053804 0.040109
0.503552 0.220291 0.047555 0.030885
0.618522 0.523556 0.052124 0.036896
0.398717 0.625084 0.073519 0.040744
0.944086 0.528992 0.046499 0.030855
0.284394 0.029882 0.066149 0.038045
0.726403 0.256500 0.051668 0.037611
0.514465 0.851995 0.048296 0.041997
0.946071 0.562430 0.047300 0.032876
0.399718 0.550489 0.062875 0.035196
0.832772 0.151140 0.052323 0.033748
0.288760 0.702012 0.043824 0.037922
0.063395 0.031872 0.064137 0.040998
0.395977 0.468870 0.061907 0.046572
0.610536 0.105450 0.055271 0.047895
0.618768 0.586941 0.054035 0.031142
0.722774 0.029969 0.064370 0.034710
0.507657 0.114904 0.055922 0.030816
0.727571 0.185647 0.053018 0.026522
0.285912 0.360932 0.051115 0.036528
0.182672 0.415685 0.045565 0.035797
0.519446 0.654845 0.054324 0.035286
0.834783 0.510002 0.052761 0.027286
0.519325 0.808450 0.061410 0.041450
0.068835 0.736829 0.068615 0.029460
0.400460 0.661903 0.055916 0.030769
0.508043 0.075878 0.047767 0.041330
0.834236 0.743141 0.048446 0.042367
0.735675 0.579712 0.048415 0.025503
0.519979 0.771211 0.044463 0.030035
0.398502 0.064169 0.047765 0.039418
0.181861 0.024728 0.050766 0.035443
0.726055 0.327236 0.049744 0.034765
0.065739 0.704879 0.050637 0.031586
0.831397 0.960291 0.055279 0.035198
0.943730 0.784345 0.043933 0.029070
0.941917 0.751537 0.048673 0.037462
0.399403 0.099758 0.046769 0.031544
0.832789 0.661747 0.058839 0.036932
0.829679 0.070770 0.047563 0.045035
0.946886 0.967902 0.060473 0.032815
0.737408 0.964527 0.054711 0.031758
0.393837 0.027703 0.062104 0.031056
0.830019 0.299176 0.061137 0.043172
0.828021 0.339764 0.052610 0.032578
0.733994 0.861723 0.049867 0.034477
0.834656 0.927962 0.043994 0.029751
0.067828 0.673550 0.053111 0.034736
0.615954 0.724568 0.056812 0.038237
0.517146 0.579951 0.043026 0.031999
0.827233 0.027601 0.053337 0.035935
0.724898 0.293872 0.049498 0.034314
0.835783 0.589829 0.051618 0.043383
0.508240 0.254653 0.046565 0.032693
0.285436 0.187207 0.075236 0.028539
0.621659 0.556213 0.049455 0.025225
0.833007 0.701152 0.054911 0.034950
0.291939 0.288703 0.043736 0.029738
0.834275 0.225205 0.054598 0.036218
0.612624 0.024282 0.063025 0.029269
0.286750 0.734133 0.038894 0.026388
0.179526 0.187553 0.052520 0.028968
0.512125 0.893537 0.054067 0.037536
0.731182 0.726006 0.046417 0.036507
0.396904 0.311013 0.048069 0.025491
0.620677 0.688131 0.040881 0.031796
0.506034 0.147439 0.042578 0.025101
0.184406 0.862042 0.055933 0.029151
0.940527 0.722416 0.052915 0.028369
0.285302 0.906673 0.039006 0.035903
0.284630 0.942495 0.051913 0.032142
0.068339 0.074359 0.062342 0.040608
0.183277 0.970674 0.055999 0.038865
0.617904 0.626141 0.046112 0.040628
0.941901 0.860451 0.046444 0.034383
0.503736 0.182270 0.042675 0.038117
0.505819 0.032684 0.056655 0.040197
0.293898 0.972343 0.052333 0.026592
0.621041 0.805114 0.043530 0.028081
0.184213 0.935890 0.047047 0.034567
0.066126 0.960364 0.039178 0.038580
0.617792 0.660079 0.039939 0.024041
0.514252 0.947219 0.045122 0.047678
0.405412 0.776950 0.057018 0.034252
0.835049 0.381449 0.054215 0.050307
0.413247 0.813448 0.084400 0.038993
0.875008 0.307859 0.019692 0.015946
0.436620 0.309750 0.026614 0.019800
0.221400 0.403362 0.021407 0.020821
