0.700958 0.812947 0.079908 0.042003
0.814107 0.203242 0.065822 0.041388
0.071268 0.476932 0.068170 0.050705
0.502274 0.147465 0.069707 0.035561
0.503988 0.310705 0.065604 0.035775
0.893454 0.843828 0.067760 0.042570
0.296150 0.489454 0.067767 0.036898
0.921490 0.260894 0.060189 0.041486
0.709545 0.609605 0.067455 0.040097
0.810440 0.553137 0.057087 0.042958
0.059504 0.923223 0.068203 0.042589
0.891499 0.927382 0.060978 0.039542
0.504000 0.187814 0.074656 0.039039
0.922236 0.176060 0.074375 0.037888
0.893635 0.887335 0.074634 0.039182
0.501806 0.508653 0.065535 0.039669
0.293693 0.527026 0.080669 0.035362
0.810984 0.599550 0.066351 0.039993
0.715796 0.194870 0.058194 0.036579
0.792903 0.898104 0.071318 0.035994
0.296844 0.171734 0.073169 0.042378
0.715319 0.481205 0.063746 0.039139
0.804086 0.722935 0.081159 0.045099
0.503832 0.234817 0.066757 0.044177
0.281308 0.687302 0.070559 0.034739
0.505721 0.384492 0.073615 0.041521
0.071904 0.348880 0.082770 0.045374
0.068373 0.759621 0.078454 0.033776
0.609230 0.086960 0.067679 0.040233
0.166260 0.924819 0.065966 0.052181
0.693209 0.941466 0.066671 0.036725
0.694829 0.902696 0.061587 0.035459
0.076056 0.391442 0.068452 0.039433
0.180160 0.659361 0.059010 0.043315
0.713513 0.316800 0.066994 0.044757
0.704462 0.650180 0.066596 0.033408
0.264518 0.925688 0.074367 0.043857
0.701136 0.688776 0.058460 0.039388
0.296233 0.565107 0.070214 0.035210
0.925737 0.402741 0.060459 0.047641
0.711404 0.529112 0.062240 0.053022
0.813036 0.510852 0.061391 0.033160
0.798881 0.936318 0.077436 0.037187
0.798104 0.858714 0.072896 0.038655
0.811567 0.241151 0.061809 0.031224
0.907992 0.687318 0.066147 0.042926
0.701320 0.729614 0.062808 0.040480
0.924622 0.217475 0.054857 0.040944
0.711620 0.396568 0.066206 0.032094
0.901036 0.733002 0.081705 0.041596
0.274348 0.815544 0.069014 0.041817
0.071155 0.577952 0.076816 0.047534
0.171371 0.794124 0.074673 0.046768
0.294059 0.412775 0.065958 0.038962
0.896095 0.801519 0.064793 0.035822
0.718514 0.156097 0.059851 0.038250
0.188257 0.375022 0.077082 0.046131
0.074034 0.528174 0.059292 0.047652
0.921955 0.311213 0.069687 0.048637
0.398492 0.295150 0.077575 0.039536
0.926925 0.134261 0.084153 0.046133
0.285148 0.645583 0.057862 0.039982
0.716330 0.439399 0.061959 0.045564
0.929764 0.048928 0.073116 0.042974
0.927254 0.534215 0.069120 0.039770
0.183785 0.418451 0.070634 0.034995
0.073383 0.430187 0.064355 0.037500
0.179162 0.609699 0.065997 0.048810
0.891770 0.967806 0.066313 0.040644
0.492776 0.664295 0.077825 0.040895
0.714972 0.269689 0.056091 0.041483
0.904132 0.645687 0.074381 0.037444
0.801519 0.816733 0.059163 0.041114
0.818071 0.160610 0.060800 0.035217
0.188924 0.101079 0.068509 0.036721
0.066507 0.799670 0.078004 0.046099
0.091399 0.119366 0.073104 0.043704
0.809100 0.676585 0.056145 0.043078
0.721343 0.080017 0.079656 0.035284
0.293926 0.451384 0.066863 0.033265
0.062702 0.883518 0.068114 0.035411
0.611180 0.406146 0.066164 0.041776
0.398203 0.463850 0.074437 0.043260
0.191673 0.298717 0.055418 0.039421
0.803535 0.770873 0.063276 0.045610
0.810972 0.637119 0.066816 0.030983
0.404300 0.166173 0.057437 0.037429
0.816547 0.473530 0.059033 0.037850
0.298015 0.371455 0.060457 0.040941
0.298755 0.303556 0.060143 0.038591
0.721376 0.117773 0.059254 0.038497
0.920076 0.358518 0.060472 0.037288
0.928301 0.489960 0.069868 0.048395
0.502650 0.427691 0.059185 0.036082
0.926825 0.448386 0.079486 0.034827
0.714999 0.357852 0.075643 0.041333
0.717904 0.230067 0.065798 0.031783
0.178657 0.747434 0.063011 0.046106
0.616434 0.237759 0.062327 0.038652
0.404407 0.210123 0.068127 0.044143
0.184204 0.462839 0.063630 0.044467
0.183392 0.700824 0.063589 0.035614
0.502740 0.111400 0.056489 0.033087
0.297501 0.129791 0.056905 0.038791
0.720407 0.041391 0.077619 0.039915
0.091216 0.072615 0.073240 0.046466
0.061711 0.844884 0.070706 0.035249
0.282995 0.604401 0.066421 0.039724
0.506746 0.275752 0.065869 0.031128
0.188440 0.257485 0.060616 0.041493
0.397007 0.419429 0.061462 0.045734
0.089862 0.172713 0.070575 0.057709
0.067325 0.715490 0.073295 0.045334
0.822505 0.311973 0.057338 0.032745
0.060527 0.965855 0.057775 0.039726
0.611568 0.362438 0.059277 0.047661
0.813819 0.352926 0.063819 0.044872
0.293935 0.086506 0.068250 0.047596
0.192427 0.173979 0.056653 0.037052
0.921049 0.575358 0.068333 0.040433
0.912541 0.610706 0.062727 0.029570
0.304156 0.216782 0.073805 0.044930
0.063172 0.668444 0.059248 0.045313
0.823569 0.086752 0.081560 0.037690
0.498968 0.705001 0.063136 0.039990
0.403225 0.252274 0.051343 0.037959
0.702391 0.859513 0.067660 0.045478
0.403500 0.339505 0.069930 0.045449
0.812379 0.438584 0.071210 0.025524
0.818983 0.047364 0.072319 0.042774
0.613188 0.198101 0.053502 0.036522
0.612071 0.128420 0.061768 0.035225
0.194636 0.213877 0.065520 0.042015
0.606527 0.042413 0.068981 0.044383
0.929917 0.091093 0.071938 0.035541
0.704290 0.771444 0.067149 0.032624
0.282355 0.731946 0.056238 0.046309
0.708673 0.572427 0.071398 0.029533
0.074889 0.306738 0.059739 0.035955
0.498366 0.466256 0.058585 0.036219
0.296505 0.035644 0.085915 0.047630
0.496172 0.543290 0.058728 0.027413
0.272131 0.967058 0.063872 0.038930
0.178359 0.553437 0.064814 0.057028
0.173870 0.840454 0.057782 0.041055
0.191333 0.335721 0.069140 0.032373
0.171479 0.879288 0.072940 0.034459
0.183251 0.503996 0.064096 0.037587
0.067165 0.623737 0.055116 0.043750
0.616457 0.451118 0.087707 0.044845
0.700880 0.976618 0.081478 0.029565
0.613462 0.164005 0.051100 0.030778
0.300357 0.260517 0.062301 0.045173
0.275460 0.775236 0.070179 0.035112
0.611240 0.277817 0.077038 0.042755
0.191783 0.136642 0.049870 0.034774
0.493327 0.747842 0.054511 0.044204
0.508068 0.346418 0.077752 0.029029
0.406272 0.121905 0.058641 0.050179
0.898770 0.767764 0.054532 0.026334
0.166293 0.968184 0.077215 0.034197
0.819257 0.125272 0.064112 0.038991
0.194748 0.029865 0.060349 0.038799
0.790612 0.972257 0.054404 0.031577
0.815276 0.400134 0.074146 0.050696
0.610752 0.316283 0.060025 0.045349
0.499042 0.035116 0.048679 0.036031
0.821283 0.275811 0.054395 0.034633
0.196173 0.064163 0.060171 0.027076
0.400476 0.378387 0.052679 0.036472
0.082947 0.226766 0.061639 0.046200
0.076747 0.267860 0.056705 0.040033
0.084965 0.030660 0.052575 0.036947
0.295380 0.336797 0.057122 0.024316
0.501746 0.624273 0.063865 0.034880
0.500176 0.074525 0.060155 0.038647
0.498302 0.582814 0.071052 0.045214
0.272975 0.866427 0.065477 0.054840
