0.404016 0.245486 0.070703 0.035773
0.518481 0.222316 0.072059 0.038621
0.401882 0.435669 0.071419 0.037931
0.732186 0.149671 0.062638 0.036061
0.402937 0.284147 0.066634 0.039740
0.065802 0.182303 0.071770 0.041899
0.622474 0.489315 0.077696 0.039061
0.514906 0.306410 0.064515 0.034581
0.623109 0.147367 0.071726 0.036439
0.181732 0.304208 0.064397 0.044315
0.300171 0.275555 0.071674 0.043734
0.507008 0.696593 0.066802 0.041880
0.513980 0.063402 0.066811 0.041106
0.515891 0.265329 0.063497 0.041557
0.506290 0.785650 0.060416 0.041851
0.513850 0.378351 0.075596 0.037434
0.507801 0.741352 0.062782 0.042711
0.061129 0.224522 0.073394 0.040624
0.072669 0.898443 0.061826 0.047350
0.945010 0.881418 0.073050 0.044543
0.941773 0.116242 0.085435 0.039414
0.725039 0.422765 0.067064 0.041085
0.623393 0.187604 0.070862 0.037293
0.399950 0.360248 0.053997 0.035225
0.517640 0.184510 0.062292 0.036651
0.059271 0.328072 0.059542 0.038242
0.621876 0.109150 0.056257 0.032578
0.074932 0.853062 0.072772 0.038221
0.512626 0.874066 0.060082 0.041625
0.625785 0.073875 0.053864 0.032262
0.831655 0.889670 0.069806 0.043893
0.517057 0.148118 0.060917 0.032170
0.400615 0.778255 0.080697 0.044794
0.507329 0.499264 0.057089 0.039730
0.403857 0.552981 0.063208 0.038780
0.615623 0.843753 0.061473 0.040618
0.608518 0.763404 0.063144 0.034215
0.408334 0.210008 0.054377 0.029915
0.834095 0.133828 0.063128 0.033352
0.400881 0.865079 0.066774 0.033076
0.941952 0.430646 0.070115 0.041606
0.185924 0.197218 0.077081 0.038573
0.612796 0.232109 0.072475 0.046648
0.619595 0.322120 0.064728 0.044866
0.623115 0.408355 0.073662 0.040324
0.406192 0.102952 0.066388 0.031462
0.300562 0.228204 0.055650 0.042568
0.833939 0.808225 0.067208 0.037292
0.830141 0.200210 0.083009 0.042974
0.516718 0.108585 0.055597 0.044342
0.730933 0.233786 0.075371 0.036228
0.069360 0.705137 0.065896 0.043469
0.068138 0.783741 0.056673 0.037503
0.062834 0.587119 0.065697 0.034041
0.839356 0.285351 0.066903 0.039474
0.506512 0.576277 0.060083 0.051535
0.617830 0.894843 0.070712 0.052154
0.510691 0.915392 0.066843 0.035665
0.509301 0.655234 0.064661 0.038398
0.288013 0.463261 0.075026 0.039885
0.609896 0.800917 0.071516 0.039186
0.619290 0.448566 0.053904 0.038360
0.722917 0.350872 0.061362 0.041254
0.399485 0.066332 0.071198 0.037863
0.942086 0.598153 0.069802 0.033924
0.839015 0.098229 0.070904 0.033416
0.824308 0.846784 0.080218 0.038815
0.285963 0.781608 0.070357 0.040115
0.618015 0.365500 0.055984 0.036553
0.279500 0.629433 0.063408 0.040982
0.832318 0.244820 0.079723 0.038967
0.505370 0.828895 0.053150 0.045801
0.294045 0.423154 0.067542 0.035029
0.722461 0.848965 0.061423 0.038927
0.069581 0.455392 0.065042 0.039307
0.832908 0.405937 0.075299 0.035018
0.171123 0.746412 0.081616 0.041647
0.610124 0.678150 0.064244 0.030218
0.740616 0.029716 0.076609 0.044498
0.409111 0.515141 0.071544 0.038797
0.062355 0.365365 0.049884 0.035647
0.720660 0.632356 0.064167 0.041308
0.939395 0.293702 0.063605 0.034424
0.171633 0.633052 0.064429 0.043515
0.947454 0.074714 0.061764 0.042493
0.174579 0.479143 0.062147 0.040001
0.939567 0.640001 0.054601 0.039470
0.623322 0.031270 0.071996 0.049016
0.173665 0.391639 0.070022 0.035871
0.183143 0.129804 0.066552 0.042953
0.723726 0.803477 0.061002 0.046131
0.172473 0.434752 0.059247 0.043933
0.838026 0.693431 0.076407 0.034307
0.830997 0.605818 0.072173 0.042103
0.940519 0.839754 0.063699 0.035321
0.285036 0.673298 0.054706 0.038507
0.720792 0.191882 0.074091 0.042846
0.819900 0.770800 0.081566 0.038597
0.295731 0.075989 0.061655 0.037373
0.944277 0.766773 0.072923 0.042867
0.299944 0.147026 0.085808 0.042085
0.837576 0.367122 0.064673 0.042562
0.942327 0.925359 0.084359 0.039102
0.938718 0.391493 0.066328 0.035451
0.293404 0.032932 0.062892 0.044241
0.293869 0.508573 0.057808 0.045564
0.607647 0.721386 0.055341 0.042930
0.063324 0.261066 0.052348 0.030617
0.406554 0.138283 0.080693 0.037740
0.177679 0.677029 0.053101 0.036325
0.289464 0.588588 0.064787 0.036958
0.720718 0.386450 0.068861 0.026352
0.406410 0.396435 0.058159 0.032639
0.289923 0.317249 0.060922 0.033366
0.179310 0.519288 0.056628 0.038998
0.178580 0.350985 0.057011 0.042735
0.946669 0.515499 0.061331 0.042256
0.836669 0.928871 0.050868 0.035384
0.293993 0.353641 0.079062 0.031844
0.517984 0.340525 0.058232 0.031078
0.718013 0.714053 0.068725 0.035998
0.939530 0.329293 0.058731 0.038395
0.506849 0.460126 0.052083 0.035481
0.727347 0.310166 0.059105 0.032013
0.942301 0.683044 0.056666 0.037397
0.174537 0.792590 0.058422 0.040792
0.066971 0.409455 0.056458 0.045267
0.838474 0.487532 0.066934 0.046156
0.938607 0.472735 0.052835 0.038661
0.737457 0.073116 0.082129 0.038295
0.281956 0.895349 0.058255 0.046157
0.411523 0.952582 0.081480 0.046548
0.608726 0.642417 0.052896 0.033110
0.943602 0.226819 0.074729 0.029713
0.073864 0.746052 0.068331 0.036038
0.723030 0.558473 0.068604 0.044755
0.396691 0.824176 0.050266 0.042731
0.728825 0.274358 0.082240 0.036206
0.179022 0.263712 0.077823 0.035083
0.063128 0.546051 0.060488 0.042512
0.611122 0.603605 0.050799 0.034686
0.283501 0.823016 0.058815 0.039623
0.720473 0.756788 0.063128 0.046617
0.725722 0.465547 0.070323 0.035627
0.848045 0.967547 0.072153 0.041992
0.942243 0.557941 0.053219 0.035901
0.841768 0.065191 0.079219 0.029817
0.512466 0.420375 0.058662 0.042374
0.506817 0.617899 0.059993 0.034485
0.715315 0.677291 0.060871 0.035065
0.941601 0.194651 0.083457 0.036692
0.505672 0.959244 0.057566 0.040623
0.722765 0.891392 0.047526 0.039949
0.839142 0.443088 0.054721 0.035429
0.942503 0.805867 0.066379 0.030686
0.401619 0.629114 0.058389 0.032573
0.725916 0.114102 0.084183 0.031121
0.177310 0.880013 0.059401 0.048629
0.402783 0.594558 0.079616 0.034279
0.288976 0.946323 0.072972 0.050653
0.941722 0.258062 0.080481 0.029027
0.407114 0.324314 0.060014 0.034630
0.830957 0.563310 0.059448 0.044167
0.070882 0.112825 0.058611 0.033495
0.717743 0.930697 0.054282 0.035979
0.292136 0.548873 0.080024 0.034258
0.616415 0.531015 0.059613 0.044217
0.616751 0.276493 0.047076 0.039402
0.947447 0.724021 0.060443 0.037845
0.841356 0.651676 0.071912 0.045076
0.182955 0.231363 0.067729 0.024652
0.064772 0.624002 0.049389 0.033342
0.840153 0.324537 0.060474 0.037307
0.942000 0.156520 0.089248 0.037863
0.510650 0.536218 0.067163 0.025660
0.411876 0.906417 0.083410 0.042771
0.284755 0.858113 0.069952 0.027356
0.176449 0.591591 0.057597 0.031304
0.408867 0.696389 0.075162 0.043796
0.286294 0.712075 0.053849 0.033368
0.291435 0.186182 0.058936 0.032159
0.074971 0.146951 0.069374 0.025275
0.612407 0.569627 0.048081 0.029348
0.404865 0.475259 0.061964 0.037419
0.401861 0.660604 0.071525 0.025677
0.720134 0.510475 0.059225 0.051370
0.174432 0.711771 0.064254 0.023010
0.073031 0.946652 0.070675 0.045128
0.074671 0.817939 0.069958 0.025505
0.832753 0.730709 0.053741 0.037368
0.066721 0.500078 0.053022 0.046078
0.296812 0.387913 0.069594 0.027581
0.172752 0.557040 0.082521 0.032931
0.065402 0.292944 0.046850 0.025742
0.510080 0.024590 0.059664 0.030198
0.180413 0.032249 0.051424 0.045186
0.943883 0.964607 0.065085 0.038469
0.178191 0.083192 0.048635 0.045768
0.407214 0.025980 0.048246 0.037701
0.405851 0.738501 0.072563 0.029652
0.286088 0.743761 0.051117 0.034902
0.835694 0.165272 0.056837 0.022542
0.835635 0.525702 0.050086 0.026393
0.067185 0.662068 0.043253 0.034291
0.836751 0.025035 0.061903 0.036214
0.065628 0.033835 0.052967 0.038439
0.609388 0.948168 0.059100 0.047599
0.296165 0.110610 0.044830 0.020695
0.071015 0.073131 0.042394 0.037680
0.727388 0.964856 0.076848 0.027922
0.408003 0.174753 0.062423 0.037290
0.182049 0.165465 0.048884 0.022486
0.720891 0.596097 0.053452 0.021260
0.942400 0.360551 0.049601 0.025274
0.940365 0.029254 0.044735 0.037647
0.179765 0.953424 0.057601 0.041038
0.180321 0.925310 0.053004 0.034905
0.177061 0.834128 0.076605 0.034364
