0.853402 0.564829 0.057122 0.034168
0.751111 0.384912 0.057135 0.032970
0.747992 0.220118 0.044387 0.028230
0.941254 0.228034 0.048024 0.035557
0.179450 0.323830 0.062380 0.035487
0.844279 0.352645 0.057187 0.029029
0.280503 0.827118 0.055594 0.036034
0.176424 0.550094 0.055696 0.029094
0.645703 0.230628 0.051522 0.029273
0.648055 0.262662 0.050091 0.032692
0.945731 0.265453 0.052457 0.032995
0.743324 0.165550 0.050248 0.032354
0.281864 0.561606 0.054398 0.029549
0.664885 0.690460 0.053604 0.028790
0.365610 0.203399 0.047497 0.029703
0.756141 0.478469 0.052294 0.027776
0.844289 0.225123 0.052073 0.025309
0.664030 0.721356 0.051838 0.029070
0.184137 0.713087 0.052088 0.029329
0.182306 0.286414 0.061888 0.033998
0.559224 0.266657 0.063222 0.033371
0.747237 0.255587 0.043317 0.031082
0.849875 0.784092 0.044478 0.027438
0.184019 0.674056 0.054182 0.034374
0.751931 0.447094 0.056418 0.029154
0.852198 0.496846 0.054267 0.026017
0.949774 0.480663 0.046311 0.033744
0.749876 0.349198 0.053741 0.028073
0.660505 0.880440 0.056781 0.030970
0.936198 0.191059 0.049745 0.032002
0.946680 0.296792 0.046828 0.025552
0.949604 0.355570 0.048490 0.033711
0.850840 0.465027 0.050072 0.028777
0.946509 0.690277 0.047975 0.030778
0.757047 0.677507 0.054998 0.029212
0.950795 0.445337 0.046797 0.031859
0.659901 0.810299 0.046481 0.033298
0.844832 0.287100 0.046688 0.029304
0.642935 0.136295 0.052043 0.030441
0.657979 0.487610 0.056824 0.032185
0.847001 0.255089 0.045156 0.027679
0.556091 0.228581 0.054121 0.031346
0.851620 0.528769 0.053851 0.029403
0.847796 0.319766 0.048368 0.029480
0.184747 0.748740 0.051967 0.032992
0.949098 0.593605 0.046177 0.028139
0.646139 0.197975 0.054734 0.029720
0.555632 0.165043 0.057358 0.026755
0.851976 0.815675 0.046515 0.027688
0.277705 0.528411 0.058712 0.029840
0.277729 0.436360 0.053598 0.030097
0.176974 0.357978 0.052199 0.031909
0.947078 0.385944 0.046806 0.027666
0.850564 0.632861 0.052123 0.025750
0.471631 0.708257 0.048921 0.031705
0.278993 0.683093 0.048685 0.031244
0.652837 0.295788 0.048686 0.026023
0.945855 0.721850 0.046458 0.028245
0.183457 0.637911 0.053623 0.030243
0.755285 0.646016 0.047104 0.025126
0.659592 0.753380 0.043874 0.027563
0.753709 0.592180 0.048531 0.024611
0.361942 0.237623 0.061897 0.035340
0.183201 0.817537 0.052299 0.029727
0.275477 0.402565 0.051268 0.029612
0.379066 0.837863 0.050757 0.029830
0.461814 0.283452 0.051215 0.030293
0.948096 0.756276 0.047078 0.032070
0.555030 0.196494 0.044538 0.026657
0.279585 0.750570 0.047870 0.034005
0.753324 0.418059 0.052281 0.023127
0.848748 0.385584 0.057079 0.030448
0.936573 0.159175 0.051886 0.027733
0.278778 0.784909 0.051113 0.031055
0.376378 0.644115 0.052732 0.029329
0.471693 0.829667 0.049303 0.030035
0.179101 0.390340 0.055653 0.032691
0.469315 0.533497 0.052024 0.030280
0.280393 0.716130 0.045168 0.028664
0.755688 0.538523 0.047809 0.026491
0.367484 0.301448 0.049194 0.028639
0.843778 0.104476 0.048814 0.032201
0.661215 0.605093 0.052724 0.024207
0.758806 0.858245 0.046461 0.024282
0.468263 0.498174 0.051909 0.030688
0.951302 0.656916 0.048276 0.032622
0.379419 0.934132 0.059175 0.029307
0.845000 0.168310 0.043962 0.031679
0.173536 0.140948 0.062261 0.032240
0.568571 0.716383 0.050842 0.028273
0.744581 0.131436 0.048265 0.027962
0.185921 0.921796 0.048756 0.033067
0.469098 0.894912 0.057648 0.032736
0.657293 0.450622 0.061096 0.034894
0.462020 0.319624 0.059209 0.032914
0.468065 0.738184 0.047921 0.023884
0.757342 0.736728 0.044724 0.031536
0.471037 0.764461 0.052769 0.024287
0.459340 0.185562 0.053030 0.041373
0.658233 0.661326 0.053469 0.022821
0.845383 0.135635 0.039747 0.026228
0.947499 0.562958 0.043903 0.029525
0.849540 0.601474 0.055923 0.031787
0.182810 0.488177 0.052433 0.026397
0.760951 0.772485 0.046200 0.030923
0.657053 0.412688 0.049908 0.027974
0.849774 0.660964 0.047815 0.026281
0.376133 0.704376 0.041690 0.028602
0.753133 0.617682 0.051123 0.024039
0.378078 0.675390 0.051114 0.024469
0.746096 0.288285 0.044068 0.027612
0.850074 0.690987 0.039721 0.027729
0.462440 0.385448 0.059115 0.031857
0.760339 0.887084 0.046375 0.026349
0.555278 0.388224 0.047904 0.027302
0.844886 0.198766 0.046194 0.021694
0.278381 0.470218 0.049657 0.028597
0.550298 0.134445 0.049942 0.028959
0.361951 0.172622 0.046727 0.025251
0.645424 0.104410 0.059278 0.027331
0.182495 0.853999 0.051581 0.029678
0.375834 0.902693 0.040893 0.027744
0.377835 0.523089 0.056024 0.027756
0.181375 0.782554 0.042904 0.030727
0.178413 0.423477 0.049518 0.032990
0.851621 0.749626 0.046274 0.032206
0.174693 0.251446 0.050908 0.026693
0.377462 0.809363 0.047139 0.024346
0.374587 0.434118 0.048000 0.025828
0.376042 0.491334 0.050201 0.027157
0.665680 0.919045 0.051353 0.035372
0.365983 0.271274 0.049200 0.027330
0.662564 0.546221 0.049511 0.028641
0.178540 0.180258 0.047341 0.037102
0.272942 0.337660 0.047631 0.031985
0.473118 0.796343 0.048174 0.032019
0.851029 0.720143 0.053881 0.021398
0.371847 0.336121 0.046953 0.030819
0.657887 0.633573 0.035661 0.026068
0.565792 0.618794 0.058478 0.027686
0.178059 0.581881 0.040888 0.028019
0.662659 0.845970 0.045828 0.026791
0.745855 0.319015 0.049447 0.021017
0.182268 0.457280 0.047247 0.028507
0.855370 0.884249 0.043580 0.029934
0.756643 0.706844 0.054625 0.022227
0.271205 0.240459 0.055498 0.026712
0.568793 0.860047 0.045957 0.025125
0.271703 0.208523 0.051206 0.031060
0.377363 0.872120 0.044862 0.030128
0.470145 0.862432 0.051886 0.026950
0.279416 0.620721 0.045280 0.031154
0.947139 0.625332 0.043345 0.028602
0.761900 0.917853 0.050696 0.027652
0.646593 0.169490 0.042548 0.026803
0.658940 0.780101 0.040043 0.022413
0.649822 0.327523 0.040202 0.028961
0.371394 0.400062 0.044123 0.033125
0.467867 0.679261 0.049313 0.022815
0.372231 0.737179 0.043716 0.025416
0.949372 0.512615 0.047817 0.023016
0.561011 0.583587 0.057734 0.030875
0.272885 0.371374 0.048617 0.025716
0.183065 0.888504 0.045448 0.027074
0.850030 0.850570 0.057713 0.030963
0.362142 0.139691 0.044847 0.032270
0.277614 0.651805 0.046724 0.022111
0.557192 0.453085 0.040895 0.028257
0.372478 0.462001 0.052130 0.023677
0.752693 0.508682 0.038726 0.024871
0.561393 0.517604 0.056047 0.029079
0.272127 0.305863 0.050065 0.031993
0.473036 0.571337 0.049215 0.034156
0.659136 0.518852 0.052060 0.023017
0.949157 0.415431 0.043291 0.022426
0.171293 0.109080 0.047978 0.024653
0.948529 0.852098 0.041694 0.032790
0.945760 0.815018 0.037206 0.027209
0.564689 0.828764 0.039415 0.029496
0.931213 0.106604 0.049334 0.028234
0.566816 0.551526 0.049369 0.029980
0.377393 0.555904 0.050899 0.029791
0.362748 0.105883 0.042801 0.029745
0.282023 0.589346 0.047243 0.024094
0.743371 0.102702 0.043232 0.026004
0.571784 0.930129 0.042460 0.024942
0.563961 0.772149 0.046352 0.020241
0.548722 0.104047 0.051101 0.025018
0.176933 0.217345 0.047747 0.033133
0.468555 0.602015 0.042287 0.021544
0.374595 0.587992 0.043948 0.028082
0.565995 0.797553 0.052465 0.025934
0.556288 0.298141 0.056813 0.019079
0.181386 0.518595 0.038973 0.026250
0.566456 0.745985 0.041193 0.026260
0.854824 0.918344 0.036516 0.032340
0.372612 0.367079 0.046522 0.024492
0.557907 0.422762 0.040808 0.031711
0.756841 0.804612 0.037094 0.023520
0.658787 0.577276 0.037781 0.025805
0.468890 0.629067 0.046919 0.026922
0.552834 0.326653 0.061535 0.030760
0.375771 0.614810 0.042520 0.019082
0.270527 0.111038 0.051162 0.034266
0.466427 0.463877 0.041388 0.027619
0.267950 0.273139 0.044976 0.031605
0.570347 0.907751 0.051861 0.017801
0.566963 0.649069 0.037267 0.027291
0.563855 0.679493 0.048790 0.029127
0.551997 0.359880 0.051184 0.022650
0.935292 0.133802 0.038750 0.021605
0.947553 0.887263 0.036444 0.027330
0.469295 0.655803 0.057132 0.022496
0.278629 0.498770 0.046815 0.025982
0.750674 0.566310 0.042941 0.017663
0.756730 0.830507 0.033400 0.022273
0.459466 0.253895 0.047108 0.022841
0.277810 0.885385 0.038212 0.023685
0.947843 0.787349 0.036599 0.027851
0.272584 0.176179 0.058404 0.031442
0.949786 0.534561 0.045336 0.023205
0.178297 0.608506 0.035353 0.018837
0.464605 0.349898 0.046239 0.028335
0.653078 0.357565 0.032736 0.020933
0.561096 0.486416 0.038527 0.028480
0.269596 0.145928 0.051135 0.027751
0.455406 0.128401 0.040452 0.017209
0.944534 0.920326 0.039571 0.030168
0.275442 0.918175 0.036641 0.035231
0.472823 0.925083 0.043498 0.021226
0.745436 0.193790 0.035436 0.015522
0.656012 0.382525 0.033522 0.021634
0.461773 0.225953 0.051583 0.029939
0.271554 0.858420 0.042919 0.019666
0.455886 0.150421 0.039552 0.023883
0.455366 0.103887 0.046304 0.026728
0.466238 0.424791 0.043500 0.034371
0.568062 0.886952 0.046107 0.022055
0.945185 0.324774 0.043282 0.027469
0.379011 0.774789 0.046837 0.036767
0.848288 0.424634 0.049507 0.043697
0.322792 0.853965 0.026014 0.013172
0.417015 0.128083 0.026221 0.017810
0.524880 0.735432 0.023226 0.015186
0.410237 0.735017 0.026128 0.013427
