0.709917 0.226215 0.068791 0.045863
0.618282 0.465139 0.064549 0.042206
0.501958 0.078109 0.068643 0.039641
0.925506 0.275819 0.071357 0.041237
0.393516 0.128624 0.063678 0.037892
0.922378 0.497118 0.078313 0.040088
0.505108 0.414458 0.064011 0.045833
0.281577 0.093697 0.079523 0.041627
0.923623 0.159038 0.059054 0.040530
0.180669 0.477933 0.077553 0.044049
0.823365 0.526762 0.066849 0.042403
0.610728 0.165142 0.062157 0.043975
0.612198 0.122317 0.073046 0.037525
0.922070 0.318427 0.056608 0.039168
0.823435 0.483395 0.069095 0.040663
0.811615 0.226907 0.077059 0.042519
0.290018 0.415739 0.068470 0.042751
0.818645 0.185539 0.063998 0.038385
0.504217 0.293660 0.075371 0.042274
0.720862 0.139047 0.068551 0.043214
0.509142 0.248718 0.066299 0.041469
0.718193 0.766998 0.073336 0.046602
0.063857 0.697223 0.062419 0.041804
0.616746 0.710981 0.067345 0.034295
0.614378 0.633165 0.067896 0.036409
0.400689 0.248273 0.068960 0.040777
0.928811 0.621668 0.076750 0.041637
0.300029 0.493710 0.074492 0.045707
0.610325 0.206809 0.064057 0.038316
0.507952 0.460318 0.078974 0.042719
0.502130 0.777012 0.068734 0.043402
0.297543 0.719700 0.077661 0.041646
0.829426 0.863300 0.062961 0.039505
0.831501 0.693844 0.072661 0.042957
0.499184 0.158601 0.065167 0.042856
0.821853 0.442821 0.065548 0.037441
0.919698 0.370382 0.072898 0.056844
0.502328 0.687318 0.074815 0.042636
0.174790 0.180173 0.070048 0.040435
0.511024 0.369832 0.065781 0.040490
0.919135 0.237477 0.060062 0.031875
0.400727 0.651007 0.078622 0.042688
0.395887 0.292062 0.068538 0.041024
0.922350 0.576163 0.068429 0.043369
0.399523 0.601677 0.059516 0.054156
0.503566 0.117176 0.067265 0.036081
0.398087 0.206237 0.070474 0.038821
0.506282 0.550409 0.066232 0.037257
0.065268 0.535627 0.061249 0.041544
0.616895 0.588652 0.057883 0.046102
0.919269 0.459009 0.065544 0.033649
0.919949 0.036035 0.090182 0.045719
0.178492 0.526395 0.062084 0.047591
0.827347 0.651428 0.068024 0.041484
0.509117 0.965472 0.089437 0.044903
0.623685 0.934826 0.078541 0.037165
0.821027 0.904008 0.059629 0.040152
0.613236 0.278353 0.056836 0.037295
0.611669 0.082908 0.054707 0.037649
0.293261 0.540925 0.081452 0.046985
0.066499 0.103766 0.070753 0.030347
0.399388 0.504150 0.078721 0.042914
0.401167 0.892694 0.066131 0.045132
0.824807 0.361707 0.064968 0.040814
0.720818 0.719452 0.068879 0.044273
0.930867 0.704995 0.071240 0.041294
0.075604 0.900683 0.080865 0.037461
0.179766 0.222415 0.059751 0.041277
0.504270 0.823104 0.056744 0.041478
0.497592 0.733230 0.066576 0.043097
0.724869 0.859334 0.063370 0.039994
0.615096 0.314424 0.069018 0.028979
0.406255 0.800220 0.080964 0.049066
0.828582 0.737417 0.070527 0.041901
0.924870 0.200766 0.053457 0.039314
0.295301 0.850442 0.068294 0.041122
0.924434 0.117056 0.068974 0.041175
0.825084 0.569451 0.059990 0.040988
0.178132 0.138301 0.072547 0.039819
0.395874 0.696663 0.057874 0.046871
0.503862 0.922889 0.075753 0.037973
0.066703 0.489841 0.064093 0.045486
0.716815 0.679065 0.074764 0.035386
0.831666 0.820903 0.071553 0.046039
0.399103 0.847064 0.064933 0.042233
0.504702 0.644074 0.058856 0.040685
0.619134 0.671617 0.056757 0.038116
0.724008 0.902619 0.062601 0.042166
0.940101 0.874766 0.071574 0.038334
0.918451 0.078010 0.075536 0.034970
0.400267 0.459177 0.075664 0.038403
0.714752 0.307068 0.065240 0.044980
0.816964 0.083189 0.057955 0.036642
0.823332 0.777315 0.076837 0.034957
0.920698 0.421401 0.056799 0.037562
0.826696 0.403820 0.072890 0.040621
0.397839 0.167138 0.065990 0.034786
0.509518 0.507547 0.079940 0.046604
0.077460 0.813605 0.073374 0.046559
0.395312 0.418561 0.054682 0.039444
0.815924 0.118998 0.062398 0.030258
0.299749 0.955288 0.072679 0.045233
0.068242 0.654357 0.061703 0.035663
0.723707 0.354881 0.063560 0.041926
0.287725 0.175053 0.070256 0.042902
0.182023 0.390623 0.065863 0.039755
0.286798 0.338388 0.053637 0.038383
0.292119 0.214867 0.074790 0.035041
0.392938 0.093269 0.074272 0.033163
0.060041 0.443098 0.065223 0.039898
0.063157 0.614798 0.052112 0.039477
0.613472 0.242924 0.060809 0.029328
0.717686 0.181963 0.079369 0.040316
0.289602 0.133650 0.067292 0.034980
0.723562 0.580902 0.058780 0.039263
0.184785 0.795771 0.057191 0.040358
0.816878 0.042127 0.068689 0.044812
0.070333 0.223052 0.052799 0.039138
0.294047 0.642898 0.060321 0.043976
0.180330 0.576738 0.051611 0.046285
0.614682 0.847801 0.060206 0.046197
0.400416 0.746814 0.062550 0.050291
0.827781 0.609261 0.053015 0.037825
0.619927 0.893243 0.052938 0.043364
0.397151 0.336623 0.055439 0.044353
0.283314 0.257903 0.087495 0.044054
0.503283 0.861385 0.069056 0.034508
0.716352 0.037676 0.062304 0.037783
0.176457 0.094610 0.075481 0.043518
0.718003 0.536708 0.057341 0.043660
0.817062 0.318333 0.083057 0.045993
0.293863 0.807821 0.055489 0.041303
0.075632 0.859115 0.065804 0.040320
0.058287 0.401175 0.057270 0.035308
0.933760 0.914205 0.079675 0.038120
0.395827 0.380081 0.056162 0.035944
0.069074 0.136620 0.053161 0.033228
0.288846 0.376103 0.063855 0.030616
0.398554 0.046741 0.070631 0.050044
0.510434 0.332405 0.063880 0.030772
0.183258 0.838250 0.058429 0.039090
0.926232 0.664249 0.059427 0.038130
0.185894 0.756775 0.056740 0.040048
0.503696 0.203365 0.052043 0.047412
0.937193 0.790938 0.068417 0.042526
0.928419 0.535575 0.073601 0.034642
0.719329 0.100813 0.064561 0.029956
0.715181 0.267137 0.078822 0.030816
0.296004 0.592394 0.065828 0.052262
0.403010 0.969902 0.072512 0.036604
0.615953 0.387938 0.054628 0.036971
0.613894 0.539998 0.053652 0.047172
0.717272 0.816437 0.057354 0.044062
0.179701 0.262823 0.059248 0.034673
0.182025 0.620570 0.065546 0.035461
0.177859 0.664350 0.068321 0.045533
0.068121 0.179393 0.055402 0.042929
0.721494 0.428525 0.050222 0.038037
0.942977 0.832855 0.079924 0.042712
0.064351 0.316245 0.066472 0.044062
0.616873 0.752496 0.059961 0.044516
0.615425 0.350004 0.058844 0.037782
0.820028 0.953885 0.083386 0.054604
0.182637 0.878906 0.051852 0.041557
0.941336 0.961162 0.070796 0.048958
0.605203 0.042527 0.057625 0.040998
0.613845 0.423579 0.058447 0.033650
0.191355 0.918109 0.073205 0.033457
0.065831 0.070705 0.053166 0.036169
0.286298 0.680880 0.061216 0.030583
0.397148 0.548807 0.055339 0.042973
0.718675 0.468887 0.055418 0.037808
0.070553 0.769118 0.061317 0.036996
0.720531 0.646514 0.067568 0.030294
0.503541 0.597118 0.062076 0.049774
0.282697 0.048137 0.065169 0.047080
0.295414 0.901330 0.067912 0.053793
0.618020 0.501182 0.057660 0.028345
0.401677 0.935367 0.053188 0.034497
0.499464 0.037404 0.062184 0.037008
0.295347 0.453532 0.053397 0.026731
0.933336 0.746369 0.081515 0.038157
0.069726 0.734593 0.056037 0.028033
0.285243 0.298644 0.051682 0.035614
0.071816 0.576996 0.068389 0.031017
0.717732 0.392796 0.077378 0.028888
0.819798 0.271990 0.049229 0.041191
0.179171 0.433301 0.055469 0.038440
0.729094 0.971902 0.067901 0.033880
0.185625 0.960722 0.067301 0.052694
0.717111 0.071121 0.054261 0.026741
0.182207 0.711891 0.060914 0.046485
0.061316 0.359523 0.052378 0.039634
0.169558 0.346876 0.074985 0.040816
0.294837 0.763953 0.051834 0.042150
0.172946 0.302381 0.049371 0.036856
0.066613 0.266564 0.064999 0.039154
0.063146 0.037322 0.056355 0.030791
0.076159 0.957003 0.080620 0.059714
0.718852 0.616891 0.050291 0.030600
0.619341 0.970838 0.085434 0.038941
0.613564 0.799592 0.066025 0.051734
0.818584 0.150284 0.054728 0.030046
0.176406 0.045633 0.049032 0.048978
0.721645 0.943161 0.059886 0.027839
0.503972 0.892748 0.059597 0.028177
0.724213 0.500486 0.066623 0.028120
