0.486033 0.881614 0.072991 0.040421
0.487407 0.645129 0.068923 0.041983
0.930724 0.634209 0.062797 0.038890
0.932641 0.508906 0.062775 0.031259
0.487042 0.761382 0.059307 0.037189
0.377427 0.765369 0.069514 0.044737
0.931759 0.300009 0.070173 0.038677
0.178991 0.384803 0.066859 0.037287
0.933591 0.186104 0.058522 0.036860
0.934354 0.545795 0.057912 0.039308
0.821292 0.331526 0.071259 0.038103
0.599662 0.540462 0.070318 0.039594
0.930164 0.589648 0.058150 0.042112
0.931082 0.675170 0.054721 0.038476
0.930678 0.148197 0.060619 0.036825
0.826794 0.406907 0.059649 0.040381
0.486990 0.841292 0.058238 0.037619
0.712720 0.383594 0.051915 0.034689
0.932667 0.396887 0.054006 0.035075
0.824384 0.253874 0.058173 0.032095
0.930059 0.258404 0.066536 0.039929
0.496881 0.722360 0.063937 0.037736
0.823345 0.291166 0.060438 0.037923
0.375947 0.681936 0.071078 0.040477
0.934513 0.470120 0.053047 0.040887
0.276882 0.248757 0.059948 0.044068
0.604073 0.762338 0.060870 0.043895
0.493178 0.686158 0.057507 0.036163
0.709468 0.344867 0.053813 0.039691
0.927056 0.940159 0.062069 0.032107
0.077535 0.935444 0.059230 0.037091
0.935691 0.432658 0.049990 0.031827
0.715440 0.766316 0.065095 0.046297
0.600253 0.262250 0.066785 0.037762
0.489582 0.801824 0.059673 0.037667
0.277875 0.804654 0.057626 0.036846
0.932273 0.972772 0.049186 0.033734
0.276269 0.724263 0.064793 0.045936
0.377380 0.641906 0.061126 0.036199
0.280011 0.673292 0.055878 0.048174
0.828752 0.644161 0.058174 0.036964
0.382721 0.339020 0.063424 0.035251
0.600803 0.348609 0.051592 0.038461
0.932826 0.714298 0.052745 0.034746
0.607730 0.501785 0.055721 0.037341
0.497543 0.334481 0.066073 0.045566
0.079091 0.896238 0.057174 0.038389
0.385741 0.407728 0.055442 0.040778
0.710334 0.421627 0.051861 0.039033
0.607075 0.226431 0.051641 0.035051
0.381755 0.722032 0.056694 0.038229
0.714564 0.305820 0.062781 0.031933
0.936047 0.905517 0.053498 0.033136
0.716519 0.656235 0.063062 0.034462
0.603255 0.462385 0.061897 0.042621
0.933937 0.754935 0.058119 0.043442
0.932663 0.220910 0.052409 0.033430
0.827095 0.859304 0.054554 0.038158
0.718868 0.223153 0.053807 0.039090
0.275854 0.891606 0.060670 0.047411
0.609692 0.186885 0.048693 0.038531
0.602277 0.388384 0.054932 0.040489
0.180765 0.853047 0.061515 0.032055
0.605867 0.836932 0.057925 0.037614
0.174448 0.772724 0.052973 0.041783
0.074228 0.614090 0.051457 0.040104
0.278874 0.847356 0.052062 0.039786
0.826206 0.092569 0.061054 0.041791
0.278525 0.454062 0.065423 0.037815
0.377745 0.883687 0.058901 0.035702
0.602147 0.685296 0.061301 0.031123
0.494432 0.149544 0.055399 0.044789
0.069237 0.272146 0.061922 0.041220
0.179633 0.888241 0.063631 0.035117
0.828527 0.682305 0.058971 0.036253
0.937350 0.105176 0.051994 0.042392
0.072477 0.314985 0.058028 0.041219
0.379164 0.604443 0.053233 0.036752
0.717215 0.505888 0.061887 0.042396
0.826196 0.368475 0.052466 0.035779
0.825451 0.603521 0.050531 0.039268
0.173927 0.814148 0.055146 0.037825
0.497200 0.460527 0.053165 0.036668
0.604306 0.802933 0.057265 0.035283
0.178092 0.469821 0.056704 0.044309
0.171788 0.699243 0.047260 0.037930
0.712750 0.462177 0.060117 0.038961
0.284915 0.624932 0.063944 0.040540
0.181733 0.424324 0.052477 0.040009
0.076135 0.781318 0.054131 0.037982
0.276254 0.203857 0.055701 0.039485
0.723298 0.971892 0.049795 0.033555
0.603359 0.305531 0.052053 0.043020
0.070833 0.463380 0.053958 0.037408
0.607833 0.720818 0.050623 0.037306
0.494915 0.188911 0.053267 0.032408
0.598512 0.913049 0.052234 0.036607
0.173666 0.515744 0.054569 0.044741
0.718128 0.724081 0.052442 0.036900
0.386954 0.370897 0.061793 0.030655
0.168836 0.191063 0.054651 0.038945
0.598415 0.875814 0.055515 0.037692
0.491230 0.102626 0.067246 0.045328
0.172409 0.269486 0.047773 0.037207
0.716522 0.690697 0.071761 0.027882
0.074503 0.146366 0.049728 0.030681
0.825738 0.193659 0.047155 0.033794
0.378189 0.491553 0.060038 0.041030
0.829075 0.052374 0.050227 0.037901
0.829338 0.223284 0.050684 0.024083
0.176633 0.307935 0.051814 0.035547
0.718947 0.140199 0.049913 0.037845
0.492065 0.603027 0.050159 0.038251
0.079446 0.854646 0.051924 0.038922
0.281958 0.324112 0.052931 0.042500
0.079311 0.655018 0.049178 0.035909
0.380348 0.449670 0.054387 0.040869
0.496342 0.288832 0.062029 0.040416
0.377822 0.922532 0.048029 0.042140
0.381616 0.806285 0.069493 0.036743
0.278832 0.968603 0.053499 0.039661
0.072548 0.237280 0.057534 0.028585
0.719759 0.104063 0.058923 0.037490
0.283151 0.578564 0.051481 0.040547
0.496697 0.500625 0.055995 0.042242
0.827913 0.128279 0.046910 0.031547
0.716955 0.181600 0.049845 0.038627
0.281725 0.372816 0.055730 0.047715
0.594587 0.621505 0.078892 0.037185
0.173458 0.735728 0.047824 0.031240
0.375746 0.530724 0.058224 0.038855
0.077375 0.744310 0.071064 0.029121
0.187480 0.972708 0.058880 0.037173
0.933886 0.337746 0.053000 0.030372
0.939016 0.029307 0.046963 0.042228
0.277255 0.286249 0.056332 0.032321
0.715397 0.870944 0.049920 0.025576
0.934275 0.866593 0.049974 0.041210
0.078341 0.358907 0.050641 0.039170
0.276123 0.767744 0.050533 0.031115
0.829716 0.446767 0.047700 0.035825
0.935939 0.792722 0.052829 0.032517
0.604275 0.425652 0.049104 0.032722
0.490488 0.920728 0.052210 0.036003
0.171225 0.228826 0.045804 0.036199
0.070063 0.072893 0.049642 0.038981
0.839091 0.518052 0.086545 0.041714
0.067418 0.505291 0.071129 0.046133
0.169808 0.664725 0.044613 0.029776
0.079703 0.816594 0.045462 0.034183
0.715680 0.266955 0.044681 0.044179
0.074232 0.397427 0.044726 0.034754
0.173671 0.152026 0.049214 0.037921
0.715091 0.807715 0.054316 0.041164
0.492439 0.961576 0.048721 0.043142
0.278400 0.931445 0.057198 0.031122
0.495686 0.063477 0.051426 0.033420
0.710485 0.620210 0.050098 0.040192
0.171555 0.597005 0.046593 0.035166
0.076107 0.175703 0.049548 0.025814
0.826916 0.745818 0.079925 0.031445
0.382550 0.072350 0.054600 0.042031
0.381971 0.565944 0.049532 0.037406
0.380726 0.845945 0.049362 0.039873
0.186086 0.929776 0.049592 0.042185
0.083429 0.687222 0.052582 0.027418
0.178655 0.346828 0.046773 0.037548
0.072216 0.205328 0.066011 0.028679
0.497376 0.223275 0.043759 0.035039
0.277925 0.539516 0.049387 0.035628
0.936907 0.068021 0.045939 0.030777
0.714573 0.548058 0.048069 0.035555
0.717771 0.906043 0.044764 0.039904
0.599441 0.581441 0.044242 0.040765
0.497244 0.252822 0.047958 0.031545
0.279635 0.163148 0.051633 0.038130
0.934065 0.826427 0.050357 0.039166
0.500284 0.423592 0.058281 0.034917
0.719975 0.940179 0.044110 0.023592
0.494618 0.539850 0.055208 0.029379
0.829332 0.159633 0.043245 0.031594
0.613004 0.114457 0.048861 0.040355
0.082381 0.968276 0.056530 0.029221
0.830726 0.019305 0.056264 0.024692
0.718316 0.842193 0.050568 0.025994
0.277190 0.072229 0.057740 0.044837
0.074891 0.110818 0.049903 0.036756
0.278148 0.498174 0.047598 0.042235
0.380471 0.961977 0.050936 0.032491
0.169497 0.632447 0.043175 0.032848
0.497756 0.028237 0.050477 0.038485
0.823960 0.562091 0.059403 0.045649
0.071137 0.548824 0.049912 0.036565
0.175423 0.072469 0.047479 0.036895
0.173222 0.559495 0.057133 0.033719
0.388031 0.296795 0.048963 0.046755
0.600678 0.655423 0.055102 0.025472
0.071286 0.031507 0.054180 0.040050
0.381809 0.167318 0.053327 0.038481
0.073006 0.429123 0.046318 0.026515
0.610296 0.029936 0.052247 0.038253
0.710990 0.582465 0.046064 0.033630
0.611852 0.150385 0.043073 0.031732
0.824257 0.894815 0.037233 0.030817
0.279156 0.417089 0.042930 0.037392
0.392106 0.249787 0.052747 0.039594
0.828168 0.822939 0.050898 0.027433
0.501369 0.382042 0.049629 0.046316
0.828565 0.716744 0.050203 0.026789
0.598336 0.978041 0.050945 0.028617
0.717723 0.032631 0.046845 0.043019
0.176600 0.112977 0.055001 0.039275
0.612222 0.072714 0.044758 0.043019
0.083849 0.715090 0.048815 0.026808
0.821036 0.785617 0.045781 0.046526
0.596610 0.947938 0.049457 0.033289
0.832218 0.480401 0.044562 0.031472
0.823562 0.958829 0.046278 0.034507
0.720030 0.071118 0.052193 0.025810
0.496468 0.569126 0.053768 0.027060
0.381664 0.120652 0.054062 0.051730
0.385690 0.028543 0.054305 0.040903
0.071592 0.579633 0.049005 0.030147
0.280938 0.028669 0.054021 0.042683
0.175512 0.031295 0.052611 0.039612
0.394133 0.206998 0.071960 0.041241
0.933355 0.366745 0.040634 0.024526
0.823597 0.926357 0.035925 0.031948
0.281237 0.120010 0.046252 0.046543
0.661609 0.423585 0.020015 0.022610
