0.162798 0.279789 0.079460 0.054503
0.821541 0.331514 0.086168 0.049084
0.601914 0.114892 0.080229 0.057661
0.157410 0.108706 0.094081 0.055164
0.714392 0.117593 0.083110 0.056008
0.498371 0.196294 0.082433 0.052618
0.710463 0.177585 0.086827 0.057566
0.494315 0.809160 0.090818 0.048225
0.161914 0.771681 0.077773 0.051732
0.819500 0.718803 0.091551 0.045581
0.272416 0.727814 0.066959 0.051670
0.813664 0.277309 0.087018 0.051547
0.158704 0.827009 0.087303 0.043785
0.818072 0.223761 0.074376 0.046114
0.272180 0.614092 0.070183 0.056034
0.815056 0.778052 0.074705 0.051928
0.271271 0.382187 0.069202 0.055814
0.493528 0.253714 0.084621 0.056647
0.490591 0.311975 0.090387 0.052918
0.269700 0.779099 0.081664 0.045653
0.711930 0.690716 0.087538 0.046931
0.494851 0.751625 0.069243 0.054550
0.940364 0.277661 0.092443 0.055739
0.935926 0.172768 0.088257 0.057734
0.706469 0.232704 0.083884 0.046535
0.381972 0.340374 0.081658 0.054179
0.819916 0.168999 0.082687 0.050536
0.935550 0.488182 0.085471 0.054751
0.270512 0.160400 0.087814 0.044795
0.277988 0.894458 0.073858 0.055141
0.269452 0.109491 0.075712 0.046522
0.934783 0.932930 0.081210 0.041005
0.935679 0.883124 0.086747 0.052584
0.275228 0.323527 0.076835 0.049798
0.939715 0.826509 0.086300 0.052507
0.937151 0.380132 0.080132 0.049485
0.384659 0.164724 0.070103 0.048113
0.607178 0.746710 0.088116 0.054984
0.162050 0.718123 0.093411 0.045033
0.270389 0.670814 0.072889 0.047131
0.933769 0.115625 0.093984 0.049999
0.936839 0.431046 0.090638 0.047657
0.819453 0.385729 0.086066 0.043968
0.267987 0.433133 0.083908 0.043394
0.818506 0.442814 0.076130 0.059176
0.819287 0.662433 0.076659 0.056460
0.379205 0.109927 0.077999 0.047023
0.486319 0.866902 0.088908 0.055040
0.379235 0.452559 0.065793 0.047536
0.274746 0.835215 0.083653 0.056829
0.599099 0.228036 0.075048 0.038716
0.703534 0.412870 0.096864 0.057638
0.270724 0.490199 0.082960 0.062158
0.376455 0.281921 0.076349 0.051119
0.606658 0.562522 0.087154 0.058539
0.936271 0.660819 0.088534 0.050518
0.382650 0.677321 0.079255 0.050424
0.058828 0.277820 0.067013 0.043536
0.599494 0.340355 0.069978 0.050558
0.491104 0.482981 0.101887 0.054857
0.491756 0.966931 0.072704 0.044802
0.711687 0.639374 0.065389 0.049136
0.608895 0.862748 0.092506 0.049743
0.933781 0.771414 0.078593 0.053417
0.049075 0.121361 0.074116 0.056190
0.599485 0.690040 0.087496 0.048496
0.169980 0.550800 0.069027 0.052362
0.054915 0.444062 0.063840 0.061393
0.605443 0.505708 0.082741 0.051634
0.056478 0.329457 0.086459 0.052704
0.161925 0.929621 0.074644 0.040812
0.608888 0.804723 0.088956 0.056911
0.601189 0.280775 0.072890 0.055634
0.387432 0.798302 0.067463 0.053228
0.713592 0.290968 0.069253 0.054711
0.165312 0.878420 0.067393 0.048460
0.936591 0.329597 0.089181 0.043850
0.931393 0.603445 0.059900 0.049189
0.168484 0.497850 0.065871 0.048665
0.057279 0.821829 0.075107 0.061297
0.821910 0.837317 0.090314 0.054158
0.160599 0.163386 0.087455 0.053751
0.387636 0.941543 0.084974 0.042831
0.377266 0.562789 0.073963 0.047510
0.383771 0.852074 0.059991 0.047842
0.383647 0.615770 0.068061 0.048827
0.706782 0.523849 0.066763 0.052322
0.597366 0.176429 0.072685 0.053656
0.492538 0.636220 0.076289 0.044175
0.162336 0.445476 0.071356 0.050844
0.064260 0.614718 0.084626 0.042726
0.057118 0.559440 0.073866 0.063075
0.598413 0.450084 0.071453 0.047575
0.058945 0.664356 0.071177 0.045632
0.057737 0.881443 0.065118 0.047832
0.599267 0.394929 0.060182 0.052179
0.717405 0.584017 0.084366 0.053819
0.937277 0.055924 0.085093 0.060985
0.708373 0.470031 0.070328 0.045256
0.708074 0.057402 0.095306 0.061018
0.821816 0.050927 0.088486 0.051999
0.057531 0.965891 0.095280 0.045836
0.382045 0.505120 0.070324 0.046034
0.055255 0.498765 0.056065 0.043856
0.489632 0.537410 0.070090 0.048178
0.936159 0.971995 0.064106 0.034682
0.710503 0.932231 0.083488 0.042839
0.163607 0.220443 0.068742 0.047546
0.931849 0.714648 0.077151 0.050344
0.056044 0.763246 0.075316 0.045485
0.820921 0.500705 0.080121 0.041111
0.709659 0.830142 0.068355 0.046934
0.276099 0.551785 0.067239 0.049226
0.269552 0.056584 0.079704 0.044857
0.494846 0.584806 0.073482 0.038178
0.054994 0.384274 0.073845 0.053396
0.165975 0.969927 0.058965 0.038610
0.704168 0.883880 0.072082 0.053927
0.171848 0.607077 0.082422 0.052997
0.493712 0.688775 0.094633 0.055650
0.710741 0.782137 0.059542 0.041382
0.492833 0.425415 0.084519 0.057061
0.168206 0.661874 0.070262 0.050032
0.603085 0.056561 0.069675 0.055896
0.054681 0.062291 0.059697 0.055430
0.603888 0.627919 0.072416 0.065247
0.821886 0.602931 0.093009 0.050182
0.054332 0.174212 0.065070 0.043669
0.604930 0.913970 0.086718 0.042276
0.496718 0.365791 0.057855 0.051186
0.710102 0.739477 0.057940 0.038785
0.389958 0.976955 0.077130 0.036175
0.935318 0.225126 0.089796 0.041150
0.704784 0.351581 0.087877 0.060674
0.495703 0.918496 0.054614 0.045701
0.385779 0.899958 0.081788 0.036457
0.267497 0.219356 0.066770 0.055742
0.055742 0.227600 0.061162 0.052095
0.383324 0.398482 0.070617 0.054461
0.380983 0.738987 0.071529 0.054258
0.383721 0.054046 0.079438 0.052468
0.490412 0.136777 0.081579 0.059461
0.161012 0.054968 0.071540 0.044528
0.608690 0.966084 0.082546 0.051122
0.277613 0.956247 0.076738 0.057078
0.819173 0.549715 0.054904 0.045347
0.053070 0.923527 0.067335 0.033540
0.265032 0.276311 0.078659 0.039359
0.057412 0.714359 0.057476 0.044544
0.384177 0.217920 0.063279 0.053056
0.163419 0.393977 0.056994 0.043745
0.163789 0.339434 0.058507 0.054487
0.817305 0.110006 0.081572 0.058458
0.815669 0.899077 0.082131 0.056787
0.932313 0.549906 0.071204 0.055100
0.494415 0.062459 0.069652 0.066152
0.715432 0.971513 0.097468 0.033078
0.821715 0.958556 0.057397 0.050941
