0.850589 0.793452 0.059119 0.033401
0.142647 0.540992 0.057464 0.038916
0.556211 0.704871 0.055795 0.034695
0.565550 0.339750 0.070436 0.039369
0.750706 0.858299 0.061197 0.039409
0.253040 0.633500 0.067246 0.038738
0.149547 0.331757 0.052771 0.034191
0.455707 0.739005 0.059022 0.040254
0.557862 0.846770 0.063404 0.031117
0.352771 0.292604 0.055503 0.032560
0.254280 0.504904 0.065453 0.032531
0.943321 0.593965 0.056138 0.035986
0.355496 0.150841 0.060539 0.034805
0.454531 0.303170 0.066983 0.037273
0.456832 0.815404 0.060606 0.030460
0.553650 0.808112 0.056822 0.035126
0.762256 0.343536 0.055708 0.033481
0.946002 0.553985 0.055624 0.032360
0.357258 0.186466 0.059965 0.027246
0.347274 0.744047 0.054115 0.030291
0.656847 0.762239 0.063096 0.030478
0.352249 0.845272 0.055941 0.029085
0.555497 0.597760 0.051131 0.040145
0.556616 0.378849 0.056052 0.030544
0.948573 0.440274 0.054721 0.035920
0.559246 0.215570 0.053461 0.034891
0.554523 0.668366 0.054379 0.030328
0.148801 0.373304 0.060481 0.030703
0.253155 0.587497 0.063745 0.038370
0.852445 0.861334 0.051472 0.028879
0.149074 0.652915 0.060044 0.028274
0.862841 0.226367 0.050145 0.032946
0.753362 0.698731 0.053511 0.033651
0.763243 0.170620 0.055095 0.030594
0.853150 0.721853 0.049671 0.029258
0.243277 0.740729 0.051253 0.039702
0.852419 0.560942 0.051018 0.031191
0.552711 0.879333 0.054944 0.029397
0.654988 0.656455 0.048247 0.032418
0.850672 0.756495 0.047321 0.030205
0.351197 0.911682 0.058021 0.032916
0.149539 0.259251 0.047743 0.031972
0.560751 0.485938 0.053456 0.033141
0.348297 0.779814 0.059176 0.032907
0.658334 0.553253 0.057770 0.033619
0.758535 0.233678 0.057305 0.026421
0.349992 0.629806 0.057553 0.042680
0.459841 0.778590 0.057122 0.030431
0.561769 0.292649 0.055160 0.039495
0.457038 0.193720 0.057525 0.031395
0.257559 0.157975 0.054189 0.033034
0.357310 0.218175 0.057663 0.027697
0.254256 0.462984 0.053497 0.035861
0.560197 0.116210 0.056485 0.026811
0.258271 0.260852 0.057823 0.031465
0.854490 0.491416 0.050307 0.035125
0.663592 0.238104 0.050399 0.035016
0.759720 0.527836 0.049408 0.031086
0.658543 0.586933 0.064207 0.025305
0.256918 0.191921 0.048578 0.030810
0.656683 0.837971 0.048550 0.031828
0.145354 0.875712 0.055307 0.035599
0.456537 0.525234 0.059446 0.034561
0.759990 0.413406 0.056039 0.038990
0.244519 0.820390 0.050817 0.029846
0.149123 0.689637 0.052004 0.039717
0.256901 0.427273 0.062306 0.029902
0.652622 0.798724 0.054028 0.034787
0.764489 0.265537 0.051108 0.030487
0.658483 0.081974 0.052155 0.031483
0.858493 0.380488 0.052519 0.041159
0.655736 0.691504 0.053921 0.026581
0.147085 0.503926 0.057296 0.027241
0.853925 0.662828 0.048182 0.030517
0.944741 0.514268 0.049010 0.033223
0.948001 0.401882 0.051522 0.031118
0.937195 0.839269 0.057628 0.027637
0.354799 0.254016 0.049340 0.035594
0.559035 0.253864 0.053722 0.029810
0.255908 0.323950 0.055642 0.033224
0.456370 0.414705 0.054721 0.036831
0.561549 0.182270 0.051218 0.027334
0.654969 0.490387 0.044281 0.032870
0.152478 0.222915 0.054911 0.032384
0.459608 0.265720 0.058887 0.034395
0.936456 0.910375 0.048600 0.036049
0.555788 0.414312 0.053684 0.030150
0.459835 0.228275 0.056150 0.029771
0.255339 0.358372 0.040693 0.029818
0.663598 0.271935 0.057583 0.028010
0.349493 0.589313 0.058674 0.030198
0.853197 0.625958 0.047726 0.033059
0.346885 0.484496 0.045041 0.030466
0.149792 0.292486 0.049740 0.033905
0.652413 0.724138 0.055694 0.035501
0.665107 0.199341 0.053371 0.040451
0.552179 0.636503 0.057966 0.023273
0.662559 0.344473 0.051224 0.033094
0.461008 0.131239 0.061531 0.028368
0.938277 0.801558 0.044462 0.035645
0.936738 0.871836 0.053316 0.026721
0.152808 0.112952 0.051297 0.034868
0.250867 0.544495 0.048071 0.037469
0.658449 0.619114 0.049730 0.033964
0.349299 0.516288 0.054015 0.027603
0.657692 0.412244 0.051308 0.030152
0.758212 0.660373 0.045989 0.032898
0.666637 0.304446 0.053331 0.035703
0.354128 0.417487 0.052543 0.035728
0.258610 0.393198 0.047731 0.030855
0.257887 0.122044 0.048746 0.032229
0.146158 0.475319 0.060536 0.025534
0.554322 0.740919 0.054452 0.025426
0.149548 0.441563 0.052825 0.030118
0.147621 0.617085 0.049723 0.034225
0.253269 0.228705 0.046546 0.030004
0.555445 0.771346 0.044988 0.031417
0.658400 0.451661 0.047661 0.038733
0.253603 0.083090 0.055682 0.036781
0.756317 0.559264 0.048117 0.028357
0.655236 0.867864 0.050233 0.026777
0.354695 0.552042 0.054480 0.035449
0.144418 0.763492 0.051821 0.033145
0.461464 0.160918 0.056174 0.025618
0.763151 0.303029 0.052620 0.035241
0.852201 0.592322 0.051724 0.026703
0.150479 0.802406 0.056739 0.031766
0.149209 0.186830 0.045313 0.034537
0.940812 0.632652 0.043186 0.034764
0.753097 0.816736 0.053097 0.032442
0.553806 0.914874 0.054915 0.035982
0.943319 0.478083 0.043764 0.029142
0.458089 0.622418 0.047888 0.038063
0.358203 0.113334 0.057034 0.029458
0.755031 0.773306 0.049720 0.044232
0.351149 0.878353 0.053002 0.024002
0.942449 0.760063 0.046020 0.035935
0.455847 0.454371 0.042946 0.035606
0.758886 0.492826 0.045887 0.034567
0.456231 0.490425 0.056450 0.026863
0.756864 0.893737 0.048134 0.027604
0.353373 0.326671 0.062657 0.026586
0.660510 0.377668 0.045185 0.031066
0.560821 0.081905 0.051157 0.029227
0.351340 0.673844 0.046108 0.033875
0.558774 0.554528 0.044900 0.036307
0.861789 0.302405 0.049589 0.027432
0.750269 0.734081 0.049036 0.027078
0.452597 0.913708 0.057106 0.032756
0.149585 0.838917 0.045329 0.033288
0.860195 0.338529 0.044766 0.034855
0.458831 0.375934 0.064180 0.035044
0.861778 0.266052 0.042313 0.035372
0.953522 0.223332 0.051222 0.031729
0.953615 0.290128 0.047066 0.030170
0.761389 0.453867 0.045924 0.032574
0.248608 0.703490 0.049464 0.027316
0.348413 0.709753 0.042067 0.031584
0.958542 0.147446 0.045032 0.030750
0.949984 0.364834 0.047098 0.031848
0.949399 0.328946 0.051511 0.029738
0.762360 0.595579 0.057778 0.036799
0.957897 0.089235 0.048028 0.030040
0.152446 0.076476 0.052513 0.027072
0.455728 0.339205 0.057061 0.027540
0.852762 0.460431 0.050779 0.022382
0.252463 0.860082 0.056685 0.040189
0.255614 0.291452 0.064089 0.024165
0.252822 0.900630 0.053061 0.031481
0.755847 0.630276 0.048874 0.023674
0.458732 0.557599 0.060737 0.022973
0.149945 0.150012 0.053468 0.031487
0.142056 0.729376 0.063355 0.025279
0.457390 0.586640 0.050503 0.027144
0.659440 0.153779 0.043493 0.035082
0.956847 0.183010 0.036821 0.033511
0.246569 0.781915 0.043907 0.034585
0.851786 0.526966 0.044242 0.029871
0.557529 0.520135 0.062425 0.026311
0.863890 0.193844 0.041988 0.025956
0.945249 0.722701 0.057676 0.029384
0.460670 0.662560 0.051888 0.035878
0.452772 0.882565 0.041404 0.025830
0.763523 0.135468 0.040208 0.026513
0.855418 0.425352 0.040173 0.039521
0.352035 0.358420 0.045659 0.028740
0.756261 0.376518 0.051730 0.022255
0.851902 0.827230 0.037665 0.026223
0.250397 0.670999 0.048393 0.025022
0.360363 0.078039 0.053065 0.030100
0.660787 0.118121 0.048638 0.031040
0.350238 0.813515 0.038055 0.027071
0.943879 0.691290 0.041722 0.025417
0.862905 0.161633 0.037537 0.032919
0.144180 0.908848 0.042186 0.028232
0.755885 0.919892 0.057897 0.024211
0.866492 0.086287 0.052707 0.034501
0.465264 0.697898 0.062448 0.029728
0.348745 0.452681 0.036781 0.024889
0.851108 0.890928 0.043871 0.021691
0.863315 0.124001 0.053968 0.033014
0.147223 0.407171 0.037886 0.026197
0.143039 0.581570 0.040185 0.028133
0.854736 0.691387 0.044683 0.020583
0.460269 0.850675 0.054509 0.030551
0.762543 0.077096 0.050287 0.021960
0.760387 0.203052 0.045309 0.024821
0.657537 0.905358 0.049623 0.039751
0.954888 0.259011 0.036186 0.025776
0.761597 0.104339 0.037571 0.028041
0.350004 0.385211 0.045189 0.018483
0.958217 0.118513 0.045581 0.019015
0.853698 0.916447 0.044571 0.023443
0.654680 0.521879 0.046837 0.019726
0.558859 0.149672 0.050673 0.028544
0.461343 0.100615 0.044191 0.026003
0.941345 0.663459 0.040287 0.022075
0.556357 0.449970 0.047530 0.032672
0.461029 0.075845 0.047758 0.020429
0.399926 0.083603 0.030273 0.022573
