0.507726 0.603167 0.065627 0.043997
0.931735 0.302496 0.067355 0.040507
0.510994 0.652933 0.071278 0.050300
0.390850 0.160787 0.066792 0.036600
0.719434 0.529079 0.063481 0.037710
0.505165 0.310404 0.077923 0.039001
0.717683 0.488970 0.061793 0.041146
0.177886 0.247330 0.064623 0.048606
0.609937 0.415524 0.070535 0.047218
0.615550 0.284652 0.067866 0.040736
0.824258 0.127781 0.077756 0.045393
0.406441 0.271525 0.076833 0.043470
0.832795 0.623361 0.063806 0.044953
0.826342 0.292750 0.072818 0.043339
0.509271 0.349917 0.079138 0.036893
0.833803 0.804377 0.071956 0.046777
0.388717 0.118343 0.079701 0.044638
0.510835 0.474014 0.076831 0.044302
0.833599 0.758594 0.068055 0.039083
0.514341 0.701718 0.061057 0.042630
0.294227 0.578273 0.077105 0.047782
0.393333 0.435545 0.077316 0.038799
0.601674 0.081688 0.078266 0.045746
0.618810 0.324705 0.069926 0.035706
0.934505 0.196725 0.072744 0.037305
0.509032 0.393024 0.062924 0.041473
0.397241 0.393732 0.064693 0.041440
0.828888 0.668351 0.072723 0.042534
0.511721 0.912811 0.083378 0.047164
0.714248 0.796810 0.070235 0.044376
0.506130 0.782419 0.064486 0.040548
0.831113 0.713440 0.069189 0.045776
0.938304 0.548286 0.063283 0.042769
0.502996 0.434010 0.064854 0.034697
0.715251 0.843674 0.076602 0.048536
0.718137 0.324350 0.076424 0.043212
0.400022 0.679222 0.073175 0.041564
0.391312 0.317062 0.062977 0.043987
0.177882 0.472946 0.088146 0.054573
0.716225 0.573515 0.069567 0.046161
0.175821 0.522881 0.069802 0.042811
0.176213 0.420587 0.074042 0.045781
0.608261 0.864179 0.070154 0.045298
0.717601 0.446499 0.058248 0.039632
0.512697 0.867531 0.075733 0.041021
0.280799 0.078528 0.072882 0.042831
0.173437 0.338992 0.080254 0.043919
0.390835 0.072624 0.073023 0.045027
0.058194 0.347468 0.080410 0.041731
0.715169 0.366980 0.060204 0.040830
0.173852 0.085610 0.074776 0.037677
0.178891 0.657432 0.079389 0.044149
0.932249 0.960534 0.061817 0.042373
0.511136 0.519760 0.069329 0.043950
0.721857 0.248669 0.064499 0.046288
0.182606 0.806445 0.082027 0.046763
0.060066 0.447619 0.062141 0.046711
0.616001 0.816795 0.070235 0.044143
0.934336 0.265002 0.071502 0.035261
0.183259 0.756519 0.080884 0.050393
0.179003 0.611068 0.072535 0.044992
0.287925 0.122410 0.063724 0.042905
0.607171 0.129069 0.070052 0.043727
0.718634 0.667573 0.063682 0.040091
0.067125 0.265868 0.057492 0.039816
0.938614 0.503478 0.061304 0.042573
0.066484 0.802684 0.073123 0.051868
0.514316 0.743502 0.069425 0.036691
0.067932 0.224720 0.059630 0.041357
0.183489 0.853925 0.073833 0.044237
0.506475 0.267401 0.062898 0.045028
0.057471 0.587409 0.078990 0.049396
0.059351 0.397492 0.084665 0.052004
0.293083 0.466684 0.068234 0.045895
0.824786 0.217473 0.064617 0.047731
0.178444 0.902788 0.063089 0.046033
0.501269 0.078721 0.066677 0.034217
0.944392 0.664107 0.069408 0.037377
0.720501 0.123651 0.069044 0.048544
0.618272 0.537145 0.072098 0.041530
0.290887 0.733651 0.064576 0.042376
0.065164 0.083382 0.077113 0.037273
0.059879 0.039396 0.088920 0.046226
0.394534 0.199115 0.065025 0.033068
0.282365 0.923803 0.069816 0.043366
0.180680 0.201356 0.069266 0.039491
0.714596 0.077000 0.063496 0.040016
0.067592 0.860494 0.084599 0.053857
0.941734 0.590897 0.064311 0.036919
0.295475 0.387945 0.078260 0.046018
0.834886 0.580702 0.056254 0.037916
0.293907 0.521644 0.063161 0.059659
0.501039 0.145401 0.064669 0.042062
0.614633 0.492576 0.053076 0.043919
0.053416 0.640866 0.075382 0.056389
0.939236 0.627321 0.065300 0.035170
0.721828 0.167808 0.085700 0.038121
0.930182 0.914807 0.058776 0.043830
0.613390 0.246281 0.054307 0.034431
0.399318 0.474302 0.057056 0.038204
0.506302 0.562678 0.056652 0.035161
0.821717 0.338624 0.067034 0.047360
0.396188 0.355033 0.066696 0.031086
0.392538 0.632931 0.075617 0.045687
0.183502 0.705637 0.083096 0.049686
0.609062 0.958884 0.080045 0.046005
0.075424 0.966969 0.087279 0.042940
0.716633 0.711550 0.063662 0.044012
0.070935 0.123817 0.062600 0.039993
0.718502 0.890676 0.064738 0.041822
0.294778 0.337834 0.074731 0.042240
0.282131 0.969433 0.066458 0.043695
0.512870 0.962846 0.069746 0.047980
0.936775 0.831804 0.070824 0.045660
0.828720 0.897326 0.061979 0.047505
0.611198 0.911658 0.065251 0.043787
0.720690 0.205575 0.084011 0.038617
0.934169 0.380888 0.071114 0.037891
0.611457 0.172223 0.060878 0.042996
0.177298 0.566336 0.070782 0.040978
0.835255 0.545016 0.056312 0.033240
0.823096 0.171756 0.057327 0.041259
0.060476 0.538211 0.062164 0.045934
0.932304 0.084469 0.051655 0.035529
0.615408 0.368263 0.060378 0.046479
0.396661 0.724325 0.065450 0.044099
0.393603 0.975149 0.078185 0.033992
0.936515 0.156792 0.055190 0.042029
0.938603 0.119160 0.059416 0.032368
0.178007 0.292945 0.062834 0.039890
0.825205 0.418656 0.058083 0.048882
0.289781 0.875661 0.073005 0.045948
0.293768 0.827952 0.064965 0.040417
0.619175 0.641008 0.058122 0.040708
0.827092 0.254880 0.067215 0.029952
0.715910 0.621178 0.055466 0.048515
0.832233 0.085606 0.068397 0.035313
0.714634 0.753285 0.048330 0.037904
0.833193 0.849197 0.066514 0.040994
0.061558 0.747832 0.062918 0.054932
0.287180 0.254133 0.056280 0.040337
0.290517 0.688407 0.073543 0.045893
0.601417 0.035238 0.065634 0.046371
0.394284 0.515655 0.056878 0.039430
0.832648 0.508863 0.047108 0.035739
0.177593 0.041489 0.076256 0.046962
0.936306 0.232948 0.068399 0.030461
0.821343 0.042283 0.066713 0.049520
0.390999 0.842634 0.061713 0.047720
0.285545 0.296804 0.063429 0.034051
0.611726 0.209746 0.051520 0.029986
0.505389 0.185250 0.072647 0.038307
0.394385 0.232376 0.080487 0.033046
0.060758 0.695424 0.072295 0.049805
0.398338 0.556068 0.050166 0.039823
0.930850 0.043737 0.062201 0.043175
0.937655 0.751487 0.065077 0.040822
0.938592 0.343959 0.077271 0.034151
0.287937 0.169097 0.059061 0.046131
0.724597 0.286590 0.062605 0.026567
0.293407 0.782857 0.060080 0.048614
0.071081 0.305689 0.075657 0.037032
0.503836 0.824725 0.066086 0.040184
0.265194 0.033397 0.064974 0.041833
0.617837 0.456499 0.050416 0.027231
0.938908 0.707511 0.064156 0.046624
0.385211 0.032173 0.065364 0.033931
0.064821 0.493497 0.060071 0.039784
0.070420 0.916870 0.087323 0.053424
0.712665 0.036249 0.072223 0.039333
0.618254 0.686219 0.065933 0.045486
0.398362 0.594198 0.058109 0.031125
0.495446 0.037543 0.055781 0.046237
0.617928 0.590112 0.060975 0.056615
0.172019 0.125992 0.080986 0.041407
0.940498 0.461310 0.054730 0.035156
0.289559 0.634994 0.056971 0.051962
0.508160 0.221774 0.080901 0.042567
0.936610 0.788853 0.056001 0.035312
0.832347 0.466761 0.052000 0.046653
0.399066 0.765957 0.058726 0.039147
0.935797 0.420530 0.063821 0.043159
0.719271 0.407248 0.051650 0.035985
0.181189 0.380561 0.072453 0.032025
0.935935 0.874014 0.056928 0.035751
0.392650 0.803740 0.065223 0.030447
0.820717 0.379237 0.060656 0.033469
0.828472 0.941746 0.056346 0.040402
0.287180 0.212589 0.054425 0.040334
0.720488 0.963711 0.069138 0.046557
0.497878 0.110806 0.047577 0.024676
0.175110 0.163028 0.062462 0.033797
0.395351 0.894247 0.073158 0.050868
0.615866 0.732975 0.052463 0.047855
0.395181 0.939824 0.062944 0.039263
0.721453 0.933946 0.070187 0.042792
0.072675 0.174736 0.065141 0.053711
0.291803 0.426164 0.054662 0.026841
0.614528 0.775104 0.049002 0.039453
0.177603 0.956567 0.070393 0.055813
0.833159 0.971752 0.065330 0.032460
