0.774145 0.413279 0.059472 0.032065
0.674477 0.857069 0.061989 0.029635
0.102225 0.851554 0.059016 0.030885
0.484811 0.136022 0.059917 0.026698
0.772805 0.316976 0.056556 0.032931
0.571574 0.836410 0.055835 0.034773
0.371904 0.902375 0.064298 0.028954
0.773475 0.870486 0.057150 0.034286
0.195242 0.710251 0.054667 0.030363
0.480543 0.603198 0.058701 0.029739
0.770052 0.830586 0.053035 0.036994
0.576505 0.677596 0.060740 0.032827
0.587118 0.245049 0.055242 0.030879
0.857332 0.598631 0.055947 0.032315
0.677060 0.574784 0.058499 0.035905
0.572007 0.748142 0.052729 0.038663
0.390105 0.209080 0.056019 0.031256
0.475683 0.716224 0.063983 0.034938
0.581938 0.432990 0.064060 0.031122
0.676527 0.532959 0.052550 0.035525
0.580949 0.511249 0.055962 0.032190
0.678585 0.494606 0.056185 0.029701
0.859394 0.804129 0.051801 0.032826
0.574412 0.792396 0.056219 0.041810
0.379411 0.866002 0.048197 0.037434
0.860600 0.278636 0.051607 0.026995
0.200076 0.217180 0.055445 0.029302
0.101423 0.507918 0.050658 0.034771
0.684474 0.144985 0.056592 0.035428
0.676434 0.782400 0.049455 0.033413
0.867522 0.431786 0.055815 0.034924
0.197371 0.746589 0.056327 0.034688
0.108020 0.785241 0.058142 0.031793
0.105930 0.358298 0.058451 0.037248
0.485958 0.300009 0.051632 0.027484
0.673647 0.819572 0.054909 0.031142
0.488703 0.266064 0.054264 0.031140
0.859347 0.880015 0.054775 0.032794
0.670128 0.654222 0.060510 0.033620
0.202317 0.291440 0.049116 0.034638
0.195738 0.181073 0.052440 0.032167
0.286880 0.638507 0.060628 0.036115
0.104786 0.628527 0.062402 0.043242
0.382269 0.545093 0.052124 0.033625
0.199377 0.557569 0.056204 0.035832
0.771713 0.380072 0.049589 0.026609
0.102578 0.144593 0.055195 0.029825
0.193008 0.779321 0.051146 0.028909
0.676769 0.747510 0.049094 0.033597
0.471594 0.865198 0.054370 0.028046
0.294522 0.342060 0.058555 0.033321
0.784134 0.140657 0.058306 0.035288
0.486309 0.337657 0.055418 0.038923
0.199992 0.334087 0.054180 0.037329
0.390266 0.249566 0.056820 0.033711
0.097116 0.582094 0.053633 0.037743
0.679565 0.457822 0.050608 0.036248
0.199419 0.444581 0.053745 0.032654
0.861254 0.136889 0.060516 0.035005
0.775203 0.198399 0.056840 0.025928
0.860081 0.667574 0.052334 0.043600
0.194342 0.643345 0.057069 0.027563
0.196715 0.109055 0.053504 0.034602
0.291345 0.453620 0.047487 0.039556
0.103885 0.206925 0.051179 0.033331
0.374900 0.724823 0.064704 0.030905
0.379730 0.655913 0.052386 0.034619
0.104387 0.399602 0.051868 0.037281
0.392756 0.316925 0.050203 0.035301
0.101141 0.240124 0.054057 0.029797
0.489333 0.423517 0.062037 0.036295
0.389522 0.138957 0.056734 0.034442
0.586679 0.211883 0.054269 0.031929
0.186019 0.851375 0.053414 0.035262
0.379209 0.690268 0.062974 0.031942
0.294804 0.141765 0.057627 0.035748
0.388007 0.284399 0.055600 0.025508
0.478275 0.797362 0.045814 0.037143
0.865596 0.176598 0.054644 0.035753
0.381333 0.616013 0.051048 0.032307
0.388704 0.102118 0.053284 0.029647
0.682506 0.217717 0.049032 0.036927
0.863890 0.314583 0.051133 0.036597
0.484485 0.676823 0.056858 0.033625
0.389125 0.402441 0.057199 0.035239
0.767127 0.790350 0.045781 0.031605
0.856036 0.771064 0.049171 0.028504
0.286491 0.750966 0.049571 0.035516
0.099566 0.747473 0.048604 0.035481
0.291550 0.492114 0.052071 0.032642
0.284504 0.820123 0.062425 0.030495
0.293454 0.569844 0.058088 0.047078
0.473149 0.898858 0.048715 0.031704
0.579371 0.469253 0.055880 0.037105
0.574270 0.876731 0.055745 0.032867
0.589024 0.138049 0.050945 0.031700
0.589742 0.102577 0.063781 0.031697
0.572154 0.712388 0.049867 0.027805
0.099121 0.709606 0.044549 0.033306
0.581418 0.395842 0.052132 0.037970
0.860374 0.527929 0.045497 0.040448
0.287761 0.713418 0.056019 0.037427
0.586280 0.175621 0.049726 0.036148
0.580591 0.317921 0.055476 0.035402
0.275126 0.887063 0.047023 0.024818
0.292562 0.411924 0.055506 0.035007
0.478236 0.833026 0.063228 0.026147
0.864366 0.356442 0.055350 0.038028
0.101979 0.818326 0.048315 0.025075
0.683187 0.105813 0.053836 0.034588
0.283641 0.786037 0.058998 0.027129
0.486141 0.499013 0.055515 0.031336
0.587330 0.281125 0.045692 0.029240
0.861947 0.708320 0.052263 0.030977
0.480242 0.753416 0.054544 0.036897
0.680728 0.288281 0.056669 0.041112
0.375342 0.824249 0.053322 0.034233
0.201882 0.251318 0.053961 0.031020
0.197792 0.517933 0.052708 0.028222
0.860698 0.246763 0.045791 0.025836
0.277213 0.854313 0.044743 0.032509
0.480912 0.639813 0.048465 0.029946
0.488728 0.460587 0.057068 0.036171
0.861801 0.101991 0.055580 0.027644
0.488160 0.200625 0.050354 0.028866
0.099930 0.543923 0.058732 0.026365
0.861730 0.919105 0.049014 0.033155
0.767262 0.754160 0.043221 0.032180
0.768050 0.639727 0.056212 0.036932
0.106379 0.915759 0.065489 0.032098
0.781048 0.105847 0.047520 0.031460
0.681256 0.180384 0.049911 0.033536
0.868405 0.394164 0.057458 0.027173
0.102753 0.672859 0.043644 0.032027
0.389325 0.359990 0.044892 0.039614
0.680458 0.421342 0.052163 0.026673
0.104797 0.468938 0.048685 0.033706
0.673411 0.892127 0.043538 0.029920
0.287900 0.678008 0.049239 0.032435
0.487059 0.167978 0.056622 0.026350
0.287809 0.607419 0.054901 0.028620
0.480272 0.571769 0.059480 0.025574
0.770654 0.680379 0.050563 0.035521
0.200346 0.144039 0.043013 0.031719
0.292488 0.181378 0.049901 0.041690
0.490308 0.103215 0.048758 0.029499
0.387871 0.441441 0.049398 0.034771
0.857441 0.566540 0.046664 0.025470
0.382177 0.581333 0.054194 0.024860
0.103215 0.434103 0.050756 0.026765
0.771446 0.227438 0.051827 0.026137
0.193904 0.814443 0.043278 0.028343
0.765769 0.903345 0.043886 0.022027
0.860175 0.842952 0.051831 0.033828
0.275735 0.914902 0.053909 0.030747
0.580665 0.579903 0.047437 0.033772
0.772206 0.284295 0.038857 0.032169
0.105232 0.284401 0.056505 0.044535
0.675536 0.618036 0.050115 0.036725
0.774540 0.451815 0.060954 0.038243
0.864434 0.215402 0.046855 0.024836
0.482678 0.536962 0.054107 0.033616
0.382906 0.479159 0.044701 0.032669
0.769608 0.718498 0.050283 0.031470
0.198341 0.406464 0.044135 0.029143
0.485308 0.231062 0.039423 0.030996
0.859570 0.629958 0.047103 0.024710
0.108324 0.107598 0.054878 0.033063
0.580719 0.640986 0.051241 0.028373
0.861414 0.490916 0.046093 0.025651
0.582601 0.359508 0.042013 0.034500
0.378291 0.757962 0.048951 0.026142
0.188239 0.890069 0.039976 0.034647
0.185910 0.924534 0.047497 0.029913
0.780622 0.172509 0.052832 0.022176
0.387739 0.175389 0.050613 0.030498
0.292494 0.221369 0.048529 0.032535
0.770766 0.598042 0.048015 0.034624
0.485777 0.379702 0.041853 0.039758
0.773828 0.349637 0.043174 0.023927
0.107196 0.882360 0.053432 0.021374
0.293725 0.302211 0.054163 0.038097
0.382863 0.512222 0.043212 0.022749
0.380327 0.930782 0.059030 0.026295
0.774687 0.490143 0.052807 0.031709
0.374342 0.788028 0.045575 0.024813
0.774977 0.557678 0.046443 0.035430
0.294329 0.377089 0.064877 0.029035
0.856386 0.737782 0.040288 0.028527
0.191731 0.600779 0.053305 0.044227
0.681768 0.251034 0.046928 0.028839
0.570783 0.930526 0.063319 0.026354
0.575793 0.905081 0.060584 0.021439
0.102756 0.173882 0.037079 0.022151
0.479317 0.928541 0.045770 0.024223
0.672184 0.924546 0.058847 0.027579
0.673019 0.713212 0.051728 0.029537
0.299991 0.104212 0.047925 0.025155
0.193594 0.676021 0.043081 0.028894
0.776394 0.253957 0.052181 0.019601
0.580842 0.545274 0.039404 0.030785
0.769873 0.929260 0.038732 0.022739
0.670294 0.686084 0.048315 0.025627
0.200577 0.373416 0.041841 0.032571
0.289217 0.525320 0.048345 0.030154
0.107285 0.325158 0.053613 0.024010
0.295598 0.257550 0.043154 0.032630
0.683898 0.386271 0.046918 0.033083
0.201857 0.481154 0.040998 0.031161
0.680332 0.338173 0.053843 0.050297
0.777240 0.525400 0.048541 0.023491
0.576962 0.611348 0.046065 0.022052
0.865741 0.463035 0.052990 0.019250
