0.486348 0.669211 0.062595 0.039163
0.375920 0.912494 0.063015 0.036954
0.486263 0.744570 0.060197 0.038197
0.822799 0.382712 0.069449 0.041516
0.823313 0.146423 0.059940 0.034320
0.486360 0.559876 0.060770 0.040261
0.607559 0.283299 0.062235 0.035276
0.377416 0.264875 0.060652 0.042186
0.826509 0.262956 0.056942 0.040212
0.168413 0.889546 0.055760 0.034009
0.375014 0.745982 0.060646 0.037991
0.937243 0.763259 0.061444 0.034045
0.494644 0.173254 0.052515 0.040157
0.481123 0.829803 0.067468 0.041756
0.937225 0.921667 0.070806 0.037331
0.169875 0.467357 0.055416 0.037649
0.823735 0.074234 0.069646 0.036161
0.828206 0.342567 0.057419 0.036596
0.273672 0.293095 0.054099 0.039459
0.167128 0.930296 0.062538 0.040106
0.940644 0.319209 0.065636 0.041688
0.940295 0.649985 0.060937 0.041213
0.606175 0.408161 0.054255 0.035858
0.485963 0.933098 0.053086 0.036112
0.941961 0.441948 0.058715 0.040310
0.940732 0.842179 0.056696 0.038495
0.268930 0.817608 0.054505 0.037573
0.384034 0.217893 0.056735 0.043309
0.606546 0.449066 0.060155 0.044306
0.488902 0.598407 0.061745 0.038126
0.277248 0.366151 0.063665 0.039585
0.730997 0.237883 0.061525 0.030567
0.269727 0.777337 0.058057 0.042457
0.943330 0.608270 0.061791 0.038728
0.833044 0.221562 0.061162 0.038575
0.607250 0.324560 0.056076 0.038863
0.726797 0.205438 0.062302 0.032583
0.942793 0.568599 0.068137 0.038855
0.944052 0.484214 0.054653 0.041884
0.271681 0.407162 0.058806 0.041086
0.942716 0.802589 0.060754 0.040968
0.269624 0.217404 0.060934 0.034634
0.066939 0.340700 0.058332 0.040665
0.275756 0.253132 0.048766 0.037459
0.942498 0.883140 0.053669 0.040283
0.064728 0.207944 0.051805 0.041696
0.829158 0.029886 0.076803 0.047666
0.941963 0.149092 0.064093 0.040514
0.607826 0.367464 0.062433 0.042724
0.270963 0.708784 0.060677 0.035443
0.947115 0.191129 0.062069 0.041691
0.722456 0.168011 0.056855 0.036862
0.275733 0.329874 0.051162 0.033900
0.061994 0.124002 0.049775 0.045029
0.825917 0.185356 0.051376 0.034868
0.271540 0.562859 0.055426 0.042255
0.938376 0.074688 0.064399 0.039394
0.066273 0.764890 0.055893 0.043840
0.166868 0.508572 0.049976 0.041950
0.833294 0.544951 0.057182 0.035662
0.067665 0.809117 0.047898 0.041839
0.279264 0.103219 0.057989 0.036867
0.273301 0.178405 0.050893 0.042541
0.273368 0.669469 0.055837 0.039710
0.269271 0.853073 0.051851 0.032790
0.064645 0.623911 0.055193 0.044145
0.069363 0.719977 0.056066 0.042287
0.272055 0.629899 0.050854 0.040267
0.481203 0.707772 0.052052 0.035575
0.377513 0.652918 0.058858 0.042464
0.068756 0.846963 0.046631 0.030879
0.942468 0.402905 0.050509 0.039315
0.373819 0.699920 0.056659 0.047676
0.488725 0.633015 0.056271 0.032745
0.942630 0.276035 0.055286 0.039070
0.716513 0.341499 0.056624 0.040571
0.373930 0.787197 0.054184 0.041334
0.828174 0.304589 0.049736 0.036373
0.715939 0.459220 0.053952 0.035753
0.606948 0.210802 0.047978 0.041422
0.943908 0.690507 0.050875 0.036783
0.942959 0.526846 0.049565 0.042992
0.494614 0.212276 0.056433 0.037315
0.062360 0.074916 0.054852 0.044515
0.483482 0.518163 0.051755 0.043586
0.378901 0.129688 0.072794 0.041829
0.269534 0.739483 0.061317 0.032463
0.714073 0.421984 0.055599 0.036833
0.938571 0.361518 0.051637 0.036779
0.272085 0.883963 0.051007 0.031627
0.163802 0.160992 0.062193 0.036075
0.067153 0.388943 0.050528 0.048635
0.064048 0.252574 0.047622 0.038285
0.941978 0.111974 0.049591 0.033141
0.831194 0.457494 0.053801 0.042246
0.940431 0.728523 0.048891 0.032398
0.835407 0.583753 0.059408 0.037329
0.949479 0.235596 0.053510 0.041691
0.060091 0.297082 0.046949 0.038798
0.264596 0.449356 0.059825 0.040099
0.064041 0.167002 0.050900 0.035492
0.069079 0.671505 0.061282 0.048643
0.168386 0.614089 0.053055 0.035791
0.161615 0.202028 0.067710 0.043202
0.167449 0.852331 0.048945 0.039643
0.379272 0.490577 0.054912 0.034918
0.168348 0.966405 0.056018 0.031923
0.070599 0.438575 0.059902 0.043994
0.276176 0.140190 0.049735 0.033193
0.272283 0.914747 0.050038 0.032277
0.487903 0.965518 0.060022 0.028700
0.714956 0.500369 0.057912 0.045607
0.386160 0.173606 0.067132 0.042926
0.939240 0.031621 0.059213 0.043782
0.071085 0.482339 0.053517 0.040467
0.072215 0.909508 0.058216 0.035389
0.280755 0.064993 0.061959 0.037330
0.374244 0.575891 0.056029 0.033041
0.165177 0.082194 0.052762 0.042698
0.167307 0.576911 0.058870 0.039438
0.498785 0.136695 0.048773 0.032988
0.608317 0.249120 0.051240 0.025556
0.829484 0.421253 0.053148 0.028062
0.716556 0.383000 0.049341 0.041363
0.482168 0.365077 0.074446 0.043134
0.825587 0.110942 0.052335 0.033898
0.485598 0.787007 0.046231 0.041901
0.945397 0.961285 0.061307 0.040922
0.478617 0.476154 0.054028 0.038250
0.069690 0.524390 0.049461 0.040302
0.379024 0.308669 0.050998 0.040988
0.170194 0.787073 0.043963 0.034338
0.379700 0.455534 0.047653 0.034895
0.720106 0.303533 0.049121 0.029173
0.386643 0.061661 0.054415 0.031839
0.607578 0.170875 0.058647 0.037195
0.267615 0.488367 0.065239 0.039298
0.371987 0.612567 0.061286 0.040493
0.272916 0.523022 0.063351 0.039539
0.719713 0.024342 0.047963 0.038586
0.719125 0.130184 0.043134 0.035834
0.502168 0.103608 0.047482 0.029322
0.720677 0.270885 0.045779 0.035389
0.165320 0.688712 0.053137 0.039626
0.285326 0.026922 0.055290 0.039069
0.170904 0.723714 0.049291 0.030919
0.376464 0.534216 0.048870 0.046569
0.063873 0.033219 0.059000 0.037928
0.266810 0.971249 0.081509 0.041008
0.371855 0.953533 0.086217 0.044336
0.163907 0.244687 0.049041 0.037276
0.173353 0.817587 0.049221 0.025013
0.383654 0.092696 0.055894 0.036711
0.380276 0.348280 0.047228 0.034254
0.169845 0.545513 0.054625 0.029280
0.382375 0.419673 0.043240 0.034938
0.375881 0.825237 0.056874 0.029139
0.273549 0.598737 0.052253 0.024536
0.493261 0.276869 0.052026 0.038971
0.720514 0.640460 0.054538 0.045466
0.380999 0.384036 0.045736 0.036219
0.376124 0.876542 0.044342 0.033640
0.383740 0.029025 0.058737 0.036090
0.069769 0.875905 0.054884 0.026049
0.068775 0.571336 0.052275 0.052003
0.718691 0.095277 0.040171 0.031966
0.719600 0.061358 0.042950 0.029959
0.489676 0.320816 0.044479 0.040251
0.831720 0.500950 0.049178 0.043942
0.499374 0.066667 0.046517 0.041857
0.834938 0.620440 0.067497 0.028977
0.716710 0.552855 0.056868 0.045174
0.175626 0.034416 0.058286 0.045195
0.168335 0.755600 0.044230 0.031649
0.480514 0.439056 0.043725 0.034984
0.502076 0.028868 0.042813 0.033042
0.167918 0.430195 0.045050 0.027389
0.496533 0.244513 0.052116 0.022980
0.166145 0.122654 0.038688 0.038046
0.276659 0.943285 0.059547 0.020766
0.163010 0.650427 0.055672 0.032948
0.479863 0.868037 0.053418 0.035212
0.718548 0.597592 0.042072 0.039350
0.483758 0.405777 0.043876 0.033587
0.166564 0.400801 0.057181 0.026491
0.602450 0.126692 0.077040 0.042495
0.164852 0.280746 0.043369 0.038404
0.166259 0.362021 0.053453 0.044179
0.607376 0.088935 0.047421 0.027491
0.484402 0.893331 0.046915 0.037620
0.165325 0.319350 0.040758 0.039730
0.078292 0.942526 0.054894 0.040223
0.078792 0.959825 0.055427 0.032284
0.376062 0.849795 0.042134 0.020693
