0.734585 0.391003 0.067528 0.047225
0.513520 0.303686 0.055513 0.038571
0.732209 0.602968 0.062925 0.037593
0.068428 0.706472 0.068169 0.040952
0.730093 0.509883 0.067857 0.035160
0.276451 0.754807 0.067469 0.039916
0.938945 0.078520 0.067799 0.037465
0.286263 0.264372 0.057211 0.043093
0.179550 0.594146 0.067630 0.041027
0.635227 0.208124 0.074015 0.039948
0.622030 0.474885 0.087995 0.040563
0.068185 0.553225 0.078337 0.040563
0.405650 0.268725 0.068499 0.036145
0.732446 0.434327 0.061614 0.038509
0.508484 0.738931 0.066722 0.038301
0.058607 0.164496 0.063799 0.041785
0.402780 0.628031 0.071848 0.034879
0.733405 0.474074 0.065242 0.034409
0.402336 0.233270 0.057019 0.036237
0.282397 0.387972 0.082885 0.045058
0.503457 0.895448 0.061401 0.041673
0.280583 0.587717 0.063126 0.048779
0.630490 0.359941 0.072642 0.036968
0.056753 0.120746 0.059527 0.040768
0.278668 0.906224 0.062505 0.036866
0.740349 0.259521 0.071084 0.037404
0.405356 0.380877 0.065935 0.049637
0.732829 0.157599 0.065607 0.038024
0.945313 0.890021 0.067878 0.041194
0.280313 0.632722 0.070606 0.040493
0.397474 0.902247 0.076850 0.038831
0.399073 0.727581 0.077496 0.040144
0.506711 0.454560 0.063292 0.039724
0.065827 0.478006 0.067971 0.032300
0.399659 0.116835 0.057137 0.043671
0.835871 0.603428 0.074550 0.033479
0.287500 0.307573 0.056886 0.032387
0.287954 0.086832 0.055604 0.038418
0.279258 0.343920 0.062283 0.037124
0.510631 0.261388 0.064720 0.041483
0.938350 0.654136 0.056862 0.038829
0.278883 0.795419 0.072665 0.039785
0.176774 0.865701 0.064350 0.033028
0.399768 0.071360 0.064845 0.042759
0.836475 0.408442 0.068211 0.041199
0.722252 0.638258 0.058548 0.031691
0.399686 0.197147 0.052113 0.033186
0.072247 0.793160 0.054309 0.040780
0.735063 0.297387 0.058180 0.037524
0.172087 0.437463 0.057606 0.040489
0.173099 0.514253 0.056181 0.038887
0.292202 0.221886 0.066496 0.035025
0.511952 0.377722 0.064367 0.032764
0.508876 0.576645 0.064718 0.037617
0.833930 0.366854 0.071010 0.039522
0.840552 0.078524 0.073799 0.038881
0.835872 0.326061 0.073972 0.037396
0.721876 0.676725 0.070420 0.041385
0.401334 0.462811 0.064213 0.042079
0.402053 0.160128 0.047016 0.035509
0.830916 0.568701 0.063228 0.036055
0.507710 0.853623 0.076997 0.038725
0.634234 0.245720 0.061157 0.032877
0.072392 0.829705 0.063292 0.031461
0.069238 0.750648 0.058805 0.039709
0.177244 0.207514 0.058970 0.037009
0.072580 0.866350 0.057134 0.036068
0.067300 0.515151 0.066219 0.034345
0.947690 0.930092 0.067762 0.036286
0.727653 0.223204 0.068049 0.033640
0.400311 0.554598 0.057490 0.039645
0.177395 0.246988 0.054080 0.040699
0.945513 0.613734 0.077735 0.037573
0.072431 0.907724 0.060865 0.041703
0.406203 0.336951 0.071280 0.035094
0.941094 0.388389 0.081885 0.045947
0.836291 0.914935 0.068255 0.038915
0.835555 0.288100 0.059294 0.035020
0.943404 0.262914 0.066424 0.039575
0.622256 0.518348 0.069633 0.041210
0.834402 0.638884 0.057978 0.036274
0.179067 0.172250 0.073222 0.031616
0.946392 0.346176 0.068297 0.039778
0.837589 0.839850 0.064976 0.036073
0.639571 0.285148 0.082649 0.042992
0.510146 0.147989 0.076552 0.032296
0.940381 0.150634 0.055901 0.035750
0.397092 0.767881 0.073674 0.037923
0.508444 0.112912 0.063023 0.031913
0.070279 0.633394 0.062540 0.026127
0.065550 0.666013 0.062321 0.034693
0.407119 0.302801 0.060848 0.030219
0.944210 0.536234 0.059496 0.040060
0.508109 0.696201 0.055770 0.043034
0.502523 0.813641 0.065768 0.038618
0.514854 0.077412 0.050244 0.032699
0.176592 0.710205 0.054222 0.031219
0.068060 0.316533 0.056115 0.042821
0.946728 0.304216 0.061134 0.042757
0.270181 0.715571 0.061647 0.035304
0.515798 0.342224 0.051097 0.033706
0.839580 0.530367 0.065614 0.039394
0.399640 0.424951 0.053693 0.032682
0.837250 0.120956 0.064875 0.044233
0.509127 0.217872 0.055596 0.045350
0.512851 0.614899 0.076757 0.038561
0.721149 0.717281 0.060365 0.037934
0.641812 0.167172 0.074669 0.038658
0.282120 0.466215 0.065404 0.036942
0.942511 0.227586 0.072084 0.030515
0.061897 0.596608 0.052826 0.039938
0.943288 0.191872 0.058714 0.040441
0.173555 0.037626 0.072559 0.038559
0.506925 0.413758 0.057933 0.034762
0.837377 0.718953 0.057017 0.043449
0.835665 0.252411 0.059291 0.028923
0.942321 0.729334 0.077721 0.035633
0.622890 0.396908 0.073599 0.035250
0.176283 0.288932 0.057296 0.040718
0.937592 0.812540 0.060347 0.040248
0.174858 0.477642 0.064752 0.028452
0.057812 0.270207 0.063836 0.036213
0.181565 0.792371 0.049991 0.041519
0.941129 0.574174 0.051200 0.034907
0.508700 0.774848 0.051646 0.034066
0.510862 0.499317 0.054204 0.046998
0.839749 0.761141 0.051875 0.039817
0.398423 0.689067 0.058255 0.029739
0.615449 0.434177 0.061511 0.036940
0.941447 0.770459 0.054750 0.042332
0.737769 0.341453 0.053023 0.045548
0.278662 0.865877 0.050292 0.043439
0.283448 0.506254 0.050180 0.042204
0.499862 0.933069 0.054891 0.032564
0.175684 0.397308 0.048286 0.029892
0.393817 0.803997 0.079701 0.029687
0.835839 0.876391 0.056264 0.038599
0.177761 0.901349 0.052037 0.032045
0.838624 0.676882 0.066130 0.038863
0.170957 0.078256 0.059514 0.031427
0.832372 0.036362 0.057338 0.038831
0.946291 0.693331 0.062074 0.035624
0.283877 0.545614 0.053048 0.035468
0.628938 0.123053 0.075700 0.047962
0.177869 0.749936 0.050330 0.040066
0.842572 0.167645 0.056839 0.047823
0.404761 0.838084 0.076936 0.034760
0.056794 0.084379 0.057336 0.027994
0.628344 0.324641 0.071681 0.032233
0.513887 0.037968 0.067828 0.041686
0.509959 0.538425 0.061931 0.031109
0.182227 0.552578 0.064172 0.034470
0.067394 0.360704 0.046539 0.038286
0.176763 0.832427 0.042273 0.030376
0.064238 0.397184 0.049399 0.030195
0.506000 0.967136 0.085479 0.035855
0.944423 0.968298 0.061154 0.039873
0.178696 0.635619 0.053750 0.032378
0.942024 0.039285 0.058840 0.041188
0.400769 0.867418 0.059094 0.023782
0.275435 0.041400 0.065077 0.045801
0.947075 0.436561 0.058879 0.048949
0.945230 0.488747 0.052236 0.051148
0.942231 0.114627 0.052431 0.035220
0.843012 0.979030 0.067660 0.025689
0.179091 0.111476 0.048661 0.035280
0.399898 0.508086 0.054345 0.046599
0.401711 0.031944 0.068906 0.031996
0.509643 0.652870 0.090668 0.041365
0.398555 0.659276 0.053428 0.023401
0.171920 0.334127 0.052418 0.041742
0.840678 0.214526 0.052948 0.042208
0.290583 0.426490 0.060329 0.031736
0.737170 0.191328 0.062031 0.025880
0.083824 0.952768 0.084124 0.044560
0.834725 0.491398 0.051748 0.038691
0.508104 0.181352 0.050218 0.028729
0.730579 0.569412 0.053755 0.031828
0.181992 0.141557 0.054714 0.024305
0.836450 0.450025 0.052062 0.035126
0.397240 0.591076 0.046411 0.030003
0.278540 0.828645 0.053829 0.025346
0.942482 0.851302 0.046960 0.035710
0.060538 0.042243 0.054127 0.046116
0.066075 0.437593 0.056399 0.046072
0.736247 0.063943 0.053280 0.038248
0.180734 0.674393 0.054722 0.037785
0.275401 0.674447 0.066805 0.038480
0.733397 0.108155 0.059728 0.050538
0.838570 0.951010 0.057331 0.029839
0.289387 0.158619 0.040414 0.025957
0.176788 0.368314 0.041025 0.023458
0.063600 0.205720 0.071921 0.030720
0.291083 0.187798 0.041998 0.031336
0.284892 0.955612 0.078397 0.056366
0.740018 0.029753 0.053936 0.027286
0.394061 0.958722 0.074707 0.060509
0.181327 0.946412 0.085131 0.051340
0.727956 0.540599 0.056693 0.024098
0.291989 0.125264 0.064573 0.037061
0.067919 0.233278 0.067976 0.024405
0.838414 0.799609 0.058726 0.037388
0.108408 0.269846 0.032931 0.030670
0.234506 0.193022 0.032929 0.030795
