0.166654 0.310523 0.067482 0.035211
0.164726 0.191910 0.068241 0.035863
0.593598 0.634271 0.067835 0.039813
0.397696 0.156531 0.075060 0.041770
0.820283 0.863986 0.070643 0.039508
0.167778 0.271332 0.056796 0.037366
0.486553 0.545270 0.061965 0.043362
0.932546 0.273352 0.055240 0.038901
0.819647 0.908551 0.064211 0.044562
0.824746 0.824060 0.057377 0.034643
0.485304 0.772178 0.060525 0.034883
0.714585 0.284912 0.063904 0.039287
0.927339 0.848415 0.066905 0.038622
0.489251 0.386108 0.062866 0.039956
0.594865 0.747132 0.057999 0.039228
0.725563 0.131965 0.055657 0.035967
0.275613 0.334534 0.062613 0.041303
0.164718 0.151828 0.059895 0.037264
0.168180 0.113527 0.066437 0.034699
0.276809 0.127213 0.059481 0.042515
0.927704 0.702986 0.055270 0.037652
0.924335 0.743354 0.079784 0.038960
0.591587 0.789189 0.061483 0.041485
0.050894 0.179759 0.058394 0.036691
0.276647 0.290865 0.057274 0.043212
0.831111 0.215004 0.052406 0.030707
0.934218 0.557541 0.074364 0.035293
0.607614 0.243655 0.068012 0.041298
0.832318 0.108716 0.055459 0.040977
0.715862 0.241679 0.065209 0.040091
0.169476 0.073734 0.064297 0.040637
0.393494 0.201439 0.062188 0.045564
0.171941 0.230277 0.058801 0.034613
0.273778 0.247777 0.050577 0.040723
0.050516 0.221519 0.063640 0.036612
0.605841 0.204255 0.066381 0.031935
0.929639 0.627416 0.052562 0.039056
0.278228 0.171575 0.049919 0.037072
0.598704 0.707530 0.058694 0.033546
0.051683 0.714443 0.074424 0.049523
0.815547 0.508504 0.053566 0.040955
0.928973 0.399559 0.061632 0.035509
0.823453 0.952016 0.057353 0.040113
0.819862 0.370816 0.051657 0.035958
0.489439 0.736211 0.055828 0.036928
0.934598 0.518785 0.053927 0.036513
0.507724 0.029986 0.065250 0.040121
0.393109 0.072887 0.053166 0.037425
0.932422 0.203827 0.050801 0.035984
0.506998 0.103170 0.067175 0.033585
0.169258 0.029194 0.084347 0.041263
0.820504 0.328750 0.051631 0.033989
0.387228 0.578442 0.051554 0.037424
0.932571 0.437061 0.051340 0.034703
0.586352 0.862411 0.075810 0.039810
0.394100 0.243081 0.055886 0.031748
0.813696 0.549061 0.060154 0.038771
0.391806 0.319557 0.053199 0.044662
0.503795 0.068485 0.058409 0.032869
0.827788 0.289043 0.049332 0.042171
0.613644 0.409001 0.063750 0.044301
0.701337 0.872721 0.059537 0.035853
0.723150 0.173242 0.050774 0.040738
0.385729 0.539911 0.050534 0.036220
0.056160 0.517401 0.056289 0.039363
0.704344 0.952124 0.060303 0.036720
0.491874 0.460840 0.057470 0.040827
0.491828 0.586532 0.062594 0.033760
0.700518 0.912269 0.074961 0.039902
0.053153 0.557307 0.066894 0.038530
0.051751 0.478364 0.055268 0.036997
0.051962 0.258703 0.055791 0.029650
0.490152 0.806314 0.054812 0.032209
0.820906 0.750320 0.056807 0.039497
0.931510 0.665757 0.056060 0.032038
0.929936 0.164447 0.059851 0.037115
0.932936 0.313628 0.053565 0.039038
0.054013 0.399007 0.058970 0.040328
0.159328 0.395805 0.075200 0.041878
0.050001 0.292371 0.050888 0.032281
0.815778 0.629016 0.055626 0.037469
0.812915 0.667805 0.056064 0.036154
0.593740 0.904931 0.056506 0.040936
0.397477 0.112166 0.052127 0.039559
0.613372 0.366276 0.056465 0.042637
0.717553 0.402615 0.050533 0.044724
0.487501 0.697108 0.052542 0.038798
0.610340 0.285148 0.054531 0.042037
0.933165 0.355776 0.054952 0.043328
0.704713 0.762446 0.062958 0.035922
0.706185 0.637157 0.053736 0.039818
0.832453 0.068239 0.052567 0.036413
0.934110 0.121533 0.063743 0.044780
0.391285 0.278453 0.048615 0.035284
0.935986 0.237827 0.049220 0.030588
0.053344 0.440716 0.058263 0.034864
0.812940 0.708857 0.059666 0.043759
0.275817 0.449819 0.048627 0.040204
0.610477 0.171546 0.053978 0.033733
0.168343 0.350744 0.064230 0.042779
0.276767 0.406896 0.051717 0.038533
0.706410 0.800410 0.048151 0.036287
0.828900 0.248938 0.048013 0.032397
0.614584 0.074857 0.048413 0.040733
0.386943 0.420650 0.053276 0.035653
0.488557 0.500358 0.054808 0.039374
0.823334 0.789399 0.051862 0.034541
0.483967 0.878207 0.046652 0.041027
0.483719 0.839207 0.057192 0.033873
0.730006 0.065147 0.056123 0.038465
0.927277 0.913891 0.052529 0.038826
0.815976 0.414604 0.078242 0.041463
0.830251 0.149161 0.054754 0.036062
0.490437 0.423530 0.053774 0.031597
0.487733 0.914940 0.055366 0.032486
0.387575 0.501875 0.052993 0.032588
0.930212 0.590437 0.056557 0.029682
0.712105 0.517942 0.062151 0.035246
0.380309 0.617899 0.055267 0.036804
0.705553 0.836813 0.049423 0.032501
0.817514 0.588451 0.048596 0.037800
0.710375 0.592558 0.059820 0.045799
0.270819 0.562329 0.055793 0.043349
0.722027 0.208562 0.049695 0.026806
0.485823 0.948385 0.067109 0.035919
0.493774 0.261471 0.049961 0.042987
0.272012 0.671905 0.051378 0.038214
0.496422 0.218371 0.054614 0.040508
0.387303 0.359618 0.052799 0.026276
0.715186 0.325977 0.049494 0.032458
0.595914 0.589217 0.059165 0.040122
0.492136 0.658292 0.056224 0.038598
0.380185 0.865480 0.053549 0.044841
0.282312 0.062196 0.053845 0.036210
0.713664 0.480086 0.053008 0.032919
0.622848 0.031606 0.065310 0.042679
0.927638 0.781854 0.057808 0.037552
0.271773 0.487206 0.051592 0.034534
0.941073 0.080811 0.058102 0.037738
0.714105 0.442579 0.052011 0.037607
0.830139 0.184291 0.045045 0.028067
0.598568 0.670292 0.053215 0.031274
0.379604 0.656856 0.055657 0.038818
0.486373 0.623672 0.060533 0.026905
0.387217 0.460193 0.049172 0.042292
0.271711 0.633666 0.055656 0.036454
0.822170 0.461471 0.049263 0.044059
0.717646 0.361856 0.049952 0.033973
0.055683 0.626638 0.057822 0.038883
0.830273 0.031528 0.051032 0.030673
0.601233 0.514352 0.056904 0.035010
0.495428 0.298400 0.055653 0.029236
0.271099 0.522190 0.048908 0.034842
0.378843 0.909377 0.052812 0.042096
0.065648 0.790876 0.059950 0.042710
0.711705 0.678318 0.056178 0.036563
0.274820 0.208345 0.046081 0.028951
0.710063 0.721711 0.047314 0.043960
0.053689 0.322639 0.061424 0.028452
0.595676 0.550455 0.050494 0.038250
0.727441 0.097665 0.045261 0.029232
0.387319 0.388550 0.050031 0.028389
0.379154 0.818176 0.050563 0.038820
0.377732 0.953933 0.068762 0.039021
0.503401 0.137589 0.050010 0.032263
0.049576 0.356895 0.061822 0.039567
0.054554 0.668104 0.054857 0.040001
0.608418 0.112855 0.070230 0.035808
0.930934 0.815712 0.049509 0.028110
0.389529 0.032361 0.060972 0.041519
0.595966 0.949573 0.060421 0.039241
0.935695 0.476278 0.048205 0.037911
0.378608 0.781670 0.052430 0.032136
0.284170 0.028322 0.053439 0.029154
0.380604 0.693673 0.047625 0.030028
0.594891 0.823872 0.047893 0.028345
0.932298 0.881523 0.051370 0.025473
0.716712 0.552477 0.048126 0.034993
0.616956 0.324313 0.062500 0.039536
0.378923 0.750686 0.046603 0.031494
0.276996 0.713255 0.067043 0.043641
0.927125 0.949210 0.041181 0.032482
0.273051 0.750918 0.052648 0.033325
0.497572 0.339849 0.063034 0.043914
0.274388 0.600837 0.045246 0.029930
0.938504 0.038501 0.048123 0.041471
0.497811 0.174938 0.059536 0.042575
0.057455 0.138914 0.048131 0.037355
0.271777 0.373677 0.056565 0.025558
0.282618 0.092829 0.048427 0.023255
0.605585 0.476686 0.045869 0.030220
0.269964 0.793106 0.048426 0.036230
0.058169 0.102902 0.040587 0.031975
0.381872 0.723007 0.043878 0.023253
0.058171 0.592597 0.053604 0.029855
0.268835 0.832022 0.045181 0.040165
0.614187 0.140354 0.043282 0.021944
0.061102 0.755644 0.054143 0.030010
0.730449 0.027967 0.044534 0.034590
0.060464 0.069716 0.039625 0.031013
0.616711 0.448910 0.062824 0.024392
0.267753 0.875590 0.056222 0.037651
0.066126 0.033976 0.039743 0.035237
0.274618 0.935352 0.059112 0.036449
