0.498867 0.869497 0.077675 0.057269
0.935635 0.226045 0.084349 0.054717
0.936873 0.345262 0.086324 0.054150
0.492829 0.702593 0.087255 0.045406
0.060848 0.554093 0.080644 0.050143
0.272005 0.789064 0.086551 0.052921
0.171088 0.568305 0.080274 0.057035
0.605688 0.641052 0.079891 0.056777
0.265827 0.279893 0.087902 0.064257
0.934859 0.553861 0.075002 0.057960
0.485364 0.115731 0.079254 0.049833
0.167524 0.468555 0.077102 0.046804
0.160608 0.252705 0.077497 0.052508
0.054932 0.502765 0.087301 0.047988
0.606231 0.752868 0.077900 0.049042
0.491707 0.445825 0.078034 0.047348
0.160638 0.189557 0.087295 0.063605
0.717947 0.910050 0.085386 0.056738
0.940212 0.876812 0.072102 0.053981
0.608964 0.697516 0.093106 0.052464
0.064762 0.827167 0.081873 0.050133
0.159766 0.418472 0.084294 0.045161
0.933269 0.169738 0.075813 0.050928
0.821408 0.121358 0.084690 0.056417
0.172869 0.367351 0.080475 0.049704
0.931413 0.286795 0.082366 0.053761
0.599020 0.534235 0.083696 0.047544
0.494256 0.598930 0.085920 0.054595
0.486038 0.279293 0.083927 0.051605
0.706811 0.417028 0.088890 0.055486
0.937650 0.773402 0.078901 0.050091
0.484304 0.337623 0.084328 0.058712
0.599439 0.426651 0.072859 0.049332
0.387872 0.876846 0.070876 0.051393
0.823517 0.330794 0.090543 0.048581
0.371037 0.118638 0.091350 0.049231
0.498535 0.753519 0.067694 0.052417
0.373732 0.342107 0.086146 0.059468
0.717839 0.799417 0.071085 0.050783
0.827965 0.529983 0.077641 0.054072
0.382732 0.446614 0.085725 0.044700
0.160743 0.732731 0.079388 0.039860
0.169545 0.682558 0.084771 0.052136
0.497368 0.811400 0.078260 0.055524
0.603669 0.849122 0.082786 0.048150
0.066497 0.878122 0.066693 0.048421
0.053735 0.119216 0.074944 0.048660
0.487454 0.062949 0.090136 0.051861
0.934372 0.452351 0.076630 0.045978
0.609490 0.801281 0.089623 0.045038
0.934847 0.115486 0.084614 0.050767
0.709425 0.472868 0.071951 0.049592
0.273744 0.517623 0.064650 0.048875
0.824550 0.279513 0.072583 0.046701
0.489831 0.494480 0.081592 0.042890
0.376743 0.066239 0.082894 0.051683
0.713229 0.297655 0.086284 0.060347
0.498403 0.653644 0.070324 0.047302
0.275949 0.848231 0.099031 0.058244
0.067074 0.922544 0.072718 0.037770
0.600943 0.482533 0.072753 0.053526
0.062374 0.605295 0.083141 0.045493
0.164498 0.518394 0.083474 0.041947
0.591250 0.065647 0.082327 0.048456
0.940324 0.717501 0.084555 0.048361
0.605484 0.586672 0.085856 0.051652
0.718498 0.625558 0.080341 0.063519
0.271300 0.460022 0.075271 0.058982
0.933298 0.501965 0.065899 0.044088
0.374798 0.168860 0.085316 0.048679
0.932580 0.061769 0.090377 0.053596
0.168311 0.779569 0.067156 0.046739
0.708192 0.240335 0.079104 0.049681
0.051190 0.230681 0.070546 0.045769
0.597131 0.233962 0.081588 0.056313
0.941172 0.402289 0.078687 0.045261
0.051384 0.065079 0.083347 0.051847
0.278802 0.963969 0.092074 0.049485
0.275404 0.627434 0.079839 0.051864
0.828690 0.433548 0.072438 0.046523
0.824730 0.381187 0.085529 0.047996
0.370762 0.227395 0.087887 0.057849
0.490410 0.394969 0.070575 0.052491
0.164459 0.126318 0.088123 0.057299
0.271845 0.678526 0.080112 0.050968
0.055344 0.174634 0.085388 0.059109
0.382912 0.497533 0.083277 0.053012
0.377256 0.398963 0.089991 0.050252
0.170285 0.832887 0.066187 0.048141
0.267244 0.344810 0.069917 0.055455
0.377663 0.282744 0.075912 0.051151
0.719274 0.745982 0.067349 0.053055
0.591657 0.288019 0.078763 0.038641
0.835065 0.916824 0.088414 0.045411
0.279287 0.733067 0.069445 0.051415
0.596768 0.329943 0.072132 0.041492
0.936904 0.826728 0.060034 0.045362
0.491494 0.541889 0.064862 0.048877
0.389332 0.823752 0.080511 0.037408
0.049686 0.448725 0.080172 0.050420
0.168232 0.626935 0.065609 0.048547
0.727550 0.960902 0.101909 0.044168
0.168036 0.312705 0.071861 0.053515
0.709499 0.070473 0.083719 0.058519
0.721722 0.853214 0.059354 0.050059
0.065431 0.657529 0.075807 0.057253
0.594108 0.168584 0.080757 0.059873
0.837092 0.867370 0.092835 0.054499
0.485442 0.219731 0.087083 0.063764
0.396306 0.967179 0.080922 0.044503
0.827112 0.700275 0.068652 0.054295
0.943922 0.669639 0.069894 0.041784
0.830647 0.589162 0.084712 0.056263
0.599286 0.376968 0.057614 0.045457
0.605970 0.926798 0.086823 0.033504
0.490310 0.162140 0.077505 0.037695
0.382958 0.722881 0.080925 0.046003
0.589527 0.116946 0.064325 0.043882
0.267076 0.573332 0.078116 0.055515
0.499055 0.966796 0.089663 0.038795
0.937726 0.927460 0.064400 0.042087
0.164801 0.067325 0.069729 0.050985
0.824248 0.226931 0.065345 0.052770
0.832238 0.478779 0.076688 0.033964
0.836287 0.754189 0.066217 0.045596
0.280798 0.909455 0.063815 0.052838
0.937434 0.613844 0.061541 0.055474
0.726482 0.686384 0.079022 0.055467
0.063494 0.964836 0.080405 0.042197
0.712139 0.522465 0.073101 0.036507
0.611132 0.961379 0.075432 0.037454
0.712043 0.359980 0.070536 0.054020
0.712493 0.183920 0.081220 0.054499
0.177130 0.886394 0.075730 0.051902
0.938025 0.963947 0.079364 0.034431
0.714010 0.126567 0.062690 0.052268
0.496727 0.925438 0.080041 0.048903
0.821355 0.065180 0.060666 0.050293
0.267356 0.069302 0.068037 0.050942
0.715457 0.567032 0.056894 0.043028
0.825807 0.173085 0.077055 0.041384
0.386313 0.924948 0.083576 0.035649
0.840408 0.960145 0.077757 0.036422
0.611592 0.893943 0.067826 0.031817
0.054051 0.399670 0.067794 0.045934
0.381854 0.550760 0.082211 0.044197
0.267257 0.218016 0.072508 0.057108
0.825019 0.811797 0.073698 0.058112
0.054627 0.284220 0.062830 0.049254
0.378729 0.671200 0.060910 0.048437
0.828744 0.645037 0.054183 0.041724
0.383853 0.774097 0.083047 0.052542
0.270299 0.401569 0.067620 0.052149
0.058636 0.333222 0.068102 0.046950
0.379410 0.608247 0.071008 0.062569
0.062211 0.721081 0.065766 0.055922
0.268355 0.162052 0.070584 0.049417
0.069365 0.778524 0.051415 0.037056
0.169897 0.936934 0.085381 0.045949
0.268280 0.114187 0.053361 0.032426
