0.941807 0.834156 0.067454 0.036875
0.938156 0.471312 0.070072 0.043573
0.060213 0.877916 0.061926 0.038918
0.062576 0.796696 0.058483 0.035838
0.389295 0.932808 0.062863 0.033291
0.274506 0.335364 0.058632 0.035635
0.714948 0.814583 0.058269 0.041753
0.483445 0.779402 0.060811 0.044499
0.820562 0.260411 0.059234 0.042957
0.833028 0.922204 0.077261 0.041351
0.162647 0.268484 0.060962 0.038050
0.052601 0.251135 0.072118 0.044514
0.482348 0.820843 0.067355 0.039544
0.487658 0.962427 0.058318 0.033963
0.937661 0.382443 0.060438 0.040317
0.275581 0.694675 0.065577 0.039838
0.938668 0.795747 0.051188 0.035972
0.066732 0.727019 0.057044 0.038304
0.605046 0.237021 0.059668 0.039635
0.164263 0.560705 0.059943 0.039876
0.711453 0.252350 0.061874 0.039518
0.164237 0.062527 0.067442 0.036793
0.932865 0.725460 0.064209 0.039121
0.487586 0.929976 0.048005 0.029318
0.603119 0.195334 0.058654 0.041060
0.600004 0.155584 0.060276 0.039584
0.822558 0.536733 0.055149 0.042638
0.375193 0.812870 0.063094 0.043755
0.936769 0.425675 0.059240 0.042094
0.158983 0.227604 0.058865 0.040305
0.939175 0.919327 0.057545 0.035628
0.486535 0.736203 0.060776 0.039961
0.268772 0.653327 0.068215 0.040925
0.591736 0.747944 0.051163 0.038470
0.057292 0.205954 0.061099 0.041648
0.378571 0.767459 0.070715 0.043552
0.824720 0.578254 0.057440 0.038128
0.586878 0.703778 0.066043 0.043752
0.061501 0.913282 0.062083 0.030476
0.383048 0.340690 0.057198 0.040849
0.598328 0.322968 0.064110 0.052514
0.268051 0.891331 0.068912 0.037903
0.384880 0.856364 0.059219 0.033192
0.941873 0.876213 0.067793 0.043431
0.160107 0.713605 0.064600 0.038181
0.486353 0.420814 0.058974 0.037128
0.592663 0.788912 0.066542 0.041279
0.388480 0.260638 0.060772 0.042661
0.387062 0.378956 0.060638 0.029546
0.276629 0.106306 0.063031 0.041199
0.939394 0.760232 0.049534 0.029998
0.387726 0.021905 0.056134 0.038080
0.828890 0.789076 0.091002 0.045343
0.936425 0.196872 0.063506 0.045557
0.492543 0.223570 0.077276 0.040277
0.491672 0.623551 0.070061 0.047812
0.710580 0.734491 0.077167 0.048027
0.496916 0.182739 0.058333 0.040853
0.706404 0.213967 0.059941 0.037361
0.169341 0.970350 0.055770 0.033991
0.824309 0.618367 0.066837 0.037195
0.838143 0.880451 0.066253 0.038793
0.930575 0.239571 0.058145 0.035921
0.065960 0.689786 0.054601 0.035565
0.834000 0.963498 0.055833 0.039300
0.715467 0.773778 0.066257 0.032360
0.821380 0.456149 0.057086 0.041002
0.708539 0.639932 0.054350 0.040617
0.483088 0.856132 0.062482 0.033182
0.066690 0.761622 0.058300 0.027375
0.831950 0.746148 0.057394 0.036391
0.592922 0.955712 0.062992 0.036929
0.263744 0.611462 0.070875 0.043335
0.708282 0.094343 0.064752 0.042619
0.711234 0.918890 0.051348 0.029655
0.933134 0.517883 0.067736 0.046692
0.710168 0.452443 0.064616 0.040775
0.389185 0.111206 0.072682 0.043247
0.820139 0.133081 0.077558 0.041293
0.706515 0.323131 0.056706 0.038811
0.487649 0.893652 0.056642 0.042155
0.596546 0.621639 0.053311 0.037779
0.587486 0.661207 0.053708 0.041390
0.388223 0.065344 0.057485 0.046686
0.713403 0.854082 0.047760 0.035018
0.487337 0.065775 0.070586 0.039664
0.826513 0.701995 0.054491 0.044916
0.598529 0.076716 0.054761 0.042477
0.712997 0.955923 0.053098 0.042477
0.602037 0.275485 0.056102 0.038653
0.276608 0.374839 0.056932 0.039019
0.165087 0.100016 0.054723 0.035867
0.709427 0.176623 0.057689 0.032953
0.489118 0.105989 0.068568 0.037042
0.709819 0.887300 0.047809 0.033651
0.817865 0.305938 0.057386 0.044315
0.063820 0.454112 0.065675 0.041925
0.169266 0.598833 0.055284 0.036876
0.160802 0.787278 0.054799 0.037837
0.938145 0.657284 0.073564 0.036523
0.280271 0.067405 0.053684 0.035634
0.707929 0.364964 0.065865 0.039727
0.378276 0.692212 0.070975 0.039001
0.164231 0.641712 0.052487 0.040847
0.705515 0.138554 0.062962 0.041507
0.488192 0.580648 0.066876 0.038698
0.163717 0.387822 0.052275 0.042545
0.594296 0.582399 0.051677 0.035128
0.490649 0.023893 0.055437 0.039719
0.826313 0.496626 0.049755 0.036860
0.164531 0.476835 0.056577 0.040142
0.386133 0.895512 0.052757 0.039998
0.274290 0.415972 0.065917 0.040856
0.941393 0.952296 0.049798 0.031429
0.821168 0.214900 0.058447 0.046398
0.937449 0.615232 0.051874 0.048338
0.375666 0.573336 0.054726 0.039226
0.377987 0.414276 0.052253 0.036557
0.835617 0.837275 0.059500 0.046346
0.822776 0.173165 0.055091 0.037142
0.269690 0.185933 0.081655 0.046940
0.823299 0.021341 0.055567 0.038408
0.270981 0.732149 0.060338 0.031769
0.271952 0.766649 0.055480 0.039578
0.387424 0.220179 0.051785 0.039954
0.157640 0.349629 0.064038 0.028075
0.160308 0.143958 0.066149 0.046826
0.601381 0.115747 0.058489 0.032758
0.161242 0.434109 0.049497 0.042863
0.156767 0.312062 0.059591 0.045193
0.819484 0.417017 0.057742 0.037341
0.053032 0.028344 0.052612 0.039506
0.164407 0.518276 0.053908 0.040677
0.824725 0.061109 0.056476 0.038157
0.488387 0.381705 0.055352 0.039322
0.268538 0.805784 0.058909 0.035887
0.389193 0.183249 0.046385 0.033674
0.828170 0.655862 0.065165 0.041589
0.711467 0.596556 0.055399 0.041400
0.164207 0.023238 0.054692 0.036949
0.066359 0.496252 0.058476 0.040396
0.385307 0.728002 0.056614 0.031602
0.492225 0.144782 0.051701 0.038954
0.269011 0.927882 0.054748 0.027585
0.064785 0.406434 0.058849 0.048488
0.057512 0.126974 0.051202 0.035626
0.596459 0.029682 0.052612 0.050048
0.821506 0.381634 0.052939 0.036879
0.819111 0.347295 0.053214 0.035597
0.373851 0.504468 0.064859 0.038858
0.067932 0.649991 0.045707 0.039286
0.709849 0.686825 0.052894 0.046610
0.378221 0.614907 0.054234 0.041592
0.592689 0.861908 0.055004 0.041818
0.163471 0.678447 0.047732 0.031589
0.386683 0.964896 0.055014 0.028286
0.166307 0.936381 0.045750 0.030889
0.588856 0.542849 0.055750 0.039607
0.383971 0.655093 0.067443 0.037150
0.161266 0.868686 0.054042 0.042000
0.493845 0.497213 0.062242 0.042985
0.280821 0.026095 0.049672 0.045941
0.063452 0.835979 0.044846 0.041071
0.600166 0.411052 0.050457 0.039159
0.710903 0.408036 0.054498 0.049298
0.820186 0.094575 0.064251 0.032167
0.271740 0.961021 0.043295 0.037056
0.160254 0.748165 0.064083 0.033586
0.387189 0.300766 0.061872 0.032174
0.932763 0.156588 0.052267 0.033778
0.593127 0.825277 0.058910 0.031076
0.059737 0.950662 0.061738 0.045182
0.163255 0.828454 0.048530 0.039370
0.709127 0.492832 0.044183 0.038089
0.932723 0.123830 0.052408 0.033311
0.275142 0.462062 0.048412 0.041198
0.275765 0.145128 0.053148 0.034594
0.492355 0.309976 0.050014 0.033054
0.596046 0.504463 0.048530 0.036379
0.489657 0.458166 0.051405 0.038265
0.601124 0.370565 0.052438 0.041162
0.060884 0.163767 0.045452 0.036529
0.272812 0.298093 0.048275 0.037374
0.710725 0.559874 0.050418 0.034675
0.068449 0.533271 0.055030 0.037139
0.597704 0.897452 0.051863 0.028502
0.167640 0.907694 0.045358 0.028636
0.707711 0.290046 0.045652 0.028144
0.374828 0.458948 0.065566 0.050563
0.270464 0.536028 0.050709 0.035553
0.055475 0.093086 0.047621 0.030515
0.491297 0.269552 0.052985 0.046116
0.937523 0.690205 0.057743 0.030553
0.489021 0.668825 0.053571 0.040308
0.072522 0.568033 0.062074 0.038409
0.937040 0.342662 0.053755 0.036655
0.930722 0.273318 0.045942 0.033300
0.388483 0.149552 0.047793 0.032636
0.937765 0.564756 0.044468 0.042114
0.937037 0.089491 0.049720 0.037483
0.267053 0.848913 0.048930 0.044008
0.933945 0.307373 0.045285 0.032748
0.709220 0.055277 0.047191 0.037423
0.491426 0.342074 0.052808 0.034116
0.708831 0.525415 0.048096 0.032591
0.271898 0.571447 0.042764 0.035735
0.935143 0.055439 0.053522 0.036122
0.058887 0.064033 0.045485 0.030740
0.164173 0.185687 0.049374 0.037126
0.064731 0.361655 0.043358 0.032638
0.709213 0.019637 0.046497 0.033946
0.273504 0.262474 0.042968 0.035433
0.276647 0.228860 0.044234 0.033416
0.069655 0.610037 0.041604 0.038347
0.489669 0.541535 0.043746 0.040165
0.379543 0.538283 0.057260 0.027819
0.060936 0.292117 0.042064 0.027898
0.057687 0.325805 0.051408 0.035042
0.938426 0.018467 0.043337 0.033120
0.489807 0.701773 0.050525 0.025871
0.270311 0.500599 0.054564 0.032707
0.599439 0.925101 0.045233 0.022915
0.597023 0.458817 0.057670 0.054364
