0.599460 0.847148 0.063520 0.039758
0.275805 0.529715 0.075043 0.041026
0.273940 0.908866 0.063980 0.040699
0.709217 0.481477 0.062265 0.043084
0.939562 0.106394 0.066122 0.041596
0.930434 0.064830 0.062850 0.039884
0.812900 0.618273 0.057530 0.040341
0.594835 0.805652 0.068688 0.040697
0.278150 0.403198 0.063095 0.039550
0.811043 0.332278 0.075218 0.039980
0.942921 0.290894 0.058406 0.032111
0.811850 0.700922 0.063657 0.036390
0.165707 0.593180 0.055251 0.036416
0.704487 0.898274 0.064024 0.037136
0.939736 0.183452 0.052561 0.036961
0.707276 0.070566 0.056515 0.038110
0.813186 0.660926 0.050467 0.041545
0.938616 0.578896 0.051290 0.043074
0.060701 0.909279 0.064072 0.041695
0.814118 0.577305 0.055701 0.034955
0.283969 0.648043 0.080514 0.040311
0.597744 0.767571 0.059820 0.034788
0.159080 0.960911 0.070415 0.034535
0.486006 0.613455 0.061182 0.038108
0.278672 0.572470 0.054427 0.038469
0.489671 0.322802 0.056559 0.043180
0.706657 0.789982 0.056576 0.032629
0.063193 0.514565 0.054198 0.041420
0.708110 0.715580 0.049173 0.037281
0.709834 0.440234 0.050279 0.034188
0.928735 0.729886 0.069126 0.040283
0.376010 0.817747 0.070544 0.041958
0.708016 0.825656 0.056171 0.040135
0.274814 0.836545 0.055736 0.038497
0.705769 0.525370 0.047948 0.039577
0.710299 0.168276 0.049596 0.034389
0.159061 0.639107 0.058986 0.048278
0.709802 0.754364 0.051667 0.037133
0.166688 0.527486 0.050990 0.037768
0.275602 0.236099 0.058761 0.040506
0.943513 0.621357 0.046874 0.039316
0.707919 0.028469 0.051732 0.042992
0.601242 0.549435 0.072946 0.037707
0.815349 0.110511 0.053153 0.038326
0.937120 0.146089 0.050361 0.035592
0.702354 0.567535 0.065323 0.043395
0.820509 0.210567 0.064232 0.035860
0.277655 0.950430 0.054255 0.039057
0.590969 0.343875 0.059120 0.045572
0.937271 0.429626 0.063688 0.036284
0.711038 0.208534 0.059588 0.045450
0.272989 0.197154 0.056069 0.036719
0.816841 0.146805 0.057008 0.034287
0.380459 0.279372 0.050935 0.037906
0.593226 0.724892 0.053756 0.042305
0.490970 0.245257 0.051415 0.038616
0.943663 0.219648 0.046841 0.034472
0.381021 0.201236 0.047426 0.034540
0.382184 0.238492 0.052238 0.037204
0.816696 0.804772 0.066097 0.033903
0.280954 0.609670 0.051955 0.035185
0.594714 0.485686 0.051369 0.031300
0.168252 0.447070 0.062555 0.042767
0.817933 0.250023 0.061165 0.043363
0.812172 0.768628 0.058389 0.038493
0.946677 0.254730 0.044383 0.036161
0.155578 0.733559 0.053407 0.041607
0.159494 0.855217 0.071488 0.045550
0.483149 0.365130 0.054236 0.035046
0.056140 0.596147 0.053600 0.045899
0.267942 0.760087 0.065011 0.041149
0.591408 0.387764 0.052201 0.038769
0.491537 0.281807 0.044376 0.034085
0.935134 0.660459 0.048861 0.036504
0.073960 0.109673 0.054791 0.041256
0.597953 0.966849 0.061886 0.044148
0.375233 0.555630 0.052073 0.038840
0.274164 0.363396 0.077950 0.039241
0.812489 0.734077 0.073897 0.029198
0.061348 0.552198 0.048498 0.036406
0.593233 0.422745 0.052058 0.032581
0.715276 0.933543 0.051334 0.033840
0.377115 0.398368 0.052946 0.036852
0.063788 0.349516 0.053579 0.039832
0.808066 0.839475 0.072638 0.036846
0.486290 0.778406 0.054742 0.039490
0.931403 0.843242 0.055092 0.037688
0.710367 0.862542 0.053045 0.032496
0.068662 0.185442 0.049904 0.039495
0.707926 0.680641 0.049782 0.030481
0.169571 0.401959 0.056437 0.045349
0.598268 0.626735 0.054689 0.037092
0.707893 0.405503 0.048080 0.031546
0.057501 0.641926 0.067349 0.046069
0.154831 0.689322 0.070271 0.044131
0.063072 0.870938 0.050867 0.036740
0.275698 0.872741 0.053066 0.028257
0.372885 0.521388 0.060511 0.027158
0.811276 0.292339 0.072693 0.039267
0.483957 0.027895 0.056446 0.034151
0.375597 0.893362 0.063247 0.037164
0.167745 0.489431 0.052746 0.038674
0.483878 0.701781 0.052295 0.039840
0.072134 0.146419 0.046238 0.034996
0.705451 0.371984 0.053805 0.034658
0.487609 0.539237 0.051252 0.045212
0.063687 0.263689 0.046898 0.041736
0.160835 0.774406 0.049781 0.041523
0.706444 0.301161 0.054116 0.038388
0.065201 0.306963 0.053184 0.040284
0.481833 0.820759 0.069192 0.044248
0.940568 0.360886 0.053957 0.034493
0.375143 0.857504 0.055756 0.039818
0.487884 0.397826 0.050509 0.032096
0.375417 0.323765 0.052503 0.041773
0.058534 0.951704 0.058394 0.039952
0.069520 0.393147 0.056298 0.042605
0.706219 0.257589 0.052457 0.046645
0.170493 0.134560 0.053067 0.034591
0.814187 0.068393 0.053916 0.044795
0.381841 0.631638 0.056153 0.039425
0.174719 0.240174 0.051415 0.040623
0.814295 0.877034 0.056306 0.040619
0.276462 0.718356 0.051541 0.045693
0.932951 0.877656 0.047819 0.033199
0.810707 0.543207 0.047050 0.030705
0.377855 0.958989 0.054587 0.036517
0.374739 0.360937 0.047902 0.034465
0.594267 0.295212 0.049470 0.046879
0.933122 0.490013 0.060345 0.031249
0.597172 0.687530 0.051017 0.032486
0.270399 0.159564 0.053207 0.035027
0.270900 0.278614 0.054394 0.045445
0.382153 0.591712 0.064222 0.030920
0.378105 0.435909 0.053408 0.039376
0.488961 0.173865 0.047458 0.035432
0.481598 0.062071 0.056223 0.034286
0.164598 0.897243 0.057134 0.041857
0.596321 0.886336 0.051977 0.035635
0.372223 0.778518 0.056593 0.036903
0.168747 0.279641 0.056178 0.038208
0.593423 0.067001 0.056196 0.041927
0.060744 0.837011 0.048354 0.034835
0.945839 0.325318 0.059072 0.033658
0.272491 0.485836 0.057282 0.044488
0.489158 0.579092 0.049229 0.027357
0.061299 0.800949 0.050299 0.037851
0.719462 0.964995 0.059488 0.029936
0.702604 0.337109 0.055360 0.036138
0.598142 0.587764 0.051931 0.038733
0.936524 0.694164 0.048370 0.029159
0.486603 0.739654 0.048952 0.037170
0.592707 0.454010 0.046000 0.032101
0.597069 0.923253 0.049695 0.042009
0.823752 0.178032 0.052637 0.030966
0.935371 0.461243 0.068038 0.023945
0.488531 0.497920 0.049697 0.034146
0.066502 0.223668 0.046252 0.036345
0.812962 0.506866 0.041822 0.037939
0.062011 0.439565 0.054549 0.044565
0.925555 0.025046 0.052753 0.033738
0.593875 0.026544 0.058694 0.038864
0.813351 0.026909 0.049985 0.039657
0.707356 0.604036 0.045597 0.029058
0.934765 0.531780 0.055958 0.047479
0.931056 0.943868 0.076557 0.028299
0.172243 0.172235 0.048906 0.037769
0.600400 0.515429 0.050592 0.028293
0.060573 0.762220 0.044897 0.039954
0.171387 0.205325 0.049239 0.029770
0.488425 0.656220 0.053547 0.046132
0.597904 0.205683 0.046554 0.043900
0.590938 0.102796 0.063082 0.033183
0.175118 0.320475 0.055010 0.043872
0.175830 0.361163 0.057771 0.032258
0.598396 0.658931 0.046478 0.030725
0.373201 0.740008 0.053348 0.041248
0.943276 0.393725 0.052042 0.034405
0.491710 0.138301 0.062267 0.037892
0.930031 0.970424 0.057703 0.028659
0.814754 0.369717 0.046557 0.033153
0.488623 0.461187 0.044956 0.035947
0.169661 0.560016 0.047892 0.024097
0.160974 0.814243 0.052077 0.038057
0.276981 0.442987 0.047487 0.037143
0.064712 0.478758 0.049444 0.027170
0.490577 0.208408 0.041475 0.030259
0.161276 0.931595 0.054646 0.025736
0.484405 0.430795 0.047469 0.028324
0.935609 0.806954 0.054573 0.028347
0.057966 0.688849 0.058453 0.040217
0.373909 0.097766 0.054561 0.046450
0.592816 0.248960 0.051948 0.038699
0.378496 0.057548 0.043939 0.031303
0.486561 0.099953 0.058842 0.040445
0.483708 0.900332 0.053315 0.039090
0.934030 0.912559 0.047096 0.032454
0.816803 0.469885 0.049190 0.034694
0.933847 0.771856 0.045543 0.041443
0.379911 0.702012 0.042942 0.035940
0.268532 0.799359 0.052496 0.038334
0.817956 0.432829 0.056367 0.037719
0.707590 0.110093 0.044727 0.033991
0.376518 0.024300 0.050290 0.035751
0.063768 0.724154 0.049527 0.028061
0.269198 0.085972 0.055891 0.048176
0.380647 0.137870 0.049777 0.032600
0.381420 0.925537 0.042549 0.029833
0.480477 0.862194 0.052653 0.038073
0.277746 0.321654 0.041901 0.037666
0.817408 0.402207 0.050308 0.029589
0.591900 0.138747 0.047104 0.041050
0.381410 0.167136 0.044749 0.031731
0.378154 0.669239 0.046512 0.034941
0.376756 0.481404 0.055536 0.047644
0.070584 0.029064 0.046846 0.043291
0.808030 0.918128 0.064970 0.036547
0.169019 0.074001 0.070608 0.037171
0.072797 0.070066 0.038072 0.032529
0.165383 0.101009 0.077969 0.026357
0.289471 0.126892 0.079957 0.035514
0.277519 0.682187 0.054457 0.027748
0.709123 0.132232 0.046100 0.033631
0.705935 0.642895 0.058256 0.044716
0.807489 0.955844 0.053092 0.036058
0.282011 0.031340 0.047592 0.052862
0.591909 0.168323 0.044220 0.029227
0.479100 0.942255 0.050990 0.045826
0.172768 0.031262 0.045921 0.046559
