0.279183 0.815970 0.071958 0.053361
0.484436 0.291670 0.078639 0.051854
0.482017 0.754760 0.084099 0.048092
0.173293 0.648156 0.075659 0.047293
0.588897 0.522376 0.093849 0.057881
0.475673 0.178566 0.090679 0.049949
0.174538 0.367382 0.080760 0.051683
0.275187 0.321590 0.076555 0.049532
0.936037 0.800379 0.085286 0.053954
0.707895 0.241057 0.068905 0.058514
0.483113 0.604821 0.089070 0.048813
0.822594 0.865382 0.090139 0.041685
0.590746 0.823876 0.086846 0.048820
0.066192 0.265967 0.086635 0.052136
0.172388 0.509099 0.076996 0.044781
0.587058 0.265291 0.084986 0.048740
0.704688 0.821696 0.089307 0.046982
0.273675 0.473161 0.066831 0.040786
0.176526 0.213384 0.069506 0.054116
0.272431 0.424527 0.064008 0.052679
0.938273 0.648008 0.082513 0.052680
0.704359 0.721042 0.073832 0.052691
0.585661 0.376326 0.087142 0.046054
0.275692 0.219572 0.076782 0.044281
0.379257 0.456682 0.078326 0.047479
0.705893 0.150416 0.067153 0.042798
0.821896 0.914132 0.065745 0.043927
0.373107 0.115393 0.072581 0.045683
0.059388 0.315073 0.079332 0.040663
0.825095 0.728663 0.069575 0.050755
0.587699 0.320489 0.087702 0.053589
0.277726 0.966570 0.062575 0.054671
0.939011 0.749362 0.082576 0.039097
0.377267 0.730483 0.078244 0.047031
0.273758 0.268653 0.070850 0.046606
0.704700 0.771737 0.081126 0.042493
0.177960 0.315192 0.077780 0.042589
0.375405 0.250464 0.086184 0.050770
0.476257 0.398102 0.072653 0.047789
0.378509 0.840097 0.069601 0.049702
0.175056 0.746060 0.079005 0.045370
0.480870 0.122999 0.076112 0.053928
0.169923 0.265429 0.072149 0.047617
0.937299 0.113785 0.090422 0.047669
0.274103 0.575421 0.090909 0.050224
0.279996 0.868047 0.074009 0.045080
0.171332 0.697269 0.078003 0.045831
0.703585 0.106191 0.088997 0.040938
0.704975 0.403472 0.091203 0.053430
0.816824 0.513624 0.076618 0.046416
0.374877 0.559110 0.077289 0.039093
0.371013 0.161674 0.081076 0.038697
0.489810 0.910613 0.074349 0.046858
0.070014 0.732043 0.078838 0.057347
0.589863 0.633004 0.091162 0.041780
0.934973 0.164709 0.069572 0.052453
0.273738 0.628242 0.066019 0.052427
0.936752 0.273256 0.073017 0.047452
0.824055 0.778111 0.060264 0.046868
0.263807 0.116478 0.074724 0.042777
0.373160 0.354295 0.086319 0.053655
0.066205 0.840751 0.074552 0.038612
0.271872 0.674255 0.070470 0.040546
0.705347 0.459502 0.083536 0.052381
0.275829 0.524128 0.066167 0.044882
0.069374 0.528303 0.080515 0.045104
0.170420 0.890199 0.072011 0.043416
0.590635 0.212184 0.075481 0.052799
0.272194 0.372408 0.070843 0.042469
0.819780 0.268455 0.068796 0.060458
0.597586 0.772243 0.079137 0.047868
0.482813 0.553799 0.060766 0.044003
0.589117 0.465023 0.072098 0.048330
0.074214 0.788604 0.080142 0.049332
0.274033 0.916292 0.077259 0.044830
0.072450 0.888870 0.082186 0.047096
0.936612 0.217973 0.070016 0.049488
0.597027 0.878778 0.074866 0.054414
0.475001 0.348080 0.080358 0.045412
0.479574 0.805752 0.069842 0.049206
0.272036 0.168994 0.065881 0.050379
0.178833 0.557654 0.075949 0.044657
0.067786 0.105800 0.082065 0.043158
0.821468 0.408925 0.067215 0.041228
0.173939 0.159295 0.081178 0.044451
0.935443 0.540826 0.075723 0.050787
0.705422 0.296722 0.076624 0.050021
0.928212 0.487820 0.089637 0.042592
0.701208 0.512435 0.083805 0.037904
0.474847 0.506617 0.064927 0.044671
0.166457 0.063181 0.076041 0.051279
0.929234 0.435381 0.076473 0.049780
0.481773 0.705655 0.058881 0.045916
0.380072 0.408461 0.070554 0.045644
0.063981 0.677393 0.086797 0.043947
0.588629 0.927764 0.072120 0.038744
0.932054 0.698426 0.065708 0.046218
0.489519 0.957555 0.075445 0.045478
0.824106 0.673767 0.067380 0.050317
0.703412 0.565875 0.070862 0.052479
0.376693 0.510112 0.067250 0.049907
0.819817 0.162274 0.068128 0.043713
0.817301 0.619540 0.077809 0.046425
0.825346 0.362712 0.070430 0.045741
0.934621 0.326135 0.061779 0.049332
0.705400 0.666872 0.068549 0.045627
0.174422 0.844695 0.070102 0.036464
0.479743 0.233438 0.072121 0.050082
0.061417 0.477656 0.070080 0.045676
0.174631 0.795226 0.059204 0.047709
0.483498 0.857536 0.063942 0.045947
0.065836 0.426073 0.070176 0.054416
0.161335 0.418408 0.078758 0.036223
0.379205 0.681045 0.076409 0.049492
0.374382 0.785072 0.067831 0.052230
0.174550 0.967321 0.079758 0.039728
0.479839 0.065832 0.073239 0.057872
0.708563 0.192816 0.069363 0.034392
0.066258 0.368528 0.065355 0.055939
0.377108 0.202460 0.063547 0.036780
0.377332 0.299722 0.062750 0.047109
0.933504 0.849525 0.064224 0.039437
0.932389 0.593248 0.068797 0.044168
0.382038 0.601787 0.078940 0.039831
0.586837 0.061228 0.069374 0.047641
0.058996 0.581692 0.083041 0.044291
0.824992 0.821110 0.074964 0.034021
0.593433 0.678994 0.062574 0.039670
0.268752 0.063964 0.076922 0.055622
0.819724 0.954333 0.077438 0.037725
0.479474 0.452506 0.061106 0.054233
0.927482 0.061914 0.083663 0.051901
0.175795 0.602294 0.071543 0.038664
0.379170 0.888916 0.066588 0.044639
0.178852 0.929721 0.077632 0.036447
0.277052 0.766997 0.067133 0.038131
0.821993 0.459914 0.061363 0.051452
0.934813 0.899394 0.063384 0.046522
0.603586 0.579487 0.095070 0.053092
0.588983 0.110738 0.064379 0.038899
0.706106 0.920909 0.081795 0.036137
0.702128 0.348791 0.064216 0.042498
0.484453 0.655583 0.055737 0.047477
0.707518 0.958685 0.091936 0.041155
0.588751 0.964692 0.063759 0.034705
0.932384 0.379234 0.059334 0.051201
0.821309 0.567786 0.060672 0.053502
0.818599 0.113058 0.065584 0.049547
0.063820 0.154928 0.060290 0.045905
0.065871 0.210246 0.067364 0.056063
0.706121 0.618377 0.068618 0.038043
0.592485 0.159926 0.060527 0.042353
0.708509 0.875148 0.056801 0.050905
0.273417 0.719945 0.056651 0.048646
0.589561 0.420645 0.064294 0.038384
0.705730 0.059431 0.069515 0.046720
0.822430 0.212171 0.071552 0.044606
0.066491 0.932272 0.070881 0.040404
0.595017 0.725519 0.060650 0.037713
0.060673 0.967940 0.077337 0.038959
0.374160 0.064412 0.060068 0.048793
0.173123 0.462709 0.049721 0.043485
0.822108 0.061875 0.069085 0.047001
0.066982 0.632958 0.053129 0.042589
0.167676 0.112957 0.056583 0.044617
0.925288 0.951024 0.084292 0.038118
0.824700 0.321822 0.065637 0.032964
0.066725 0.058317 0.054132 0.049351
0.374094 0.938719 0.065405 0.054511
0.378696 0.641256 0.046926 0.028459
