0.820085 0.553537 0.075436 0.043759
0.485273 0.173065 0.068189 0.043729
0.283265 0.785390 0.054855 0.037519
0.820085 0.767282 0.073483 0.038898
0.707159 0.342032 0.073710 0.035799
0.705865 0.548135 0.066415 0.038326
0.487718 0.505480 0.059263 0.036717
0.488805 0.789341 0.063225 0.036565
0.598679 0.750469 0.073950 0.036235
0.491431 0.827450 0.058705 0.038575
0.932483 0.489692 0.063091 0.042067
0.600150 0.251947 0.078474 0.039772
0.937314 0.897185 0.071877 0.045138
0.935131 0.445185 0.060191 0.041756
0.709785 0.773655 0.055491 0.045577
0.487478 0.870742 0.063515 0.046053
0.710624 0.732355 0.052970 0.033737
0.710255 0.815525 0.060590 0.036489
0.603937 0.211403 0.054760 0.037715
0.713794 0.302451 0.067568 0.040295
0.596802 0.380946 0.060296 0.045089
0.280877 0.864993 0.054156 0.038383
0.815791 0.472598 0.068360 0.038634
0.941577 0.808650 0.065416 0.038705
0.286678 0.822947 0.059346 0.036994
0.715425 0.855025 0.062245 0.037757
0.173392 0.108888 0.060070 0.035319
0.600598 0.337370 0.056546 0.041659
0.824040 0.318394 0.056322 0.033492
0.169402 0.256759 0.060494 0.038384
0.488063 0.916270 0.058856 0.039183
0.711809 0.931466 0.045954 0.033667
0.944594 0.769792 0.059129 0.038277
0.928034 0.619445 0.067019 0.037527
0.384835 0.266401 0.080244 0.040631
0.280877 0.675981 0.053243 0.037804
0.487771 0.547928 0.057394 0.042805
0.379062 0.588550 0.060230 0.039237
0.283771 0.714947 0.053411 0.034668
0.702232 0.381340 0.067335 0.040480
0.817653 0.430703 0.067349 0.041402
0.599448 0.786883 0.055267 0.033547
0.820187 0.208190 0.051894 0.036240
0.709699 0.894244 0.051147 0.037135
0.186982 0.933744 0.061129 0.030803
0.392892 0.964953 0.067138 0.040112
0.380839 0.768547 0.057334 0.041667
0.063178 0.181889 0.052239 0.040050
0.712915 0.228506 0.058298 0.046172
0.710093 0.696052 0.052142 0.036365
0.279398 0.251938 0.062574 0.035888
0.493205 0.677992 0.060324 0.038200
0.929524 0.659378 0.078674 0.038665
0.167765 0.179217 0.055292 0.043345
0.592420 0.478471 0.056817 0.044631
0.181547 0.667329 0.056579 0.035566
0.492970 0.716452 0.051741 0.035030
0.929746 0.535765 0.062910 0.045219
0.177850 0.628521 0.051191 0.037866
0.386899 0.811791 0.063514 0.042087
0.066612 0.266146 0.051702 0.039238
0.275485 0.340444 0.054547 0.037744
0.177314 0.704060 0.047435 0.034488
0.820178 0.279247 0.055067 0.037390
0.489335 0.635618 0.053869 0.045629
0.171883 0.478673 0.057476 0.036668
0.484868 0.065414 0.056631 0.040471
0.932563 0.197669 0.056392 0.040475
0.486175 0.133737 0.053739 0.034365
0.275779 0.377478 0.054526 0.032104
0.700584 0.652654 0.054059 0.044176
0.929787 0.367272 0.058612 0.040196
0.286606 0.749453 0.050387 0.030173
0.488714 0.290565 0.058594 0.038515
0.600714 0.676726 0.049455 0.045053
0.595947 0.826079 0.053154 0.040365
0.934483 0.282560 0.054832 0.042603
0.384779 0.077094 0.058522 0.037676
0.488740 0.590807 0.053160 0.038925
0.820409 0.170235 0.046805 0.034885
0.386247 0.854646 0.055233 0.038259
0.489821 0.249686 0.057592 0.034804
0.822211 0.598322 0.077675 0.041204
0.276938 0.212698 0.061646 0.038077
0.176122 0.555262 0.054876 0.043106
0.063471 0.308843 0.046517 0.042101
0.068998 0.225052 0.051425 0.039885
0.069391 0.388272 0.055211 0.035777
0.934912 0.324877 0.054225 0.041851
0.602120 0.073071 0.052649 0.039068
0.177354 0.515524 0.048738 0.033571
0.284218 0.559979 0.055054 0.040691
0.603259 0.294522 0.056890 0.040978
0.376414 0.352939 0.065474 0.041924
0.600233 0.033167 0.059748 0.040995
0.062914 0.139543 0.053487 0.041344
0.825113 0.352837 0.046334 0.034944
0.282414 0.517892 0.051665 0.041485
0.930493 0.579356 0.049841 0.037293
0.596374 0.558581 0.045118 0.034471
0.937182 0.966832 0.086301 0.035809
0.180157 0.740062 0.055444 0.039291
0.600684 0.630073 0.048824 0.039565
0.491527 0.213367 0.052843 0.035818
0.823060 0.683710 0.060154 0.048748
0.385682 0.118688 0.052841 0.038866
0.822846 0.389612 0.050973 0.037625
0.935731 0.933878 0.059070 0.028766
0.280325 0.934637 0.048786 0.038593
0.822031 0.134647 0.046411 0.030569
0.822359 0.244702 0.049279 0.030549
0.604358 0.170344 0.053003 0.043654
0.172001 0.302268 0.052917 0.046012
0.712414 0.184268 0.052653 0.041171
0.593251 0.894009 0.043472 0.034050
0.711667 0.962903 0.053651 0.027881
0.385740 0.159944 0.050013 0.041212
0.594693 0.930108 0.049605 0.035900
0.381935 0.547160 0.050190 0.036250
0.166700 0.344645 0.066672 0.037964
0.070213 0.426638 0.043822 0.035798
0.940995 0.851923 0.047663 0.042925
0.493406 0.752123 0.048499 0.033600
0.187135 0.779053 0.070681 0.033405
0.382734 0.666587 0.048527 0.036030
0.937281 0.696658 0.055045 0.030893
0.492425 0.468624 0.053085 0.038287
0.596802 0.520407 0.045091 0.034273
0.383270 0.467927 0.054689 0.040320
0.387365 0.888840 0.051900 0.036052
0.184832 0.965693 0.060635 0.029875
0.710163 0.265236 0.052561 0.030768
0.279285 0.637007 0.049042 0.036703
0.821910 0.640207 0.051199 0.037168
0.071324 0.350093 0.047984 0.034239
0.940335 0.732022 0.050268 0.035652
0.827683 0.891901 0.062423 0.036667
0.709748 0.432621 0.064506 0.055615
0.602235 0.135302 0.051710 0.028812
0.833340 0.963178 0.056378 0.041595
0.597577 0.713792 0.054589 0.031163
0.816134 0.725924 0.069046 0.038167
0.175288 0.140943 0.051310 0.026524
0.933526 0.133298 0.046025 0.031138
0.285965 0.899308 0.047218 0.025837
0.486556 0.400449 0.048810 0.033801
0.593620 0.592637 0.047572 0.033678
0.174885 0.073118 0.059497 0.036620
0.937704 0.236894 0.042572 0.038735
0.387234 0.730230 0.058516 0.033150
0.818315 0.511871 0.054713 0.036183
0.712533 0.111022 0.054301 0.028512
0.935826 0.405840 0.041818 0.034488
0.275296 0.296485 0.056031 0.050676
0.930510 0.063426 0.067066 0.032480
0.707696 0.033009 0.051471 0.040411
0.383189 0.309184 0.052088 0.041793
0.708312 0.074963 0.050910 0.042464
0.087949 0.871448 0.054809 0.034502
0.929174 0.025695 0.059601 0.037517
0.707260 0.587840 0.049901 0.033500
0.824201 0.852618 0.067470 0.039716
0.384470 0.627983 0.053026 0.036691
0.815653 0.025380 0.055019 0.032239
0.389406 0.194935 0.050606 0.023969
0.184758 0.811638 0.059273 0.033736
0.601253 0.106285 0.068742 0.026779
0.170680 0.217763 0.043859 0.032661
0.486950 0.329441 0.047220 0.036442
0.598484 0.431574 0.057099 0.051682
0.185335 0.848424 0.049525 0.040288
0.708260 0.507937 0.049345 0.031662
0.381043 0.036125 0.049712 0.039373
0.286263 0.969495 0.053839 0.028499
0.818214 0.063529 0.048215 0.038536
0.085880 0.908373 0.049961 0.036227
0.712861 0.143968 0.044764 0.035238
0.083473 0.706501 0.050129 0.036197
0.382346 0.426887 0.044688 0.034403
0.490533 0.434235 0.046793 0.033336
0.185713 0.893080 0.048641 0.043195
0.489438 0.364718 0.045498 0.036690
0.173175 0.037163 0.060455 0.032461
0.385026 0.225459 0.048662 0.035110
0.169302 0.444679 0.041420 0.032613
0.596481 0.861351 0.042990 0.031878
0.077884 0.626293 0.047395 0.034533
0.068866 0.100819 0.048225 0.036451
0.488160 0.099712 0.051650 0.029929
0.385299 0.699229 0.042731 0.033587
0.178036 0.593356 0.043016 0.029621
0.072117 0.541935 0.060297 0.047781
0.381086 0.392436 0.050985 0.037555
0.281952 0.033164 0.050756 0.032555
0.834921 0.925951 0.053438 0.034416
0.489840 0.027811 0.055245 0.030626
0.282924 0.180902 0.045655 0.026615
0.379152 0.512502 0.053082 0.037289
0.280666 0.148441 0.043070 0.038249
0.283251 0.599898 0.045854 0.035263
0.386145 0.925359 0.055952 0.038185
0.708110 0.618026 0.046598 0.023556
0.595467 0.966223 0.055108 0.036053
0.082867 0.664424 0.050821 0.037608
0.934277 0.098203 0.072598 0.040835
0.933207 0.162717 0.046324 0.026066
0.284083 0.063021 0.047410 0.032263
0.822846 0.810150 0.060296 0.044312
0.165802 0.380953 0.050727 0.032978
0.169659 0.410867 0.041380 0.029988
0.280547 0.106048 0.049274 0.047002
0.072333 0.067119 0.042369 0.032649
0.085445 0.951060 0.050948 0.047550
0.820836 0.099608 0.043879 0.038770
0.086177 0.745710 0.050540 0.042505
0.078300 0.585552 0.055157 0.040794
0.710498 0.479499 0.058875 0.033999
0.070421 0.038160 0.054519 0.027656
0.071652 0.466320 0.054134 0.036580
0.494881 0.953031 0.053431 0.037311
0.093368 0.834847 0.088698 0.041090
0.496410 0.968736 0.050736 0.041731
0.272498 0.417158 0.054192 0.042329
0.094234 0.791081 0.069088 0.046066
0.275091 0.475089 0.051835 0.042773
0.878597 0.468784 0.038798 0.028424
0.274662 0.435024 0.060821 0.037736
0.073434 0.499472 0.057607 0.037348
