0.266444 0.309411 0.069294 0.038732
0.377680 0.541201 0.065185 0.041527
0.378041 0.822786 0.060461 0.035075
0.269604 0.348967 0.060768 0.035570
0.828253 0.196440 0.064024 0.039015
0.818151 0.451958 0.054879 0.041431
0.376401 0.902778 0.060764 0.034353
0.819258 0.747900 0.065230 0.039724
0.711675 0.333667 0.065336 0.040844
0.817096 0.497396 0.074350 0.043713
0.824605 0.370234 0.058312 0.040494
0.379644 0.497278 0.057102 0.040061
0.492584 0.384268 0.059136 0.038919
0.497370 0.197324 0.060252 0.039334
0.063354 0.157827 0.054596 0.038136
0.062643 0.445335 0.056115 0.035623
0.488964 0.464279 0.059727 0.041630
0.818916 0.541161 0.062593 0.040415
0.386480 0.311480 0.055139 0.041214
0.062777 0.408295 0.055071 0.036445
0.387942 0.186101 0.054314 0.043591
0.385862 0.387968 0.047648 0.036865
0.935968 0.340406 0.058955 0.042223
0.501237 0.154741 0.063225 0.041115
0.387397 0.230408 0.053440 0.042692
0.611238 0.228364 0.067782 0.046155
0.937554 0.578104 0.064428 0.039525
0.832640 0.076688 0.065134 0.037958
0.938067 0.452462 0.059752 0.037763
0.619975 0.183153 0.072322 0.042455
0.163924 0.277755 0.071837 0.036242
0.068733 0.073000 0.058100 0.040085
0.489682 0.346644 0.057129 0.035485
0.262641 0.965763 0.053550 0.034708
0.710901 0.376232 0.064946 0.037331
0.815546 0.585307 0.065004 0.041667
0.929972 0.970967 0.065375 0.038403
0.699035 0.757752 0.057201 0.040238
0.062628 0.485632 0.062886 0.038517
0.272990 0.139424 0.058331 0.039091
0.485105 0.693665 0.052947 0.034392
0.378138 0.672388 0.055829 0.044184
0.823743 0.328377 0.060024 0.038407
0.386894 0.273338 0.057572 0.032927
0.929870 0.494484 0.070734 0.043385
0.263255 0.894648 0.048604 0.037421
0.715821 0.071440 0.065907 0.038259
0.069557 0.115842 0.057664 0.043047
0.164307 0.681683 0.067047 0.038985
0.599771 0.416276 0.056890 0.032936
0.268038 0.535367 0.060721 0.041072
0.817113 0.704862 0.052548 0.040854
0.825727 0.284157 0.046873 0.041991
0.815520 0.660521 0.054920 0.041650
0.061428 0.247815 0.048968 0.038187
0.387464 0.103521 0.067533 0.041703
0.373608 0.934720 0.050841 0.029328
0.271275 0.383876 0.057528 0.033457
0.377898 0.783525 0.046010 0.038603
0.932283 0.208094 0.061618 0.043901
0.385779 0.352256 0.046898 0.035214
0.714172 0.264711 0.050921 0.035418
0.167494 0.350035 0.059804 0.039307
0.488248 0.659417 0.059154 0.031978
0.831030 0.153356 0.070070 0.041337
0.171234 0.165627 0.055180 0.035593
0.375851 0.862711 0.055580 0.040841
0.824760 0.240188 0.054964 0.039664
0.936892 0.028590 0.062540 0.041494
0.500589 0.239197 0.059212 0.042499
0.932189 0.861334 0.056964 0.036529
0.822390 0.412413 0.054667 0.036299
0.378101 0.743554 0.051814 0.041518
0.707062 0.717814 0.060567 0.040289
0.711847 0.410280 0.055316 0.035289
0.278850 0.224933 0.058889 0.038112
0.177176 0.082012 0.056255 0.043654
0.265701 0.456849 0.053735 0.037084
0.716279 0.192228 0.057472 0.044823
0.060590 0.733471 0.066178 0.035097
0.701664 0.832275 0.072654 0.038945
0.714135 0.232141 0.051736 0.030739
0.593512 0.620832 0.051390 0.044594
0.597243 0.452581 0.047703 0.035274
0.613107 0.104138 0.054903 0.038290
0.163731 0.606875 0.058975 0.039511
0.266024 0.493780 0.051298 0.036119
0.598927 0.379519 0.045086 0.035846
0.818391 0.785332 0.056551 0.037979
0.493214 0.422768 0.049619 0.031622
0.930697 0.895212 0.052098 0.033474
0.160879 0.725351 0.055151 0.043439
0.616378 0.067312 0.055819 0.039176
0.615618 0.142944 0.054849 0.032493
0.712715 0.444667 0.058723 0.036363
0.501985 0.112455 0.060703 0.037915
0.708304 0.482880 0.061465 0.040249
0.277411 0.183669 0.055329 0.045036
0.617563 0.027755 0.059387 0.040718
0.931649 0.797431 0.054101 0.042980
0.835262 0.113619 0.070043 0.035115
0.596276 0.492207 0.046565 0.042285
0.265156 0.930577 0.043842 0.031983
0.161092 0.413623 0.052323 0.037816
0.160910 0.451159 0.052216 0.039252
0.707467 0.526497 0.056809 0.041550
0.933895 0.680015 0.044623 0.034338
0.935451 0.413954 0.049691 0.034043
0.935021 0.754706 0.049416 0.038353
0.168170 0.204510 0.054324 0.034401
0.940663 0.072434 0.065157 0.045310
0.163934 0.240486 0.050861 0.032301
0.274609 0.034266 0.072140 0.043034
0.157247 0.796466 0.054305 0.033015
0.376494 0.967776 0.056832 0.029250
0.706530 0.569565 0.051258 0.041373
0.162731 0.763699 0.059434 0.028508
0.387346 0.062544 0.065062 0.041250
0.606545 0.308883 0.071809 0.040465
0.383195 0.423890 0.058125 0.024920
0.932365 0.119748 0.072372 0.046687
0.485366 0.731612 0.062821 0.036860
0.934172 0.296230 0.050194 0.043836
0.933866 0.643346 0.047825 0.039539
0.060278 0.527615 0.061535 0.043602
0.595709 0.533177 0.050461 0.039442
0.066333 0.291203 0.058161 0.044687
0.062287 0.770951 0.053027 0.040150
0.272916 0.072399 0.057343 0.030044
0.719316 0.110043 0.057697 0.038736
0.593871 0.657881 0.047031 0.030214
0.934108 0.717581 0.050714 0.035643
0.483695 0.544722 0.048904 0.037320
0.936003 0.536865 0.053782 0.038700
0.590783 0.798618 0.062429 0.039746
0.703431 0.945503 0.047273 0.032302
0.478443 0.588687 0.055536 0.049815
0.593953 0.717405 0.052920 0.038856
0.385096 0.624232 0.060236 0.048424
0.610690 0.269580 0.051664 0.035168
0.066069 0.332734 0.058606 0.036658
0.267024 0.421174 0.048028 0.033224
0.275759 0.104907 0.056833 0.031870
0.264967 0.668532 0.050827 0.043124
0.813673 0.621043 0.054778 0.030797
0.059044 0.693936 0.051128 0.041885
0.477804 0.919457 0.051782 0.042629
0.262250 0.855261 0.044548 0.038294
0.483423 0.834861 0.050917 0.035862
0.263337 0.749320 0.054544 0.038682
0.594335 0.574925 0.051641 0.043536
0.172522 0.125097 0.063567 0.040110
0.715691 0.298488 0.049131 0.026988
0.819877 0.824171 0.065058 0.043225
0.835885 0.030774 0.052547 0.046352
0.701520 0.676681 0.057997 0.036710
0.937305 0.380079 0.038756 0.032188
0.271652 0.266371 0.055378 0.040364
0.706151 0.908877 0.048949 0.036687
0.069301 0.938667 0.050230 0.038285
0.160603 0.643312 0.049557 0.036231
0.487985 0.504922 0.053002 0.035606
0.263586 0.708903 0.051645 0.036111
0.162594 0.526700 0.052180 0.026022
0.932792 0.932666 0.047813 0.037274
0.382707 0.457098 0.042775 0.036765
0.159664 0.493315 0.042615 0.038564
0.932011 0.164003 0.053036 0.039050
0.494744 0.275243 0.045222 0.035262
0.262930 0.820419 0.043652 0.030227
0.588765 0.758019 0.041102 0.039134
0.061166 0.371561 0.042598 0.032370
0.390088 0.140361 0.051743 0.034453
0.591666 0.686063 0.065745 0.027541
0.064295 0.810578 0.050273 0.039661
0.703776 0.976350 0.047446 0.029777
0.493700 0.310589 0.044626 0.036183
0.703108 0.795183 0.049619 0.032527
0.163852 0.832645 0.052621 0.040013
0.592504 0.928408 0.053603 0.037991
0.162362 0.565641 0.050330 0.042150
0.503301 0.031804 0.042793 0.042556
0.071995 0.973641 0.061754 0.032455
0.381666 0.580492 0.054480 0.032773
0.063967 0.031615 0.045102 0.036459
0.262631 0.787844 0.044613 0.032661
0.164175 0.380046 0.044267 0.027281
0.711770 0.610718 0.063810 0.036868
0.159712 0.877723 0.048087 0.046943
0.159986 0.919139 0.049002 0.036518
0.064928 0.896095 0.043751 0.046389
0.599971 0.345323 0.052209 0.033367
0.378719 0.708516 0.050673 0.030739
0.062928 0.589334 0.057659 0.043314
0.706570 0.643881 0.060633 0.031274
0.064317 0.851012 0.062531 0.038041
0.717085 0.033027 0.048668 0.039523
0.484897 0.628727 0.042362 0.025741
0.933285 0.830248 0.048043 0.026020
0.933318 0.250604 0.062966 0.040078
0.934812 0.610709 0.050459 0.024385
0.267374 0.628962 0.050018 0.035503
0.706889 0.870962 0.056948 0.039812
0.587597 0.895149 0.073950 0.026464
0.588327 0.969134 0.046791 0.033049
0.161218 0.957513 0.039350 0.038013
0.061141 0.657277 0.047715 0.031028
0.486142 0.767154 0.042695 0.036095
0.063327 0.627819 0.044340 0.032486
0.483011 0.876191 0.044800 0.041970
0.501148 0.074648 0.065989 0.037893
0.268371 0.586497 0.048906 0.045907
0.396042 0.024026 0.044360 0.032427
0.178452 0.035173 0.044214 0.044585
0.483757 0.799841 0.041628 0.030715
0.478300 0.963104 0.043706 0.041814
0.588342 0.861201 0.058217 0.036412
0.066568 0.201082 0.058561 0.045841
0.716366 0.150840 0.047457 0.037818
0.066251 0.560199 0.060887 0.025054
0.166568 0.313532 0.054390 0.034992
0.585882 0.833442 0.057942 0.031027
0.210516 0.244709 0.033828 0.030724
