0.731589 0.926583 0.065422 0.036192
0.387831 0.364392 0.066925 0.047996
0.613003 0.659694 0.073516 0.033827
0.607160 0.899079 0.056420 0.034080
0.388603 0.318026 0.059384 0.037158
0.944022 0.292137 0.054615 0.041271
0.389933 0.527506 0.060435 0.031807
0.377959 0.865241 0.066515 0.036087
0.278458 0.496299 0.062343 0.044042
0.730930 0.890292 0.059054 0.034560
0.277615 0.453131 0.053513 0.039870
0.721295 0.570349 0.060650 0.039113
0.165298 0.721214 0.058432 0.043176
0.842590 0.676826 0.056990 0.038317
0.613969 0.444783 0.069339 0.035022
0.389245 0.562784 0.061970 0.034518
0.844112 0.937679 0.058480 0.030455
0.501125 0.945213 0.070919 0.032466
0.614840 0.408820 0.053885 0.036129
0.945401 0.144859 0.055426 0.038331
0.951137 0.538493 0.058819 0.040888
0.844525 0.371609 0.059256 0.035525
0.265386 0.847923 0.059186 0.042682
0.493605 0.690809 0.058821 0.036676
0.627809 0.079264 0.065242 0.040964
0.388107 0.641722 0.053179 0.042625
0.723915 0.647021 0.053566 0.033978
0.494316 0.725274 0.057175 0.033057
0.950355 0.910606 0.053435 0.030070
0.837808 0.518063 0.062239 0.045440
0.726555 0.851604 0.057763 0.031970
0.940194 0.181838 0.059527 0.032200
0.949548 0.336604 0.055961 0.046103
0.946860 0.218123 0.050184 0.038830
0.164657 0.760869 0.064038 0.038903
0.723561 0.608238 0.055981 0.032938
0.392163 0.492921 0.052135 0.039016
0.841708 0.788058 0.069563 0.045811
0.611661 0.862382 0.058495 0.035472
0.844290 0.904674 0.059997 0.034245
0.493972 0.522724 0.062043 0.041230
0.951365 0.667449 0.053742 0.043338
0.944546 0.106248 0.049689 0.039060
0.949358 0.497923 0.051748 0.038644
0.172768 0.940219 0.058654 0.032620
0.501505 0.867854 0.057491 0.030802
0.072315 0.918671 0.056548 0.039269
0.622606 0.158989 0.050457 0.037986
0.612408 0.827639 0.065336 0.030502
0.065800 0.508991 0.054237 0.038595
0.950033 0.712090 0.055335 0.040821
0.280518 0.540481 0.071832 0.038520
0.509305 0.235661 0.058772 0.041551
0.945055 0.460534 0.054188 0.036133
0.843989 0.331908 0.054131 0.038015
0.612415 0.372093 0.059493 0.032029
0.725353 0.686549 0.055349 0.042486
0.610036 0.328426 0.069113 0.048529
0.841573 0.830467 0.052025 0.035807
0.502416 0.795318 0.060609 0.045072
0.495648 0.565600 0.058835 0.040889
0.495575 0.758446 0.049347 0.033009
0.614121 0.621456 0.055732 0.037950
0.070727 0.791364 0.050287 0.038503
0.388670 0.678643 0.060228 0.030401
0.280574 0.195251 0.053633 0.038978
0.618224 0.283152 0.055768 0.042033
0.845228 0.869606 0.049491 0.035692
0.170002 0.877975 0.051951 0.039208
0.387784 0.278460 0.047436 0.041956
0.505002 0.119576 0.049466 0.033262
0.609963 0.933057 0.067876 0.029580
0.492909 0.649648 0.047318 0.040990
0.615644 0.483334 0.057171 0.038474
0.166022 0.797320 0.054258 0.037826
0.172434 0.835819 0.054918 0.040855
0.072943 0.877748 0.052689 0.041140
0.384326 0.448715 0.068002 0.047512
0.278604 0.154881 0.059054 0.040412
0.839598 0.744807 0.047970 0.033722
0.075939 0.958200 0.052274 0.037602
0.394041 0.599409 0.052957 0.039681
0.383943 0.715375 0.061043 0.040896
0.506798 0.081043 0.063766 0.040022
0.720701 0.780162 0.062097 0.040337
0.617941 0.234516 0.050818 0.044269
0.062706 0.589377 0.056291 0.041944
0.280050 0.116237 0.058548 0.038895
0.279504 0.235293 0.057200 0.042088
0.613863 0.526787 0.062881 0.046240
0.949561 0.844168 0.053199 0.042385
0.731298 0.961463 0.057302 0.030690
0.390980 0.236385 0.057925 0.042755
0.947749 0.033028 0.058830 0.034074
0.163855 0.127850 0.055711 0.034517
0.164941 0.087976 0.060724 0.044723
0.381768 0.826729 0.060152 0.042115
0.945298 0.382224 0.052988 0.041008
0.382769 0.909305 0.059826 0.048028
0.501714 0.835429 0.055976 0.027051
0.062445 0.677809 0.062124 0.043924
0.062024 0.207761 0.048907 0.038986
0.728200 0.109234 0.072135 0.042747
0.612532 0.576526 0.052029 0.046635
0.952455 0.880573 0.058905 0.029646
0.623321 0.194485 0.050961 0.031573
0.264482 0.779741 0.062549 0.047156
0.612056 0.693947 0.056168 0.032747
0.071167 0.834553 0.051173 0.042547
0.839455 0.477420 0.049882 0.033844
0.839989 0.439911 0.050270 0.036605
0.280258 0.317943 0.053066 0.043926
0.725198 0.323235 0.050788 0.038341
0.726735 0.364385 0.058000 0.039214
0.065464 0.631308 0.050981 0.043517
0.838999 0.557923 0.053017 0.032059
0.165571 0.167809 0.060280 0.040802
0.945758 0.758287 0.056152 0.047967
0.955407 0.582453 0.058966 0.042907
0.838552 0.597224 0.047875 0.041582
0.841085 0.248066 0.048304 0.037468
0.946523 0.253256 0.043268 0.031539
0.727069 0.193204 0.053880 0.039915
0.266069 0.967457 0.058037 0.034785
0.845243 0.287983 0.052737 0.037932
0.497015 0.323058 0.052788 0.041736
0.614468 0.963723 0.058917 0.033061
0.069588 0.753993 0.052869 0.030383
0.954377 0.625077 0.062860 0.037406
0.731143 0.151126 0.051219 0.041431
0.495776 0.431278 0.053451 0.035773
0.278155 0.416559 0.045975 0.032189
0.162239 0.397378 0.051277 0.044025
0.492768 0.607341 0.048900 0.039874
0.495484 0.905524 0.063873 0.042673
0.067783 0.123853 0.051313 0.041916
0.505335 0.155478 0.048367 0.036656
0.505730 0.194061 0.049436 0.036959
0.173286 0.969879 0.062482 0.030914
0.061725 0.044862 0.054868 0.041215
0.942854 0.423052 0.047273 0.037333
0.386741 0.408155 0.047855 0.035133
0.623063 0.120832 0.050559 0.038088
0.381731 0.754308 0.049659 0.041447
0.953031 0.939771 0.045624 0.029687
0.162783 0.681610 0.051558 0.035831
0.168381 0.248112 0.052740 0.035012
0.722896 0.816017 0.052066 0.035406
0.073592 0.421723 0.060517 0.045829
0.160529 0.041401 0.057157 0.040733
0.948183 0.068208 0.048418 0.035125
0.721077 0.527630 0.051974 0.044105
0.838767 0.713041 0.047381 0.029987
0.946726 0.803745 0.042350 0.039602
0.506472 0.279619 0.052546 0.040274
0.066645 0.721103 0.044136 0.035203
0.622855 0.037077 0.064172 0.042097
0.607917 0.792203 0.057420 0.043029
0.838875 0.206311 0.045016 0.043581
0.610819 0.726297 0.059108 0.033319
0.066547 0.548487 0.051792 0.035094
0.843537 0.406264 0.046984 0.027760
0.836963 0.637952 0.048869 0.035483
0.736759 0.068544 0.058263 0.040806
0.172891 0.909468 0.047369 0.025734
0.845541 0.968131 0.047663 0.028587
0.278552 0.274362 0.059364 0.036030
0.277382 0.579853 0.054702 0.033850
0.391516 0.149003 0.055436 0.044412
0.275689 0.358002 0.049169 0.033891
0.157408 0.437671 0.048933 0.036934
0.157559 0.518305 0.049222 0.037970
0.496538 0.362160 0.043195 0.034446
0.278872 0.079536 0.051802 0.036637
0.164360 0.648028 0.044390 0.030138
0.272484 0.887722 0.053917 0.037750
0.382883 0.788801 0.047658 0.029521
0.163320 0.209539 0.049232 0.036536
0.271190 0.928678 0.057397 0.043018
0.725616 0.283270 0.050055 0.038896
0.170659 0.316344 0.049415 0.024997
0.725546 0.738415 0.052355 0.047144
0.156006 0.476135 0.051142 0.041720
0.498857 0.479729 0.050931 0.048051
0.726532 0.401686 0.061011 0.037180
0.494098 0.395492 0.040107 0.031276
0.067027 0.467852 0.053888 0.043182
0.065669 0.085257 0.052227 0.037854
0.160289 0.608812 0.051247 0.043738
0.724215 0.484098 0.044299 0.038035
0.276858 0.387295 0.048388 0.027068
0.167716 0.283947 0.046920 0.036180
0.277219 0.617838 0.042647 0.037258
0.164436 0.352362 0.060224 0.045770
0.062721 0.253193 0.057067 0.045432
0.062726 0.298269 0.051756 0.040753
0.728823 0.239623 0.058255 0.046644
0.391382 0.105153 0.053923 0.036401
0.279852 0.040234 0.058996 0.041706
0.726205 0.442546 0.047138 0.044753
0.498479 0.975990 0.054032 0.030959
0.950493 0.969209 0.038828 0.032306
0.503688 0.038160 0.055385 0.040611
0.612032 0.756079 0.044487 0.031531
0.273783 0.654270 0.041655 0.033877
0.387404 0.955685 0.055614 0.042410
0.154755 0.558822 0.060169 0.045437
0.271503 0.734154 0.047954 0.038757
0.836963 0.034274 0.046272 0.039414
0.064029 0.338064 0.051538 0.040851
0.270356 0.815389 0.043734 0.025755
0.836785 0.074672 0.051282 0.040617
0.393047 0.070528 0.050739 0.033568
0.064578 0.167873 0.049545 0.041440
0.838311 0.113466 0.049781 0.035229
0.392217 0.191220 0.052005 0.033845
0.273314 0.689589 0.042877 0.034642
0.394315 0.034339 0.044518 0.032957
0.839447 0.161421 0.046772 0.041272
0.731577 0.034031 0.048797 0.034281
0.066990 0.379728 0.050260 0.039042
