0.820357 0.158043 0.075332 0.044264
0.924770 0.447603 0.067977 0.042035
0.711477 0.508750 0.063553 0.038381
0.811819 0.734660 0.077664 0.038434
0.488198 0.900888 0.074887 0.044096
0.168273 0.128550 0.067031 0.039545
0.928709 0.598239 0.067685 0.036559
0.603201 0.174431 0.076319 0.044480
0.709087 0.684945 0.077538 0.039583
0.815771 0.825630 0.077815 0.039843
0.709636 0.593048 0.071030 0.042814
0.926839 0.227446 0.066648 0.040253
0.819359 0.530683 0.071934 0.049409
0.712257 0.641320 0.069154 0.047698
0.712973 0.549822 0.057888 0.039584
0.596476 0.257976 0.075099 0.040188
0.488575 0.848795 0.065877 0.055610
0.710658 0.223375 0.062319 0.047095
0.925694 0.401403 0.065769 0.042601
0.277557 0.146258 0.058865 0.042632
0.167247 0.176022 0.071631 0.044790
0.928609 0.189275 0.074490 0.033914
0.058512 0.198667 0.065282 0.036990
0.819314 0.440244 0.072283 0.043725
0.929074 0.269741 0.074288 0.040296
0.380425 0.462484 0.065470 0.043516
0.491432 0.199155 0.076663 0.036526
0.281981 0.282605 0.064173 0.040935
0.819250 0.249075 0.083729 0.045658
0.167824 0.283034 0.069316 0.040158
0.175014 0.325502 0.068038 0.037959
0.708652 0.466718 0.080337 0.037981
0.596454 0.703855 0.064259 0.034455
0.063767 0.701813 0.065754 0.046327
0.057513 0.329499 0.068481 0.039888
0.385765 0.807185 0.066724 0.045979
0.711085 0.296568 0.084877 0.047323
0.490443 0.667490 0.067853 0.044581
0.273294 0.720591 0.063871 0.040980
0.597663 0.665748 0.060212 0.039244
0.386941 0.631357 0.070362 0.039462
0.820531 0.619320 0.069781 0.042909
0.282173 0.235396 0.064257 0.043421
0.169382 0.084599 0.056398 0.040338
0.278033 0.325798 0.063279 0.040833
0.606460 0.393230 0.080484 0.045393
0.716336 0.137111 0.071252 0.046533
0.607513 0.301077 0.068116 0.045480
0.811450 0.863620 0.083344 0.032747
0.486309 0.711084 0.057073 0.040779
0.715046 0.342323 0.059107 0.038660
0.925918 0.489313 0.063386 0.036271
0.172128 0.413367 0.071556 0.041541
0.826734 0.575912 0.073686 0.040531
0.493579 0.797784 0.080616 0.039445
0.389522 0.088477 0.080208 0.037265
0.924525 0.124433 0.078833 0.035531
0.817166 0.696914 0.073547 0.034919
0.926964 0.532832 0.060486 0.040935
0.172333 0.367863 0.056740 0.041673
0.063270 0.465140 0.065823 0.046736
0.598961 0.539733 0.076304 0.042377
0.930425 0.310464 0.068470 0.040041
0.484539 0.452921 0.072235 0.040190
0.716328 0.387935 0.062986 0.045643
0.923517 0.354757 0.054105 0.043873
0.485486 0.363875 0.067232 0.047519
0.712934 0.086074 0.078965 0.045198
0.495753 0.079085 0.069462 0.041972
0.716212 0.768196 0.072698 0.043283
0.489815 0.753750 0.076058 0.040020
0.058919 0.510237 0.070168 0.036046
0.491216 0.160109 0.057538 0.039644
0.054323 0.373962 0.071923 0.042476
0.381978 0.717689 0.075649 0.040568
0.061449 0.549074 0.063198 0.036395
0.490596 0.582744 0.072560 0.040209
0.813436 0.110367 0.081643 0.049224
0.064042 0.120344 0.055154 0.039399
0.809422 0.063007 0.062613 0.036935
0.275550 0.806912 0.059663 0.051066
0.714116 0.905713 0.070361 0.049429
0.269946 0.761478 0.055779 0.037689
0.061963 0.871015 0.067702 0.040509
0.708174 0.815428 0.068298 0.043416
0.279750 0.188525 0.054347 0.042474
0.173792 0.039710 0.064539 0.045722
0.064168 0.242105 0.059306 0.043907
0.064542 0.653553 0.063620 0.045306
0.940680 0.700877 0.074382 0.042261
0.391775 0.174878 0.085461 0.039621
0.382341 0.314802 0.083947 0.042174
0.390930 0.215876 0.065968 0.033768
0.269954 0.591629 0.058292 0.042303
0.601953 0.218060 0.074137 0.038085
0.816871 0.901633 0.071966 0.040409
0.389142 0.129348 0.057994 0.045277
0.597682 0.626682 0.074967 0.031485
0.497230 0.280476 0.063484 0.045857
0.053869 0.415717 0.074578 0.038726
0.938249 0.749063 0.066098 0.047725
0.493493 0.118839 0.067525 0.037467
0.057913 0.287172 0.057178 0.041063
0.063412 0.080853 0.051320 0.038241
0.489920 0.623487 0.060621 0.039878
0.594606 0.587355 0.064310 0.045496
0.712348 0.179259 0.063218 0.036532
0.706566 0.859996 0.085818 0.040402
0.928268 0.080307 0.063219 0.046001
0.495524 0.034302 0.069865 0.043166
0.932622 0.834708 0.055011 0.036250
0.384049 0.894751 0.058768 0.035102
0.383421 0.928792 0.069064 0.034135
0.606603 0.437082 0.078173 0.041495
0.714776 0.428284 0.056136 0.035113
0.379463 0.548486 0.062259 0.043765
0.710255 0.039177 0.074931 0.046391
0.391018 0.275778 0.059985 0.029354
0.061972 0.785465 0.061534 0.037960
0.497435 0.236572 0.070120 0.038101
0.383774 0.852524 0.061737 0.042978
0.172662 0.494847 0.068370 0.044855
0.393233 0.042576 0.073318 0.050357
0.598778 0.473934 0.074130 0.032207
0.485689 0.949602 0.072595 0.045235
0.819594 0.201339 0.068142 0.040817
0.165685 0.794903 0.058652 0.043865
0.278506 0.855224 0.061602 0.043873
0.062269 0.159889 0.056213 0.030611
0.380460 0.505708 0.052908 0.036820
0.281810 0.075660 0.067952 0.030636
0.817534 0.291915 0.060704 0.039952
0.170955 0.244607 0.074971 0.033029
0.163624 0.834598 0.055226 0.035175
0.931610 0.875972 0.054159 0.040325
0.386984 0.363136 0.076619 0.046674
0.705625 0.725434 0.063546 0.039083
0.603849 0.346337 0.059419 0.044584
0.819121 0.484298 0.053155 0.041780
0.271595 0.676736 0.052532 0.045075
0.591631 0.742158 0.058732 0.039237
0.812083 0.658948 0.082113 0.037854
0.170897 0.900384 0.054359 0.036872
0.384893 0.760790 0.050383 0.040137
0.487448 0.410257 0.055599 0.043539
0.486127 0.537950 0.059558 0.047248
0.812627 0.394346 0.080837 0.041558
0.592798 0.790065 0.063036 0.050583
0.169557 0.540414 0.064434 0.040807
0.169949 0.453972 0.077666 0.033246
0.925682 0.034807 0.066591 0.041736
0.170162 0.586624 0.071869 0.046689
0.383588 0.588798 0.063827 0.037575
0.061060 0.600230 0.063945 0.058655
0.604196 0.033846 0.081081 0.042237
0.592208 0.910274 0.066691 0.035053
0.072576 0.917072 0.058950 0.039230
0.493493 0.322461 0.050251 0.032544
0.605553 0.094555 0.093699 0.041948
0.271470 0.545532 0.053326 0.045292
0.273132 0.897107 0.060576 0.037596
0.604402 0.133045 0.080085 0.033706
0.279630 0.365705 0.055528 0.038204
0.278378 0.107650 0.050185 0.028459
0.595879 0.953647 0.071229 0.048910
0.933718 0.796433 0.057873 0.036312
0.075723 0.956828 0.068038 0.040040
0.935398 0.941274 0.053914 0.033227
0.284072 0.037994 0.056600 0.043600
0.815594 0.331180 0.087336 0.038208
0.066226 0.745260 0.052246 0.037183
0.169445 0.629979 0.054572 0.038426
0.937655 0.663355 0.077477 0.033659
0.810937 0.777208 0.081389 0.044652
0.275315 0.634064 0.050573 0.034574
0.927707 0.631026 0.050145 0.026286
0.389493 0.961780 0.066816 0.033102
0.933537 0.912275 0.055386 0.028548
0.268071 0.501468 0.056566 0.039753
0.064393 0.825262 0.054274 0.040380
0.386355 0.410925 0.064972 0.049906
0.589568 0.867359 0.090796 0.040049
0.062785 0.037709 0.055831 0.038808
0.388736 0.247375 0.052606 0.025216
0.713366 0.947062 0.073531 0.030323
0.932838 0.157717 0.065527 0.026193
0.489952 0.492769 0.064328 0.034048
0.275421 0.414068 0.058853 0.051622
0.942945 0.971607 0.068170 0.027772
0.170749 0.948612 0.062761 0.049065
0.170045 0.705656 0.059376 0.042216
0.814832 0.027774 0.063564 0.030160
0.928618 0.565880 0.049725 0.022180
0.172286 0.746998 0.056662 0.046446
0.170138 0.664876 0.050351 0.030673
0.166836 0.868075 0.047774 0.026405
0.176197 0.213300 0.061934 0.022999
0.272109 0.457450 0.048398 0.035685
0.598906 0.505070 0.055628 0.024643
0.386554 0.675240 0.062063 0.042062
0.271982 0.940716 0.068022 0.046053
0.587769 0.832440 0.048412 0.023677
0.711924 0.259921 0.056118 0.022107
0.978040 0.786306 0.039220 0.026217
0.710424 0.974988 0.072241 0.030453
0.818355 0.968060 0.074863 0.041906
0.816410 0.362767 0.065613 0.028351
0.819588 0.942580 0.073508 0.038680
0.606341 0.065714 0.075216 0.024608
