0.068105 0.178330 0.063756 0.040594
0.710769 0.668411 0.076165 0.036737
0.827490 0.193140 0.071605 0.034663
0.395323 0.362762 0.070044 0.038712
0.396118 0.103805 0.067480 0.038510
0.284559 0.261046 0.062243 0.035773
0.609085 0.287567 0.058957 0.045480
0.601626 0.773703 0.063638 0.031557
0.506248 0.528736 0.063608 0.029888
0.393133 0.402553 0.074187 0.038541
0.068592 0.103917 0.057067 0.037054
0.712873 0.069224 0.065169 0.036878
0.064894 0.346019 0.066264 0.035908
0.505421 0.563377 0.068460 0.036413
0.505236 0.456980 0.066771 0.032423
0.287487 0.301443 0.062797 0.041261
0.280256 0.560248 0.069864 0.040048
0.616210 0.372160 0.071463 0.040039
0.057530 0.536052 0.059570 0.040245
0.827871 0.475617 0.064686 0.033193
0.182821 0.259610 0.064765 0.039891
0.924253 0.714548 0.070293 0.039056
0.716562 0.550660 0.066903 0.034633
0.923661 0.676175 0.065675 0.033236
0.825326 0.235353 0.062003 0.040351
0.608812 0.549854 0.057282 0.041127
0.397322 0.875369 0.066355 0.042482
0.824871 0.545687 0.070093 0.029849
0.934267 0.567607 0.068158 0.041641
0.509498 0.494485 0.064640 0.037108
0.494526 0.878869 0.057570 0.036825
0.178875 0.067703 0.069277 0.036184
0.935743 0.117906 0.067988 0.042023
0.925704 0.198608 0.064058 0.038274
0.393070 0.064947 0.064005 0.038062
0.827132 0.359565 0.059027 0.041874
0.713280 0.511100 0.066999 0.043313
0.392209 0.547879 0.066452 0.043726
0.395508 0.322984 0.062248 0.036210
0.280896 0.864792 0.060334 0.045397
0.281812 0.380367 0.068692 0.036009
0.499239 0.920051 0.061408 0.042000
0.922095 0.753890 0.053654 0.035738
0.499084 0.172270 0.069218 0.037960
0.603248 0.143994 0.070312 0.037039
0.930562 0.606054 0.063134 0.033070
0.174470 0.409093 0.070697 0.038654
0.502837 0.663241 0.057690 0.037907
0.281819 0.341685 0.071731 0.034438
0.391014 0.287700 0.070892 0.036178
0.062076 0.282702 0.070430 0.037180
0.397529 0.180444 0.064371 0.042135
0.391957 0.633453 0.061882 0.046217
0.936366 0.391289 0.068277 0.040697
0.608258 0.707876 0.064594 0.031334
0.185470 0.184932 0.072876 0.029752
0.615932 0.331124 0.068668 0.036895
0.822310 0.510547 0.073409 0.036264
0.285018 0.061892 0.072126 0.037725
0.827368 0.315685 0.060741 0.039291
0.506912 0.417088 0.066330 0.045577
0.273103 0.908522 0.059278 0.036950
0.714973 0.143282 0.061742 0.032775
0.066904 0.067102 0.060989 0.033469
0.188968 0.300958 0.075020 0.038392
0.504561 0.595683 0.062070 0.028028
0.503640 0.627217 0.055106 0.030209
0.184799 0.342371 0.073725 0.039906
0.061032 0.701110 0.069012 0.038720
0.185066 0.565058 0.063695 0.041207
0.278131 0.819622 0.056646 0.041592
0.395151 0.439580 0.064074 0.032960
0.711569 0.254278 0.070289 0.031939
0.911765 0.909900 0.052526 0.036092
0.713656 0.432723 0.061689 0.030357
0.391086 0.510073 0.067697 0.031470
0.606801 0.591632 0.069240 0.037532
0.601260 0.805677 0.063746 0.029207
0.066292 0.387307 0.065130 0.039123
0.393274 0.676515 0.060986 0.035249
0.505586 0.297499 0.059715 0.048623
0.170092 0.774389 0.068619 0.034034
0.717976 0.592110 0.055474 0.042104
0.609439 0.408691 0.055129 0.032278
0.715741 0.469265 0.064533 0.035586
0.390286 0.829801 0.062794 0.043455
0.714234 0.180033 0.065720 0.032534
0.923172 0.792967 0.059693 0.037239
0.929362 0.272229 0.067735 0.034769
0.391779 0.025437 0.068312 0.037736
0.066908 0.139854 0.055122 0.034048
0.934796 0.435219 0.065260 0.042475
0.396155 0.475310 0.052967 0.036117
0.507381 0.208849 0.061446 0.032978
0.056719 0.621452 0.053913 0.038705
0.927806 0.314239 0.070367 0.044062
0.932051 0.158883 0.060199 0.032441
0.716656 0.359136 0.059936 0.042063
0.932934 0.483931 0.067339 0.045945
0.060381 0.740392 0.064985 0.035619
0.160881 0.938869 0.054305 0.033575
0.167538 0.865856 0.065875 0.042375
0.188592 0.220236 0.061300 0.035271
0.396839 0.141106 0.050187 0.033121
0.063733 0.814989 0.063313 0.040730
0.394936 0.787041 0.063985 0.041925
0.719696 0.632012 0.071779 0.033911
0.606930 0.443093 0.073251 0.037056
0.510242 0.343359 0.065121 0.035366
0.178697 0.108430 0.065285 0.037070
0.605531 0.740383 0.055274 0.032193
0.396421 0.918102 0.073730 0.039433
0.282823 0.600609 0.058590 0.038624
0.718805 0.399116 0.068246 0.031552
0.918014 0.829625 0.059971 0.035189
0.275837 0.460153 0.080817 0.038932
0.507316 0.376954 0.060839 0.029621
0.610481 0.674098 0.065964 0.030337
0.166392 0.904668 0.059355 0.029690
0.173947 0.523966 0.053022 0.033977
0.394334 0.711829 0.057130 0.035415
0.280895 0.773547 0.055589 0.045580
0.289057 0.134567 0.052267 0.033300
0.500693 0.839571 0.053900 0.042242
0.391050 0.590674 0.050756 0.038291
0.057901 0.496091 0.045694 0.036260
0.064217 0.661257 0.062442 0.038113
0.932735 0.237124 0.065171 0.031967
0.170634 0.653550 0.081526 0.046211
0.387938 0.252407 0.058505 0.028808
0.186818 0.147305 0.079348 0.041585
0.065801 0.248518 0.066504 0.027990
0.716933 0.107765 0.060894 0.034016
0.934522 0.525428 0.052915 0.038725
0.719919 0.217082 0.073160 0.039384
0.172913 0.701616 0.055410 0.043619
0.051779 0.426042 0.069257 0.034080
0.167470 0.971750 0.060923 0.030600
0.400762 0.959923 0.074924 0.043249
0.826924 0.438496 0.059602 0.035592
0.282328 0.522867 0.054016 0.029716
0.061192 0.459241 0.048587 0.031342
0.825508 0.275284 0.056473 0.035177
0.824537 0.402141 0.064489 0.037871
0.607652 0.108648 0.057302 0.031025
0.172420 0.739170 0.063510 0.032867
0.610228 0.480005 0.050075 0.036092
0.066481 0.217976 0.051928 0.029317
0.718809 0.287102 0.055627 0.034388
0.931961 0.076193 0.058058 0.034738
0.055093 0.859901 0.074878 0.041994
0.716946 0.320143 0.063828 0.031275
0.604562 0.073393 0.055267 0.039802
0.066857 0.025214 0.051915 0.041868
0.822370 0.156955 0.051100 0.035821
0.607232 0.245409 0.052040 0.037136
0.396370 0.219500 0.077488 0.031772
0.822495 0.579697 0.059213 0.036134
0.611571 0.212701 0.061689 0.028460
0.166110 0.819884 0.055711 0.047737
0.614741 0.513158 0.064695 0.028909
0.058725 0.906301 0.055572 0.043627
0.927075 0.641079 0.050601 0.031292
0.173989 0.486339 0.045111 0.037765
0.289498 0.167197 0.057403 0.032695
0.283858 0.417626 0.055422 0.038974
0.175284 0.025456 0.055854 0.042742
0.605830 0.181074 0.067016 0.033309
0.175827 0.449360 0.059890 0.036645
0.505174 0.248812 0.042649 0.038268
0.501467 0.962740 0.060972 0.041343
0.500491 0.736506 0.049209 0.035337
0.280280 0.637261 0.052735 0.037187
0.599979 0.848709 0.051535 0.044956
0.914114 0.869881 0.046699 0.036438
0.933552 0.353285 0.062813 0.026877
0.711318 0.710810 0.053421 0.041561
0.279163 0.682499 0.061220 0.052196
0.288956 0.098704 0.065196 0.033299
0.388870 0.746776 0.050904 0.035412
0.932468 0.037109 0.059280 0.039069
0.281293 0.941722 0.055875 0.027439
0.498428 0.799293 0.050957 0.033942
0.504284 0.129772 0.055912 0.040973
0.505544 0.769783 0.063839 0.025063
0.824231 0.086864 0.069555 0.041760
0.178037 0.606865 0.044300 0.038587
0.502457 0.025743 0.069415 0.038437
0.823954 0.123143 0.071144 0.029057
0.061606 0.774974 0.064826 0.033098
0.275643 0.730390 0.048114 0.037260
0.279308 0.493868 0.046482 0.026852
0.061036 0.578715 0.076525 0.041224
0.608172 0.643912 0.059181 0.029393
0.177962 0.377302 0.053402 0.023548
0.288732 0.203651 0.053836 0.036419
0.712269 0.029178 0.043898 0.033939
0.278155 0.972309 0.083086 0.036260
0.063020 0.314378 0.064240 0.021972
0.822302 0.040558 0.056466 0.051536
0.502327 0.065407 0.053146 0.035544
0.058150 0.968401 0.064658 0.034637
0.291621 0.230290 0.056356 0.024526
0.915713 0.945743 0.060714 0.032790
0.059682 0.943305 0.054582 0.029223
0.498330 0.700095 0.051717 0.037140
0.921852 0.973045 0.067769 0.028396
0.607828 0.624034 0.051806 0.026665
0.502562 0.096522 0.055742 0.029449
0.271268 0.024954 0.060427 0.036488
