0.851680 0.930900 0.063383 0.038588
0.623266 0.802567 0.064917 0.040593
0.622434 0.678494 0.069067 0.044598
0.419815 0.350525 0.064492 0.043435
0.740089 0.686230 0.056108 0.043579
0.418537 0.395666 0.068804 0.041444
0.518607 0.782261 0.070698 0.045073
0.731309 0.842520 0.057706 0.039423
0.732284 0.804191 0.056009 0.037530
0.627896 0.634312 0.072986 0.038927
0.200942 0.200448 0.060874 0.035837
0.741415 0.490993 0.064533 0.040648
0.857283 0.755844 0.063612 0.041866
0.733895 0.917970 0.057698 0.036027
0.851499 0.448590 0.054515 0.042032
0.528045 0.619944 0.061798 0.035596
0.854920 0.667499 0.061755 0.044540
0.417001 0.651857 0.052816 0.038951
0.960800 0.071616 0.054597 0.038923
0.637454 0.508792 0.060558 0.041123
0.520145 0.890060 0.057214 0.040575
0.957547 0.695027 0.054166 0.039676
0.855099 0.969233 0.059017 0.037543
0.198995 0.931540 0.053002 0.032212
0.531687 0.577924 0.054464 0.047932
0.728299 0.878695 0.057430 0.034244
0.206722 0.240118 0.058333 0.036741
0.960583 0.564509 0.071576 0.034773
0.095085 0.602732 0.052348 0.045308
0.097029 0.836616 0.059795 0.037318
0.737337 0.638538 0.054594 0.046176
0.312484 0.503583 0.070485 0.038288
0.195811 0.967521 0.060030 0.037738
0.959169 0.491404 0.053926 0.036085
0.526146 0.663995 0.059719 0.044476
0.737299 0.727987 0.053752 0.039318
0.959265 0.266178 0.046066 0.034752
0.313513 0.576882 0.064714 0.036368
0.631960 0.591155 0.058731 0.040317
0.097156 0.684894 0.057164 0.034617
0.958884 0.652882 0.049746 0.040942
0.639651 0.344924 0.060288 0.038031
0.962846 0.526717 0.059220 0.031123
0.196136 0.159524 0.055367 0.038441
0.860089 0.802478 0.054866 0.041417
0.191606 0.636382 0.050827 0.035099
0.415467 0.306027 0.059121 0.041910
0.411658 0.526981 0.062870 0.044790
0.416660 0.176771 0.070817 0.043029
0.627092 0.841442 0.064632 0.033723
0.309917 0.320985 0.057189 0.039693
0.749915 0.158183 0.063986 0.043521
0.856551 0.072319 0.063996 0.041918
0.195072 0.118809 0.068747 0.043027
0.530893 0.163150 0.056894 0.038823
0.626875 0.757797 0.056897 0.043736
0.198530 0.709760 0.052914 0.036320
0.095401 0.646760 0.052506 0.041203
0.851299 0.587315 0.054942 0.045132
0.533003 0.083276 0.064931 0.040743
0.638391 0.306797 0.058342 0.040313
0.198360 0.442457 0.058831 0.037392
0.415618 0.692032 0.056884 0.037611
0.852561 0.489185 0.059588 0.037890
0.420807 0.136026 0.053231 0.035603
0.751454 0.073433 0.053532 0.043959
0.855661 0.888823 0.050356 0.042117
0.309412 0.281511 0.058996 0.038273
0.629437 0.965544 0.053660 0.044882
0.314903 0.455426 0.051971 0.050174
0.412971 0.972039 0.051853 0.042226
0.740847 0.587884 0.052907 0.045260
0.303643 0.969452 0.079948 0.042896
0.851278 0.116667 0.058874 0.037798
0.741329 0.444958 0.051939 0.049428
0.858389 0.846623 0.047539 0.039771
0.627081 0.718419 0.051193 0.036049
0.522088 0.926712 0.053074 0.031520
0.315229 0.241658 0.054199 0.037533
0.736918 0.764222 0.052002 0.034606
0.960160 0.109717 0.056115 0.034347
0.742353 0.348406 0.074852 0.046124
0.854302 0.627054 0.052262 0.031421
0.415573 0.616412 0.056489 0.027491
0.746720 0.254826 0.059610 0.045187
0.968398 0.880377 0.058848 0.035759
0.848868 0.159614 0.054760 0.043210
0.849053 0.535299 0.055890 0.047363
0.958827 0.404645 0.050444 0.042805
0.966523 0.917840 0.050476 0.036041
0.095209 0.873954 0.045146 0.032702
0.638514 0.420254 0.053677 0.041171
0.201365 0.856568 0.053872 0.034489
0.634635 0.549252 0.063427 0.042579
0.207029 0.280072 0.054138 0.041666
0.515654 0.963567 0.076758 0.038185
0.414549 0.924553 0.052463 0.044961
0.631114 0.914494 0.052750 0.050312
0.413913 0.574815 0.052401 0.045131
0.306508 0.615070 0.052146 0.030449
0.302188 0.652365 0.054349 0.043006
0.095383 0.391014 0.053671 0.041301
0.203468 0.894963 0.049637 0.038731
0.741474 0.539021 0.056053 0.048265
0.751550 0.114993 0.048948 0.039130
0.958142 0.606613 0.048632 0.044495
0.958407 0.356268 0.050637 0.046125
0.530680 0.245808 0.051912 0.041077
0.642916 0.211698 0.058258 0.042697
0.095747 0.079442 0.056058 0.040363
0.521381 0.742041 0.053016 0.036248
0.636804 0.463984 0.051525 0.043742
0.851338 0.342545 0.057907 0.038979
0.957939 0.308754 0.053780 0.046233
0.850015 0.295667 0.062574 0.050398
0.089814 0.962530 0.054215 0.041871
0.962194 0.788218 0.050417 0.039038
0.415683 0.435729 0.055106 0.029503
0.301622 0.697906 0.048436 0.041557
0.197526 0.487450 0.051530 0.044927
0.098820 0.037028 0.061978 0.041693
0.195401 0.361096 0.050399 0.038628
0.421030 0.066357 0.059726 0.031717
0.196113 0.401902 0.052852 0.039627
0.094499 0.720341 0.050443 0.031650
0.095376 0.437751 0.048047 0.041389
0.310745 0.202395 0.053878 0.042696
0.859769 0.713183 0.049234 0.040546
0.532977 0.122685 0.048462 0.037802
0.314983 0.160278 0.055545 0.034493
0.097538 0.516026 0.051589 0.039961
0.097171 0.267970 0.056586 0.045242
0.416674 0.881557 0.047387 0.038624
0.416576 0.031871 0.056897 0.037008
0.312162 0.538172 0.055214 0.035814
0.314069 0.123639 0.053236 0.038236
0.416118 0.217690 0.073789 0.036399
0.307200 0.880584 0.051413 0.043135
0.855579 0.028910 0.055960 0.039129
0.088990 0.917566 0.056718 0.048034
0.746013 0.395246 0.052278 0.043970
0.306707 0.924499 0.045838 0.040924
0.196324 0.530044 0.052829 0.036655
0.632990 0.383946 0.053920 0.030480
0.195947 0.673680 0.050815 0.036720
0.199000 0.321055 0.050663 0.037103
0.639407 0.258820 0.051109 0.046926
0.964063 0.959260 0.052086 0.042942
0.853957 0.383058 0.046786 0.032612
0.855175 0.414269 0.053499 0.026754
0.299670 0.772743 0.055036 0.027167
0.100869 0.223694 0.055408 0.044423
0.199969 0.782510 0.069028 0.044951
0.299235 0.805339 0.055334 0.036701
0.418105 0.260707 0.054317 0.044161
0.750330 0.300841 0.052358 0.042233
0.421658 0.101396 0.050348 0.032816
0.644125 0.172794 0.051606 0.036722
0.529037 0.437849 0.053233 0.049883
0.416260 0.478607 0.050655 0.049974
0.200084 0.081210 0.054966 0.030002
0.414358 0.820089 0.042189 0.033017
0.958122 0.030449 0.051605 0.043122
0.297319 0.737679 0.042580 0.036869
0.958090 0.226759 0.045368 0.039554
0.533416 0.205365 0.056114 0.037680
0.965462 0.835763 0.049843 0.044628
0.745242 0.030746 0.058549 0.039255
0.412858 0.776644 0.047897 0.046415
0.531437 0.388883 0.066291 0.045165
0.094633 0.183115 0.053627 0.036693
0.311976 0.406092 0.044960 0.047603
0.532603 0.288153 0.053512 0.038750
0.302991 0.838523 0.047765 0.031607
0.523210 0.706362 0.044164 0.036414
0.962756 0.740891 0.053395 0.048136
0.531818 0.035788 0.060354 0.046881
0.748294 0.208076 0.051046 0.048575
0.531032 0.487224 0.053771 0.040594
0.202048 0.820126 0.054259 0.036113
0.412127 0.731929 0.049706 0.038557
0.308901 0.360762 0.054336 0.037992
0.960417 0.189795 0.041622 0.026367
0.095096 0.314217 0.041508 0.038707
0.204620 0.742641 0.053838 0.031028
0.519489 0.852455 0.057473 0.033143
0.098386 0.476189 0.042631 0.036324
0.191523 0.603539 0.039087 0.032858
0.851183 0.250882 0.052965 0.038582
0.097211 0.798606 0.043404 0.033920
0.092470 0.352058 0.039820 0.029669
0.644904 0.129331 0.046791 0.043014
0.849640 0.207146 0.054255 0.050706
0.096716 0.559099 0.034320 0.038292
0.192427 0.568735 0.042594 0.034586
0.412642 0.850127 0.048783 0.022455
0.957712 0.448453 0.052296 0.045661
0.733644 0.953873 0.066608 0.037332
0.634199 0.873943 0.045691 0.028693
0.526194 0.532166 0.047039 0.040556
0.519005 0.824556 0.052749 0.031465
0.310789 0.080628 0.047576 0.041656
0.095087 0.144884 0.045514 0.036514
0.530343 0.352990 0.051680 0.027308
0.642744 0.081987 0.053183 0.049775
0.958938 0.149556 0.055426 0.046901
0.640566 0.033322 0.049971 0.046039
0.031719 0.653727 0.049015 0.044188
0.105351 0.757090 0.082077 0.042515
0.095101 0.115933 0.046640 0.033190
0.310737 0.035817 0.046794 0.045158
0.197513 0.039400 0.051055 0.047967
0.726482 0.978514 0.077290 0.030340
0.531426 0.322819 0.045282 0.031987
