0.502136 0.391529 0.068227 0.040589
0.505359 0.433329 0.062655 0.034913
0.290964 0.507872 0.068437 0.041437
0.501337 0.203669 0.068083 0.032536
0.391615 0.801755 0.064000 0.034844
0.183068 0.555034 0.063658 0.040492
0.064749 0.678676 0.067955 0.039047
0.396932 0.227761 0.067715 0.035618
0.819587 0.332939 0.069178 0.034335
0.179735 0.478695 0.063362 0.035581
0.720109 0.540563 0.065835 0.050682
0.182832 0.515322 0.066063 0.033264
0.718679 0.735846 0.068257 0.039988
0.511784 0.512845 0.066597 0.034802
0.399470 0.715205 0.069555 0.046658
0.821027 0.294639 0.072901 0.039896
0.075853 0.552581 0.082340 0.040317
0.927587 0.318734 0.059390 0.032539
0.389702 0.882767 0.062862 0.037421
0.286548 0.552663 0.068048 0.036791
0.507917 0.473309 0.069619 0.038627
0.616124 0.494295 0.066548 0.044943
0.173788 0.683439 0.069592 0.040560
0.506847 0.279658 0.059259 0.036807
0.707973 0.170867 0.072884 0.039952
0.613148 0.883803 0.073374 0.044139
0.501010 0.318912 0.077102 0.037445
0.179763 0.908729 0.073037 0.034539
0.821102 0.215042 0.072475 0.039626
0.287473 0.860612 0.059505 0.031507
0.076605 0.512058 0.058631 0.037916
0.717598 0.311489 0.081722 0.033708
0.922348 0.089918 0.062382 0.034979
0.394679 0.964018 0.064420 0.042028
0.722114 0.389073 0.058767 0.040802
0.712180 0.896215 0.064057 0.035589
0.507603 0.555408 0.069292 0.044840
0.075511 0.472031 0.059189 0.038404
0.497378 0.241028 0.063330 0.035950
0.393364 0.762040 0.069157 0.042111
0.937521 0.472331 0.060406 0.034873
0.608280 0.796625 0.073023 0.039206
0.074830 0.326343 0.062032 0.042114
0.395800 0.397395 0.061887 0.032075
0.706355 0.129616 0.076390 0.037576
0.392511 0.303375 0.055780 0.039488
0.393905 0.190862 0.069632 0.030869
0.397210 0.351195 0.062840 0.051704
0.069729 0.083244 0.058857 0.032493
0.718735 0.348666 0.056576 0.036045
0.286488 0.822092 0.056960 0.041212
0.075744 0.248908 0.057953 0.038330
0.065244 0.721200 0.061610 0.036347
0.717010 0.820644 0.069772 0.038163
0.059818 0.842688 0.060697 0.042533
0.189916 0.172589 0.059048 0.040521
0.615058 0.535593 0.060204 0.035054
0.290021 0.124113 0.059913 0.047784
0.499217 0.841918 0.070148 0.041855
0.397486 0.083150 0.065022 0.036384
0.715041 0.653697 0.059203 0.037526
0.285673 0.257323 0.076099 0.041577
0.501292 0.170029 0.054223 0.030947
0.615961 0.693755 0.060329 0.034273
0.605441 0.166506 0.070176 0.037083
0.926911 0.221014 0.065302 0.036772
0.927003 0.687331 0.065186 0.037385
0.173069 0.723478 0.061498 0.037351
0.495091 0.089540 0.061600 0.038663
0.394883 0.265048 0.068542 0.031852
0.817499 0.664132 0.074062 0.039216
0.287764 0.594407 0.064160 0.040616
0.180906 0.599146 0.059384 0.039440
0.391503 0.158799 0.059976 0.031294
0.401979 0.471426 0.063158 0.042312
0.061002 0.760834 0.065555 0.040320
0.188814 0.216885 0.060240 0.040316
0.610965 0.447964 0.056259 0.041021
0.057367 0.801489 0.065736 0.034171
0.285764 0.940147 0.062000 0.034252
0.929210 0.615039 0.054529 0.032240
0.176957 0.954962 0.075244 0.049349
0.186381 0.084578 0.068649 0.040492
0.721523 0.859402 0.053766 0.035673
0.720782 0.424948 0.062555 0.028555
0.058531 0.886539 0.053285 0.037934
0.935052 0.510265 0.057660 0.039572
0.074808 0.207630 0.069550 0.041160
0.608635 0.837748 0.057296 0.042085
0.394160 0.670893 0.056980 0.038932
0.497166 0.133031 0.051936 0.039917
0.715994 0.779154 0.051161 0.041162
0.279981 0.779680 0.052994 0.038613
0.179509 0.642189 0.066775 0.036258
0.276611 0.710416 0.062710 0.040205
0.821785 0.254685 0.062365 0.033487
0.505423 0.351741 0.071423 0.031227
0.609749 0.405866 0.083140 0.041852
0.614083 0.603301 0.062406 0.036524
0.176538 0.870673 0.058597 0.040029
0.825101 0.175331 0.073132 0.037642
0.713684 0.928014 0.060539 0.028743
0.713252 0.964884 0.056051 0.041922
0.289034 0.376076 0.057764 0.042408
0.401092 0.538264 0.072933 0.033289
0.190274 0.260200 0.058817 0.043929
0.501121 0.668384 0.057077 0.036027
0.930461 0.285732 0.058326 0.031715
0.608087 0.758530 0.067601 0.034021
0.498465 0.704043 0.056451 0.031935
0.821207 0.365881 0.061594 0.026303
0.506530 0.629505 0.055925 0.037627
0.717084 0.583377 0.077409 0.037951
0.398225 0.432041 0.060438 0.034019
0.926263 0.391663 0.048358 0.038089
0.394538 0.921234 0.054047 0.035408
0.395779 0.580232 0.088991 0.044789
0.505590 0.925507 0.075309 0.046380
0.923588 0.255193 0.066729 0.028611
0.605546 0.923047 0.054360 0.033485
0.286929 0.301408 0.060440 0.041571
0.390242 0.626078 0.056417 0.043604
0.606677 0.238582 0.053467 0.040557
0.924459 0.187715 0.069848 0.026697
0.611233 0.340012 0.062532 0.036484
0.071070 0.595146 0.065984 0.034662
0.187890 0.129406 0.062126 0.040417
0.720343 0.693258 0.054728 0.038678
0.289067 0.899784 0.078547 0.045436
0.610234 0.961897 0.072978 0.043397
0.607278 0.201466 0.065575 0.029243
0.825197 0.437862 0.052740 0.035474
0.393796 0.121169 0.060667 0.031798
0.186933 0.303522 0.083459 0.039752
0.932049 0.650394 0.060217 0.035582
0.827131 0.580707 0.082132 0.045455
0.928151 0.582059 0.060654 0.032930
0.710777 0.211529 0.054946 0.038810
0.289517 0.470646 0.070969 0.028533
0.056771 0.964186 0.082345 0.043880
0.724384 0.496716 0.063481 0.032730
0.823541 0.495675 0.081568 0.035313
0.702784 0.090940 0.067516 0.037496
0.287086 0.414291 0.055370 0.028969
0.723998 0.460217 0.072296 0.037601
0.933420 0.353466 0.051311 0.032911
0.926517 0.124629 0.051766 0.030945
0.598365 0.085305 0.062636 0.032937
0.497874 0.045999 0.071917 0.044647
0.073311 0.117128 0.062833 0.031164
0.076234 0.429308 0.061926 0.046128
0.392213 0.844462 0.051264 0.038959
0.496995 0.879030 0.071739 0.034128
0.819951 0.399571 0.063472 0.035975
0.286809 0.080199 0.052963 0.038066
0.290675 0.337710 0.062802 0.032902
0.820667 0.623874 0.076786 0.036319
0.071213 0.160630 0.059508 0.050428
0.075071 0.286093 0.049472 0.034683
0.932556 0.549449 0.055966 0.033115
0.501055 0.738001 0.067211 0.031595
0.819928 0.132537 0.060911 0.044580
0.506233 0.595378 0.057349 0.034616
0.293252 0.212382 0.057864 0.044750
0.930963 0.431432 0.054906 0.041471
0.615959 0.570496 0.066724 0.026545
0.713805 0.274070 0.053068 0.033870
0.176404 0.762214 0.054970 0.036083
0.600793 0.045854 0.082304 0.041351
0.181719 0.041118 0.070664 0.040491
0.509905 0.968210 0.058408 0.040100
0.927035 0.157086 0.051282 0.031110
0.284374 0.666825 0.046269 0.039257
0.708786 0.246423 0.049428 0.028346
0.704004 0.048013 0.063651 0.040124
0.286482 0.041092 0.058671 0.040249
0.066900 0.635889 0.053657 0.038992
0.714582 0.617824 0.065314 0.026201
0.079649 0.387984 0.063643 0.027480
0.282541 0.745584 0.060097 0.025181
0.183615 0.402892 0.080490 0.041850
0.610427 0.279935 0.077118 0.038960
0.290552 0.167907 0.048269 0.038979
0.607098 0.727335 0.057805 0.026870
0.601369 0.123780 0.047950 0.040177
0.499282 0.766812 0.075528 0.027597
0.058593 0.922332 0.051346 0.025760
0.618839 0.371180 0.072473 0.026226
0.291115 0.973421 0.058452 0.031237
0.185956 0.337803 0.068348 0.025943
0.405925 0.507237 0.061343 0.023572
0.502627 0.800208 0.078214 0.039704
0.076669 0.043884 0.070800 0.043783
0.922278 0.049828 0.041537 0.036405
0.923417 0.719276 0.045449 0.024588
0.289688 0.630212 0.058020 0.028119
0.825571 0.537225 0.061234 0.041719
0.175069 0.831491 0.057610 0.031305
0.607543 0.308581 0.067823 0.023650
0.393971 0.041956 0.054913 0.039276
0.611616 0.650802 0.060214 0.050499
0.190673 0.440715 0.091958 0.035244
0.077081 0.361803 0.053159 0.026617
0.186968 0.365507 0.067294 0.023629
0.289281 0.442068 0.056398 0.021561
0.923725 0.755270 0.043893 0.043156
0.824020 0.466758 0.061229 0.022338
0.180434 0.799566 0.075901 0.032023
