0.942681 0.237603 0.065398 0.035511
0.610084 0.695309 0.065525 0.039932
0.718611 0.857328 0.051345 0.034560
0.395071 0.838045 0.059064 0.040235
0.826627 0.673000 0.057492 0.040859
0.825815 0.157816 0.058816 0.041209
0.392777 0.342669 0.053447 0.034548
0.933421 0.492839 0.061156 0.040574
0.716494 0.145173 0.055356 0.044106
0.505662 0.447816 0.053928 0.040717
0.826433 0.598423 0.056392 0.035156
0.617337 0.930518 0.057594 0.035383
0.614141 0.735382 0.054679 0.037829
0.390948 0.307085 0.052402 0.033180
0.610575 0.895390 0.057836 0.036445
0.928414 0.774366 0.049186 0.034480
0.928233 0.734996 0.050793 0.042739
0.068537 0.383669 0.055824 0.040559
0.938885 0.274885 0.053831 0.035169
0.824386 0.715995 0.054167 0.038848
0.387552 0.617144 0.070074 0.042888
0.938143 0.536166 0.053631 0.041100
0.619366 0.969131 0.055101 0.042741
0.939368 0.382874 0.053704 0.032631
0.720865 0.787816 0.053934 0.031989
0.938257 0.132547 0.054292 0.032909
0.720264 0.894594 0.056035 0.032191
0.720867 0.319237 0.059240 0.046498
0.510725 0.845485 0.058481 0.036752
0.939010 0.349891 0.049260 0.031005
0.938115 0.200159 0.051848 0.034047
0.819054 0.787698 0.067509 0.039533
0.184338 0.218751 0.065700 0.039181
0.727589 0.702486 0.063358 0.038554
0.513506 0.884317 0.047680 0.038982
0.727048 0.661561 0.053777 0.034560
0.507395 0.808589 0.052349 0.039478
0.724319 0.927182 0.056508 0.027334
0.929858 0.812197 0.045033 0.036664
0.826275 0.264095 0.048902 0.035419
0.941852 0.312879 0.051416 0.039757
0.825613 0.198307 0.050321 0.037893
0.939457 0.416629 0.051678 0.031484
0.720511 0.748135 0.051843 0.046801
0.608844 0.140005 0.046499 0.032846
0.391170 0.574190 0.050780 0.033102
0.824788 0.826804 0.049997 0.037836
0.187945 0.256578 0.067849 0.034730
0.185032 0.178764 0.060166 0.036921
0.826296 0.561079 0.047353 0.034973
0.715619 0.102214 0.052202 0.038488
0.607534 0.100801 0.051604 0.042275
0.066696 0.484404 0.056285 0.038101
0.610821 0.770159 0.053583 0.034052
0.930969 0.851490 0.050996 0.036924
0.939420 0.166560 0.045779 0.031858
0.515753 0.164003 0.056353 0.037516
0.520275 0.205484 0.054549 0.043225
0.292889 0.191963 0.051634 0.043486
0.073561 0.421551 0.063466 0.032018
0.175525 0.495677 0.047866 0.032864
0.825613 0.751035 0.050222 0.029420
0.062965 0.604869 0.071708 0.045896
0.612783 0.659222 0.053960 0.031829
0.719709 0.822743 0.043623 0.033553
0.175128 0.461358 0.047805 0.033903
0.287475 0.152685 0.054021 0.032586
0.506382 0.526558 0.050874 0.042128
0.507088 0.612171 0.054854 0.036785
0.613269 0.615896 0.055789 0.043541
0.729396 0.957735 0.058962 0.032435
0.609157 0.366624 0.049424 0.038554
0.825604 0.634926 0.047136 0.034738
0.183712 0.294195 0.054434 0.038896
0.720039 0.275484 0.049450 0.037340
0.930063 0.889849 0.042162 0.035969
0.392170 0.723431 0.048724 0.037171
0.394884 0.796818 0.054516 0.041540
0.822548 0.522580 0.058103 0.040536
0.513179 0.924361 0.049155 0.039933
0.932157 0.693256 0.047364 0.036720
0.069182 0.651675 0.057515 0.044286
0.504585 0.770719 0.056468 0.031731
0.509924 0.570888 0.048347 0.039906
0.610871 0.401138 0.048931 0.030248
0.613840 0.809995 0.049116 0.039819
0.934934 0.451837 0.052879 0.038999
0.722520 0.358762 0.049942 0.033004
0.933161 0.577067 0.049016 0.038182
0.936268 0.651959 0.051983 0.036858
0.934208 0.960992 0.051644 0.034267
0.395300 0.377345 0.053342 0.033201
0.608905 0.207933 0.048749 0.043050
0.826010 0.303030 0.055932 0.038611
0.610349 0.031959 0.050571 0.035435
0.512572 0.127501 0.049591 0.034959
0.509924 0.408200 0.049886 0.035037
0.718623 0.394935 0.072497 0.040259
0.063392 0.559942 0.048644 0.042036
0.395068 0.413844 0.053260 0.031902
0.508995 0.348896 0.053291 0.031380
0.718923 0.481120 0.049927 0.034884
0.389188 0.655458 0.048311 0.028259
0.823882 0.860879 0.049233 0.028394
0.390170 0.685981 0.047623 0.032920
0.720056 0.239190 0.049193 0.036097
0.506525 0.738593 0.051976 0.033030
0.609761 0.065343 0.048985 0.027345
0.286036 0.115035 0.050264 0.038937
0.615629 0.852218 0.054787 0.042813
0.932725 0.614378 0.047537 0.036946
0.068099 0.520902 0.048105 0.031515
0.827655 0.231998 0.048824 0.029368
0.070921 0.166658 0.055244 0.045826
0.507827 0.487770 0.047980 0.038207
0.613248 0.328787 0.053626 0.034909
0.931855 0.924750 0.047435 0.033190
0.828786 0.416898 0.053116 0.037888
0.823515 0.901997 0.042797 0.043741
0.609927 0.439589 0.053937 0.038753
0.822478 0.115476 0.046877 0.040501
0.609633 0.289966 0.058506 0.043342
0.608892 0.171785 0.041355 0.028008
0.610827 0.248154 0.055917 0.038993
0.292429 0.259613 0.054201 0.033942
0.508926 0.097969 0.047373 0.025409
0.829824 0.379463 0.048887 0.036902
0.511924 0.276504 0.046246 0.038590
0.179878 0.139119 0.049486 0.038179
0.393962 0.453920 0.044244 0.038780
0.397816 0.877377 0.047845 0.037089
0.825193 0.484645 0.049867 0.034459
0.393429 0.537740 0.051881 0.035599
0.608253 0.525779 0.050433 0.034984
0.395225 0.116368 0.053527 0.040551
0.510600 0.377948 0.046412 0.026657
0.716467 0.067172 0.047892 0.033008
0.289719 0.295411 0.052388 0.035609
0.398728 0.919694 0.052241 0.042495
0.182301 0.622044 0.055951 0.048672
0.177452 0.529534 0.051541 0.033766
0.505484 0.031682 0.051001 0.042329
0.394571 0.160500 0.064056 0.044538
0.936056 0.065875 0.038396 0.034874
0.828659 0.342773 0.043348 0.036044
0.507992 0.069380 0.044619 0.032581
0.070130 0.253367 0.053689 0.042446
0.611630 0.568695 0.051538 0.046518
0.070011 0.124808 0.045738 0.029949
0.716222 0.032037 0.049589 0.036021
0.068902 0.210821 0.050933 0.042816
0.610507 0.483772 0.056548 0.047686
0.827419 0.451840 0.049151 0.029764
0.393452 0.269521 0.049719 0.039231
0.717888 0.517632 0.049093 0.036153
0.400018 0.072953 0.044573 0.043489
0.180755 0.371961 0.057932 0.047065
0.721635 0.552702 0.043270 0.035685
0.935417 0.033523 0.039767 0.030581
0.178854 0.572780 0.057709 0.045953
0.513884 0.240345 0.042774 0.029248
0.822639 0.077071 0.051076 0.039899
0.937279 0.099509 0.041257 0.031549
0.284745 0.071213 0.053829 0.041702
0.727935 0.626884 0.043206 0.034284
0.507141 0.962246 0.045612 0.032734
0.503567 0.676590 0.062794 0.040974
0.293227 0.230363 0.061419 0.028133
0.185578 0.330227 0.048786 0.034519
0.509025 0.645191 0.050550 0.030291
0.395559 0.758606 0.044310 0.034151
0.509068 0.708941 0.050495 0.028693
0.176778 0.030756 0.051139 0.040057
0.069450 0.296950 0.044549 0.042798
0.718255 0.439607 0.048974 0.040769
0.177773 0.102314 0.040306 0.034587
0.175178 0.419275 0.044861 0.046813
0.070076 0.339942 0.045094 0.042915
0.069698 0.452589 0.042470 0.024861
0.823650 0.035617 0.051895 0.040530
0.722062 0.591686 0.053365 0.037484
0.719457 0.207713 0.056372 0.032574
0.285136 0.329325 0.066720 0.029631
0.284303 0.031611 0.048191 0.038882
0.509231 0.315732 0.038185 0.034334
0.177212 0.066318 0.045586 0.032507
0.394870 0.961518 0.042497 0.033701
0.825485 0.946662 0.049076 0.041233
0.717752 0.182523 0.053687 0.033209
0.393637 0.497298 0.042905 0.043174
0.397199 0.234377 0.040663 0.028928
0.399077 0.030608 0.048410 0.034346
0.398172 0.204108 0.045426 0.039364
