0.404789 0.158287 0.083811 0.055030
0.720026 0.915118 0.084153 0.042150
0.828176 0.341575 0.072048 0.053492
0.510146 0.801454 0.072012 0.048379
0.293059 0.556076 0.074723 0.043284
0.942679 0.392361 0.080142 0.047247
0.728323 0.496272 0.081371 0.049845
0.068768 0.853412 0.086687 0.051621
0.175000 0.744563 0.084733 0.050685
0.617153 0.816438 0.081810 0.043251
0.519470 0.158028 0.076613 0.048972
0.185384 0.854268 0.078357 0.053123
0.174791 0.692678 0.081552 0.047559
0.287491 0.842820 0.084640 0.046534
0.724320 0.752826 0.075337 0.050498
0.830441 0.497909 0.081078 0.054127
0.403435 0.682446 0.078213 0.048981
0.943849 0.191922 0.074238 0.050111
0.509007 0.857114 0.074690 0.053051
0.620913 0.304142 0.069595 0.057474
0.620526 0.916879 0.066506 0.042237
0.067021 0.301358 0.067368 0.049191
0.834596 0.095862 0.072044 0.047956
0.068345 0.148128 0.080877 0.049600
0.937931 0.342509 0.080313 0.047581
0.404585 0.577472 0.073565 0.047958
0.829995 0.854600 0.083464 0.042071
0.828748 0.552753 0.068931 0.047226
0.837902 0.709262 0.075133 0.054994
0.286841 0.793724 0.079602 0.046726
0.409974 0.467780 0.067935 0.048538
0.619273 0.363838 0.064786 0.052850
0.292391 0.740335 0.080674 0.046925
0.832540 0.654135 0.070720 0.049404
0.612272 0.570488 0.082167 0.060180
0.617265 0.767597 0.067150 0.046381
0.619060 0.627241 0.080720 0.048482
0.623406 0.867508 0.068859 0.049995
0.183346 0.903964 0.076682 0.044176
0.175750 0.211200 0.083989 0.056449
0.285275 0.139516 0.074046 0.047537
0.510387 0.645163 0.078051 0.046626
0.833213 0.442497 0.075496 0.052005
0.941879 0.646777 0.067101 0.049256
0.940112 0.292184 0.084171 0.044297
0.729666 0.108552 0.074804 0.055811
0.406390 0.263481 0.088702 0.049206
0.723006 0.698898 0.078434 0.054096
0.726711 0.441763 0.070286 0.051739
0.939199 0.443950 0.071483 0.046898
0.938668 0.243893 0.076783 0.041695
0.294089 0.352519 0.072081 0.049260
0.511502 0.375339 0.089905 0.047957
0.832095 0.147602 0.075558 0.048785
0.934430 0.498869 0.069338 0.053847
0.069654 0.702504 0.088169 0.046704
0.614362 0.241631 0.084152 0.055316
0.835912 0.289196 0.069646 0.046674
0.067116 0.249267 0.068730 0.048647
0.179837 0.096275 0.079116 0.042995
0.408343 0.102796 0.068829 0.050737
0.721206 0.867176 0.072657 0.046987
0.409826 0.880073 0.073304 0.051571
0.832065 0.242433 0.083046 0.043973
0.290363 0.466517 0.071313 0.048017
0.285070 0.091039 0.078040 0.042436
0.070289 0.454054 0.076685 0.047892
0.074680 0.504475 0.082644 0.050200
0.291231 0.410613 0.088721 0.059849
0.943076 0.855719 0.064529 0.044582
0.834192 0.951877 0.087016 0.049299
0.731682 0.269393 0.074723 0.052524
0.071759 0.758203 0.079733 0.053192
0.176106 0.641281 0.068785 0.050613
0.938302 0.804127 0.055909 0.051856
0.933131 0.595551 0.083741 0.043788
0.941193 0.697186 0.063389 0.048576
0.941519 0.952134 0.080786 0.049641
0.614978 0.962083 0.080900 0.045178
0.180296 0.274042 0.076749 0.060623
0.727551 0.332573 0.075425 0.062398
0.401440 0.523147 0.070686 0.054209
0.723800 0.389727 0.072293 0.047828
0.725507 0.960139 0.083999 0.044201
0.396599 0.927673 0.077868 0.037424
0.828834 0.763108 0.070255 0.047201
0.724367 0.593637 0.081975 0.044557
0.077093 0.906855 0.081624 0.045058
0.513680 0.213300 0.072376 0.055236
0.829615 0.901026 0.058223 0.042999
0.835250 0.392592 0.068026 0.045431
0.179152 0.047344 0.073296 0.052031
0.178198 0.152772 0.074601 0.060560
0.728371 0.211551 0.071635 0.055787
0.512280 0.269346 0.065915 0.053978
0.613430 0.181013 0.075659 0.054768
0.406027 0.417828 0.060991 0.046609
0.177120 0.587307 0.072901 0.047775
0.940894 0.090361 0.058491 0.059294
0.732729 0.159024 0.069455 0.044569
0.838013 0.604444 0.075672 0.050996
0.836755 0.043455 0.072129 0.054111
0.619030 0.721819 0.066820 0.036336
0.177100 0.490197 0.068758 0.053649
0.399658 0.317160 0.075758 0.045139
0.619985 0.675022 0.080780 0.039916
0.292187 0.296342 0.061975 0.052484
0.513646 0.103773 0.065598 0.053885
0.511500 0.748250 0.077044 0.050175
0.076371 0.650066 0.078592 0.053097
0.069948 0.198485 0.067836 0.048965
0.508962 0.597001 0.062919 0.043473
0.291609 0.966988 0.071535 0.038809
0.181051 0.798590 0.059463 0.048918
0.513291 0.324669 0.067020 0.049545
0.400854 0.630307 0.062025 0.047462
0.177190 0.378208 0.078651 0.050674
0.071158 0.095745 0.061158 0.050296
0.940323 0.902837 0.056892 0.042433
0.619560 0.044204 0.071184 0.054478
0.405191 0.778306 0.078771 0.035524
0.405849 0.048660 0.073078 0.055476
0.940359 0.749400 0.058072 0.049861
0.071782 0.046484 0.075330 0.046929
0.179572 0.957824 0.073165 0.052431
0.069213 0.803538 0.078848 0.035190
0.727061 0.642865 0.064114 0.047509
0.399751 0.967727 0.083014 0.042052
0.399834 0.736015 0.074578 0.040733
0.292118 0.603224 0.059087 0.043154
0.625480 0.094013 0.075958 0.038634
0.070425 0.403499 0.069154 0.055425
0.289941 0.189149 0.068997 0.043809
0.406370 0.212962 0.080314 0.040133
0.289435 0.929522 0.069046 0.033950
0.943044 0.142988 0.069423 0.034695
0.180730 0.433352 0.060071 0.052787
0.403222 0.369720 0.060659 0.049076
0.287244 0.043685 0.072932 0.041919
0.291500 0.694063 0.066730 0.033870
0.734901 0.048323 0.073641 0.058093
0.722520 0.810162 0.059831 0.054839
0.518061 0.425445 0.068809 0.047290
0.618896 0.415931 0.061569 0.040499
0.939326 0.548486 0.073255 0.037715
0.289224 0.890968 0.073372 0.045408
0.291958 0.648824 0.059190 0.041591
0.511607 0.545470 0.066107 0.049207
0.178448 0.538614 0.059571 0.041389
0.511746 0.045708 0.075984 0.050513
0.290573 0.242111 0.065372 0.053013
0.063948 0.352074 0.063315 0.042478
0.517479 0.955651 0.081693 0.046609
0.182042 0.328075 0.086540 0.046729
0.072967 0.598425 0.059408 0.042852
0.073505 0.553401 0.066350 0.039628
0.402671 0.826000 0.074783 0.050272
0.072687 0.959187 0.083668 0.050381
0.616447 0.463216 0.055731 0.045640
0.511697 0.692304 0.066878 0.042283
0.618728 0.512227 0.067050 0.049284
0.515480 0.485060 0.070554 0.063589
0.944576 0.039447 0.073314 0.039779
0.292564 0.512114 0.053932 0.038624
0.831738 0.810446 0.047861 0.043344
0.510257 0.910236 0.048860 0.042486
0.835636 0.196471 0.045133 0.041131
0.724129 0.546778 0.042171 0.043164
0.621371 0.134773 0.051178 0.030347
