0.429118 0.440675 0.053405 0.036446
0.326210 0.302598 0.062110 0.035900
0.909955 0.784415 0.059051 0.029704
0.233835 0.744653 0.059460 0.033306
0.133664 0.620306 0.064167 0.037341
0.513268 0.237308 0.052577 0.034774
0.637989 0.845519 0.058765 0.030452
0.137679 0.752142 0.061093 0.030375
0.624912 0.370299 0.061188 0.033498
0.236081 0.810147 0.056794 0.030412
0.325427 0.341592 0.050381 0.035362
0.331486 0.379238 0.065088 0.030398
0.814686 0.465523 0.055388 0.036034
0.714738 0.198078 0.063119 0.027737
0.732883 0.765912 0.061779 0.033385
0.523247 0.564485 0.066334 0.035806
0.340309 0.795539 0.063552 0.036139
0.224543 0.416512 0.049441 0.037433
0.620532 0.333791 0.050817 0.029977
0.901746 0.178276 0.058617 0.029497
0.629379 0.735351 0.051310 0.036278
0.806511 0.283033 0.050827 0.032123
0.631330 0.696927 0.054040 0.029808
0.903205 0.517570 0.058612 0.035010
0.816961 0.590855 0.055116 0.032303
0.436306 0.658113 0.061365 0.028647
0.516686 0.315411 0.059253 0.038298
0.902236 0.327938 0.051178 0.033084
0.433256 0.588872 0.052054 0.035413
0.131384 0.317760 0.057825 0.032481
0.816285 0.424259 0.060326 0.034584
0.631652 0.629762 0.050990 0.033549
0.425335 0.404919 0.049457 0.033350
0.913797 0.746738 0.063585 0.038837
0.533473 0.770170 0.050468 0.035497
0.434634 0.550347 0.055786 0.029161
0.508666 0.162805 0.052781 0.035797
0.638550 0.879432 0.055451 0.030930
0.523240 0.411561 0.053362 0.030994
0.737587 0.869320 0.050882 0.035002
0.905489 0.558654 0.053032 0.037124
0.524676 0.488126 0.052137 0.030371
0.342562 0.720925 0.054362 0.032192
0.237813 0.843919 0.060368 0.027974
0.736614 0.835261 0.061739 0.028149
0.811581 0.317058 0.053006 0.029899
0.725898 0.727133 0.050039 0.038539
0.523083 0.450410 0.062752 0.034616
0.438099 0.723710 0.047105 0.030702
0.715812 0.327207 0.052153 0.030450
0.438344 0.754873 0.053601 0.027033
0.344307 0.869231 0.053438 0.033488
0.530097 0.848600 0.053566 0.035929
0.423882 0.335083 0.054336 0.033765
0.345977 0.832416 0.055379 0.031961
0.134073 0.490384 0.049283 0.029989
0.137920 0.451888 0.055813 0.042801
0.811706 0.386873 0.053706 0.031221
0.901360 0.292086 0.050490 0.030640
0.229004 0.482762 0.049665 0.028629
0.535695 0.731774 0.057716 0.031675
0.526550 0.525533 0.057300 0.033606
0.138599 0.351744 0.058240 0.032509
0.422181 0.368284 0.059899 0.033655
0.907358 0.636964 0.048921 0.033791
0.720906 0.506194 0.057999 0.037443
0.138518 0.790269 0.056574 0.031418
0.613588 0.209981 0.052369 0.028406
0.828758 0.844342 0.061556 0.033882
0.819152 0.631227 0.050660 0.040114
0.512096 0.201160 0.043946 0.032996
0.633235 0.779416 0.056210 0.032904
0.135485 0.576285 0.053738 0.036886
0.130984 0.209511 0.062796 0.035298
0.216903 0.138651 0.059845 0.033853
0.118433 0.130848 0.051686 0.034024
0.325642 0.266606 0.060252 0.028454
0.809132 0.191835 0.051543 0.026816
0.626274 0.490489 0.057185 0.037374
0.901372 0.216662 0.044544 0.038234
0.818180 0.496879 0.055452 0.026405
0.826020 0.805326 0.057611 0.031316
0.536216 0.695554 0.064207 0.030097
0.242711 0.876801 0.069757 0.030115
0.720649 0.568162 0.062394 0.030842
0.414786 0.201208 0.056964 0.032087
0.341314 0.755104 0.060787 0.036301
0.536429 0.809335 0.046392 0.032052
0.432787 0.479384 0.064784 0.032240
0.437904 0.816770 0.048239 0.026681
0.716759 0.362047 0.046741 0.030836
0.437816 0.783539 0.050664 0.027672
0.908233 0.597332 0.046757 0.032345
0.337820 0.639343 0.051403 0.030670
0.822011 0.677175 0.047567 0.044131
0.124010 0.170719 0.050990 0.036211
0.423746 0.297833 0.058870 0.031936
0.719712 0.429998 0.065834 0.029225
0.227722 0.452888 0.054761 0.025469
0.627587 0.555371 0.045112 0.034901
0.900622 0.254888 0.044126 0.029114
0.119011 0.094488 0.059284 0.031843
0.334851 0.532778 0.053281 0.028566
0.908290 0.672365 0.045864 0.030790
0.136878 0.531062 0.047511 0.043295
0.910965 0.823026 0.049055 0.033360
0.819491 0.714123 0.047765 0.025395
0.232303 0.710271 0.057025 0.027601
0.913887 0.856873 0.054947 0.025715
0.909994 0.478548 0.052712 0.029695
0.911529 0.704491 0.049045 0.034989
0.142859 0.826983 0.055260 0.035627
0.513384 0.122072 0.057249 0.034572
0.712249 0.163624 0.051343 0.031931
0.226698 0.326546 0.055087 0.024625
0.532264 0.604825 0.055713 0.036527
0.226731 0.237050 0.060991 0.036868
0.433452 0.691723 0.051812 0.025290
0.815111 0.524887 0.058322 0.026557
0.722479 0.644627 0.047637 0.033337
0.624431 0.410511 0.042224 0.038310
0.805316 0.160788 0.048429 0.030948
0.331149 0.446000 0.043002 0.025602
0.334971 0.571978 0.060613 0.041545
0.416012 0.126815 0.047368 0.037189
0.346381 0.909592 0.050042 0.034330
0.228441 0.540656 0.046525 0.035631
0.331856 0.502956 0.047633 0.024625
0.225042 0.301197 0.057027 0.024953
0.222748 0.380796 0.047459 0.030263
0.228333 0.575860 0.049230 0.035595
0.329923 0.473937 0.044903 0.028139
0.622962 0.450452 0.046577 0.030922
0.439919 0.917526 0.049419 0.030772
0.533380 0.886358 0.047043 0.028374
0.439849 0.887616 0.045133 0.029073
0.709880 0.125731 0.051228 0.035050
0.431512 0.515339 0.051680 0.031025
0.416934 0.233069 0.051479 0.030456
0.138104 0.387176 0.056046 0.032700
0.137883 0.723730 0.045649 0.024478
0.333191 0.606291 0.059419 0.026868
0.819674 0.745586 0.042784 0.027963
0.140004 0.865843 0.048901 0.032543
0.816845 0.555448 0.050406 0.031984
0.616185 0.293675 0.053609 0.037587
0.704310 0.085016 0.049334 0.033843
0.322406 0.118777 0.057278 0.036491
0.729716 0.800821 0.044195 0.030083
0.125313 0.245242 0.057938 0.027652
0.605151 0.154662 0.053744 0.027341
0.804268 0.088382 0.050165 0.039690
0.608134 0.121812 0.041831 0.028639
0.141855 0.654473 0.050265 0.024466
0.517344 0.275319 0.048130 0.032992
0.416857 0.087353 0.043235 0.030307
0.806284 0.130548 0.055767 0.026869
0.725294 0.681714 0.046828 0.033436
0.827392 0.877902 0.049955 0.030084
0.323591 0.237217 0.048625 0.030131
0.722234 0.605020 0.040352 0.034591
0.227025 0.351767 0.053080 0.021877
0.639890 0.914688 0.056584 0.030408
0.224087 0.272460 0.055239 0.033573
0.147038 0.897493 0.053308 0.026090
0.431851 0.624185 0.042596 0.030207
0.223501 0.171371 0.052709 0.028039
0.149869 0.926478 0.054205 0.028680
0.418638 0.265890 0.049904 0.026427
0.233464 0.651486 0.046094 0.031212
0.712332 0.262067 0.057465 0.029787
0.129331 0.280429 0.047903 0.038344
0.807820 0.252549 0.053277 0.023354
0.414159 0.163524 0.046827 0.028047
0.510999 0.087378 0.054883 0.035752
0.716133 0.395574 0.040469 0.026693
0.630653 0.809290 0.040778 0.026071
0.136133 0.688271 0.048823 0.036110
0.326125 0.412560 0.046321 0.032187
0.629193 0.592747 0.039988 0.029541
0.898448 0.080592 0.050152 0.023939
0.715348 0.464042 0.040792 0.031041
0.918263 0.910323 0.049804 0.027697
0.629736 0.664849 0.045580 0.028258
0.532139 0.665966 0.040885 0.025950
0.318168 0.152960 0.054589 0.030864
0.521086 0.378861 0.034048 0.024778
0.441560 0.850887 0.058745 0.035419
0.808942 0.223693 0.063314 0.031231
0.340407 0.678449 0.039545 0.041544
0.622873 0.524773 0.047223 0.020621
0.823558 0.772913 0.037043 0.025542
0.902359 0.146176 0.033788 0.024518
0.515860 0.351189 0.045021 0.025367
0.900229 0.111775 0.040986 0.033025
0.232631 0.510335 0.056299 0.020653
0.531287 0.639923 0.044620 0.025845
0.232705 0.613773 0.042827 0.036358
0.324101 0.209252 0.041384 0.028101
0.903098 0.419481 0.035354 0.024271
0.918803 0.883612 0.052080 0.023892
0.243061 0.911069 0.048993 0.026274
0.610523 0.180902 0.037912 0.022563
0.139501 0.414981 0.051323 0.019981
0.224534 0.201851 0.051229 0.034636
0.721994 0.539893 0.047472 0.020627
0.906878 0.447074 0.032522 0.025935
0.742044 0.904685 0.066813 0.027810
0.810017 0.350867 0.044266 0.029873
0.718821 0.293186 0.058616 0.022534
0.321155 0.182259 0.041166 0.025383
0.829322 0.909475 0.045402 0.027298
0.237007 0.779252 0.035178 0.026506
0.232614 0.679654 0.038939 0.026477
0.712344 0.229641 0.058628 0.024135
0.541745 0.917285 0.061297 0.029035
0.900285 0.359614 0.042896 0.019616
0.612811 0.247482 0.042861 0.037908
0.611541 0.087133 0.045086 0.033288
0.902149 0.387727 0.039659 0.025132
0.217163 0.097412 0.043690 0.042840
0.324012 0.087021 0.058729 0.024742
