0.511814 0.853162 0.059550 0.039180
0.312436 0.436366 0.061613 0.033279
0.121954 0.709074 0.053971 0.030062
0.686223 0.209773 0.057724 0.037708
0.793394 0.708008 0.055961 0.028490
0.512979 0.728862 0.053842 0.028123
0.782552 0.312303 0.050607 0.035916
0.505160 0.353081 0.056011 0.028624
0.696051 0.521357 0.057741 0.032956
0.507418 0.416031 0.056986 0.033287
0.515636 0.628937 0.056286 0.032515
0.217483 0.761768 0.057699 0.035554
0.688340 0.130224 0.057597 0.036208
0.503798 0.284057 0.045424 0.033794
0.119710 0.185838 0.053808 0.039802
0.501426 0.177797 0.055298 0.028500
0.686947 0.168367 0.053400 0.035361
0.408252 0.195003 0.059834 0.029288
0.122301 0.839467 0.052907 0.029541
0.403613 0.256641 0.047438 0.036381
0.216719 0.156794 0.050182 0.033900
0.882409 0.157191 0.053276 0.034855
0.882568 0.120354 0.053601 0.029037
0.876415 0.688252 0.056802 0.037953
0.875405 0.472490 0.052781 0.036263
0.411729 0.395325 0.053957 0.034461
0.691624 0.483259 0.052007 0.029589
0.125906 0.803541 0.048873 0.034326
0.420522 0.760777 0.051287 0.037038
0.305413 0.160644 0.052874 0.029223
0.306466 0.294882 0.050541 0.031974
0.214448 0.395975 0.051490 0.035392
0.212792 0.121203 0.052044 0.032503
0.414975 0.692781 0.056006 0.031644
0.874875 0.329148 0.057531 0.029430
0.789447 0.228978 0.051762 0.032794
0.407757 0.298843 0.050610 0.038131
0.129298 0.876107 0.050010 0.030845
0.117935 0.441271 0.052782 0.030529
0.499603 0.144499 0.045886 0.030681
0.517490 0.892003 0.052165 0.026784
0.879794 0.872059 0.048502 0.036231
0.415595 0.724892 0.053522 0.028891
0.415593 0.622410 0.052563 0.028449
0.304773 0.226462 0.052328 0.029483
0.784389 0.343754 0.054155 0.026964
0.503941 0.319397 0.048387 0.029388
0.510862 0.498053 0.052148 0.029836
0.211037 0.332052 0.048738 0.033293
0.112916 0.123217 0.052873 0.032150
0.122611 0.510039 0.063931 0.034508
0.598204 0.348296 0.047025 0.037624
0.421677 0.836999 0.054113 0.031474
0.788567 0.409280 0.047528 0.032546
0.224654 0.653860 0.065836 0.029173
0.118991 0.673654 0.048109 0.026923
0.790653 0.742781 0.051283 0.028922
0.792885 0.672880 0.054528 0.028405
0.219371 0.721702 0.049269 0.034709
0.596554 0.309879 0.048837 0.030659
0.319759 0.678293 0.048945 0.033811
0.878221 0.763452 0.046869 0.038354
0.874959 0.365468 0.053183 0.030398
0.788770 0.196330 0.049791 0.027159
0.881221 0.436062 0.051935 0.033645
0.401403 0.131964 0.049690 0.022593
0.307354 0.395547 0.048873 0.033864
0.220303 0.547440 0.063889 0.033267
0.317860 0.613179 0.052666 0.028396
0.877298 0.580937 0.050110 0.035333
0.416252 0.658682 0.043522 0.030918
0.788472 0.882021 0.041722 0.029727
0.121374 0.336755 0.064252 0.034525
0.114626 0.404546 0.045778 0.034641
0.305047 0.128663 0.047618 0.027116
0.312508 0.331700 0.047985 0.034389
0.689837 0.250762 0.054384 0.034264
0.117069 0.608884 0.055942 0.025747
0.599601 0.192971 0.052418 0.029522
0.114789 0.259595 0.049265 0.037321
0.316797 0.718479 0.045351 0.037410
0.212475 0.291665 0.048664 0.032556
0.878606 0.725450 0.051119 0.025944
0.116859 0.221422 0.056238 0.030564
0.880400 0.511713 0.050954 0.037478
0.781561 0.092398 0.050800 0.031227
0.304944 0.093649 0.049342 0.033403
0.116524 0.548570 0.056593 0.031370
0.692220 0.289325 0.045882 0.033773
0.595799 0.272273 0.046022 0.030838
0.596806 0.131224 0.049785 0.037014
0.517532 0.923702 0.044999 0.033530
0.213939 0.472268 0.047811 0.032309
0.213745 0.090424 0.050420 0.029744
0.415732 0.583467 0.047980 0.037778
0.499114 0.111784 0.053292 0.026380
0.218280 0.902942 0.045786 0.029754
0.515554 0.693594 0.043344 0.035144
0.508149 0.457582 0.045088 0.037738
0.308860 0.260888 0.045341 0.030283
0.508787 0.563021 0.042595 0.030345
0.115638 0.153114 0.043932 0.023248
0.878099 0.652803 0.047193 0.025197
0.596456 0.231777 0.045036 0.037995
0.223426 0.584073 0.055175 0.029397
0.690098 0.440811 0.045684 0.040542
0.117821 0.640486 0.042743 0.032469
0.609249 0.580546 0.056874 0.032805
0.314631 0.547212 0.059192 0.033754
0.503068 0.213523 0.041588 0.034930
0.317743 0.756189 0.052833 0.029533
0.875592 0.400073 0.050124 0.029489
0.603766 0.546567 0.050549 0.025577
0.692708 0.396810 0.048650 0.037931
0.511085 0.596324 0.050418 0.024414
0.788830 0.586164 0.047035 0.030655
0.787580 0.545936 0.043179 0.037627
0.514298 0.660855 0.057924 0.025760
0.882334 0.831452 0.046526 0.033343
0.130159 0.906654 0.049404 0.022987
0.315442 0.644896 0.062396 0.025085
0.312561 0.506662 0.051925 0.038200
0.221704 0.620003 0.048384 0.034601
0.217712 0.799993 0.046409 0.034750
0.514214 0.758187 0.049292 0.022830
0.413539 0.545051 0.054447 0.029883
0.411357 0.426984 0.058293 0.025763
0.597916 0.387192 0.044452 0.035424
0.117185 0.090084 0.062367 0.027732
0.213558 0.435732 0.045135 0.035010
0.307358 0.194399 0.043174 0.030543
0.597727 0.427197 0.045265 0.038262
0.878251 0.911647 0.042819 0.034249
0.322714 0.923009 0.047213 0.038222
0.323047 0.805461 0.060988 0.030396
0.216215 0.507447 0.044227 0.031943
0.790038 0.441588 0.047283 0.030987
0.116359 0.369937 0.045292 0.030808
0.600316 0.473349 0.039482 0.039543
0.693172 0.361263 0.041091 0.033564
0.880529 0.545370 0.050388 0.026859
0.407097 0.332384 0.040393 0.029239
0.215622 0.684921 0.044804 0.025921
0.121073 0.741556 0.043199 0.027375
0.218209 0.838968 0.046921 0.034045
0.218332 0.872993 0.042261 0.025638
0.130061 0.932506 0.050204 0.023467
0.423689 0.909667 0.040444 0.026635
0.507582 0.532136 0.044847 0.028459
0.685752 0.092956 0.059571 0.030854
0.312484 0.578645 0.050704 0.029527
0.881255 0.251002 0.056411 0.036077
0.785655 0.266848 0.039581 0.036872
0.113553 0.298987 0.044145 0.029642
0.602620 0.512781 0.038570 0.028976
0.317171 0.880962 0.045317 0.031427
0.120405 0.580559 0.046814 0.025074
0.211221 0.256971 0.039852 0.032350
0.404169 0.162318 0.047182 0.030030
0.783903 0.375417 0.042536 0.031510
0.878990 0.215108 0.053124 0.024498
0.878626 0.087387 0.054588 0.025848
0.408778 0.511325 0.040203 0.030161
0.215268 0.191371 0.046983 0.033786
0.791014 0.844892 0.040183 0.037185
0.124194 0.769747 0.047470 0.024006
0.878644 0.799322 0.043303 0.023383
0.402999 0.225673 0.048885 0.025760
0.787527 0.473772 0.049468 0.025056
0.784152 0.157071 0.040082 0.034413
0.409565 0.483614 0.057412 0.023538
0.596595 0.162326 0.050199 0.024869
0.402267 0.103344 0.040696 0.027251
0.316826 0.843047 0.040665 0.038033
0.785422 0.506738 0.043866 0.032767
0.406104 0.363452 0.046569 0.025839
0.788836 0.803881 0.036084 0.029954
0.513254 0.814594 0.043384 0.031777
0.789446 0.642489 0.038629 0.024799
0.698495 0.560453 0.050817 0.038262
0.691851 0.325543 0.052533 0.030269
0.513664 0.784494 0.057741 0.025092
0.410518 0.455147 0.063233 0.027952
0.790318 0.773617 0.053625 0.021460
0.499078 0.084969 0.043175 0.022100
0.315419 0.362134 0.054383 0.020260
0.507819 0.382647 0.047032 0.022797
0.219747 0.933805 0.054152 0.024146
0.115959 0.474056 0.045563 0.028174
0.312925 0.470587 0.038356 0.026681
0.875155 0.619383 0.034906 0.029938
0.787418 0.615816 0.039529 0.020383
0.213373 0.361291 0.054512 0.024862
0.877506 0.290403 0.034325 0.030366
0.783382 0.122874 0.033160 0.022059
0.422910 0.934407 0.052108 0.020852
0.210335 0.223657 0.051591 0.025320
0.422560 0.800134 0.054120 0.030986
0.877034 0.188953 0.042418 0.019481
0.422763 0.875195 0.047133 0.034715
0.500585 0.249710 0.052126 0.030399
0.795511 0.918055 0.045183 0.022742
0.321446 0.779242 0.050676 0.018404
0.826752 0.916266 0.025989 0.025428
