0.713031 0.902901 0.082820 0.046153
0.828968 0.746561 0.079814 0.050592
0.708165 0.465147 0.095652 0.049058
0.819704 0.327557 0.074059 0.049171
0.712707 0.847579 0.086008 0.057465
0.712911 0.523619 0.082514 0.055549
0.830354 0.904493 0.076836 0.047527
0.711513 0.579184 0.080267 0.048923
0.594373 0.569225 0.078006 0.054817
0.824567 0.851086 0.081260 0.050127
0.931303 0.818672 0.088158 0.052920
0.929852 0.491672 0.078278 0.051742
0.714857 0.244586 0.078953 0.054972
0.603159 0.276416 0.075957 0.053381
0.927244 0.335236 0.088369 0.056943
0.283165 0.155754 0.078909 0.049504
0.386095 0.380114 0.080976 0.046464
0.062757 0.553044 0.075433 0.053185
0.276092 0.524729 0.076520 0.055967
0.489582 0.524155 0.087669 0.052066
0.078214 0.888830 0.069138 0.051250
0.380462 0.055194 0.078945 0.053297
0.598661 0.906452 0.078929 0.051903
0.493660 0.272413 0.085672 0.044808
0.822000 0.959901 0.093391 0.046471
0.821264 0.434670 0.086074 0.049208
0.062667 0.389115 0.084307 0.051149
0.178082 0.319522 0.070920 0.053420
0.932726 0.919513 0.067455 0.049819
0.174931 0.373750 0.075395 0.043163
0.820458 0.539294 0.078781 0.049617
0.932718 0.653440 0.093011 0.051794
0.596012 0.390712 0.079112 0.057527
0.825588 0.691193 0.072240 0.051296
0.822862 0.381777 0.075393 0.049819
0.934439 0.870808 0.079362 0.046514
0.716055 0.741383 0.073785 0.049373
0.487229 0.743583 0.082346 0.050186
0.386153 0.923061 0.076119 0.045304
0.490771 0.103061 0.091943 0.049614
0.825728 0.275102 0.080244 0.048466
0.274663 0.364738 0.075028 0.043699
0.824821 0.639856 0.081248 0.045499
0.390869 0.819339 0.084688 0.045572
0.391268 0.552278 0.073535 0.050821
0.177595 0.265503 0.076085 0.048893
0.074433 0.782121 0.083704 0.046710
0.176863 0.589403 0.075283 0.056063
0.929658 0.279499 0.082744 0.054978
0.061386 0.051273 0.079360 0.049732
0.074178 0.934372 0.059786 0.037622
0.276643 0.472147 0.068085 0.046636
0.599663 0.849877 0.084556 0.052122
0.175895 0.156177 0.069545 0.049640
0.603594 0.793076 0.080940 0.057632
0.597489 0.453039 0.071032 0.052873
0.388011 0.281511 0.073500 0.047015
0.175415 0.421351 0.072024 0.045643
0.386794 0.432939 0.081545 0.054616
0.394488 0.969319 0.078454 0.047544
0.390704 0.873587 0.063087 0.049398
0.384902 0.169813 0.086684 0.053197
0.278153 0.418294 0.064773 0.051158
0.488020 0.686957 0.076878 0.052916
0.496738 0.903873 0.071098 0.041347
0.712250 0.301957 0.074620 0.049595
0.385679 0.332190 0.075814 0.044944
0.178707 0.749285 0.069000 0.055781
0.601011 0.222692 0.071174 0.039200
0.078117 0.834492 0.078653 0.047562
0.600098 0.629234 0.069822 0.050894
0.178274 0.689950 0.069010 0.049205
0.064398 0.445840 0.078614 0.052065
0.188108 0.960140 0.091209 0.048171
0.494369 0.368554 0.092921 0.050765
0.186722 0.902509 0.084564 0.046190
0.925814 0.390009 0.070052 0.046542
0.715639 0.687277 0.085740 0.048666
0.174287 0.476721 0.068457 0.052007
0.173441 0.209866 0.068882 0.047295
0.602159 0.112910 0.096958 0.054383
0.710494 0.791725 0.066546 0.043237
0.278723 0.318350 0.075630 0.041314
0.382943 0.716439 0.077088 0.048300
0.828487 0.798462 0.070574 0.043174
0.276420 0.757029 0.070769 0.044452
0.172079 0.533495 0.070943 0.048078
0.491806 0.855377 0.063301 0.049559
0.930914 0.601365 0.063515 0.046811
0.492281 0.050533 0.082465 0.052963
0.498235 0.471449 0.088422 0.047050
0.923102 0.171115 0.099939 0.057639
0.818979 0.484950 0.069152 0.043386
0.708701 0.961739 0.073156 0.054428
0.279737 0.578233 0.077458 0.048795
0.062626 0.103720 0.076563 0.046662
0.386144 0.603949 0.077698 0.048326
0.492772 0.321449 0.072847 0.040699
0.385875 0.113084 0.076566 0.056179
0.283895 0.267017 0.081133 0.050024
0.714939 0.056496 0.088783 0.060449
0.711634 0.184600 0.079763 0.059501
0.067046 0.499410 0.066666 0.048835
0.932266 0.051534 0.067365 0.052857
0.929645 0.761630 0.064795 0.051458
0.598558 0.513530 0.071018 0.052755
0.181652 0.849240 0.089835 0.047575
0.497616 0.960515 0.076535 0.056327
0.490947 0.573503 0.066172 0.041000
0.278794 0.636546 0.066934 0.054236
0.926960 0.112011 0.077729 0.054909
0.713391 0.412978 0.069369 0.047188
0.276163 0.053960 0.078399 0.049829
0.173024 0.103805 0.064891 0.052344
0.067518 0.334183 0.068611 0.047791
0.932083 0.968723 0.067393 0.040766
0.713853 0.120433 0.080606 0.060888
0.493232 0.220001 0.064445 0.055364
0.601768 0.685957 0.064281 0.052787
0.603261 0.171967 0.066962 0.054244
0.293018 0.971752 0.079431 0.039854
0.930042 0.438167 0.074858 0.041179
0.384399 0.495050 0.073934 0.058553
0.491040 0.418966 0.063225 0.050285
0.284213 0.102394 0.081095 0.042399
0.820277 0.218323 0.094109 0.058528
0.178562 0.800800 0.059249 0.038829
0.278772 0.697334 0.071560 0.058651
0.824414 0.110550 0.083761 0.040418
0.280665 0.212027 0.064682 0.057619
0.492067 0.156902 0.079634 0.056795
0.603532 0.738913 0.066735 0.039409
0.497091 0.629671 0.079439 0.059599
0.177497 0.641392 0.072367 0.042769
0.172335 0.051417 0.085219 0.048514
0.284396 0.813303 0.084825 0.058427
0.074072 0.971506 0.057687 0.035331
0.601324 0.055303 0.079481 0.059663
0.930027 0.226400 0.086577 0.048190
0.281860 0.924846 0.064519 0.050227
0.928516 0.709206 0.067276 0.052850
0.929576 0.549188 0.078196 0.054052
0.494322 0.801374 0.058633 0.050623
0.058872 0.279508 0.068106 0.058836
0.714757 0.359205 0.084966 0.056997
0.600912 0.331023 0.056640 0.049910
0.827878 0.056736 0.090115 0.059298
0.067629 0.614318 0.068802 0.063853
0.386314 0.660488 0.066113 0.058115
0.825728 0.591099 0.047372 0.046699
0.063731 0.157504 0.057553 0.051194
0.606839 0.961174 0.058728 0.049617
0.068917 0.676087 0.084734 0.050233
0.715923 0.634018 0.056381 0.050883
0.384003 0.227022 0.060609 0.053995
0.068012 0.210877 0.064679 0.050076
0.285357 0.872973 0.073469 0.048352
0.389305 0.770239 0.048910 0.047420
0.826076 0.158498 0.065805 0.045637
0.074055 0.729537 0.058254 0.051161
