0.612402 0.880150 0.078152 0.051411
0.611589 0.180648 0.079367 0.055119
0.612519 0.454338 0.073469 0.050667
0.286087 0.419774 0.076391 0.054708
0.924884 0.342019 0.083289 0.046641
0.399548 0.400539 0.074252 0.047319
0.288127 0.840910 0.074423 0.048687
0.395433 0.720105 0.082553 0.051045
0.172023 0.316043 0.080577 0.052962
0.285253 0.103452 0.077137 0.042385
0.611245 0.510336 0.092977 0.051364
0.499261 0.680996 0.075869 0.048588
0.511972 0.107013 0.078548 0.042008
0.393655 0.509633 0.094106 0.056532
0.285547 0.054454 0.090396 0.047054
0.066492 0.204574 0.082321 0.047077
0.291247 0.317314 0.087138 0.058262
0.064406 0.867909 0.068434 0.045390
0.708337 0.752464 0.079723 0.042120
0.065416 0.152919 0.065038 0.041696
0.282723 0.638786 0.098079 0.052995
0.171935 0.922662 0.070522 0.046982
0.064273 0.665800 0.080547 0.047505
0.508352 0.211277 0.076293 0.050467
0.180692 0.162133 0.083153 0.048503
0.399812 0.117160 0.080344 0.045679
0.721807 0.271024 0.083883 0.056148
0.395289 0.778623 0.082595 0.055608
0.173554 0.417965 0.081577 0.044002
0.399299 0.287752 0.092453 0.054498
0.063222 0.415490 0.069941 0.049640
0.065756 0.107650 0.079614 0.040864
0.929915 0.810693 0.082981 0.048199
0.172603 0.467316 0.099053 0.046483
0.928040 0.286898 0.078632 0.048257
0.508974 0.157745 0.072274 0.052424
0.501396 0.735687 0.069253 0.056980
0.820712 0.349751 0.071813 0.053150
0.393972 0.883517 0.087790 0.044077
0.500972 0.928109 0.077526 0.042655
0.397126 0.456717 0.075942 0.042521
0.713379 0.703517 0.086462 0.046261
0.394899 0.669402 0.084328 0.042556
0.718708 0.441910 0.077282 0.055927
0.719938 0.603281 0.084213 0.049972
0.293188 0.370098 0.079572 0.042141
0.928768 0.554918 0.093864 0.047956
0.509762 0.264356 0.087514 0.049897
0.063148 0.916307 0.087800 0.044721
0.925652 0.606686 0.085237 0.042659
0.063874 0.615533 0.087440 0.044864
0.930025 0.707259 0.067210 0.047413
0.288955 0.214786 0.070341 0.053068
0.175386 0.762167 0.088979 0.045873
0.065864 0.714658 0.064684 0.043871
0.393845 0.570129 0.074430 0.056310
0.719148 0.550699 0.073777 0.047961
0.830230 0.675268 0.085876 0.054537
0.176080 0.060544 0.090326 0.054915
0.393491 0.965698 0.094144 0.041566
0.715786 0.801336 0.059736 0.047607
0.172250 0.868057 0.073611 0.056666
0.719354 0.655029 0.075927 0.048595
0.715165 0.330172 0.074005 0.057661
0.610274 0.292171 0.067615 0.049709
0.501039 0.787752 0.076421 0.043518
0.617264 0.562766 0.081542 0.048251
0.288765 0.475501 0.072989 0.050701
0.827042 0.227529 0.085134 0.055067
0.604393 0.403145 0.084856 0.048137
0.505849 0.314123 0.065079 0.048739
0.172276 0.966248 0.079893 0.037762
0.166070 0.666207 0.073063 0.041779
0.396566 0.343548 0.069849 0.050442
0.400238 0.170092 0.065369 0.049741
0.290270 0.158493 0.070712 0.056503
0.823373 0.503155 0.084802 0.045325
0.927523 0.236216 0.073109 0.044256
0.932701 0.760972 0.089783 0.048061
0.506057 0.468480 0.080784 0.043120
0.175806 0.112331 0.076936 0.042554
0.607046 0.929694 0.077576 0.039751
0.824027 0.455540 0.081971 0.046039
0.931605 0.392456 0.063755 0.050604
0.064057 0.361586 0.060248 0.046932
0.066423 0.519104 0.083827 0.046054
0.285092 0.966631 0.080076 0.039383
0.178283 0.261527 0.069116 0.045514
0.825192 0.618570 0.059863 0.050552
0.280199 0.787421 0.068493 0.047879
0.931970 0.122565 0.065566 0.058336
0.927698 0.911488 0.095273 0.050410
0.822300 0.778906 0.081946 0.044477
0.711075 0.958155 0.076188 0.053798
0.502045 0.369877 0.073031 0.053065
0.170714 0.714559 0.061062 0.045188
0.830078 0.406425 0.087474 0.050191
0.606321 0.969757 0.084692 0.039468
0.064302 0.818712 0.072580 0.046289
0.397716 0.925522 0.078201 0.036931
0.502329 0.621464 0.075790 0.059989
0.066429 0.767385 0.070395 0.053139
0.511223 0.057102 0.077794 0.049706
0.831550 0.175226 0.081502 0.052594
0.064383 0.964698 0.091718 0.049484
0.404102 0.227180 0.072133 0.057288
0.823095 0.831249 0.071936 0.052370
0.929086 0.654955 0.060398 0.049209
0.606999 0.121694 0.087404 0.054662
0.288463 0.582986 0.077307 0.058211
0.718356 0.383585 0.072184 0.050249
0.926641 0.962309 0.083660 0.047469
0.823424 0.560525 0.067401 0.055905
0.290207 0.527414 0.066319 0.045898
0.281909 0.690873 0.090943 0.046928
0.174248 0.568571 0.074365 0.043658
0.286144 0.266557 0.072474 0.040467
0.828189 0.729350 0.081930 0.050777
0.929815 0.860805 0.068950 0.040756
0.722335 0.168384 0.064581 0.051130
0.927793 0.182760 0.071174 0.055735
0.719460 0.113333 0.081249 0.048496
0.173281 0.212980 0.070955 0.045647
0.172029 0.517722 0.062347 0.046036
0.064899 0.257732 0.059051 0.050404
0.929606 0.060846 0.087352 0.058353
0.292596 0.930913 0.074744 0.031557
0.401219 0.062018 0.072599 0.057340
0.819901 0.287629 0.063180 0.055438
0.509764 0.834973 0.085345 0.042712
0.284936 0.891669 0.073240 0.042292
0.933397 0.447443 0.074371 0.052036
0.724242 0.218595 0.075663 0.039644
0.062014 0.312937 0.065861 0.047272
0.826290 0.118605 0.068423 0.055427
0.714666 0.853501 0.057380 0.044191
0.497952 0.567447 0.058865 0.047018
0.721520 0.905569 0.078705 0.055325
0.498126 0.967331 0.085541 0.034051
0.501854 0.880898 0.059195 0.046021
0.172578 0.812934 0.081866 0.046601
0.821738 0.934489 0.074587 0.033527
0.174470 0.368925 0.057372 0.047592
0.607225 0.669095 0.070222 0.061758
0.611738 0.822571 0.075525 0.057958
0.611295 0.236974 0.058461 0.053732
0.820590 0.888960 0.055667 0.052232
0.066953 0.058584 0.068215 0.048956
0.609744 0.612792 0.054251 0.040464
0.283772 0.738507 0.057594 0.042127
0.931600 0.502222 0.081553 0.044207
0.065436 0.568349 0.061024 0.042451
0.166846 0.618618 0.073253 0.050411
0.613759 0.767811 0.065032 0.044956
0.827407 0.060194 0.060557 0.054764
0.506327 0.515930 0.062182 0.041480
0.065660 0.468313 0.053630 0.047276
0.723247 0.058976 0.079090 0.056020
0.719410 0.499810 0.058102 0.048773
0.816471 0.964708 0.092661 0.039556
0.397225 0.623964 0.046226 0.040224
0.393465 0.835997 0.055184 0.047368
0.605634 0.722637 0.071099 0.039229
0.612693 0.059356 0.066288 0.052160
0.612966 0.350130 0.075198 0.055889
0.506758 0.422462 0.051201 0.045866
0.563420 0.752456 0.028237 0.020119
