0.601482 0.408101 0.061535 0.030744
0.406136 0.339822 0.064319 0.038312
0.789632 0.730236 0.066507 0.033321
0.887593 0.636388 0.062090 0.038877
0.794961 0.216162 0.064520 0.036270
0.504433 0.393389 0.063017 0.036170
0.598789 0.334297 0.056525 0.027703
0.314049 0.235785 0.060560 0.031076
0.788096 0.545876 0.055614 0.036666
0.122148 0.714573 0.061691 0.035380
0.215276 0.134492 0.063368 0.035357
0.501752 0.846201 0.055163 0.030463
0.794327 0.446231 0.058754 0.031159
0.887175 0.330854 0.058159 0.029468
0.702369 0.139434 0.062436 0.035486
0.212677 0.831754 0.063940 0.035846
0.799085 0.176402 0.056677 0.035510
0.495658 0.647604 0.054435 0.033573
0.400010 0.768683 0.055636 0.036893
0.501532 0.434133 0.054171 0.036499
0.598488 0.371130 0.051423 0.036639
0.513000 0.134630 0.053911 0.035222
0.511195 0.172601 0.056599 0.033102
0.123312 0.674712 0.051176 0.036113
0.687411 0.852905 0.058357 0.033058
0.500738 0.808530 0.054064 0.036273
0.606788 0.202841 0.063745 0.032197
0.514941 0.209554 0.060462 0.028422
0.500771 0.770716 0.055407 0.031631
0.790458 0.371376 0.056598 0.032571
0.306690 0.722842 0.062739 0.031599
0.505203 0.471324 0.056483 0.031224
0.790919 0.773425 0.064937 0.037861
0.600964 0.238369 0.071157 0.029481
0.310992 0.469089 0.062214 0.041379
0.399995 0.845721 0.051074 0.026839
0.598220 0.890984 0.057268 0.032598
0.501128 0.356555 0.052701 0.029635
0.317758 0.198622 0.054518 0.034326
0.699333 0.344748 0.058995 0.026959
0.794332 0.652352 0.050317 0.038038
0.885995 0.151802 0.054568 0.036294
0.890597 0.220428 0.056049 0.033639
0.692653 0.555893 0.056327 0.033111
0.882988 0.770596 0.048467 0.038769
0.885013 0.440382 0.062688 0.039044
0.608670 0.131784 0.054935 0.038196
0.593741 0.502558 0.061159 0.035815
0.398629 0.630392 0.050523 0.032770
0.213682 0.761558 0.058670 0.032268
0.318784 0.273728 0.047662 0.037215
0.406612 0.518022 0.054529 0.027377
0.405814 0.883137 0.051642 0.037089
0.499963 0.684977 0.057343 0.030109
0.799405 0.253242 0.055047 0.033131
0.593746 0.626039 0.052671 0.027011
0.792088 0.410046 0.047345 0.036074
0.510724 0.246139 0.061239 0.037142
0.215906 0.621492 0.051531 0.038544
0.126136 0.778576 0.049768 0.034045
0.304582 0.837138 0.048555 0.035779
0.885886 0.844736 0.057681 0.032619
0.591472 0.755167 0.061426 0.027451
0.699991 0.308872 0.056795 0.035631
0.885694 0.882377 0.052561 0.037949
0.693845 0.594239 0.054464 0.033400
0.220013 0.173794 0.059825 0.032043
0.598201 0.304892 0.048399 0.026487
0.410299 0.093354 0.057367 0.030825
0.307031 0.797351 0.053219 0.035409
0.793358 0.913310 0.062652 0.034569
0.794151 0.878882 0.049853 0.030028
0.408337 0.201057 0.045972 0.036802
0.791836 0.613397 0.060347 0.036124
0.307559 0.552556 0.062907 0.033708
0.696613 0.097322 0.059771 0.042469
0.882129 0.559122 0.051368 0.036552
0.596487 0.659536 0.051057 0.028351
0.882456 0.482799 0.052512 0.036186
0.311329 0.430280 0.054931 0.032815
0.884582 0.520344 0.050261 0.031830
0.126470 0.821729 0.050124 0.038784
0.796108 0.296350 0.060628 0.041278
0.220887 0.512460 0.054553 0.033448
0.404290 0.810045 0.045854 0.033348
0.794458 0.335895 0.048197 0.034441
0.685286 0.885466 0.054725 0.027135
0.506099 0.284148 0.057748 0.024724
0.788958 0.509167 0.044027 0.031150
0.225390 0.240310 0.051813 0.030479
0.304469 0.876727 0.053523 0.035991
0.701200 0.244595 0.049805 0.035822
0.701488 0.206204 0.048694 0.038112
0.600104 0.273435 0.055767 0.032972
0.211880 0.796846 0.050835 0.027392
0.304380 0.759421 0.045521 0.031622
0.399490 0.593117 0.044696 0.033871
0.408854 0.161484 0.048196 0.032595
0.590319 0.822372 0.047422 0.032053
0.215853 0.585419 0.051044 0.027399
0.306644 0.589729 0.052344 0.031706
0.695667 0.412290 0.054628 0.033655
0.693999 0.814336 0.058992 0.035149
0.787367 0.845873 0.047440 0.027012
0.407183 0.441192 0.047129 0.037845
0.692298 0.654074 0.048547 0.032056
0.791313 0.809361 0.055609 0.031797
0.608029 0.167331 0.055736 0.026078
0.407467 0.402182 0.045064 0.031567
0.500592 0.611446 0.047289 0.034475
0.509209 0.095440 0.058924 0.037884
0.596012 0.723451 0.048499 0.028727
0.401151 0.732088 0.046222 0.028323
0.123528 0.296838 0.047875 0.040753
0.224661 0.277559 0.047637 0.032034
0.215146 0.546952 0.046273 0.037965
0.589530 0.857292 0.046459 0.028103
0.404780 0.481528 0.048491 0.031035
0.122954 0.523037 0.051317 0.030513
0.788090 0.693864 0.044927 0.035585
0.126298 0.097228 0.056306 0.038706
0.307338 0.686834 0.049112 0.033555
0.321287 0.161696 0.062140 0.027629
0.127120 0.215309 0.053361 0.037454
0.217996 0.688038 0.046173 0.032333
0.691195 0.691839 0.051966 0.031823
0.126499 0.136084 0.050006 0.034992
0.690166 0.733223 0.046394 0.035838
0.601421 0.092767 0.069085 0.034073
0.698772 0.172983 0.052207 0.028656
0.593451 0.595189 0.047012 0.026454
0.304312 0.654853 0.058970 0.025774
0.314549 0.389346 0.052765 0.038588
0.504753 0.504086 0.045478 0.030674
0.128294 0.591051 0.047033 0.032008
0.123505 0.478366 0.044435 0.041818
0.122524 0.175158 0.050478 0.034754
0.594966 0.536536 0.051551 0.025423
0.404441 0.665493 0.046089 0.031399
0.884220 0.676960 0.054513 0.031989
0.124479 0.438408 0.052571 0.029223
0.887463 0.288850 0.048555 0.041553
0.793244 0.478478 0.050115 0.024413
0.121310 0.364624 0.045040 0.026785
0.505959 0.317595 0.044218 0.034854
0.119139 0.400948 0.046153 0.036781
0.886434 0.361716 0.047340 0.033501
0.887109 0.115665 0.061340 0.025642
0.790632 0.579890 0.062810 0.023507
0.401022 0.698108 0.043511 0.031641
0.881855 0.595368 0.040578 0.032147
0.218658 0.360643 0.045752 0.037478
0.797159 0.134887 0.047838 0.037284
0.499540 0.537311 0.045567 0.033920
0.887713 0.251736 0.056274 0.030327
0.213130 0.874421 0.059070 0.034481
0.211360 0.723485 0.046925 0.036113
0.126687 0.254462 0.044476 0.033421
0.497614 0.907507 0.049138 0.034842
0.498616 0.573621 0.053559 0.035537
0.886159 0.809921 0.050331 0.030024
0.407221 0.298218 0.046080 0.036241
0.596093 0.688552 0.050207 0.029614
0.404072 0.553616 0.049009 0.036535
0.403875 0.916721 0.052905 0.030327
0.596168 0.920812 0.067385 0.027419
0.796931 0.095205 0.074728 0.039391
0.692204 0.487166 0.044285 0.037160
0.888462 0.736319 0.060230 0.024836
0.219248 0.407650 0.057484 0.041923
0.313834 0.912154 0.065991 0.029593
0.223178 0.207233 0.042207 0.027839
0.320905 0.123941 0.042166 0.036113
0.223194 0.316555 0.046547 0.036069
0.694876 0.377630 0.050881 0.036341
0.409890 0.126824 0.041110 0.029340
0.883111 0.185275 0.049636 0.027327
0.409592 0.262375 0.038675 0.028218
0.696072 0.447930 0.052415 0.035097
0.218096 0.477468 0.042414 0.029975
0.594186 0.563832 0.040406 0.026876
0.308125 0.511605 0.041252 0.036235
0.217031 0.096209 0.064381 0.034268
0.215508 0.911630 0.051573 0.031922
0.218104 0.447398 0.046215 0.030541
0.315006 0.314024 0.046211 0.032089
0.128323 0.631447 0.044090 0.036006
0.887349 0.918697 0.062604 0.027333
0.500907 0.727213 0.056649 0.043579
0.409258 0.235482 0.042906 0.019824
0.692049 0.523865 0.042800 0.029228
0.687072 0.913804 0.058805 0.024138
0.315690 0.349424 0.041509 0.032030
0.603749 0.443403 0.069576 0.027178
0.320734 0.090357 0.052581 0.024137
0.403606 0.371551 0.046999 0.019982
0.499022 0.876368 0.056998 0.024644
0.121910 0.746761 0.041466 0.021575
0.886494 0.708107 0.062522 0.029313
0.596886 0.790047 0.058727 0.032838
0.883521 0.399841 0.049906 0.037388
0.217122 0.656696 0.045739 0.020258
0.691986 0.774961 0.058457 0.035190
0.128243 0.862757 0.053831 0.035138
0.121488 0.554275 0.036948 0.027014
0.130815 0.908689 0.051480 0.031991
0.699922 0.274577 0.040272 0.019331
0.122858 0.335037 0.037211 0.020889
0.888329 0.087760 0.055517 0.021707
0.690463 0.625229 0.045546 0.019199
0.601694 0.468996 0.052386 0.021116
0.308428 0.625699 0.049887 0.030943
0.260332 0.104785 0.033072 0.033308
0.640277 0.299383 0.020281 0.015341
