0.700475 0.440021 0.077452 0.055787
0.579361 0.407775 0.079105 0.054931
0.814964 0.554387 0.078526 0.055086
0.478659 0.631516 0.078864 0.051514
0.708298 0.843493 0.085550 0.050481
0.365623 0.556184 0.079119 0.046329
0.368651 0.880725 0.065497 0.040902
0.372001 0.924713 0.080037 0.039860
0.588033 0.682138 0.089499 0.057283
0.254533 0.114236 0.069915 0.047045
0.932629 0.769482 0.077701 0.057308
0.925701 0.328598 0.075284 0.048926
0.816456 0.879930 0.075378 0.050901
0.468571 0.292456 0.080077 0.042867
0.471164 0.103771 0.093222 0.046465
0.819103 0.656077 0.076930 0.052872
0.479495 0.865692 0.073096 0.042141
0.162638 0.606252 0.094560 0.047260
0.583948 0.568286 0.082581 0.049965
0.369386 0.502936 0.075879 0.049611
0.474528 0.914588 0.071172 0.041243
0.470801 0.153041 0.072046 0.043535
0.823264 0.443667 0.085411 0.055968
0.476194 0.346193 0.087050 0.050468
0.931842 0.155894 0.099792 0.049992
0.584983 0.239992 0.084384 0.051031
0.821061 0.226819 0.072516 0.048766
0.931187 0.557170 0.092797 0.049394
0.369162 0.741242 0.065806 0.046460
0.162288 0.552790 0.074230 0.052917
0.926835 0.502553 0.073359 0.050792
0.271765 0.910417 0.070080 0.044712
0.069384 0.934173 0.072608 0.038414
0.705882 0.382645 0.086917 0.045464
0.707484 0.585135 0.083425 0.047611
0.367150 0.389691 0.067468 0.043998
0.064230 0.887614 0.067976 0.045579
0.164103 0.656077 0.079215 0.047453
0.584526 0.514587 0.081486 0.044907
0.482145 0.963164 0.076655 0.048889
0.471742 0.576731 0.065296 0.045144
0.257632 0.162100 0.080070 0.042285
0.817275 0.709918 0.089323 0.050723
0.467931 0.243416 0.069358 0.045084
0.268981 0.861770 0.082739 0.040779
0.934649 0.826094 0.079416 0.052003
0.822897 0.974891 0.071633 0.037010
0.931548 0.381776 0.081182 0.050151
0.472412 0.818209 0.088515 0.042514
0.700300 0.790361 0.074552 0.048774
0.816205 0.282552 0.068157 0.055802
0.363458 0.235214 0.074318 0.051333
0.164095 0.796312 0.069199 0.040545
0.162341 0.705997 0.074867 0.043675
0.706305 0.634570 0.088660 0.042807
0.364895 0.446579 0.076791 0.057500
0.703221 0.231202 0.080535 0.055994
0.158474 0.120504 0.068502 0.053699
0.931708 0.934867 0.093127 0.048288
0.708259 0.175911 0.078190 0.049442
0.260017 0.554429 0.084343 0.049494
0.930928 0.443232 0.080935 0.061120
0.937599 0.607561 0.086059 0.045649
0.816012 0.607730 0.073127 0.042119
0.580711 0.463101 0.083533 0.042724
0.157934 0.065278 0.074171 0.052500
0.261468 0.399352 0.084436 0.049782
0.707716 0.893634 0.080025 0.041387
0.584772 0.182172 0.092800 0.058240
0.818504 0.498052 0.081828 0.045782
0.266337 0.960206 0.077050 0.047944
0.584432 0.348402 0.063507 0.045861
0.363073 0.340610 0.069330 0.048925
0.706810 0.281162 0.087106 0.039878
0.156915 0.229584 0.086221 0.055620
0.058089 0.519768 0.071486 0.045925
0.818495 0.932876 0.071230 0.048622
0.163375 0.849626 0.087374 0.051186
0.585423 0.842109 0.079068 0.054924
0.479761 0.687390 0.081788 0.047548
0.581256 0.064458 0.073072 0.055031
0.052953 0.412868 0.084475 0.043710
0.372758 0.791531 0.084765 0.045270
0.359657 0.288007 0.078256 0.041629
0.702173 0.534164 0.084913 0.046917
0.931242 0.882102 0.072998 0.050403
0.585169 0.737288 0.073581 0.049464
0.817267 0.338584 0.067839 0.045687
0.472973 0.399808 0.087222 0.045708
0.931744 0.101131 0.065122 0.055672
0.702364 0.063190 0.081209 0.048836
0.162540 0.494477 0.085296 0.055533
0.050829 0.120701 0.069409 0.044399
0.819735 0.772830 0.065063 0.060781
0.263482 0.767932 0.059719 0.046389
0.265375 0.719621 0.070631 0.042638
0.061645 0.837418 0.068198 0.047028
0.374649 0.966906 0.060886 0.041331
0.267383 0.817421 0.062316 0.045065
0.930365 0.278016 0.064980 0.043393
0.467581 0.199163 0.068029 0.036160
0.266098 0.669695 0.066363 0.053264
0.164454 0.438934 0.074608 0.045594
0.587305 0.622629 0.062715 0.050581
0.261727 0.346048 0.068462 0.046563
0.362559 0.181701 0.066299 0.051185
0.580694 0.297419 0.075462 0.049748
0.257328 0.064083 0.069177 0.047000
0.373767 0.836982 0.063161 0.041090
0.163314 0.749828 0.067280 0.034805
0.581516 0.790397 0.074274 0.045711
0.366015 0.124805 0.081724 0.058127
0.258789 0.298689 0.072771 0.048176
0.056242 0.677535 0.064744 0.052298
0.160550 0.172822 0.058911 0.044059
0.584680 0.897956 0.068089 0.044857
0.821050 0.166431 0.075632 0.053816
0.159959 0.335213 0.065212 0.042238
0.153734 0.286149 0.069822 0.047215
0.468646 0.057344 0.070889 0.039404
0.049976 0.167727 0.063115 0.043200
0.703725 0.121643 0.071578 0.054689
0.818761 0.387686 0.060771 0.047651
0.589868 0.955988 0.097095 0.056478
0.472289 0.519960 0.061578 0.062031
0.816615 0.828041 0.067714 0.040598
0.050116 0.068691 0.060074 0.056893
0.704303 0.488355 0.074288 0.032470
0.065893 0.971256 0.061184 0.036732
0.163950 0.388582 0.063898 0.046827
0.057888 0.629345 0.068364 0.038086
0.056282 0.364907 0.082429 0.044884
0.262545 0.251710 0.058893 0.042959
0.369735 0.609334 0.059770 0.044838
0.363367 0.065420 0.063650 0.049282
0.057007 0.733234 0.060377 0.049688
0.163683 0.900145 0.070095 0.037923
0.930189 0.712929 0.065599 0.048248
0.710390 0.738248 0.075961 0.052742
0.709091 0.329940 0.079596 0.049878
0.369983 0.654161 0.068323 0.029515
0.825630 0.062148 0.076205 0.056433
0.263878 0.207117 0.066264 0.037140
0.268112 0.611597 0.062563 0.049904
0.934674 0.974834 0.073944 0.031923
0.264151 0.501690 0.077408 0.052927
0.934341 0.052671 0.085074 0.036576
0.707641 0.936045 0.080227 0.040003
0.045580 0.217327 0.079234 0.048510
0.054376 0.466296 0.061406 0.053258
0.052114 0.316336 0.060039 0.048489
0.931483 0.661123 0.064184 0.050872
0.367977 0.695604 0.057523 0.036776
0.712949 0.685831 0.084109 0.049445
0.263951 0.449918 0.070844 0.039385
0.578533 0.124991 0.088356 0.059623
0.058267 0.578626 0.062568 0.055574
0.051910 0.784003 0.067318 0.048628
0.478058 0.769800 0.076068 0.036182
0.166066 0.966448 0.093695 0.042322
0.929721 0.217058 0.071008 0.063803
0.472000 0.454976 0.062218 0.057325
0.052946 0.267082 0.054003 0.043193
0.703616 0.969243 0.086712 0.040480
0.819600 0.114455 0.052763 0.041784
0.476499 0.730570 0.080761 0.022552
