0.662630 0.770303 0.061592 0.029705
0.265976 0.392518 0.064917 0.035913
0.565354 0.522231 0.059373 0.030226
0.469304 0.651505 0.067526 0.038297
0.863846 0.295018 0.062615 0.038053
0.672873 0.390188 0.056058 0.042010
0.675674 0.321972 0.051470 0.033309
0.676190 0.140289 0.061571 0.035999
0.167703 0.301800 0.054605 0.032383
0.166149 0.484237 0.056078 0.039235
0.272395 0.324511 0.065633 0.031092
0.268332 0.558516 0.056416 0.028847
0.566659 0.558111 0.064128 0.031418
0.277008 0.248385 0.061004 0.033469
0.466168 0.611120 0.058727 0.026646
0.673336 0.460315 0.062095 0.026935
0.266475 0.593817 0.065195 0.028293
0.938856 0.732245 0.051615 0.032558
0.759638 0.643085 0.059103 0.030832
0.577498 0.334475 0.054566 0.031671
0.173545 0.230035 0.054589 0.031471
0.367658 0.525370 0.058090 0.036354
0.373193 0.422634 0.064548 0.030013
0.757570 0.602338 0.056632 0.033975
0.872112 0.254134 0.062002 0.032494
0.375314 0.205378 0.052006 0.030578
0.852855 0.722721 0.051748 0.033047
0.376974 0.240572 0.054439 0.030864
0.679261 0.216424 0.054625 0.036107
0.171406 0.265087 0.055810 0.030110
0.662448 0.665910 0.065086 0.035255
0.469757 0.352695 0.059737 0.031537
0.666777 0.566656 0.051667 0.033682
0.151560 0.740785 0.051920 0.035242
0.661482 0.836882 0.052437 0.030257
0.961301 0.202399 0.054774 0.031535
0.379411 0.135578 0.061326 0.031573
0.354676 0.798976 0.068336 0.027673
0.963476 0.236153 0.056224 0.026824
0.760311 0.716112 0.051599 0.036354
0.753291 0.858332 0.048699 0.034087
0.872343 0.177996 0.049915 0.032207
0.675008 0.257309 0.051753 0.034223
0.676969 0.179770 0.059516 0.029824
0.562990 0.740277 0.050910 0.031572
0.666348 0.533313 0.055931 0.024749
0.271528 0.286584 0.057485 0.033578
0.864004 0.334044 0.054240 0.033363
0.565903 0.668420 0.050442 0.036414
0.173401 0.126945 0.053334 0.033117
0.473510 0.484878 0.067693 0.026832
0.463106 0.752330 0.061243 0.038014
0.675562 0.352462 0.059288 0.026639
0.470300 0.552307 0.055487 0.029687
0.371238 0.387537 0.048236 0.031853
0.659891 0.904971 0.054091 0.031452
0.572309 0.395885 0.054398 0.024947
0.775246 0.138228 0.052188 0.034009
0.161812 0.593628 0.058459 0.031091
0.166234 0.526683 0.049318 0.030797
0.367017 0.635685 0.057127 0.031714
0.454616 0.824418 0.048001 0.036651
0.670114 0.496963 0.047764 0.035499
0.476468 0.258598 0.049233 0.030729
0.472233 0.446445 0.052031 0.041375
0.753687 0.788928 0.051279 0.030099
0.583809 0.101338 0.070238 0.033400
0.359692 0.764913 0.051273 0.030613
0.256382 0.710087 0.056844 0.026600
0.763411 0.677974 0.048960 0.032015
0.565870 0.457413 0.051422 0.025254
0.165421 0.412303 0.048532 0.031715
0.455227 0.887132 0.050854 0.027142
0.475966 0.293830 0.050339 0.030759
0.556668 0.803389 0.042148 0.030640
0.940201 0.771805 0.046130 0.036426
0.269217 0.488909 0.049459 0.028757
0.873716 0.109871 0.050750 0.032228
0.952455 0.527567 0.048869 0.035372
0.664458 0.627817 0.045519 0.030719
0.766981 0.484732 0.054619 0.027213
0.371451 0.457887 0.055955 0.028872
0.480034 0.158258 0.059596 0.026964
0.668083 0.702117 0.049381 0.031471
0.380061 0.171508 0.051056 0.032690
0.875873 0.144875 0.053559 0.026920
0.778937 0.177231 0.054431 0.030954
0.766752 0.523453 0.052489 0.040802
0.566058 0.628870 0.046462 0.036390
0.480775 0.193279 0.052700 0.032040
0.767100 0.564840 0.062494 0.028528
0.168619 0.199496 0.053108 0.024672
0.563240 0.594765 0.051656 0.027068
0.557734 0.839452 0.048318 0.026520
0.374544 0.300286 0.054140 0.028258
0.160688 0.666036 0.050713 0.036449
0.950847 0.602698 0.059114 0.031778
0.955947 0.452818 0.054342 0.037470
0.937649 0.809455 0.050362 0.027617
0.267406 0.526044 0.048929 0.032459
0.561127 0.703881 0.048921 0.029874
0.457963 0.789432 0.057942 0.026627
0.661777 0.736214 0.046050 0.029470
0.558292 0.773406 0.048959 0.024466
0.151955 0.809262 0.048682 0.035287
0.373959 0.332245 0.050014 0.024825
0.579643 0.171381 0.051783 0.032372
0.451815 0.858360 0.054648 0.022376
0.676517 0.287878 0.053876 0.026240
0.780693 0.214937 0.051353 0.032856
0.273057 0.358126 0.048351 0.026339
0.755801 0.823341 0.060927 0.027353
0.146236 0.891648 0.064742 0.032068
0.773445 0.412994 0.043847 0.031079
0.168583 0.373323 0.051080 0.035133
0.771189 0.449222 0.057579 0.029694
0.773012 0.373965 0.050857 0.032153
0.582069 0.137114 0.062284 0.027003
0.846109 0.759910 0.044683 0.033850
0.946317 0.640456 0.047894 0.035886
0.959242 0.413422 0.050491 0.039968
0.658721 0.871541 0.049067 0.029041
0.162519 0.445486 0.051811 0.026306
0.361373 0.731884 0.051557 0.025049
0.175423 0.165052 0.054790 0.035407
0.863881 0.403264 0.047014 0.037425
0.856141 0.649384 0.052274 0.037509
0.849606 0.798133 0.046565 0.034358
0.777043 0.252658 0.050560 0.035081
0.758508 0.753254 0.050036 0.026356
0.576720 0.205754 0.057664 0.027816
0.152269 0.851834 0.057036 0.038812
0.169436 0.336597 0.052079 0.026732
0.379375 0.097389 0.061650 0.035399
0.267503 0.455050 0.045321 0.026329
0.961116 0.340146 0.045433 0.031526
0.461553 0.717335 0.050439 0.027238
0.958587 0.300087 0.057767 0.033687
0.935017 0.879069 0.040430 0.031679
0.852526 0.687117 0.048366 0.028316
0.568684 0.487598 0.043939 0.028836
0.349750 0.829393 0.051476 0.025361
0.463813 0.583869 0.048279 0.022711
0.281558 0.185478 0.068121 0.028495
0.960231 0.265386 0.047882 0.023136
0.555177 0.909391 0.051993 0.026237
0.365637 0.700308 0.044514 0.030844
0.569434 0.425979 0.040678 0.027840
0.374709 0.358069 0.056900 0.021731
0.462802 0.684999 0.047757 0.025494
0.272678 0.214764 0.050499 0.025403
0.572817 0.366935 0.046728 0.024594
0.575442 0.236647 0.050330 0.031486
0.845615 0.835902 0.054430 0.025992
0.368580 0.600324 0.049018 0.028003
0.154941 0.706161 0.045778 0.029120
0.367559 0.564764 0.041988 0.033572
0.860138 0.510226 0.047689 0.033660
0.772298 0.290859 0.051184 0.037878
0.773980 0.331125 0.041396 0.034111
0.752637 0.893036 0.043152 0.025928
0.259062 0.626130 0.052719 0.026941
0.475573 0.223983 0.042168 0.028756
0.871641 0.217337 0.044062 0.034603
0.278164 0.126317 0.050023 0.037411
0.347108 0.859449 0.045713 0.025411
0.848834 0.867196 0.055441 0.030069
0.250572 0.815905 0.047201 0.031635
0.867192 0.366824 0.046042 0.027760
0.953738 0.491704 0.045337 0.027288
0.965928 0.140161 0.053445 0.028587
0.859519 0.469334 0.044378 0.036290
0.260633 0.677293 0.050298 0.025626
0.755511 0.920076 0.060013 0.026119
0.576185 0.297802 0.043140 0.028937
0.466756 0.518203 0.044619 0.032273
0.673215 0.428866 0.044178 0.027951
0.162696 0.559038 0.043810 0.022969
0.930231 0.912620 0.051337 0.032667
0.936313 0.843297 0.040304 0.031927
0.675668 0.101204 0.042088 0.033725
0.162428 0.629839 0.052550 0.032498
0.964852 0.171709 0.041783 0.023591
0.274184 0.158903 0.051555 0.024313
0.253702 0.743969 0.041522 0.031450
0.556756 0.874418 0.041181 0.030764
0.367523 0.491200 0.051421 0.022865
0.777667 0.101929 0.056533 0.025315
0.840422 0.900055 0.042632 0.033292
0.470426 0.323691 0.052993 0.019462
0.862861 0.437975 0.054726 0.022146
0.368863 0.270601 0.052457 0.026065
0.949310 0.565525 0.047103 0.027654
0.576924 0.267203 0.038855 0.024949
0.958869 0.375353 0.045397 0.031986
0.664075 0.597516 0.042723 0.019602
0.149712 0.777811 0.044427 0.022505
0.660802 0.803554 0.033205 0.024933
0.195892 0.745643 0.031885 0.025276
0.278113 0.090218 0.040608 0.028128
0.169993 0.093938 0.046404 0.031736
0.939654 0.688822 0.045793 0.047027
0.252237 0.782680 0.045396 0.032193
0.966781 0.108117 0.040580 0.022826
0.478463 0.124297 0.048718 0.033682
0.265294 0.426705 0.047070 0.018815
0.367012 0.667459 0.039873 0.025737
0.471465 0.387249 0.053190 0.030013
0.347332 0.898410 0.041632 0.033789
0.857769 0.584325 0.041656 0.020685
0.857641 0.552019 0.035909 0.033014
0.252095 0.856385 0.042549 0.040090
0.477186 0.094361 0.046387 0.023787
0.473254 0.408785 0.053550 0.020456
0.254571 0.895256 0.049482 0.019625
0.858250 0.611861 0.043215 0.029055
0.456567 0.912137 0.048212 0.018551
0.260625 0.649335 0.041884 0.019984
0.216248 0.367028 0.036778 0.033690
0.607061 0.424960 0.022310 0.015938
0.205736 0.643454 0.029431 0.027655
