0.483902 0.332843 0.063137 0.040287
0.603510 0.292080 0.058974 0.039406
0.600782 0.418399 0.066290 0.043269
0.162365 0.702458 0.068135 0.041660
0.707373 0.137812 0.058906 0.036767
0.822461 0.778391 0.064712 0.039011
0.605433 0.210899 0.058970 0.040375
0.489729 0.375143 0.058483 0.040613
0.377062 0.549000 0.062560 0.039193
0.927724 0.136056 0.073672 0.040822
0.377659 0.290643 0.054650 0.038482
0.598419 0.783687 0.063952 0.038429
0.703381 0.244741 0.067974 0.048293
0.271665 0.635250 0.059939 0.039851
0.931736 0.316305 0.062199 0.032612
0.818856 0.485780 0.057405 0.037619
0.712984 0.805268 0.059925 0.046278
0.499130 0.840382 0.067278 0.046983
0.159803 0.496328 0.062631 0.043031
0.601905 0.555784 0.057811 0.039214
0.602640 0.708161 0.059986 0.042710
0.062412 0.885140 0.064818 0.034987
0.152132 0.213220 0.061687 0.046110
0.062497 0.724380 0.056449 0.040069
0.384771 0.867542 0.054518 0.037010
0.271379 0.717386 0.066600 0.041052
0.168981 0.934114 0.071132 0.035484
0.156849 0.136905 0.068717 0.039708
0.936958 0.840028 0.057685 0.044242
0.823514 0.739259 0.060368 0.038063
0.607940 0.249791 0.057982 0.036724
0.381115 0.905816 0.052003 0.031894
0.813017 0.282153 0.053693 0.037574
0.153692 0.579413 0.054318 0.042558
0.377246 0.406356 0.061329 0.040925
0.494334 0.886236 0.064960 0.040956
0.936357 0.253359 0.049965 0.034962
0.164787 0.895847 0.055777 0.041575
0.380799 0.513761 0.057730 0.032381
0.056743 0.525947 0.067344 0.044240
0.488780 0.618375 0.081901 0.045384
0.160452 0.620889 0.053633 0.037440
0.264305 0.467148 0.072063 0.046197
0.277651 0.675045 0.053000 0.040139
0.272567 0.907826 0.056766 0.037824
0.494245 0.288224 0.051419 0.040929
0.605818 0.331677 0.060197 0.030276
0.938179 0.883686 0.058271 0.041792
0.058437 0.767746 0.078143 0.042583
0.384049 0.827431 0.053156 0.038244
0.713809 0.677298 0.055787 0.039732
0.937336 0.761769 0.053511 0.037726
0.713006 0.882622 0.059828 0.042165
0.167356 0.853931 0.053800 0.040273
0.595660 0.594598 0.066961 0.035028
0.928320 0.535897 0.051795 0.034749
0.062146 0.926994 0.069482 0.046196
0.062122 0.847968 0.057434 0.039010
0.601656 0.746813 0.052145 0.035541
0.172680 0.972369 0.061543 0.039076
0.714637 0.758359 0.053180 0.042133
0.484878 0.415100 0.053377 0.038419
0.939069 0.799583 0.055881 0.034768
0.827885 0.906864 0.052001 0.036506
0.387506 0.746937 0.061832 0.039345
0.483291 0.689528 0.077466 0.037962
0.932003 0.095819 0.068043 0.038421
0.062866 0.685763 0.055449 0.034661
0.929498 0.461533 0.049894 0.043314
0.713830 0.716826 0.051121 0.038096
0.710978 0.390335 0.046806 0.033798
0.601709 0.663962 0.062537 0.043600
0.811398 0.413178 0.074666 0.034769
0.601226 0.370582 0.052645 0.043936
0.934979 0.215587 0.054445 0.038777
0.818750 0.446906 0.058202 0.033075
0.273155 0.592069 0.056921 0.041415
0.704057 0.352695 0.053821 0.034642
0.710208 0.056858 0.059841 0.035814
0.161106 0.659164 0.051637 0.039997
0.711426 0.462360 0.050287 0.033548
0.933921 0.571363 0.057860 0.039269
0.380438 0.477966 0.051845 0.039316
0.486735 0.449839 0.057599 0.033925
0.811777 0.028162 0.060144 0.039296
0.833005 0.947158 0.051859 0.039191
0.825042 0.815531 0.055479 0.030385
0.710948 0.426580 0.053313 0.033633
0.591117 0.916770 0.061175 0.036038
0.825304 0.701459 0.060673 0.034228
0.265897 0.121457 0.083445 0.045120
0.384771 0.786555 0.054907 0.036492
0.934732 0.286260 0.052579 0.026964
0.595498 0.954701 0.054056 0.041068
0.933847 0.347775 0.061372 0.028424
0.378782 0.332463 0.049508 0.032171
0.059717 0.486927 0.063073 0.036189
0.268923 0.424936 0.066254 0.037404
0.376875 0.589227 0.057095 0.041178
0.385821 0.939163 0.048723 0.033769
0.930427 0.177288 0.060503 0.037903
0.260646 0.308278 0.066722 0.043382
0.495476 0.249374 0.055056 0.028232
0.272672 0.074047 0.073516 0.045815
0.061747 0.604624 0.052279 0.040447
0.153043 0.173494 0.055830 0.033314
0.385401 0.970912 0.056305 0.033138
0.269980 0.031729 0.054127 0.033863
0.708274 0.634390 0.055876 0.043961
0.939278 0.728196 0.054586 0.026374
0.813937 0.244546 0.073004 0.035580
0.278962 0.758859 0.051201 0.036673
0.055993 0.405078 0.055474 0.045139
0.597439 0.885219 0.056059 0.026631
0.714811 0.922669 0.049960 0.034514
0.067103 0.810062 0.052841 0.032833
0.163204 0.539262 0.063221 0.037148
0.937224 0.607128 0.059030 0.037120
0.713466 0.958874 0.062984 0.037381
0.831007 0.846838 0.057100 0.027761
0.823910 0.587448 0.062694 0.031919
0.056868 0.450311 0.058066 0.035460
0.494167 0.171263 0.057276 0.041774
0.594433 0.820135 0.050766 0.033977
0.061357 0.646876 0.048317 0.039403
0.056991 0.307344 0.050434 0.033823
0.163214 0.812797 0.054625 0.040130
0.932313 0.387546 0.058422 0.045837
0.604424 0.168341 0.052335 0.043370
0.155311 0.304624 0.063244 0.033452
0.812864 0.316594 0.050305 0.030481
0.380129 0.252667 0.056148 0.026122
0.379413 0.631628 0.055426 0.039156
0.154947 0.419168 0.072750 0.046446
0.049161 0.172731 0.063451 0.042793
0.054296 0.221692 0.052447 0.039039
0.602218 0.122664 0.072744 0.046196
0.810424 0.159915 0.059400 0.036471
0.503282 0.925458 0.064093 0.039823
0.270349 0.507544 0.061310 0.030019
0.380273 0.186864 0.062331 0.033490
0.708940 0.501786 0.060192 0.042495
0.495644 0.517463 0.058126 0.041336
0.271268 0.871853 0.049270 0.034372
0.055761 0.352336 0.056406 0.051719
0.269100 0.265488 0.046339 0.038741
0.938503 0.695168 0.047276 0.038830
0.711012 0.201246 0.054835 0.036859
0.941132 0.650856 0.054453 0.044467
0.813896 0.523133 0.053592 0.034838
0.595555 0.510994 0.056714 0.047600
0.820843 0.555231 0.051503 0.033064
0.497454 0.125377 0.071510 0.046597
0.275625 0.798343 0.048514 0.037550
0.380952 0.365629 0.047507 0.034774
0.496108 0.212110 0.047970 0.038173
0.812899 0.066354 0.056804 0.035003
0.607074 0.627703 0.065364 0.028288
0.707225 0.590896 0.057409 0.041929
0.933585 0.059623 0.065909 0.036747
0.715158 0.845374 0.048646 0.031406
0.159487 0.458604 0.057119 0.031579
0.593432 0.853384 0.049713 0.033422
0.596754 0.463490 0.065353 0.042428
0.270425 0.225116 0.057801 0.033227
0.375997 0.220704 0.047499 0.030705
0.384767 0.671405 0.049734 0.038447
0.055122 0.265176 0.047112 0.042596
0.813537 0.201388 0.073069 0.043817
0.930183 0.425622 0.051665 0.028291
0.382168 0.073408 0.067108 0.031071
0.505378 0.963084 0.066946 0.029151
0.265583 0.388113 0.051778 0.034891
0.275882 0.964792 0.061575 0.031621
0.932012 0.501063 0.055851 0.030546
0.494813 0.793939 0.055412 0.040184
0.704177 0.288616 0.046289 0.032299
0.814266 0.381414 0.050805 0.029058
0.061950 0.564349 0.057398 0.031984
0.273720 0.546273 0.049220 0.041808
0.485904 0.655999 0.054384 0.029555
0.380625 0.109646 0.065733 0.037114
0.938465 0.952789 0.044552 0.036524
0.157845 0.263874 0.052215 0.046656
0.706897 0.545863 0.053521 0.044470
0.809872 0.130050 0.061890 0.030353
0.164546 0.773841 0.045864 0.034298
0.377041 0.442977 0.048590 0.030600
0.927086 0.026714 0.062330 0.033442
0.712301 0.095433 0.045823 0.041875
0.382541 0.709059 0.049393 0.038139
0.812314 0.350115 0.053648 0.037010
0.271715 0.175663 0.061407 0.056918
0.937550 0.916820 0.052994 0.032575
0.602009 0.077079 0.061281 0.042544
0.162252 0.740019 0.051341 0.032432
0.061398 0.089944 0.078784 0.046795
0.061422 0.966662 0.056935 0.031037
0.379333 0.034501 0.049415 0.039150
0.831157 0.874016 0.048527 0.025533
0.600393 0.035133 0.050435 0.037558
0.495669 0.077743 0.052046 0.043812
0.702902 0.319296 0.047443 0.030588
0.495672 0.584061 0.052378 0.024326
0.161789 0.031972 0.050114 0.033637
0.271637 0.347276 0.048582 0.036496
0.712665 0.024764 0.059254 0.022303
0.375361 0.150013 0.051484 0.039005
0.157836 0.373452 0.043733 0.033711
0.271921 0.835746 0.043512 0.033015
0.490779 0.482687 0.052096 0.028077
0.157278 0.339563 0.046888 0.035117
0.053655 0.132653 0.048163 0.036075
0.492804 0.035471 0.054208 0.040635
0.051860 0.040944 0.056964 0.049571
0.812789 0.099874 0.049739 0.036246
0.825425 0.623475 0.054747 0.041532
0.494053 0.556332 0.060155 0.027499
0.825453 0.666170 0.044491 0.032979
0.491897 0.751650 0.049129 0.044198
0.709848 0.169134 0.043771 0.027001
0.274862 0.938882 0.045967 0.022584
0.160978 0.065264 0.068017 0.034865
0.488894 0.726112 0.052078 0.033953
0.161662 0.097335 0.061329 0.035184
