0.389030 0.203696 0.069024 0.046205
0.291347 0.368044 0.067075 0.044481
0.063163 0.160141 0.061235 0.039263
0.397608 0.744986 0.074428 0.042232
0.727576 0.332507 0.060235 0.040609
0.499095 0.209145 0.058897 0.040506
0.936120 0.771913 0.060338 0.039904
0.393195 0.345857 0.058477 0.036440
0.280369 0.735261 0.058681 0.044145
0.179436 0.165532 0.059358 0.044474
0.497097 0.139934 0.061387 0.035034
0.276996 0.120664 0.054532 0.039977
0.721824 0.110135 0.060530 0.039194
0.502886 0.481286 0.067056 0.044667
0.399829 0.636387 0.058360 0.042236
0.283231 0.160559 0.052048 0.040471
0.506018 0.612525 0.058144 0.045229
0.389117 0.156097 0.067273 0.046832
0.286691 0.531442 0.068869 0.038710
0.508036 0.524434 0.055447 0.040634
0.938371 0.627477 0.059161 0.041469
0.171927 0.857537 0.063490 0.043615
0.494271 0.101146 0.055718 0.040056
0.171622 0.122271 0.073480 0.035640
0.393362 0.252084 0.056355 0.048829
0.506966 0.877658 0.054666 0.041977
0.621035 0.700961 0.058040 0.035459
0.401803 0.832366 0.056084 0.036795
0.934397 0.079684 0.058631 0.039847
0.289397 0.200199 0.054504 0.037164
0.504805 0.330853 0.061800 0.030686
0.288297 0.568502 0.052793 0.037130
0.285636 0.292251 0.060055 0.040086
0.066021 0.336577 0.052010 0.037358
0.069360 0.860019 0.060466 0.032754
0.611500 0.226924 0.071538 0.037080
0.508990 0.566580 0.057987 0.041115
0.281206 0.081525 0.053373 0.038909
0.170014 0.964139 0.065701 0.042887
0.717097 0.070554 0.055097 0.037088
0.718262 0.148786 0.051974 0.034128
0.613769 0.185159 0.052660 0.038858
0.830196 0.080783 0.058690 0.041411
0.606989 0.383608 0.060587 0.045865
0.500817 0.292883 0.048258 0.037061
0.390845 0.382358 0.062187 0.038417
0.726927 0.218810 0.053825 0.036736
0.721303 0.882637 0.056042 0.040354
0.727101 0.840787 0.060048 0.040344
0.723131 0.619998 0.058570 0.041612
0.186128 0.745744 0.059832 0.029227
0.936799 0.120987 0.050006 0.037636
0.729080 0.416631 0.060582 0.038886
0.619141 0.738863 0.056141 0.034782
0.936923 0.486068 0.047754 0.038705
0.506902 0.437250 0.064883 0.039993
0.723332 0.257787 0.047074 0.037062
0.180220 0.458168 0.056873 0.039199
0.065144 0.237539 0.047786 0.037777
0.720943 0.182970 0.046130 0.030449
0.506400 0.364877 0.057035 0.031758
0.937310 0.858400 0.057125 0.045358
0.389493 0.105770 0.051590 0.047276
0.182171 0.259304 0.053437 0.045855
0.287985 0.689030 0.051964 0.043251
0.610312 0.148665 0.050205 0.036407
0.066044 0.791562 0.064068 0.031088
0.065158 0.570576 0.050606 0.043385
0.064499 0.613314 0.063118 0.041660
0.180097 0.663327 0.061337 0.038013
0.185181 0.706716 0.056586 0.045325
0.935366 0.737416 0.050007 0.031552
0.288735 0.609742 0.052461 0.042592
0.178579 0.578200 0.050082 0.041253
0.815111 0.633191 0.071423 0.043235
0.388905 0.301656 0.058152 0.042842
0.064723 0.199759 0.047136 0.035666
0.188683 0.781429 0.060947 0.033819
0.614676 0.466072 0.056657 0.044863
0.617191 0.960734 0.054062 0.039960
0.929506 0.446065 0.056883 0.038187
0.285053 0.824830 0.052755 0.036264
0.391436 0.506789 0.066282 0.043326
0.827617 0.786090 0.056164 0.038594
0.071932 0.894585 0.054705 0.031316
0.070649 0.075869 0.052625 0.039510
0.830658 0.747865 0.059335 0.031417
0.282793 0.784003 0.054753 0.042675
0.932409 0.155414 0.051400 0.029697
0.174468 0.923464 0.057393 0.034115
0.937083 0.702353 0.045608 0.035569
0.400586 0.942565 0.057684 0.032512
0.498885 0.060807 0.050179 0.035403
0.504975 0.783250 0.051442 0.042135
0.504249 0.830047 0.052416 0.050079
0.286981 0.909188 0.055663 0.042073
0.937765 0.814938 0.066998 0.039994
0.503120 0.916385 0.053374 0.034636
0.936040 0.185697 0.051471 0.032818
0.721580 0.755432 0.061754 0.038762
0.618417 0.299860 0.052039 0.041460
0.609946 0.841727 0.048731 0.036820
0.403626 0.791531 0.049647 0.044186
0.070352 0.711633 0.062667 0.039484
0.608447 0.807128 0.053685 0.034730
0.830351 0.828721 0.056215 0.044862
0.940090 0.581357 0.057120 0.041498
0.290186 0.410328 0.052583 0.036303
0.177736 0.350841 0.055840 0.036853
0.400599 0.871788 0.047529 0.034765
0.177900 0.308008 0.055412 0.043734
0.828340 0.153753 0.058634 0.041604
0.726290 0.460184 0.054747 0.041752
0.933974 0.222612 0.044226 0.037496
0.400029 0.673707 0.049159 0.029510
0.716324 0.921829 0.071436 0.034815
0.614315 0.516704 0.054822 0.046633
0.181939 0.538109 0.049621 0.034676
0.615248 0.260528 0.060195 0.034550
0.607248 0.879610 0.053520 0.038491
0.618124 0.032906 0.075013 0.039749
0.068763 0.119037 0.049066 0.037563
0.616880 0.773869 0.048771 0.031301
0.828694 0.310747 0.048068 0.037917
0.180194 0.817879 0.054509 0.031020
0.503393 0.686667 0.050687 0.041824
0.400452 0.705669 0.055654 0.033843
0.180842 0.621305 0.047942 0.044060
0.721302 0.536593 0.058997 0.045462
0.936530 0.666419 0.046003 0.034419
0.071694 0.754449 0.048760 0.041181
0.827239 0.713032 0.053689 0.033789
0.618156 0.662812 0.052834 0.041462
0.179391 0.499757 0.052942 0.038531
0.504323 0.734030 0.048057 0.046192
0.723654 0.718293 0.052960 0.032377
0.181651 0.212066 0.052007 0.044583
0.076059 0.931951 0.046991 0.039311
0.284218 0.041931 0.053800 0.039986
0.177296 0.419924 0.044645 0.031686
0.390289 0.423241 0.056688 0.043542
0.177501 0.388025 0.042773 0.033899
0.825916 0.676546 0.057297 0.039900
0.399659 0.590514 0.051063 0.043158
0.182414 0.892815 0.060196 0.025482
0.290110 0.863277 0.052602 0.042229
0.720396 0.685732 0.049176 0.031920
0.724493 0.293568 0.046867 0.034099
0.508741 0.398866 0.045999 0.036012
0.723693 0.578455 0.053454 0.039613
0.289053 0.496351 0.048642 0.032267
0.827661 0.269783 0.049364 0.040638
0.824379 0.553075 0.053373 0.034498
0.826303 0.918777 0.060618 0.038499
0.609600 0.073628 0.059308 0.041394
0.167137 0.034915 0.073508 0.038874
0.933725 0.303881 0.048156 0.040039
0.509595 0.949057 0.066761 0.032854
0.286204 0.454579 0.051777 0.048712
0.933083 0.904629 0.058547 0.046699
0.612836 0.341177 0.049110 0.036740
0.508390 0.978440 0.058478 0.028309
0.398096 0.548641 0.055075 0.038384
0.382974 0.035608 0.053867 0.035738
0.404398 0.974110 0.055086 0.032134
0.720876 0.498413 0.050937 0.028857
0.288797 0.329861 0.059887 0.025466
0.065135 0.825083 0.060621 0.034600
0.935280 0.341718 0.048857 0.031008
0.063277 0.462952 0.050837 0.041369
0.499750 0.172061 0.044798 0.029221
0.935648 0.545371 0.072646 0.027071
0.826778 0.466474 0.061560 0.047148
0.389898 0.464241 0.059275 0.042362
0.615530 0.921258 0.050233 0.038451
0.823979 0.589656 0.050115 0.039414
0.060805 0.421117 0.049474 0.038751
0.065999 0.303812 0.042132 0.026707
0.289467 0.243717 0.049873 0.045532
0.398183 0.909632 0.062965 0.034856
0.611501 0.113102 0.046475 0.035550
0.722068 0.655745 0.047910 0.030779
0.616078 0.562059 0.050520 0.043334
0.832649 0.877867 0.053812 0.046703
0.499279 0.251723 0.050209 0.042986
0.058428 0.377814 0.070557 0.041769
0.285059 0.966959 0.049894 0.039248
0.724600 0.374398 0.049891 0.041598
0.387215 0.068000 0.048543 0.028336
0.289426 0.649522 0.042829 0.033453
0.828015 0.958795 0.050341 0.038889
0.937163 0.517130 0.055583 0.025380
0.831365 0.351105 0.050637 0.040873
0.821864 0.040401 0.050748 0.035503
0.181530 0.080816 0.054568 0.046740
0.079485 0.967171 0.044760 0.028561
0.063795 0.531985 0.047270 0.032193
0.828764 0.235847 0.047810 0.031469
0.928832 0.042127 0.047441 0.033327
0.831045 0.117232 0.046027 0.026552
0.069230 0.031216 0.054463 0.049919
0.723856 0.799539 0.050648 0.043053
0.614513 0.605032 0.065716 0.039988
0.062948 0.499838 0.053639 0.029453
0.827937 0.200217 0.045876 0.040992
0.826635 0.514561 0.047398 0.041781
0.828589 0.387579 0.050674 0.036737
0.826056 0.424891 0.047734 0.036836
0.066177 0.274444 0.040790 0.034125
0.934864 0.261127 0.044015 0.035210
0.931051 0.949028 0.045636 0.044848
0.715435 0.030951 0.060469 0.036786
0.503319 0.026927 0.057138 0.031181
0.063040 0.650204 0.066852 0.031242
0.505063 0.650500 0.047039 0.023860
0.611576 0.424191 0.059662 0.033322
0.933501 0.373648 0.058570 0.037336
0.934917 0.409410 0.041398 0.031653
0.057487 0.675486 0.080804 0.027453
0.175188 0.008356 0.050513 0.013934
0.282690 0.013395 0.039351 0.016004
