0.721244 0.284768 0.059778 0.027459
0.521298 0.372026 0.060227 0.035222
0.141711 0.334323 0.057778 0.037073
0.819139 0.391270 0.055333 0.031105
0.427643 0.840656 0.056470 0.036495
0.817943 0.358586 0.062550 0.029166
0.818470 0.292872 0.051304 0.037875
0.717618 0.812044 0.060685 0.031240
0.324175 0.243330 0.051064 0.034245
0.627664 0.858697 0.054561 0.030146
0.917854 0.263962 0.059591 0.028913
0.818377 0.200319 0.060127 0.029233
0.138525 0.296815 0.056341 0.032215
0.524243 0.836406 0.058732 0.027339
0.623130 0.754116 0.059970 0.037097
0.428078 0.647496 0.052409 0.032252
0.236829 0.394292 0.055046 0.035918
0.423449 0.194911 0.061313 0.030489
0.140186 0.604478 0.054205 0.038978
0.722688 0.315699 0.050243 0.030495
0.621100 0.651435 0.062385 0.035673
0.234417 0.668669 0.057876 0.037294
0.721981 0.351874 0.054632 0.030480
0.922082 0.365433 0.057867 0.031247
0.623292 0.294992 0.050925 0.030193
0.327042 0.721190 0.053842 0.032707
0.820917 0.774925 0.060407 0.036096
0.819943 0.424452 0.055343 0.028766
0.138645 0.226994 0.052915 0.035434
0.622872 0.789848 0.055059 0.033955
0.520965 0.195068 0.058237 0.026000
0.820303 0.811283 0.054745 0.032046
0.821815 0.461420 0.049648 0.037168
0.624233 0.424833 0.051507 0.035880
0.621529 0.263285 0.058046 0.031497
0.526707 0.873217 0.055429 0.035072
0.524708 0.645519 0.051900 0.032341
0.517076 0.534947 0.061789 0.033682
0.332474 0.282088 0.054552 0.040781
0.328920 0.209782 0.049773 0.030701
0.917150 0.498324 0.049998 0.029253
0.331750 0.320877 0.055987 0.034340
0.140778 0.421975 0.055329 0.042030
0.428045 0.874626 0.058258 0.029399
0.521057 0.607486 0.054299 0.035123
0.623766 0.326674 0.056292 0.029485
0.234668 0.881080 0.063092 0.034212
0.819148 0.847405 0.052301 0.030183
0.913606 0.874928 0.055565 0.029294
0.523089 0.765679 0.054321 0.040568
0.329960 0.621257 0.052107 0.030666
0.719406 0.880080 0.058127 0.037107
0.916539 0.433358 0.046608 0.033295
0.421002 0.398178 0.057630 0.036973
0.140475 0.909775 0.050152 0.026583
0.422681 0.162426 0.061892 0.029210
0.916735 0.629731 0.049531 0.030755
0.334136 0.400113 0.053525 0.033396
0.723005 0.681540 0.061851 0.033755
0.328404 0.359650 0.051691 0.039496
0.723006 0.444569 0.057516 0.028978
0.920747 0.297898 0.050079 0.032335
0.821468 0.535249 0.060359 0.035889
0.718270 0.538666 0.057516 0.030987
0.723593 0.610530 0.056743 0.032736
0.520915 0.570522 0.054343 0.027950
0.723509 0.645272 0.048737 0.032438
0.622103 0.359657 0.047347 0.028887
0.140664 0.531221 0.063613 0.029978
0.822605 0.578446 0.057563 0.042181
0.522683 0.257798 0.046785 0.024977
0.622147 0.520302 0.050310 0.034865
0.621507 0.390025 0.057223 0.025540
0.140414 0.262708 0.051506 0.033604
0.914997 0.801902 0.060684 0.032215
0.141058 0.375091 0.045661 0.038245
0.822261 0.498163 0.048128 0.031158
0.619402 0.190992 0.046279 0.030349
0.432641 0.711465 0.056251 0.029916
0.916261 0.767429 0.048496 0.032799
0.913942 0.732023 0.061487 0.031679
0.137535 0.152630 0.060301 0.035903
0.821348 0.673085 0.059350 0.029739
0.141236 0.567362 0.052162 0.032970
0.920376 0.195946 0.049489 0.036991
0.821656 0.328240 0.047726 0.024494
0.233024 0.590478 0.050322 0.032101
0.721628 0.413281 0.049423 0.031165
0.918115 0.230208 0.045472 0.029195
0.721630 0.382962 0.052261 0.024987
0.425124 0.430266 0.062375 0.027790
0.232770 0.318599 0.058227 0.034949
0.424589 0.907562 0.056872 0.030442
0.235551 0.813984 0.055541 0.034780
0.717841 0.193381 0.044790 0.029217
0.236166 0.355508 0.050992 0.030062
0.230825 0.708624 0.047299 0.037466
0.912583 0.840162 0.051919 0.032248
0.332104 0.788692 0.051646 0.030119
0.435515 0.769712 0.059267 0.027461
0.915725 0.465967 0.046584 0.027912
0.915519 0.400120 0.042778 0.031564
0.719195 0.136401 0.060261 0.025006
0.915181 0.907379 0.061994 0.028279
0.515619 0.132695 0.051312 0.024129
0.422133 0.464169 0.058739 0.032759
0.522570 0.680770 0.048839 0.029317
0.421829 0.227590 0.054747 0.033605
0.916745 0.699935 0.045666 0.032039
0.527815 0.720327 0.055969 0.039239
0.233109 0.779220 0.044395 0.027408
0.521739 0.162249 0.053561 0.029718
0.233596 0.165434 0.042783 0.030174
0.817419 0.230396 0.049283 0.027873
0.328456 0.136022 0.060117 0.030367
0.331452 0.655049 0.047546 0.028541
0.337695 0.826567 0.050707 0.036065
0.716822 0.252423 0.042541 0.027605
0.139244 0.190837 0.050004 0.033977
0.327911 0.172877 0.047970 0.036082
0.231830 0.627185 0.052497 0.035061
0.232970 0.556588 0.051293 0.031375
0.627115 0.889334 0.055931 0.028205
0.331187 0.755927 0.042288 0.030320
0.421298 0.360736 0.047321 0.032032
0.919690 0.331040 0.041333 0.027174
0.138174 0.497297 0.047701 0.031937
0.623319 0.715604 0.044156 0.032966
0.614246 0.158834 0.046298 0.029508
0.422107 0.134565 0.055275 0.024894
0.423344 0.263041 0.051306 0.030761
0.427110 0.544124 0.049070 0.034079
0.234198 0.102798 0.052898 0.031564
0.619914 0.684888 0.053747 0.025088
0.237233 0.134139 0.049425 0.031923
0.918812 0.161576 0.048049 0.027700
0.424605 0.105591 0.061694 0.031206
0.719728 0.571782 0.049919 0.031492
0.818846 0.168989 0.060722 0.023156
0.723561 0.843818 0.063703 0.025676
0.137321 0.776805 0.055844 0.037174
0.136620 0.816711 0.044804 0.035424
0.718389 0.107461 0.057607 0.030790
0.823697 0.736714 0.063666 0.032604
0.720737 0.777831 0.047044 0.024782
0.138778 0.461802 0.049599 0.033073
0.428173 0.678751 0.059347 0.024899
0.324227 0.531766 0.051838 0.026156
0.328974 0.104380 0.059506 0.027354
0.336461 0.861177 0.048622 0.028359
0.722020 0.477001 0.049932 0.028350
0.136987 0.645781 0.044868 0.035284
0.817914 0.257832 0.048406 0.024081
0.718595 0.717083 0.044715 0.027565
0.917379 0.531131 0.059267 0.027309
0.230323 0.430147 0.044416 0.034548
0.624904 0.460660 0.042456 0.034915
0.522082 0.439278 0.040548 0.034852
0.521908 0.286544 0.053156 0.023317
0.523204 0.804511 0.040586 0.031847
0.326449 0.497900 0.052389 0.038166
0.230478 0.746828 0.042785 0.032571
0.234098 0.252220 0.043297 0.028061
0.233779 0.284609 0.043208 0.031986
0.332587 0.686764 0.046915 0.025737
0.623387 0.490777 0.046240 0.022736
0.617900 0.823962 0.045361 0.030129
0.334790 0.924464 0.047016 0.036661
0.424990 0.611080 0.045997 0.033928
0.721265 0.748806 0.041380 0.031495
0.427443 0.505276 0.054097 0.037841
0.621071 0.556523 0.043525 0.029901
0.234044 0.193720 0.045867 0.023810
0.522701 0.500668 0.046593 0.023642
0.817001 0.881536 0.041181 0.031659
0.522741 0.406227 0.048329 0.027461
0.716918 0.222947 0.039732 0.025991
0.916996 0.565007 0.048236 0.028680
0.819482 0.110519 0.049600 0.032109
0.233369 0.847495 0.055387 0.026053
0.818792 0.640400 0.061240 0.024899
0.520281 0.102631 0.042776 0.029218
0.523059 0.226452 0.043190 0.027077
0.614150 0.104999 0.046853 0.033275
0.917076 0.597447 0.040157 0.030086
0.623064 0.588835 0.039303 0.030544
0.324171 0.562815 0.048203 0.030085
0.821029 0.915619 0.050203 0.027456
0.916608 0.663491 0.039512 0.033659
0.139121 0.706230 0.039070 0.033082
0.428808 0.802475 0.047250 0.026965
0.818491 0.142211 0.047865 0.023027
0.139834 0.111961 0.054946 0.040537
0.622934 0.619352 0.041574 0.027980
0.139660 0.738741 0.041198 0.032050
0.817347 0.703378 0.059456 0.024174
0.430729 0.937834 0.053726 0.030068
0.237844 0.222140 0.048845 0.033327
0.531295 0.909369 0.045060 0.025240
0.715562 0.163208 0.058640 0.025184
0.331701 0.432424 0.049629 0.024809
0.520653 0.470899 0.041160 0.029585
0.618309 0.226106 0.048949 0.032577
0.721552 0.504787 0.044674 0.027257
0.235682 0.911289 0.059557 0.023824
0.235957 0.936367 0.054770 0.026691
0.334757 0.889832 0.044666 0.024016
0.422032 0.290914 0.045971 0.022919
0.137813 0.878717 0.034859 0.026378
0.327190 0.462575 0.044044 0.033544
0.425086 0.576184 0.040597 0.027919
0.627724 0.929405 0.054864 0.028932
0.432542 0.738624 0.041148 0.025774
0.328889 0.590221 0.036162 0.025348
0.823264 0.613974 0.047177 0.023186
0.618983 0.132840 0.051654 0.019882
0.227406 0.519233 0.037913 0.032797
0.144122 0.677017 0.048710 0.021078
0.724360 0.925587 0.050153 0.035950
0.236355 0.461183 0.047183 0.021152
0.232368 0.487936 0.040053 0.031995
0.534366 0.934453 0.048926 0.019729
0.135089 0.937298 0.047856 0.026488
0.913248 0.935622 0.041773 0.022028
0.917297 0.111630 0.046046 0.033675
0.822230 0.940001 0.059665 0.018642
0.918906 0.134814 0.046049 0.019846
0.423572 0.324469 0.046387 0.035450
0.136109 0.849755 0.044073 0.026423
0.518957 0.313825 0.045162 0.026272
0.518632 0.336450 0.045505 0.025286
