0.719620 0.415987 0.066098 0.045937
0.923409 0.846966 0.078729 0.044456
0.286803 0.245154 0.070770 0.042688
0.506478 0.297078 0.060491 0.034113
0.175451 0.891844 0.069002 0.036970
0.716683 0.696014 0.073261 0.038217
0.505356 0.449472 0.059100 0.035073
0.612245 0.481266 0.074711 0.042366
0.181463 0.775609 0.079010 0.043132
0.495025 0.785248 0.062337 0.041409
0.819015 0.573101 0.056216 0.040738
0.624283 0.140118 0.070387 0.043055
0.183894 0.228068 0.074543 0.043456
0.928189 0.121738 0.063743 0.044039
0.505704 0.338973 0.057055 0.042380
0.507002 0.173942 0.069330 0.035854
0.408605 0.340307 0.067728 0.036510
0.824725 0.319746 0.067902 0.043768
0.927075 0.281168 0.063677 0.040377
0.721853 0.213248 0.082646 0.038274
0.394391 0.724868 0.057881 0.038393
0.923877 0.758453 0.069726 0.046344
0.820598 0.526860 0.056526 0.044884
0.614977 0.305687 0.074460 0.048935
0.064725 0.530225 0.068826 0.034030
0.503055 0.486869 0.066255 0.036896
0.179654 0.179853 0.072695 0.045263
0.399586 0.409511 0.058810 0.035315
0.068869 0.064828 0.068892 0.037611
0.725931 0.170774 0.068061 0.039300
0.928357 0.360993 0.057151 0.035639
0.067031 0.184045 0.062822 0.035573
0.388930 0.833512 0.061793 0.034191
0.177626 0.486888 0.075338 0.039716
0.284168 0.605876 0.069182 0.040217
0.718152 0.300730 0.066947 0.033456
0.067541 0.382522 0.077464 0.040171
0.930418 0.714815 0.077490 0.039992
0.180067 0.573514 0.066211 0.042333
0.930415 0.163853 0.074246 0.039117
0.392044 0.794539 0.066658 0.039099
0.395223 0.915749 0.066139 0.037786
0.399789 0.650265 0.060395 0.037338
0.391439 0.874525 0.061607 0.043868
0.500936 0.413466 0.066196 0.033752
0.927082 0.078596 0.073706 0.038074
0.071167 0.146585 0.061431 0.032394
0.505281 0.215276 0.069247 0.044673
0.723509 0.338249 0.070927 0.041067
0.177843 0.394595 0.066543 0.054752
0.811554 0.776894 0.065207 0.039947
0.924081 0.802653 0.067800 0.038241
0.619087 0.527238 0.067715 0.047275
0.071446 0.224361 0.059824 0.044304
0.057732 0.456505 0.062685 0.039763
0.291768 0.452896 0.058642 0.039640
0.725848 0.257340 0.073238 0.048728
0.721094 0.085691 0.062583 0.044768
0.812241 0.740035 0.077669 0.033318
0.505951 0.377780 0.062454 0.033064
0.812437 0.700660 0.074644 0.042846
0.179429 0.653403 0.056667 0.038479
0.281952 0.649390 0.057708 0.041505
0.926747 0.405154 0.082403 0.045101
0.285643 0.203273 0.063086 0.036464
0.819266 0.615071 0.064622 0.037454
0.172847 0.442644 0.070043 0.039789
0.284036 0.522164 0.061457 0.033732
0.291906 0.374632 0.062580 0.042528
0.405255 0.300720 0.067526 0.038820
0.720223 0.504383 0.071712 0.038337
0.397172 0.607931 0.061852 0.043132
0.822039 0.123861 0.059489 0.034222
0.281883 0.078921 0.063736 0.042300
0.928279 0.321824 0.053496 0.038354
0.169563 0.932893 0.055882 0.041128
0.180845 0.132697 0.067788 0.043148
0.814797 0.656587 0.054906 0.042067
0.822792 0.479462 0.058789 0.045223
0.928805 0.893061 0.079088 0.045825
0.505332 0.613040 0.055153 0.041615
0.923105 0.444583 0.079510 0.031740
0.183242 0.087394 0.070775 0.034807
0.714135 0.742574 0.083813 0.047573
0.926150 0.481657 0.082621 0.036926
0.073360 0.838776 0.074489 0.038870
0.826412 0.206700 0.064671 0.049124
0.178899 0.309401 0.079941 0.044027
0.719391 0.787781 0.063400 0.037786
0.502607 0.695820 0.056141 0.046725
0.827394 0.161921 0.071765 0.035486
0.062727 0.495922 0.058208 0.033904
0.398475 0.489104 0.063760 0.036765
0.405009 0.260451 0.057226 0.037597
0.823590 0.437321 0.065664 0.034478
0.925826 0.236944 0.070705 0.045795
0.182950 0.269590 0.072734 0.036276
0.730842 0.128268 0.066464 0.036852
0.069672 0.878281 0.058095 0.034414
0.392179 0.962643 0.069250 0.050085
0.075756 0.107383 0.065312 0.041572
0.497667 0.742782 0.055010 0.040326
0.930576 0.637259 0.086817 0.030801
0.293667 0.415178 0.059762 0.035994
0.505289 0.651778 0.051767 0.033438
0.060255 0.568260 0.059008 0.032770
0.176037 0.693501 0.066003 0.033933
0.277288 0.888587 0.055247 0.036755
0.821754 0.874304 0.061899 0.044061
0.395244 0.526570 0.067625 0.028806
0.929428 0.199268 0.067617 0.028558
0.067983 0.693777 0.074337 0.042978
0.719782 0.546878 0.064114 0.040186
0.070541 0.269743 0.052733 0.037071
0.062088 0.792234 0.061889 0.043931
0.820466 0.398339 0.058553 0.038892
0.921752 0.602047 0.078228 0.033560
0.825489 0.084407 0.061017 0.044922
0.404598 0.064596 0.059126 0.037863
0.921978 0.564040 0.085472 0.041421
0.933058 0.672314 0.086559 0.039707
0.496336 0.827346 0.048865 0.037547
0.608572 0.395658 0.073519 0.037402
0.287936 0.121418 0.058081 0.037671
0.821687 0.360688 0.055097 0.036864
0.290229 0.163250 0.061445 0.038182
0.175983 0.613616 0.060235 0.033763
0.177563 0.855697 0.070656 0.034026
0.925752 0.521620 0.052921 0.040723
0.396651 0.563495 0.052483 0.039487
0.291200 0.330957 0.052904 0.034806
0.284925 0.290225 0.057576 0.038667
0.406152 0.107265 0.056138 0.044269
0.502551 0.133537 0.062959 0.041021
0.290806 0.699578 0.071291 0.050889
0.060185 0.605504 0.063201 0.034917
0.184487 0.042556 0.074242 0.051153
0.923800 0.035264 0.085505 0.044384
0.723297 0.462340 0.052888 0.040804
0.180787 0.818433 0.054799 0.037667
0.610593 0.437044 0.053549 0.044278
0.069106 0.308521 0.049432 0.036035
0.286132 0.782997 0.057893 0.038960
0.617588 0.179901 0.058273 0.032474
0.505946 0.083026 0.073829 0.052539
0.283429 0.744251 0.064257 0.034258
0.496948 0.866766 0.058671 0.037084
0.177634 0.349765 0.073705 0.031247
0.173514 0.529611 0.058778 0.040324
0.510568 0.259802 0.047613 0.032166
0.613818 0.221660 0.088061 0.045388
0.403094 0.187056 0.050304 0.033420
0.067736 0.419259 0.072927 0.033046
0.617779 0.353606 0.047940 0.040147
0.501228 0.032869 0.070262 0.045073
0.287690 0.820518 0.057258 0.031091
0.172628 0.970120 0.064527 0.033754
0.826015 0.249862 0.055867 0.036301
0.396505 0.448634 0.041585 0.037989
0.830187 0.035828 0.064278 0.049274
0.401277 0.374921 0.064752 0.029519
0.182688 0.730462 0.051445 0.036720
0.072008 0.027710 0.070560 0.029301
0.499503 0.905179 0.053295 0.037564
0.397179 0.688397 0.045389 0.027504
0.277899 0.036220 0.058839 0.040527
0.395443 0.759941 0.045961 0.026140
0.503460 0.569058 0.049368 0.045488
0.616021 0.262220 0.065906 0.032927
0.920498 0.936755 0.080769 0.038428
0.073846 0.344045 0.056919 0.032674
0.719869 0.833832 0.053785 0.047661
0.722719 0.374976 0.063910 0.026096
0.832414 0.284427 0.078653 0.026148
0.502508 0.526120 0.053062 0.040199
0.288481 0.488323 0.052629 0.027404
0.287823 0.561655 0.052471 0.038594
0.404196 0.150884 0.049114 0.038214
0.720305 0.595149 0.060410 0.053906
0.920282 0.972433 0.077966 0.037889
0.716411 0.653376 0.067319 0.044428
0.820696 0.826637 0.059160 0.047196
0.405621 0.223993 0.057413 0.035629
0.721825 0.036639 0.051148 0.043440
0.064800 0.745408 0.060595 0.045422
0.402870 0.027849 0.051236 0.029995
0.288676 0.854325 0.061974 0.025423
0.276714 0.933269 0.064937 0.046380
0.076847 0.913770 0.072542 0.030183
0.502835 0.955464 0.067881 0.058377
0.073555 0.949652 0.066504 0.036891
0.281198 0.969551 0.088655 0.027767
0.063431 0.658428 0.046518 0.019884
0.061592 0.636030 0.050411 0.027278
