0.606969 0.177895 0.073241 0.046642
0.714437 0.921546 0.077870 0.051532
0.394040 0.326986 0.074228 0.043144
0.603450 0.089251 0.072552 0.049568
0.504928 0.344973 0.061759 0.038684
0.167340 0.173176 0.079267 0.042018
0.507252 0.424581 0.062965 0.036480
0.938852 0.137004 0.067149 0.048520
0.829737 0.489513 0.074941 0.040304
0.170730 0.343622 0.070759 0.043485
0.939980 0.607089 0.081779 0.045495
0.941644 0.840593 0.076126 0.050203
0.947107 0.374994 0.078253 0.047683
0.174028 0.537035 0.074118 0.042836
0.176467 0.460125 0.064495 0.036308
0.394257 0.451509 0.069369 0.040862
0.724076 0.223353 0.080123 0.045052
0.174454 0.420265 0.071628 0.041818
0.503626 0.387072 0.067121 0.035680
0.827694 0.394981 0.074354 0.041278
0.054878 0.323975 0.066560 0.043103
0.616929 0.506554 0.081639 0.044344
0.506832 0.175476 0.078373 0.042455
0.168587 0.304394 0.077348 0.032047
0.504969 0.303969 0.061076 0.038076
0.505075 0.468047 0.069194 0.045076
0.156924 0.089418 0.068095 0.044524
0.177681 0.577422 0.074990 0.039632
0.605827 0.745061 0.069316 0.044374
0.720595 0.268533 0.089851 0.044919
0.503164 0.260391 0.066517 0.049213
0.607260 0.267693 0.071261 0.039961
0.723670 0.454617 0.066150 0.048514
0.610135 0.223561 0.073127 0.039587
0.720156 0.407134 0.064770 0.039509
0.829992 0.443160 0.065328 0.049644
0.511874 0.800481 0.067339 0.047196
0.168031 0.622724 0.077292 0.044711
0.401812 0.283546 0.067454 0.036577
0.944375 0.422560 0.070032 0.041061
0.721416 0.359607 0.083566 0.048225
0.494844 0.084213 0.074705 0.034059
0.163233 0.216952 0.080430 0.040057
0.401213 0.903838 0.075644 0.045012
0.058042 0.584063 0.077473 0.044522
0.831589 0.277114 0.071020 0.044056
0.603880 0.865400 0.075206 0.038029
0.273491 0.097503 0.078280 0.040646
0.829281 0.615775 0.060986 0.035262
0.053600 0.368787 0.065721 0.037477
0.710638 0.151397 0.076719 0.033277
0.389630 0.196814 0.062130 0.041793
0.818620 0.093760 0.068153 0.049164
0.271421 0.136795 0.076680 0.039475
0.829564 0.776477 0.082631 0.044561
0.397599 0.539286 0.072832 0.046709
0.940962 0.745265 0.074261 0.051047
0.825189 0.233131 0.055167 0.040098
0.508205 0.893664 0.065904 0.043196
0.497302 0.127788 0.059274 0.048499
0.945422 0.326675 0.071293 0.039858
0.719932 0.314095 0.078558 0.041834
0.940313 0.507542 0.072511 0.044084
0.836082 0.917510 0.074283 0.039547
0.055834 0.231261 0.064485 0.047106
0.395152 0.857622 0.072554 0.044959
0.381951 0.122549 0.061966 0.041465
0.939445 0.652731 0.081682 0.038027
0.505880 0.697446 0.064288 0.045771
0.724938 0.691442 0.078185 0.036151
0.842111 0.871036 0.073464 0.047916
0.722215 0.786369 0.064390 0.049770
0.170597 0.131762 0.065326 0.033441
0.398673 0.493370 0.061053 0.039147
0.058601 0.276843 0.067468 0.040156
0.499037 0.215816 0.063048 0.036323
0.925592 0.089911 0.067680 0.039994
0.727082 0.508432 0.085818 0.055031
0.379602 0.080434 0.063649 0.038505
0.393320 0.405333 0.057525 0.044663
0.401500 0.673354 0.076582 0.048006
0.167595 0.263784 0.072829 0.044359
0.613471 0.604323 0.065541 0.045066
0.942169 0.555266 0.061123 0.048957
0.722614 0.966675 0.077701 0.038662
0.835823 0.697159 0.057761 0.039057
0.493698 0.042664 0.078951 0.048624
0.826348 0.318324 0.087150 0.035109
0.608922 0.132220 0.062973 0.035059
0.507715 0.507928 0.066996 0.031393
0.612182 0.655204 0.061027 0.045961
0.611880 0.458615 0.069889 0.048159
0.837051 0.733926 0.078018 0.034521
0.724259 0.733602 0.068170 0.048299
0.399323 0.628587 0.068000 0.040864
0.935453 0.695727 0.084199 0.045031
0.608076 0.315704 0.060579 0.051933
0.511646 0.847475 0.062566 0.043441
0.059487 0.458866 0.087420 0.045767
0.711371 0.117088 0.059381 0.030099
0.397560 0.241233 0.068162 0.046394
0.831187 0.354697 0.068599 0.035324
0.936250 0.235012 0.065744 0.049982
0.935234 0.793773 0.068939 0.036179
0.616676 0.554157 0.060186 0.049546
0.508270 0.649723 0.054856 0.043713
0.722413 0.647834 0.064060 0.048246
0.610801 0.408966 0.069717 0.045063
0.841930 0.962246 0.078687 0.047496
0.937922 0.282699 0.052595 0.039957
0.708356 0.043185 0.064873 0.045279
0.401791 0.952606 0.073118 0.053248
0.934317 0.889491 0.064381 0.040813
0.507863 0.552968 0.059295 0.052180
0.816927 0.150468 0.079358 0.054510
0.170401 0.496127 0.063835 0.034710
0.053183 0.413479 0.077067 0.045814
0.717489 0.183524 0.059696 0.027546
0.831515 0.822706 0.063841 0.043686
0.505447 0.602701 0.053204 0.045306
0.830818 0.656577 0.055300 0.040540
0.609772 0.904759 0.063698 0.039039
0.944202 0.464365 0.060499 0.038843
0.938308 0.185094 0.053324 0.041667
0.716358 0.875710 0.067590 0.035478
0.061294 0.503565 0.057541 0.044150
0.391648 0.718255 0.068597 0.039656
0.822288 0.193125 0.075555 0.033099
0.395119 0.365133 0.061876 0.027611
0.263806 0.180956 0.074163 0.043562
0.709319 0.082816 0.049275 0.030717
0.941852 0.929504 0.075713 0.038202
0.612442 0.363385 0.059466 0.045682
0.175860 0.703578 0.073081 0.045649
0.387576 0.159985 0.069352 0.028220
0.926042 0.042964 0.069490 0.046239
0.378984 0.039149 0.074196 0.038613
0.615583 0.954312 0.069687 0.055456
0.057910 0.136017 0.069293 0.050006
0.506501 0.967008 0.083602 0.039069
0.176356 0.381490 0.074680 0.030399
0.814701 0.042262 0.063149 0.046727
0.055070 0.187514 0.063989 0.032543
0.397000 0.585955 0.070438 0.042285
0.507291 0.932272 0.065856 0.036405
0.829346 0.529185 0.052978 0.033562
0.721613 0.832840 0.058711 0.043195
0.613563 0.824668 0.064405 0.039690
0.048175 0.632424 0.069951 0.043864
0.608523 0.785363 0.055104 0.032279
0.393718 0.770805 0.059477 0.055492
0.269544 0.045960 0.062720 0.054810
0.160998 0.042287 0.058373 0.042281
0.617031 0.701287 0.075063 0.045737
0.054874 0.543589 0.056667 0.026981
0.829314 0.572216 0.058822 0.046624
0.180452 0.661730 0.079312 0.027122
0.506345 0.749591 0.055786 0.050694
0.726113 0.561641 0.060002 0.052842
0.393689 0.815227 0.049448 0.033546
0.940196 0.963088 0.069247 0.038875
0.599839 0.039227 0.053888 0.040399
0.722955 0.606515 0.053375 0.030309
0.342673 0.514748 0.035064 0.016036
