0.831019 0.698661 0.065681 0.035292
0.940826 0.743821 0.058982 0.034401
0.504181 0.881404 0.065998 0.039784
0.616613 0.442995 0.064096 0.035984
0.603963 0.639586 0.065462 0.044262
0.392643 0.751140 0.062522 0.040057
0.391162 0.792253 0.057692 0.039254
0.828710 0.857399 0.065229 0.040833
0.606224 0.724996 0.068186 0.038470
0.607760 0.844857 0.059272 0.038048
0.716076 0.602067 0.069043 0.045251
0.721543 0.758847 0.067770 0.041794
0.612218 0.806640 0.070708 0.036769
0.282743 0.419984 0.062569 0.040034
0.175805 0.366262 0.063323 0.042737
0.721042 0.482880 0.053524 0.037619
0.068187 0.507942 0.055730 0.040229
0.615243 0.406617 0.061191 0.034758
0.497361 0.157139 0.053002 0.039587
0.603577 0.682556 0.075635 0.040188
0.288363 0.746742 0.058592 0.042895
0.601610 0.598915 0.058361 0.036728
0.835332 0.896444 0.063509 0.032410
0.281542 0.462586 0.059614 0.040600
0.604539 0.764579 0.061185 0.041111
0.398378 0.191324 0.053496 0.044137
0.283966 0.622013 0.074255 0.037725
0.939976 0.834608 0.072833 0.035105
0.282601 0.699855 0.064787 0.044053
0.498317 0.232850 0.052182 0.040338
0.494590 0.575137 0.064341 0.043979
0.283821 0.886890 0.059645 0.043483
0.610987 0.257911 0.069862 0.039387
0.173844 0.638828 0.063079 0.032274
0.497828 0.528109 0.065947 0.048425
0.282914 0.579761 0.063250 0.041086
0.393517 0.902293 0.058252 0.040838
0.497618 0.193966 0.058953 0.033111
0.938491 0.778258 0.063099 0.033932
0.505425 0.920916 0.059012 0.038436
0.496968 0.304020 0.052256 0.040728
0.168242 0.676024 0.067844 0.038578
0.721928 0.835386 0.050214 0.036841
0.500589 0.120596 0.062350 0.031674
0.398742 0.276551 0.057463 0.043791
0.941939 0.705874 0.049602 0.037620
0.494696 0.448160 0.053438 0.043493
0.386908 0.710169 0.063258 0.039622
0.830838 0.816369 0.057341 0.040850
0.714894 0.519550 0.057573 0.034968
0.939821 0.869126 0.058986 0.034145
0.397187 0.324118 0.061560 0.045148
0.504029 0.963342 0.078151 0.044765
0.832161 0.930847 0.060582 0.038070
0.171387 0.322648 0.056017 0.036702
0.717512 0.798301 0.064569 0.035425
0.056321 0.138314 0.058743 0.040555
0.061241 0.098023 0.058730 0.039119
0.494829 0.619179 0.073396 0.043000
0.936338 0.284650 0.052495 0.042276
0.067751 0.259973 0.052380 0.038964
0.831667 0.776989 0.050918 0.036441
0.830450 0.737138 0.056196 0.038789
0.172132 0.280063 0.050250 0.041732
0.938771 0.364891 0.053632 0.043019
0.393801 0.862721 0.054688 0.034369
0.941400 0.665980 0.055202 0.041094
0.175882 0.083585 0.055623 0.038692
0.070227 0.302382 0.056673 0.041275
0.071456 0.548502 0.053133 0.038578
0.830694 0.477566 0.056145 0.039255
0.068275 0.344621 0.053215 0.042936
0.609571 0.528079 0.053356 0.041100
0.719241 0.903709 0.054805 0.034666
0.616036 0.214885 0.053361 0.044398
0.064326 0.427253 0.052323 0.036932
0.069823 0.466415 0.049897 0.037457
0.064872 0.217380 0.055984 0.042303
0.069922 0.670626 0.050382 0.046152
0.941728 0.585772 0.056220 0.036532
0.496001 0.084714 0.053452 0.038779
0.937588 0.543608 0.061297 0.045458
0.936835 0.499061 0.074094 0.040932
0.284601 0.930888 0.059724 0.041196
0.397307 0.146570 0.053770 0.040361
0.170374 0.757217 0.053288 0.035601
0.940947 0.454927 0.046841 0.043707
0.831434 0.437170 0.054880 0.037164
0.826228 0.659843 0.053431 0.038039
0.721555 0.870361 0.049033 0.032149
0.180455 0.121762 0.053883 0.034731
0.176292 0.870606 0.051824 0.044657
0.288471 0.789986 0.060599 0.043063
0.386146 0.664975 0.052419 0.046461
0.071785 0.590991 0.048432 0.041680
0.506434 0.769510 0.055114 0.041223
0.724100 0.327757 0.058556 0.043754
0.495675 0.485197 0.050647 0.029729
0.617981 0.340480 0.052881 0.034541
0.943021 0.929815 0.051940 0.028209
0.173898 0.483342 0.058926 0.040230
0.400558 0.400317 0.052745 0.038472
0.392680 0.443804 0.057974 0.042666
0.283895 0.837929 0.056234 0.046491
0.940948 0.411157 0.050224 0.044700
0.613858 0.105952 0.055814 0.037745
0.176033 0.826546 0.060584 0.041854
0.607873 0.973069 0.073476 0.038762
0.716740 0.558016 0.052223 0.038911
0.398101 0.363594 0.065145 0.031010
0.717586 0.141114 0.053685 0.039599
0.402427 0.233843 0.053424 0.038633
0.943737 0.625287 0.054358 0.042928
0.287086 0.659153 0.052837 0.035261
0.936841 0.202953 0.045065 0.037675
0.716281 0.649338 0.054417 0.040764
0.497917 0.343058 0.048258 0.028711
0.286340 0.538326 0.050740 0.041417
0.391682 0.078488 0.061033 0.040048
0.171472 0.718055 0.051167 0.042962
0.390657 0.828984 0.046097 0.032954
0.839895 0.964731 0.064343 0.033460
0.723549 0.371481 0.054568 0.043688
0.611943 0.486292 0.050229 0.042290
0.071602 0.630561 0.047322 0.032365
0.825840 0.624105 0.050233 0.034304
0.171692 0.238416 0.050543 0.034684
0.719918 0.097906 0.054155 0.040839
0.064192 0.178070 0.046649 0.035361
0.831216 0.517508 0.057728 0.040312
0.610696 0.033496 0.051390 0.035087
0.501630 0.732437 0.051796 0.032213
0.498224 0.379068 0.057194 0.036409
0.065212 0.388065 0.054955 0.035003
0.390905 0.483525 0.050102 0.035839
0.394217 0.112871 0.062404 0.030000
0.937270 0.242766 0.049627 0.040349
0.176482 0.600160 0.052651 0.040338
0.339357 0.269860 0.043352 0.027339
0.510324 0.808471 0.047663 0.038169
0.944646 0.901848 0.044604 0.026752
0.721993 0.722072 0.051199 0.027697
0.831916 0.064324 0.050865 0.034802
0.609579 0.069011 0.047256 0.033392
0.608025 0.564440 0.047146 0.029274
0.939107 0.324730 0.048204 0.032573
0.176905 0.557671 0.047450 0.041891
0.501237 0.692754 0.045449 0.044392
0.720638 0.252539 0.044081 0.035723
0.618407 0.372870 0.048038 0.033076
0.931475 0.106639 0.053494 0.041092
0.720432 0.688063 0.047219 0.039615
0.393970 0.037284 0.052396 0.041658
0.507527 0.844988 0.045207 0.031980
0.833753 0.398589 0.054721 0.040714
0.174311 0.202496 0.051147 0.037369
0.290509 0.969275 0.059712 0.033820
0.829159 0.361919 0.049188 0.035854
0.719205 0.286635 0.048264 0.033888
0.826167 0.236584 0.055214 0.043337
0.178255 0.162358 0.052401 0.040500
0.279972 0.342137 0.076081 0.038176
0.724457 0.059374 0.046148 0.032107
0.080049 0.871884 0.050469 0.040657
0.826689 0.142167 0.054768 0.044584
0.943724 0.960498 0.044253 0.031221
0.827269 0.190117 0.047146 0.047451
0.724872 0.448422 0.060496 0.028933
0.833223 0.099702 0.054855 0.038360
0.336769 0.037999 0.035912 0.030925
0.285995 0.262551 0.044876 0.045474
0.722276 0.411486 0.054391 0.038612
0.503220 0.266715 0.050908 0.026990
0.493588 0.040709 0.050554 0.050043
0.397778 0.552854 0.077007 0.036587
0.616070 0.175325 0.058334 0.030795
0.718598 0.213673 0.053743 0.038959
0.717846 0.179194 0.052643 0.035016
0.608399 0.911203 0.082693 0.026388
0.494936 0.411202 0.043208 0.026631
0.177656 0.408891 0.042510 0.037880
0.070220 0.740581 0.065575 0.027305
0.284513 0.381703 0.044920 0.034140
0.074515 0.710213 0.046625 0.029003
0.177549 0.042172 0.048617 0.041651
0.935870 0.067828 0.053160 0.038400
0.178002 0.445028 0.045377 0.035010
0.832183 0.324834 0.051387 0.039321
0.076173 0.826563 0.057504 0.045483
0.718143 0.941624 0.081703 0.039134
0.826672 0.554003 0.054210 0.033230
0.286482 0.502130 0.052119 0.032042
0.285514 0.304396 0.055772 0.033315
0.176772 0.913820 0.044603 0.038052
0.176108 0.792197 0.044766 0.027810
0.178737 0.954990 0.066828 0.043642
0.336723 0.121738 0.049498 0.031254
0.081169 0.910897 0.045434 0.036900
0.832734 0.031032 0.049097 0.035010
0.610566 0.142313 0.049199 0.033590
0.286508 0.077314 0.043555 0.036275
0.337454 0.151083 0.052631 0.025602
0.387912 0.589410 0.057087 0.037415
0.176482 0.520019 0.045339 0.035061
0.499345 0.657044 0.059895 0.029698
0.060545 0.051150 0.048641 0.047735
0.829660 0.284113 0.057156 0.043381
0.337706 0.180448 0.042260 0.028326
0.339747 0.236413 0.039770 0.033213
0.286827 0.116508 0.048523 0.037011
0.725392 0.029868 0.053660 0.031519
0.286015 0.038743 0.048481 0.041165
0.826875 0.590257 0.044091 0.035666
0.393928 0.516954 0.052857 0.035809
0.336057 0.304779 0.049359 0.040456
0.607643 0.882438 0.057806 0.033785
0.615144 0.300175 0.058387 0.041920
0.935812 0.030640 0.041169 0.038508
0.336557 0.340833 0.045576 0.031406
0.390064 0.623055 0.047126 0.034159
0.335678 0.091422 0.049833 0.029243
0.079718 0.778333 0.078470 0.048306
0.941946 0.804870 0.057570 0.022342
0.608691 0.940841 0.058185 0.030878
0.286534 0.154733 0.057752 0.033980
0.337551 0.067288 0.043289 0.024842
0.284472 0.189672 0.056175 0.023999
0.934654 0.164425 0.053054 0.038483
0.390566 0.942125 0.060951 0.042446
0.721817 0.966434 0.077344 0.035025
0.083625 0.949719 0.053074 0.037467
0.296675 0.218665 0.065765 0.037680
0.337990 0.208574 0.041892 0.029693
0.932901 0.142839 0.046395 0.030450
