0.601368 0.780654 0.065976 0.038021
0.596057 0.902056 0.065091 0.038264
0.171371 0.222145 0.058375 0.042708
0.598690 0.483495 0.063364 0.042245
0.820903 0.490836 0.058384 0.035672
0.598102 0.363704 0.069078 0.039688
0.601398 0.441808 0.060255 0.038531
0.384306 0.835060 0.050342 0.035071
0.826279 0.337393 0.056386 0.037776
0.828735 0.727397 0.054484 0.035506
0.826355 0.763997 0.066534 0.034204
0.933100 0.833998 0.071013 0.037128
0.387084 0.871944 0.059985 0.039278
0.827419 0.830872 0.056671 0.038689
0.938456 0.461359 0.059376 0.040528
0.273102 0.827738 0.055962 0.035562
0.383656 0.609514 0.057019 0.041157
0.275251 0.434397 0.060887 0.044523
0.710407 0.791713 0.052449 0.034048
0.500551 0.179429 0.060182 0.038979
0.824933 0.648388 0.053640 0.039489
0.173077 0.134866 0.053659 0.037470
0.709494 0.748593 0.066232 0.047722
0.504147 0.069891 0.055527 0.039261
0.385130 0.912331 0.069980 0.039303
0.276370 0.865231 0.057710 0.034509
0.172703 0.175457 0.059458 0.041958
0.477932 0.848783 0.057610 0.035451
0.826185 0.198283 0.057778 0.034804
0.825539 0.530292 0.055300 0.038618
0.593734 0.861777 0.066585 0.039720
0.388651 0.494279 0.062725 0.038609
0.934546 0.149005 0.070284 0.036968
0.065780 0.281729 0.054124 0.038976
0.504285 0.029616 0.062503 0.041478
0.602731 0.402825 0.056708 0.037859
0.824149 0.689797 0.050057 0.036146
0.062761 0.111379 0.057789 0.043778
0.829030 0.608791 0.057494 0.037456
0.390780 0.415288 0.055182 0.043892
0.599169 0.938901 0.058188 0.037863
0.594143 0.291681 0.074737 0.032618
0.396021 0.158511 0.060648 0.038983
0.059614 0.408619 0.059390 0.042550
0.604258 0.552069 0.054863 0.036550
0.937456 0.111019 0.055515 0.034061
0.940428 0.374741 0.055245 0.039001
0.164956 0.685772 0.059794 0.039466
0.384050 0.797045 0.050316 0.032833
0.501035 0.270919 0.062783 0.040607
0.934361 0.190047 0.068192 0.042698
0.065222 0.721712 0.048223 0.032043
0.937263 0.871598 0.058376 0.036703
0.712163 0.705066 0.057081 0.036966
0.491629 0.708725 0.060307 0.040879
0.827942 0.409461 0.050933 0.035184
0.501880 0.106755 0.050101 0.035573
0.270847 0.670076 0.073314 0.040095
0.485291 0.966220 0.093866 0.051768
0.935123 0.073862 0.048889 0.039538
0.067221 0.759741 0.048238 0.037644
0.828109 0.570518 0.057509 0.038054
0.713272 0.599316 0.055835 0.035513
0.833880 0.866414 0.056195 0.033933
0.932187 0.302408 0.049103 0.036703
0.398132 0.071340 0.066004 0.046196
0.385412 0.457252 0.051211 0.036701
0.382543 0.652849 0.064393 0.044714
0.597598 0.630242 0.053632 0.039658
0.496063 0.461998 0.069663 0.040110
0.062745 0.655524 0.061809 0.033441
0.489040 0.503536 0.073300 0.043285
0.277473 0.130847 0.054950 0.038924
0.487963 0.744982 0.051773 0.032703
0.711128 0.828144 0.056286 0.033793
0.928624 0.265994 0.059656 0.036730
0.594653 0.701454 0.062807 0.037229
0.500414 0.142660 0.051226 0.035468
0.595816 0.667185 0.052839 0.032599
0.168906 0.098298 0.049229 0.034593
0.487185 0.920438 0.052117 0.037160
0.827429 0.933097 0.070993 0.032702
0.932034 0.659667 0.048500 0.041691
0.064191 0.958557 0.062078 0.034231
0.269113 0.751570 0.049064 0.037441
0.934530 0.338254 0.046918 0.035192
0.167131 0.503022 0.064530 0.041972
0.827627 0.237297 0.063580 0.043311
0.164034 0.544090 0.061498 0.037317
0.603544 0.204513 0.065628 0.045871
0.486780 0.885201 0.052010 0.034423
0.934765 0.505500 0.052994 0.042396
0.601293 0.591392 0.054380 0.040655
0.827688 0.374285 0.051539 0.031963
0.492500 0.671354 0.050981 0.035215
0.399832 0.116003 0.056314 0.044703
0.273504 0.904190 0.083484 0.041711
0.829931 0.900798 0.047166 0.029807
0.389977 0.953178 0.050316 0.038986
0.937027 0.905926 0.059776 0.031354
0.269339 0.789582 0.048236 0.033537
0.601627 0.325251 0.057281 0.036105
0.062430 0.451482 0.058871 0.041860
0.162058 0.882673 0.053017 0.040415
0.388417 0.284933 0.054840 0.044205
0.161074 0.962796 0.067995 0.036671
0.933581 0.416826 0.053582 0.043604
0.065142 0.243023 0.047078 0.036992
0.164397 0.839874 0.047918 0.041941
0.598130 0.742062 0.051332 0.037850
0.384120 0.694704 0.049406 0.033094
0.496486 0.418094 0.049869 0.043280
0.061938 0.540717 0.061105 0.045758
0.388205 0.534582 0.054574 0.042025
0.387070 0.366881 0.054826 0.043134
0.709334 0.520999 0.052975 0.036753
0.716132 0.433022 0.051041 0.040257
0.067131 0.621034 0.047906 0.036320
0.932316 0.698111 0.047375 0.031481
0.279501 0.477576 0.054702 0.035504
0.599976 0.819810 0.050374 0.040209
0.825349 0.448856 0.046922 0.043385
0.593661 0.252243 0.065986 0.044742
0.389812 0.201767 0.073325 0.043400
0.167342 0.611681 0.051292 0.037367
0.383784 0.727236 0.051662 0.030378
0.162031 0.728508 0.049851 0.038240
0.827016 0.163447 0.055089 0.033473
0.273570 0.626685 0.052131 0.043048
0.168557 0.308478 0.056973 0.046022
0.389886 0.571992 0.061014 0.034440
0.270426 0.711951 0.049866 0.039275
0.273491 0.239402 0.054164 0.036318
0.062738 0.365767 0.053070 0.036661
0.062926 0.493568 0.050249 0.041843
0.831784 0.097181 0.047782 0.038246
0.934641 0.581451 0.049942 0.042087
0.383847 0.760316 0.054500 0.039751
0.712837 0.559737 0.048656 0.039701
0.723959 0.344891 0.058033 0.043671
0.730602 0.260356 0.051883 0.039866
0.501993 0.306142 0.062316 0.033492
0.830666 0.795822 0.050958 0.025378
0.275502 0.273184 0.060061 0.031254
0.069569 0.888338 0.056874 0.044138
0.937277 0.032306 0.056872 0.039499
0.168176 0.647637 0.049965 0.035563
0.169195 0.031896 0.053311 0.040359
0.725472 0.065166 0.049598 0.037116
0.830743 0.131387 0.046135 0.029576
0.825917 0.275633 0.054720 0.033819
0.065828 0.034526 0.055260 0.037445
0.277320 0.090258 0.052348 0.038699
0.935143 0.620061 0.049928 0.034919
0.724800 0.303123 0.054124 0.040592
0.275617 0.312630 0.053694 0.043326
0.831852 0.060880 0.052708 0.036312
0.389128 0.242919 0.051954 0.042916
0.167691 0.352421 0.049723 0.040753
0.065568 0.154162 0.049206 0.038372
0.062159 0.072114 0.050140 0.033246
0.933010 0.228697 0.052039 0.033250
0.163956 0.768319 0.051070 0.031092
0.068836 0.848428 0.046812 0.032323
0.162539 0.802221 0.050378 0.031858
0.595985 0.973139 0.051224 0.031429
0.709481 0.478471 0.060587 0.048641
0.935946 0.542658 0.049323 0.035801
0.727370 0.221366 0.066487 0.039373
0.719364 0.107721 0.058914 0.046921
0.714286 0.670701 0.052640 0.033201
0.931889 0.801304 0.055127 0.028747
0.274264 0.583359 0.053503 0.037871
0.493427 0.576989 0.044688 0.034159
0.163854 0.923645 0.051267 0.040884
0.065741 0.688833 0.041865 0.033735
0.277048 0.515455 0.048851 0.034997
0.930818 0.766956 0.042450 0.039302
0.710828 0.635774 0.079141 0.035483
0.933766 0.730421 0.049158 0.032296
0.063734 0.197757 0.047707 0.047070
0.062247 0.324130 0.045089 0.039557
0.276311 0.205912 0.041546 0.030612
0.726483 0.029121 0.056679 0.032178
0.167788 0.399307 0.062246 0.040610
0.169743 0.464192 0.054879 0.038212
0.276681 0.171056 0.043636 0.035073
0.064053 0.581884 0.046483 0.035853
0.609366 0.126138 0.056699 0.036587
0.274888 0.967367 0.059369 0.031795
0.938998 0.934173 0.048440 0.028987
0.937030 0.962159 0.054362 0.029199
0.705540 0.927065 0.039978 0.035075
0.168726 0.577911 0.058524 0.029102
0.066415 0.808290 0.042311 0.045624
0.067971 0.927022 0.039815 0.029325
0.709725 0.860863 0.041797 0.028884
0.719933 0.388894 0.046250 0.042523
0.500577 0.339602 0.050043 0.034633
0.832642 0.965717 0.051650 0.031731
0.606218 0.518829 0.047229 0.027766
0.480388 0.813261 0.045791 0.034159
0.706347 0.961706 0.045919 0.032462
0.829973 0.025406 0.045630 0.035969
0.706221 0.891305 0.047286 0.034192
0.726834 0.181363 0.040223 0.038807
0.170357 0.066621 0.045812 0.032575
0.397524 0.028238 0.048398 0.039444
0.484766 0.779829 0.041645 0.032391
0.170539 0.264433 0.047117 0.036992
0.273345 0.549182 0.045116 0.033082
0.389030 0.326269 0.056734 0.038089
0.495749 0.543558 0.044892 0.033333
0.165083 0.433726 0.061182 0.024525
0.489723 0.610496 0.045949 0.031279
0.278545 0.055935 0.047614 0.030803
0.611272 0.090569 0.044576 0.033532
0.612220 0.026861 0.067787 0.036604
0.279931 0.397977 0.057396 0.025902
0.275284 0.939356 0.055456 0.025891
0.499721 0.223397 0.073964 0.046783
0.275623 0.359399 0.050747 0.047139
0.604655 0.164583 0.040088 0.029783
0.499794 0.376336 0.043237 0.037489
0.614882 0.058229 0.047626 0.031975
0.828084 0.304047 0.046713 0.023584
0.280552 0.027124 0.045696 0.030237
0.730383 0.146144 0.046193 0.024721
0.487951 0.637453 0.049048 0.030633
