0.174063 0.869327 0.063626 0.037271
0.290504 0.709491 0.071866 0.044147
0.504701 0.710631 0.060949 0.037183
0.397375 0.825862 0.075585 0.040311
0.506329 0.938644 0.061759 0.033595
0.292717 0.623726 0.067107 0.040579
0.506290 0.461391 0.056906 0.037811
0.180129 0.635984 0.058215 0.035814
0.615397 0.308624 0.053450 0.035483
0.834410 0.432755 0.056813 0.040888
0.613167 0.272170 0.053848 0.031224
0.941555 0.372663 0.055791 0.041766
0.505453 0.973485 0.064656 0.035388
0.399346 0.329783 0.058866 0.039159
0.397616 0.897356 0.051240 0.037812
0.396041 0.447282 0.050032 0.040614
0.393713 0.784819 0.059324 0.036391
0.067028 0.282143 0.072866 0.042655
0.619724 0.503242 0.047549 0.033654
0.832602 0.355819 0.059591 0.032437
0.285210 0.881266 0.058364 0.040842
0.063612 0.602141 0.054089 0.035286
0.063818 0.564025 0.057194 0.038880
0.404149 0.936606 0.059168 0.036468
0.835353 0.859262 0.061445 0.041351
0.391997 0.408818 0.057259 0.034251
0.066223 0.639604 0.059769 0.035773
0.617890 0.394851 0.061002 0.041204
0.061893 0.680803 0.061113 0.039552
0.296114 0.796064 0.057213 0.039744
0.066316 0.719581 0.057315 0.037411
0.182606 0.337714 0.050843 0.039204
0.178337 0.831695 0.065345 0.032325
0.395628 0.372059 0.052166 0.036117
0.068905 0.391597 0.052287 0.033558
0.288738 0.839425 0.058779 0.040188
0.185604 0.297990 0.060376 0.036314
0.397631 0.162333 0.051303 0.040145
0.500322 0.671395 0.060807 0.039334
0.286936 0.955864 0.057670 0.040462
0.075377 0.195528 0.063316 0.041785
0.728124 0.930654 0.068024 0.040817
0.178313 0.755106 0.056720 0.040805
0.075595 0.237578 0.067249 0.043127
0.176172 0.596205 0.055684 0.035708
0.070623 0.456974 0.066577 0.033301
0.620192 0.467873 0.054013 0.033135
0.070156 0.489280 0.070447 0.035183
0.293583 0.754044 0.056352 0.040022
0.180089 0.376961 0.055067 0.034920
0.618745 0.433908 0.050408 0.032096
0.730903 0.173640 0.059672 0.040176
0.615746 0.208450 0.058415 0.032337
0.833828 0.474722 0.054426 0.038636
0.836656 0.252025 0.059510 0.039702
0.944009 0.486068 0.054747 0.036166
0.505595 0.633638 0.050328 0.035728
0.938565 0.229258 0.049562 0.039001
0.172282 0.712764 0.064974 0.040352
0.833609 0.581379 0.051396 0.038063
0.056840 0.880482 0.053673 0.031773
0.836249 0.139644 0.053688 0.032424
0.503479 0.500886 0.069264 0.036251
0.407304 0.970960 0.061441 0.031550
0.179968 0.673353 0.056570 0.035152
0.054952 0.915764 0.062184 0.037336
0.496861 0.267576 0.059701 0.040848
0.826668 0.660170 0.056348 0.046172
0.613454 0.683887 0.051113 0.041336
0.068625 0.524282 0.051631 0.035643
0.620392 0.537018 0.055070 0.032293
0.834954 0.391865 0.052080 0.036638
0.721304 0.717115 0.081257 0.040914
0.402819 0.288709 0.063473 0.041035
0.616816 0.071186 0.055372 0.042138
0.728653 0.358394 0.062151 0.039324
0.938271 0.271657 0.052083 0.041042
0.180657 0.065028 0.055950 0.034970
0.060202 0.754642 0.050007 0.032000
0.179747 0.795414 0.056935 0.038907
0.403037 0.862208 0.067558 0.033690
0.070820 0.028690 0.068540 0.047647
0.291002 0.447270 0.058640 0.043743
0.838503 0.291772 0.055129 0.034367
0.177883 0.910003 0.049145 0.041001
0.933672 0.580144 0.057640 0.046812
0.621197 0.764578 0.058199 0.035785
0.722789 0.135201 0.054322 0.034634
0.504596 0.865582 0.058074 0.040997
0.834304 0.512499 0.049779 0.033810
0.935573 0.164374 0.049762 0.031569
0.508555 0.786902 0.054651 0.038221
0.615836 0.877804 0.053763 0.034615
0.296405 0.664656 0.054795 0.040371
0.400724 0.204867 0.054184 0.043787
0.726358 0.546476 0.049333 0.031382
0.728408 0.854026 0.054263 0.039018
0.073682 0.079024 0.067308 0.048414
0.183446 0.103930 0.058379 0.037360
0.832390 0.703224 0.059346 0.036405
0.507290 0.111852 0.086095 0.046865
0.505793 0.905060 0.050786 0.033332
0.183275 0.439692 0.049539 0.032988
0.295469 0.212293 0.060816 0.043889
0.397547 0.125354 0.054238 0.032827
0.398623 0.491834 0.056022 0.040126
0.729091 0.790430 0.064923 0.040380
0.618717 0.606805 0.055707 0.042851
0.500884 0.032091 0.062167 0.042621
0.068700 0.423969 0.048613 0.030568
0.616562 0.838652 0.049088 0.040108
0.617623 0.241909 0.060703 0.025977
0.726588 0.096953 0.050781 0.036968
0.177775 0.557379 0.052002 0.035393
0.619518 0.913185 0.051584 0.036493
0.397065 0.062126 0.057381 0.033835
0.724060 0.616663 0.048172 0.032131
0.289995 0.407026 0.051081 0.035446
0.508278 0.748648 0.050736 0.037284
0.829877 0.787555 0.056411 0.031925
0.728338 0.678882 0.046851 0.033714
0.059146 0.785069 0.048787 0.028609
0.176889 0.183302 0.049810 0.034371
0.182412 0.478205 0.054444 0.038681
0.295931 0.542404 0.055805 0.044973
0.067081 0.359548 0.045931 0.029317
0.832974 0.957159 0.051684 0.036027
0.291404 0.098713 0.065297 0.039419
0.829317 0.821760 0.051488 0.031412
0.834294 0.104493 0.045292 0.035047
0.179232 0.517703 0.050806 0.042554
0.935091 0.531421 0.054415 0.044059
0.722018 0.029709 0.061220 0.042156
0.182137 0.226844 0.058830 0.045665
0.613844 0.350587 0.076582 0.042167
0.726881 0.488983 0.048289 0.033195
0.181306 0.951564 0.057360 0.038108
0.400185 0.247502 0.046000 0.037230
0.499689 0.310113 0.057698 0.038233
0.612480 0.725854 0.051549 0.037505
0.510687 0.533695 0.058529 0.029706
0.829801 0.747113 0.049415 0.045392
0.827552 0.618308 0.052079 0.035366
0.291460 0.346906 0.067157 0.038191
0.297282 0.583812 0.054778 0.038539
0.177880 0.144553 0.055958 0.042193
0.294178 0.062425 0.056903 0.032586
0.292209 0.027171 0.054866 0.039458
0.181560 0.025371 0.051047 0.041007
0.296530 0.493413 0.071344 0.048732
0.062621 0.817668 0.048220 0.033188
0.186557 0.409684 0.054504 0.026704
0.833451 0.545939 0.045827 0.031665
0.395328 0.742660 0.053171 0.042103
0.286582 0.919445 0.044205 0.033290
0.059309 0.847801 0.048351 0.030262
0.508033 0.070788 0.056653 0.033318
0.615768 0.947797 0.055286 0.032040
0.937470 0.126885 0.051855 0.041792
0.398338 0.093585 0.062224 0.028723
0.616025 0.646737 0.048151 0.032414
0.830969 0.213420 0.050724 0.033610
0.504695 0.599483 0.045777 0.031652
0.726669 0.426516 0.047739 0.040931
0.831738 0.033300 0.051852 0.036914
0.060490 0.955664 0.045806 0.040293
0.616741 0.571093 0.053191 0.031649
0.722963 0.752447 0.060923 0.030854
0.067752 0.324559 0.046040 0.038600
0.936552 0.195679 0.042650 0.029566
0.833847 0.175677 0.044505 0.036533
0.939271 0.320739 0.060237 0.055458
0.399992 0.531184 0.049458 0.037294
0.723165 0.245452 0.056069 0.048782
0.612181 0.030580 0.049396 0.036516
0.504693 0.180765 0.054549 0.036134
0.730003 0.647801 0.046644 0.025726
0.403998 0.636785 0.058916 0.030789
0.296037 0.249924 0.046572 0.030171
0.723078 0.320083 0.049812 0.032502
0.182744 0.266042 0.050524 0.026504
0.835957 0.323680 0.047550 0.026254
0.386079 0.027213 0.068945 0.033612
0.294600 0.168372 0.049767 0.037420
0.724537 0.581185 0.044643 0.034152
0.405070 0.565479 0.048419 0.031962
0.726987 0.891537 0.046965 0.036430
0.506324 0.825168 0.045395 0.037677
0.614643 0.111136 0.045134 0.035022
0.721229 0.064351 0.059631 0.027260
0.617538 0.801339 0.050371 0.032238
0.506401 0.566707 0.044599 0.032966
0.506978 0.420812 0.047508 0.039685
0.724351 0.286514 0.042196 0.034203
0.725596 0.518783 0.040193 0.023774
0.505286 0.381268 0.045744 0.034424
0.729318 0.392141 0.044048 0.024878
0.835564 0.070282 0.042693 0.033498
0.400996 0.599859 0.056868 0.037807
0.614455 0.173019 0.047383 0.035719
0.834143 0.919854 0.065011 0.034870
0.502111 0.347829 0.045941 0.034133
0.071152 0.127935 0.067605 0.043532
0.501919 0.223638 0.049892 0.050583
0.391576 0.704369 0.046869 0.035935
0.729165 0.966693 0.066735 0.029701
0.292142 0.133387 0.048801 0.033377
0.728448 0.207256 0.045273 0.023727
0.613468 0.143123 0.043597 0.026451
0.730897 0.822565 0.052538 0.025414
0.943460 0.446702 0.043164 0.039716
0.727722 0.460605 0.041979 0.024662
0.945854 0.410519 0.038122 0.032210
0.290231 0.292705 0.065925 0.050265
0.294540 0.376683 0.053813 0.022858
0.510855 0.147287 0.059932 0.030978
0.079486 0.160290 0.050846 0.025777
0.834167 0.897720 0.059121 0.027735
0.397298 0.670816 0.052065 0.033157
0.110170 0.672522 0.020007 0.021375
0.290401 0.306142 0.051496 0.036156
