0.830772 0.170271 0.065583 0.041653
0.505405 0.245907 0.051079 0.038114
0.179073 0.021661 0.063381 0.037138
0.819274 0.773300 0.062519 0.037716
0.617192 0.063284 0.056385 0.045515
0.284121 0.160988 0.051940 0.036279
0.506810 0.285445 0.052329 0.036510
0.718456 0.472367 0.058849 0.037727
0.833905 0.129403 0.063664 0.039504
0.172040 0.183782 0.051842 0.037955
0.928189 0.524159 0.056964 0.043820
0.385091 0.860432 0.049198 0.035903
0.932623 0.651702 0.059256 0.038613
0.725146 0.183270 0.053547 0.033368
0.607044 0.458543 0.055772 0.036493
0.613117 0.419084 0.064092 0.033951
0.510845 0.208122 0.055411 0.034120
0.718720 0.145914 0.067079 0.039356
0.935038 0.361877 0.056332 0.038153
0.928067 0.807193 0.063776 0.046587
0.177566 0.058636 0.068561 0.036541
0.386282 0.896254 0.055446 0.035127
0.065094 0.379241 0.066047 0.045430
0.180765 0.096021 0.054239 0.036705
0.820172 0.733753 0.061671 0.039927
0.835506 0.210411 0.057232 0.034027
0.822485 0.811383 0.057039 0.035165
0.389458 0.182983 0.060072 0.037759
0.378862 0.959112 0.061681 0.034740
0.389995 0.259669 0.050880 0.038346
0.481995 0.881555 0.064859 0.041729
0.933630 0.442142 0.051510 0.045029
0.601649 0.698438 0.055668 0.045574
0.604570 0.618013 0.053509 0.040983
0.385020 0.340634 0.057546 0.044995
0.604447 0.656664 0.055025 0.032376
0.282982 0.057225 0.059607 0.032051
0.718239 0.328923 0.053491 0.028512
0.061826 0.334432 0.048303 0.039187
0.612878 0.279001 0.054475 0.033648
0.825543 0.654024 0.056644 0.037857
0.282693 0.196775 0.054922 0.036974
0.066377 0.101971 0.058810 0.043155
0.062318 0.059825 0.050686 0.036690
0.172764 0.222705 0.052910 0.038003
0.487947 0.779274 0.051294 0.035056
0.383737 0.820048 0.058490 0.041276
0.060501 0.740022 0.054946 0.042495
0.928631 0.568651 0.051415 0.039769
0.718926 0.295133 0.050373 0.035501
0.930716 0.609904 0.055526 0.041558
0.715784 0.359815 0.052519 0.032471
0.934301 0.318756 0.053764 0.042557
0.720946 0.430122 0.060358 0.038365
0.393430 0.300385 0.061600 0.034572
0.724496 0.220481 0.056382 0.041026
0.615390 0.242145 0.049908 0.035723
0.279453 0.742783 0.051384 0.034904
0.711507 0.761852 0.049908 0.037863
0.062014 0.662858 0.064162 0.038648
0.714839 0.863608 0.068992 0.033275
0.389162 0.220477 0.058174 0.040217
0.061784 0.580958 0.058618 0.045421
0.935693 0.111102 0.062157 0.044882
0.282769 0.124515 0.049617 0.035434
0.929598 0.484620 0.052333 0.035674
0.831458 0.694360 0.063243 0.038156
0.064111 0.145535 0.057061 0.036237
0.712218 0.800533 0.058137 0.035380
0.826959 0.500219 0.065308 0.045507
0.606321 0.574404 0.060363 0.040359
0.488803 0.742040 0.049163 0.037429
0.933413 0.400297 0.056729 0.034945
0.384502 0.461913 0.066050 0.035695
0.593233 0.957143 0.059892 0.043639
0.509385 0.168134 0.062640 0.038533
0.504790 0.056546 0.061971 0.038634
0.604653 0.534079 0.056387 0.041159
0.279247 0.232881 0.051996 0.035459
0.835800 0.278719 0.054516 0.032188
0.934301 0.068525 0.056889 0.042011
0.496672 0.472068 0.053112 0.040714
0.714671 0.723839 0.058563 0.037717
0.721052 0.971236 0.065595 0.033418
0.508233 0.350527 0.064293 0.036132
0.513545 0.131298 0.061821 0.036603
0.831179 0.456571 0.051126 0.032968
0.716699 0.586611 0.055267 0.043663
0.508890 0.095750 0.053434 0.034974
0.066349 0.501739 0.056960 0.040195
0.392718 0.052249 0.051155 0.037749
0.392981 0.140135 0.051546 0.045587
0.932062 0.761227 0.051360 0.040666
0.824243 0.938454 0.063376 0.037454
0.720050 0.934202 0.048537 0.040463
0.060478 0.294100 0.048045 0.034744
0.833551 0.315062 0.050750 0.031703
0.279508 0.503931 0.053409 0.040320
0.824165 0.540556 0.056444 0.034701
0.062937 0.179898 0.050214 0.036213
0.388183 0.389023 0.052006 0.048021
0.935886 0.271910 0.055226 0.048908
0.621887 0.137139 0.052804 0.038651
0.172893 0.364843 0.053752 0.036648
0.932886 0.690302 0.056634 0.030338
0.718365 0.392758 0.052297 0.035170
0.489571 0.702009 0.055722 0.034206
0.596604 0.836721 0.065889 0.038635
0.060962 0.022970 0.049444 0.038365
0.393157 0.094302 0.049397 0.039986
0.278236 0.385431 0.055048 0.036841
0.490678 0.959903 0.059863 0.038313
0.614602 0.101095 0.059127 0.031482
0.279814 0.466293 0.048794 0.035642
0.276817 0.645014 0.050589 0.029150
0.727277 0.027170 0.062320 0.032949
0.386653 0.583842 0.055595 0.039759
0.283513 0.092662 0.051284 0.028594
0.828917 0.088431 0.053239 0.035718
0.383574 0.926234 0.050669 0.028181
0.833729 0.420597 0.045938 0.035439
0.181017 0.614237 0.058737 0.041368
0.930004 0.723198 0.052873 0.028964
0.934383 0.196738 0.057042 0.040570
0.722802 0.102217 0.043282 0.041938
0.609138 0.383037 0.051603 0.036219
0.391807 0.705934 0.042727 0.037638
0.822390 0.845538 0.055062 0.028578
0.925834 0.850824 0.052530 0.041862
0.722758 0.259004 0.042308 0.036068
0.057864 0.786364 0.058496 0.044056
0.168076 0.570126 0.056464 0.040039
0.831456 0.246550 0.047452 0.029997
0.495413 0.425410 0.070199 0.047443
0.279715 0.613938 0.047874 0.035298
0.063668 0.214326 0.047200 0.031447
0.279879 0.539963 0.054792 0.030697
0.383273 0.542935 0.051613 0.042247
0.928199 0.029788 0.052658 0.037455
0.172707 0.733966 0.048052 0.035300
0.718813 0.896790 0.045019 0.031027
0.605969 0.495360 0.047738 0.033833
0.613520 0.207637 0.039397 0.033038
0.276880 0.705840 0.048642 0.037382
0.487948 0.843839 0.047029 0.034289
0.174462 0.694697 0.065300 0.037511
0.824312 0.903590 0.051630 0.028979
0.389651 0.779092 0.049970 0.036469
0.594433 0.792652 0.053540 0.047265
0.063102 0.251707 0.048886 0.042495
0.719578 0.510402 0.046046 0.035026
0.939111 0.155538 0.049150 0.042012
0.388499 0.665969 0.046591 0.042489
0.825853 0.578699 0.049741 0.038211
0.386335 0.744062 0.048321 0.038130
0.827125 0.054075 0.062659 0.034655
0.171721 0.258622 0.041529 0.030600
0.061624 0.859677 0.047189 0.040198
0.822748 0.974222 0.069680 0.033665
0.276969 0.776935 0.050742 0.031127
0.487362 0.922693 0.058063 0.035812
0.823276 0.874989 0.047945 0.029299
0.718184 0.545576 0.050350 0.037730
0.718015 0.630290 0.053274 0.039796
0.175441 0.138536 0.065418 0.044662
0.922861 0.891757 0.056914 0.038190
0.724006 0.061971 0.048068 0.035917
0.825865 0.615500 0.047345 0.038173
0.062460 0.623705 0.050741 0.036880
0.175739 0.445306 0.059043 0.040971
0.274696 0.313009 0.062504 0.041157
0.593604 0.745881 0.048172 0.042642
0.167652 0.295075 0.047228 0.043649
0.488250 0.625834 0.044108 0.032717
0.065060 0.936382 0.049845 0.029592
0.168051 0.883769 0.043136 0.032818
0.488189 0.811900 0.047745 0.024076
0.067091 0.899927 0.055092 0.037205
0.716126 0.832529 0.050254 0.028477
0.173960 0.657385 0.053292 0.039399
0.924267 0.960726 0.051762 0.034697
0.280166 0.427280 0.044243 0.036864
0.594284 0.913524 0.055053 0.039983
0.274030 0.814056 0.045625 0.037482
0.169651 0.531572 0.045943 0.032157
0.832064 0.385187 0.042205 0.035663
0.277150 0.350881 0.045765 0.031710
0.276275 0.865071 0.055021 0.054842
0.173237 0.490294 0.045016 0.044694
0.490454 0.660980 0.050525 0.038319
0.060248 0.698951 0.051572 0.034891
0.277456 0.020429 0.050942 0.035553
0.611731 0.315008 0.041877 0.034225
0.057357 0.823250 0.051428 0.029172
0.614400 0.024828 0.060470 0.030155
0.713531 0.678681 0.053963 0.052470
0.060889 0.462260 0.044580 0.035446
0.617978 0.173944 0.039463 0.032080
0.608168 0.348802 0.044485 0.033111
0.170317 0.331029 0.050472 0.024435
0.507781 0.318205 0.049078 0.027763
0.491556 0.558105 0.052888 0.033434
0.066083 0.969085 0.048943 0.037278
0.166352 0.815199 0.055314 0.026557
0.490942 0.592582 0.043000 0.032327
0.503514 0.384737 0.040548 0.031870
0.511784 0.021782 0.066895 0.025044
0.166665 0.777419 0.047058 0.047295
0.281068 0.914710 0.063807 0.041102
0.167068 0.916409 0.047851 0.026012
0.832302 0.022726 0.058776 0.029573
0.383490 0.500753 0.052160 0.039155
0.389511 0.429063 0.044055 0.024753
0.596645 0.873487 0.048502 0.035621
0.388454 0.624776 0.050538 0.038171
0.061274 0.540172 0.045481 0.029886
0.396197 0.017709 0.049233 0.026274
0.277053 0.961687 0.051486 0.048433
0.167446 0.403498 0.060137 0.041003
0.829909 0.349943 0.046201 0.035114
0.933611 0.232001 0.051100 0.034550
0.925844 0.925592 0.049977 0.034739
0.057218 0.426064 0.047672 0.040238
0.274311 0.270991 0.068095 0.036859
0.491194 0.511479 0.044616 0.036638
0.281464 0.673914 0.050349 0.028788
0.279664 0.575144 0.048051 0.036548
0.168498 0.848521 0.059132 0.037319
0.165220 0.945567 0.041219 0.030802
0.165516 0.963670 0.040121 0.026594
