0.280225 0.655588 0.081479 0.053806
0.403614 0.279763 0.077659 0.055306
0.615387 0.755825 0.097772 0.053779
0.615836 0.310931 0.087548 0.051427
0.722771 0.593769 0.080542 0.046417
0.173826 0.920264 0.080631 0.048581
0.826274 0.447859 0.073996 0.058014
0.506169 0.894208 0.076618 0.053831
0.616241 0.418502 0.077857 0.050910
0.286454 0.216926 0.075279 0.053787
0.613168 0.364784 0.093350 0.053759
0.932500 0.604127 0.076566 0.051586
0.722454 0.694158 0.082241 0.049210
0.942581 0.931047 0.080505 0.043376
0.284317 0.921174 0.073437 0.050187
0.821677 0.225459 0.087414 0.050987
0.936497 0.832165 0.085757 0.050580
0.832593 0.880518 0.075122 0.048432
0.607005 0.256323 0.079236 0.054378
0.287968 0.319043 0.077684 0.048306
0.283164 0.269065 0.081582 0.049449
0.820218 0.168000 0.074502 0.057617
0.835670 0.933723 0.081579 0.046501
0.716678 0.643160 0.078402 0.043648
0.401724 0.442630 0.088621 0.048181
0.063543 0.383518 0.076461 0.055097
0.277393 0.163411 0.089350 0.050669
0.504727 0.844189 0.085715 0.044026
0.278558 0.710098 0.086813 0.046190
0.928228 0.166792 0.092855 0.049283
0.063098 0.845918 0.079376 0.040013
0.610689 0.474907 0.080018 0.054259
0.726791 0.430893 0.086284 0.048376
0.400220 0.495406 0.089856 0.054628
0.723038 0.274660 0.072369 0.048349
0.397795 0.057170 0.080014 0.056127
0.720836 0.173374 0.091306 0.053287
0.933029 0.715308 0.085701 0.050276
0.718035 0.378596 0.090413 0.050824
0.721978 0.324354 0.071233 0.049113
0.823477 0.112099 0.080114 0.045765
0.507385 0.630822 0.081438 0.051504
0.173088 0.350348 0.065314 0.053375
0.711749 0.861481 0.074988 0.051969
0.609212 0.702160 0.075725 0.053275
0.717770 0.487034 0.093635 0.055988
0.727146 0.966605 0.084823 0.048981
0.614268 0.103646 0.081680 0.047798
0.936824 0.110144 0.086446 0.051813
0.931382 0.055347 0.095256 0.055675
0.506547 0.738418 0.074107 0.046553
0.398263 0.166203 0.084100 0.049120
0.510691 0.792553 0.068486 0.048351
0.723502 0.115981 0.083731 0.054720
0.181684 0.969543 0.076387 0.046432
0.722494 0.544309 0.072166 0.050959
0.173660 0.769691 0.084518 0.044721
0.935150 0.272405 0.081397 0.044288
0.822644 0.830763 0.071289 0.046199
0.067225 0.116882 0.068980 0.048371
0.070439 0.756423 0.077746 0.043638
0.397705 0.392278 0.069525 0.047910
0.069609 0.545512 0.083494 0.050648
0.939210 0.972035 0.075888 0.040743
0.828689 0.387636 0.072177 0.051388
0.942969 0.774288 0.067519 0.054869
0.067739 0.492739 0.074637 0.044135
0.824204 0.510881 0.078927 0.055293
0.821842 0.057543 0.075452 0.055419
0.936330 0.547521 0.082416 0.055680
0.612626 0.863231 0.076979 0.046077
0.170244 0.869949 0.068261 0.047213
0.281697 0.765339 0.079403 0.049493
0.172698 0.296240 0.075780 0.047389
0.282278 0.060844 0.085814 0.053090
0.608014 0.525705 0.080614 0.040349
0.284551 0.112290 0.079758 0.044790
0.616232 0.053675 0.072311 0.048750
0.172288 0.453559 0.075564 0.050332
0.173047 0.111721 0.074571 0.049712
0.292856 0.372810 0.074571 0.049201
0.292403 0.867576 0.078088 0.049392
0.723745 0.810206 0.079306 0.046150
0.937551 0.661075 0.075294 0.052312
0.939070 0.324255 0.072837 0.052372
0.172526 0.818170 0.073003 0.046121
0.288941 0.970019 0.069874 0.041513
0.174024 0.507636 0.080479 0.050281
0.069683 0.173039 0.069042 0.058128
0.610588 0.906605 0.077215 0.038388
0.504962 0.056544 0.075067 0.054538
0.941385 0.492153 0.072575 0.045563
0.065680 0.441115 0.073365 0.055373
0.397639 0.970351 0.083084 0.042489
0.825005 0.616947 0.075490 0.046585
0.509498 0.114942 0.071749 0.055601
0.399359 0.615464 0.081414 0.035826
0.503820 0.279744 0.077721 0.055487
0.071302 0.228774 0.085316 0.052399
0.722560 0.056596 0.089951 0.057223
0.718040 0.911957 0.062798 0.046771
0.825460 0.328521 0.061711 0.055586
0.402466 0.109826 0.067662 0.046478
0.939311 0.883680 0.067634 0.045555
0.066222 0.062566 0.078394 0.055645
0.510397 0.683955 0.068623 0.048266
0.067996 0.898457 0.071913 0.055146
0.508366 0.329811 0.076638 0.042890
0.173992 0.169459 0.067383 0.054516
0.935650 0.434122 0.069205 0.063648
0.069277 0.275466 0.077791 0.035334
0.286032 0.596357 0.062462 0.051105
0.616814 0.197939 0.080626 0.053276
0.285260 0.427308 0.068367 0.050204
0.397987 0.222254 0.070983 0.046608
0.062342 0.706910 0.071530 0.043294
0.401330 0.664186 0.078949 0.042114
0.505099 0.941211 0.092448 0.038704
0.397045 0.719362 0.067088 0.055369
0.721468 0.752691 0.070089 0.062265
0.615949 0.147728 0.064213 0.037284
0.066924 0.799584 0.087165 0.040873
0.287297 0.480590 0.063514 0.051141
0.285925 0.540993 0.066768 0.055632
0.826331 0.673201 0.066718 0.050795
0.831716 0.974980 0.090318 0.038406
0.064023 0.603633 0.072402 0.052901
0.505827 0.170189 0.063804 0.049702
0.396462 0.563329 0.076302 0.062670
0.614268 0.580763 0.065578 0.056124
0.284685 0.817791 0.058446 0.043893
0.170179 0.720952 0.065542 0.047141
0.723268 0.224905 0.058209 0.047008
0.610080 0.942843 0.085469 0.037450
0.616647 0.639109 0.083318 0.057778
0.399583 0.336625 0.068409 0.054822
0.505200 0.223271 0.068315 0.048411
0.824427 0.275228 0.055089 0.041522
0.171476 0.623882 0.076397 0.045116
0.610763 0.811308 0.070135 0.050444
0.175258 0.570863 0.075616 0.055451
0.399353 0.782529 0.067652 0.058530
0.170961 0.671906 0.074823 0.050106
0.825900 0.778160 0.061613 0.048342
0.940510 0.374937 0.070870 0.044746
0.937040 0.221502 0.060651 0.049536
0.182234 0.402422 0.086443 0.052018
0.400299 0.840088 0.068169 0.051687
0.171511 0.058530 0.067837 0.055308
0.506451 0.385159 0.077799 0.059049
0.828546 0.725615 0.052623 0.041220
0.393615 0.932060 0.082007 0.039442
0.171876 0.235250 0.082118 0.068026
0.067111 0.324762 0.074582 0.056410
0.509541 0.974214 0.084598 0.034689
0.823448 0.567173 0.055599 0.048822
0.495525 0.578583 0.078061 0.054051
0.068993 0.965589 0.091371 0.048954
0.066834 0.948215 0.088018 0.043380
0.068182 0.659651 0.049894 0.046649
0.507694 0.444852 0.059839 0.050875
0.614489 0.973711 0.084363 0.030535
0.401063 0.885864 0.043725 0.031449
