0.822383 0.157569 0.060333 0.039389
0.598509 0.216887 0.063630 0.034724
0.931572 0.839727 0.063980 0.039796
0.278938 0.370658 0.056261 0.032952
0.818917 0.853855 0.056197 0.033989
0.614354 0.770746 0.062240 0.035427
0.830818 0.562128 0.057702 0.038745
0.934807 0.323680 0.065704 0.037650
0.281417 0.809436 0.064007 0.036718
0.715519 0.763003 0.075133 0.042843
0.717962 0.909863 0.055047 0.038297
0.823417 0.198864 0.057736 0.039496
0.169063 0.155810 0.054206 0.038010
0.945013 0.576856 0.061053 0.043416
0.719103 0.721754 0.055091 0.036943
0.597959 0.256158 0.055852 0.039012
0.935222 0.971561 0.057209 0.032057
0.831116 0.599833 0.051262 0.035742
0.496091 0.899391 0.049943 0.031747
0.614796 0.836322 0.064873 0.029292
0.833395 0.633530 0.051452 0.028123
0.711382 0.284539 0.052438 0.036787
0.833235 0.667362 0.055849 0.033955
0.375149 0.161916 0.064142 0.042008
0.941068 0.536389 0.052236 0.031943
0.491581 0.241618 0.052962 0.043928
0.601750 0.142532 0.050934 0.036182
0.609503 0.455398 0.070864 0.040080
0.171911 0.548937 0.067760 0.046737
0.599991 0.297196 0.053857 0.040171
0.833538 0.527630 0.067247 0.029118
0.932766 0.146164 0.048791 0.038435
0.491511 0.164827 0.058342 0.031816
0.603728 0.336785 0.062754 0.035239
0.933399 0.404619 0.052772 0.036600
0.381795 0.563668 0.052290 0.039223
0.277197 0.335035 0.047082 0.036114
0.606311 0.628635 0.051178 0.039289
0.281988 0.407015 0.064763 0.037986
0.496284 0.645280 0.049904 0.036092
0.618208 0.902911 0.056162 0.033679
0.834388 0.705346 0.054901 0.034257
0.718903 0.472723 0.049834 0.040726
0.494938 0.682318 0.048739 0.035403
0.612842 0.730360 0.058036 0.030764
0.718076 0.578727 0.054825 0.035215
0.385201 0.877733 0.052703 0.036816
0.271385 0.654794 0.074026 0.037593
0.373661 0.248626 0.059662 0.040021
0.828806 0.490480 0.052049 0.040438
0.941300 0.651355 0.066025 0.033994
0.928322 0.254682 0.052220 0.034930
0.169672 0.710602 0.055576 0.042022
0.281274 0.447355 0.050407 0.038546
0.935653 0.471868 0.055418 0.034729
0.495426 0.718580 0.054205 0.037773
0.936128 0.937409 0.052900 0.032145
0.060425 0.830479 0.050107 0.038301
0.495858 0.608090 0.050514 0.037832
0.167272 0.906903 0.046010 0.038081
0.381933 0.121572 0.055224 0.034122
0.606624 0.373481 0.058500 0.040868
0.490715 0.759785 0.060055 0.044002
0.487770 0.429038 0.057874 0.031773
0.717613 0.869526 0.051529 0.037257
0.380700 0.604296 0.066757 0.040742
0.718339 0.402074 0.065560 0.040189
0.163537 0.834114 0.057068 0.040320
0.167249 0.390321 0.052946 0.037203
0.613677 0.869822 0.047468 0.032022
0.493895 0.538001 0.066653 0.036083
0.058311 0.541160 0.047748 0.033102
0.487802 0.499036 0.064436 0.036844
0.607022 0.668136 0.052048 0.033698
0.385525 0.916707 0.051102 0.041008
0.823403 0.778214 0.051481 0.029584
0.825235 0.235912 0.053471 0.035801
0.713012 0.144787 0.056506 0.033323
0.600389 0.179713 0.045327 0.034353
0.283405 0.847655 0.049717 0.036810
0.170837 0.942015 0.050860 0.030256
0.930615 0.800874 0.055205 0.033381
0.939054 0.439039 0.057978 0.029523
0.610914 0.413811 0.057215 0.037879
0.827881 0.743859 0.062417 0.037647
0.381204 0.790044 0.068482 0.041846
0.489760 0.201352 0.050973 0.036099
0.931725 0.364554 0.059347 0.038245
0.606042 0.102042 0.053836 0.040389
0.816756 0.889490 0.049708 0.028606
0.490054 0.281290 0.052932 0.033775
0.169774 0.120656 0.057051 0.029800
0.169326 0.195049 0.047992 0.034551
0.490941 0.135166 0.051756 0.029461
0.489788 0.959978 0.056825 0.029005
0.719258 0.802959 0.058253 0.028924
0.718827 0.648140 0.070453 0.029222
0.932529 0.761849 0.052315 0.035157
0.379325 0.355169 0.055710 0.034852
0.496956 0.830637 0.043724 0.030533
0.812059 0.916846 0.062645 0.023685
0.615817 0.804221 0.044102 0.028141
0.064877 0.898005 0.052421 0.031948
0.272470 0.615984 0.057086 0.035267
0.491150 0.066489 0.047388 0.041845
0.494288 0.862853 0.046997 0.033866
0.718193 0.836057 0.048578 0.031017
0.377401 0.208338 0.050874 0.041014
0.170772 0.870034 0.051268 0.034032
0.376059 0.321425 0.047640 0.031854
0.276495 0.770415 0.049826 0.039293
0.059611 0.793204 0.057920 0.033122
0.064515 0.642624 0.048846 0.036755
0.709712 0.105831 0.055322 0.039535
0.717645 0.360373 0.045452 0.031344
0.487471 0.462393 0.055145 0.036224
0.822655 0.070587 0.049095 0.040233
0.168965 0.595505 0.052777 0.042040
0.060172 0.681758 0.045536 0.039322
0.061495 0.469523 0.048757 0.040950
0.275331 0.296009 0.047534 0.042207
0.379426 0.393806 0.054742 0.035558
0.381423 0.641065 0.062114 0.031082
0.716417 0.614366 0.056877 0.033605
0.826033 0.273628 0.052643 0.034152
0.492932 0.399565 0.069567 0.027172
0.065551 0.250277 0.045407 0.038315
0.166150 0.084458 0.065929 0.033466
0.379767 0.433354 0.059513 0.045200
0.605107 0.066342 0.063666 0.034693
0.822577 0.813716 0.045042 0.039290
0.822983 0.030189 0.060054 0.038268
0.946039 0.618521 0.066414 0.028621
0.607373 0.564428 0.057414 0.033040
0.715547 0.324180 0.050864 0.037401
0.166041 0.501903 0.053243 0.041974
0.280425 0.887152 0.050556 0.038008
0.609097 0.699801 0.049131 0.030313
0.818717 0.113499 0.053445 0.044924
0.063955 0.866431 0.047130 0.031201
0.385038 0.834306 0.050804 0.043530
0.931952 0.187693 0.049768 0.039572
0.493211 0.368742 0.054028 0.031011
0.492603 0.929599 0.043568 0.025645
0.060319 0.574212 0.044966 0.032821
0.266845 0.031649 0.088361 0.047932
0.391355 0.713456 0.059961 0.036733
0.060522 0.208496 0.046909 0.037483
0.602186 0.029105 0.061264 0.034371
0.935301 0.223548 0.054184 0.024175
0.166969 0.794226 0.057387 0.038621
0.165570 0.460973 0.051089 0.035995
0.937027 0.287639 0.045456 0.031053
0.718198 0.683132 0.051805 0.037494
0.709378 0.249965 0.042429 0.030886
0.065163 0.930855 0.046876 0.037364
0.717532 0.437859 0.050256 0.026506
0.064718 0.355647 0.048746 0.036941
0.066842 0.103088 0.051874 0.036994
0.487438 0.324489 0.052192 0.044897
0.616205 0.964648 0.049281 0.028193
0.068863 0.969546 0.081350 0.039423
0.166069 0.425815 0.056214 0.032348
0.166306 0.307471 0.043885 0.035874
0.059823 0.173716 0.067585 0.031630
0.379225 0.083537 0.047941 0.042358
0.611734 0.494148 0.051206 0.037762
0.059848 0.141180 0.047847 0.033952
0.280360 0.184274 0.052936 0.034250
0.932821 0.906685 0.038176 0.026837
0.932663 0.031172 0.052354 0.041576
0.829848 0.344642 0.055904 0.025292
0.169996 0.635061 0.053872 0.034399
0.615886 0.934789 0.060698 0.030818
0.608657 0.594214 0.064520 0.024210
0.489677 0.103279 0.039254 0.029761
0.609425 0.532515 0.048361 0.036024
0.827814 0.450184 0.049371 0.035884
0.281262 0.485189 0.054238 0.032057
0.944353 0.503471 0.047549 0.030225
0.382000 0.527828 0.047521 0.031820
0.061095 0.752461 0.045571 0.042543
0.933013 0.875953 0.040607 0.030020
0.933337 0.108102 0.042100 0.032022
0.175358 0.230786 0.048771 0.038803
0.705342 0.063257 0.051083 0.043079
0.066665 0.315423 0.049705 0.035371
0.062526 0.607482 0.046602 0.034913
0.274992 0.540344 0.042912 0.030110
0.718219 0.509261 0.043683 0.030195
0.828900 0.378212 0.056552 0.034222
0.067653 0.284927 0.041085 0.026268
0.940600 0.690262 0.048027 0.042386
0.386242 0.751354 0.045810 0.033876
0.487589 0.028394 0.051903 0.028593
0.273283 0.074596 0.047881 0.036692
0.062841 0.715438 0.043152 0.029473
0.062591 0.393764 0.044461 0.034046
0.827254 0.966981 0.055217 0.026948
0.165735 0.345287 0.057197 0.041219
0.929004 0.073140 0.042143 0.035466
0.178288 0.971246 0.062972 0.031077
0.713856 0.542443 0.045145 0.035592
0.936146 0.726422 0.044494 0.033086
0.494448 0.798404 0.043287 0.031318
0.392175 0.955787 0.057627 0.027826
0.374861 0.288659 0.043830 0.033250
0.171613 0.670011 0.048067 0.037164
0.271262 0.113054 0.050480 0.037348
0.838414 0.309799 0.088686 0.040548
0.706610 0.026021 0.053901 0.033448
0.277272 0.255700 0.042172 0.032981
0.275913 0.219209 0.051123 0.040227
0.831892 0.414116 0.061915 0.034455
0.058659 0.430882 0.039194 0.033581
0.707115 0.181102 0.038934 0.031238
0.496031 0.572038 0.052962 0.036285
0.386707 0.676471 0.053775 0.039457
0.171426 0.271017 0.041576 0.032826
0.167800 0.753462 0.065107 0.042328
0.066823 0.070438 0.041826 0.030950
0.824032 0.942102 0.060164 0.023500
0.275191 0.728694 0.048546 0.039847
0.058053 0.506877 0.040959 0.030637
0.270292 0.693719 0.048972 0.038083
0.070270 0.029526 0.046097 0.036589
0.381082 0.475379 0.066722 0.037675
0.167210 0.058106 0.047583 0.023916
0.376230 0.034457 0.051535 0.046428
0.705498 0.213645 0.040385 0.032506
0.282405 0.511273 0.049577 0.025797
0.273931 0.964570 0.045860 0.037857
0.277248 0.575499 0.051455 0.037198
0.276175 0.149130 0.041260 0.034221
0.724696 0.949901 0.062649 0.037683
0.277220 0.924972 0.052640 0.038500
0.164689 0.024827 0.047185 0.036870
0.379161 0.493488 0.069013 0.035191
