0.507322 0.180480 0.061126 0.036678
0.934027 0.816902 0.064986 0.034503
0.935516 0.776837 0.065590 0.041161
0.935757 0.583781 0.062498 0.042280
0.934762 0.654800 0.056312 0.039523
0.506225 0.218697 0.063166 0.036654
0.269574 0.882593 0.063498 0.043059
0.934203 0.926920 0.059301 0.035253
0.727251 0.236736 0.057976 0.037834
0.936652 0.192400 0.058724 0.038544
0.728587 0.160715 0.053310 0.042151
0.822881 0.578947 0.063379 0.045722
0.945622 0.232517 0.064441 0.037339
0.702732 0.843457 0.078680 0.043188
0.176608 0.342257 0.061357 0.041325
0.939399 0.107164 0.060576 0.040663
0.271479 0.604167 0.061311 0.039472
0.067444 0.241323 0.052284 0.034154
0.064222 0.863759 0.065137 0.042506
0.723357 0.279104 0.067216 0.047969
0.614397 0.227037 0.054813 0.033045
0.270639 0.841259 0.054391 0.038954
0.944665 0.068414 0.062364 0.038772
0.066160 0.311163 0.053241 0.035598
0.936926 0.853819 0.061156 0.038494
0.817952 0.843055 0.058256 0.049165
0.170974 0.387205 0.086652 0.045430
0.716570 0.668299 0.058451 0.041054
0.605788 0.339570 0.068499 0.044316
0.612527 0.263623 0.052474 0.035210
0.821000 0.665985 0.059251 0.046665
0.169241 0.596601 0.061811 0.037303
0.831949 0.227910 0.058908 0.042650
0.171027 0.472511 0.058356 0.038788
0.718691 0.627518 0.063946 0.038740
0.724578 0.198645 0.056347 0.034486
0.728069 0.121481 0.062149 0.036438
0.610013 0.297870 0.053948 0.036604
0.824218 0.622952 0.054832 0.039367
0.273324 0.379861 0.066824 0.042453
0.175416 0.935665 0.054933 0.034259
0.716776 0.583264 0.054920 0.044027
0.936358 0.966193 0.057061 0.039725
0.823557 0.535599 0.064044 0.041660
0.175794 0.969404 0.058320 0.035759
0.269313 0.797828 0.054616 0.043132
0.821131 0.925388 0.061368 0.040462
0.934759 0.699951 0.072713 0.046224
0.937232 0.537185 0.054908 0.042733
0.830135 0.308327 0.051856 0.040525
0.508336 0.254398 0.062089 0.031894
0.171956 0.206035 0.055551 0.032545
0.061764 0.706370 0.067710 0.048439
0.708910 0.797177 0.064937 0.044290
0.166816 0.556351 0.057473 0.046035
0.622344 0.148654 0.054032 0.037991
0.729107 0.033342 0.061425 0.041190
0.265897 0.757600 0.051861 0.036075
0.823511 0.795149 0.057186 0.042070
0.390318 0.516082 0.061683 0.048716
0.833299 0.389775 0.053618 0.037308
0.066120 0.073178 0.051570 0.038379
0.283187 0.197229 0.058550 0.039042
0.174139 0.898826 0.056925 0.037912
0.820451 0.755474 0.055432 0.037068
0.491888 0.498387 0.058524 0.032961
0.832707 0.270004 0.062967 0.034871
0.060075 0.750942 0.059412 0.037853
0.702871 0.888593 0.062610 0.044044
0.505267 0.143639 0.054678 0.036417
0.164108 0.638589 0.054361 0.039387
0.833447 0.078331 0.058541 0.047991
0.823471 0.464487 0.059009 0.037087
0.166625 0.241160 0.053661 0.035932
0.178318 0.302863 0.064155 0.034156
0.940646 0.149988 0.049703 0.041411
0.617322 0.188530 0.058136 0.039950
0.714556 0.713709 0.061078 0.045367
0.943085 0.347688 0.058595 0.034481
0.941700 0.434715 0.050820 0.041221
0.164457 0.714718 0.047683 0.044789
0.494967 0.460008 0.057360 0.037809
0.066085 0.970330 0.058225 0.035741
0.170188 0.827045 0.057187 0.041264
0.822053 0.966901 0.055652 0.042909
0.713103 0.754989 0.060803 0.036484
0.062679 0.205822 0.051499 0.037579
0.937056 0.739706 0.048770 0.032269
0.274402 0.562263 0.052173 0.044628
0.060222 0.474571 0.060651 0.033110
0.164707 0.677233 0.051560 0.029231
0.825119 0.498881 0.061131 0.031436
0.819107 0.714541 0.052145 0.044349
0.943609 0.031087 0.047423 0.033702
0.831024 0.349256 0.050078 0.039088
0.064964 0.349605 0.058190 0.041183
0.391163 0.432215 0.061472 0.041045
0.490967 0.650446 0.058502 0.046340
0.621713 0.075307 0.058761 0.042422
0.064947 0.658365 0.055101 0.044368
0.066991 0.621600 0.050042 0.031672
0.935875 0.621090 0.061618 0.028760
0.270447 0.921840 0.070111 0.035104
0.066632 0.585974 0.048783 0.034851
0.063387 0.157969 0.049839 0.044195
0.166986 0.513072 0.053599 0.040520
0.062545 0.032088 0.059278 0.035221
0.936230 0.890332 0.046569 0.034469
0.490200 0.568555 0.059665 0.037438
0.265951 0.647143 0.053146 0.044963
0.164648 0.756859 0.044032 0.036550
0.730808 0.077089 0.052376 0.046322
0.721545 0.323908 0.054823 0.038127
0.172370 0.433523 0.054379 0.040825
0.282250 0.231826 0.064492 0.032108
0.170591 0.791536 0.060149 0.026500
0.628555 0.112595 0.060339 0.027421
0.392089 0.195343 0.074034 0.045254
0.063387 0.115705 0.048637 0.039010
0.817323 0.885948 0.051553 0.035055
0.624217 0.032456 0.064575 0.045135
0.168533 0.172394 0.052170 0.035342
0.493558 0.532842 0.055961 0.032820
0.828802 0.429008 0.047822 0.032445
0.490584 0.606008 0.053580 0.036953
0.167324 0.088900 0.057814 0.054243
0.499895 0.288803 0.054552 0.037814
0.942660 0.391062 0.053668 0.046843
0.284264 0.159510 0.043160 0.033065
0.942287 0.305249 0.049048 0.045041
0.830554 0.031202 0.056009 0.041609
0.067749 0.275552 0.047545 0.033472
0.171389 0.864750 0.046296 0.034448
0.067078 0.787566 0.049866 0.037544
0.061357 0.436755 0.046869 0.041118
0.069140 0.822917 0.051161 0.034954
0.937984 0.480333 0.062913 0.045095
0.718543 0.531913 0.062061 0.056557
0.834649 0.130104 0.048983 0.048208
0.165621 0.137033 0.054569 0.038698
0.271373 0.514893 0.051247 0.042738
0.706679 0.930589 0.053097 0.040705
0.275464 0.469946 0.054385 0.047278
0.714822 0.967142 0.060091 0.037635
0.390272 0.472667 0.052301 0.039310
0.275622 0.424814 0.056189 0.043540
0.269339 0.722228 0.049458 0.031123
0.945732 0.268485 0.052182 0.028131
0.504470 0.109541 0.043971 0.033316
0.719947 0.360942 0.053522 0.039154
0.386991 0.388483 0.060720 0.044647
0.063813 0.395641 0.049923 0.040971
0.492844 0.416544 0.047297 0.047461
0.267331 0.689326 0.044461 0.034168
0.279054 0.339394 0.049629 0.038155
0.073168 0.901126 0.056510 0.030661
0.286619 0.123512 0.047171 0.034373
0.068010 0.934402 0.041938 0.033404
0.716946 0.484210 0.049542 0.034728
0.284167 0.269637 0.054898 0.037265
0.068075 0.508569 0.052504 0.034743
0.270712 0.957916 0.059946 0.036486
0.395442 0.284825 0.046046 0.029952
0.495090 0.366067 0.050406 0.044961
0.172701 0.034565 0.060538 0.045147
0.284234 0.304909 0.055279 0.035879
0.717640 0.404112 0.054206 0.043680
0.288390 0.039637 0.051442 0.043709
0.078083 0.544939 0.075528 0.045187
0.287451 0.086678 0.038952 0.035923
0.832587 0.181027 0.055480 0.047423
0.396851 0.246189 0.047266 0.047620
0.500231 0.323627 0.044730 0.031980
0.169346 0.272844 0.053371 0.036044
0.721624 0.446708 0.043348 0.037310
0.508598 0.073089 0.043205 0.035121
0.396815 0.150244 0.063257 0.044836
0.384089 0.354952 0.052497 0.018986
0.507647 0.031133 0.047270 0.036385
0.399968 0.118668 0.044454 0.032278
