0.601445 0.528603 0.066657 0.048471
0.811746 0.216346 0.074740 0.050863
0.175414 0.415407 0.064841 0.038973
0.390626 0.209168 0.066057 0.036829
0.276718 0.843237 0.071300 0.051407
0.928008 0.271190 0.073309 0.038669
0.390377 0.127752 0.060460 0.042797
0.931275 0.796076 0.067285 0.045687
0.716203 0.205436 0.068126 0.041348
0.177452 0.778029 0.059263 0.042074
0.061169 0.215318 0.061972 0.041472
0.283427 0.522119 0.074530 0.041841
0.280231 0.178494 0.065076 0.046912
0.599209 0.605300 0.071320 0.042716
0.181341 0.513662 0.069207 0.040959
0.390387 0.248018 0.080872 0.036310
0.280918 0.228980 0.062458 0.047820
0.060418 0.262612 0.063392 0.046883
0.278422 0.474118 0.063939 0.049445
0.391594 0.955304 0.073802 0.056362
0.056722 0.397428 0.058477 0.042512
0.394501 0.546409 0.070502 0.044795
0.058951 0.766322 0.064981 0.038633
0.492652 0.197152 0.067813 0.045166
0.393186 0.081254 0.079129 0.044539
0.605358 0.199217 0.086901 0.035936
0.282473 0.133340 0.066859 0.041012
0.822334 0.973393 0.061545 0.037423
0.279857 0.368468 0.070585 0.043201
0.932942 0.620597 0.081262 0.041999
0.165611 0.868042 0.067172 0.043282
0.924779 0.090070 0.061987 0.045169
0.278949 0.280482 0.061865 0.048264
0.927378 0.228123 0.065601 0.045912
0.814410 0.263914 0.064425 0.043939
0.392468 0.293264 0.061872 0.049810
0.282642 0.419828 0.065319 0.053275
0.390486 0.898412 0.065248 0.040316
0.716550 0.404278 0.061965 0.051348
0.609992 0.243879 0.080071 0.047866
0.174189 0.822634 0.065604 0.041099
0.814873 0.127491 0.062433 0.042273
0.055607 0.355104 0.058190 0.036007
0.826065 0.510617 0.074670 0.045550
0.394704 0.592890 0.079603 0.036670
0.173522 0.244620 0.057363 0.041404
0.389039 0.760688 0.061124 0.048883
0.388225 0.500515 0.076777 0.039760
0.282749 0.746573 0.061364 0.049259
0.060559 0.174696 0.055231 0.034463
0.178888 0.730219 0.063032 0.050855
0.061875 0.133862 0.059312 0.042902
0.059553 0.312910 0.058557 0.046101
0.607398 0.328483 0.062368 0.048586
0.489438 0.240581 0.073089 0.037124
0.818251 0.598204 0.066573 0.048664
0.278718 0.896502 0.072682 0.051451
0.605671 0.448145 0.056765 0.035645
0.606630 0.406661 0.068392 0.047941
0.934069 0.969392 0.074933 0.041103
0.058245 0.607817 0.055404 0.040446
0.288824 0.087914 0.075627 0.041535
0.275104 0.792424 0.064938 0.042402
0.386515 0.454453 0.063270 0.049572
0.174575 0.374619 0.057035 0.037684
0.605285 0.287513 0.070018 0.036596
0.278105 0.324970 0.052667 0.039912
0.809649 0.303251 0.072282 0.035924
0.931407 0.710240 0.076986 0.044719
0.931222 0.750868 0.060842 0.036474
0.930039 0.663455 0.073999 0.042994
0.928493 0.315107 0.059363 0.045968
0.181010 0.558275 0.069240 0.044892
0.393789 0.855188 0.074254 0.042090
0.490740 0.282935 0.057983 0.040695
0.386956 0.340368 0.063322 0.043897
0.175112 0.644000 0.059897 0.037311
0.597879 0.696188 0.092769 0.044048
0.064260 0.035980 0.073182 0.039725
0.714102 0.251592 0.057443 0.047085
0.278826 0.700295 0.070984 0.042060
0.385272 0.808476 0.060264 0.041665
0.285618 0.609347 0.060229 0.036757
0.718078 0.513880 0.061866 0.055928
0.172851 0.914069 0.060016 0.042783
0.929409 0.889792 0.057755 0.049789
0.392623 0.169927 0.063012 0.034108
0.927178 0.358069 0.064109 0.037154
0.607537 0.080545 0.058899 0.043328
0.610800 0.649897 0.078567 0.045418
0.057021 0.436968 0.058772 0.036978
0.702888 0.164659 0.073083 0.036534
0.174618 0.330920 0.055954 0.049300
0.062707 0.902166 0.066427 0.039203
0.713466 0.567931 0.058934 0.049610
0.609310 0.160693 0.057244 0.037777
0.390743 0.034961 0.060820 0.039612
0.496928 0.332106 0.063807 0.054154
0.922662 0.134930 0.047931 0.038488
0.818082 0.935850 0.060630 0.036184
0.822258 0.465361 0.057192 0.045452
0.061056 0.650161 0.065733 0.038878
0.277267 0.653328 0.073005 0.050034
0.285788 0.041424 0.064991 0.044726
0.817995 0.889991 0.075290 0.052573
0.598349 0.486122 0.066732 0.035050
0.928660 0.577404 0.065198 0.040073
0.391764 0.639775 0.065647 0.051620
0.385682 0.684912 0.062265 0.039235
0.178701 0.466460 0.060068 0.053986
0.281705 0.950402 0.067922 0.052582
0.719716 0.355108 0.053373 0.038095
0.810297 0.553049 0.067294 0.042560
0.059203 0.858593 0.061166 0.040210
0.813502 0.168089 0.057084 0.041032
0.497589 0.116774 0.060876 0.049293
0.180488 0.601530 0.061136 0.045684
0.933863 0.841097 0.057535 0.039542
0.174076 0.196547 0.056238 0.051243
0.923246 0.436364 0.070944 0.039297
0.175835 0.286349 0.059661 0.035717
0.173794 0.681698 0.047031 0.035713
0.711186 0.123710 0.061973 0.045359
0.926708 0.933673 0.056971 0.033733
0.818540 0.380246 0.054239 0.042299
0.923384 0.178442 0.048530 0.048433
0.067841 0.951842 0.082707 0.048953
0.815109 0.739524 0.062808 0.051432
0.818744 0.041793 0.056966 0.047511
0.717649 0.457981 0.067978 0.052520
0.718434 0.081923 0.064794 0.033243
0.924399 0.040983 0.063889 0.048625
0.610961 0.123776 0.052245 0.036427
0.055695 0.812079 0.059341 0.045433
0.178818 0.957015 0.071166 0.041742
0.283858 0.565261 0.049720 0.041129
0.820324 0.421911 0.060853 0.042774
0.052365 0.570129 0.059660 0.035089
0.053090 0.475177 0.059987 0.039350
0.818877 0.789395 0.061314 0.043528
0.054406 0.723294 0.052546 0.037974
0.925269 0.485153 0.064894 0.052459
0.601848 0.568086 0.061813 0.028910
0.722274 0.726033 0.065617 0.045152
0.814061 0.084225 0.052494 0.037859
0.815889 0.339558 0.047091 0.037788
0.817741 0.836107 0.056654 0.049149
0.717432 0.307115 0.055342 0.055235
0.925501 0.397251 0.056824 0.041950
0.498847 0.158104 0.061825 0.027301
0.600122 0.785749 0.062137 0.059116
0.054824 0.523740 0.055886 0.052965
0.061431 0.084931 0.044614 0.044528
0.720319 0.616932 0.064206 0.047335
0.607606 0.365612 0.059509 0.030037
0.172145 0.033386 0.051550 0.032445
0.814433 0.690185 0.056106 0.047942
0.056145 0.687462 0.048399 0.031698
0.928445 0.535841 0.051515 0.045868
0.496536 0.382189 0.051190 0.044695
0.607971 0.036273 0.052856 0.039307
0.815324 0.643809 0.052828 0.040362
0.593886 0.738344 0.070540 0.033098
0.172709 0.156986 0.067692 0.028433
0.382809 0.720784 0.053380 0.024219
0.718176 0.657409 0.052713 0.036895
0.714504 0.038429 0.051489 0.042902
0.179359 0.125300 0.072119 0.034204
0.387862 0.393484 0.070943 0.060652
0.718160 0.690653 0.054749 0.030731
0.164801 0.082413 0.070047 0.049997
