0.504705 0.246622 0.065627 0.039428
0.616557 0.308308 0.064021 0.042619
0.727779 0.281036 0.066847 0.037266
0.413158 0.851323 0.066512 0.039849
0.397175 0.310032 0.064438 0.035211
0.185402 0.841640 0.065108 0.039557
0.620248 0.397200 0.061262 0.041148
0.291196 0.805315 0.059037 0.038708
0.403920 0.346949 0.060285 0.036621
0.397905 0.272466 0.059266 0.039662
0.080977 0.760712 0.053636 0.037790
0.731798 0.827771 0.061796 0.043929
0.403470 0.706976 0.054998 0.033371
0.296570 0.763934 0.060407 0.038864
0.397678 0.228125 0.059023 0.038745
0.402606 0.668646 0.057571 0.038216
0.077712 0.386409 0.060740 0.036898
0.084078 0.839975 0.060212 0.039293
0.508872 0.488107 0.056390 0.039154
0.399431 0.566783 0.072586 0.039189
0.724547 0.207930 0.065011 0.032825
0.080589 0.799840 0.059040 0.033468
0.619335 0.354945 0.061257 0.041504
0.288626 0.187407 0.061536 0.040888
0.837734 0.384029 0.061087 0.034984
0.509442 0.759031 0.065466 0.030178
0.508033 0.837924 0.062676 0.031721
0.835592 0.308043 0.052065 0.035193
0.396189 0.525447 0.061289 0.039882
0.836978 0.346296 0.058820 0.035361
0.735925 0.678715 0.056698 0.041540
0.729653 0.172804 0.062817 0.036905
0.618997 0.474221 0.051025 0.037586
0.403948 0.745680 0.052082 0.039505
0.062410 0.085566 0.060541 0.044062
0.734422 0.871167 0.072031 0.037849
0.511225 0.448335 0.049282 0.035567
0.509724 0.796145 0.058322 0.039768
0.946892 0.359319 0.065395 0.042474
0.077980 0.586065 0.054255 0.042458
0.186021 0.885103 0.054196 0.040329
0.289878 0.847489 0.063735 0.040038
0.509092 0.408565 0.055975 0.041744
0.509348 0.529356 0.062808 0.040292
0.506170 0.326220 0.057100 0.040446
0.734288 0.600125 0.062316 0.042508
0.284968 0.652025 0.065838 0.036817
0.729517 0.434625 0.053613 0.031563
0.086320 0.921499 0.062541 0.035461
0.172935 0.324400 0.055007 0.034850
0.729188 0.325973 0.058640 0.048268
0.729385 0.244118 0.056095 0.036856
0.508389 0.176716 0.067688 0.039488
0.732479 0.786411 0.055114 0.035511
0.506722 0.655394 0.053917 0.037091
0.945376 0.245740 0.053441 0.034830
0.944536 0.207807 0.053048 0.035364
0.508066 0.614121 0.053857 0.038385
0.616325 0.065974 0.060565 0.038822
0.512847 0.103625 0.065561 0.039469
0.514456 0.870597 0.049431 0.030067
0.617048 0.265354 0.053871 0.037839
0.730178 0.751449 0.054836 0.034231
0.733801 0.717788 0.059336 0.033775
0.617469 0.103281 0.057108 0.034675
0.621661 0.436281 0.056263 0.032809
0.623329 0.546027 0.061447 0.033722
0.505911 0.725424 0.053895 0.034293
0.625843 0.859552 0.048175 0.040827
0.087225 0.883383 0.070291 0.041964
0.615966 0.690734 0.056115 0.042610
0.732024 0.909164 0.057147 0.037184
0.945150 0.282788 0.049711 0.035804
0.180919 0.666075 0.064584 0.037295
0.285373 0.726301 0.050488 0.034592
0.509756 0.366432 0.052092 0.037487
0.728523 0.400331 0.058477 0.036447
0.284763 0.232239 0.056554 0.043322
0.286821 0.611820 0.054761 0.043528
0.515607 0.936090 0.068015 0.030980
0.069835 0.234501 0.054815 0.040418
0.512011 0.029002 0.058691 0.035331
0.509582 0.904578 0.070084 0.032864
0.288777 0.341125 0.053186 0.033651
0.617987 0.511662 0.051042 0.035780
0.725064 0.070126 0.049207 0.037920
0.398478 0.193416 0.059642 0.030155
0.073237 0.276052 0.051937 0.038301
0.077992 0.544191 0.051381 0.035659
0.416563 0.892542 0.072231 0.036105
0.177479 0.250718 0.049649 0.037472
0.942161 0.167876 0.054193 0.034268
0.080421 0.627493 0.053791 0.035816
0.063211 0.126324 0.053489 0.030501
0.290079 0.887752 0.060273 0.039226
0.614375 0.136033 0.056896 0.034339
0.291374 0.073567 0.053971 0.040239
0.178985 0.364690 0.051915 0.038040
0.618082 0.646039 0.059987 0.039785
0.182747 0.588897 0.048701 0.033442
0.836879 0.192501 0.052721 0.047484
0.394089 0.063499 0.061695 0.034570
0.734790 0.554844 0.054143 0.046669
0.956881 0.700766 0.060040 0.032118
0.175249 0.289197 0.052117 0.033797
0.621888 0.787049 0.056240 0.036632
0.512138 0.066886 0.063808 0.035130
0.284963 0.417587 0.053881 0.047365
0.175618 0.070699 0.053542 0.036432
0.620826 0.581370 0.058865 0.032493
0.074601 0.509889 0.044907 0.033200
0.078069 0.720780 0.052089 0.039160
0.187204 0.930359 0.054520 0.048797
0.617038 0.175179 0.049461 0.038840
0.943840 0.318713 0.051246 0.034056
0.075219 0.348828 0.048706 0.035212
0.835197 0.271816 0.048827 0.029529
0.182391 0.731835 0.049071 0.035332
0.843059 0.487598 0.062992 0.041828
0.092519 0.960094 0.073742 0.041111
0.080506 0.673108 0.058014 0.048458
0.291925 0.924414 0.053260 0.032265
0.410717 0.925199 0.062339 0.027733
0.062651 0.042403 0.056940 0.037686
0.735412 0.639714 0.055120 0.034890
0.395360 0.161754 0.047727 0.027295
0.729795 0.470155 0.046740 0.038917
0.290727 0.568607 0.048873 0.039886
0.730261 0.507917 0.075872 0.040838
0.395638 0.420633 0.049457 0.033161
0.946275 0.660480 0.060679 0.041921
0.291665 0.689985 0.050519 0.036356
0.726139 0.029829 0.052593 0.041306
0.289179 0.150730 0.049679 0.030391
0.070699 0.315360 0.049472 0.034925
0.946296 0.400563 0.046809 0.038811
0.502391 0.287708 0.058379 0.038588
0.952057 0.614895 0.047415 0.045915
0.623040 0.025807 0.058792 0.033535
0.397028 0.457004 0.053290 0.036301
0.728775 0.105883 0.049713 0.032384
0.959975 0.740870 0.054505 0.044522
0.183611 0.553604 0.041268 0.032630
0.179304 0.408582 0.046606 0.043405
0.510478 0.572980 0.046916 0.040929
0.066599 0.193366 0.047015 0.039324
0.512130 0.139570 0.066356 0.029113
0.186491 0.802643 0.041506 0.035563
0.623124 0.741739 0.053309 0.048914
0.179985 0.521383 0.046597 0.032676
0.177913 0.624766 0.070120 0.037759
0.517186 0.966557 0.067785 0.031442
0.181126 0.451198 0.055220 0.033616
0.948627 0.437298 0.049403 0.033456
0.619759 0.963372 0.059146 0.033409
0.730225 0.137983 0.045165 0.030267
0.625136 0.896883 0.069372 0.028598
0.620356 0.820617 0.052807 0.032986
0.617407 0.219986 0.045657 0.047033
0.394409 0.129498 0.052202 0.034219
0.295040 0.959540 0.050919 0.038223
0.176336 0.213304 0.043319 0.037282
0.404532 0.783363 0.050456 0.032591
0.508497 0.211862 0.051172 0.030490
0.292646 0.113988 0.051822 0.040065
0.286950 0.307724 0.042411 0.032212
0.178107 0.108744 0.058060 0.037305
0.399593 0.385137 0.043098 0.031170
0.951198 0.520237 0.048757 0.042040
0.836944 0.235767 0.045914 0.038634
0.727787 0.366131 0.052580 0.033151
0.510220 0.691429 0.045705 0.030242
0.291462 0.376274 0.055140 0.034827
0.842546 0.448288 0.068585 0.035031
0.287473 0.272219 0.043990 0.034917
0.937710 0.131793 0.046680 0.038393
0.289046 0.531055 0.047760 0.034395
0.621060 0.611304 0.055352 0.028128
0.284136 0.462557 0.049894 0.038112
0.067380 0.156692 0.051231 0.027480
0.073603 0.474517 0.042866 0.033702
0.619213 0.929534 0.064780 0.034922
0.179758 0.484904 0.046334 0.029361
0.938452 0.095389 0.049594 0.034760
0.175125 0.177619 0.045615 0.036036
0.835277 0.147553 0.061907 0.036551
0.073818 0.433128 0.050249 0.045145
0.173510 0.034144 0.049521 0.033938
0.394005 0.097191 0.053411 0.034702
0.187131 0.968743 0.050260 0.029596
0.398013 0.633157 0.045616 0.029234
0.182731 0.766999 0.045811 0.032955
0.950028 0.476272 0.052418 0.040994
0.289602 0.032570 0.045288 0.038867
0.951157 0.566548 0.051068 0.046027
0.179012 0.700176 0.057136 0.022758
0.416922 0.956998 0.048380 0.030361
0.403347 0.813908 0.040268 0.035506
0.284488 0.497594 0.043713 0.032720
0.736665 0.951080 0.048421 0.044763
0.835236 0.103463 0.056632 0.048834
0.399694 0.604737 0.045235 0.032341
0.838587 0.416162 0.040021 0.025786
0.938696 0.061185 0.040048 0.032704
0.396175 0.028485 0.047754 0.031320
0.399192 0.491602 0.044540 0.028298
0.939483 0.027215 0.038967 0.034982
0.175206 0.142005 0.038802 0.030620
