0.401363 0.216965 0.076437 0.055853
0.398467 0.275485 0.080195 0.053844
0.393455 0.494458 0.088424 0.054739
0.394385 0.769073 0.084761 0.055176
0.273238 0.706029 0.074226 0.052266
0.393551 0.546488 0.084584 0.048652
0.396732 0.383294 0.089320 0.048296
0.273907 0.917539 0.079566 0.047902
0.508854 0.576082 0.087207 0.054653
0.827396 0.224246 0.079592 0.050779
0.391618 0.918991 0.077876 0.043401
0.828959 0.166805 0.088034 0.052919
0.396761 0.600651 0.082605 0.054417
0.056652 0.904072 0.079774 0.051277
0.507915 0.518707 0.070200 0.054550
0.621691 0.159623 0.083008 0.061206
0.617677 0.593235 0.071209 0.058218
0.166562 0.917542 0.081574 0.050516
0.063656 0.120404 0.086054 0.056072
0.614624 0.706872 0.073071 0.053005
0.724371 0.287864 0.081194 0.053483
0.393560 0.103821 0.086629 0.052468
0.932662 0.058008 0.078254 0.056366
0.721349 0.229565 0.084599 0.058107
0.722961 0.402095 0.073669 0.048887
0.506768 0.297250 0.076249 0.060997
0.505139 0.632385 0.095016 0.057093
0.281450 0.491139 0.090104 0.047065
0.280953 0.603152 0.076066 0.052471
0.823513 0.804893 0.076777 0.045561
0.722516 0.346164 0.075548 0.057698
0.510167 0.691906 0.087012 0.056514
0.393276 0.823448 0.071927 0.050345
0.169798 0.325805 0.073612 0.050350
0.508018 0.887302 0.078697 0.049036
0.616765 0.102074 0.089999 0.048922
0.392630 0.711728 0.089421 0.055466
0.505920 0.355031 0.076024 0.052093
0.162212 0.967915 0.074304 0.050457
0.930333 0.668076 0.084306 0.048591
0.834823 0.858770 0.086162 0.048245
0.617461 0.376439 0.085164 0.058962
0.508876 0.237015 0.089070 0.047427
0.620038 0.904669 0.078876 0.048561
0.398147 0.330740 0.079466 0.053700
0.060132 0.181311 0.090029 0.063452
0.396711 0.051375 0.089057 0.050973
0.617911 0.855746 0.079765 0.043649
0.278159 0.388180 0.078425 0.057327
0.282087 0.157606 0.080616 0.060120
0.168009 0.537867 0.076776 0.050894
0.930738 0.721181 0.077790 0.050373
0.719430 0.667965 0.081946 0.055036
0.618003 0.435574 0.085345 0.047719
0.061610 0.574738 0.078426 0.051800
0.719144 0.886294 0.071005 0.044449
0.828336 0.908792 0.068454 0.049029
0.615512 0.956603 0.075040 0.046939
0.512627 0.055397 0.094192 0.058732
0.394179 0.655036 0.079981 0.050213
0.934095 0.160146 0.075243 0.046812
0.167976 0.432518 0.070470 0.045050
0.822854 0.437963 0.081301 0.050006
0.390952 0.965918 0.098613 0.046217
0.393990 0.435399 0.076851 0.053399
0.930978 0.390766 0.093515 0.054546
0.169934 0.161250 0.071973 0.053218
0.057701 0.628212 0.078972 0.046977
0.170825 0.594727 0.089154 0.056938
0.273755 0.756791 0.076877 0.042249
0.827752 0.110306 0.080733 0.049866
0.720267 0.612557 0.080644 0.043283
0.281934 0.546340 0.090966 0.052107
0.721942 0.171104 0.074938 0.055305
0.717382 0.726893 0.077517 0.053999
0.281942 0.442588 0.075667 0.046617
0.276908 0.862675 0.085686 0.055170
0.059053 0.848456 0.073452 0.051819
0.393072 0.159735 0.081940 0.052000
0.056856 0.791596 0.091223 0.052078
0.166571 0.380505 0.069283 0.050316
0.165884 0.483978 0.071431 0.046942
0.510140 0.115343 0.067901 0.052855
0.281571 0.272669 0.062189 0.046058
0.507210 0.413782 0.077018 0.047978
0.825689 0.488186 0.079862 0.039623
0.938406 0.214094 0.073545 0.052624
0.619098 0.210860 0.078918 0.038118
0.818646 0.702766 0.073155 0.057728
0.061590 0.521002 0.069964 0.051734
0.278573 0.806002 0.082176 0.052802
0.827656 0.585622 0.086413 0.041771
0.504691 0.837122 0.065872 0.041983
0.928482 0.836353 0.069495 0.037357
0.616572 0.315517 0.061362 0.054816
0.939504 0.551357 0.086659 0.044698
0.720247 0.561602 0.071531 0.051966
0.507272 0.744408 0.073853 0.049275
0.168260 0.859033 0.071568 0.057131
0.827801 0.639142 0.074658 0.061315
0.273507 0.965450 0.085410 0.041031
0.166696 0.268099 0.065061 0.054919
0.724110 0.457777 0.068067 0.051666
0.511339 0.177743 0.066610 0.061115
0.613627 0.535904 0.070939 0.050697
0.611442 0.809978 0.071149 0.045660
0.508969 0.934331 0.076807 0.042090
0.061385 0.417273 0.071498 0.045933
0.505156 0.464350 0.059158 0.047750
0.724214 0.111455 0.067519 0.055438
0.616349 0.483319 0.066108 0.043984
0.721359 0.925810 0.076890 0.036087
0.937800 0.503264 0.073269 0.043460
0.285536 0.326968 0.077315 0.056259
0.390883 0.873137 0.067730 0.040579
0.501912 0.791923 0.060793 0.038997
0.830004 0.271830 0.074937 0.043074
0.164991 0.806991 0.066835 0.043919
0.935153 0.609667 0.077035 0.061533
0.283075 0.057069 0.073703 0.052720
0.059588 0.738577 0.058263 0.046728
0.065270 0.361875 0.066831 0.056372
0.279605 0.219011 0.068010 0.056538
0.168788 0.215253 0.075287 0.048344
0.284911 0.104119 0.071278 0.039191
0.278141 0.654863 0.070088 0.040902
0.928956 0.882944 0.062344 0.047999
0.616159 0.650837 0.072652 0.050095
0.817449 0.958666 0.076995 0.049099
0.171503 0.055444 0.068356 0.051438
0.934785 0.270959 0.072085 0.052995
0.060495 0.249793 0.072557 0.062433
0.625847 0.050272 0.068878 0.048254
0.931502 0.927085 0.077013 0.035166
0.167139 0.108568 0.059922 0.045977
0.922551 0.962765 0.086019 0.036849
0.936652 0.449890 0.068108 0.054413
0.930672 0.781663 0.072662 0.061495
0.067261 0.057969 0.076675 0.060035
0.825218 0.382973 0.064731 0.058099
0.622635 0.259456 0.065383 0.046162
0.613671 0.759215 0.057942 0.050054
0.061975 0.306379 0.061040 0.043655
0.164876 0.658194 0.077086 0.058695
0.724567 0.508319 0.061054 0.043200
0.167255 0.714759 0.061231 0.053120
0.719510 0.965683 0.078252 0.039350
0.934878 0.112265 0.056053 0.046004
0.718594 0.834266 0.069916 0.051454
0.167391 0.762034 0.057991 0.034921
0.927066 0.335815 0.080352 0.051995
0.060175 0.467580 0.077769 0.051777
0.829355 0.054831 0.066977 0.052989
0.826581 0.323371 0.082250 0.055077
0.823724 0.757597 0.054992 0.037944
0.059245 0.957884 0.056024 0.050250
0.827957 0.535598 0.054035 0.041681
0.730448 0.052494 0.076478 0.049868
0.059732 0.685259 0.063504 0.057142
0.719829 0.781945 0.056021 0.051381
0.514608 0.970801 0.097084 0.037655
