0.937515 0.909663 0.069153 0.040036
0.060067 0.236772 0.065249 0.040432
0.387281 0.816516 0.066186 0.039716
0.933093 0.399584 0.066550 0.031058
0.490078 0.262398 0.062182 0.034443
0.594574 0.467150 0.071700 0.044085
0.814859 0.108660 0.064476 0.039928
0.487046 0.299371 0.079595 0.035247
0.388576 0.918891 0.063641 0.038443
0.812408 0.753428 0.078581 0.042248
0.281416 0.070557 0.067355 0.037627
0.180618 0.136968 0.067529 0.038972
0.593927 0.271579 0.070289 0.039178
0.174223 0.568970 0.072211 0.031392
0.063257 0.603614 0.070974 0.041014
0.923889 0.173454 0.073275 0.038661
0.928297 0.212239 0.074573 0.036745
0.930153 0.290431 0.070374 0.036845
0.597710 0.197205 0.078377 0.033086
0.933418 0.503375 0.062394 0.036075
0.283535 0.179039 0.069461 0.030774
0.489108 0.223170 0.064642 0.042262
0.810064 0.578051 0.074950 0.041091
0.067618 0.562576 0.065036 0.039407
0.813675 0.390757 0.074460 0.040530
0.275628 0.291513 0.063149 0.033210
0.059153 0.321413 0.059727 0.042558
0.290224 0.498017 0.065642 0.034041
0.588776 0.671666 0.070680 0.038579
0.176734 0.062845 0.068454 0.036972
0.809839 0.837635 0.069508 0.041008
0.818516 0.149516 0.067747 0.038082
0.172871 0.384788 0.073688 0.034859
0.284289 0.360400 0.064093 0.028291
0.066527 0.408170 0.071325 0.032413
0.169371 0.816770 0.073542 0.040669
0.821458 0.622990 0.068182 0.040839
0.175481 0.498820 0.078651 0.034141
0.592916 0.342415 0.065207 0.043337
0.930529 0.825716 0.076976 0.037882
0.384568 0.697753 0.077081 0.038423
0.483729 0.471088 0.058041 0.036378
0.386994 0.436791 0.072991 0.033895
0.388333 0.774869 0.068162 0.039419
0.927413 0.135568 0.069726 0.030476
0.181320 0.265258 0.072245 0.040168
0.383691 0.364541 0.078438 0.030877
0.810970 0.271346 0.072245 0.035484
0.168701 0.733090 0.058860 0.039549
0.063039 0.444050 0.057059 0.034822
0.589205 0.589835 0.062080 0.042771
0.813552 0.795802 0.063533 0.038812
0.593804 0.065108 0.058769 0.031089
0.283602 0.146900 0.070833 0.033354
0.924392 0.783387 0.072507 0.044173
0.066421 0.521769 0.061853 0.038419
0.928562 0.432724 0.072601 0.030930
0.289938 0.327097 0.071250 0.034729
0.927466 0.328888 0.068078 0.035653
0.589343 0.550770 0.058883 0.035930
0.385072 0.333086 0.076649 0.031746
0.603549 0.128252 0.059408 0.032679
0.811251 0.665061 0.072157 0.039642
0.283243 0.535539 0.050463 0.036174
0.288488 0.578351 0.063738 0.043617
0.813660 0.350964 0.059918 0.039345
0.595298 0.383789 0.065326 0.036994
0.487931 0.435303 0.067110 0.029815
0.066540 0.818221 0.061255 0.035995
0.283243 0.761703 0.071637 0.042132
0.391207 0.961993 0.065137 0.038379
0.702257 0.077458 0.065457 0.034709
0.486644 0.140469 0.076116 0.041186
0.591117 0.421685 0.058234 0.034915
0.387213 0.884323 0.065961 0.028114
0.708058 0.115820 0.059807 0.038344
0.278978 0.871979 0.078488 0.033344
0.600806 0.096670 0.056472 0.031054
0.813402 0.191460 0.059335 0.038202
0.804817 0.231314 0.080438 0.040380
0.175672 0.863126 0.071011 0.042256
0.175116 0.461653 0.075764 0.035586
0.932697 0.542254 0.083149 0.039733
0.811303 0.709282 0.061049 0.044340
0.287360 0.110011 0.057400 0.038211
0.284776 0.219803 0.061140 0.043153
0.930861 0.072641 0.076807 0.035032
0.063580 0.892693 0.064090 0.032291
0.178857 0.178168 0.053137 0.040803
0.492658 0.181141 0.058013 0.036945
0.933175 0.736423 0.079350 0.049686
0.063478 0.368601 0.060368 0.041516
0.931013 0.649236 0.083155 0.032030
0.073197 0.931597 0.069875 0.036538
0.484084 0.511485 0.085632 0.039127
0.065441 0.482661 0.054860 0.038393
0.933385 0.946157 0.070163 0.031935
0.175652 0.349451 0.072919 0.033507
0.704284 0.158031 0.088118 0.043985
0.493538 0.398681 0.055646 0.041405
0.381681 0.268683 0.064967 0.028088
0.175752 0.425253 0.067035 0.040601
0.383737 0.585466 0.068014 0.035459
0.933036 0.977879 0.070608 0.031756
0.589238 0.232205 0.072967 0.032266
0.284935 0.620385 0.056929 0.039334
0.940645 0.467546 0.068704 0.036154
0.815509 0.310447 0.083748 0.041052
0.380300 0.238370 0.055470 0.029288
0.278074 0.960572 0.085887 0.039134
0.815144 0.942812 0.077058 0.038669
0.589548 0.511425 0.054054 0.041096
0.067052 0.746358 0.061927 0.037149
0.810583 0.067935 0.063211 0.037764
0.062531 0.676561 0.059297 0.042024
0.175492 0.634426 0.071007 0.035761
0.382239 0.853453 0.056380 0.031943
0.058660 0.781793 0.052479 0.028932
0.935173 0.581291 0.084213 0.039568
0.283575 0.802135 0.054499 0.035701
0.058457 0.156889 0.048269 0.034115
0.388642 0.077032 0.050251 0.029370
0.929228 0.365828 0.057515 0.033020
0.057820 0.278007 0.048096 0.038286
0.057962 0.192777 0.049695 0.038066
0.812061 0.537845 0.064412 0.038070
0.174131 0.099132 0.059040 0.031198
0.705791 0.036133 0.067234 0.045548
0.927864 0.032120 0.076986 0.042438
0.175728 0.222543 0.077774 0.038981
0.170080 0.535397 0.063132 0.030563
0.287264 0.431509 0.062671 0.029307
0.283885 0.837904 0.048837 0.033914
0.180973 0.309894 0.069167 0.045996
0.280248 0.256910 0.067702 0.028835
0.285517 0.462997 0.061476 0.032307
0.476107 0.551308 0.072684 0.038397
0.172724 0.906510 0.057238 0.041249
0.583199 0.631431 0.087688 0.038017
0.380777 0.507068 0.075492 0.026749
0.170017 0.776160 0.072931 0.037286
0.276939 0.720375 0.061267 0.039646
0.595476 0.161283 0.082267 0.034428
0.815053 0.908459 0.074415 0.030436
0.384427 0.622181 0.076023 0.030614
0.808268 0.030064 0.078038 0.036098
0.490969 0.359129 0.055030 0.032394
0.382082 0.544600 0.054393 0.042730
0.805306 0.876537 0.062514 0.030165
0.058730 0.119978 0.050079 0.034044
0.380864 0.204026 0.086306 0.039642
0.921845 0.104960 0.060111 0.027079
0.931728 0.688989 0.088304 0.040024
0.383495 0.138032 0.071013 0.027644
0.926167 0.867842 0.055435 0.040317
0.283406 0.395366 0.088489 0.038797
0.815277 0.495459 0.070688 0.042038
0.170031 0.696402 0.087126 0.033249
0.281529 0.031854 0.078759 0.035931
0.388292 0.108454 0.044393 0.029149
0.815214 0.427308 0.066213 0.031740
0.813874 0.976092 0.071464 0.030559
0.061957 0.080000 0.047221 0.040937
0.285935 0.915814 0.064325 0.048568
0.066532 0.640080 0.055420 0.028119
0.594726 0.305838 0.067270 0.025413
0.376151 0.169611 0.077409 0.030352
0.587980 0.716625 0.053058 0.048493
0.377775 0.658752 0.080792 0.035829
0.931964 0.616297 0.078567 0.027065
0.382120 0.737486 0.059251 0.036236
0.059443 0.036805 0.061842 0.042722
0.066873 0.858507 0.050016 0.038167
0.179315 0.024577 0.072172 0.025932
0.275207 0.654422 0.057877 0.027885
0.171743 0.942564 0.053310 0.029246
0.063843 0.714549 0.048721 0.024179
0.485684 0.106660 0.057933 0.023648
0.169791 0.664795 0.059965 0.025085
0.383484 0.474510 0.073580 0.037825
0.597554 0.029569 0.045998 0.033248
0.276746 0.684158 0.055361 0.031797
0.385215 0.037801 0.063020 0.043473
0.170012 0.973997 0.065409 0.035783
0.381315 0.299811 0.074472 0.028997
0.815088 0.458303 0.061592 0.035336
0.173875 0.600302 0.057099 0.029126
0.077913 0.965178 0.053868 0.027305
0.925651 0.250143 0.082760 0.037356
0.488948 0.330607 0.045905 0.022438
0.383701 0.399633 0.075416 0.035685
