0.875540 0.580815 0.065835 0.028210
0.504677 0.484576 0.062261 0.032581
0.599251 0.241623 0.064801 0.040316
0.504611 0.407713 0.062715 0.031079
0.507887 0.662440 0.057904 0.033892
0.115313 0.324433 0.067172 0.032252
0.876292 0.845239 0.060561 0.032660
0.602469 0.310156 0.060090 0.030626
0.509386 0.734434 0.055366 0.032789
0.119671 0.703107 0.052866 0.032407
0.216969 0.803761 0.055815 0.030168
0.115308 0.475094 0.063058 0.031078
0.316168 0.458056 0.056756 0.031523
0.315866 0.388682 0.052676 0.036323
0.218800 0.878224 0.063110 0.029748
0.217679 0.841002 0.053244 0.034323
0.783446 0.739576 0.052099 0.031713
0.507965 0.699348 0.054536 0.032406
0.603183 0.350814 0.059927 0.042598
0.121377 0.828260 0.051720 0.030213
0.504961 0.521394 0.053366 0.032829
0.218251 0.670846 0.059587 0.030972
0.877330 0.410575 0.061313 0.030909
0.877135 0.506643 0.052334 0.036088
0.782802 0.646501 0.056479 0.029128
0.700518 0.782496 0.051705 0.028963
0.692829 0.643026 0.063075 0.033309
0.514580 0.799399 0.061378 0.034690
0.784110 0.525017 0.064392 0.030383
0.117162 0.863847 0.057555 0.031976
0.875639 0.444289 0.051536 0.030946
0.320993 0.672254 0.057156 0.027026
0.877359 0.286092 0.053820 0.042168
0.121958 0.611963 0.051179 0.031136
0.783959 0.306078 0.054567 0.034661
0.496698 0.308787 0.052232 0.028099
0.878516 0.645068 0.057573 0.028931
0.787828 0.774198 0.054305 0.029344
0.313015 0.281411 0.060978 0.031142
0.218635 0.295751 0.055061 0.030825
0.786562 0.560119 0.050183 0.030376
0.316083 0.350413 0.052210 0.033391
0.318737 0.424454 0.055851 0.029280
0.217978 0.507500 0.053995 0.028236
0.215747 0.608123 0.052598 0.026182
0.318848 0.879974 0.060295 0.026908
0.317632 0.908823 0.051797 0.026709
0.783927 0.271654 0.056517 0.030278
0.602177 0.872477 0.050976 0.026648
0.119970 0.578355 0.048565 0.032293
0.498520 0.342616 0.059956 0.031655
0.697156 0.610200 0.051059 0.026130
0.792935 0.897534 0.051723 0.027784
0.405319 0.420911 0.060105 0.031062
0.217851 0.575633 0.052546 0.028993
0.219495 0.737788 0.048777 0.030255
0.874809 0.880762 0.050291 0.029858
0.697619 0.747308 0.050447 0.033073
0.216205 0.261281 0.059002 0.037864
0.699826 0.898051 0.047822 0.025475
0.313744 0.223418 0.054142 0.024988
0.782232 0.371250 0.051709 0.029484
0.877679 0.679399 0.051966 0.035423
0.126282 0.643552 0.069545 0.028878
0.219633 0.770477 0.047898 0.030615
0.402536 0.216018 0.059207 0.026946
0.217300 0.356511 0.053695 0.027793
0.219646 0.541170 0.049311 0.033634
0.876348 0.611909 0.054018 0.032139
0.693703 0.333585 0.048850 0.042122
0.696688 0.678192 0.054427 0.029255
0.218694 0.473076 0.052886 0.030488
0.404725 0.295609 0.050691 0.037714
0.785807 0.704679 0.052165 0.027099
0.308952 0.160577 0.049640 0.033754
0.701568 0.844991 0.062550 0.024443
0.120913 0.769522 0.050586 0.026665
0.405553 0.454082 0.058943 0.036215
0.405945 0.392898 0.053781 0.025645
0.693952 0.231733 0.054422 0.030839
0.878468 0.182735 0.050764 0.029066
0.309576 0.314075 0.064119 0.034738
0.405925 0.251764 0.057305 0.039160
0.313853 0.194168 0.050842 0.028273
0.601200 0.843729 0.048573 0.025137
0.117715 0.361848 0.053492 0.034865
0.598000 0.697680 0.051429 0.034996
0.121851 0.233230 0.052465 0.025431
0.493894 0.243057 0.055142 0.025044
0.320298 0.492582 0.064264 0.031459
0.407415 0.361841 0.049832 0.026505
0.782281 0.339337 0.045528 0.028325
0.317990 0.735458 0.060673 0.025934
0.599535 0.767889 0.050918 0.030248
0.699177 0.813821 0.053399 0.031299
0.505675 0.554223 0.052125 0.025954
0.601928 0.732533 0.050429 0.027668
0.782049 0.589919 0.044927 0.029109
0.781423 0.234409 0.044492 0.033660
0.875948 0.214810 0.045717 0.031545
0.319105 0.704627 0.063579 0.031445
0.120974 0.797993 0.054040 0.024710
0.592580 0.490289 0.058624 0.033807
0.220017 0.705033 0.043577 0.031896
0.221286 0.908980 0.046911 0.023755
0.871786 0.772306 0.051399 0.031905
0.785163 0.487000 0.046126 0.033932
0.117510 0.167567 0.048139 0.035811
0.595326 0.521201 0.051007 0.024352
0.595816 0.459544 0.048313 0.027097
0.690311 0.539102 0.055907 0.029113
0.318250 0.618066 0.048943 0.025063
0.687676 0.129994 0.054113 0.031309
0.875476 0.547059 0.043419 0.035635
0.318814 0.643953 0.053399 0.022954
0.594659 0.549066 0.044275 0.028202
0.693770 0.445988 0.045460 0.034307
0.506124 0.621065 0.050622 0.044398
0.597651 0.133084 0.061345 0.030759
0.122728 0.204203 0.044761 0.027749
0.502328 0.445196 0.046213 0.036808
0.498468 0.274479 0.063193 0.032767
0.323520 0.937679 0.057598 0.030724
0.596198 0.199298 0.060434 0.033721
0.701142 0.870920 0.049230 0.024591
0.316601 0.250167 0.052282 0.025048
0.213757 0.223091 0.049089 0.029760
0.690366 0.163659 0.046329 0.029204
0.120451 0.543208 0.046571 0.032026
0.694379 0.376112 0.050114 0.032188
0.598247 0.278110 0.051255 0.024117
0.873639 0.808626 0.044422 0.033356
0.315542 0.557874 0.047098 0.026768
0.118330 0.290444 0.048654 0.033180
0.314729 0.526848 0.046815 0.029667
0.117000 0.896363 0.052242 0.027665
0.695776 0.410668 0.058893 0.027277
0.597495 0.633997 0.042390 0.029795
0.692333 0.262345 0.049512 0.032705
0.880206 0.247557 0.047244 0.031044
0.213207 0.193026 0.052148 0.026729
0.117740 0.128519 0.052299 0.033894
0.321782 0.793437 0.046001 0.026720
0.407173 0.331655 0.043880 0.025558
0.119515 0.508925 0.045811 0.030899
0.782140 0.674626 0.044412 0.029742
0.217319 0.327853 0.042618 0.025858
0.217866 0.384234 0.049214 0.025239
0.788615 0.802417 0.047451 0.025523
0.505432 0.582198 0.058849 0.024975
0.690450 0.196300 0.043823 0.033784
0.780007 0.162276 0.052937 0.026849
0.599122 0.577785 0.043417 0.027581
0.494399 0.218064 0.044936 0.023344
0.788098 0.451713 0.042873 0.030172
0.599829 0.663144 0.047346 0.029804
0.318141 0.588151 0.040966 0.027019
0.495228 0.130300 0.047308 0.031979
0.120708 0.738084 0.044461 0.030134
0.598864 0.808965 0.042966 0.039311
0.780231 0.197168 0.043653 0.034823
0.492529 0.190954 0.052518 0.023890
0.218700 0.636956 0.041260 0.028312
0.404938 0.188952 0.053910 0.023039
0.789611 0.399201 0.051913 0.020962
0.791107 0.931709 0.046092 0.031456
0.123218 0.934975 0.050974 0.031789
0.702620 0.928943 0.053234 0.029347
0.217478 0.412046 0.041436 0.029323
0.695862 0.710983 0.040851 0.029129
0.321294 0.824376 0.053297 0.027465
0.696637 0.573776 0.049272 0.034598
0.406836 0.161793 0.051713 0.028750
0.117037 0.671329 0.053072 0.024165
0.594362 0.165546 0.051450 0.024735
0.491559 0.165127 0.042927 0.030241
0.117881 0.442136 0.044758 0.030402
0.876562 0.742786 0.043757 0.031109
0.689980 0.295026 0.046878 0.026336
0.600739 0.425635 0.058471 0.035554
0.786567 0.862539 0.045597 0.034410
0.603921 0.899207 0.045669 0.020277
0.871588 0.911036 0.044333 0.026245
0.321540 0.851003 0.051509 0.022170
0.221895 0.937105 0.051986 0.024219
0.125854 0.261012 0.055772 0.023890
0.871314 0.474133 0.045207 0.025762
0.787454 0.422911 0.040316 0.023049
0.319817 0.763450 0.043331 0.026008
0.777519 0.129537 0.048033 0.031063
0.603498 0.929609 0.040529 0.029763
0.404859 0.489486 0.057593 0.029401
0.308616 0.124625 0.047653 0.024808
0.693457 0.481998 0.043654 0.027799
0.217998 0.439511 0.039094 0.029309
0.602170 0.605202 0.050679 0.021338
0.876360 0.321079 0.050806 0.028944
0.209550 0.163521 0.042882 0.030706
0.784133 0.618101 0.047910 0.022152
0.878163 0.153843 0.036181 0.027198
0.789128 0.830982 0.040805 0.024718
0.512426 0.767018 0.040035 0.023656
0.872368 0.710943 0.044671 0.025793
0.597554 0.389796 0.037284 0.031497
0.870750 0.937642 0.044445 0.023367
0.117013 0.404599 0.042976 0.038111
0.876755 0.375325 0.042481 0.035376
0.880002 0.126605 0.040383 0.025411
0.877958 0.343952 0.055328 0.024327
0.500939 0.374400 0.040332 0.026752
0.208636 0.131910 0.039928 0.032923
0.693743 0.512377 0.045675 0.018569
