0.719144 0.315789 0.064823 0.043693
0.602671 0.191740 0.066900 0.042361
0.829101 0.553327 0.069748 0.046017
0.182029 0.391867 0.060270 0.040147
0.066812 0.235262 0.061450 0.033533
0.942452 0.228918 0.058631 0.041007
0.495703 0.646864 0.073215 0.041904
0.072694 0.314038 0.061154 0.039528
0.823719 0.315200 0.068698 0.041388
0.610468 0.459203 0.058433 0.036923
0.490525 0.196049 0.063925 0.040597
0.492007 0.450494 0.073893 0.045425
0.621916 0.702045 0.065967 0.046822
0.491420 0.238408 0.066343 0.041466
0.395763 0.402466 0.064933 0.041307
0.715428 0.228420 0.063199 0.033843
0.943753 0.579556 0.065217 0.048326
0.715891 0.271213 0.064631 0.044958
0.722809 0.787308 0.053725 0.040629
0.495486 0.320789 0.062749 0.045667
0.831171 0.843377 0.067749 0.038770
0.494138 0.406316 0.056323 0.037885
0.393577 0.447032 0.056089 0.039258
0.286913 0.185310 0.052067 0.034084
0.935343 0.369983 0.075370 0.044653
0.603961 0.231343 0.061615 0.034546
0.717222 0.669955 0.066764 0.043645
0.498535 0.364636 0.059747 0.040749
0.721405 0.747624 0.055814 0.040688
0.076559 0.584017 0.055077 0.041390
0.721665 0.929704 0.075713 0.040189
0.944728 0.415319 0.062078 0.040440
0.936661 0.298494 0.061265 0.037652
0.717627 0.524054 0.070322 0.034697
0.392462 0.332334 0.052748 0.037094
0.944323 0.866186 0.056382 0.043451
0.723422 0.364066 0.057750 0.047268
0.073477 0.273779 0.056959 0.039754
0.720343 0.709497 0.060027 0.034870
0.835619 0.771014 0.064512 0.028268
0.491915 0.278521 0.067315 0.036584
0.837093 0.733884 0.057355 0.044953
0.072180 0.198663 0.070154 0.036853
0.498174 0.533184 0.055775 0.038668
0.830264 0.688221 0.057333 0.044187
0.720109 0.596298 0.058779 0.036954
0.396806 0.601341 0.062490 0.043188
0.602090 0.150326 0.074309 0.035832
0.834916 0.804596 0.067688 0.035447
0.503652 0.830615 0.051904 0.036935
0.499283 0.572688 0.052768 0.039805
0.828160 0.357700 0.057043 0.040327
0.185571 0.182458 0.068826 0.047966
0.501523 0.608747 0.058758 0.031450
0.724786 0.891125 0.059086 0.038624
0.944857 0.907632 0.048552 0.033869
0.945649 0.821756 0.053916 0.039203
0.719536 0.451577 0.056384 0.034697
0.821939 0.160123 0.052797 0.030750
0.718990 0.411820 0.053261 0.041133
0.719704 0.487522 0.058165 0.038732
0.947007 0.155170 0.060072 0.036966
0.607618 0.423733 0.051149 0.035709
0.395194 0.523580 0.054649 0.037607
0.502204 0.931721 0.065598 0.038854
0.495541 0.494088 0.061084 0.042546
0.946077 0.971240 0.053267 0.034608
0.720645 0.630823 0.063427 0.034016
0.943795 0.495144 0.054584 0.031703
0.395273 0.289959 0.056010 0.046557
0.949679 0.668135 0.052045 0.042107
0.388412 0.156047 0.058208 0.044573
0.822516 0.128613 0.052728 0.033410
0.493028 0.154818 0.055544 0.037607
0.712038 0.157495 0.047351 0.040866
0.718174 0.560198 0.053034 0.034586
0.618047 0.971699 0.053967 0.036596
0.947988 0.940692 0.052129 0.030303
0.287554 0.225200 0.054558 0.038259
0.713446 0.112927 0.065150 0.044624
0.606451 0.308221 0.051876 0.037524
0.180303 0.438640 0.071634 0.046203
0.948145 0.707788 0.054155 0.035500
0.181828 0.230235 0.050574 0.044878
0.618754 0.616057 0.057417 0.042215
0.948989 0.625745 0.054725 0.039345
0.825806 0.441643 0.055771 0.039676
0.079560 0.846049 0.053061 0.044382
0.283698 0.610470 0.077544 0.042198
0.078805 0.734040 0.060869 0.029758
0.832902 0.509336 0.061773 0.041903
0.614735 0.656606 0.066444 0.037201
0.182351 0.274989 0.052005 0.040266
0.714364 0.030558 0.075258 0.048205
0.398088 0.365506 0.054452 0.030140
0.078473 0.801384 0.052325 0.043855
0.292852 0.292728 0.050799 0.033718
0.393756 0.560152 0.057757 0.037693
0.396889 0.484025 0.050192 0.036388
0.842062 0.953677 0.071627 0.043587
0.073659 0.357007 0.051287 0.043302
0.725433 0.970253 0.062164 0.039479
0.824162 0.399880 0.058830 0.039550
0.834374 0.877792 0.055391 0.030896
0.176977 0.350262 0.055306 0.041029
0.832628 0.642926 0.051929 0.044832
0.605872 0.114516 0.057351 0.036271
0.504373 0.865864 0.053346 0.031434
0.394314 0.077865 0.074994 0.041093
0.500159 0.690585 0.052990 0.042739
0.830944 0.599054 0.053937 0.042115
0.828396 0.199348 0.073427 0.042239
0.607276 0.389107 0.054538 0.034737
0.081249 0.886708 0.057334 0.034735
0.943561 0.742216 0.058395 0.032544
0.617690 0.774580 0.066300 0.043143
0.295300 0.564282 0.048055 0.045395
0.944431 0.533090 0.049365 0.041072
0.944083 0.191146 0.044766 0.033681
0.722263 0.856398 0.045976 0.032137
0.944213 0.457455 0.051626 0.038820
0.603044 0.270063 0.050657 0.036349
0.837999 0.912839 0.074315 0.037228
0.068958 0.125808 0.050489 0.034036
0.295385 0.523530 0.046092 0.032596
0.077471 0.506635 0.050086 0.039587
0.618646 0.934755 0.049359 0.036715
0.937666 0.074561 0.058565 0.040511
0.178596 0.313908 0.051058 0.030325
0.078744 0.663316 0.060465 0.036409
0.076910 0.545151 0.045979 0.032575
0.292205 0.260941 0.057763 0.028217
0.820516 0.026776 0.057105 0.042647
0.506470 0.897051 0.049735 0.032380
0.942709 0.115211 0.054944 0.039307
0.495104 0.112035 0.051248 0.048993
0.499452 0.731674 0.049452 0.035552
0.941454 0.264236 0.054287 0.025831
0.069087 0.088116 0.051178 0.042503
0.070419 0.162034 0.045292 0.032876
0.085154 0.966588 0.058055 0.046466
0.821694 0.097509 0.051107 0.030370
0.399331 0.642571 0.055868 0.037427
0.292835 0.487246 0.047834 0.036556
0.295671 0.363449 0.044568 0.042968
0.826222 0.238504 0.057349 0.033432
0.190778 0.528695 0.056077 0.043479
0.722069 0.823959 0.043903 0.032694
0.614607 0.542821 0.050208 0.036778
0.610071 0.076656 0.054324 0.043643
0.076798 0.398997 0.056279 0.035987
0.294227 0.407855 0.042812 0.042542
0.935746 0.331971 0.063498 0.027482
0.385684 0.115723 0.045158 0.035568
0.498262 0.065535 0.057443 0.044919
0.611910 0.500209 0.060994 0.045275
0.941087 0.029892 0.045031 0.040305
0.825813 0.274507 0.052217 0.037970
0.294616 0.448126 0.045395 0.035267
0.505885 0.968537 0.052150 0.033180
0.712177 0.195116 0.048000 0.032884
0.079639 0.701079 0.052081 0.034925
0.078206 0.765414 0.052627 0.027640
0.069183 0.040292 0.051499 0.047789
0.610730 0.348222 0.066159 0.043899
0.619029 0.815310 0.067698 0.035898
0.947992 0.779110 0.062102 0.043013
0.294996 0.325322 0.043002 0.028752
0.381683 0.033930 0.062748 0.046516
0.821219 0.066521 0.044834 0.033673
0.081669 0.924617 0.075278 0.036973
0.184945 0.098423 0.062423 0.051248
0.619284 0.895594 0.047608 0.040861
0.497738 0.797575 0.049760 0.029539
0.076366 0.468522 0.041452 0.034803
0.829722 0.475080 0.051925 0.023824
0.284918 0.145938 0.046119 0.039990
0.499662 0.768028 0.044893 0.033984
0.711441 0.073316 0.073950 0.035230
0.391055 0.247834 0.048201 0.036795
0.284892 0.109277 0.039134 0.032230
0.187754 0.140149 0.046352 0.030449
0.298041 0.659876 0.071016 0.052584
0.077394 0.432375 0.046256 0.031607
0.186266 0.483556 0.048450 0.040566
0.613281 0.575669 0.063996 0.037305
0.284724 0.076280 0.042144 0.033655
0.623324 0.739570 0.054260 0.024782
0.615541 0.853703 0.050798 0.042277
0.609227 0.031665 0.056379 0.042986
0.084637 0.625446 0.071878 0.036276
0.289532 0.036534 0.047961 0.039204
0.390531 0.206094 0.049643 0.047619
0.496850 0.026420 0.050197 0.031348
