0.615139 0.295078 0.080930 0.048982
0.070676 0.589946 0.061875 0.043672
0.504858 0.153241 0.069657 0.040432
0.293136 0.248134 0.071949 0.040026
0.064225 0.172313 0.067958 0.036751
0.395103 0.169301 0.079545 0.043640
0.616187 0.201190 0.072812 0.049566
0.066244 0.380575 0.062556 0.039708
0.063840 0.421917 0.071481 0.036384
0.611618 0.845885 0.072220 0.045948
0.397955 0.121151 0.069063 0.050616
0.724247 0.797033 0.066581 0.040608
0.837392 0.399065 0.068276 0.037106
0.407843 0.814721 0.065945 0.042040
0.408856 0.770275 0.067157 0.043248
0.292798 0.162552 0.072390 0.045263
0.507792 0.452087 0.066850 0.042058
0.289815 0.490475 0.057328 0.040045
0.064131 0.130235 0.066441 0.043570
0.614729 0.343722 0.078557 0.043535
0.615830 0.794467 0.064786 0.051148
0.613528 0.436078 0.068623 0.036286
0.506008 0.802415 0.055249 0.044334
0.398032 0.215248 0.067827 0.047257
0.833389 0.214146 0.066370 0.037242
0.289783 0.748129 0.059689 0.044834
0.184595 0.227388 0.058514 0.040445
0.071434 0.724410 0.071455 0.039622
0.506763 0.758817 0.066917 0.037596
0.402775 0.262997 0.075515 0.045115
0.409612 0.357134 0.074262 0.035232
0.504953 0.634518 0.061365 0.039646
0.511097 0.239104 0.069791 0.036513
0.511050 0.587542 0.064645 0.044634
0.606823 0.893249 0.071539 0.045722
0.070562 0.214404 0.065695 0.036088
0.504013 0.198617 0.066879 0.040745
0.408290 0.526921 0.069043 0.043092
0.507229 0.846937 0.073952 0.039463
0.616915 0.664511 0.081931 0.039248
0.179972 0.346186 0.071145 0.035654
0.288949 0.360677 0.062433 0.039238
0.069204 0.547194 0.059784 0.035820
0.620419 0.247674 0.072009 0.036397
0.927715 0.208492 0.058980 0.039664
0.832614 0.293954 0.059450 0.038260
0.287507 0.076794 0.072003 0.036048
0.733384 0.534026 0.072469 0.040830
0.412654 0.859505 0.063483 0.042837
0.177537 0.477734 0.064712 0.042855
0.932674 0.590161 0.058792 0.046082
0.069003 0.306189 0.060171 0.041000
0.404301 0.480498 0.068834 0.043774
0.291617 0.534724 0.056066 0.039357
0.721565 0.164650 0.071143 0.034987
0.183328 0.610255 0.067296 0.040796
0.183148 0.748671 0.066594 0.036680
0.179623 0.386946 0.059317 0.038587
0.395881 0.074152 0.058363 0.039612
0.286710 0.789978 0.072765 0.033937
0.288505 0.404098 0.058686 0.042178
0.286618 0.701049 0.060116 0.041245
0.834941 0.442297 0.067166 0.045607
0.175869 0.522591 0.053084 0.041017
0.507368 0.536712 0.065302 0.049705
0.176216 0.189233 0.071815 0.033574
0.182505 0.429906 0.076271 0.044093
0.182101 0.703811 0.059154 0.044842
0.723683 0.751566 0.056441 0.043647
0.615271 0.478257 0.074593 0.042484
0.509227 0.111076 0.056748 0.035444
0.068775 0.083703 0.076590 0.042609
0.294836 0.910012 0.068082 0.039198
0.072090 0.926377 0.083731 0.046028
0.923251 0.068852 0.076083 0.044739
0.927801 0.436829 0.064129 0.030795
0.285343 0.869498 0.080882 0.035279
0.289039 0.611340 0.078129 0.039053
0.289681 0.115217 0.063209 0.037609
0.180664 0.792276 0.068322 0.046288
0.827765 0.648421 0.069294 0.032415
0.612236 0.704864 0.057025 0.037467
0.289470 0.572067 0.080930 0.035009
0.935880 0.670645 0.072362 0.042382
0.508058 0.282025 0.067054 0.042218
0.725248 0.415369 0.076576 0.042575
0.181267 0.567530 0.072091 0.038671
0.723141 0.845763 0.057850 0.046662
0.934267 0.352102 0.056468 0.041698
0.716693 0.330523 0.067631 0.044719
0.717696 0.705286 0.070065 0.041137
0.938489 0.396146 0.065840 0.042032
0.614404 0.569679 0.061931 0.032813
0.719489 0.288539 0.072705 0.034974
0.509478 0.412120 0.081438 0.033492
0.069978 0.676473 0.058368 0.044791
0.178160 0.841235 0.076042 0.045487
0.402746 0.729937 0.061588 0.034582
0.288413 0.655240 0.077539 0.043267
0.071419 0.629930 0.064784 0.033447
0.830871 0.794557 0.066166 0.039611
0.724204 0.374595 0.059987 0.032797
0.835925 0.334032 0.048028 0.035567
0.511776 0.368145 0.071376 0.045486
0.927703 0.247391 0.064986 0.035471
0.822197 0.754582 0.063201 0.036936
0.173280 0.076622 0.073509 0.038733
0.070896 0.259100 0.058288 0.045576
0.402717 0.568504 0.074631 0.038325
0.296756 0.206855 0.068897 0.033327
0.065923 0.767137 0.069192 0.037108
0.723133 0.206007 0.056570 0.042957
0.405381 0.314250 0.075293 0.047400
0.288713 0.828334 0.052506 0.037886
0.728993 0.583829 0.069472 0.048622
0.504835 0.941544 0.076943 0.041075
0.183380 0.269334 0.052817 0.034094
0.612833 0.614594 0.073226 0.045879
0.404026 0.607933 0.069119 0.036134
0.066368 0.506871 0.057657 0.039627
0.606190 0.745350 0.076588 0.040908
0.292022 0.446511 0.056063 0.040469
0.398774 0.903293 0.076541 0.041679
0.175256 0.150910 0.048728 0.036485
0.500921 0.679314 0.056812 0.041558
0.832883 0.255661 0.049468 0.034689
0.512725 0.325429 0.066398 0.039438
0.496359 0.892628 0.059685 0.045160
0.291339 0.958168 0.076448 0.046469
0.831875 0.172576 0.051301 0.037083
0.618001 0.036294 0.079975 0.046035
0.824262 0.717594 0.061552 0.036104
0.728638 0.493092 0.071316 0.035911
0.405478 0.688219 0.049156 0.043970
0.291160 0.289414 0.062903 0.033334
0.406813 0.437257 0.076967 0.038848
0.190689 0.887390 0.062763 0.040944
0.723890 0.895273 0.052975 0.043124
0.617726 0.391330 0.054203 0.044051
0.288927 0.035182 0.080788 0.040416
0.936212 0.541723 0.059860 0.041306
0.070625 0.882567 0.073038 0.036206
0.511203 0.036889 0.075964 0.044024
0.933539 0.163669 0.071689 0.045805
0.932567 0.312089 0.054781 0.033887
0.506816 0.720436 0.050743 0.033909
0.826505 0.612872 0.051382 0.030577
0.938398 0.752292 0.069958 0.030815
0.287597 0.324573 0.053649 0.029204
0.181798 0.655678 0.051166 0.040280
0.187746 0.305497 0.070410 0.035277
0.194872 0.933036 0.071205 0.046476
0.400534 0.648311 0.064076 0.033563
0.724776 0.628185 0.060879 0.032306
0.395871 0.032257 0.071892 0.039643
0.400049 0.395181 0.071726 0.034661
0.831733 0.529345 0.058553 0.050100
0.721159 0.455530 0.076278 0.032258
0.606468 0.151947 0.073506 0.045298
0.713439 0.955060 0.082559 0.060788
0.839340 0.483332 0.072400 0.032548
0.069512 0.841939 0.068384 0.038215
0.057801 0.463306 0.063013 0.038318
0.717555 0.249286 0.061887 0.039878
0.081536 0.970471 0.092957 0.041641
0.170065 0.035797 0.067049 0.038591
0.928030 0.118119 0.051909 0.047332
0.718205 0.126521 0.052487 0.033316
0.720114 0.086287 0.055286 0.040004
0.938152 0.713473 0.056663 0.043518
0.937702 0.837474 0.065268 0.050296
0.719605 0.038019 0.073410 0.049443
0.515170 0.075722 0.055059 0.028046
0.931967 0.502849 0.052641 0.036945
0.831123 0.576241 0.047041 0.036406
0.071172 0.804078 0.054633 0.028157
0.396923 0.959021 0.062298 0.049645
0.938126 0.630862 0.047560 0.032038
0.942252 0.789277 0.062533 0.039632
0.925598 0.026554 0.058124 0.033134
0.928285 0.468418 0.061397 0.029408
0.610974 0.940695 0.060208 0.042433
0.612596 0.525249 0.061927 0.043472
0.067098 0.038624 0.048320 0.037575
0.174879 0.112527 0.054078 0.035643
0.821935 0.682461 0.064526 0.031324
0.066690 0.342859 0.053424 0.023707
0.937694 0.280721 0.062605 0.026798
0.193719 0.973582 0.058605 0.035908
0.510623 0.491832 0.049393 0.033826
0.724973 0.664946 0.046588 0.029238
0.621221 0.079725 0.090485 0.040259
0.835136 0.366055 0.046736 0.021359
0.507475 0.976340 0.061739 0.030793
0.629662 0.107690 0.076571 0.033838
0.612980 0.975444 0.076957 0.035384
0.829570 0.124777 0.054001 0.050234
