0.397181 0.294818 0.060635 0.037525
0.082923 0.853405 0.060141 0.033528
0.491418 0.751108 0.060282 0.037853
0.184081 0.522600 0.070209 0.045036
0.810126 0.146326 0.070932 0.035161
0.493696 0.789269 0.052666 0.038156
0.392592 0.744800 0.056637 0.042113
0.293357 0.152036 0.060922 0.041892
0.491505 0.828143 0.065069 0.035852
0.703938 0.718637 0.063441 0.036105
0.081311 0.706059 0.063453 0.046241
0.183779 0.391217 0.064547 0.045309
0.195548 0.803597 0.069297 0.048018
0.807656 0.620005 0.064506 0.037156
0.286943 0.229147 0.060161 0.042749
0.386021 0.827348 0.065509 0.039129
0.400816 0.100566 0.054812 0.038972
0.923436 0.158434 0.053724 0.039413
0.082254 0.892780 0.055048 0.039544
0.810214 0.918456 0.060565 0.038121
0.396135 0.184664 0.053718 0.038170
0.082329 0.244344 0.058455 0.031219
0.594468 0.856524 0.051282 0.041859
0.502132 0.605112 0.054594 0.035454
0.808918 0.542624 0.048805 0.039526
0.808313 0.582471 0.049765 0.033465
0.392391 0.254805 0.055004 0.037424
0.083391 0.814870 0.051174 0.038580
0.400823 0.026631 0.069229 0.041190
0.082410 0.175082 0.061912 0.037112
0.076345 0.075555 0.057422 0.051709
0.703686 0.269820 0.052302 0.034480
0.697903 0.554391 0.052946 0.034315
0.388268 0.785807 0.050582 0.041466
0.396523 0.582222 0.059518 0.040695
0.181806 0.252844 0.060174 0.038583
0.816248 0.066345 0.056054 0.042204
0.804159 0.427552 0.063740 0.036194
0.178348 0.212260 0.059242 0.035667
0.289848 0.311763 0.057859 0.041380
0.292025 0.783739 0.060509 0.033875
0.186991 0.031446 0.074081 0.049130
0.399997 0.143133 0.052179 0.039710
0.806644 0.659398 0.053054 0.041238
0.808622 0.876335 0.049145 0.042992
0.803789 0.245536 0.063440 0.040181
0.082707 0.747704 0.053663 0.033101
0.606022 0.027055 0.066588 0.041403
0.396430 0.623824 0.049740 0.039804
0.395283 0.667946 0.054298 0.037050
0.089978 0.617957 0.054618 0.040700
0.497168 0.565711 0.051558 0.039388
0.923601 0.119111 0.061203 0.032650
0.194502 0.900976 0.061475 0.043276
0.496650 0.643645 0.069760 0.032346
0.806456 0.319195 0.067054 0.034827
0.288205 0.272162 0.065387 0.033067
0.807576 0.837033 0.052886 0.035030
0.503884 0.365105 0.056149 0.041190
0.391229 0.903703 0.048842 0.036427
0.594618 0.891605 0.051917 0.028623
0.696996 0.756704 0.051197 0.034206
0.711860 0.195959 0.055353 0.029841
0.810362 0.771754 0.051065 0.035455
0.294157 0.821794 0.062124 0.035845
0.698867 0.819763 0.060187 0.034897
0.814971 0.700491 0.057445 0.033542
0.296701 0.107313 0.053189 0.038418
0.293362 0.743342 0.052818 0.043931
0.703493 0.683154 0.042145 0.031392
0.807528 0.356537 0.046610 0.034063
0.183536 0.173702 0.048699 0.036097
0.186370 0.342818 0.055376 0.047020
0.497224 0.286903 0.044671 0.035852
0.390354 0.704154 0.050520 0.033671
0.490228 0.863021 0.062259 0.031866
0.815774 0.106882 0.061992 0.037485
0.704132 0.232357 0.044855 0.035730
0.700216 0.647135 0.045666 0.033706
0.809283 0.736326 0.058017 0.030585
0.292494 0.526001 0.048503 0.040116
0.397070 0.219627 0.055697 0.028514
0.189417 0.755061 0.055207 0.039864
0.498078 0.678651 0.051204 0.040930
0.605828 0.164216 0.051220 0.036516
0.076602 0.209909 0.053050 0.031435
0.593016 0.816402 0.047610 0.032506
0.081960 0.459983 0.046232 0.039055
0.081360 0.779175 0.049594 0.031407
0.704565 0.305003 0.057049 0.031931
0.925310 0.199993 0.052694 0.039226
0.492386 0.325001 0.059446 0.035355
0.079032 0.539708 0.052478 0.038164
0.599304 0.779766 0.050258 0.038125
0.184480 0.297009 0.047834 0.041783
0.079025 0.288846 0.053061 0.051031
0.388480 0.865183 0.055112 0.035120
0.705944 0.100550 0.060413 0.031946
0.596601 0.677289 0.057726 0.038075
0.186061 0.569321 0.059318 0.041896
0.300836 0.065993 0.053344 0.040639
0.599944 0.713479 0.058692 0.031665
0.080584 0.337954 0.053701 0.041491
0.708564 0.164272 0.051999 0.031172
0.083696 0.500938 0.044713 0.036405
0.605152 0.228944 0.060298 0.037137
0.400395 0.065393 0.067954 0.031690
0.594500 0.744871 0.063583 0.031922
0.811011 0.283094 0.048469 0.030935
0.705906 0.068237 0.054428 0.033524
0.289354 0.356785 0.072333 0.044088
0.295178 0.626204 0.053018 0.040108
0.401103 0.334926 0.051790 0.037910
0.597780 0.470646 0.047820 0.033842
0.293434 0.859069 0.051506 0.038489
0.188088 0.716348 0.058771 0.032501
0.077963 0.383819 0.049562 0.043867
0.700428 0.395407 0.046573 0.035438
0.700339 0.518866 0.045045 0.033458
0.603997 0.318888 0.056800 0.046835
0.078205 0.124856 0.050063 0.044833
0.195157 0.850917 0.048226 0.041389
0.704553 0.031211 0.052064 0.042501
0.810273 0.954803 0.057691 0.034083
0.493971 0.407195 0.077932 0.040204
0.496257 0.489214 0.069171 0.034707
0.297874 0.669358 0.044175 0.043915
0.810904 0.464869 0.051308 0.037122
0.705893 0.480854 0.053073 0.042459
0.600102 0.403933 0.048213 0.037965
0.807335 0.392471 0.045495 0.030663
0.296615 0.026605 0.084286 0.039346
0.694691 0.862052 0.049777 0.038400
0.809601 0.208214 0.055804 0.032773
0.084287 0.576976 0.046699 0.034418
0.600226 0.272556 0.050885 0.043971
0.808188 0.502945 0.051562 0.029841
0.091794 0.662453 0.047431 0.037016
0.495726 0.525330 0.050322 0.035726
0.187066 0.474366 0.054676 0.042625
0.187882 0.653457 0.050472 0.039610
0.392466 0.539805 0.046477 0.037038
0.082119 0.421758 0.049946 0.029458
0.071831 0.028076 0.059916 0.037646
0.496628 0.178897 0.045563 0.038937
0.495741 0.449439 0.050258 0.041271
0.914259 0.247498 0.052605 0.046058
0.603951 0.123701 0.043229 0.038406
0.590395 0.958609 0.049856 0.036124
0.495474 0.716306 0.047462 0.029158
0.600298 0.574992 0.047333 0.038730
0.497132 0.135118 0.060287 0.040154
0.497924 0.898841 0.050367 0.038963
0.599063 0.509389 0.045643 0.033606
0.699683 0.614596 0.040039 0.029897
0.596032 0.641724 0.050805 0.028039
0.700195 0.437867 0.048736 0.041727
0.197498 0.945926 0.047827 0.039139
0.184725 0.109828 0.049233 0.035017
0.704456 0.900080 0.059616 0.032477
0.499641 0.254145 0.044911 0.028984
0.394876 0.465386 0.049728 0.039750
0.293252 0.189456 0.045373 0.031551
0.294892 0.590116 0.041136 0.028627
0.185454 0.433998 0.044954 0.035708
0.295285 0.707173 0.041507 0.027917
0.186682 0.612273 0.057187 0.039932
0.389712 0.504407 0.054969 0.035671
0.604990 0.364119 0.055798 0.038836
0.706073 0.131059 0.049447 0.029428
0.599602 0.610659 0.047726 0.031047
0.188492 0.075426 0.076166 0.035597
0.496820 0.219683 0.042126 0.042290
0.499708 0.941254 0.050863 0.041143
0.700009 0.585554 0.042118 0.025023
0.185772 0.140074 0.049196 0.023887
0.702701 0.787333 0.053375 0.024227
0.817158 0.028647 0.048028 0.036135
0.289261 0.431372 0.045818 0.035719
0.605106 0.197188 0.041003 0.022553
0.601658 0.064293 0.064050 0.028109
0.395590 0.418356 0.044481 0.046183
0.814327 0.804206 0.042387 0.024380
0.287709 0.906380 0.045916 0.037978
0.593795 0.925167 0.055659 0.033697
0.290541 0.397060 0.047108 0.032707
0.502419 0.058904 0.056342 0.032179
0.605584 0.437870 0.044888 0.025093
0.499423 0.095973 0.055823 0.041667
0.600619 0.542788 0.044374 0.028056
0.089337 0.936228 0.047043 0.042662
0.295107 0.561679 0.051216 0.023405
0.190251 0.685521 0.053711 0.024880
0.400764 0.373240 0.045100 0.035845
0.603520 0.090655 0.055853 0.027329
0.291023 0.952535 0.050197 0.047857
0.815365 0.177956 0.056195 0.022797
0.703185 0.955450 0.068624 0.036444
0.703572 0.929405 0.064731 0.030287
0.390704 0.949343 0.053687 0.045457
0.510582 0.025379 0.061138 0.035493
0.706816 0.361260 0.045783 0.021794
0.288479 0.472019 0.054109 0.043748
0.700969 0.336631 0.051748 0.023431
