0.411869 0.816995 0.062978 0.038434
0.401616 0.734686 0.067427 0.041673
0.393168 0.420473 0.060515 0.037536
0.732212 0.869379 0.071755 0.041011
0.392177 0.383209 0.061102 0.030199
0.843776 0.843966 0.056503 0.037942
0.508360 0.190072 0.059765 0.037598
0.401335 0.691573 0.056608 0.039755
0.393986 0.315824 0.061555 0.032537
0.065312 0.233378 0.059537 0.041617
0.176291 0.355922 0.056124 0.038122
0.060078 0.603470 0.062287 0.039087
0.180888 0.745142 0.061014 0.040890
0.287375 0.408335 0.066945 0.041508
0.061885 0.283306 0.063267 0.050964
0.399638 0.535676 0.061153 0.034517
0.510002 0.573680 0.053476 0.036651
0.514724 0.703382 0.071309 0.039989
0.177313 0.245745 0.062125 0.040032
0.733161 0.673313 0.060398 0.032453
0.502725 0.116583 0.066336 0.039437
0.182339 0.637617 0.054836 0.039972
0.516664 0.658435 0.065010 0.046560
0.827549 0.191417 0.059639 0.034337
0.945839 0.440518 0.065570 0.040342
0.629037 0.531984 0.061440 0.035339
0.172509 0.285255 0.061184 0.037155
0.632832 0.571603 0.061156 0.034542
0.720528 0.160770 0.066323 0.037311
0.278145 0.332150 0.070485 0.039132
0.290397 0.453042 0.054961 0.043902
0.499242 0.072294 0.061827 0.043610
0.946095 0.311162 0.065376 0.040166
0.182146 0.970681 0.061219 0.039928
0.176075 0.520077 0.060891 0.039919
0.296764 0.497384 0.062706 0.041055
0.400145 0.498031 0.050033 0.032162
0.183552 0.706715 0.053757 0.030810
0.504654 0.345352 0.059296 0.046826
0.722381 0.197944 0.064991 0.037205
0.294896 0.969550 0.060772 0.042319
0.174039 0.433903 0.060028 0.032157
0.948949 0.810823 0.054085 0.041510
0.624542 0.830848 0.060029 0.045229
0.938775 0.066675 0.051553 0.037570
0.065811 0.731614 0.053631 0.040605
0.516256 0.852818 0.066989 0.036049
0.409250 0.777370 0.055015 0.038938
0.503761 0.029276 0.056858 0.038287
0.627702 0.491045 0.054442 0.035469
0.399424 0.573243 0.050582 0.033947
0.396806 0.461547 0.051191 0.038424
0.185817 0.600271 0.060791 0.031600
0.284373 0.076866 0.062132 0.039561
0.295450 0.857115 0.051165 0.037878
0.515416 0.613530 0.058344 0.034746
0.722259 0.126541 0.053177 0.031487
0.289027 0.643532 0.049906 0.037452
0.629159 0.682891 0.062311 0.029985
0.509808 0.229302 0.057064 0.035537
0.943612 0.266887 0.056655 0.039952
0.948695 0.592961 0.056628 0.036219
0.065334 0.817848 0.053156 0.041556
0.507835 0.388293 0.051868 0.036898
0.381245 0.095983 0.052907 0.040025
0.183614 0.673914 0.046304 0.030338
0.509597 0.424743 0.053952 0.033261
0.063585 0.328451 0.061983 0.035697
0.946867 0.928987 0.052545 0.038621
0.294533 0.783128 0.059256 0.031858
0.407265 0.653531 0.051345 0.030503
0.955354 0.551862 0.052699 0.038955
0.627779 0.449121 0.054875 0.031943
0.950155 0.482512 0.054593 0.037626
0.283894 0.116418 0.060461 0.034950
0.826627 0.147831 0.053351 0.047339
0.185540 0.560432 0.074651 0.040358
0.176870 0.474551 0.056369 0.040773
0.065722 0.647757 0.052445 0.043894
0.826241 0.102916 0.055506 0.036595
0.285386 0.257927 0.053191 0.037716
0.624233 0.872949 0.052018 0.035919
0.837760 0.804345 0.059830 0.037785
0.952649 0.631892 0.057863 0.037792
0.177359 0.395223 0.050940 0.035663
0.067271 0.922869 0.050536 0.037085
0.625411 0.751929 0.058843 0.036013
0.727514 0.970421 0.062877 0.036637
0.060199 0.564384 0.064192 0.033819
0.724526 0.307251 0.056334 0.036859
0.723022 0.062729 0.055065 0.036109
0.833228 0.228325 0.055754 0.034773
0.062747 0.774045 0.053807 0.039279
0.070724 0.966034 0.053163 0.040328
0.618897 0.340082 0.054183 0.037988
0.837223 0.759168 0.049205 0.041487
0.831854 0.270824 0.056942 0.043056
0.171577 0.203659 0.057156 0.039553
0.059297 0.527524 0.059024 0.038811
0.838230 0.644494 0.057524 0.034518
0.069639 0.886136 0.050975 0.034843
0.728815 0.789970 0.044913 0.039957
0.281701 0.183487 0.052044 0.037010
0.067276 0.367309 0.064101 0.031452
0.718818 0.521335 0.063037 0.040104
0.834481 0.401653 0.052659 0.038462
0.520129 0.743550 0.056355 0.039602
0.837898 0.563211 0.050422 0.033808
0.844316 0.923093 0.049035 0.038464
0.843640 0.720332 0.054960 0.034679
0.950811 0.517723 0.052698 0.030613
0.386454 0.134573 0.053153 0.034047
0.842871 0.684260 0.051296 0.040506
0.513544 0.263327 0.052562 0.032591
0.064846 0.188325 0.057146 0.042617
0.068412 0.409871 0.057516 0.044794
0.389292 0.280612 0.043471 0.036611
0.278512 0.029570 0.055138 0.041158
0.382864 0.060316 0.051763 0.031626
0.733870 0.708420 0.047198 0.031450
0.835359 0.365467 0.053988 0.028660
0.732993 0.938750 0.055639 0.028082
0.721960 0.350846 0.050171 0.043318
0.605786 0.094082 0.058620 0.038526
0.414531 0.897683 0.049424 0.037632
0.832473 0.306681 0.052463 0.028989
0.937979 0.110321 0.049912 0.047385
0.628421 0.787807 0.054939 0.035745
0.385299 0.246253 0.046969 0.033052
0.952991 0.668558 0.050253 0.036362
0.623667 0.379019 0.047161 0.039369
0.284290 0.294296 0.045848 0.031545
0.065486 0.689051 0.049133 0.036733
0.064949 0.456414 0.052563 0.045468
0.943417 0.150039 0.044038 0.033131
0.623976 0.417833 0.054068 0.033271
0.509930 0.299172 0.046725 0.037184
0.507269 0.154386 0.049291 0.033482
0.623778 0.948603 0.044879 0.038957
0.285598 0.219095 0.052923 0.030560
0.946257 0.770211 0.065641 0.029376
0.284649 0.369912 0.050778 0.032366
0.732487 0.908172 0.065815 0.028746
0.627269 0.652592 0.057675 0.026855
0.842282 0.884165 0.046462 0.037164
0.631406 0.612392 0.053482 0.040811
0.733840 0.634320 0.047523 0.039650
0.186956 0.931218 0.064649 0.032763
0.413689 0.856298 0.045095 0.039104
0.298508 0.537019 0.052886 0.039277
0.841836 0.601067 0.075046 0.041195
0.720215 0.428135 0.059237 0.044258
0.937114 0.026369 0.051526 0.041856
0.939186 0.188540 0.056255 0.039434
0.729197 0.748036 0.055276 0.040541
0.297723 0.895660 0.049724 0.035090
0.383720 0.174507 0.048326 0.043884
0.727884 0.271809 0.045770 0.032434
0.289190 0.678875 0.042129 0.028022
0.951363 0.707411 0.039597 0.035430
0.395144 0.349428 0.044884 0.030805
0.827107 0.062054 0.048162 0.037818
0.945444 0.740049 0.066352 0.027318
0.517931 0.779197 0.047735 0.034141
0.403736 0.612719 0.052784 0.045204
0.509329 0.495319 0.045914 0.035061
0.521270 0.887245 0.049924 0.032925
0.622101 0.909638 0.050907 0.033075
0.282366 0.149445 0.047768 0.030195
0.512356 0.459518 0.042328 0.034464
0.297638 0.818881 0.044616 0.035058
0.181948 0.893723 0.044568 0.038001
0.609739 0.133444 0.051067 0.035014
0.066715 0.853990 0.042926 0.029823
0.631620 0.717446 0.046320 0.030510
0.615334 0.277957 0.047718 0.029129
0.947801 0.964836 0.052074 0.032160
0.707235 0.024063 0.070518 0.039128
0.835314 0.336274 0.043084 0.029268
0.066397 0.493940 0.047754 0.028924
0.519608 0.813042 0.047050 0.033982
0.612749 0.240204 0.049247 0.037936
0.846532 0.960106 0.048624 0.029714
0.834922 0.474271 0.044605 0.042279
0.621154 0.307756 0.048440 0.024134
0.183659 0.859552 0.048489 0.031135
0.289849 0.746794 0.040662 0.035417
0.951876 0.400177 0.043236 0.035781
0.062566 0.033310 0.051093 0.044394
0.063097 0.076575 0.048175 0.037300
0.722561 0.556721 0.056710 0.029358
0.826301 0.023718 0.047495 0.034267
0.613478 0.023246 0.056819 0.035628
0.507730 0.532602 0.046530 0.037887
0.949414 0.359560 0.046288 0.039823
0.729738 0.592527 0.046124 0.036978
0.725820 0.237247 0.048556 0.039695
0.723070 0.097818 0.060821 0.026235
0.178695 0.321229 0.049790 0.026666
0.181353 0.827306 0.043924 0.034475
0.733614 0.828777 0.044559 0.035772
0.724376 0.475820 0.041763 0.045328
0.288833 0.712184 0.036540 0.033735
0.837306 0.437717 0.053572 0.027104
0.065546 0.113717 0.046570 0.036443
0.944604 0.227762 0.041614 0.032930
0.951883 0.851263 0.040164 0.034427
0.296796 0.930523 0.039538 0.036293
0.179493 0.787169 0.049350 0.042074
0.413140 0.933240 0.039647 0.029255
0.725291 0.389683 0.060303 0.031830
0.166084 0.031314 0.053159 0.042933
0.387820 0.212264 0.041282 0.031897
0.165907 0.072309 0.047399 0.034756
0.059132 0.151989 0.056689 0.028258
0.610526 0.058361 0.039871 0.024688
0.171716 0.108942 0.046762 0.039913
0.520147 0.923770 0.041250 0.036927
0.610025 0.169645 0.055532 0.041622
0.837111 0.520176 0.049501 0.043205
0.287905 0.606056 0.061550 0.031354
0.411941 0.971178 0.044977 0.032099
0.610525 0.205877 0.035843 0.028735
0.387019 0.023226 0.042879 0.040711
0.954609 0.887533 0.042564 0.036485
0.517116 0.965088 0.058066 0.041930
0.174844 0.155171 0.059129 0.047446
0.296247 0.573288 0.057868 0.030591
