0.508056 0.224532 0.080718 0.056050
0.171029 0.278754 0.085544 0.050910
0.391539 0.174354 0.078480 0.053743
0.062868 0.653806 0.072937 0.055833
0.171210 0.659428 0.082306 0.048371
0.502874 0.119369 0.074787 0.050867
0.161339 0.332097 0.088526 0.048709
0.393000 0.638896 0.085320 0.053608
0.170206 0.116410 0.083558 0.047730
0.726960 0.751972 0.078276 0.050124
0.171455 0.922952 0.085597 0.054970
0.718615 0.701134 0.079228 0.049064
0.173314 0.768331 0.083044 0.046040
0.613861 0.227166 0.079790 0.054287
0.832275 0.906100 0.069312 0.047162
0.170268 0.168732 0.076998 0.049160
0.501586 0.169252 0.086709 0.044635
0.055250 0.227734 0.080764 0.052711
0.507096 0.618374 0.074945 0.059374
0.277559 0.353604 0.076745 0.053440
0.506553 0.682635 0.096284 0.061743
0.507270 0.285143 0.094452 0.059534
0.505261 0.449911 0.084184 0.048434
0.399393 0.802470 0.076436 0.054310
0.397056 0.341081 0.071232 0.051344
0.830134 0.803822 0.075522 0.046314
0.941066 0.228475 0.077034 0.048807
0.943336 0.746969 0.079331 0.051598
0.723305 0.426242 0.072784 0.048099
0.725380 0.807190 0.073599 0.052107
0.179347 0.868915 0.087669 0.050682
0.718624 0.263778 0.077206 0.051916
0.161762 0.491885 0.077558 0.054440
0.726221 0.913573 0.081702 0.045813
0.511149 0.897081 0.083813 0.048760
0.279016 0.862505 0.078181 0.049430
0.619377 0.542675 0.076129 0.050954
0.176809 0.714664 0.078513 0.053408
0.172712 0.817676 0.086698 0.046468
0.388953 0.227803 0.085213 0.049318
0.833494 0.484546 0.082495 0.052068
0.622036 0.598266 0.076809 0.049469
0.390916 0.283223 0.092364 0.049619
0.944151 0.896586 0.069473 0.043988
0.506100 0.347736 0.083361 0.053244
0.059694 0.766607 0.077424 0.059524
0.060843 0.594500 0.070488 0.054709
0.396200 0.745447 0.092995 0.047695
0.395371 0.581792 0.083637 0.055970
0.943754 0.584503 0.088712 0.058796
0.726271 0.861147 0.070537 0.048379
0.274406 0.469606 0.079780 0.048050
0.064223 0.877836 0.088764 0.051461
0.277354 0.183739 0.086205 0.055668
0.939025 0.850238 0.073731 0.043364
0.835816 0.854722 0.081145 0.050388
0.406215 0.860746 0.082996 0.051510
0.725320 0.479020 0.088075 0.053712
0.508065 0.953958 0.077743 0.054766
0.284262 0.242631 0.078445 0.047172
0.621246 0.956062 0.080549 0.057016
0.941414 0.691421 0.082874 0.046625
0.833829 0.282966 0.077547 0.056355
0.837252 0.110646 0.080495 0.059069
0.280245 0.297597 0.075970 0.052767
0.620123 0.699117 0.083725 0.050026
0.398622 0.396713 0.074477 0.055085
0.612201 0.752818 0.079063 0.043428
0.721135 0.646512 0.083397 0.057799
0.833097 0.169195 0.076685 0.050506
0.835702 0.957573 0.085013 0.049542
0.726957 0.532178 0.078221 0.048371
0.511432 0.561431 0.080220 0.050640
0.609223 0.114467 0.079390 0.059818
0.619110 0.854656 0.076372 0.041295
0.940270 0.126545 0.077291 0.048371
0.276142 0.581090 0.070223 0.047870
0.399672 0.455780 0.081980 0.055685
0.620688 0.384098 0.080637 0.045684
0.280095 0.124579 0.073404 0.057157
0.833860 0.053545 0.077753 0.045976
0.063167 0.825192 0.079091 0.050950
0.163973 0.224378 0.069888 0.046292
0.280998 0.687592 0.078348 0.054264
0.611349 0.169957 0.070011 0.047828
0.390916 0.117632 0.069325 0.051865
0.832983 0.223419 0.067235 0.051827
0.392442 0.521139 0.099840 0.064222
0.722499 0.960822 0.074686 0.048706
0.277039 0.631973 0.069493 0.048406
0.057648 0.115779 0.082947 0.043326
0.061325 0.708666 0.088381 0.051720
0.943391 0.528236 0.062190 0.045124
0.939745 0.324304 0.085037 0.044026
0.056930 0.487032 0.092080 0.046860
0.944736 0.479962 0.067274 0.049222
0.279888 0.911255 0.094253 0.042178
0.944000 0.381509 0.071291 0.059141
0.621011 0.807591 0.079566 0.053281
0.054132 0.335002 0.078393 0.047361
0.506489 0.794151 0.064871 0.052978
0.938601 0.177933 0.080406 0.045151
0.939929 0.966244 0.098452 0.040036
0.163977 0.381802 0.080206 0.047706
0.718003 0.372991 0.073482 0.051660
0.165129 0.603521 0.069204 0.051729
0.827204 0.335641 0.087736 0.042868
0.057442 0.170325 0.067720 0.054479
0.837603 0.430873 0.084330 0.053215
0.060053 0.540139 0.073552 0.049827
0.831139 0.647320 0.069858 0.056878
0.725966 0.211878 0.078911 0.045690
0.064591 0.927522 0.084242 0.048992
0.505154 0.504392 0.066453 0.050812
0.271473 0.523019 0.083136 0.054688
0.726501 0.159345 0.072459 0.055335
0.834832 0.382615 0.078811 0.033118
0.947898 0.432194 0.086841 0.037923
0.176135 0.971825 0.075421 0.039149
0.161924 0.062850 0.079949 0.053566
0.279005 0.413983 0.072786 0.057110
0.831183 0.589622 0.064931 0.048332
0.828558 0.758043 0.051629 0.039261
0.726054 0.587387 0.061952 0.049612
0.830073 0.536672 0.058200 0.050157
0.508054 0.400353 0.057240 0.047525
0.278442 0.065193 0.071721 0.060256
0.056805 0.283777 0.073671 0.043845
0.614365 0.437406 0.071597 0.050497
0.285918 0.751239 0.092833 0.064846
0.508269 0.740478 0.060291 0.049514
0.616041 0.488125 0.060299 0.046165
0.059053 0.383902 0.085495 0.043947
0.614053 0.334875 0.075905 0.044359
0.828918 0.706990 0.051508 0.053245
0.508190 0.845726 0.058074 0.045957
0.403490 0.914934 0.083612 0.053452
0.617052 0.898932 0.080790 0.047124
0.943033 0.640890 0.061749 0.045333
0.721196 0.316767 0.062922 0.054597
0.050852 0.065223 0.060711 0.055861
0.067089 0.973855 0.097225 0.042595
0.945316 0.933037 0.073056 0.026644
0.283389 0.809296 0.061677 0.045739
0.722761 0.056947 0.066294 0.047763
0.944895 0.800534 0.049606 0.047516
0.615226 0.648691 0.063210 0.042390
0.167866 0.435686 0.068622 0.049549
0.284199 0.963314 0.073514 0.042482
0.613810 0.054911 0.068134 0.052901
0.396029 0.695011 0.060689 0.048153
0.170484 0.549037 0.058106 0.049763
0.065183 0.435202 0.088607 0.050357
0.616052 0.284606 0.056647 0.052324
0.396373 0.062449 0.054191 0.051783
0.724103 0.105541 0.062330 0.050340
0.945241 0.067867 0.076444 0.060103
0.941023 0.280089 0.053352 0.043664
0.399369 0.965027 0.071382 0.040857
0.506323 0.058113 0.059950 0.054987
