0.170742 0.777748 0.066800 0.042280
0.838596 0.671086 0.059513 0.030505
0.064739 0.871348 0.064339 0.041200
0.176845 0.888239 0.058038 0.036289
0.733937 0.739547 0.059882 0.041170
0.172593 0.736880 0.052451 0.037657
0.835944 0.855232 0.063990 0.040937
0.735675 0.698580 0.063193 0.038294
0.290946 0.822400 0.067967 0.034921
0.178349 0.234918 0.064369 0.037930
0.291659 0.502213 0.059256 0.034467
0.293022 0.291790 0.054963 0.041467
0.177661 0.300758 0.063389 0.032700
0.175380 0.418652 0.058051 0.038135
0.291570 0.575032 0.054031 0.034611
0.731980 0.878498 0.081892 0.037267
0.733413 0.779859 0.053021 0.033910
0.067373 0.319931 0.053524 0.040048
0.290335 0.787292 0.057920 0.030833
0.173563 0.849855 0.050709 0.035505
0.627607 0.546553 0.052212 0.036076
0.290464 0.754471 0.059799 0.031990
0.941820 0.889752 0.058599 0.038980
0.398529 0.495069 0.075253 0.041015
0.291808 0.439628 0.052997 0.037636
0.621955 0.136160 0.058720 0.037994
0.072331 0.390693 0.052357 0.036701
0.725198 0.187107 0.059049 0.038367
0.294807 0.335126 0.053919 0.037809
0.293067 0.538699 0.056180 0.034041
0.733890 0.497322 0.053064 0.038384
0.070444 0.831771 0.051979 0.031722
0.072486 0.760230 0.051524 0.037802
0.728643 0.657848 0.061746 0.043571
0.176229 0.173987 0.062859 0.030016
0.292624 0.253924 0.058798 0.030359
0.951892 0.698276 0.048576 0.043178
0.840919 0.377676 0.066819 0.032594
0.834732 0.302379 0.053567 0.039509
0.177251 0.100236 0.057500 0.037502
0.292083 0.153599 0.065903 0.032275
0.511148 0.174713 0.055593 0.037530
0.519911 0.478325 0.057955 0.040907
0.170256 0.815783 0.050818 0.031830
0.176492 0.382040 0.057915 0.030346
0.720943 0.056969 0.059393 0.038863
0.949397 0.656863 0.060707 0.035052
0.734602 0.813699 0.051543 0.033358
0.289475 0.718054 0.054176 0.039455
0.175164 0.703551 0.048625 0.028861
0.939105 0.927779 0.058179 0.035388
0.070141 0.497399 0.066053 0.032337
0.172433 0.668830 0.052041 0.034914
0.732515 0.333646 0.064414 0.038025
0.835291 0.116404 0.050698 0.042065
0.727658 0.223415 0.059378 0.034446
0.186276 0.922002 0.066560 0.026878
0.065925 0.134326 0.051478 0.040003
0.523195 0.399739 0.048098 0.040958
0.177024 0.139848 0.051084 0.038396
0.520544 0.214870 0.068970 0.037296
0.289839 0.680904 0.049894 0.030195
0.400415 0.329442 0.055286 0.039144
0.949637 0.740140 0.053776 0.033287
0.719502 0.021028 0.061879 0.037389
0.290898 0.186794 0.053651 0.032839
0.625338 0.385921 0.074169 0.047957
0.291487 0.923076 0.052259 0.032075
0.833937 0.261154 0.063145 0.038283
0.943146 0.420770 0.071760 0.041636
0.066173 0.173253 0.046201 0.036920
0.182314 0.455469 0.055857 0.033529
0.952583 0.527774 0.056218 0.039199
0.292306 0.613848 0.053682 0.040845
0.067732 0.241257 0.048767 0.040418
0.628828 0.337538 0.066139 0.042989
0.403000 0.255003 0.054970 0.036608
0.405514 0.539656 0.060831 0.041937
0.732897 0.261748 0.051669 0.036943
0.292605 0.957722 0.050754 0.036939
0.402172 0.218174 0.047299 0.035893
0.939412 0.961549 0.061664 0.033451
0.071434 0.798088 0.046232 0.034113
0.936873 0.058613 0.053194 0.034366
0.067721 0.661664 0.050982 0.034552
0.842074 0.341640 0.054937 0.036059
0.627198 0.268047 0.064443 0.033919
0.722282 0.145461 0.050333 0.040832
0.402556 0.451721 0.054250 0.041661
0.083578 0.462491 0.068300 0.036342
0.520028 0.357792 0.053986 0.041125
0.617870 0.059328 0.056748 0.037517
0.066322 0.356726 0.051638 0.029107
0.293706 0.089711 0.054025 0.031893
0.519169 0.284222 0.053365 0.031711
0.630177 0.618627 0.053207 0.042340
0.944039 0.282566 0.055566 0.043170
0.935514 0.095297 0.069258 0.038959
0.178592 0.343276 0.047493 0.043474
0.068741 0.590597 0.052814 0.027507
0.627667 0.505238 0.053638 0.041856
0.068424 0.694395 0.042974 0.030526
0.403300 0.177741 0.047082 0.041574
0.293472 0.122441 0.048726 0.029400
0.840365 0.445058 0.056264 0.041279
0.293532 0.400730 0.052928 0.034775
0.074732 0.065150 0.061214 0.035967
0.943027 0.242081 0.056460 0.035108
0.835959 0.770539 0.052896 0.039927
0.836271 0.155704 0.050302 0.032352
0.736952 0.299157 0.068948 0.032153
0.625262 0.431741 0.050952 0.041300
0.173833 0.063623 0.052176 0.036825
0.401680 0.374816 0.045151 0.045764
0.631127 0.583661 0.057690 0.027508
0.289345 0.219750 0.052220 0.034530
0.067208 0.561027 0.072057 0.026079
0.735141 0.845210 0.053172 0.030735
0.946638 0.614388 0.054937 0.044732
0.291300 0.024510 0.054933 0.036331
0.832818 0.221230 0.054284 0.039367
0.944117 0.813033 0.049642 0.034992
0.290723 0.859373 0.049298 0.038924
0.181279 0.494048 0.049858 0.039787
0.620733 0.097160 0.047549 0.037342
0.521351 0.251693 0.073987 0.029858
0.842037 0.704794 0.068903 0.034634
0.937372 0.135921 0.071711 0.040098
0.736516 0.458870 0.050245 0.033550
0.737016 0.374964 0.055714 0.045558
0.294428 0.370014 0.058488 0.027664
0.176145 0.568067 0.052065 0.044233
0.398935 0.291374 0.061859 0.033952
0.065266 0.281566 0.046243 0.037028
0.837467 0.568372 0.067285 0.039310
0.946612 0.487018 0.056788 0.038042
0.838894 0.812774 0.046471 0.040854
0.180848 0.959751 0.049827 0.042206
0.070981 0.428095 0.053758 0.031346
0.947809 0.775324 0.051986 0.036718
0.068017 0.941028 0.046487 0.037058
0.180802 0.269112 0.044804 0.027520
0.069275 0.974246 0.045271 0.027969
0.290424 0.058166 0.045383 0.031469
0.937243 0.204229 0.067301 0.034916
0.832696 0.893757 0.047172 0.034720
0.182682 0.607674 0.053901 0.030712
0.616645 0.023592 0.057489 0.030230
0.521043 0.439070 0.046631 0.032853
0.404044 0.416573 0.055258 0.028773
0.070317 0.028885 0.048846 0.037931
0.825312 0.026444 0.056741 0.042445
0.519318 0.318403 0.049620 0.031961
0.622888 0.170685 0.064214 0.030316
0.831377 0.187327 0.056749 0.030829
0.071656 0.625012 0.054936 0.040038
0.619653 0.202244 0.061379 0.031515
0.180828 0.530717 0.046228 0.029558
0.626483 0.234903 0.068206 0.028459
0.951822 0.570025 0.045613 0.039344
0.068775 0.909354 0.043200 0.025685
0.839154 0.488301 0.064033 0.043315
0.837796 0.638491 0.044810 0.034057
0.731492 0.539320 0.056915 0.042131
0.521250 0.625873 0.056194 0.042707
0.836478 0.959906 0.068629 0.041304
0.842184 0.606842 0.051826 0.027814
0.397576 0.135625 0.050608 0.040639
0.836739 0.410098 0.052443 0.026950
0.519527 0.587734 0.050605 0.032190
0.837516 0.736223 0.057576 0.029958
0.624282 0.659315 0.062740 0.028035
0.070473 0.096721 0.055674 0.030170
0.290535 0.890905 0.042162 0.026996
0.841640 0.528905 0.057173 0.038204
0.290523 0.649164 0.043874 0.030649
0.943504 0.850428 0.056949 0.037857
0.829608 0.072174 0.048216 0.042822
0.180676 0.203115 0.055756 0.021363
0.934155 0.172569 0.053189 0.027693
0.175330 0.636732 0.068076 0.027795
0.168958 0.025162 0.052334 0.039973
0.297134 0.471087 0.054044 0.022520
0.067822 0.207977 0.041308 0.026600
0.737971 0.419501 0.044537 0.041412
0.627040 0.468159 0.050495 0.032141
0.518373 0.516565 0.053331 0.028838
0.510640 0.135019 0.051181 0.038574
0.072581 0.724631 0.052459 0.030208
0.944976 0.455877 0.067585 0.024639
0.933979 0.022733 0.051177 0.032808
0.072713 0.531018 0.058122 0.029330
0.741899 0.911100 0.063748 0.028766
0.949306 0.360423 0.048333 0.024980
0.720724 0.100238 0.055083 0.044308
0.733840 0.618684 0.053343 0.033856
0.520167 0.551100 0.058697 0.039323
0.745287 0.945355 0.067370 0.032345
0.733144 0.580007 0.046201 0.040784
0.507306 0.098555 0.038457 0.035328
0.508909 0.060313 0.041507 0.034680
0.945871 0.388447 0.048595 0.028066
0.831754 0.925926 0.050015 0.031168
0.511097 0.023110 0.038514 0.036523
0.742995 0.975977 0.050217 0.034586
0.946445 0.324737 0.060048 0.040375
0.630222 0.299750 0.055554 0.031307
