0.504615 0.259601 0.056990 0.030151
0.617025 0.703075 0.064481 0.042467
0.502978 0.331627 0.057776 0.041530
0.403515 0.647461 0.062129 0.039501
0.077476 0.685681 0.056505 0.034541
0.297475 0.827577 0.067135 0.037767
0.296891 0.403836 0.058652 0.035167
0.935741 0.171121 0.062232 0.041610
0.506646 0.418610 0.061485 0.038973
0.195463 0.619783 0.068568 0.040304
0.298780 0.545671 0.067417 0.042156
0.826094 0.552608 0.064454 0.046357
0.085992 0.458523 0.062279 0.035252
0.506764 0.673326 0.057749 0.042230
0.314779 0.945664 0.062545 0.034479
0.618182 0.568930 0.058363 0.038599
0.192224 0.541670 0.054983 0.040627
0.076383 0.501024 0.067991 0.042525
0.404057 0.265657 0.058575 0.045880
0.511885 0.458334 0.059006 0.033066
0.509430 0.375095 0.058685 0.040614
0.296653 0.626303 0.066131 0.042846
0.719279 0.374203 0.062049 0.039476
0.406702 0.179826 0.056685 0.040802
0.299235 0.586090 0.076838 0.034027
0.620366 0.972567 0.062744 0.033829
0.078797 0.788710 0.049488 0.037707
0.722277 0.865248 0.051024 0.037019
0.722280 0.825716 0.066110 0.035015
0.610708 0.182755 0.055408 0.040114
0.506126 0.114678 0.066437 0.042568
0.190819 0.581949 0.052325 0.035451
0.617480 0.852519 0.053283 0.041971
0.511338 0.496200 0.054524 0.040040
0.406524 0.821299 0.064208 0.038221
0.613859 0.259440 0.051445 0.038063
0.718184 0.333197 0.066733 0.039301
0.720221 0.245145 0.058008 0.032437
0.508031 0.627939 0.065471 0.037774
0.723430 0.931740 0.051100 0.034101
0.507576 0.070522 0.068580 0.042360
0.298569 0.868248 0.073374 0.038684
0.617070 0.933738 0.051828 0.039290
0.297560 0.233943 0.064402 0.043794
0.930147 0.571580 0.052312 0.036309
0.926745 0.067839 0.065714 0.040962
0.187308 0.780402 0.062112 0.040098
0.615690 0.336707 0.069485 0.040802
0.931796 0.306498 0.054213 0.038834
0.728568 0.696233 0.059154 0.044457
0.620675 0.657822 0.053877 0.040868
0.621603 0.810675 0.053972 0.035292
0.826778 0.960857 0.061772 0.036552
0.297646 0.363307 0.062372 0.036251
0.082143 0.421242 0.053361 0.036662
0.610125 0.221960 0.049221 0.034630
0.403302 0.569074 0.058909 0.042010
0.188236 0.736721 0.051458 0.040195
0.506736 0.186795 0.055689 0.041013
0.397560 0.425416 0.060250 0.040168
0.817166 0.069571 0.060257 0.042365
0.513636 0.585140 0.055534 0.039249
0.080549 0.828937 0.049303 0.036388
0.716623 0.170380 0.067921 0.041548
0.508653 0.785483 0.059109 0.048212
0.307712 0.787863 0.067078 0.032843
0.300094 0.692991 0.057707 0.037962
0.822495 0.385078 0.064725 0.041220
0.611210 0.109558 0.060480 0.039843
0.824029 0.180232 0.058702 0.032088
0.826572 0.815511 0.052383 0.040137
0.937265 0.752141 0.046765 0.031237
0.617612 0.611747 0.051740 0.041862
0.190739 0.821587 0.058858 0.039787
0.825295 0.303931 0.061261 0.033538
0.398711 0.068247 0.055132 0.037813
0.405368 0.221851 0.050846 0.039219
0.187455 0.302081 0.055963 0.043276
0.503454 0.292516 0.046874 0.034327
0.080989 0.864545 0.053235 0.034302
0.822679 0.343466 0.055554 0.037712
0.183506 0.065740 0.065355 0.040461
0.822767 0.922728 0.060918 0.039788
0.934208 0.348600 0.059226 0.041062
0.188874 0.661378 0.054414 0.041721
0.724313 0.898561 0.056577 0.027064
0.932511 0.533534 0.053409 0.037274
0.405000 0.465097 0.056238 0.037214
0.296349 0.468383 0.064576 0.039330
0.715009 0.129044 0.060002 0.040701
0.618810 0.894500 0.049023 0.039256
0.819639 0.145208 0.048351 0.032533
0.929029 0.426889 0.059440 0.044776
0.827059 0.737524 0.052201 0.037095
0.300596 0.504357 0.060834 0.035418
0.817955 0.110214 0.048454 0.036586
0.613453 0.378717 0.060013 0.036897
0.510699 0.716796 0.055330 0.036997
0.716854 0.648872 0.059307 0.041633
0.609387 0.146407 0.047700 0.032879
0.185802 0.461488 0.054539 0.038257
0.934313 0.219984 0.050276 0.046613
0.827342 0.855758 0.058274 0.032100
0.933027 0.264954 0.052584 0.039449
0.516002 0.935647 0.046032 0.035447
0.819000 0.257314 0.050117 0.047857
0.074520 0.612525 0.049429 0.040022
0.079940 0.899233 0.050197 0.031636
0.079240 0.753899 0.045181 0.031617
0.081140 0.183150 0.057302 0.042069
0.612154 0.298755 0.049872 0.035005
0.720734 0.210495 0.058576 0.029832
0.726393 0.532108 0.049660 0.038105
0.619047 0.527184 0.052959 0.038945
0.821152 0.465838 0.054197 0.042606
0.825773 0.215276 0.055875 0.030322
0.931885 0.497607 0.051844 0.033665
0.188491 0.422896 0.050087 0.032166
0.937376 0.720425 0.050363 0.028697
0.080754 0.265935 0.055331 0.039730
0.613859 0.487812 0.062786 0.038399
0.404641 0.608471 0.048765 0.032373
0.184631 0.259810 0.052894 0.039930
0.306755 0.909398 0.053701 0.034964
0.720392 0.064913 0.050353 0.035740
0.079691 0.720689 0.043535 0.032782
0.610638 0.068177 0.046183 0.037528
0.720737 0.606343 0.061852 0.044500
0.404367 0.689568 0.050916 0.040085
0.824992 0.628447 0.057648 0.026924
0.928377 0.902010 0.047333 0.040412
0.188184 0.189848 0.063719 0.031832
0.407543 0.775269 0.065405 0.046829
0.506041 0.226414 0.047474 0.031760
0.514167 0.895603 0.051380 0.041718
0.930805 0.969823 0.050012 0.038267
0.931410 0.134442 0.044189 0.031709
0.939536 0.784936 0.047742 0.030054
0.080955 0.308933 0.050560 0.040850
0.185403 0.348231 0.051962 0.040326
0.402429 0.349902 0.050732 0.050372
0.934579 0.643523 0.052111 0.034177
0.511410 0.541131 0.049113 0.046823
0.727986 0.965472 0.056118 0.034681
0.193072 0.967278 0.055316 0.034498
0.826191 0.507051 0.054765 0.039461
0.722274 0.783361 0.045991 0.042165
0.078261 0.574577 0.045222 0.037237
0.299762 0.323121 0.057609 0.040855
0.507397 0.030040 0.062686 0.039286
0.613340 0.773014 0.052337 0.036893
0.191942 0.929950 0.049321 0.037875
0.615465 0.412381 0.049644 0.031816
0.401273 0.106038 0.049525 0.032589
0.729770 0.567096 0.051668 0.030472
0.186824 0.699449 0.053145 0.033369
0.400004 0.141522 0.053428 0.027211
0.828634 0.774132 0.052041 0.037011
0.411563 0.859910 0.046617 0.040250
0.191984 0.501796 0.048403 0.037680
0.827730 0.887933 0.050832 0.030187
0.080816 0.226698 0.048513 0.037277
0.933854 0.818606 0.046350 0.035686
0.077531 0.650731 0.043760 0.035631
0.826559 0.701042 0.046045 0.034421
0.622902 0.740881 0.051703 0.027095
0.933661 0.607677 0.044625 0.035086
0.077801 0.961684 0.065352 0.043981
0.821273 0.662225 0.059219 0.042161
0.510636 0.151059 0.061240 0.026243
0.189063 0.388023 0.050085 0.037376
0.722812 0.415341 0.047355 0.037476
0.513991 0.855468 0.053961 0.037894
0.084306 0.382358 0.047707 0.036179
0.823844 0.027455 0.049275 0.032322
0.826390 0.596394 0.047725 0.035796
0.611575 0.029746 0.060451 0.039738
0.297902 0.190358 0.053240 0.040315
0.304556 0.731201 0.053922 0.026150
0.929094 0.029528 0.058074 0.037945
0.080210 0.346794 0.048365 0.033485
0.938249 0.682410 0.045851 0.040324
0.186458 0.146699 0.053540 0.048566
0.394946 0.028865 0.060724 0.034967
0.930220 0.466544 0.044813 0.028491
0.724538 0.287760 0.052725 0.049100
0.305900 0.758595 0.048163 0.023653
0.080615 0.538452 0.050930 0.030336
0.725941 0.738429 0.050467 0.039628
0.076211 0.099891 0.051352 0.040668
0.410631 0.905551 0.043957 0.039880
0.720695 0.028910 0.051275 0.035830
0.725937 0.454166 0.053072 0.036791
0.411537 0.940146 0.050185 0.029418
0.300816 0.278840 0.056618 0.046273
0.181617 0.026153 0.050602 0.033382
0.309670 0.976626 0.063465 0.028604
0.824377 0.425161 0.056758 0.032009
0.933176 0.385301 0.046978 0.033204
0.401363 0.390348 0.048201 0.032287
0.295734 0.152089 0.045867 0.035155
0.514081 0.747551 0.048594 0.023277
0.928168 0.859118 0.044646 0.040702
0.931953 0.104419 0.047841 0.026245
0.401874 0.308317 0.053389 0.028505
0.932091 0.935555 0.044588 0.028186
0.404348 0.527603 0.064126 0.037659
0.190181 0.894912 0.045376 0.032241
0.722252 0.095580 0.046242 0.026964
0.079127 0.140658 0.041716 0.037295
0.516077 0.968346 0.049616 0.031973
0.404768 0.730073 0.041518 0.038099
0.189540 0.859817 0.042405 0.032599
0.076551 0.032652 0.051048 0.038820
0.187178 0.223723 0.046327 0.026913
0.511476 0.824582 0.049343 0.031219
0.616150 0.450153 0.053616 0.037964
0.082563 0.927376 0.048599 0.023257
0.298618 0.434887 0.048203 0.024577
0.298934 0.660737 0.046107 0.024565
0.292367 0.068893 0.046049 0.044799
0.189818 0.104339 0.046578 0.032484
0.409884 0.972510 0.067595 0.035485
0.295734 0.112532 0.048333 0.040525
0.075943 0.065715 0.043175 0.028173
0.293794 0.028290 0.054859 0.037932
0.725813 0.493150 0.049994 0.036752
0.403012 0.500574 0.048280 0.031395
