0.161160 0.741246 0.068132 0.045585
0.063244 0.439601 0.065190 0.040671
0.068690 0.191447 0.063332 0.041689
0.061483 0.522994 0.060435 0.033544
0.071378 0.278155 0.066002 0.039368
0.494776 0.811542 0.066961 0.040605
0.071020 0.319966 0.070725 0.041437
0.062208 0.684340 0.066014 0.042082
0.391506 0.497997 0.066710 0.039134
0.388785 0.072939 0.065726 0.040629
0.393517 0.453430 0.076480 0.041549
0.273312 0.723891 0.063080 0.038523
0.277162 0.814190 0.074977 0.044189
0.178257 0.223420 0.069079 0.040873
0.174960 0.422030 0.072303 0.038511
0.177302 0.263571 0.064453 0.036148
0.280731 0.446809 0.057820 0.035580
0.050164 0.914890 0.063482 0.038205
0.599682 0.223769 0.070783 0.035536
0.068723 0.234213 0.063092 0.036501
0.170488 0.654165 0.070998 0.046631
0.272914 0.890301 0.068801 0.041359
0.062787 0.561173 0.057315 0.037669
0.271140 0.766614 0.067873 0.039351
0.273699 0.932941 0.071441 0.040532
0.390350 0.151866 0.067121 0.034947
0.281623 0.288374 0.078741 0.035687
0.502348 0.355146 0.059814 0.039925
0.704710 0.535062 0.059833 0.042456
0.389676 0.584534 0.061592 0.037058
0.280551 0.365064 0.063300 0.042568
0.063859 0.484057 0.078716 0.041279
0.052146 0.806261 0.054857 0.037757
0.390717 0.778230 0.077000 0.040808
0.599919 0.258987 0.063456 0.032894
0.389367 0.664573 0.072046 0.042900
0.166172 0.782437 0.057253 0.032661
0.287079 0.113917 0.073993 0.039818
0.394910 0.327022 0.070328 0.037352
0.175975 0.301094 0.058912 0.036821
0.917509 0.739686 0.060482 0.033562
0.604408 0.458178 0.062645 0.040675
0.706880 0.495431 0.057663 0.033240
0.396251 0.541994 0.075139 0.041842
0.276429 0.683675 0.067252 0.037187
0.489829 0.853918 0.059250 0.038750
0.177791 0.185490 0.066617 0.033709
0.184088 0.147345 0.079165 0.038905
0.167258 0.868218 0.071131 0.038957
0.281135 0.324490 0.068394 0.031156
0.060768 0.726021 0.079009 0.040122
0.179359 0.339440 0.075489 0.034269
0.049270 0.846756 0.050284 0.037821
0.502177 0.471931 0.085316 0.044356
0.396246 0.289568 0.060382 0.033749
0.928467 0.116045 0.062293 0.035137
0.166544 0.695241 0.066452 0.040292
0.499573 0.666311 0.069367 0.041173
0.377285 0.938737 0.072666 0.038324
0.071191 0.149434 0.065735 0.037303
0.390306 0.113103 0.064700 0.034837
0.708727 0.220501 0.056577 0.033378
0.708252 0.180511 0.050012 0.036822
0.495796 0.915144 0.079200 0.037359
0.909067 0.956285 0.065629 0.037716
0.815967 0.091372 0.059925 0.039498
0.062411 0.599945 0.053032 0.034154
0.171289 0.572241 0.074163 0.046508
0.925016 0.623443 0.070968 0.041038
0.287076 0.485768 0.070648 0.039030
0.495477 0.773767 0.059847 0.030597
0.708416 0.461381 0.054852 0.034009
0.498479 0.544339 0.055209 0.037813
0.170168 0.824595 0.057474 0.044651
0.180396 0.108995 0.066707 0.038511
0.063177 0.037371 0.064344 0.036972
0.930637 0.308542 0.062637 0.040631
0.919915 0.538450 0.056422 0.037729
0.172632 0.032226 0.069399 0.036275
0.285524 0.074720 0.069286 0.034835
0.601797 0.346464 0.078108 0.040888
0.709222 0.254997 0.060001 0.031069
0.283275 0.252144 0.080498 0.029584
0.166592 0.905278 0.061614 0.035534
0.919905 0.435799 0.070980 0.037903
0.498008 0.628072 0.062539 0.034430
0.927684 0.578737 0.064544 0.040767
0.389011 0.370572 0.064023 0.047366
0.489398 0.072265 0.056794 0.038583
0.602692 0.416613 0.056171 0.039212
0.933189 0.229162 0.056403 0.042053
0.283456 0.037168 0.063660 0.037719
0.390580 0.622795 0.050511 0.037174
0.173263 0.612611 0.074593 0.035232
0.275261 0.648960 0.066769 0.035406
0.501648 0.587067 0.063327 0.044994
0.399425 0.735332 0.075254 0.039105
0.920818 0.472798 0.060392 0.033270
0.502892 0.428254 0.052744 0.033305
0.175036 0.070895 0.062422 0.036796
0.391911 0.187098 0.055933 0.036005
0.497651 0.115704 0.070058 0.042140
0.070920 0.403220 0.067263 0.025417
0.058383 0.637479 0.055795 0.035113
0.814468 0.048779 0.057697 0.045106
0.051141 0.768609 0.054745 0.033265
0.046705 0.957812 0.064544 0.044706
0.502424 0.393420 0.054395 0.035162
0.391386 0.700970 0.068807 0.028941
0.281252 0.157648 0.075101 0.042451
0.606999 0.183253 0.056780 0.038684
0.607383 0.500104 0.060041 0.041351
0.389406 0.819874 0.059609 0.034408
0.283085 0.407866 0.050436 0.039813
0.067213 0.073597 0.081513 0.032483
0.393762 0.412844 0.063365 0.035220
0.922943 0.776560 0.068663 0.038691
0.505784 0.312708 0.063545 0.039922
0.934890 0.188726 0.062816 0.032620
0.704599 0.428086 0.049819 0.030165
0.386334 0.861790 0.062312 0.045159
0.915572 0.850970 0.050658 0.033765
0.912489 0.918725 0.055491 0.036464
0.924246 0.702913 0.065318 0.035540
0.501233 0.701889 0.069933 0.036058
0.393074 0.254535 0.046777 0.032545
0.504208 0.510156 0.056308 0.029591
0.822603 0.306260 0.068366 0.043253
0.714131 0.287503 0.053529 0.035465
0.175921 0.378716 0.047473 0.044485
0.392318 0.220741 0.053845 0.031038
0.603736 0.381520 0.059613 0.031618
0.175224 0.462145 0.063660 0.037786
0.283284 0.584054 0.069592 0.038001
0.923882 0.663811 0.060270 0.037598
0.602466 0.139697 0.067229 0.038304
0.928699 0.151898 0.043445 0.036221
0.597059 0.044512 0.078057 0.053157
0.069880 0.366015 0.052774 0.043974
0.382743 0.031744 0.059727 0.032334
0.068991 0.110148 0.054629 0.041484
0.919160 0.815187 0.053433 0.031073
0.493172 0.156636 0.054817 0.034442
0.287323 0.547708 0.068516 0.029925
0.290013 0.191751 0.077267 0.031614
0.500045 0.196133 0.055672 0.036043
0.604771 0.298342 0.057265 0.045634
0.927909 0.075533 0.045732 0.036048
0.496469 0.953049 0.050300 0.040444
0.498175 0.737467 0.056223 0.034760
0.494176 0.884879 0.055559 0.021890
0.713441 0.353327 0.056279 0.040110
0.704144 0.580481 0.053242 0.045306
0.819691 0.130999 0.053419 0.036824
0.917516 0.884260 0.062421 0.023943
0.049854 0.879798 0.051860 0.024702
0.708492 0.394563 0.045627 0.034028
0.927553 0.504164 0.059103 0.024380
0.385198 0.901857 0.062659 0.026375
0.929434 0.268481 0.046172 0.034390
0.278992 0.968186 0.074662 0.033467
0.282117 0.852650 0.075993 0.027160
0.709396 0.143575 0.045988 0.034323
0.502983 0.271936 0.054750 0.040626
0.819382 0.265928 0.053619 0.034334
0.496960 0.233086 0.053321 0.037016
0.169524 0.500225 0.077317 0.040180
0.824531 0.173982 0.059495 0.047823
0.486288 0.032257 0.048110 0.037719
0.920615 0.040353 0.060502 0.033964
0.715173 0.319100 0.050022 0.025514
0.282073 0.222202 0.070414 0.026671
0.281560 0.518616 0.052919 0.026510
0.381323 0.973535 0.063782 0.038228
0.174351 0.534581 0.074525 0.024790
0.926175 0.401449 0.065430 0.025151
0.816537 0.223248 0.064561 0.048543
0.931566 0.363265 0.049009 0.036015
0.712164 0.108398 0.035873 0.032911
0.163582 0.945725 0.060772 0.039529
0.871632 0.150712 0.039209 0.033716
0.281485 0.613801 0.064441 0.029442
0.710368 0.076193 0.035465 0.029007
0.166050 0.968898 0.063701 0.037321
0.708159 0.040013 0.043170 0.034381
