0.278206 0.359871 0.060433 0.029612
0.667489 0.672774 0.062003 0.027810
0.086773 0.272418 0.059704 0.028990
0.467926 0.596941 0.061510 0.032383
0.180551 0.231766 0.050589 0.033439
0.567972 0.544391 0.060391 0.034037
0.468178 0.391965 0.054279 0.031724
0.664180 0.358604 0.056756 0.030213
0.567557 0.507658 0.063120 0.028412
0.467399 0.358581 0.057127 0.027991
0.662137 0.158501 0.056843 0.026793
0.755053 0.809113 0.057490 0.028927
0.665077 0.418812 0.058608 0.028479
0.762003 0.405610 0.052820 0.031249
0.666463 0.612729 0.056035 0.034476
0.472498 0.460906 0.053632 0.035469
0.463374 0.703239 0.054882 0.031310
0.469222 0.426093 0.055677 0.028816
0.760383 0.479142 0.052768 0.030635
0.569411 0.335095 0.052542 0.037402
0.373016 0.230733 0.054820 0.029669
0.758716 0.679167 0.054082 0.034798
0.280706 0.136062 0.069703 0.030694
0.372936 0.266447 0.049720 0.034307
0.472991 0.242925 0.059860 0.033052
0.184420 0.612073 0.059167 0.027093
0.667493 0.287807 0.059813 0.034471
0.471531 0.496825 0.055966 0.028042
0.182655 0.337879 0.061330 0.033596
0.088718 0.305765 0.053341 0.027957
0.087657 0.605622 0.050801 0.027391
0.760085 0.611806 0.052121 0.028235
0.758271 0.233894 0.051829 0.034088
0.760839 0.541480 0.058590 0.029015
0.846811 0.846212 0.058197 0.030064
0.664365 0.326671 0.049952 0.033388
0.086265 0.638954 0.058115 0.032589
0.847760 0.470621 0.050939 0.025834
0.369310 0.828377 0.052991 0.028750
0.663121 0.539392 0.054442 0.031719
0.276916 0.220740 0.055795 0.025637
0.767151 0.336613 0.057606 0.034011
0.660757 0.192335 0.050918 0.033396
0.471322 0.210853 0.063118 0.024786
0.087554 0.675818 0.063763 0.032292
0.368775 0.693065 0.058681 0.030001
0.563764 0.445845 0.056252 0.025153
0.372008 0.199651 0.054294 0.026959
0.268571 0.767509 0.053533 0.031540
0.467861 0.299287 0.051560 0.026986
0.849139 0.300707 0.050669 0.027585
0.088212 0.367798 0.056723 0.031103
0.851725 0.236020 0.050343 0.027654
0.275963 0.493154 0.054003 0.028310
0.179982 0.163103 0.054714 0.033076
0.367438 0.597041 0.056599 0.029590
0.567222 0.411919 0.059914 0.031312
0.758507 0.844780 0.049038 0.032193
0.768917 0.371408 0.055742 0.032634
0.085137 0.713505 0.061543 0.031640
0.088428 0.166687 0.058487 0.031860
0.089259 0.407526 0.050331 0.039319
0.665710 0.709937 0.049967 0.036794
0.574640 0.250518 0.055750 0.032857
0.280527 0.394743 0.056252 0.027741
0.750820 0.772067 0.048345 0.032934
0.657861 0.575675 0.058781 0.032906
0.761367 0.301326 0.056879 0.025552
0.757204 0.645793 0.055274 0.027660
0.368137 0.565626 0.053016 0.028331
0.761480 0.441211 0.047850 0.034341
0.845254 0.813234 0.051453 0.033809
0.089653 0.205160 0.051144 0.034758
0.280083 0.252789 0.056265 0.029055
0.662716 0.228829 0.046135 0.030288
0.666713 0.779654 0.049245 0.030460
0.090975 0.573529 0.054678 0.028704
0.371225 0.657627 0.048699 0.030646
0.266667 0.801008 0.053111 0.025610
0.367813 0.729889 0.047792 0.035181
0.184762 0.301277 0.051159 0.027274
0.571516 0.186598 0.057081 0.027128
0.461562 0.736458 0.047967 0.027530
0.370978 0.138550 0.046926 0.028103
0.758755 0.575990 0.048363 0.035501
0.280868 0.430640 0.049372 0.038395
0.471088 0.635392 0.052624 0.035417
0.846685 0.745929 0.047928 0.026692
0.666041 0.477760 0.054870 0.028586
0.182758 0.528669 0.059893 0.028726
0.277390 0.628232 0.058578 0.030036
0.465342 0.822520 0.049969 0.025832
0.661863 0.744242 0.046062 0.030819
0.472575 0.527633 0.071372 0.026867
0.848466 0.620462 0.050733 0.028880
0.851499 0.586564 0.059396 0.030608
0.087606 0.335514 0.052581 0.024315
0.181488 0.644767 0.045422 0.031727
0.180604 0.269604 0.046132 0.028052
0.462402 0.670826 0.052019 0.025648
0.370756 0.102930 0.053617 0.031241
0.185292 0.713528 0.048581 0.035528
0.462666 0.763008 0.057321 0.023017
0.370392 0.299900 0.049721 0.027691
0.567283 0.292002 0.053569 0.040703
0.273262 0.731619 0.058349 0.029922
0.183560 0.468424 0.050910 0.037431
0.471454 0.129381 0.060778 0.025077
0.281742 0.666607 0.050370 0.040695
0.271502 0.859776 0.042994 0.026507
0.088533 0.845045 0.049140 0.034129
0.370765 0.861556 0.048505 0.029773
0.478123 0.560092 0.070553 0.032089
0.570020 0.102773 0.050275 0.035569
0.182844 0.410279 0.049016 0.027097
0.092158 0.539680 0.046574 0.030271
0.854216 0.170913 0.055389 0.029201
0.363245 0.795192 0.046426 0.026807
0.278912 0.592290 0.047231 0.035459
0.182544 0.678334 0.048896 0.024387
0.665896 0.642863 0.065331 0.023356
0.566460 0.374452 0.050548 0.029245
0.089023 0.475187 0.056195 0.039063
0.367066 0.766221 0.056517 0.024649
0.850203 0.363761 0.046243 0.031073
0.758531 0.511317 0.067935 0.024719
0.844027 0.778793 0.042263 0.030156
0.659337 0.387742 0.058303 0.025126
0.086919 0.809708 0.049460 0.025111
0.471227 0.329329 0.059179 0.022388
0.848682 0.267151 0.042889 0.030785
0.279826 0.554414 0.046188 0.030546
0.178657 0.198547 0.042411 0.028143
0.760408 0.267875 0.040679 0.031475
0.275674 0.326834 0.051739 0.025548
0.090870 0.134207 0.050674 0.030387
0.281287 0.291108 0.044772 0.035325
0.661868 0.256246 0.055098 0.022964
0.566469 0.475964 0.041237 0.027965
0.086951 0.241006 0.043382 0.026281
0.183303 0.374356 0.046207 0.032850
0.180327 0.501260 0.044078 0.021939
0.272518 0.888456 0.051591 0.026153
0.464540 0.791313 0.054708 0.030700
0.189474 0.753419 0.056775 0.038525
0.372745 0.168828 0.048995 0.025809
0.368713 0.534180 0.047241 0.029102
0.083877 0.778802 0.041995 0.028898
0.089075 0.440997 0.050017 0.023357
0.369668 0.891550 0.050709 0.025711
0.763041 0.095089 0.052091 0.028580
0.846879 0.684702 0.039970 0.032209
0.849595 0.553413 0.042727 0.028272
0.759939 0.155338 0.050035 0.027649
0.664669 0.128845 0.058277 0.024206
0.372760 0.628830 0.056469 0.024948
0.187089 0.835894 0.050294 0.039386
0.183809 0.793001 0.051111 0.033550
0.757942 0.712757 0.045478 0.029890
0.849093 0.203669 0.045553 0.027264
0.664869 0.815895 0.041098 0.028114
0.270423 0.830781 0.041036 0.025785
0.369461 0.471173 0.050559 0.035321
0.568088 0.617377 0.067134 0.031073
0.089199 0.510502 0.041335 0.022792
0.185446 0.872389 0.049308 0.030337
0.574242 0.216630 0.053259 0.025645
0.373509 0.329698 0.058352 0.023707
0.279590 0.168034 0.064466 0.023368
0.085136 0.745571 0.041820 0.028010
0.665635 0.508419 0.056342 0.024592
0.474499 0.098667 0.053075 0.033025
0.366823 0.503887 0.050526 0.021155
0.849284 0.331336 0.040202 0.028194
0.470335 0.160799 0.054878 0.031314
0.566031 0.581534 0.040349 0.032161
0.844184 0.501201 0.050515 0.026123
0.758640 0.880579 0.046297 0.029926
0.846704 0.715506 0.043599 0.022880
0.372167 0.363910 0.046888 0.035364
0.754997 0.742706 0.053553 0.021616
0.371908 0.398585 0.039430 0.028165
0.371379 0.432958 0.042270 0.031189
0.847772 0.651603 0.046714 0.027084
0.464784 0.854331 0.038663 0.029572
0.845459 0.437140 0.043205 0.032648
0.764382 0.185630 0.056600 0.026524
0.762879 0.125722 0.058177 0.024674
0.845808 0.881645 0.041579 0.030496
0.663263 0.448547 0.039758 0.024444
0.861416 0.132182 0.046310 0.033995
0.283533 0.523396 0.058310 0.024416
0.186190 0.583024 0.051783 0.019832
0.088959 0.101836 0.058698 0.030214
0.186926 0.134360 0.061466 0.022412
0.277335 0.464397 0.050844 0.019666
0.470366 0.272150 0.050382 0.020332
0.282908 0.193907 0.054431 0.019144
0.278682 0.101338 0.047186 0.031287
0.844232 0.526050 0.055422 0.022740
0.854346 0.096201 0.053569 0.028320
0.568388 0.147138 0.047991 0.038525
0.673439 0.886653 0.054140 0.026416
0.664533 0.099043 0.050066 0.030096
0.180976 0.436569 0.038059 0.020314
0.468401 0.886192 0.046996 0.026479
0.473250 0.184965 0.055739 0.018815
0.185267 0.101618 0.038910 0.031071
0.092610 0.883078 0.054828 0.033179
0.184561 0.559075 0.058269 0.021771
0.277368 0.699968 0.054083 0.021168
0.662927 0.849449 0.061365 0.032017
0.846384 0.399982 0.053178 0.034267
0.759671 0.206605 0.056904 0.011447
