0.406005 0.748141 0.074092 0.038356
0.289460 0.208508 0.076555 0.041108
0.716888 0.394474 0.070246 0.043818
0.171281 0.867511 0.076478 0.048450
0.503698 0.564778 0.062282 0.040573
0.402690 0.615738 0.076224 0.043178
0.073742 0.209735 0.081399 0.047994
0.284460 0.068457 0.067669 0.039307
0.183288 0.335828 0.081323 0.044776
0.927525 0.446359 0.068269 0.038310
0.601104 0.160061 0.062010 0.039658
0.294063 0.861601 0.074700 0.041982
0.066037 0.638765 0.079688 0.050623
0.715271 0.733124 0.072019 0.042554
0.172587 0.727912 0.070948 0.037048
0.401690 0.346134 0.070869 0.036283
0.182153 0.200661 0.078984 0.043244
0.292896 0.494289 0.067177 0.038244
0.401573 0.832769 0.070919 0.043194
0.708553 0.077443 0.074345 0.036830
0.294139 0.536224 0.078773 0.043592
0.716349 0.858656 0.067076 0.036598
0.600699 0.697585 0.067961 0.049457
0.177319 0.546600 0.061493 0.042380
0.603080 0.238475 0.065053 0.041880
0.820281 0.724452 0.071427 0.039865
0.709235 0.349383 0.082240 0.040969
0.071201 0.587923 0.069647 0.041546
0.396360 0.064927 0.070268 0.044493
0.293455 0.718371 0.062675 0.048942
0.814159 0.268235 0.070115 0.041741
0.921483 0.895637 0.071997 0.040608
0.596471 0.120468 0.069738 0.038709
0.182596 0.154048 0.088933 0.045957
0.294291 0.113230 0.071411 0.042944
0.604248 0.078377 0.070219 0.038927
0.410495 0.922978 0.074419 0.044993
0.506567 0.835433 0.067768 0.034981
0.284896 0.817497 0.075232 0.041164
0.926725 0.169813 0.057861 0.042555
0.290663 0.284791 0.060192 0.039800
0.181345 0.593241 0.060630 0.045855
0.408061 0.876870 0.079572 0.042438
0.401020 0.230592 0.068482 0.040427
0.719507 0.778147 0.067520 0.043536
0.816686 0.926598 0.067371 0.039803
0.711193 0.640838 0.072676 0.042204
0.502171 0.518570 0.063311 0.045104
0.714548 0.903003 0.058824 0.046732
0.169071 0.819934 0.073753 0.043153
0.394807 0.274056 0.064639 0.040964
0.813734 0.566769 0.065456 0.045297
0.292310 0.458325 0.061883 0.036009
0.179382 0.244616 0.079300 0.039403
0.504650 0.274698 0.060452 0.039485
0.610789 0.319334 0.071278 0.045826
0.930991 0.564030 0.065209 0.041437
0.297430 0.327773 0.065830 0.039691
0.177060 0.639642 0.070950 0.041931
0.511980 0.922864 0.078391 0.039494
0.173274 0.682758 0.069274 0.047920
0.502967 0.688410 0.071675 0.032071
0.603643 0.946415 0.071777 0.051250
0.713357 0.254348 0.063317 0.042052
0.926746 0.486355 0.064055 0.039371
0.287142 0.767631 0.064247 0.048797
0.289945 0.159880 0.087366 0.048128
0.601040 0.200124 0.064069 0.031274
0.397568 0.143091 0.065218 0.037288
0.295634 0.669278 0.063911 0.046607
0.494809 0.724180 0.064844 0.036263
0.291533 0.415811 0.061846 0.045469
0.073178 0.089173 0.069866 0.043009
0.610173 0.896780 0.064502 0.043628
0.290514 0.247415 0.073143 0.032211
0.916753 0.338348 0.063266 0.043986
0.504120 0.475056 0.068599 0.040308
0.600313 0.740572 0.068815 0.033185
0.399543 0.708418 0.054266 0.036697
0.817340 0.354282 0.072456 0.041535
0.815541 0.110866 0.071304 0.033820
0.713481 0.819119 0.060890 0.034572
0.288225 0.580261 0.066106 0.043482
0.715998 0.436904 0.073515 0.038559
0.706188 0.167265 0.077831 0.043289
0.818606 0.805732 0.068436 0.034642
0.817744 0.073810 0.076726 0.041984
0.295686 0.907782 0.074249 0.044084
0.818530 0.311857 0.084989 0.037879
0.168052 0.771148 0.069715 0.041071
0.610474 0.651661 0.081932 0.037889
0.821588 0.683556 0.068637 0.034723
0.918291 0.209732 0.066021 0.033098
0.817027 0.439388 0.057594 0.042475
0.077810 0.312281 0.071969 0.048479
0.603983 0.452093 0.063779 0.035055
0.068332 0.039457 0.071961 0.050242
0.500179 0.764684 0.065138 0.039556
0.287762 0.371776 0.068987 0.041337
0.710921 0.515282 0.075607 0.033354
0.501105 0.233693 0.059833 0.035047
0.815463 0.150163 0.055915 0.038950
0.184097 0.108133 0.077027 0.042328
0.184105 0.429770 0.084912 0.047827
0.604935 0.532599 0.075069 0.043996
0.818544 0.966232 0.073773 0.037826
0.820955 0.611543 0.078041 0.036942
0.814835 0.190315 0.052903 0.036200
0.609408 0.366956 0.065812 0.043832
0.714135 0.953079 0.062486 0.047272
0.081408 0.934598 0.075200 0.042634
0.501392 0.877541 0.060415 0.045742
0.921513 0.128567 0.054209 0.039094
0.818583 0.766606 0.071662 0.037670
0.065939 0.167033 0.064490 0.035000
0.921269 0.377604 0.064097 0.032457
0.069584 0.129681 0.065760 0.031834
0.397350 0.186210 0.056780 0.046259
0.817814 0.480465 0.069983 0.041071
0.291746 0.623055 0.056455 0.040365
0.713559 0.556169 0.058294 0.043784
0.926621 0.657290 0.062940 0.053855
0.075717 0.358567 0.073667 0.039482
0.818668 0.396231 0.055741 0.040058
0.932449 0.608516 0.073823 0.042657
0.075151 0.467040 0.075132 0.037543
0.920760 0.243859 0.069262 0.032644
0.081178 0.506610 0.078930 0.042298
0.394503 0.105277 0.061136 0.035846
0.711525 0.211409 0.070321 0.042458
0.399637 0.573057 0.054609 0.036801
0.605295 0.776076 0.072049 0.031846
0.604974 0.277421 0.066613 0.034008
0.509711 0.313750 0.057772 0.038629
0.608133 0.412318 0.070728 0.037283
0.721702 0.475720 0.074012 0.037563
0.182451 0.287186 0.056814 0.040804
0.500780 0.434782 0.084927 0.034225
0.814802 0.882590 0.059030 0.046077
0.176727 0.067172 0.070930 0.030594
0.403945 0.501142 0.081009 0.039614
0.067209 0.400657 0.073826 0.039804
0.408574 0.966464 0.068662 0.039089
0.183077 0.027984 0.064598 0.039071
0.921786 0.852208 0.067554 0.039322
0.503486 0.199578 0.080892 0.032524
0.601206 0.609039 0.057806 0.040545
0.709775 0.688848 0.061689 0.043857
0.070304 0.684999 0.072111 0.042247
0.507132 0.361481 0.063782 0.049311
0.072782 0.545353 0.065335 0.034161
0.177348 0.474151 0.063033 0.032359
0.069171 0.259854 0.059184 0.050402
0.710897 0.120566 0.057584 0.042762
0.913380 0.814138 0.059957 0.035830
0.281075 0.027498 0.072627 0.035600
0.072134 0.781669 0.062171 0.038630
0.069321 0.831748 0.062509 0.052608
0.608132 0.490254 0.061131 0.035743
0.072931 0.735651 0.075436 0.053563
0.925300 0.087629 0.057952 0.039643
0.498019 0.656291 0.061093 0.030531
0.595090 0.033680 0.066072 0.043026
0.405744 0.789089 0.059213 0.037536
0.399062 0.537169 0.074515 0.030711
0.489973 0.084099 0.062783 0.049343
0.506233 0.962066 0.091205 0.038826
0.707440 0.303031 0.054008 0.045383
0.924648 0.944226 0.065744 0.051243
0.809394 0.029875 0.069934 0.042664
0.068900 0.887239 0.060509 0.049785
0.813525 0.521954 0.053970 0.036173
0.709916 0.600040 0.066705 0.034795
0.398503 0.456527 0.057084 0.044032
0.925289 0.704257 0.059500 0.040267
0.387539 0.024618 0.076604 0.033102
0.179126 0.955751 0.074943 0.046836
0.490954 0.032397 0.059006 0.044814
0.602805 0.808964 0.057024 0.030120
0.605369 0.848877 0.052902 0.044879
0.403593 0.662799 0.055085 0.047419
0.923647 0.286952 0.061566 0.047874
0.703740 0.035176 0.055805 0.042350
0.814494 0.226927 0.051669 0.038475
0.603315 0.571860 0.073190 0.033762
0.175638 0.909957 0.050419 0.032676
0.922370 0.741520 0.051666 0.036340
0.500737 0.615005 0.058480 0.053661
0.182364 0.381132 0.057360 0.041025
0.929549 0.041806 0.057333 0.048019
0.299076 0.956310 0.079028 0.050301
0.083208 0.973319 0.065527 0.035576
0.504141 0.401564 0.057841 0.031351
0.405085 0.310654 0.071044 0.028762
0.498294 0.162012 0.052060 0.039649
0.503172 0.124621 0.067698 0.030967
0.404454 0.414236 0.065310 0.039895
0.814068 0.840512 0.052736 0.030504
0.179222 0.508356 0.045407 0.030898
0.816526 0.645886 0.048990 0.029520
0.922497 0.526023 0.058263 0.035411
0.503351 0.800793 0.055551 0.029224
0.072818 0.433936 0.065891 0.026247
0.922204 0.776386 0.051045 0.033566
0.396164 0.379618 0.057021 0.031532
0.922137 0.411191 0.045513 0.027663
