0.621343 0.665725 0.065609 0.037515
0.294391 0.711840 0.064092 0.032458
0.173148 0.145189 0.057780 0.042320
0.504216 0.230072 0.057319 0.034151
0.622538 0.706818 0.057888 0.039565
0.718747 0.292542 0.062666 0.032748
0.819087 0.262533 0.053337 0.037761
0.620582 0.472347 0.058184 0.038245
0.390638 0.389629 0.060380 0.037972
0.936410 0.466488 0.066244 0.040518
0.178356 0.946116 0.067025 0.041679
0.183946 0.907815 0.054350 0.033784
0.290134 0.534409 0.057110 0.039861
0.396971 0.875874 0.054540 0.040877
0.508436 0.814592 0.056115 0.040393
0.287170 0.364765 0.067218 0.040800
0.290700 0.643788 0.056966 0.035496
0.503023 0.196754 0.055052 0.034843
0.069449 0.849164 0.054369 0.038573
0.063553 0.220434 0.062008 0.040435
0.719905 0.210082 0.068044 0.045940
0.940576 0.199754 0.048880 0.036178
0.177262 0.548550 0.059361 0.038788
0.178978 0.759618 0.056235 0.037871
0.508671 0.646055 0.059289 0.043408
0.497443 0.156972 0.067336 0.039422
0.730682 0.554711 0.062128 0.039219
0.394454 0.315177 0.058485 0.042614
0.292833 0.678400 0.051491 0.033950
0.512027 0.567830 0.060726 0.041859
0.392981 0.352037 0.063613 0.033230
0.174475 0.259920 0.050406 0.036236
0.061427 0.177334 0.081001 0.042498
0.942303 0.129428 0.048213 0.037695
0.933993 0.427252 0.058130 0.036622
0.935032 0.277261 0.050705 0.037532
0.064275 0.316965 0.056847 0.044781
0.723821 0.474864 0.065510 0.037656
0.508598 0.877869 0.064683 0.031874
0.616683 0.230297 0.062454 0.042642
0.284910 0.489212 0.052703 0.047537
0.395544 0.831872 0.070589 0.044765
0.290573 0.750416 0.049777 0.037890
0.397511 0.783793 0.066753 0.049384
0.399846 0.659910 0.050104 0.033463
0.178178 0.801293 0.064333 0.041737
0.291023 0.819291 0.050930 0.035877
0.620037 0.586339 0.051592 0.037165
0.721250 0.362616 0.055904 0.037548
0.062680 0.060690 0.058401 0.037428
0.619140 0.780822 0.053414 0.039687
0.390121 0.243740 0.056917 0.034401
0.506209 0.910344 0.055363 0.033625
0.504249 0.354092 0.053307 0.035296
0.938434 0.313431 0.047646 0.034251
0.068003 0.779832 0.059731 0.039390
0.729778 0.594496 0.053499 0.033834
0.174099 0.222918 0.049991 0.036922
0.066650 0.893449 0.060716 0.044725
0.067099 0.098652 0.059508 0.039089
0.936444 0.507018 0.058502 0.039262
0.180558 0.872799 0.050761 0.036396
0.063137 0.266729 0.059425 0.049399
0.494019 0.029038 0.060541 0.045349
0.624608 0.624790 0.054094 0.039156
0.177566 0.721222 0.056634 0.032474
0.174843 0.327072 0.048402 0.033752
0.816946 0.196379 0.052291 0.035012
0.502854 0.317793 0.050771 0.034986
0.503572 0.458650 0.050536 0.039085
0.941300 0.165064 0.047487 0.032572
0.729677 0.883906 0.055823 0.034131
0.396144 0.426608 0.051419 0.036677
0.399755 0.621478 0.051444 0.038849
0.609530 0.108924 0.066415 0.035345
0.172031 0.105892 0.050770 0.034226
0.830841 0.532569 0.060342 0.042497
0.825407 0.828411 0.050342 0.039063
0.937889 0.348547 0.056640 0.033035
0.394859 0.579411 0.064034 0.045285
0.401975 0.698199 0.049991 0.034672
0.605364 0.067221 0.057543 0.047525
0.713694 0.075630 0.068972 0.048315
0.387712 0.209636 0.056527 0.032665
0.615923 0.434100 0.048601 0.037077
0.731174 0.685302 0.062000 0.044280
0.170197 0.070777 0.063152 0.034778
0.284696 0.228701 0.051467 0.037376
0.501970 0.116220 0.054709 0.041369
0.718539 0.327695 0.052671 0.034937
0.398331 0.464985 0.053758 0.035579
0.938158 0.238463 0.051706 0.038646
0.723402 0.401872 0.052618 0.037069
0.284786 0.189698 0.051282 0.041267
0.394264 0.276539 0.052476 0.031550
0.740526 0.770170 0.055454 0.045566
0.284859 0.322464 0.057334 0.041699
0.732225 0.815369 0.066097 0.042478
0.725496 0.918786 0.053191 0.030283
0.932498 0.842810 0.047073 0.037601
0.179111 0.363321 0.056352 0.035610
0.932981 0.617329 0.051013 0.042416
0.728257 0.437677 0.052658 0.035688
0.509181 0.942081 0.047252 0.031342
0.175062 0.294611 0.047836 0.030667
0.389380 0.146749 0.052697 0.037044
0.830034 0.713820 0.053241 0.036985
0.937368 0.387091 0.046803 0.042548
0.509151 0.499527 0.051585 0.041663
0.388187 0.109522 0.062885 0.036469
0.932872 0.809024 0.050857 0.029466
0.821353 0.296799 0.048081 0.027864
0.830992 0.866074 0.054550 0.036038
0.290969 0.608506 0.047410 0.031806
0.716534 0.119465 0.054609 0.034424
0.291719 0.573520 0.048933 0.034420
0.405051 0.737173 0.055622 0.039234
0.830231 0.751827 0.052699 0.037350
0.721099 0.255904 0.050806 0.040336
0.613057 0.513060 0.064773 0.041710
0.729465 0.955676 0.048900 0.040439
0.937799 0.093855 0.049626 0.036081
0.063381 0.395323 0.054694 0.038897
0.937432 0.057976 0.046787 0.035244
0.179617 0.630060 0.064587 0.045028
0.510249 0.721498 0.049209 0.041211
0.611637 0.319436 0.052684 0.042554
0.817778 0.067510 0.049983 0.036936
0.067069 0.962821 0.054726 0.035693
0.934422 0.546053 0.047617 0.035060
0.734945 0.726931 0.056544 0.038658
0.941872 0.695491 0.048119 0.035603
0.731548 0.514134 0.054921 0.038724
0.624030 0.819183 0.062133 0.027640
0.509079 0.605864 0.052678 0.035998
0.496045 0.073206 0.053553 0.044200
0.289719 0.935238 0.057567 0.032532
0.063824 0.707359 0.058016 0.039144
0.830324 0.483359 0.063040 0.049882
0.825635 0.790430 0.048998 0.037219
0.294897 0.786469 0.054204 0.026738
0.170103 0.185741 0.049555 0.037823
0.612592 0.150648 0.056405 0.042431
0.729881 0.636877 0.057559 0.048683
0.508257 0.848408 0.052264 0.026137
0.510776 0.768889 0.064673 0.048156
0.386901 0.180608 0.049487 0.030449
0.710609 0.030242 0.056101 0.037412
0.399588 0.536499 0.047509 0.039383
0.621945 0.855683 0.050437 0.040674
0.620826 0.896132 0.056750 0.040729
0.178975 0.400850 0.049304 0.039640
0.939299 0.771653 0.063675 0.042934
0.939308 0.732149 0.050565 0.031892
0.506915 0.420414 0.061635 0.037309
0.830094 0.902208 0.054349 0.036145
0.179292 0.586876 0.053036 0.039013
0.068070 0.815386 0.051125 0.030276
0.388276 0.067189 0.049762 0.048246
0.936131 0.954411 0.050392 0.039109
0.614316 0.362787 0.056153 0.041325
0.177111 0.509065 0.048221 0.031003
0.179370 0.839299 0.048930 0.032393
0.824243 0.340494 0.051034 0.052068
0.063341 0.744349 0.047849 0.033102
0.069444 0.930974 0.052791 0.025976
0.285517 0.405755 0.052496 0.039299
0.063073 0.669358 0.044407 0.035781
0.715619 0.161112 0.060881 0.044814
0.818621 0.030674 0.053686 0.036458
0.062738 0.137385 0.048288 0.035245
0.833557 0.572935 0.045646 0.037443
0.815183 0.162338 0.039766 0.033112
0.282089 0.443815 0.052902 0.038319
0.824083 0.391138 0.048167 0.045257
0.402600 0.947089 0.049538 0.044350
0.290434 0.899857 0.044328 0.032450
0.831390 0.611371 0.042402 0.036547
0.061583 0.509101 0.047366 0.036371
0.517305 0.972181 0.061603 0.030547
0.064107 0.549124 0.048352 0.039670
0.624375 0.741668 0.051057 0.029622
0.184008 0.980716 0.054379 0.030196
0.505900 0.386531 0.045314 0.032752
0.828400 0.675683 0.057354 0.038085
0.065250 0.467395 0.050588 0.042108
0.178607 0.479446 0.047045 0.028633
0.728684 0.850678 0.076550 0.028170
0.936079 0.578516 0.048329 0.032591
0.939037 0.657435 0.047453 0.039822
0.399516 0.499559 0.040102 0.033381
0.068228 0.025360 0.056431 0.029230
0.169826 0.031926 0.047826 0.044783
0.287357 0.860173 0.049036 0.040777
0.067365 0.431734 0.052856 0.033851
0.289693 0.970966 0.082704 0.041092
0.625071 0.964148 0.056768 0.026344
0.829647 0.642830 0.043967 0.026682
0.934623 0.026455 0.053127 0.024766
0.503800 0.262984 0.051957 0.030567
0.820717 0.099375 0.049141 0.027020
0.387430 0.025123 0.053477 0.035928
0.615019 0.191349 0.053176 0.034930
0.821264 0.228619 0.038766 0.028756
0.933126 0.879071 0.048525 0.037963
0.829740 0.932598 0.075921 0.023673
0.509787 0.534996 0.050363 0.024437
0.063860 0.629913 0.043556 0.034943
0.817463 0.129685 0.042154 0.029585
0.826744 0.436499 0.050363 0.039237
0.614377 0.275986 0.068834 0.043971
0.510753 0.683193 0.049866 0.033599
0.066380 0.358324 0.045446 0.036509
0.279947 0.275148 0.068016 0.050773
0.402352 0.911499 0.053699 0.022785
0.063698 0.591491 0.044923 0.039005
0.286571 0.068662 0.047201 0.039287
0.179582 0.441953 0.053312 0.044169
0.609462 0.025308 0.049201 0.034833
0.623138 0.933996 0.044927 0.033306
0.283367 0.148026 0.046248 0.039723
0.933573 0.916145 0.053657 0.035355
0.615353 0.399912 0.048046 0.031694
0.288597 0.106923 0.040719 0.035562
0.506303 0.287923 0.046538 0.023595
0.615457 0.550601 0.051683 0.034391
0.831590 0.961571 0.061485 0.023938
0.286097 0.027348 0.059078 0.043736
0.177018 0.680262 0.047655 0.048385
