0.287563 0.397318 0.071989 0.035994
0.275312 0.515347 0.064575 0.043633
0.930358 0.775940 0.086804 0.047304
0.172016 0.120129 0.070739 0.043345
0.929896 0.823355 0.064933 0.042784
0.382057 0.607223 0.072996 0.049079
0.165939 0.472208 0.057359 0.036085
0.274142 0.796827 0.075355 0.041732
0.501967 0.195222 0.070006 0.042383
0.166499 0.326916 0.055863 0.040124
0.066561 0.192601 0.062915 0.044107
0.165908 0.510338 0.066913 0.035458
0.487642 0.898694 0.056095 0.038448
0.485874 0.659863 0.056815 0.038036
0.489514 0.699903 0.066884 0.038327
0.937848 0.285401 0.057572 0.036710
0.393925 0.354661 0.077723 0.043118
0.623187 0.194863 0.064791 0.035390
0.932345 0.730647 0.060728 0.041769
0.270630 0.561119 0.063812 0.043543
0.930368 0.212324 0.064511 0.042606
0.600658 0.521933 0.060773 0.046724
0.166482 0.806577 0.060768 0.033369
0.493766 0.938327 0.064628 0.039261
0.170213 0.765078 0.064957 0.041148
0.938039 0.324397 0.055535 0.038052
0.620638 0.159044 0.058549 0.029606
0.823968 0.257580 0.058217 0.047100
0.381669 0.557423 0.067619 0.048474
0.937700 0.360846 0.062093 0.032783
0.712851 0.535056 0.065700 0.039487
0.709132 0.651830 0.055117 0.040439
0.271650 0.715730 0.065282 0.035516
0.277248 0.435033 0.055970 0.033662
0.706411 0.693632 0.056488 0.039531
0.167151 0.882250 0.056640 0.043114
0.708275 0.762747 0.061010 0.031252
0.603486 0.478066 0.062553 0.040507
0.931473 0.648801 0.055078 0.037900
0.279840 0.358299 0.056293 0.033941
0.704463 0.892340 0.057359 0.041825
0.819971 0.565244 0.058562 0.042700
0.271831 0.755124 0.066161 0.039222
0.938942 0.446933 0.053489 0.036807
0.934488 0.688085 0.057560 0.038243
0.603125 0.804137 0.063126 0.041062
0.393083 0.075201 0.057407 0.043194
0.377185 0.701680 0.057459 0.042742
0.371891 0.789938 0.067666 0.043745
0.167117 0.211310 0.055001 0.034689
0.603355 0.565652 0.059827 0.039422
0.066901 0.238397 0.056080 0.045307
0.509699 0.108776 0.055859 0.041471
0.816066 0.774095 0.071070 0.044016
0.066294 0.674800 0.055203 0.043520
0.382019 0.431601 0.061553 0.038622
0.591462 0.846221 0.064506 0.041407
0.824839 0.134237 0.061034 0.037570
0.380942 0.872758 0.056159 0.036146
0.391932 0.114473 0.062946 0.035207
0.830358 0.094679 0.054921 0.041011
0.610705 0.308185 0.053314 0.038096
0.830365 0.377334 0.054661 0.039676
0.279326 0.471347 0.056632 0.041219
0.937561 0.481814 0.064695 0.033245
0.594511 0.971557 0.054750 0.036634
0.065733 0.723260 0.067870 0.045897
0.932056 0.898336 0.054144 0.043929
0.173296 0.548546 0.058782 0.039773
0.708252 0.801192 0.053327 0.040470
0.494751 0.974664 0.068943 0.032036
0.380900 0.911181 0.051303 0.036988
0.932397 0.124299 0.064792 0.047707
0.066086 0.364935 0.050921 0.044298
0.371080 0.745012 0.063625 0.046105
0.379927 0.656042 0.058245 0.043839
0.491846 0.451714 0.077999 0.043983
0.608891 0.350946 0.050646 0.046108
0.059724 0.554769 0.069173 0.048441
0.067321 0.283356 0.059455 0.042011
0.939640 0.401896 0.055339 0.045675
0.064611 0.039576 0.064008 0.048802
0.704316 0.845437 0.055688 0.044413
0.932703 0.556509 0.067071 0.046494
0.389426 0.394445 0.063707 0.035909
0.499579 0.316914 0.067202 0.040383
0.937818 0.079773 0.060715 0.039665
0.823269 0.417775 0.059731 0.034270
0.608545 0.234851 0.056788 0.041465
0.378195 0.832199 0.056983 0.039454
0.714641 0.497665 0.055014 0.032545
0.067166 0.087943 0.060784 0.042580
0.933914 0.515362 0.059219 0.031812
0.604036 0.604161 0.048270 0.036441
0.170874 0.723319 0.055846 0.037068
0.709759 0.929837 0.058392 0.029075
0.824800 0.299424 0.051609 0.036535
0.496599 0.359774 0.057608 0.045971
0.829423 0.174829 0.059999 0.045597
0.607964 0.433642 0.056365 0.044162
0.177926 0.079497 0.058508 0.039670
0.168613 0.842826 0.050334 0.031390
0.711478 0.729096 0.051661 0.028645
0.488177 0.740477 0.053974 0.039665
0.068228 0.452632 0.055729 0.039605
0.172178 0.288837 0.053273 0.032927
0.170385 0.166760 0.053009 0.044631
0.501676 0.152664 0.054820 0.042865
0.170982 0.591992 0.056918 0.043689
0.594690 0.886773 0.064062 0.038843
0.273498 0.913724 0.059743 0.041978
0.718325 0.461190 0.049707 0.038252
0.382864 0.513769 0.058682 0.039863
0.714916 0.379991 0.052466 0.033395
0.824352 0.731292 0.054183 0.038686
0.823977 0.488934 0.054172 0.037272
0.069314 0.925972 0.051550 0.042552
0.169110 0.925794 0.049591 0.036573
0.594034 0.930675 0.051192 0.043538
0.179115 0.679944 0.052397 0.043832
0.060979 0.502771 0.061285 0.050696
0.619380 0.120881 0.052365 0.035461
0.485769 0.854430 0.048008 0.045257
0.806371 0.655432 0.079521 0.044146
0.383970 0.472645 0.055529 0.039045
0.279362 0.317283 0.050521 0.043691
0.286278 0.188283 0.066892 0.032725
0.070353 0.968295 0.058318 0.039278
0.503267 0.031733 0.055605 0.036372
0.825516 0.888121 0.060371 0.036772
0.823407 0.452114 0.050744 0.035486
0.280816 0.146740 0.059561 0.046544
0.173382 0.637295 0.051800 0.042031
0.821476 0.525821 0.052151 0.037126
0.284685 0.069395 0.056241 0.038709
0.609710 0.271694 0.054550 0.030344
0.713411 0.575197 0.066216 0.036369
0.710257 0.612440 0.051689 0.035689
0.281938 0.269599 0.053412 0.047593
0.489766 0.577946 0.057549 0.044211
0.390075 0.159916 0.056777 0.047333
0.715609 0.420677 0.055816 0.042918
0.488545 0.779302 0.050467 0.038973
0.064337 0.411059 0.047716 0.043124
0.065484 0.137559 0.060179 0.050868
0.489672 0.532636 0.052516 0.042231
0.269014 0.872464 0.080024 0.037326
0.823125 0.847352 0.047170 0.036805
0.610069 0.390382 0.057786 0.031819
0.389798 0.210537 0.058767 0.048038
0.938201 0.037281 0.062067 0.042784
0.486928 0.815384 0.051750 0.030712
0.826546 0.337727 0.052698 0.037261
0.709149 0.963508 0.059205 0.034222
0.507555 0.069887 0.051432 0.036495
0.931493 0.604541 0.054890 0.044140
0.395531 0.033862 0.077240 0.034431
0.825221 0.214806 0.048989 0.035338
0.062617 0.599614 0.056878 0.032749
0.502598 0.237201 0.055161 0.041551
0.288187 0.225022 0.075177 0.035569
0.066896 0.323161 0.045532 0.034543
0.597653 0.681724 0.048353 0.038690
0.171267 0.250740 0.055043 0.042001
0.284521 0.106437 0.057494 0.036059
0.493569 0.405971 0.061814 0.043665
0.935530 0.248907 0.057291 0.029419
0.265939 0.677847 0.050112 0.037346
0.599242 0.642448 0.050850 0.036685
0.714885 0.342528 0.044629 0.040743
0.390358 0.314257 0.050745 0.037515
0.166921 0.434101 0.044425 0.038258
0.170560 0.396437 0.051926 0.033831
0.932800 0.859286 0.055531 0.027837
0.283834 0.030547 0.056323 0.037141
0.384828 0.954777 0.053457 0.045852
0.618949 0.080439 0.049956 0.043558
0.827157 0.058147 0.046114 0.031912
0.067645 0.885708 0.048607 0.035500
0.598518 0.760776 0.053272 0.042586
0.176031 0.036484 0.057691 0.044561
0.273231 0.836262 0.058754 0.033569
0.059776 0.820343 0.054435 0.039714
0.277308 0.954546 0.051501 0.036534
0.168837 0.962530 0.048601 0.035748
0.718084 0.228551 0.053802 0.038298
0.933574 0.169731 0.045610 0.034539
0.724291 0.071945 0.051418 0.035460
0.722247 0.032421 0.051753 0.037304
0.819651 0.814731 0.052980 0.031741
0.724533 0.144432 0.052952 0.041368
0.498899 0.277478 0.040336 0.037187
0.487408 0.619962 0.045550 0.039305
0.059418 0.773100 0.048838 0.047485
0.828704 0.927328 0.049503 0.036968
0.726171 0.106207 0.053784 0.035216
0.620040 0.039071 0.052719 0.041647
0.064211 0.633270 0.041283 0.029250
0.267123 0.641296 0.039981 0.037746
0.813664 0.609942 0.066182 0.042114
0.829121 0.966141 0.040241 0.037901
0.599390 0.718150 0.045636 0.037585
0.821687 0.695506 0.045370 0.033765
0.718744 0.267195 0.052588 0.039629
0.392347 0.284420 0.046685 0.028615
0.169172 0.361978 0.038933 0.031367
0.269309 0.603505 0.045958 0.032477
0.828383 0.027615 0.042954 0.029519
0.495106 0.492569 0.048340 0.036797
0.722821 0.189347 0.044975 0.040609
0.396064 0.251321 0.043188 0.034365
0.718348 0.305390 0.046970 0.035525
0.933871 0.939760 0.050277 0.038380
0.935216 0.972014 0.062469 0.033822
0.065659 0.855081 0.041133 0.027334
