0.273760 0.882073 0.061012 0.034335
0.367045 0.722563 0.064244 0.031198
0.660490 0.560767 0.058671 0.031516
0.658162 0.298288 0.058652 0.035322
0.552845 0.456414 0.067719 0.037989
0.662064 0.630201 0.058138 0.034042
0.661649 0.668829 0.060640 0.032673
0.659244 0.420962 0.056607 0.039674
0.273716 0.574442 0.058713 0.034955
0.271697 0.768373 0.055813 0.034200
0.361420 0.235954 0.058799 0.030804
0.457378 0.822261 0.050491 0.033083
0.662437 0.260973 0.060842 0.029302
0.273329 0.842108 0.052698 0.035253
0.663014 0.762390 0.068539 0.032103
0.360101 0.203056 0.054723 0.030764
0.455413 0.860652 0.055040 0.034573
0.658593 0.341041 0.060744 0.044162
0.272873 0.237039 0.056212 0.032109
0.363647 0.308447 0.052240 0.031856
0.761463 0.829033 0.058013 0.036761
0.662778 0.828401 0.055345 0.039003
0.556395 0.591277 0.055249 0.032732
0.660664 0.492413 0.058969 0.029701
0.863558 0.853001 0.047295 0.034325
0.758242 0.485411 0.058658 0.038235
0.853475 0.280573 0.060989 0.032942
0.554789 0.746678 0.066463 0.035291
0.464520 0.253568 0.062787 0.036664
0.762900 0.661466 0.055281 0.030363
0.271272 0.381848 0.053443 0.029293
0.366614 0.444829 0.059780 0.031862
0.365738 0.658536 0.050463 0.032871
0.088502 0.622974 0.053480 0.039859
0.857190 0.373009 0.065174 0.030951
0.360872 0.272184 0.052214 0.030565
0.274331 0.689994 0.050217 0.040433
0.662529 0.194133 0.058897 0.031468
0.762512 0.257385 0.059000 0.032679
0.553875 0.627905 0.054751 0.027827
0.863517 0.703001 0.061418 0.032444
0.862236 0.669975 0.059475 0.029014
0.172660 0.504909 0.051148 0.030021
0.269705 0.804130 0.054576 0.027865
0.756945 0.406706 0.055900 0.033083
0.660488 0.459416 0.059081 0.027224
0.563316 0.195000 0.067704 0.033036
0.457325 0.710592 0.048955 0.035458
0.554934 0.701052 0.052240 0.038771
0.559277 0.494091 0.048217 0.029043
0.556238 0.662534 0.060000 0.032176
0.860090 0.528191 0.058153 0.033699
0.857519 0.176016 0.060344 0.035583
0.761933 0.758547 0.050763 0.030865
0.464778 0.324096 0.055892 0.032813
0.079240 0.389534 0.057769 0.030502
0.664968 0.888655 0.057897 0.027503
0.865232 0.411527 0.067794 0.041466
0.081705 0.504696 0.064530 0.029558
0.759111 0.333520 0.051220 0.033023
0.367503 0.407733 0.053258 0.031772
0.457158 0.785640 0.048095 0.029116
0.662130 0.155919 0.052339 0.035285
0.759389 0.295370 0.057326 0.039137
0.765604 0.899909 0.059251 0.034707
0.170859 0.722749 0.051146 0.031930
0.362236 0.584342 0.056991 0.030640
0.865676 0.818024 0.050613 0.033390
0.861222 0.781249 0.051846 0.032782
0.273333 0.729026 0.053025 0.031389
0.168933 0.229613 0.050521 0.030985
0.086996 0.664665 0.049932 0.037647
0.860210 0.137294 0.054118 0.033366
0.269399 0.316631 0.053432 0.032524
0.177094 0.825377 0.055929 0.029441
0.169762 0.117737 0.053974 0.036351
0.761256 0.630195 0.059175 0.026100
0.660218 0.081084 0.058519 0.034665
0.762341 0.595864 0.053297 0.034935
0.271451 0.198940 0.050812 0.030972
0.560057 0.862667 0.055741 0.033114
0.859859 0.099425 0.050935 0.030761
0.555583 0.786109 0.061286 0.033236
0.088424 0.708747 0.062447 0.038073
0.563174 0.264090 0.061896 0.034034
0.173660 0.539657 0.050601 0.031119
0.275932 0.417815 0.052279 0.032938
0.272965 0.488444 0.050182 0.033737
0.171197 0.652509 0.044095 0.031881
0.559608 0.118712 0.054079 0.034561
0.358352 0.141248 0.059195 0.026723
0.859580 0.568087 0.061924 0.032418
0.762510 0.724747 0.050322 0.028126
0.762557 0.223344 0.054197 0.035469
0.361115 0.108856 0.048884 0.028889
0.556704 0.415565 0.050624 0.037691
0.081523 0.469792 0.050934 0.035077
0.556068 0.078946 0.058838 0.034283
0.363693 0.852564 0.047456 0.029390
0.361562 0.171033 0.051108 0.028016
0.362695 0.689934 0.052519 0.025274
0.861767 0.455528 0.063402 0.035532
0.171833 0.336691 0.050923 0.036624
0.558952 0.377810 0.052876 0.032467
0.172422 0.264692 0.054545 0.029758
0.462742 0.137810 0.052551 0.027423
0.757772 0.369424 0.050658 0.030758
0.458704 0.362668 0.054549 0.031782
0.169090 0.409376 0.046032 0.030032
0.864118 0.636905 0.054424 0.031698
0.366179 0.371265 0.049344 0.030469
0.092040 0.910235 0.048967 0.028391
0.273268 0.452886 0.052155 0.027666
0.857854 0.247962 0.043524 0.030649
0.663438 0.225630 0.053819 0.032667
0.455008 0.750068 0.047709 0.029377
0.370000 0.515712 0.048946 0.033383
0.367097 0.480670 0.053468 0.029619
0.173734 0.761653 0.053750 0.032620
0.173320 0.442784 0.045353 0.030258
0.091362 0.877714 0.052562 0.026767
0.183794 0.905739 0.052884 0.032974
0.461476 0.213375 0.054976 0.034323
0.080184 0.426620 0.042480 0.036979
0.363265 0.822573 0.056323 0.027507
0.857916 0.341494 0.058022 0.028982
0.760150 0.791415 0.059951 0.025811
0.272064 0.276788 0.050121 0.034157
0.082597 0.284810 0.048981 0.040868
0.557432 0.559185 0.054104 0.023521
0.665103 0.382346 0.057140 0.033177
0.763436 0.556645 0.054660 0.031884
0.464408 0.077245 0.050898 0.028532
0.454034 0.629472 0.061747 0.035717
0.082729 0.539288 0.048320 0.031927
0.365567 0.881371 0.053135 0.024255
0.758369 0.445827 0.048592 0.036278
0.460624 0.173072 0.045867 0.035898
0.666777 0.917985 0.049815 0.029040
0.178675 0.577605 0.065467 0.033584
0.765637 0.522019 0.062336 0.031128
0.663536 0.116976 0.059863 0.032066
0.459083 0.446462 0.046330 0.042829
0.078025 0.323197 0.047500 0.035269
0.366165 0.788946 0.050301 0.028851
0.176909 0.864655 0.042740 0.039454
0.083648 0.579134 0.045410 0.036325
0.088565 0.781234 0.043576 0.035160
0.762178 0.864495 0.048272 0.024415
0.870182 0.889367 0.060921 0.027732
0.271493 0.079633 0.053399 0.030858
0.859997 0.213385 0.049395 0.028097
0.082934 0.845658 0.057031 0.027195
0.082735 0.181307 0.051443 0.029097
0.458906 0.402943 0.050913 0.035355
0.658383 0.595272 0.041905 0.028540
0.660212 0.525276 0.044287 0.027948
0.560356 0.228356 0.051593 0.028496
0.563419 0.904135 0.049315 0.035662
0.458573 0.904986 0.062901 0.035259
0.460625 0.291761 0.046385 0.029841
0.272463 0.165126 0.044007 0.029943
0.556904 0.526033 0.058167 0.028140
0.368421 0.551907 0.044223 0.030136
0.364996 0.912949 0.052277 0.030811
0.863099 0.744085 0.045808 0.041482
0.076752 0.244364 0.041115 0.030841
0.556135 0.160962 0.051713 0.035969
0.075766 0.211459 0.049932 0.028643
0.169225 0.375784 0.054662 0.025350
0.668549 0.862802 0.057651 0.017963
0.759594 0.693582 0.044960 0.030487
0.172716 0.686499 0.051933 0.028464
0.766592 0.185149 0.058567 0.039994
0.169705 0.158647 0.038135 0.036076
0.463660 0.106749 0.047483 0.023159
0.169739 0.193030 0.056060 0.025006
0.172957 0.472958 0.041427 0.023630
0.365605 0.621175 0.042668 0.028713
0.273921 0.529400 0.040087 0.035280
0.080607 0.358108 0.039210 0.022194
0.458820 0.670415 0.038953 0.033823
0.455424 0.486100 0.045150 0.031613
0.275748 0.614446 0.041639 0.033764
0.661660 0.700982 0.050280 0.027245
0.862353 0.601908 0.040176 0.028480
0.460417 0.560926 0.056574 0.034467
0.863275 0.068576 0.048793 0.026834
0.270728 0.650941 0.043534 0.029433
0.857972 0.492001 0.048166 0.029852
0.083851 0.818085 0.042604 0.027105
0.277489 0.915513 0.049693 0.029524
0.070922 0.077420 0.047905 0.028990
0.365965 0.338697 0.057943 0.023464
0.074619 0.113271 0.047280 0.032033
0.088514 0.746925 0.035191 0.030680
0.561782 0.301662 0.059775 0.029488
0.856584 0.312411 0.053457 0.020201
0.662334 0.794440 0.059273 0.024382
0.075580 0.147767 0.042932 0.032946
0.173209 0.615278 0.039961 0.031532
0.174677 0.792906 0.036712 0.025209
0.458998 0.596380 0.057631 0.024599
0.557449 0.825509 0.057907 0.034274
0.458599 0.520458 0.038915 0.031950
0.170579 0.079890 0.042842 0.032277
0.761106 0.142690 0.051176 0.033918
0.365210 0.754532 0.034749 0.026664
0.362484 0.076426 0.035210 0.028518
0.664134 0.727115 0.050867 0.031595
0.270891 0.349586 0.034544 0.026338
0.872542 0.915205 0.057413 0.021406
0.755797 0.076111 0.047464 0.030069
0.271927 0.115076 0.052467 0.033253
0.760938 0.107667 0.049360 0.029253
0.563788 0.339700 0.069921 0.037785
0.171312 0.299797 0.057058 0.028435
