0.388165 0.803188 0.090034 0.043606
0.382219 0.704560 0.076415 0.048520
0.934030 0.865872 0.073685 0.050645
0.824948 0.754424 0.069974 0.055182
0.385108 0.754355 0.084695 0.043693
0.379588 0.505702 0.091059 0.052134
0.819019 0.393389 0.084692 0.053523
0.384654 0.220752 0.077997 0.049290
0.604047 0.442662 0.081295 0.058303
0.488212 0.515613 0.082726 0.054993
0.604894 0.823114 0.090750 0.048558
0.068522 0.574983 0.073259 0.048492
0.486994 0.403896 0.094489 0.055645
0.066746 0.521463 0.073404 0.050713
0.715197 0.317466 0.073013 0.055939
0.712138 0.260198 0.090054 0.052382
0.602073 0.503010 0.097599 0.055974
0.493151 0.670570 0.082722 0.047469
0.824083 0.225824 0.094679 0.058680
0.174895 0.875313 0.078619 0.041373
0.488572 0.724301 0.076346 0.053009
0.602829 0.769427 0.086628 0.046687
0.931741 0.220342 0.087620 0.047872
0.721522 0.801561 0.080815 0.049045
0.836104 0.909311 0.074244 0.043558
0.714304 0.750667 0.084608 0.050630
0.489841 0.621118 0.078555 0.046948
0.065615 0.320169 0.074143 0.051317
0.604356 0.182774 0.081864 0.053922
0.389166 0.912823 0.089421 0.049640
0.487576 0.460034 0.082630 0.049315
0.605432 0.874011 0.081266 0.049090
0.172435 0.777357 0.087061 0.048591
0.070106 0.625432 0.071001 0.045688
0.177814 0.827800 0.093902 0.044425
0.934751 0.166662 0.069643 0.047728
0.384127 0.652712 0.070641 0.051281
0.720096 0.695582 0.075191 0.049745
0.824100 0.454531 0.077539 0.054793
0.377382 0.447613 0.078470 0.055180
0.276916 0.327186 0.079497 0.054613
0.065362 0.151705 0.084259 0.044347
0.715031 0.644594 0.074866 0.048490
0.934734 0.327238 0.085146 0.054146
0.825474 0.120864 0.077825 0.046425
0.071999 0.675756 0.070297 0.047715
0.721839 0.854968 0.070896 0.050102
0.496699 0.283551 0.078017 0.052298
0.284463 0.920223 0.075514 0.045545
0.604075 0.338823 0.084789 0.048573
0.827151 0.170693 0.071402 0.044945
0.943797 0.667182 0.080621 0.052695
0.068267 0.874922 0.062793 0.042633
0.934696 0.761979 0.082419 0.049107
0.716111 0.428835 0.070322 0.052300
0.934190 0.384972 0.079468 0.057682
0.492396 0.570541 0.075190 0.049191
0.180738 0.390519 0.076721 0.049619
0.930133 0.497251 0.069080 0.052927
0.713406 0.155579 0.085044 0.044753
0.068786 0.470854 0.068849 0.047223
0.832386 0.860517 0.066152 0.050751
0.072052 0.919300 0.065984 0.042996
0.936445 0.814823 0.068589 0.048813
0.607591 0.718304 0.076125 0.052573
0.173213 0.111518 0.078756 0.044059
0.609362 0.919793 0.074988 0.042084
0.270454 0.165059 0.090874 0.045893
0.182648 0.921893 0.061102 0.044310
0.928151 0.117032 0.074749 0.045303
0.497174 0.882694 0.064971 0.049249
0.710510 0.370820 0.080211 0.043609
0.175551 0.441550 0.091634 0.050432
0.832153 0.806104 0.071815 0.045813
0.177545 0.640086 0.080388 0.049679
0.495524 0.068446 0.075528 0.053924
0.382194 0.071019 0.078287 0.053010
0.717383 0.205970 0.072499 0.046965
0.601953 0.124789 0.076996 0.055394
0.287130 0.866197 0.086947 0.057702
0.284218 0.964721 0.074404 0.041819
0.935884 0.714504 0.077759 0.041511
0.929312 0.273136 0.068822 0.049837
0.490875 0.343647 0.080017 0.057404
0.385217 0.962064 0.086580 0.042458
0.276641 0.110782 0.075740 0.052230
0.383592 0.169347 0.067782 0.048796
0.933532 0.962869 0.078247 0.049151
0.931159 0.607302 0.068966 0.051520
0.382257 0.387400 0.072942 0.055054
0.283318 0.215107 0.082109 0.046158
0.386840 0.857145 0.075061 0.055668
0.609196 0.961094 0.060415 0.036660
0.823843 0.339982 0.075424 0.051083
0.833876 0.955559 0.068314 0.047481
0.606244 0.238560 0.072984 0.051210
0.828707 0.702103 0.058744 0.042067
0.715984 0.108974 0.068686 0.047471
0.279281 0.269953 0.086164 0.054606
0.384711 0.272631 0.081518 0.050137
0.930869 0.067941 0.074130 0.054053
0.602993 0.389723 0.085612 0.039431
0.171549 0.497475 0.074850 0.050799
0.933723 0.442479 0.057669 0.052680
0.283730 0.809981 0.075034 0.050974
0.077966 0.961614 0.069471 0.037912
0.818466 0.285341 0.077946 0.058471
0.493270 0.776617 0.063259 0.048410
0.493609 0.831243 0.062172 0.052230
0.823495 0.658038 0.061105 0.039712
0.277548 0.607315 0.068352 0.032833
0.068395 0.110186 0.081056 0.036565
0.935060 0.552496 0.065936 0.050126
0.065640 0.207632 0.085001 0.056808
0.071573 0.266473 0.075195 0.047872
0.493653 0.119885 0.076851 0.047206
0.277800 0.649288 0.070544 0.040753
0.712367 0.061342 0.065612 0.040557
0.607230 0.561960 0.091093 0.059488
0.606792 0.288997 0.058633 0.042819
0.603733 0.666887 0.082892 0.045380
0.825935 0.068729 0.069006 0.055083
0.380019 0.554553 0.064694 0.039137
0.177722 0.065933 0.070883 0.043853
0.272486 0.064657 0.068233 0.039482
0.066474 0.720666 0.051686 0.038550
0.277577 0.555956 0.071613 0.056563
0.069368 0.421529 0.069252 0.036245
0.713372 0.484419 0.074148 0.054320
0.501516 0.963700 0.106893 0.040075
0.830655 0.607861 0.067430 0.051740
0.071627 0.067876 0.079465 0.042167
0.935299 0.914488 0.052483 0.041267
0.719345 0.902695 0.059886 0.039782
0.494402 0.174956 0.072343 0.062041
0.497666 0.926599 0.096553 0.038214
0.384093 0.597896 0.055343 0.043774
0.070162 0.827919 0.052624 0.040771
0.607276 0.066323 0.074867 0.047649
0.713618 0.540615 0.059028 0.050690
0.184611 0.338664 0.067153 0.050017
0.182809 0.962593 0.060964 0.034034
0.717373 0.954547 0.077415 0.048257
0.714569 0.589222 0.060877 0.044391
0.068556 0.770656 0.067197 0.053009
0.070852 0.373006 0.056138 0.045735
0.383016 0.331322 0.081786 0.051514
0.495054 0.232303 0.064659 0.049501
0.179559 0.594665 0.074785 0.034894
0.273576 0.379727 0.077183 0.050956
0.830376 0.558085 0.071322 0.039111
0.182395 0.727343 0.084163 0.047866
0.826988 0.509264 0.054575 0.048876
0.186248 0.280986 0.070011 0.052905
0.275601 0.495934 0.072155 0.050170
0.176711 0.552157 0.058678 0.048908
0.182825 0.162243 0.076689 0.046861
0.280475 0.759340 0.066306 0.049276
0.388374 0.121920 0.061832 0.043562
0.283666 0.697567 0.067612 0.050583
0.601947 0.618933 0.072478 0.048962
0.178799 0.685474 0.081482 0.024099
0.177670 0.223656 0.058896 0.052243
0.273999 0.442769 0.067527 0.045985
