0.504250 0.932797 0.060372 0.037843
0.598710 0.070480 0.067000 0.040474
0.823720 0.854152 0.061052 0.042255
0.941427 0.719153 0.066602 0.037125
0.822773 0.234636 0.054790 0.040551
0.608148 0.534388 0.058273 0.039747
0.944467 0.260412 0.054231 0.036479
0.932400 0.839115 0.070937 0.041574
0.492396 0.722402 0.062449 0.044063
0.937479 0.759719 0.060810 0.035599
0.825418 0.409359 0.058163 0.038373
0.712493 0.320400 0.066159 0.044109
0.609031 0.929322 0.067297 0.044506
0.719925 0.602659 0.069311 0.041805
0.711175 0.801704 0.077251 0.042609
0.500348 0.971573 0.065813 0.039972
0.946199 0.299732 0.051096 0.040533
0.382768 0.245453 0.066162 0.043647
0.493084 0.476506 0.058864 0.037142
0.601183 0.321086 0.062236 0.038253
0.943013 0.530132 0.052244 0.036169
0.488293 0.141906 0.062997 0.037753
0.602590 0.231093 0.075317 0.040519
0.490501 0.807049 0.076419 0.038884
0.713310 0.446297 0.058174 0.041232
0.819899 0.141117 0.056109 0.045939
0.826749 0.451301 0.061674 0.040847
0.938332 0.879182 0.075380 0.036199
0.496097 0.677307 0.063362 0.043445
0.941332 0.569746 0.056566 0.041331
0.493116 0.847745 0.053416 0.040021
0.391966 0.965387 0.061761 0.045793
0.932800 0.609200 0.071367 0.039196
0.713286 0.883456 0.067074 0.041536
0.487395 0.181729 0.064156 0.042566
0.711338 0.563453 0.063557 0.036956
0.494657 0.516292 0.057215 0.041652
0.603322 0.578886 0.067256 0.046718
0.934427 0.797124 0.052626 0.035342
0.382330 0.693416 0.055866 0.042896
0.942094 0.146664 0.056084 0.037450
0.377779 0.555059 0.072833 0.050309
0.493973 0.891833 0.051738 0.041889
0.384915 0.790664 0.068303 0.039242
0.714009 0.401276 0.054191 0.038066
0.383333 0.919691 0.077237 0.046538
0.709274 0.272525 0.051590 0.043762
0.491349 0.557942 0.068340 0.041481
0.943986 0.107008 0.058827 0.038237
0.171480 0.218505 0.060242 0.037630
0.705406 0.229294 0.056015 0.040812
0.382592 0.200149 0.059624 0.040653
0.818916 0.095189 0.064149 0.040385
0.606489 0.673653 0.050077 0.042503
0.607098 0.628325 0.058358 0.048306
0.601803 0.145729 0.055045 0.041074
0.601463 0.370535 0.063211 0.054489
0.820908 0.561755 0.063100 0.039980
0.174786 0.495941 0.053944 0.042612
0.603717 0.188255 0.051747 0.042447
0.823377 0.187194 0.052912 0.043024
0.942589 0.066817 0.057564 0.040518
0.274005 0.458494 0.055448 0.037101
0.604417 0.462307 0.051339 0.039484
0.379300 0.460142 0.074770 0.048228
0.940017 0.187024 0.055804 0.039277
0.818933 0.652311 0.054989 0.047086
0.605314 0.500172 0.057746 0.027676
0.488153 0.632103 0.062394 0.043397
0.706616 0.185900 0.061515 0.040972
0.377795 0.506306 0.066026 0.043764
0.818042 0.604601 0.050075 0.042578
0.266276 0.121028 0.066390 0.042891
0.943545 0.493501 0.051155 0.036962
0.711968 0.843804 0.077897 0.037726
0.487133 0.226875 0.058812 0.046925
0.715667 0.360655 0.052372 0.039620
0.278488 0.282583 0.049115 0.043104
0.174887 0.253630 0.062098 0.033664
0.716851 0.920996 0.063904 0.032802
0.171680 0.178926 0.055420 0.037413
0.713565 0.761283 0.053219 0.038383
0.700470 0.100748 0.060223 0.039256
0.824764 0.364333 0.050486 0.043902
0.609406 0.879400 0.054343 0.052519
0.820706 0.810829 0.047196 0.036635
0.384486 0.153589 0.050800 0.045232
0.175669 0.667058 0.064208 0.041358
0.826388 0.053752 0.052598 0.032342
0.938674 0.027515 0.056379 0.038751
0.933680 0.962504 0.083243 0.054460
0.713234 0.524901 0.045879 0.035060
0.940349 0.649096 0.052561 0.036956
0.606649 0.825561 0.064464 0.050258
0.385076 0.651169 0.055723 0.038079
0.938935 0.916638 0.053122 0.036605
0.382453 0.834965 0.055260 0.046943
0.824588 0.897736 0.049524 0.038647
0.608947 0.778767 0.048217 0.035408
0.713274 0.723392 0.051467 0.034952
0.275251 0.416594 0.056308 0.039478
0.940646 0.224883 0.048544 0.035252
0.377526 0.108630 0.058274 0.045077
0.487539 0.096081 0.057914 0.048561
0.382125 0.606662 0.054881 0.048674
0.273758 0.615416 0.064355 0.035959
0.383489 0.876397 0.051888 0.038147
0.488616 0.360890 0.055267 0.047671
0.821307 0.273891 0.054175 0.036820
0.379178 0.382815 0.070284 0.048366
0.601758 0.419896 0.058212 0.044474
0.714143 0.686963 0.048675 0.036664
0.606710 0.276441 0.054999 0.046325
0.717611 0.960795 0.052312 0.039498
0.599003 0.026379 0.058812 0.038381
0.377706 0.333395 0.054647 0.044000
0.938685 0.684467 0.054292 0.030566
0.494283 0.765109 0.049379 0.046938
0.485304 0.273740 0.062389 0.039999
0.942389 0.456888 0.053231 0.036283
0.710471 0.488351 0.048921 0.039182
0.702447 0.142349 0.051316 0.043750
0.822424 0.698664 0.051437 0.041989
0.821994 0.739787 0.045861 0.038152
0.483919 0.315414 0.058322 0.043333
0.825083 0.523265 0.051875 0.028828
0.383981 0.743755 0.065978 0.052825
0.608904 0.969739 0.054087 0.033271
0.270473 0.201402 0.052674 0.043531
0.266065 0.493295 0.063144 0.033323
0.273884 0.530386 0.047827 0.038139
0.174739 0.576816 0.052699 0.045521
0.273206 0.160437 0.053532 0.036526
0.607219 0.744491 0.051697 0.035768
0.376994 0.029800 0.056092 0.039996
0.824457 0.318130 0.049730 0.043607
0.172509 0.753924 0.067849 0.053899
0.271415 0.241277 0.050647 0.039089
0.825347 0.491575 0.073552 0.030147
0.375341 0.067129 0.052845 0.036131
0.279558 0.326316 0.060565 0.042348
0.613670 0.709975 0.056562 0.028616
0.942776 0.419110 0.045762 0.036331
0.272933 0.373395 0.050246 0.045821
0.492427 0.594081 0.055319 0.034483
0.945464 0.376161 0.049036 0.038530
0.714635 0.646326 0.048497 0.041429
0.274004 0.573243 0.048323 0.045406
0.703845 0.060889 0.045558 0.035849
0.175542 0.453790 0.048144 0.040643
0.946449 0.337915 0.042958 0.033765
0.491887 0.405175 0.047659 0.042268
0.177419 0.410789 0.049432 0.045949
0.604687 0.106898 0.050072 0.033462
0.280956 0.654139 0.052927 0.042073
0.178112 0.534988 0.047811 0.032628
0.175458 0.290101 0.046325 0.038425
0.178361 0.709398 0.051452 0.033948
0.378367 0.290868 0.053707 0.042200
0.175933 0.624275 0.046728 0.046767
0.271629 0.028445 0.047044 0.040316
0.821235 0.774343 0.048437 0.029171
0.491249 0.055999 0.045535 0.032976
0.175858 0.325416 0.045124 0.031280
0.702416 0.023856 0.047486 0.034164
0.070166 0.303112 0.044743 0.033402
0.823707 0.961035 0.049441 0.032040
0.824949 0.021163 0.038710 0.031526
0.497622 0.439042 0.061629 0.029070
0.385316 0.419981 0.051316 0.031342
0.490849 0.023806 0.056117 0.029887
0.177164 0.365712 0.049381 0.045072
0.272174 0.076110 0.058324 0.047672
0.170995 0.139444 0.052480 0.040296
0.756603 0.027100 0.045934 0.029362
0.825995 0.933531 0.042230 0.024969
0.757362 0.056618 0.036227 0.033186
0.070857 0.349817 0.069725 0.054720
0.066027 0.260867 0.042503 0.048042
0.167125 0.105473 0.035876 0.030136
0.066205 0.216785 0.043932 0.036150
0.171591 0.071488 0.041783 0.039915
0.171550 0.028890 0.042013 0.036834
