0.610512 0.367406 0.078929 0.054055
0.940570 0.193223 0.088110 0.063136
0.397933 0.387268 0.077544 0.057178
0.500114 0.580348 0.071917 0.052167
0.719261 0.315776 0.084090 0.057898
0.062175 0.249430 0.073493 0.055705
0.724766 0.802878 0.069982 0.055807
0.386202 0.201641 0.086516 0.053359
0.062926 0.365764 0.079650 0.056000
0.716683 0.191167 0.082678 0.051274
0.280561 0.194270 0.085922 0.051353
0.283146 0.905860 0.077386 0.057648
0.284427 0.604981 0.090251 0.054178
0.505132 0.525039 0.075057 0.050944
0.505008 0.914291 0.077734 0.057376
0.506994 0.414969 0.073796 0.052170
0.606604 0.307330 0.083601 0.056086
0.725436 0.376639 0.060599 0.054146
0.282997 0.492278 0.081786 0.056701
0.941637 0.378774 0.069766 0.053821
0.168383 0.368086 0.074381 0.057433
0.503726 0.854216 0.081509 0.056069
0.278629 0.247868 0.080247 0.052868
0.503704 0.358197 0.069524 0.051604
0.066076 0.138847 0.079063 0.056487
0.613710 0.539342 0.064604 0.051281
0.076348 0.789396 0.078963 0.050736
0.511014 0.740074 0.079352 0.049868
0.393830 0.260847 0.078887 0.061326
0.058789 0.308513 0.081292 0.056029
0.165514 0.303624 0.081986 0.058853
0.176590 0.139069 0.080485 0.057641
0.820485 0.242994 0.075212 0.057218
0.060136 0.193174 0.084267 0.049006
0.068465 0.428003 0.087148 0.061019
0.617141 0.142328 0.080223 0.056658
0.609656 0.594842 0.073634 0.049442
0.283827 0.138816 0.085099 0.057495
0.727084 0.924709 0.082649 0.057009
0.167314 0.193759 0.081358 0.051088
0.394765 0.510541 0.077172 0.064248
0.277670 0.375892 0.077427 0.054532
0.068235 0.904370 0.078339 0.056998
0.506055 0.795079 0.077592 0.056501
0.286531 0.963394 0.091471 0.052543
0.500510 0.302334 0.079399 0.053355
0.829363 0.415637 0.074152 0.050899
0.942794 0.257690 0.075504 0.056058
0.829345 0.130503 0.078991 0.055950
0.403100 0.742004 0.075670 0.049671
0.065090 0.551735 0.082901 0.058045
0.830710 0.474416 0.070697 0.056591
0.396052 0.446777 0.078687 0.050647
0.606237 0.423184 0.076545 0.047542
0.171824 0.548177 0.075498 0.054974
0.938540 0.799173 0.076402 0.056891
0.722423 0.496244 0.067157 0.055058
0.073099 0.846642 0.068824 0.055953
0.506804 0.142582 0.076677 0.054796
0.397102 0.575332 0.081232 0.058137
0.178740 0.721095 0.069890 0.052997
0.509901 0.471899 0.078070 0.051239
0.829304 0.754268 0.077310 0.046457
0.724620 0.134885 0.078450 0.055682
0.720670 0.678773 0.068340 0.060359
0.716098 0.252737 0.089499 0.063500
0.938118 0.128375 0.073997 0.057796
0.272635 0.311704 0.084637 0.060903
0.183893 0.771668 0.080553 0.047744
0.721486 0.617867 0.076434 0.050196
0.171097 0.487391 0.066264 0.055880
0.396843 0.145558 0.080240 0.055194
0.826743 0.591967 0.079766 0.056499
0.174668 0.428314 0.072136 0.055470
0.070805 0.613058 0.077941 0.056731
0.172708 0.609543 0.079796 0.059869
0.065091 0.490602 0.072719 0.061056
0.830131 0.300216 0.064892 0.053159
0.936123 0.621921 0.080922 0.058210
0.390426 0.323687 0.080803 0.061325
0.617501 0.251201 0.073053 0.046953
0.610183 0.197856 0.089590 0.052044
0.821104 0.185479 0.079335 0.049507
0.168797 0.245118 0.072078 0.049341
0.942881 0.437827 0.071842 0.055055
0.822389 0.861023 0.070537 0.047753
0.720514 0.864968 0.078959 0.056258
0.284731 0.842405 0.061647 0.052344
0.614560 0.479165 0.065246 0.053877
0.498985 0.197818 0.086597 0.052094
0.398684 0.689081 0.071298 0.051547
0.831069 0.531813 0.064665 0.051339
0.285028 0.778658 0.066765 0.048290
0.940366 0.064903 0.081572 0.052760
0.940856 0.316064 0.062829 0.058304
0.825136 0.702717 0.067318 0.051445
0.615481 0.846951 0.066682 0.050512
0.398666 0.804909 0.071447 0.060514
0.717949 0.742933 0.067018 0.054789
0.398948 0.862257 0.065839 0.042174
0.396727 0.088042 0.075086 0.053863
0.395880 0.923368 0.072212 0.062672
0.829535 0.070961 0.077095 0.058994
0.608764 0.787880 0.067624 0.056491
0.284073 0.083086 0.078847 0.048173
0.174657 0.081624 0.075308 0.049641
0.616302 0.080528 0.072720 0.053439
0.727068 0.556188 0.069567 0.058079
0.940677 0.557255 0.072087 0.060885
0.063675 0.084591 0.073134 0.047304
0.827671 0.355910 0.053949 0.053691
0.609349 0.723818 0.070041 0.063491
0.827554 0.808474 0.052579 0.047891
0.723773 0.076275 0.070614 0.055422
0.074967 0.734620 0.059834 0.056529
0.610065 0.655625 0.070642 0.057464
0.506033 0.685400 0.066451 0.056656
0.507558 0.248691 0.059971 0.044636
0.936157 0.740862 0.075652 0.051375
0.939998 0.494769 0.059770 0.049520
0.283588 0.549325 0.081669 0.053408
0.507490 0.084896 0.070036 0.055194
0.176302 0.667182 0.052036 0.049572
0.724281 0.433255 0.061086 0.053017
0.179852 0.879902 0.053093 0.044386
0.827915 0.650588 0.047017 0.043381
0.397975 0.635805 0.050128 0.052215
0.506334 0.631927 0.049841 0.045431
0.180737 0.936436 0.070764 0.057503
0.282886 0.729689 0.054447 0.043118
0.284573 0.435277 0.058185 0.050012
0.283189 0.667943 0.078138 0.064706
0.826964 0.916547 0.054815 0.058465
0.936922 0.682152 0.051806 0.051949
0.178054 0.826191 0.054410 0.047272
0.068744 0.673647 0.055436 0.056207
