0.101940 0.816918 0.062420 0.041121
0.523074 0.132507 0.057212 0.032983
0.515464 0.241258 0.056832 0.032654
0.511458 0.909984 0.052955 0.033333
0.511846 0.874513 0.055380 0.030929
0.619819 0.321659 0.061679 0.031210
0.707722 0.896890 0.054949 0.028168
0.618581 0.282114 0.054741 0.035069
0.902798 0.731608 0.059235 0.031208
0.414906 0.233449 0.058508 0.040272
0.310336 0.679375 0.061648 0.029225
0.209427 0.659528 0.059513 0.029805
0.209183 0.384406 0.055920 0.035003
0.716918 0.318452 0.056329 0.028600
0.803077 0.818052 0.056166 0.031457
0.111647 0.730272 0.071497 0.040531
0.417175 0.835238 0.051779 0.032440
0.213156 0.691015 0.063549 0.032981
0.802310 0.895145 0.061043 0.028841
0.310262 0.538398 0.068415 0.041431
0.615042 0.360229 0.056340 0.033331
0.513879 0.773729 0.053901 0.030602
0.309454 0.463335 0.061086 0.032941
0.718986 0.285378 0.054051 0.028866
0.903708 0.694958 0.053544 0.031416
0.212959 0.798058 0.052924 0.039486
0.107060 0.649289 0.073255 0.037215
0.611515 0.624380 0.052643 0.037755
0.415023 0.424964 0.051781 0.035956
0.618039 0.209676 0.052623 0.029715
0.214093 0.758407 0.057100 0.037813
0.906159 0.660502 0.055353 0.026243
0.306897 0.839473 0.057943 0.031482
0.111953 0.607926 0.064531 0.037343
0.409893 0.911667 0.055690 0.032254
0.206317 0.308202 0.051642 0.037626
0.420061 0.871602 0.056178 0.033911
0.517688 0.209406 0.046498 0.028937
0.817301 0.448505 0.053494 0.028390
0.509276 0.735234 0.051600 0.038005
0.101995 0.896313 0.055075 0.034846
0.808738 0.641223 0.051896 0.029885
0.310882 0.354162 0.047734 0.036435
0.311546 0.430390 0.050254 0.027161
0.610067 0.758064 0.044839 0.029150
0.608558 0.822951 0.052811 0.029134
0.512963 0.840874 0.057967 0.024775
0.715557 0.354907 0.050961 0.029540
0.718313 0.248378 0.051516 0.034261
0.222721 0.161609 0.057374 0.030644
0.412185 0.315597 0.051066 0.031638
0.804128 0.780100 0.042555 0.033795
0.115011 0.307174 0.056836 0.036006
0.913998 0.373428 0.058006 0.026989
0.617031 0.246084 0.046710 0.030143
0.206587 0.915640 0.051813 0.026373
0.115773 0.167932 0.055581 0.033833
0.311865 0.252184 0.060002 0.027971
0.413622 0.193162 0.057957 0.025609
0.819053 0.485483 0.049691 0.032260
0.417741 0.134497 0.049554 0.035449
0.612439 0.550926 0.059894 0.031204
0.310818 0.807056 0.048717 0.028636
0.305037 0.912899 0.051014 0.032314
0.412151 0.387857 0.047692 0.030536
0.210251 0.842613 0.058876 0.038520
0.709919 0.761095 0.045970 0.035981
0.818899 0.414302 0.050011 0.032879
0.208654 0.347675 0.054941 0.029913
0.512110 0.507647 0.055038 0.028422
0.717406 0.134234 0.052864 0.028690
0.821582 0.278025 0.051984 0.029374
0.210066 0.554144 0.057251 0.027811
0.913874 0.410758 0.052851 0.029982
0.810835 0.581915 0.053364 0.026884
0.103173 0.775079 0.050157 0.036693
0.514858 0.691913 0.052658 0.035627
0.311751 0.711862 0.063095 0.026440
0.316014 0.284926 0.053434 0.036237
0.118356 0.264913 0.048108 0.033975
0.816198 0.519282 0.049686 0.027101
0.615504 0.585768 0.063060 0.029345
0.820918 0.205005 0.061900 0.033757
0.413882 0.526381 0.058388 0.030395
0.612553 0.145127 0.057771 0.033242
0.913122 0.478182 0.045138 0.036575
0.721238 0.422067 0.052080 0.033194
0.414766 0.460852 0.058469 0.027549
0.512281 0.808647 0.048389 0.034705
0.305176 0.743511 0.055483 0.025375
0.114265 0.203105 0.046334 0.028244
0.919050 0.336657 0.045111 0.033363
0.717751 0.491435 0.052365 0.042646
0.820659 0.140001 0.042981 0.034414
0.708812 0.725147 0.044499 0.029317
0.812333 0.611583 0.048567 0.026274
0.110274 0.490557 0.048525 0.032122
0.314062 0.577756 0.067103 0.031254
0.207620 0.884097 0.037340 0.031776
0.715071 0.388613 0.049429 0.030131
0.414491 0.729881 0.056229 0.026377
0.719325 0.206583 0.047914 0.034996
0.414447 0.350485 0.042083 0.030619
0.515440 0.377506 0.054697 0.025261
0.108038 0.531526 0.047838 0.039665
0.210838 0.589001 0.053596 0.032275
0.107936 0.570229 0.053810 0.028575
0.704471 0.865608 0.058644 0.029391
0.619523 0.513250 0.057708 0.034622
0.818625 0.376385 0.054032 0.027587
0.518309 0.173879 0.053759 0.035984
0.104584 0.686747 0.049862 0.032375
0.311207 0.647193 0.051419 0.030901
0.511045 0.474415 0.047500 0.028814
0.103303 0.858590 0.050180 0.032921
0.722260 0.167533 0.048585 0.031398
0.314980 0.498511 0.054542 0.027077
0.713703 0.539625 0.053952 0.043347
0.321348 0.101350 0.057342 0.035598
0.812106 0.550945 0.054791 0.029100
0.411762 0.277638 0.053765 0.036122
0.904409 0.623179 0.048986 0.034523
0.802026 0.854590 0.049421 0.035921
0.113454 0.451519 0.055076 0.036182
0.220882 0.129918 0.063195 0.025099
0.112591 0.414014 0.056845 0.031549
0.819955 0.173754 0.055219 0.026198
0.909415 0.545953 0.045037 0.036234
0.899658 0.800784 0.046537 0.036813
0.524327 0.318138 0.066090 0.030222
0.308216 0.614263 0.057667 0.026653
0.464400 0.164840 0.047028 0.030314
0.206711 0.492330 0.042438 0.029523
0.109121 0.375841 0.045981 0.032619
0.912827 0.443491 0.046269 0.027115
0.611812 0.394159 0.051282 0.022968
0.309504 0.319816 0.050456 0.027878
0.894549 0.935506 0.050529 0.036591
0.900020 0.765071 0.053425 0.024951
0.306789 0.876169 0.054471 0.030003
0.414251 0.764470 0.043149 0.031587
0.416659 0.582036 0.065357 0.029500
0.906731 0.587069 0.052470 0.034408
0.612845 0.722161 0.049480 0.034976
0.808871 0.682898 0.052601 0.040556
0.713072 0.586565 0.053791 0.040479
0.314359 0.219556 0.060221 0.033555
0.822370 0.243024 0.046732 0.032449
0.917220 0.299161 0.046055 0.031743
0.612207 0.690361 0.050399 0.024817
0.915143 0.199769 0.054136 0.025606
0.514620 0.629507 0.050687 0.028684
0.527437 0.280621 0.065682 0.035665
0.705962 0.931674 0.052011 0.030807
0.413132 0.492265 0.068147 0.026480
0.718253 0.102051 0.056490 0.026885
0.310448 0.394689 0.040498 0.031318
0.803793 0.748736 0.044667 0.025071
0.511532 0.658832 0.051068 0.023779
0.215597 0.225882 0.050830 0.035837
0.818224 0.315048 0.053828 0.031654
0.413874 0.798210 0.047237 0.031205
0.211607 0.456558 0.048623 0.031953
0.614542 0.177301 0.051383 0.023699
0.708911 0.691975 0.040424 0.027753
0.421582 0.639732 0.067214 0.028482
0.515454 0.409898 0.038950 0.029312
0.614498 0.480754 0.049651 0.023918
0.803526 0.719470 0.041081 0.029968
0.412328 0.166218 0.044403 0.025091
0.918266 0.166557 0.039567 0.028123
0.514826 0.540905 0.047913 0.034501
0.208902 0.423133 0.052467 0.031199
0.607672 0.790420 0.048230 0.026023
0.211900 0.624404 0.043013 0.033243
0.611710 0.660038 0.044876 0.024781
0.219760 0.194905 0.051367 0.026283
0.914892 0.135215 0.048554 0.024071
0.411660 0.697947 0.051725 0.026106
0.418037 0.099781 0.045501 0.030552
0.308385 0.773726 0.044543 0.031490
0.707209 0.800604 0.061844 0.034734
0.919023 0.259801 0.040974 0.034388
0.903023 0.891982 0.052071 0.033075
0.709769 0.656058 0.042209 0.034873
0.819215 0.348133 0.039397 0.027584
0.106231 0.931917 0.053701 0.030867
0.517022 0.098115 0.043066 0.024165
0.463719 0.133777 0.038754 0.031264
0.222143 0.097361 0.067191 0.029302
0.516913 0.940891 0.068267 0.028393
0.717419 0.454290 0.038218 0.027894
0.414249 0.668656 0.053699 0.025822
0.317124 0.185643 0.048098 0.025122
0.116413 0.234909 0.052448 0.022780
0.155598 0.379887 0.043645 0.029609
0.918852 0.228399 0.049103 0.020357
0.410252 0.939619 0.057241 0.027111
0.305788 0.941423 0.047437 0.022719
0.213160 0.265330 0.050645 0.036456
0.711530 0.623670 0.050635 0.025110
0.613025 0.108603 0.052337 0.038524
0.902219 0.840612 0.060688 0.035802
0.414871 0.554021 0.063408 0.023053
0.418775 0.612438 0.058797 0.022403
0.319002 0.133090 0.057498 0.024278
0.204117 0.941089 0.059521 0.023881
0.617974 0.885546 0.066090 0.030015
0.510111 0.441579 0.047093 0.028075
0.462245 0.102218 0.036232 0.027026
0.516396 0.350119 0.045963 0.023430
0.908367 0.514353 0.049135 0.021897
0.614408 0.914883 0.058905 0.026679
0.814894 0.106174 0.044878 0.030354
0.710169 0.833855 0.051773 0.032220
0.615848 0.424466 0.061427 0.027608
0.159788 0.415413 0.040289 0.035024
0.611047 0.453216 0.047630 0.019193
0.314736 0.159026 0.045995 0.018631
0.117298 0.099737 0.066128 0.034839
0.917536 0.103544 0.037083 0.028299
0.804595 0.928083 0.036375 0.026533
0.513880 0.600068 0.045311 0.032205
0.615252 0.940962 0.059324 0.025907
0.113774 0.135360 0.057677 0.022418
0.514595 0.571596 0.043368 0.019678
0.210566 0.724911 0.056901 0.025031
0.860791 0.302249 0.035422 0.029438
0.114237 0.344487 0.054683 0.029249
0.209517 0.524352 0.045814 0.020658
0.617041 0.855948 0.056772 0.020755
0.551465 0.581214 0.030378 0.024979
0.901769 0.865145 0.041752 0.016301
