0.315469 0.942106 0.062521 0.035845
0.620160 0.227322 0.063949 0.039087
0.620463 0.703008 0.060156 0.041074
0.401836 0.273364 0.058563 0.034022
0.185872 0.252919 0.058794 0.040473
0.300304 0.318237 0.064899 0.038415
0.520676 0.895406 0.053454 0.036905
0.181215 0.102894 0.054292 0.041414
0.621689 0.187359 0.062248 0.037706
0.399460 0.309701 0.062516 0.030117
0.189665 0.177221 0.058376 0.035723
0.624954 0.540126 0.056438 0.045133
0.515928 0.561298 0.063743 0.035453
0.505115 0.464928 0.052873 0.035922
0.183101 0.817239 0.077791 0.039940
0.286797 0.115774 0.053973 0.037484
0.512416 0.598016 0.050316 0.034979
0.518771 0.932108 0.051485 0.033386
0.737153 0.787164 0.053228 0.039580
0.069196 0.266775 0.061739 0.039590
0.411561 0.466452 0.061799 0.034817
0.626599 0.269735 0.058319 0.042711
0.525303 0.856626 0.064458 0.035676
0.188887 0.214639 0.063493 0.032636
0.305043 0.843893 0.060024 0.035452
0.185397 0.062190 0.063067 0.035052
0.284247 0.026694 0.062870 0.043881
0.520871 0.819143 0.061628 0.037237
0.624065 0.628222 0.050343 0.033975
0.191170 0.778303 0.053741 0.035265
0.395758 0.158784 0.072531 0.040502
0.727206 0.509826 0.064908 0.037040
0.739686 0.825752 0.044715 0.036160
0.510988 0.398596 0.057918 0.038738
0.736389 0.749297 0.058518 0.034087
0.515607 0.736511 0.070720 0.036851
0.396623 0.087525 0.056774 0.031515
0.733966 0.474091 0.057017 0.032863
0.196194 0.930189 0.070074 0.035778
0.522187 0.964637 0.053202 0.030779
0.938532 0.737396 0.056233 0.035871
0.619545 0.496476 0.054161 0.040572
0.086998 0.946780 0.057349 0.032887
0.184498 0.141676 0.058051 0.032328
0.087139 0.911335 0.057315 0.030390
0.413610 0.647968 0.055501 0.043447
0.513043 0.195898 0.049494 0.035481
0.727068 0.245538 0.066074 0.042631
0.623329 0.587214 0.053902 0.042423
0.514707 0.662600 0.048907 0.032105
0.188298 0.855326 0.060331 0.032016
0.516090 0.698236 0.048293 0.035543
0.510985 0.526751 0.050255 0.032174
0.296453 0.435131 0.054588 0.032797
0.079194 0.475094 0.053233 0.033588
0.415791 0.537641 0.056370 0.033623
0.288679 0.156419 0.058886 0.039744
0.090886 0.978014 0.059818 0.029772
0.626866 0.664325 0.058538 0.028805
0.308019 0.586137 0.065697 0.043461
0.511224 0.156580 0.055014 0.039706
0.076316 0.149088 0.054922 0.039125
0.827286 0.128910 0.047657 0.041166
0.292416 0.195151 0.073317 0.036385
0.081246 0.877965 0.049452 0.034013
0.731422 0.708527 0.076581 0.043388
0.308724 0.908844 0.067028 0.028631
0.190952 0.891319 0.055205 0.034961
0.618001 0.149939 0.066229 0.035915
0.292855 0.360248 0.059672 0.036499
0.836688 0.665482 0.055477 0.031978
0.075972 0.439533 0.065150 0.034251
0.078665 0.373830 0.060703 0.033097
0.304041 0.671490 0.068354 0.039223
0.173447 0.024629 0.059951 0.038173
0.940733 0.397899 0.062729 0.041850
0.505560 0.120642 0.071709 0.033837
0.939643 0.481792 0.068487 0.041365
0.308382 0.540644 0.056484 0.039165
0.729766 0.204947 0.058114 0.035059
0.827670 0.088455 0.049163 0.038091
0.940891 0.702017 0.058952 0.032576
0.735477 0.939308 0.068343 0.035725
0.938933 0.811765 0.044341 0.040149
0.513026 0.317512 0.052960 0.040468
0.071932 0.189751 0.051976 0.039490
0.939852 0.772321 0.052348 0.034676
0.937863 0.251625 0.048014 0.033258
0.071804 0.112510 0.055725 0.035174
0.187161 0.719942 0.056459 0.031660
0.942326 0.217114 0.055518 0.032835
0.939826 0.288450 0.050427 0.037223
0.516263 0.358424 0.059825 0.037514
0.522115 0.777879 0.055609 0.042788
0.303955 0.806043 0.062724 0.037380
0.413919 0.911662 0.050492 0.037766
0.398736 0.052878 0.051505 0.034833
0.825713 0.051976 0.056286 0.033555
0.716938 0.059069 0.058037 0.034931
0.512463 0.280276 0.049488 0.031228
0.943406 0.522428 0.059846 0.036298
0.941950 0.593902 0.053904 0.037529
0.939059 0.440703 0.058856 0.039740
0.839251 0.592701 0.050912 0.040686
0.839182 0.629983 0.046897 0.033012
0.834001 0.879003 0.052202 0.031928
0.409419 0.502202 0.051862 0.034220
0.077692 0.560975 0.068486 0.047137
0.305977 0.877981 0.057297 0.025783
0.832984 0.367133 0.063143 0.038366
0.724224 0.287867 0.054145 0.039694
0.183131 0.408088 0.057958 0.038772
0.187839 0.373451 0.069306 0.032605
0.288138 0.073753 0.056394 0.041982
0.730687 0.438515 0.050166 0.038007
0.619293 0.447699 0.052301 0.048291
0.939087 0.357023 0.062897 0.035856
0.839846 0.442462 0.051779 0.037223
0.414827 0.692112 0.054830 0.038017
0.837281 0.796410 0.050405 0.028142
0.517891 0.237154 0.058893 0.042465
0.396868 0.121096 0.049606 0.033049
0.843188 0.730889 0.058841 0.026848
0.941029 0.665922 0.052704 0.038250
0.504821 0.063214 0.057279 0.032853
0.302839 0.628995 0.050810 0.036143
0.741724 0.972993 0.052360 0.029951
0.942583 0.629103 0.062004 0.032260
0.084602 0.512770 0.053137 0.039177
0.612685 0.058747 0.082859 0.041058
0.292654 0.397617 0.054634 0.035997
0.300848 0.503175 0.048873 0.032983
0.738482 0.861273 0.042891 0.035886
0.297113 0.470336 0.058681 0.037063
0.833810 0.283800 0.047187 0.037219
0.839088 0.478742 0.058323 0.031757
0.515690 0.631380 0.043839 0.029171
0.415380 0.954610 0.048052 0.039149
0.940402 0.849669 0.050529 0.034006
0.639337 0.935337 0.070133 0.032042
0.634172 0.864756 0.056466 0.037025
0.409781 0.427185 0.042618 0.036547
0.075066 0.227337 0.050187 0.036272
0.305805 0.771224 0.062486 0.033643
0.936315 0.180762 0.048720 0.036204
0.184043 0.648537 0.048212 0.033149
0.641317 0.967179 0.057613 0.031166
0.831336 0.837026 0.062918 0.044892
0.942038 0.921031 0.051261 0.036208
0.413643 0.726768 0.051128 0.033648
0.720878 0.095993 0.052325 0.038263
0.079874 0.841978 0.047992 0.033712
0.619933 0.358491 0.058312 0.046462
0.929521 0.022808 0.055453 0.033043
0.074982 0.335026 0.049822 0.038174
0.419113 0.603353 0.060556 0.036995
0.934964 0.143234 0.048729 0.035879
0.823006 0.019757 0.054581 0.027619
0.291924 0.235738 0.055697 0.038163
0.729243 0.634508 0.051465 0.037529
0.715808 0.022129 0.051396 0.033789
0.839104 0.513176 0.049583 0.034900
0.181034 0.449876 0.062657 0.043549
0.082155 0.604189 0.056222 0.032482
0.621583 0.402452 0.053542 0.039105
0.401893 0.384165 0.083125 0.041598
0.940305 0.887116 0.046883 0.033547
0.732406 0.669101 0.049767 0.035525
0.417635 0.569214 0.048822 0.027264
0.733382 0.541734 0.050384 0.028571
0.836893 0.763328 0.047703 0.033825
0.397913 0.235266 0.045902 0.035464
0.074497 0.774627 0.049827 0.034638
0.937252 0.321059 0.043494 0.031090
0.827979 0.165550 0.050258 0.031332
0.079263 0.405631 0.052971 0.028253
0.511929 0.497414 0.049850 0.024319
0.290889 0.273834 0.060567 0.035384
0.067132 0.070220 0.053185 0.050713
0.181945 0.577938 0.040337 0.039905
0.183367 0.498198 0.050395 0.046220
0.078873 0.646804 0.050902 0.043966
0.833817 0.405181 0.055275 0.034877
0.833422 0.551706 0.059633 0.041722
0.185648 0.682319 0.043204 0.032154
0.186099 0.294345 0.052434 0.037377
0.836748 0.323805 0.055036 0.042256
0.183782 0.333003 0.055976 0.040706
0.728721 0.358284 0.044168 0.034075
0.404159 0.343376 0.046651 0.033784
0.076877 0.739766 0.049351 0.029307
0.739090 0.901255 0.046577 0.038619
0.626959 0.825397 0.044772 0.031792
0.620688 0.311584 0.047393 0.036458
0.836760 0.934604 0.040951 0.028361
0.191679 0.748321 0.046858 0.023692
0.396435 0.019837 0.055999 0.029414
0.640751 0.903565 0.063184 0.034616
0.314004 0.976275 0.060587 0.029443
0.947781 0.557467 0.053990 0.031540
0.609433 0.020301 0.056276 0.031457
0.075691 0.810161 0.045748 0.027105
0.621565 0.792098 0.047069 0.036181
0.191432 0.967376 0.053431 0.028511
0.728497 0.571627 0.052791 0.030715
0.183428 0.613992 0.045382 0.028809
0.840696 0.906502 0.047166 0.023325
0.415591 0.763728 0.051011 0.033849
0.394180 0.200106 0.042257 0.036424
0.830919 0.202978 0.046693 0.040854
0.619298 0.106041 0.056843 0.050030
0.833825 0.244238 0.046445 0.039899
0.941220 0.957229 0.040278 0.032116
0.509716 0.430742 0.043972 0.027082
0.078928 0.698453 0.043110 0.046448
0.725204 0.324057 0.050026 0.037312
0.712636 0.140354 0.066170 0.043514
0.841684 0.962779 0.047408 0.027443
0.412042 0.870299 0.045641 0.036726
0.184633 0.540218 0.043054 0.037003
0.411343 0.804035 0.038951 0.040264
0.070049 0.301649 0.061087 0.023204
0.502679 0.025072 0.070760 0.041037
0.071698 0.026107 0.053482 0.035028
0.932507 0.097076 0.057395 0.048153
0.932240 0.056885 0.053962 0.034034
0.618501 0.748576 0.054017 0.047777
0.728024 0.395436 0.052265 0.041598
0.734187 0.599106 0.051139 0.026249
0.838543 0.699878 0.051845 0.028981
0.724471 0.173829 0.051204 0.022954
0.507990 0.090556 0.052260 0.023744
0.412481 0.837938 0.044723 0.026302
0.315256 0.723101 0.102670 0.055993
