0.177612 0.655397 0.063149 0.037533
0.481750 0.556912 0.071943 0.039767
0.775753 0.439874 0.068937 0.034497
0.582620 0.534248 0.059508 0.035671
0.869730 0.735291 0.055364 0.029452
0.579922 0.640516 0.064139 0.036826
0.185000 0.501640 0.053356 0.037471
0.585897 0.254856 0.064220 0.035884
0.087081 0.335086 0.059952 0.029233
0.175154 0.773885 0.061957 0.032763
0.870399 0.796643 0.054892 0.027527
0.778355 0.508813 0.057179 0.028783
0.771303 0.863986 0.054210 0.033580
0.777537 0.614870 0.055609 0.033994
0.866081 0.532128 0.056313 0.033232
0.482519 0.458521 0.055736 0.029025
0.376981 0.447940 0.073217 0.036620
0.186440 0.356581 0.052540 0.034921
0.177827 0.540433 0.056405 0.033817
0.577058 0.710971 0.062211 0.039764
0.583815 0.294195 0.061861 0.034956
0.470039 0.785398 0.056392 0.028961
0.283938 0.193852 0.054748 0.033544
0.868589 0.496760 0.058429 0.031995
0.086879 0.203584 0.054999 0.034012
0.179886 0.578181 0.063001 0.030007
0.774075 0.759525 0.058349 0.033577
0.775872 0.720413 0.053814 0.036440
0.781754 0.579087 0.058158 0.029868
0.584921 0.331828 0.050804 0.034194
0.184949 0.428126 0.057053 0.029377
0.579587 0.571593 0.063711 0.030999
0.281836 0.353276 0.054851 0.033388
0.672801 0.771645 0.055951 0.028527
0.778683 0.680543 0.056668 0.031009
0.182096 0.613170 0.050858 0.036088
0.581666 0.368455 0.052164 0.033315
0.783258 0.177790 0.054782 0.041237
0.482050 0.493088 0.061139 0.031325
0.082622 0.302280 0.054884 0.032684
0.188442 0.173119 0.061970 0.031282
0.874466 0.266567 0.058488 0.036371
0.084538 0.652662 0.058981 0.028922
0.186978 0.278012 0.054751 0.042588
0.080562 0.720647 0.059810 0.025676
0.285443 0.160398 0.054334 0.027318
0.492506 0.086671 0.073175 0.035899
0.383886 0.322094 0.066707 0.037806
0.468732 0.859781 0.053498 0.030192
0.379517 0.487371 0.057818 0.029383
0.676934 0.587651 0.056077 0.035754
0.870092 0.631276 0.052024 0.037736
0.475719 0.633549 0.050093 0.041753
0.380883 0.359243 0.058879 0.037981
0.592046 0.145222 0.053480 0.032952
0.084555 0.241981 0.051579 0.029641
0.678964 0.512417 0.053124 0.031816
0.870547 0.420179 0.057155 0.039032
0.088012 0.376129 0.052361 0.039897
0.678578 0.807464 0.054311 0.027479
0.085071 0.507111 0.051461 0.035072
0.384858 0.280099 0.067002 0.032991
0.771700 0.793101 0.052511 0.024342
0.468328 0.822387 0.049231 0.035678
0.176599 0.851552 0.052053 0.032123
0.677291 0.837908 0.053906 0.034936
0.671698 0.737358 0.047171 0.032737
0.862278 0.701132 0.055122 0.037139
0.476681 0.596550 0.058182 0.027262
0.686498 0.252922 0.054854 0.027317
0.485328 0.340040 0.066499 0.030508
0.494711 0.155532 0.049999 0.038725
0.183407 0.463875 0.057467 0.030258
0.780273 0.541491 0.044605 0.030645
0.187589 0.318968 0.048801 0.030046
0.080231 0.756466 0.046849 0.033676
0.571049 0.862797 0.046687 0.029403
0.572952 0.824304 0.043815 0.037667
0.081491 0.579368 0.045677 0.034366
0.173629 0.690298 0.052879 0.024480
0.287763 0.233537 0.048693 0.037371
0.866864 0.830764 0.049586 0.036121
0.873372 0.229781 0.048555 0.027196
0.187351 0.113433 0.050282 0.028006
0.079523 0.824195 0.050558 0.035763
0.393624 0.113509 0.066731 0.029016
0.285627 0.315148 0.049344 0.030042
0.081260 0.616492 0.043217 0.032282
0.576791 0.785574 0.054689 0.033000
0.776950 0.476594 0.059456 0.027349
0.086326 0.167849 0.050157 0.031928
0.390453 0.081949 0.056295 0.029453
0.591371 0.217005 0.049619 0.035016
0.282135 0.429227 0.051946 0.036909
0.673925 0.674157 0.051085 0.034949
0.871207 0.667557 0.050461 0.031794
0.591458 0.443922 0.058352 0.041341
0.494190 0.198715 0.053250 0.037582
0.186749 0.140667 0.047360 0.026543
0.085516 0.470107 0.057878 0.025301
0.082048 0.270125 0.056850 0.023728
0.782917 0.219566 0.053445 0.033285
0.382767 0.403302 0.055025 0.045990
0.075622 0.863988 0.052687 0.030953
0.672409 0.706166 0.055938 0.023446
0.777140 0.651869 0.052897 0.027386
0.579126 0.606727 0.054518 0.031039
0.783188 0.256636 0.046861 0.033649
0.478157 0.679148 0.046503 0.038857
0.480825 0.377015 0.061249 0.036204
0.078385 0.787912 0.051379 0.028592
0.283672 0.390863 0.056297 0.026712
0.083653 0.544134 0.049251 0.030344
0.476023 0.718020 0.048086 0.027700
0.488724 0.418027 0.053263 0.036342
0.173700 0.743879 0.056060 0.022911
0.675648 0.630631 0.045099 0.040337
0.486317 0.302454 0.044311 0.031051
0.285407 0.276045 0.049638 0.029711
0.769234 0.901999 0.063067 0.034421
0.493932 0.236087 0.053258 0.028282
0.778923 0.403363 0.048100 0.028803
0.680960 0.377771 0.047679 0.030931
0.867110 0.896954 0.056592 0.028143
0.573892 0.673731 0.059045 0.029501
0.782222 0.365541 0.048915 0.039148
0.684065 0.343872 0.058587 0.030965
0.381612 0.242368 0.062529 0.033515
0.475967 0.749065 0.048678 0.029316
0.678827 0.280053 0.047646 0.022514
0.183876 0.394046 0.049524 0.028286
0.170511 0.814320 0.052018 0.035171
0.494238 0.122930 0.053873 0.024802
0.286637 0.129867 0.050252 0.031234
0.866986 0.767517 0.047458 0.023332
0.678361 0.903011 0.049357 0.032784
0.873184 0.197341 0.050298 0.033127
0.683162 0.308716 0.050398 0.030039
0.573112 0.896481 0.039181 0.030021
0.676529 0.550307 0.056854 0.029260
0.377142 0.524654 0.049146 0.037031
0.574680 0.749823 0.049990 0.030864
0.087839 0.437318 0.054406 0.024006
0.174181 0.716331 0.047031 0.022944
0.681720 0.222634 0.045731 0.027629
0.865796 0.458811 0.039197 0.031050
0.581355 0.488572 0.045521 0.037819
0.378828 0.591447 0.059391 0.030894
0.590158 0.181307 0.044871 0.035579
0.189178 0.205232 0.056185 0.025515
0.080466 0.900896 0.058960 0.032939
0.863765 0.865586 0.044062 0.023554
0.186999 0.238370 0.051048 0.030454
0.474972 0.894873 0.058677 0.035232
0.080265 0.686986 0.050696 0.031274
0.088465 0.087196 0.049029 0.029100
0.782763 0.289168 0.046231 0.032699
0.588903 0.111924 0.038013 0.025107
0.390336 0.143919 0.059579 0.026362
0.088473 0.411792 0.047561 0.021974
0.783517 0.083498 0.051240 0.027934
0.483713 0.522979 0.063747 0.022032
0.875548 0.156081 0.044747 0.039567
0.184208 0.082300 0.051084 0.025377
0.587372 0.084567 0.045638 0.025522
0.780524 0.327988 0.046334 0.036835
0.587062 0.407690 0.060721 0.033187
0.784654 0.139895 0.047406 0.032036
0.869687 0.382012 0.043790 0.029590
0.682326 0.116759 0.052971 0.028915
0.489414 0.269033 0.051215 0.032462
0.679055 0.449255 0.043233 0.024460
0.872518 0.345669 0.048401 0.037845
0.679060 0.415617 0.042063 0.031558
0.677349 0.477906 0.034369 0.025943
0.681186 0.186789 0.046185 0.036604
0.875313 0.116491 0.044850 0.030302
0.871425 0.305992 0.051705 0.034461
0.378683 0.556007 0.049623 0.026664
0.675819 0.873000 0.048693 0.028066
0.085965 0.123473 0.042600 0.038695
0.768761 0.825653 0.048013 0.036525
0.384260 0.207623 0.047101 0.035149
0.685490 0.148730 0.054614 0.030830
0.786675 0.111875 0.052867 0.024384
0.868666 0.592078 0.042452 0.031556
0.687227 0.082297 0.047356 0.027447
0.868481 0.566483 0.051240 0.025900
0.873726 0.084614 0.045215 0.029019
0.170463 0.890064 0.039490 0.036500
0.387837 0.175414 0.043489 0.032309
0.829981 0.094872 0.034337 0.021652
0.211375 0.815266 0.037973 0.030065
