0.714282 0.819095 0.084012 0.048918
0.826232 0.652638 0.077305 0.055462
0.714130 0.766715 0.078512 0.051574
0.499217 0.468765 0.081353 0.050640
0.275483 0.799309 0.077885 0.051809
0.823716 0.865054 0.078724 0.051551
0.712858 0.919518 0.082621 0.043630
0.385959 0.156660 0.081067 0.043832
0.713469 0.870856 0.081040 0.047947
0.824287 0.756954 0.087002 0.050493
0.280860 0.853062 0.093810 0.051026
0.721567 0.138680 0.074233 0.044770
0.940841 0.210323 0.083887 0.052179
0.392622 0.475865 0.068743 0.052514
0.488566 0.790676 0.077714 0.044012
0.714628 0.391105 0.089685 0.049621
0.386942 0.829895 0.072577 0.050005
0.821095 0.487757 0.077548 0.052494
0.609780 0.901253 0.079724 0.048853
0.932470 0.918008 0.085445 0.046909
0.818482 0.543281 0.081062 0.043474
0.381773 0.722027 0.079972 0.045341
0.500031 0.159838 0.084920 0.049396
0.171671 0.487340 0.074944 0.054691
0.715789 0.544674 0.082055 0.057176
0.937874 0.869613 0.079743 0.049659
0.822912 0.430141 0.100996 0.054922
0.494930 0.738125 0.080816 0.053574
0.719622 0.192046 0.074552 0.052197
0.937492 0.114487 0.078793 0.051853
0.936320 0.543870 0.078597 0.056266
0.715286 0.653880 0.094097 0.050475
0.172320 0.165466 0.093958 0.044615
0.932264 0.652872 0.080427 0.052099
0.278715 0.161616 0.080682 0.051528
0.282550 0.449271 0.084054 0.059327
0.819348 0.592580 0.074086 0.043967
0.720015 0.088376 0.073621 0.049011
0.938871 0.309982 0.097536 0.052844
0.392515 0.527535 0.080694 0.042562
0.495190 0.576453 0.065091 0.045204
0.388350 0.206495 0.086830 0.051328
0.172074 0.860722 0.078041 0.042856
0.929794 0.708127 0.086003 0.050851
0.604876 0.120275 0.081756 0.057522
0.603862 0.652228 0.080088 0.054037
0.497653 0.317913 0.087022 0.049807
0.176002 0.114610 0.070641 0.049900
0.387349 0.106352 0.076540 0.051695
0.275626 0.623354 0.072235 0.047145
0.820749 0.705566 0.084224 0.047193
0.173862 0.585891 0.074663 0.050367
0.168937 0.216756 0.085984 0.050644
0.494896 0.524667 0.070023 0.051085
0.384265 0.672928 0.074029 0.045058
0.815790 0.914675 0.077854 0.040420
0.275817 0.567910 0.072745 0.050041
0.612389 0.851941 0.081213 0.044680
0.176138 0.748128 0.071758 0.045024
0.494141 0.419349 0.073247 0.045079
0.391293 0.623228 0.073812 0.051390
0.057904 0.203062 0.081170 0.042855
0.176834 0.694325 0.082388 0.052637
0.608275 0.059712 0.086522 0.061097
0.821886 0.222506 0.075813 0.050669
0.391461 0.373828 0.070706 0.055036
0.605458 0.331679 0.089064 0.047177
0.172414 0.309549 0.088380 0.052819
0.060636 0.151208 0.070744 0.044390
0.939942 0.365779 0.082650 0.049563
0.062576 0.575348 0.078446 0.054796
0.389819 0.315506 0.065680 0.050610
0.605080 0.378499 0.077790 0.039304
0.385833 0.886052 0.075160 0.051787
0.823311 0.961007 0.086354 0.051188
0.499426 0.216216 0.087890 0.057016
0.389781 0.968014 0.087186 0.040867
0.822740 0.810923 0.071173 0.049787
0.606213 0.596489 0.078973 0.045804
0.709216 0.602089 0.068896 0.048957
0.940993 0.057304 0.084829 0.055278
0.174942 0.804061 0.083266 0.057648
0.610489 0.543157 0.075024 0.055473
0.490488 0.840824 0.060062 0.047001
0.606987 0.234976 0.071495 0.055241
0.941537 0.259262 0.086844 0.040306
0.288800 0.392260 0.074782 0.050185
0.609236 0.285501 0.075219 0.035882
0.062167 0.690832 0.073916 0.046313
0.061477 0.634777 0.081645 0.053873
0.070829 0.410213 0.078838 0.048103
0.928640 0.761835 0.077198 0.051422
0.721842 0.239919 0.077772 0.039050
0.491135 0.890443 0.080384 0.042988
0.718837 0.339454 0.074967 0.047902
0.935879 0.481264 0.074133 0.057969
0.278439 0.512437 0.078656 0.057323
0.389803 0.261791 0.069310 0.053636
0.274628 0.743771 0.072868 0.051724
0.493896 0.930180 0.091362 0.039246
0.498763 0.368209 0.069974 0.047351
0.712912 0.965778 0.089800 0.042050
0.498814 0.684876 0.085491 0.047253
0.609109 0.177059 0.064558 0.050771
0.828035 0.315787 0.076851 0.047364
0.930258 0.815504 0.082842 0.048471
0.939957 0.161329 0.080581 0.037101
0.937027 0.421281 0.065891 0.053788
0.063232 0.101007 0.084677 0.043680
0.832208 0.269052 0.080598 0.038270
0.496570 0.970537 0.092003 0.040683
0.930353 0.966077 0.098512 0.047670
0.709478 0.489913 0.067648 0.046219
0.172916 0.363617 0.068587 0.045908
0.608337 0.429390 0.086540 0.052379
0.928504 0.600805 0.079842 0.048701
0.393055 0.574591 0.076837 0.037135
0.713657 0.708978 0.077804 0.055159
0.282248 0.958672 0.082696 0.054072
0.063818 0.794579 0.077463 0.051045
0.174573 0.640050 0.076001 0.045350
0.279792 0.905358 0.066711 0.045791
0.174278 0.915163 0.078626 0.049209
0.174071 0.262999 0.079398 0.037531
0.173310 0.058252 0.078973 0.053128
0.498541 0.108129 0.063956 0.052709
0.608407 0.699506 0.076729 0.037875
0.279880 0.108474 0.063630 0.049635
0.179300 0.421071 0.087385 0.060453
0.828109 0.109460 0.070089 0.050815
0.282459 0.057694 0.077413 0.050905
0.387617 0.774753 0.066054 0.053602
0.276471 0.682452 0.080683 0.060670
0.721363 0.044105 0.076013 0.037024
0.171225 0.963131 0.080428 0.048950
0.175349 0.537626 0.067327 0.036137
0.715569 0.288276 0.063349 0.049610
0.069894 0.254181 0.065359 0.052748
0.068743 0.458694 0.062180 0.036974
0.609875 0.486928 0.073113 0.054238
0.065782 0.742608 0.062466 0.048070
0.390064 0.930691 0.083891 0.032584
0.820602 0.372514 0.081193 0.055417
0.391409 0.426066 0.071016 0.038235
0.827535 0.055342 0.070442 0.054493
0.063457 0.850907 0.060123 0.047502
0.066760 0.052557 0.073238 0.045266
0.499129 0.053514 0.071790 0.049118
0.714121 0.439178 0.066583 0.041561
0.279476 0.338705 0.062885 0.047887
0.068959 0.358836 0.075967 0.038919
0.834182 0.164943 0.084863 0.052342
0.494889 0.631550 0.066997 0.052156
0.066420 0.943005 0.085687 0.034178
0.277025 0.283571 0.078966 0.059181
0.068019 0.311032 0.066765 0.046557
0.495688 0.267343 0.069600 0.047424
0.062910 0.976094 0.072522 0.035091
0.065782 0.899507 0.067944 0.047672
0.069430 0.509197 0.079745 0.064382
0.281924 0.216205 0.063374 0.050343
0.607348 0.748648 0.064401 0.046119
0.613421 0.945852 0.089375 0.041567
0.388859 0.053148 0.057271 0.046683
0.603848 0.802482 0.063991 0.043644
