0.821644 0.828484 0.060393 0.042090
0.610036 0.465608 0.068937 0.042796
0.934170 0.608206 0.064213 0.040581
0.610188 0.677643 0.063902 0.040902
0.824582 0.870451 0.072293 0.035137
0.602920 0.766579 0.081853 0.040916
0.168299 0.216519 0.062907 0.035312
0.930637 0.382819 0.065312 0.040008
0.821022 0.671035 0.056134 0.037205
0.937461 0.225966 0.061419 0.034111
0.822199 0.259427 0.059768 0.042580
0.725972 0.876978 0.054444 0.042140
0.823400 0.707206 0.072645 0.033953
0.394154 0.170727 0.059113 0.033784
0.610685 0.539948 0.053632 0.038682
0.721504 0.551515 0.055376 0.038420
0.610841 0.640151 0.060341 0.035726
0.933806 0.566264 0.057691 0.040802
0.935578 0.345749 0.052704 0.035536
0.724718 0.591644 0.058776 0.038954
0.276672 0.315710 0.066600 0.042605
0.396427 0.546386 0.054537 0.040287
0.284172 0.430894 0.057158 0.038977
0.826855 0.599350 0.060276 0.039776
0.398518 0.472410 0.049164 0.040606
0.609750 0.421824 0.057202 0.041598
0.606221 0.722057 0.051980 0.041190
0.935453 0.188422 0.059033 0.038075
0.824859 0.303667 0.078200 0.039327
0.935729 0.419218 0.055426 0.034415
0.060593 0.223866 0.063992 0.042893
0.819447 0.634907 0.057061 0.031534
0.063939 0.869208 0.057262 0.039383
0.825999 0.789353 0.064115 0.034876
0.171086 0.750139 0.056013 0.036731
0.818302 0.470381 0.067669 0.046505
0.932576 0.264325 0.070275 0.039221
0.165725 0.789626 0.071106 0.039189
0.285860 0.507400 0.058862 0.041618
0.936611 0.152202 0.050246 0.035719
0.395393 0.208502 0.052844 0.035901
0.929464 0.856791 0.063140 0.034793
0.061520 0.789452 0.063790 0.040396
0.823453 0.555430 0.055519 0.040639
0.600551 0.208971 0.051924 0.041152
0.934516 0.109563 0.055035 0.043471
0.613439 0.884275 0.049277 0.041999
0.826311 0.746579 0.053312 0.042210
0.168325 0.596559 0.055348 0.036312
0.605055 0.806211 0.058310 0.037918
0.171422 0.863037 0.055603 0.037617
0.177739 0.960165 0.050113 0.040906
0.276061 0.142373 0.074611 0.042817
0.726029 0.803260 0.056164 0.027869
0.930718 0.646472 0.053044 0.034328
0.396323 0.277099 0.051179 0.037442
0.827935 0.906849 0.050248 0.033850
0.169306 0.253390 0.059087 0.037242
0.169222 0.181355 0.061012 0.034815
0.176592 0.899684 0.066169 0.030002
0.054564 0.270656 0.080616 0.043226
0.280652 0.272701 0.051886 0.041429
0.062296 0.182584 0.054371 0.039948
0.281668 0.390844 0.049771 0.038290
0.280923 0.354232 0.049576 0.035571
0.720347 0.187629 0.055264 0.037655
0.827476 0.393057 0.059106 0.035278
0.928430 0.921330 0.050709 0.032079
0.929918 0.711495 0.077718 0.034724
0.165656 0.417520 0.050078 0.034978
0.723453 0.916956 0.052155 0.036045
0.934512 0.031450 0.058082 0.035587
0.393794 0.243812 0.055189 0.030572
0.062254 0.828736 0.056585 0.040357
0.281144 0.468571 0.052023 0.035663
0.169716 0.826512 0.052287 0.033265
0.724416 0.150556 0.057422 0.036863
0.722575 0.433701 0.057018 0.035429
0.401436 0.433728 0.052719 0.032203
0.609165 0.845245 0.054461 0.036944
0.609139 0.317172 0.069809 0.030951
0.931572 0.953694 0.048144 0.030295
0.167220 0.079821 0.051625 0.041370
0.606928 0.352694 0.047890 0.037915
0.060189 0.969957 0.058654 0.041120
0.172272 0.288928 0.051128 0.033635
0.169624 0.324466 0.069630 0.038595
0.936278 0.068065 0.049711 0.036219
0.493556 0.066657 0.058288 0.039483
0.726085 0.836234 0.049696 0.033414
0.823067 0.430304 0.055772 0.031920
0.820481 0.515598 0.067348 0.039842
0.061527 0.747767 0.055624 0.044188
0.168839 0.454017 0.052222 0.034917
0.398973 0.509639 0.045643 0.028582
0.610954 0.579278 0.048184 0.032778
0.718951 0.226503 0.065344 0.036961
0.934644 0.306910 0.046933 0.041646
0.171689 0.664613 0.056202 0.041836
0.716382 0.267476 0.057439 0.043604
0.720088 0.112992 0.049590 0.037850
0.058950 0.934910 0.058032 0.030357
0.609666 0.386734 0.056564 0.030389
0.721314 0.697677 0.049855 0.040438
0.826672 0.962351 0.056559 0.023787
0.828201 0.937097 0.050968 0.022955
0.170697 0.523259 0.050768 0.033972
0.284927 0.229009 0.046136 0.038499
0.721189 0.392786 0.063846 0.041746
0.825129 0.219861 0.050877 0.034815
0.718945 0.073856 0.058822 0.038631
0.281925 0.097221 0.056767 0.042966
0.062844 0.904634 0.050818 0.034200
0.927575 0.890992 0.044631 0.028722
0.825686 0.145559 0.052374 0.040147
0.062919 0.382959 0.054687 0.041794
0.398086 0.588391 0.057564 0.041607
0.613391 0.963047 0.074134 0.033137
0.169635 0.489159 0.049382 0.034392
0.063153 0.618819 0.053948 0.039219
0.176921 0.926560 0.058223 0.023310
0.164616 0.117575 0.050852 0.032757
0.172444 0.708126 0.050793 0.044499
0.492831 0.027729 0.070432 0.040083
0.398365 0.352171 0.045371 0.042708
0.717147 0.474015 0.052859 0.043099
0.059718 0.076908 0.047640 0.033686
0.598730 0.279259 0.072905 0.043357
0.494050 0.129099 0.046351 0.034573
0.936494 0.750155 0.049932 0.037931
0.169759 0.036896 0.057415 0.041999
0.605464 0.170414 0.048974 0.036962
0.168158 0.629994 0.058685 0.025591
0.602713 0.244316 0.050878 0.026247
0.824504 0.350906 0.050409 0.045205
0.603642 0.064484 0.050880 0.037114
0.168558 0.559153 0.045427 0.038006
0.609086 0.504335 0.045230 0.032191
0.608537 0.131568 0.051848 0.041122
0.942129 0.493911 0.079692 0.043448
0.063821 0.039644 0.052277 0.039048
0.493432 0.099500 0.052796 0.027382
0.282639 0.187833 0.052587 0.042966
0.169822 0.382484 0.056752 0.033691
0.062160 0.110663 0.049175 0.033841
0.935261 0.455921 0.066285 0.037515
0.396518 0.394254 0.046158 0.042137
0.067277 0.580722 0.053445 0.035196
0.937397 0.529557 0.049628 0.027254
0.721857 0.952789 0.037553 0.032753
0.389885 0.133290 0.048340 0.038589
0.064514 0.426783 0.044818 0.045436
0.399111 0.313038 0.044254 0.032912
0.823745 0.184198 0.047501 0.035603
0.614498 0.608209 0.049391 0.024843
0.722510 0.628657 0.051446 0.031060
0.061503 0.347451 0.055139 0.026464
0.718778 0.513657 0.054362 0.032992
0.824847 0.105102 0.045690 0.036895
0.064430 0.494592 0.047720 0.038258
0.931755 0.823425 0.040162 0.031516
0.934265 0.790929 0.044836 0.036700
0.722865 0.772329 0.043670 0.029870
0.061941 0.312729 0.052229 0.043312
0.063976 0.144589 0.043319 0.036891
0.605307 0.098341 0.046750 0.027307
0.722325 0.659662 0.047157 0.032906
0.066326 0.540302 0.052093 0.049555
0.716253 0.033534 0.052066 0.046594
0.613381 0.925556 0.045500 0.038286
0.061844 0.658700 0.059052 0.042798
0.604418 0.028720 0.054119 0.037263
0.822277 0.069364 0.059688 0.036723
0.938487 0.679110 0.046618 0.026019
0.714395 0.313507 0.056453 0.046794
0.719087 0.737897 0.040423 0.033695
0.501023 0.159651 0.052519 0.026946
0.060549 0.705692 0.063757 0.040578
0.723508 0.352769 0.051715 0.035885
0.067884 0.462241 0.050515 0.027929
0.824801 0.032019 0.051576 0.044576
0.165479 0.149524 0.046892 0.030405
0.389709 0.099001 0.041731 0.029992
0.168401 0.357640 0.050240 0.028606
0.392449 0.033332 0.042424 0.036367
0.390381 0.069214 0.039553 0.031164
