0.056677 0.224723 0.094067 0.054234
0.482505 0.879853 0.079461 0.051558
0.935936 0.368186 0.082424 0.050821
0.268719 0.103485 0.076850 0.051809
0.708766 0.327078 0.079346 0.049941
0.380205 0.381075 0.076660 0.055684
0.160462 0.874855 0.090398 0.054596
0.713982 0.173806 0.090113 0.047980
0.489641 0.061466 0.091694 0.059395
0.600307 0.241735 0.074568 0.057604
0.938151 0.252448 0.081267 0.050151
0.818050 0.492236 0.074932 0.053938
0.487786 0.173529 0.077791 0.051223
0.271823 0.155037 0.081122 0.045871
0.267740 0.314507 0.071106 0.049551
0.270672 0.626292 0.078348 0.055862
0.708320 0.553510 0.091868 0.047167
0.380242 0.279324 0.075133 0.043903
0.383376 0.328228 0.078237 0.047494
0.825419 0.167108 0.079980 0.049453
0.821446 0.220689 0.078796 0.047557
0.484324 0.775896 0.087117 0.043062
0.820845 0.330117 0.074138 0.047864
0.484890 0.720570 0.074382 0.052949
0.818172 0.745017 0.074671 0.051982
0.935893 0.720373 0.078499 0.043663
0.602007 0.120024 0.095277 0.063859
0.377783 0.472077 0.083261 0.048376
0.270160 0.573544 0.084724 0.046885
0.264405 0.365521 0.084758 0.044390
0.824800 0.543750 0.091289 0.046724
0.492386 0.448640 0.081649 0.052606
0.270919 0.467223 0.068932 0.053070
0.709300 0.274013 0.086522 0.047566
0.484828 0.556405 0.084117 0.051085
0.932196 0.311376 0.087608 0.051427
0.594453 0.700669 0.069065 0.051787
0.704144 0.665916 0.081247 0.047787
0.930758 0.469581 0.073750 0.051221
0.050981 0.117435 0.077442 0.053111
0.810254 0.836050 0.073760 0.048634
0.935730 0.419334 0.082637 0.042409
0.592659 0.754320 0.076525 0.049610
0.819999 0.693709 0.072504 0.045884
0.594755 0.916810 0.069813 0.049187
0.593142 0.641676 0.073957 0.050456
0.271218 0.521251 0.085408 0.046569
0.168531 0.657480 0.079498 0.053384
0.702544 0.717161 0.080380 0.046081
0.824639 0.887590 0.086016 0.046444
0.376068 0.884674 0.075462 0.047825
0.604432 0.181563 0.083735 0.053869
0.269043 0.834054 0.075233 0.054386
0.169490 0.818941 0.085554 0.056396
0.710869 0.500370 0.092270 0.053757
0.705414 0.884617 0.077190 0.047296
0.601370 0.865687 0.082404 0.045317
0.048796 0.172488 0.088594 0.047173
0.488083 0.118612 0.079863 0.053996
0.278027 0.931559 0.080430 0.041592
0.708732 0.379365 0.073359 0.046309
0.376248 0.631294 0.072396 0.042767
0.051536 0.396670 0.089917 0.044786
0.827867 0.275327 0.066219 0.048938
0.826513 0.384042 0.072940 0.048797
0.826995 0.111850 0.073995 0.053461
0.052143 0.667499 0.069102 0.052726
0.491330 0.664981 0.078574 0.049218
0.385259 0.932005 0.079722 0.041802
0.492175 0.926106 0.078445 0.035071
0.932402 0.578760 0.075879 0.049892
0.059967 0.450830 0.065858 0.053086
0.593468 0.415608 0.069294 0.051175
0.494670 0.338916 0.079268 0.052527
0.266204 0.259577 0.082089 0.050283
0.053258 0.344546 0.072940 0.055000
0.942258 0.151836 0.082141 0.049521
0.374665 0.678454 0.076718 0.044814
0.708330 0.833620 0.080492 0.047142
0.163570 0.548310 0.082692 0.044310
0.598263 0.963290 0.073969 0.040175
0.704585 0.930711 0.082206 0.040016
0.817277 0.642684 0.068897 0.050980
0.599554 0.057658 0.086768 0.055509
0.486239 0.828432 0.064780 0.050003
0.051880 0.718136 0.083861 0.042341
0.498015 0.503647 0.085055 0.048483
0.717461 0.220868 0.093135 0.039655
0.596666 0.302191 0.082275 0.054720
0.166014 0.339620 0.080960 0.043810
0.488801 0.393204 0.074670 0.051730
0.378457 0.060038 0.078914 0.059765
0.377766 0.582690 0.064568 0.052519
0.822010 0.590057 0.078035 0.040535
0.061799 0.556016 0.077288 0.046810
0.057984 0.503039 0.064497 0.047517
0.052413 0.768488 0.068877 0.046411
0.817331 0.931136 0.065455 0.038404
0.270321 0.052097 0.078909 0.045391
0.721318 0.119992 0.078063 0.051356
0.826079 0.438272 0.064331 0.045735
0.057440 0.610392 0.073214 0.053490
0.163605 0.444066 0.080365 0.048944
0.495966 0.611865 0.083314 0.050543
0.161967 0.289380 0.076765 0.048640
0.058028 0.820648 0.068002 0.050576
0.167438 0.229647 0.077492 0.060844
0.165692 0.964658 0.064609 0.048248
0.817736 0.790112 0.065187 0.034690
0.164579 0.602987 0.061488 0.052636
0.059405 0.284423 0.078639 0.060437
0.270466 0.418279 0.065208 0.045519
0.485465 0.283325 0.068841 0.054978
0.598327 0.477401 0.078837 0.059209
0.272788 0.206120 0.065855 0.040999
0.165864 0.054440 0.084602 0.053106
0.704888 0.440461 0.095925 0.062106
0.832357 0.057925 0.071748 0.051856
0.592726 0.589195 0.066805 0.045386
0.275985 0.970788 0.078644 0.038946
0.170616 0.920942 0.072939 0.031861
0.052955 0.056277 0.088494 0.060118
0.166810 0.499745 0.067644 0.047547
0.383226 0.972756 0.082157 0.038508
0.708951 0.776386 0.064953 0.061927
0.928571 0.675350 0.070207 0.041710
0.167563 0.169097 0.085291 0.056397
0.059604 0.873573 0.083120 0.051100
0.166466 0.764331 0.069674 0.045510
0.491484 0.967811 0.067185 0.042077
0.061406 0.967280 0.095936 0.043029
0.376138 0.839745 0.057510 0.038492
0.597890 0.537434 0.069696 0.052709
0.167009 0.712061 0.067682 0.053216
0.380295 0.230261 0.058288 0.049665
0.934269 0.768330 0.067636 0.042849
0.061137 0.924121 0.069782 0.042997
0.597689 0.356817 0.063977 0.053831
0.375903 0.180222 0.083829 0.045480
0.704969 0.970870 0.095887 0.037656
0.166298 0.390758 0.061453 0.046507
0.707496 0.611993 0.068900 0.053088
0.165280 0.110711 0.061585 0.053940
0.281020 0.887849 0.065947 0.043228
0.932642 0.523038 0.067618 0.044868
0.273166 0.680825 0.063041 0.042059
0.378455 0.427754 0.066169 0.034459
0.719922 0.062134 0.076627 0.060425
0.378312 0.527501 0.057717 0.051776
0.927317 0.818127 0.059070 0.040881
0.945659 0.100721 0.074905 0.041680
0.934096 0.630733 0.052477 0.044769
0.600433 0.813637 0.074277 0.059800
0.936218 0.873401 0.086134 0.061777
0.491591 0.226022 0.060977 0.051589
0.931563 0.201286 0.083878 0.044765
0.379160 0.121016 0.068319 0.053194
0.272576 0.727478 0.057047 0.045028
0.825468 0.969771 0.080935 0.031761
0.376904 0.732507 0.077146 0.057377
0.272996 0.781353 0.068736 0.049384
0.379714 0.796792 0.071201 0.042084
