0.816327 0.433523 0.060689 0.032685
0.325676 0.827468 0.062901 0.032934
0.623820 0.302487 0.064039 0.040288
0.630729 0.548887 0.058594 0.035798
0.910677 0.326991 0.055385 0.039200
0.909623 0.498685 0.059477 0.036528
0.906427 0.459967 0.054396 0.033454
0.636883 0.830931 0.058583 0.028017
0.533361 0.399091 0.054139 0.032387
0.814235 0.648135 0.064994 0.036151
0.620432 0.187218 0.060721 0.035698
0.909185 0.288057 0.053534 0.029938
0.144414 0.214924 0.065840 0.036261
0.438863 0.359285 0.052989 0.031577
0.544852 0.850330 0.062090 0.031623
0.633150 0.793403 0.051036 0.032205
0.528373 0.253459 0.058781 0.037163
0.444920 0.815339 0.052161 0.031204
0.430153 0.161445 0.052163 0.040553
0.440638 0.881667 0.061066 0.028226
0.727958 0.521386 0.052929 0.035482
0.815993 0.258764 0.053217 0.035426
0.811768 0.360789 0.055441 0.029365
0.444714 0.744809 0.050740 0.031024
0.537070 0.469316 0.052628 0.036891
0.726181 0.832036 0.051013 0.029986
0.147584 0.558434 0.053830 0.037057
0.718149 0.185734 0.055198 0.032064
0.816616 0.132203 0.061334 0.035675
0.539686 0.510223 0.069569 0.033510
0.440041 0.321108 0.058912 0.030228
0.904841 0.766040 0.056906 0.026932
0.539272 0.741738 0.053798 0.032813
0.914854 0.220687 0.056435 0.030510
0.240045 0.122117 0.057105 0.030158
0.322084 0.754641 0.060903 0.036259
0.144326 0.415213 0.061291 0.031085
0.533473 0.430969 0.050362 0.030872
0.535297 0.589645 0.052578 0.039566
0.150291 0.384559 0.055574 0.029468
0.325875 0.420975 0.047562 0.033117
0.536062 0.360954 0.049750 0.035536
0.908913 0.533475 0.053652 0.027628
0.812417 0.218620 0.048778 0.038337
0.818021 0.899023 0.065573 0.026820
0.240535 0.160399 0.058616 0.040136
0.813205 0.792857 0.050354 0.027299
0.141314 0.744421 0.053950 0.029883
0.447116 0.850024 0.069504 0.028961
0.525737 0.181201 0.057144 0.031745
0.146484 0.642475 0.052487 0.031999
0.721564 0.300499 0.055284 0.031930
0.817662 0.569410 0.054089 0.032302
0.446755 0.427239 0.051935 0.034777
0.627757 0.348048 0.049743 0.039279
0.910131 0.365781 0.052056 0.026205
0.442860 0.507946 0.047220 0.032962
0.536502 0.631228 0.061737 0.031451
0.429217 0.202947 0.055871 0.034785
0.816457 0.176471 0.058675 0.037355
0.912475 0.399260 0.054669 0.030141
0.724597 0.729124 0.050441 0.027030
0.904487 0.730755 0.046009 0.034729
0.635449 0.684434 0.055526 0.028870
0.149895 0.520670 0.056334 0.038312
0.332642 0.581518 0.052480 0.035929
0.906164 0.826785 0.051765 0.032274
0.442995 0.544945 0.048281 0.032960
0.727934 0.868330 0.049388 0.028665
0.636626 0.754346 0.056047 0.025579
0.525848 0.216083 0.062372 0.029667
0.243027 0.297216 0.061320 0.033976
0.821806 0.469420 0.050270 0.029833
0.722563 0.425855 0.060512 0.027773
0.245179 0.442430 0.046617 0.027036
0.819596 0.833953 0.050874 0.034030
0.325324 0.791292 0.049718 0.033217
0.916652 0.152737 0.055714 0.026431
0.634583 0.865892 0.049045 0.031250
0.813663 0.398440 0.050697 0.031294
0.439967 0.280754 0.053308 0.043827
0.629390 0.420112 0.053316 0.027902
0.911185 0.185619 0.048552 0.034222
0.812652 0.327438 0.058478 0.027751
0.905735 0.615128 0.047468 0.039101
0.635844 0.583702 0.053215 0.026220
0.446174 0.911177 0.062943 0.028360
0.822253 0.607376 0.057189 0.037122
0.245009 0.407701 0.044273 0.033033
0.727915 0.485057 0.051368 0.030240
0.437450 0.578746 0.060782 0.032739
0.244564 0.874490 0.044619 0.027509
0.246075 0.562648 0.049357 0.029516
0.242719 0.674445 0.050054 0.035621
0.725616 0.793195 0.048333 0.034279
0.814841 0.295001 0.056533 0.029822
0.437534 0.238680 0.049182 0.035587
0.716602 0.224763 0.047517 0.035789
0.523627 0.092370 0.049701 0.034059
0.247753 0.593158 0.056659 0.028870
0.331838 0.297735 0.046473 0.032780
0.327057 0.860306 0.049335 0.026327
0.625305 0.264336 0.051624 0.028474
0.244063 0.794497 0.049487 0.037244
0.243229 0.836352 0.045653 0.038203
0.725921 0.550955 0.045220 0.024047
0.151638 0.601510 0.058266 0.040801
0.634269 0.718629 0.044676 0.033785
0.633803 0.617162 0.053110 0.033028
0.241779 0.331318 0.052095 0.033900
0.326139 0.485363 0.049598 0.026829
0.330641 0.543961 0.052028 0.033439
0.526446 0.149526 0.052781 0.027651
0.905418 0.868602 0.048589 0.039057
0.907036 0.571675 0.044700 0.039456
0.146540 0.710824 0.055669 0.029896
0.715603 0.123093 0.047694 0.025679
0.912818 0.122474 0.048624 0.028677
0.722943 0.580514 0.056086 0.024952
0.326523 0.236431 0.052910 0.036307
0.326017 0.122708 0.051215 0.035632
0.908223 0.254397 0.045326 0.028519
0.817067 0.866455 0.048785 0.029465
0.628217 0.387366 0.048614 0.028130
0.443791 0.781604 0.044162 0.030912
0.241086 0.256234 0.046318 0.035198
0.139450 0.123694 0.048311 0.032578
0.143395 0.675469 0.047910 0.029577
0.247022 0.501559 0.054575 0.026689
0.814151 0.089886 0.052669 0.033367
0.246350 0.530415 0.057419 0.024345
0.901804 0.656609 0.043407 0.030169
0.542344 0.880956 0.057734 0.029599
0.330004 0.655864 0.054457 0.028775
0.241427 0.632801 0.050214 0.039405
0.818756 0.502537 0.042541 0.030689
0.630154 0.511746 0.040080 0.031048
0.331216 0.455706 0.041397 0.025356
0.442141 0.465639 0.044146 0.038067
0.243053 0.755586 0.047754 0.039809
0.143420 0.802930 0.051657 0.028659
0.326169 0.689206 0.058671 0.033261
0.333328 0.720394 0.067012 0.030981
0.149219 0.342167 0.050777 0.046240
0.717134 0.154848 0.041818 0.025759
0.536163 0.549759 0.057057 0.033333
0.444315 0.614281 0.056078 0.033870
0.814223 0.685505 0.045946 0.028134
0.243567 0.714530 0.045883 0.034649
0.148897 0.451462 0.060690 0.032465
0.715410 0.263850 0.040896 0.032551
0.246815 0.471726 0.047058 0.030710
0.903215 0.691572 0.039038 0.034711
0.241640 0.194738 0.059995 0.027272
0.818940 0.538742 0.039233 0.031055
0.326602 0.355616 0.043892 0.026634
0.910058 0.088306 0.056269 0.028807
0.814823 0.715836 0.043490 0.026701
0.147731 0.295634 0.052213 0.035230
0.726532 0.614421 0.057400 0.036658
0.723395 0.393574 0.054311 0.030113
0.620694 0.089022 0.051141 0.029616
0.715956 0.089607 0.049293 0.029773
0.245905 0.365921 0.041351 0.036192
0.618265 0.150638 0.042597 0.032388
0.634975 0.902481 0.045985 0.030543
0.441646 0.391987 0.040697 0.029651
0.725556 0.757710 0.047644 0.023504
0.540350 0.811986 0.042258 0.033538
0.332133 0.386583 0.052599 0.029064
0.813995 0.753191 0.052001 0.038195
0.632903 0.652135 0.041404 0.030471
0.720551 0.336619 0.064283 0.033119
0.144219 0.482461 0.046554 0.030972
0.528235 0.291891 0.052438 0.030405
0.531251 0.323737 0.044960 0.026073
0.329654 0.328425 0.046946 0.025037
0.328255 0.512767 0.057802 0.025249
0.721078 0.652515 0.048027 0.031062
0.146775 0.254276 0.048596 0.037865
0.145566 0.179866 0.041822 0.028101
0.906646 0.428591 0.035084 0.025518
0.428646 0.120908 0.045523 0.026570
0.631868 0.476006 0.038441 0.031731
0.723841 0.693093 0.042716 0.036327
0.901372 0.794100 0.044858 0.019932
0.539616 0.775763 0.047518 0.030110
0.440701 0.681851 0.041317 0.026015
0.430165 0.087903 0.045558 0.029341
0.236805 0.086860 0.046519 0.034826
0.329471 0.888862 0.059546 0.029929
0.536201 0.664072 0.050946 0.030874
0.525788 0.122318 0.048019 0.020665
0.323949 0.163737 0.058784 0.042543
0.326477 0.085680 0.053893 0.031400
0.727818 0.455500 0.050810 0.023225
0.444310 0.710293 0.038414 0.027333
0.329240 0.620890 0.043277 0.033686
0.721022 0.362763 0.067544 0.027883
0.625954 0.224729 0.040510 0.033759
0.439319 0.648541 0.039648 0.025999
0.536635 0.701261 0.043229 0.036519
0.621928 0.120373 0.046534 0.020797
0.244476 0.906154 0.046043 0.026267
0.236789 0.223521 0.045260 0.022406
0.633245 0.448245 0.052046 0.020701
0.144030 0.152396 0.049248 0.020183
0.906082 0.904901 0.051307 0.022143
0.330185 0.268917 0.046025 0.022351
0.138074 0.836852 0.046177 0.028378
0.146937 0.901022 0.055446 0.034232
0.138565 0.774954 0.043750 0.020599
0.551372 0.908286 0.059923 0.024234
0.731831 0.900089 0.053430 0.031325
0.138444 0.867064 0.035918 0.024678
0.137700 0.089740 0.039166 0.028853
0.330952 0.912002 0.054563 0.020254
0.327990 0.199594 0.056890 0.034157
