0.717519 0.394991 0.065489 0.043745
0.603338 0.730302 0.064741 0.034006
0.933969 0.241774 0.060609 0.038311
0.388474 0.376533 0.056692 0.042476
0.387927 0.192019 0.057166 0.039907
0.932389 0.200791 0.052952 0.040478
0.931814 0.163050 0.051595 0.034413
0.283400 0.856885 0.062231 0.037317
0.598526 0.694980 0.060727 0.037329
0.386115 0.152337 0.057854 0.035600
0.931465 0.707764 0.079654 0.042200
0.499343 0.207952 0.049704 0.038476
0.285017 0.897515 0.054127 0.036444
0.167414 0.266113 0.064937 0.034691
0.167032 0.198288 0.050653 0.038464
0.170250 0.741600 0.052916 0.036018
0.164208 0.106860 0.070462 0.045432
0.603157 0.661381 0.055173 0.032951
0.926109 0.583633 0.059812 0.035853
0.822436 0.222943 0.064179 0.040476
0.051281 0.768966 0.060566 0.041130
0.930783 0.308365 0.049452 0.036896
0.171578 0.778435 0.051617 0.035245
0.282240 0.487940 0.058628 0.035680
0.933334 0.793781 0.053532 0.032799
0.610707 0.466244 0.053804 0.041590
0.496057 0.099453 0.049728 0.036218
0.279948 0.699545 0.057508 0.039228
0.059572 0.487644 0.060811 0.040641
0.932423 0.752131 0.053396 0.042336
0.058158 0.897737 0.050516 0.036449
0.282346 0.616161 0.060239 0.039689
0.273711 0.092809 0.050073 0.038056
0.931468 0.461316 0.049799 0.038319
0.933330 0.386646 0.055290 0.038091
0.170686 0.232529 0.047316 0.030619
0.498428 0.135308 0.052009 0.030159
0.499550 0.307252 0.042952 0.030184
0.718291 0.182421 0.048666 0.033539
0.495166 0.520221 0.061607 0.033768
0.059075 0.934807 0.048382 0.037310
0.721197 0.144529 0.050669 0.041566
0.497058 0.168787 0.047565 0.035090
0.825439 0.072443 0.049902 0.032683
0.281424 0.657850 0.064180 0.044413
0.494270 0.063924 0.048454 0.034725
0.386293 0.111823 0.054061 0.042860
0.391227 0.335392 0.052345 0.037168
0.167712 0.154496 0.051522 0.047268
0.496728 0.343683 0.059354 0.043566
0.271112 0.060319 0.048438 0.029565
0.495937 0.442235 0.051883 0.039347
0.720082 0.436273 0.057720 0.037439
0.170229 0.621467 0.044273 0.034063
0.604969 0.767353 0.055923 0.037734
0.497577 0.596643 0.065436 0.043339
0.270646 0.028995 0.052853 0.030356
0.168086 0.704459 0.046192 0.035155
0.172908 0.304797 0.057719 0.040417
0.285970 0.933585 0.057172 0.030841
0.613438 0.344990 0.076400 0.048670
0.506495 0.242414 0.055881 0.030959
0.491299 0.483346 0.059631 0.041738
0.605342 0.213582 0.062728 0.043025
0.388319 0.261617 0.048047 0.039296
0.717604 0.303315 0.052497 0.037497
0.932490 0.276663 0.045702 0.028984
0.174246 0.444483 0.051484 0.032434
0.282648 0.262116 0.054647 0.041035
0.609870 0.507607 0.053140 0.041001
0.717147 0.220443 0.051143 0.040602
0.163204 0.842155 0.053500 0.033892
0.934328 0.901361 0.049478 0.036060
0.172716 0.065188 0.048394 0.032466
0.934738 0.099086 0.047930 0.037225
0.392268 0.767002 0.051644 0.040936
0.059196 0.831336 0.052888 0.033420
0.932841 0.423021 0.046965 0.036223
0.606365 0.300248 0.049990 0.036156
0.816041 0.517778 0.059032 0.041602
0.387651 0.417876 0.056156 0.031553
0.161780 0.878712 0.048488 0.039660
0.281408 0.529936 0.050741 0.043322
0.166802 0.482151 0.053495 0.038885
0.285484 0.772859 0.065990 0.036392
0.385612 0.069331 0.049637 0.039405
0.615749 0.962177 0.054911 0.032805
0.060044 0.447500 0.047448 0.031741
0.819424 0.287610 0.044652 0.033089
0.822657 0.143506 0.048183 0.031508
0.938138 0.829480 0.057121 0.036391
0.058043 0.561234 0.053000 0.046284
0.060613 0.862588 0.044891 0.029361
0.395655 0.924988 0.046219 0.034774
0.170792 0.555261 0.046748 0.028997
0.054932 0.606072 0.051244 0.042462
0.397178 0.847114 0.048492 0.038496
0.168811 0.585426 0.044968 0.032134
0.934482 0.864430 0.050578 0.032803
0.720665 0.494496 0.053268 0.033116
0.934325 0.131813 0.052294 0.024106
0.817592 0.321435 0.056651 0.036023
0.928532 0.347430 0.052671 0.041600
0.281256 0.736617 0.054119 0.036793
0.165170 0.915831 0.044773 0.032430
0.389708 0.298811 0.046298 0.033155
0.495738 0.913972 0.045739 0.038219
0.607285 0.104491 0.049084 0.029683
0.820355 0.180044 0.047894 0.040983
0.720241 0.567171 0.050330 0.045251
0.718840 0.346702 0.050055 0.044936
0.395958 0.965373 0.051091 0.041627
0.601425 0.593702 0.062626 0.047714
0.820213 0.257620 0.053143 0.029353
0.385831 0.726693 0.053142 0.038094
0.056245 0.726884 0.040449 0.037744
0.391181 0.225687 0.048345 0.027312
0.497561 0.555947 0.045126 0.039565
0.604223 0.803730 0.052416 0.038102
0.497853 0.638825 0.057423 0.035265
0.287871 0.813909 0.052897 0.044543
0.724262 0.527361 0.047394 0.031454
0.285563 0.572570 0.050318 0.041743
0.062173 0.381238 0.054609 0.036331
0.059320 0.969712 0.043990 0.032183
0.714167 0.613574 0.062491 0.045960
0.061384 0.290784 0.042988 0.039042
0.388763 0.686243 0.046578 0.037576
0.497432 0.955401 0.051530 0.040156
0.605075 0.630081 0.052962 0.027588
0.605589 0.135359 0.068415 0.032612
0.069985 0.071678 0.044809 0.040744
0.389070 0.886664 0.059729 0.037876
0.276277 0.171351 0.058690 0.042353
0.612608 0.901707 0.049528 0.028364
0.602925 0.171563 0.054377 0.040427
0.278335 0.299497 0.048573 0.029604
0.167783 0.519747 0.042290 0.037662
0.498686 0.714809 0.052958 0.039947
0.384597 0.031799 0.049424 0.032423
0.928799 0.666671 0.046475 0.031923
0.496890 0.803905 0.051642 0.037556
0.059928 0.335406 0.070524 0.044158
0.820705 0.440178 0.049002 0.038117
0.938367 0.062659 0.046370 0.034660
0.274554 0.131933 0.046837 0.036885
0.819066 0.477482 0.051945 0.040305
0.282194 0.448102 0.050596 0.040219
0.063321 0.253680 0.047626 0.031459
0.604370 0.549525 0.058459 0.044683
0.062853 0.521884 0.050755 0.027735
0.062247 0.416792 0.044410 0.031587
0.497701 0.382027 0.042421 0.031196
0.065254 0.160411 0.049552 0.040915
0.280418 0.332902 0.049226 0.031889
0.070203 0.114658 0.046792 0.044151
0.283307 0.965518 0.045584 0.030179
0.503066 0.675285 0.055660 0.035095
0.165501 0.810562 0.040710 0.027281
0.172437 0.409062 0.038629 0.034882
0.163056 0.946325 0.045195 0.032153
0.608043 0.870883 0.047454 0.034067
0.612570 0.929769 0.041580 0.031006
0.719948 0.109346 0.047552 0.024651
0.925119 0.506694 0.057070 0.045013
0.933282 0.952922 0.040025 0.033953
0.172001 0.029354 0.053093 0.033551
0.819112 0.404629 0.051867 0.036038
0.607123 0.255839 0.058016 0.043935
0.058242 0.640927 0.044510 0.026455
0.275484 0.406839 0.045521 0.036338
0.824370 0.039215 0.040705 0.032975
0.496338 0.031345 0.059003 0.027792
0.608707 0.837105 0.043940 0.032631
0.280283 0.216817 0.050003 0.047922
0.054701 0.682558 0.051619 0.049363
0.277819 0.367401 0.042794 0.034750
0.153863 0.976099 0.063456 0.027148
0.717375 0.260822 0.042524 0.040235
0.723549 0.660374 0.053505 0.045662
0.062784 0.220519 0.043889 0.036986
0.498879 0.409167 0.038350 0.026316
0.603861 0.034706 0.038242 0.027207
0.171176 0.343752 0.038447 0.033252
0.385002 0.459088 0.049691 0.043121
0.173701 0.376812 0.035973 0.029425
0.819791 0.361590 0.051730 0.042410
0.386061 0.610292 0.046817 0.035737
0.074332 0.030309 0.052216 0.040693
0.721398 0.467213 0.044376 0.025908
0.498935 0.838737 0.039751 0.032918
0.824013 0.109038 0.045288 0.034450
0.393459 0.806602 0.049844 0.033938
0.497628 0.759856 0.044392 0.044276
0.936701 0.034497 0.044821 0.024080
0.170931 0.658376 0.045757 0.040230
0.386289 0.647845 0.044328 0.034277
0.609409 0.429552 0.042972 0.028736
0.926070 0.548764 0.045515 0.037040
0.498893 0.875516 0.053487 0.034383
0.381353 0.502722 0.044988 0.045383
0.607510 0.380820 0.044792 0.026363
0.927525 0.625787 0.048286 0.046361
0.501158 0.274600 0.043798 0.032602
0.933958 0.929501 0.042080 0.017307
0.378127 0.551618 0.053353 0.042789
0.605723 0.076430 0.042479 0.026251
0.057830 0.800841 0.042330 0.020779
0.609167 0.406860 0.044790 0.024193
0.065243 0.194366 0.037872 0.028704
0.605276 0.061466 0.039698 0.027275
0.381241 0.582104 0.043754 0.022920
