0.491063 0.265026 0.059790 0.041903
0.614054 0.846115 0.073154 0.041704
0.936493 0.070688 0.060555 0.041240
0.615086 0.802962 0.054340 0.041044
0.182942 0.396741 0.056068 0.042413
0.491231 0.448886 0.059580 0.043327
0.288271 0.372294 0.051976 0.034345
0.281791 0.303021 0.061231 0.042951
0.724188 0.729144 0.071382 0.040112
0.713410 0.393543 0.063435 0.040806
0.603204 0.071346 0.056908 0.040390
0.078551 0.403988 0.061310 0.043048
0.398307 0.916981 0.062704 0.035878
0.281037 0.263610 0.064458 0.035902
0.714763 0.473582 0.056788 0.044350
0.936933 0.136854 0.069952 0.032009
0.609001 0.644879 0.056798 0.034949
0.940060 0.291774 0.061446 0.036852
0.184835 0.144167 0.050572 0.040479
0.180646 0.357567 0.049199 0.033688
0.485985 0.404110 0.061671 0.044685
0.397668 0.876304 0.051834 0.039372
0.178720 0.104373 0.054439 0.037802
0.075649 0.293250 0.070145 0.040439
0.502510 0.712349 0.054353 0.035750
0.720343 0.566408 0.054460 0.044239
0.496649 0.807599 0.056791 0.039933
0.394871 0.958710 0.058563 0.041818
0.715550 0.432378 0.062266 0.036600
0.727139 0.683823 0.058458 0.048991
0.297332 0.915060 0.057690 0.034158
0.733037 0.773181 0.056596 0.043111
0.938094 0.722389 0.070655 0.038466
0.489002 0.224914 0.054467 0.035083
0.185951 0.182949 0.052628 0.035277
0.617627 0.488996 0.068317 0.038055
0.183445 0.614900 0.049180 0.039011
0.286660 0.806047 0.061692 0.042044
0.599833 0.364884 0.077589 0.045160
0.382385 0.373623 0.057739 0.035788
0.492889 0.489877 0.057393 0.034235
0.488532 0.358830 0.057089 0.042150
0.384472 0.081575 0.052993 0.039609
0.602159 0.287791 0.059965 0.042073
0.708358 0.180552 0.068110 0.038090
0.616520 0.604389 0.051111 0.042273
0.186908 0.875445 0.053741 0.032979
0.385950 0.484663 0.066641 0.041558
0.713506 0.521475 0.074711 0.047214
0.936591 0.568336 0.051261 0.038560
0.493104 0.530883 0.062611 0.046807
0.385218 0.336555 0.057260 0.037103
0.728625 0.845342 0.059478 0.044830
0.079690 0.445535 0.051196 0.034475
0.285482 0.196672 0.051092 0.032536
0.076739 0.873079 0.055458 0.034954
0.501859 0.880672 0.048430 0.040862
0.292409 0.845884 0.048835 0.030204
0.283953 0.160041 0.050261 0.035389
0.934153 0.249024 0.065845 0.042591
0.280454 0.122409 0.052971 0.036175
0.506762 0.916578 0.060459 0.032424
0.499803 0.745422 0.047009 0.032638
0.384113 0.409426 0.068557 0.039062
0.607632 0.683787 0.062828 0.041452
0.606991 0.173799 0.072518 0.031253
0.075959 0.363381 0.053109 0.034499
0.727650 0.641977 0.052382 0.033550
0.605829 0.246724 0.051440 0.039095
0.934131 0.527872 0.050789 0.036771
0.936962 0.202967 0.044840 0.042908
0.493692 0.188334 0.048967 0.035825
0.177168 0.285474 0.051812 0.035278
0.500447 0.637858 0.060439 0.033894
0.731775 0.886531 0.054264 0.035369
0.284567 0.230165 0.051419 0.029751
0.611668 0.762348 0.059071 0.036978
0.706603 0.113116 0.074900 0.036998
0.598351 0.033483 0.055830 0.033774
0.188752 0.798973 0.051253 0.036265
0.619257 0.956354 0.051555 0.040641
0.709572 0.271796 0.055609 0.041187
0.079415 0.481879 0.047778 0.034213
0.290384 0.879409 0.055567 0.036404
0.737094 0.808693 0.065421 0.026966
0.611100 0.141895 0.053351 0.027851
0.723242 0.606008 0.050860 0.034703
0.183948 0.220355 0.042287 0.034292
0.615395 0.524078 0.053151 0.026771
0.609539 0.111869 0.058044 0.034578
0.076586 0.329575 0.052529 0.033038
0.615329 0.561417 0.058709 0.042554
0.385539 0.670667 0.049124 0.043291
0.390632 0.705733 0.047281 0.027395
0.078276 0.545065 0.052481 0.034562
0.600672 0.323908 0.056188 0.036083
0.178871 0.321544 0.048721 0.035938
0.281496 0.485509 0.048451 0.042425
0.381208 0.596530 0.075761 0.037120
0.818907 0.156247 0.045644 0.034258
0.937014 0.887802 0.045504 0.035785
0.069821 0.251413 0.061176 0.041438
0.930878 0.487329 0.057778 0.037725
0.189043 0.836918 0.055880 0.039724
0.932265 0.359028 0.059583 0.039782
0.390123 0.739484 0.045073 0.033929
0.282874 0.442634 0.045364 0.035033
0.731749 0.922208 0.050652 0.036084
0.382683 0.300515 0.046341 0.030176
0.298736 0.955157 0.043809 0.041479
0.287519 0.762441 0.045225 0.042392
0.497643 0.843636 0.051622 0.032709
0.185671 0.503498 0.049595 0.033475
0.711629 0.350247 0.046747 0.043204
0.288362 0.682919 0.046100 0.031735
0.077113 0.796666 0.048025 0.037269
0.388572 0.777690 0.045960 0.036755
0.387179 0.631850 0.050382 0.028575
0.182452 0.653601 0.040750 0.036085
0.178849 0.067726 0.045878 0.033425
0.936665 0.324661 0.053203 0.026421
0.073175 0.835266 0.049209 0.032706
0.606118 0.208440 0.070667 0.037488
0.938562 0.104687 0.047947 0.025625
0.282153 0.527863 0.055630 0.042994
0.935591 0.787933 0.059160 0.031316
0.939922 0.757216 0.057632 0.030801
0.181616 0.251995 0.040181 0.030149
0.614943 0.887412 0.059914 0.040716
0.074272 0.737133 0.039667 0.032138
0.385699 0.127673 0.058397 0.049663
0.712919 0.309224 0.053209 0.034786
0.080362 0.513147 0.047201 0.031811
0.074826 0.666741 0.052425 0.026697
0.282956 0.408562 0.041677 0.030264
0.287006 0.719239 0.043805 0.036879
0.180164 0.689189 0.052876 0.036302
0.069566 0.069549 0.044059 0.028980
0.937173 0.682991 0.044971 0.033972
0.281867 0.571703 0.050103 0.041340
0.393258 0.841455 0.053401 0.027295
0.504105 0.954933 0.046403 0.042211
0.382903 0.039024 0.058583 0.039840
0.391758 0.813054 0.046991 0.031437
0.501067 0.606292 0.050312 0.029550
0.382737 0.525559 0.063733 0.039939
0.493743 0.151416 0.045170 0.036312
0.288144 0.647103 0.045972 0.037068
0.496839 0.675810 0.060554 0.037627
0.937650 0.646858 0.047048 0.036648
0.287842 0.340593 0.045095 0.025216
0.185526 0.541067 0.042684 0.039598
0.933929 0.032344 0.054269 0.034111
0.072546 0.147435 0.039862 0.034236
0.816308 0.119549 0.041942 0.034991
0.192737 0.908016 0.054218 0.027005
0.183653 0.576680 0.049478 0.031434
0.935124 0.440492 0.050313 0.042908
0.185040 0.729014 0.047716 0.044913
0.380917 0.176716 0.049372 0.044029
0.276243 0.086864 0.052321 0.031157
0.184488 0.466445 0.040615 0.040191
0.605772 0.409165 0.048704 0.040602
0.612434 0.723712 0.055950 0.041275
0.182075 0.433887 0.050202 0.028597
0.078669 0.912676 0.042339 0.041058
0.937246 0.399707 0.047045 0.038320
0.383370 0.262981 0.049407 0.047078
0.941921 0.607506 0.047044 0.035635
0.496914 0.574195 0.049928 0.038608
0.618308 0.921361 0.045174 0.030195
0.825041 0.197833 0.057873 0.044748
0.935752 0.925593 0.052547 0.036540
0.608186 0.449324 0.048960 0.040129
0.069973 0.209366 0.041455 0.038761
0.075195 0.701862 0.040773 0.034011
0.076618 0.584664 0.045488 0.040037
0.073403 0.176306 0.043991 0.024227
0.177075 0.035785 0.052313 0.031317
0.710091 0.146345 0.056496 0.029346
0.731736 0.958681 0.050173 0.036036
0.942192 0.958514 0.057518 0.030707
0.382977 0.215114 0.044148 0.033314
0.069436 0.039720 0.053748 0.030456
0.935274 0.169613 0.050248 0.030041
0.815810 0.083330 0.040605 0.031932
0.384127 0.447418 0.046978 0.032703
0.490375 0.039043 0.060999 0.047076
0.284222 0.611556 0.046959 0.035846
0.188774 0.766619 0.049163 0.026352
0.076955 0.631558 0.047516 0.045223
0.818588 0.041410 0.042095 0.046492
0.493454 0.115653 0.050130 0.037488
0.074196 0.954109 0.059716 0.039896
0.703292 0.037149 0.055379 0.040458
0.383743 0.561114 0.040233 0.034482
0.491112 0.309608 0.049486 0.045395
0.493352 0.080235 0.049973 0.035863
0.075304 0.764831 0.040560 0.022894
0.072488 0.106197 0.044932 0.042333
0.707433 0.076432 0.039223 0.035280
0.934910 0.820895 0.054108 0.035322
0.935631 0.850038 0.049432 0.033442
0.498830 0.775342 0.049641 0.027743
0.708319 0.222399 0.065909 0.044446
0.277641 0.045530 0.047902 0.051150
0.195133 0.946091 0.078463 0.051487
0.081054 0.980392 0.058993 0.023073
0.196104 0.973042 0.071113 0.039635
