0.170748 0.289275 0.066375 0.041050
0.280707 0.079853 0.082719 0.038145
0.617372 0.232897 0.075775 0.042610
0.833730 0.917361 0.075789 0.041178
0.167932 0.246715 0.062075 0.038294
0.167232 0.719143 0.066713 0.041129
0.823880 0.872367 0.064998 0.038551
0.167748 0.453599 0.064226 0.043794
0.506678 0.713670 0.077296 0.040593
0.509001 0.074277 0.064503 0.038463
0.943502 0.795061 0.085525 0.045734
0.721343 0.346991 0.064594 0.036921
0.619237 0.159560 0.066730 0.039106
0.830234 0.740960 0.067941 0.038587
0.726254 0.692188 0.061854 0.038794
0.397205 0.544176 0.071079 0.039034
0.721585 0.126758 0.069158 0.046773
0.826544 0.066638 0.071765 0.045188
0.395523 0.293648 0.071287 0.043353
0.831430 0.467348 0.074346 0.041990
0.722994 0.824895 0.063354 0.042158
0.168106 0.079423 0.071104 0.041800
0.285619 0.157729 0.065397 0.041426
0.610467 0.865456 0.071796 0.037375
0.828891 0.426511 0.066771 0.035974
0.502543 0.383901 0.065335 0.043883
0.395247 0.064312 0.065688 0.042161
0.825328 0.385705 0.069195 0.038034
0.507200 0.334766 0.074791 0.041663
0.826149 0.827554 0.085742 0.044539
0.274748 0.735404 0.067450 0.037006
0.396874 0.206175 0.063987 0.041616
0.172459 0.500318 0.064374 0.045627
0.393607 0.666155 0.063687 0.047293
0.726814 0.437758 0.082487 0.042361
0.508229 0.599629 0.069859 0.042775
0.942431 0.663092 0.082096 0.040212
0.722147 0.565843 0.080435 0.046404
0.838296 0.145953 0.062251 0.037663
0.601648 0.616275 0.074085 0.040274
0.621188 0.118354 0.074034 0.041360
0.507521 0.554286 0.076863 0.041859
0.390733 0.504188 0.070869 0.037073
0.398267 0.788845 0.070858 0.038974
0.060013 0.161979 0.058146 0.032585
0.716598 0.520853 0.062913 0.039221
0.612673 0.273502 0.070420 0.033661
0.278905 0.315067 0.073298 0.039944
0.277175 0.595307 0.056264 0.040580
0.389352 0.429074 0.080116 0.040251
0.393872 0.112358 0.079301 0.043787
0.280458 0.641174 0.071185 0.039623
0.942487 0.743713 0.079931 0.046591
0.167497 0.125866 0.057004 0.045228
0.056334 0.445254 0.081884 0.041802
0.829885 0.591503 0.062600 0.045355
0.054215 0.277092 0.080186 0.043614
0.272568 0.821216 0.076160 0.044837
0.278495 0.401769 0.061935 0.042750
0.283953 0.118043 0.074965 0.031964
0.722424 0.077678 0.061287 0.045110
0.939337 0.156129 0.072088 0.036654
0.401749 0.716083 0.063707 0.044322
0.506637 0.029575 0.061464 0.040381
0.929580 0.081619 0.076235 0.040092
0.608734 0.665205 0.067132 0.048020
0.937984 0.620801 0.066791 0.040402
0.615171 0.824170 0.073477 0.038927
0.825885 0.107651 0.065349 0.032397
0.058271 0.715905 0.057222 0.039082
0.833658 0.701820 0.051225 0.032065
0.397003 0.248688 0.053468 0.037624
0.166769 0.851445 0.061398 0.041507
0.171466 0.543626 0.075358 0.037949
0.729980 0.391796 0.063297 0.046384
0.287819 0.272294 0.083900 0.042392
0.059650 0.798854 0.069389 0.046500
0.614877 0.355869 0.059211 0.038637
0.829256 0.339834 0.063991 0.042297
0.724000 0.172331 0.073502 0.034307
0.396904 0.621502 0.066755 0.035597
0.609866 0.746778 0.054468 0.033592
0.398184 0.386252 0.066002 0.041617
0.936640 0.496215 0.065491 0.036264
0.930854 0.273888 0.071805 0.042157
0.063194 0.520874 0.063185 0.038620
0.497006 0.790320 0.064369 0.029266
0.062085 0.593358 0.068834 0.044800
0.830080 0.958772 0.069787 0.039786
0.169266 0.675737 0.074904 0.040651
0.058454 0.325722 0.075991 0.045886
0.725505 0.736180 0.057233 0.038909
0.065472 0.483916 0.070519 0.031048
0.499572 0.754024 0.054607 0.035675
0.933680 0.197290 0.083364 0.038063
0.944296 0.424179 0.071850 0.035893
0.276632 0.479863 0.076425 0.037845
0.607004 0.783975 0.053088 0.036737
0.725020 0.780293 0.056335 0.042496
0.832049 0.781848 0.052477 0.038296
0.510772 0.118596 0.057495 0.041489
0.397220 0.859854 0.070423 0.037592
0.832257 0.511886 0.058018 0.043065
0.937356 0.536739 0.071413 0.038871
0.053754 0.200338 0.059275 0.035491
0.614990 0.072937 0.068900 0.040926
0.619669 0.312999 0.067541 0.038994
0.723969 0.654110 0.056669 0.034456
0.943118 0.461477 0.081274 0.032370
0.274576 0.552923 0.064855 0.037290
0.060245 0.079185 0.058038 0.036625
0.600105 0.565182 0.081518 0.047210
0.286681 0.691573 0.075039 0.049212
0.060500 0.755832 0.067312 0.034753
0.722327 0.870578 0.065659 0.036393
0.397912 0.161897 0.079887 0.043748
0.276221 0.037098 0.071314 0.044084
0.499884 0.870398 0.062719 0.028015
0.164479 0.805977 0.059698 0.048154
0.396203 0.584327 0.063454 0.031555
0.613753 0.467664 0.091740 0.041494
0.829707 0.633152 0.051812 0.033991
0.071629 0.942564 0.062582 0.044881
0.505218 0.160205 0.060612 0.036606
0.724663 0.614559 0.059392 0.045083
0.164860 0.588976 0.064325 0.044648
0.056669 0.403463 0.061937 0.035922
0.611439 0.905216 0.064192 0.040417
0.507874 0.252345 0.050220 0.040906
0.163970 0.760822 0.065269 0.035991
0.606261 0.515245 0.068281 0.041002
0.722683 0.030971 0.066244 0.043486
0.620829 0.028473 0.079074 0.041659
0.071647 0.896238 0.068854 0.038556
0.609870 0.953684 0.065969 0.052295
0.160842 0.632504 0.052913 0.033815
0.279905 0.776430 0.062217 0.039136
0.175955 0.206735 0.079213 0.030789
0.941939 0.928714 0.057192 0.037976
0.933727 0.315948 0.068972 0.037582
0.167489 0.894841 0.052920 0.038629
0.726709 0.255640 0.065025 0.053908
0.939579 0.700872 0.079243 0.034089
0.944144 0.846163 0.062549 0.048472
0.940585 0.355375 0.074572 0.037749
0.392987 0.903370 0.070109 0.040366
0.064794 0.123158 0.053839 0.040897
0.610280 0.426620 0.069250 0.032706
0.506068 0.515389 0.081373 0.034409
0.061864 0.633309 0.054412 0.031133
0.275327 0.356467 0.054801 0.041993
0.834349 0.186680 0.053754 0.040073
0.729306 0.905312 0.075769 0.033785
0.285428 0.232733 0.070970 0.028326
0.399323 0.466481 0.061292 0.034224
0.399439 0.753696 0.049584 0.026364
0.726854 0.307845 0.055007 0.042272
0.401058 0.339314 0.054679 0.041210
0.168332 0.412225 0.055267 0.035304
0.276995 0.441273 0.059651 0.033885
0.500940 0.830727 0.047915 0.042696
0.508703 0.206790 0.062762 0.051510
0.938191 0.119740 0.072496 0.034131
0.506403 0.292900 0.053992 0.034896
0.829782 0.668970 0.054516 0.029928
0.726102 0.480264 0.084063 0.034190
0.170528 0.949429 0.080955 0.055548
0.934588 0.233340 0.057686 0.031359
0.059096 0.672383 0.051004 0.037029
0.501094 0.903258 0.049271 0.032817
0.278870 0.200592 0.078573 0.035497
0.944979 0.889401 0.058710 0.033669
0.503410 0.639040 0.055317 0.033746
0.279812 0.517551 0.064649 0.033496
0.609571 0.708651 0.046405 0.035452
0.063020 0.557926 0.057598 0.023980
0.616105 0.390722 0.070799 0.026625
0.718764 0.210235 0.070696 0.034942
0.061234 0.236893 0.080464 0.029668
0.938211 0.575952 0.061244 0.038251
0.502762 0.674933 0.062230 0.033927
0.172842 0.370291 0.056317 0.040195
0.504879 0.472550 0.061756 0.052117
0.620732 0.195255 0.064541 0.026358
0.058775 0.038534 0.055815 0.044401
0.172359 0.330793 0.052293 0.035683
0.822360 0.025742 0.063289 0.030150
0.075167 0.846686 0.088336 0.049118
0.396707 0.824702 0.063249 0.028251
0.178019 0.034365 0.071297 0.042325
0.946898 0.968646 0.055024 0.039572
0.501460 0.426289 0.057814 0.035403
0.834776 0.550331 0.054070 0.032136
0.050356 0.368301 0.056895 0.030087
0.932129 0.034614 0.053127 0.049288
0.946284 0.389346 0.063025 0.024780
0.504464 0.941838 0.053057 0.035866
0.167727 0.170594 0.043653 0.030635
0.282223 0.931029 0.077477 0.044228
0.827695 0.262193 0.052705 0.048024
0.826084 0.300906 0.054311 0.033729
0.828741 0.221182 0.067789 0.023503
0.402970 0.024527 0.070896 0.028241
0.285319 0.966577 0.060348 0.027922
0.505991 0.972348 0.055973 0.033178
0.278489 0.877884 0.049974 0.053418
0.395870 0.968401 0.050319 0.045440
0.395832 0.943579 0.050839 0.041994
0.721047 0.964262 0.060177 0.054907
0.452784 0.826420 0.049461 0.037421
