0.819205 0.183797 0.069860 0.039803
0.713226 0.690779 0.071935 0.049970
0.173944 0.878293 0.067751 0.043040
0.817275 0.680053 0.070146 0.036995
0.599859 0.539288 0.065059 0.047082
0.276431 0.293737 0.068606 0.056862
0.600036 0.448336 0.077082 0.037822
0.711515 0.366412 0.065107 0.042334
0.589627 0.855123 0.074536 0.042234
0.819104 0.898503 0.072128 0.045029
0.819866 0.765020 0.074366 0.044627
0.276536 0.878653 0.069319 0.050522
0.935388 0.202472 0.066605 0.042199
0.708848 0.589846 0.069347 0.048214
0.494764 0.526979 0.064005 0.051462
0.598395 0.683405 0.083561 0.048252
0.815668 0.721036 0.063399 0.038537
0.715452 0.075455 0.069361 0.048970
0.501153 0.116576 0.067983 0.040344
0.711821 0.411661 0.078656 0.044634
0.597560 0.584576 0.067791 0.035797
0.275137 0.393111 0.067547 0.050875
0.057362 0.503466 0.072655 0.046422
0.821613 0.523331 0.059411 0.047488
0.494142 0.737576 0.072486 0.049884
0.492309 0.690154 0.077642 0.038668
0.276936 0.242240 0.075528 0.044067
0.608091 0.380333 0.074058 0.039004
0.382530 0.373775 0.078614 0.048977
0.376775 0.685070 0.071885 0.038810
0.934015 0.162070 0.063235 0.034624
0.929142 0.082785 0.063337 0.033632
0.380220 0.783947 0.078122 0.049114
0.818077 0.329153 0.072050 0.032821
0.814525 0.107632 0.060109 0.038170
0.932168 0.494575 0.087972 0.052571
0.603045 0.340062 0.058361 0.039926
0.389208 0.210725 0.071150 0.034790
0.919347 0.694629 0.066310 0.049924
0.588690 0.778823 0.063416 0.044077
0.377629 0.732487 0.071818 0.047408
0.062473 0.119142 0.073572 0.042415
0.606538 0.114569 0.070729 0.042060
0.812153 0.256010 0.057621 0.033308
0.605800 0.225092 0.074247 0.043775
0.382925 0.953866 0.076408 0.050898
0.822758 0.365883 0.065372 0.041294
0.713953 0.125100 0.060439 0.045085
0.821690 0.477147 0.061092 0.039962
0.061018 0.829761 0.065335 0.044574
0.168704 0.221885 0.061259 0.049520
0.930704 0.447371 0.080182 0.038367
0.487880 0.914371 0.060965 0.048148
0.814415 0.437860 0.076668 0.037248
0.489926 0.295042 0.061228 0.039931
0.052397 0.414841 0.074368 0.044365
0.383323 0.903906 0.063163 0.040554
0.812171 0.638559 0.066222 0.038237
0.053959 0.241710 0.064746 0.041610
0.062415 0.780604 0.061793 0.045674
0.272609 0.715801 0.069021 0.046904
0.818372 0.222231 0.068637 0.032349
0.818305 0.811969 0.075710 0.042950
0.059149 0.927294 0.074847 0.043998
0.278932 0.479786 0.078126 0.036819
0.491820 0.343293 0.087714 0.047879
0.601136 0.492606 0.061995 0.043774
0.712204 0.739152 0.065779 0.042319
0.491479 0.438904 0.073259 0.045137
0.385457 0.173001 0.057124 0.037102
0.925635 0.123121 0.069474 0.041661
0.173279 0.788830 0.062607 0.037676
0.386481 0.525971 0.067030 0.045597
0.052838 0.329333 0.061738 0.047532
0.923355 0.795106 0.060717 0.044662
0.502018 0.160944 0.065288 0.043467
0.708877 0.027091 0.060582 0.041326
0.927421 0.335845 0.068479 0.040372
0.933995 0.245105 0.084397 0.037665
0.599149 0.970573 0.066405 0.038262
0.709976 0.784293 0.061700 0.043427
0.060225 0.167541 0.058686 0.045597
0.816286 0.292352 0.065804 0.036933
0.720575 0.172756 0.073701 0.045603
0.381108 0.828270 0.060251 0.036262
0.812537 0.027803 0.071914 0.039682
0.818795 0.145241 0.055455 0.036434
0.167178 0.832919 0.062498 0.038746
0.265996 0.661429 0.065980 0.049406
0.490290 0.575090 0.071702 0.041297
0.047738 0.458573 0.059517 0.037186
0.603982 0.072313 0.061648 0.041305
0.610222 0.029187 0.080415 0.046127
0.384809 0.424664 0.059883 0.046627
0.817887 0.069676 0.075712 0.034436
0.275946 0.153458 0.069811 0.036835
0.172282 0.176099 0.060260 0.036487
0.490248 0.784218 0.059359 0.041452
0.491166 0.613895 0.081783 0.034487
0.057582 0.653252 0.060653 0.046459
0.925231 0.409450 0.058168 0.032425
0.269702 0.196215 0.089239 0.037610
0.710700 0.320551 0.055433 0.044690
0.919844 0.837665 0.052513 0.037852
0.501227 0.032006 0.066422 0.045525
0.492638 0.479068 0.072921 0.038848
0.930374 0.374676 0.062585 0.033901
0.705957 0.916101 0.062832 0.042516
0.490277 0.650530 0.068489 0.034047
0.822517 0.853396 0.079557 0.040479
0.499897 0.203510 0.074889 0.033321
0.606085 0.180905 0.079872 0.041067
0.270976 0.439815 0.059225 0.034082
0.602156 0.299448 0.070190 0.038137
0.275530 0.115980 0.080072 0.035787
0.271217 0.761177 0.062673 0.044770
0.703330 0.962574 0.070164 0.045016
0.382270 0.132866 0.062960 0.039900
0.173638 0.084480 0.059118 0.039478
0.055378 0.736349 0.067293 0.034340
0.593108 0.733961 0.067270 0.049922
0.165208 0.745747 0.061039 0.038433
0.712188 0.460119 0.060610 0.046527
0.598867 0.931995 0.057747 0.039924
0.712920 0.876168 0.075098 0.039382
0.380345 0.476402 0.090556 0.047799
0.275984 0.343631 0.058143 0.041132
0.605020 0.265245 0.084362 0.033207
0.163091 0.523705 0.066826 0.047445
0.379859 0.646021 0.056489 0.038921
0.281079 0.037621 0.078238 0.049175
0.161308 0.603538 0.056094 0.040511
0.814989 0.597929 0.062771 0.040687
0.504728 0.074262 0.053845 0.036333
0.166624 0.305161 0.060457 0.039546
0.165215 0.698511 0.066739 0.045803
0.917284 0.651959 0.059289 0.032899
0.385933 0.323505 0.083386 0.043146
0.175236 0.953496 0.058515 0.037292
0.388067 0.096386 0.070454 0.030607
0.170068 0.266642 0.056699 0.030130
0.709087 0.640551 0.056824 0.049432
0.702024 0.508532 0.065395 0.050847
0.927999 0.576335 0.081959 0.045623
0.594551 0.895525 0.054167 0.034034
0.053608 0.551029 0.060848 0.043677
0.925406 0.968991 0.081138 0.040238
0.277833 0.819078 0.070414 0.060768
0.921391 0.617206 0.069832 0.031362
0.160740 0.650238 0.057324 0.041134
0.493878 0.392126 0.058692 0.040017
0.383404 0.866594 0.065318 0.033305
0.177085 0.918725 0.066429 0.029932
0.385395 0.028194 0.052806 0.045430
0.828423 0.402691 0.065352 0.027280
0.053752 0.286099 0.057575 0.037635
0.060675 0.880203 0.082343 0.044260
0.924354 0.036711 0.063264 0.051873
0.063500 0.032220 0.058136 0.040652
0.920229 0.881952 0.059164 0.046999
0.716876 0.212483 0.056032 0.033975
0.380627 0.282684 0.069952 0.031680
0.276025 0.566840 0.066375 0.042545
0.705128 0.830599 0.060607 0.049341
0.173065 0.397947 0.058745 0.028087
0.276971 0.612260 0.065558 0.038114
0.176683 0.035432 0.064397 0.053195
0.383695 0.601400 0.082789 0.042429
0.171536 0.133366 0.057397 0.049922
0.492388 0.963893 0.070467 0.049919
0.924025 0.746608 0.047966 0.048035
0.169715 0.476726 0.058239 0.038011
0.483563 0.862646 0.059325 0.047238
0.927740 0.290657 0.055860 0.048712
0.820383 0.561787 0.057412 0.023795
0.713396 0.243851 0.055134 0.028891
0.590712 0.816575 0.049464 0.027951
0.391599 0.246340 0.084033 0.032211
0.710478 0.552066 0.067688 0.028163
0.602905 0.414598 0.059811 0.026090
0.285812 0.081149 0.064944 0.027631
0.169416 0.357156 0.058220 0.050663
0.272303 0.523705 0.069768 0.043048
0.927867 0.928243 0.057921 0.040548
0.059205 0.075044 0.047393 0.035468
0.496114 0.259814 0.057570 0.026624
0.724322 0.278059 0.084729 0.038581
0.494513 0.822167 0.072515 0.025441
0.816185 0.940531 0.066102 0.035354
0.604650 0.146011 0.052556 0.024422
0.387391 0.066005 0.057762 0.026626
0.168434 0.436379 0.042084 0.034594
0.059738 0.206989 0.053068 0.026095
0.162351 0.564360 0.050752 0.030792
0.923011 0.535949 0.061667 0.030729
0.384385 0.564542 0.050944 0.024370
0.066471 0.965113 0.069694 0.031534
0.819167 0.972428 0.057994 0.036572
0.055783 0.699015 0.060692 0.034937
0.054679 0.600361 0.058566 0.041412
0.055552 0.374356 0.055706 0.032499
0.500252 0.232907 0.064676 0.025810
0.598172 0.622742 0.057258 0.037191
0.276221 0.938253 0.063707 0.060763
