0.630427 0.791113 0.064391 0.041448
0.069309 0.699995 0.062221 0.037121
0.290983 0.571652 0.058627 0.036119
0.073360 0.659067 0.065615 0.037651
0.399925 0.840536 0.059622 0.039629
0.406950 0.883741 0.063583 0.039989
0.396725 0.485683 0.081637 0.044111
0.070713 0.777129 0.055487 0.040038
0.518845 0.465861 0.062621 0.042621
0.080837 0.247252 0.066800 0.041989
0.510594 0.288511 0.064256 0.042086
0.287164 0.162455 0.059643 0.040825
0.178017 0.747431 0.054452 0.039250
0.825334 0.822774 0.055770 0.036297
0.400691 0.352765 0.057880 0.041035
0.728067 0.819750 0.058243 0.038348
0.402854 0.439480 0.057650 0.043690
0.507276 0.175518 0.059316 0.037637
0.404906 0.627231 0.063503 0.041889
0.733333 0.778355 0.058278 0.037510
0.068840 0.822337 0.059307 0.045352
0.945140 0.862765 0.060292 0.045492
0.835819 0.567963 0.061313 0.043491
0.073122 0.121010 0.063026 0.043359
0.184917 0.929320 0.063020 0.043656
0.513510 0.419313 0.060893 0.043181
0.829553 0.740658 0.058387 0.040315
0.835096 0.179872 0.056238 0.037778
0.736845 0.627963 0.057265 0.038002
0.945507 0.689859 0.053720 0.044151
0.399869 0.801514 0.062931 0.033817
0.077762 0.484433 0.062184 0.043629
0.070470 0.907064 0.056323 0.033099
0.074433 0.577290 0.060027 0.039773
0.515920 0.677752 0.058314 0.042888
0.834887 0.222119 0.056229 0.041957
0.404960 0.673978 0.064464 0.045558
0.078245 0.437386 0.065343 0.045246
0.506307 0.376163 0.062028 0.039243
0.292688 0.204205 0.053209 0.037896
0.407646 0.923002 0.063128 0.037829
0.180857 0.845765 0.068103 0.038839
0.734398 0.705608 0.053209 0.040043
0.832990 0.783957 0.073492 0.036436
0.073628 0.737208 0.058897 0.034833
0.189584 0.618300 0.062075 0.042338
0.516907 0.895981 0.051215 0.038532
0.631961 0.750164 0.049853 0.037438
0.072956 0.617530 0.058103 0.037419
0.726541 0.242599 0.061371 0.037015
0.625907 0.836962 0.054690 0.045451
0.635997 0.344158 0.063525 0.033280
0.732788 0.591269 0.054150 0.036355
0.830170 0.702345 0.050402 0.032911
0.727915 0.476406 0.051118 0.035199
0.191250 0.498549 0.052972 0.037333
0.731119 0.550182 0.055152 0.040967
0.621011 0.972772 0.056420 0.030281
0.186219 0.663098 0.067172 0.041905
0.829005 0.356855 0.077422 0.042049
0.408249 0.169988 0.060919 0.041645
0.826485 0.927740 0.059446 0.031062
0.512248 0.244361 0.052148 0.041181
0.622215 0.942891 0.054199 0.030317
0.948362 0.780459 0.050178 0.042162
0.620505 0.024991 0.059537 0.038045
0.507107 0.107588 0.060221 0.041742
0.074923 0.075790 0.056367 0.041950
0.396531 0.584452 0.082622 0.039257
0.628911 0.541286 0.045157 0.047188
0.728319 0.323334 0.055664 0.045837
0.076120 0.531077 0.057828 0.046714
0.948574 0.735585 0.051022 0.043361
0.731820 0.742470 0.052402 0.032919
0.828442 0.137571 0.071005 0.040867
0.733524 0.667561 0.056176 0.036471
0.730233 0.512699 0.049598 0.035919
0.071485 0.028889 0.068716 0.048065
0.942322 0.362540 0.061758 0.040608
0.622303 0.878668 0.050460 0.033620
0.728070 0.061992 0.058007 0.038904
0.408681 0.079988 0.061499 0.046147
0.938929 0.438256 0.072969 0.036166
0.292870 0.339885 0.053880 0.043617
0.728547 0.279557 0.056709 0.036343
0.726040 0.132006 0.058876 0.036756
0.623912 0.384738 0.053778 0.041171
0.629722 0.463609 0.054029 0.041332
0.941954 0.401984 0.064418 0.035032
0.513152 0.634439 0.058972 0.041258
0.405556 0.304936 0.054721 0.046857
0.078574 0.168179 0.055187 0.044885
0.185520 0.886919 0.048793 0.036094
0.066953 0.939944 0.056506 0.030144
0.071139 0.868274 0.049110 0.041459
0.825040 0.895296 0.053917 0.032058
0.292801 0.245514 0.049586 0.038684
0.625388 0.670850 0.048600 0.042713
0.512732 0.333209 0.054668 0.040160
0.832407 0.662408 0.055645 0.040806
0.733831 0.891943 0.048230 0.037033
0.833181 0.615767 0.049803 0.045622
0.182082 0.224818 0.052451 0.050553
0.629548 0.711654 0.055805 0.034425
0.406900 0.259610 0.053650 0.040743
0.942285 0.319856 0.053150 0.041934
0.627715 0.141611 0.050584 0.036313
0.076552 0.209814 0.053116 0.033785
0.294091 0.382634 0.046708 0.039494
0.179958 0.177776 0.054614 0.042468
0.179644 0.812886 0.062946 0.027243
0.949453 0.821283 0.051562 0.036187
0.946835 0.242465 0.052338 0.043729
0.938148 0.935472 0.070665 0.036298
0.406557 0.126039 0.049895 0.044811
0.068964 0.972292 0.053222 0.033920
0.942394 0.647764 0.051998 0.036633
0.405568 0.215198 0.053939 0.042948
0.516572 0.933821 0.042458 0.032096
0.508015 0.589091 0.053768 0.049295
0.285167 0.029518 0.083133 0.047463
0.730333 0.441564 0.044617 0.032836
0.937964 0.605916 0.056229 0.047793
0.187584 0.706589 0.051082 0.037731
0.195535 0.536751 0.060946 0.039058
0.285349 0.073690 0.054232 0.042921
0.626324 0.180594 0.054058 0.036823
0.408883 0.961952 0.056458 0.037327
0.295660 0.290691 0.051714 0.049116
0.294330 0.454404 0.046311 0.034899
0.731876 0.097839 0.062549 0.029547
0.831497 0.311514 0.054588 0.042452
0.949553 0.164319 0.058016 0.033115
0.294790 0.536183 0.046935 0.032522
0.830968 0.267636 0.052906 0.043718
0.627214 0.274196 0.053299 0.036784
0.519271 0.855077 0.057413 0.037954
0.179453 0.098649 0.048036 0.042580
0.826996 0.962374 0.062160 0.036085
0.514873 0.728102 0.047659 0.047728
0.832267 0.440855 0.051954 0.039686
0.731331 0.936934 0.046607 0.043890
0.832714 0.068337 0.051530 0.040620
0.405404 0.395916 0.048667 0.037394
0.629662 0.107897 0.058278 0.028230
0.943602 0.072846 0.060976 0.047766
0.185441 0.426725 0.051838 0.039026
0.295643 0.420424 0.047177 0.032367
0.191049 0.313758 0.059252 0.042374
0.179617 0.139490 0.054764 0.030138
0.730983 0.367613 0.048477 0.039224
0.831328 0.482727 0.048306 0.036745
0.937690 0.557931 0.051195 0.041849
0.630177 0.309586 0.041831 0.032326
0.078508 0.293386 0.049101 0.044486
0.401815 0.537979 0.054122 0.052779
0.943930 0.027511 0.049499 0.041137
0.948213 0.200079 0.056782 0.034777
0.078158 0.395948 0.049468 0.031288
0.506872 0.059199 0.048967 0.044696
0.828211 0.860661 0.049643 0.036946
0.282104 0.959887 0.053882 0.037903
0.626060 0.070045 0.047636 0.045415
0.621535 0.911831 0.045445 0.028771
0.189581 0.580020 0.053814 0.039009
0.287717 0.611273 0.049917 0.034273
0.185083 0.271932 0.047252 0.039799
0.075515 0.361384 0.074285 0.028392
0.188922 0.387781 0.059145 0.037133
0.627367 0.423547 0.049408 0.035891
0.628519 0.587362 0.049535 0.041166
0.189741 0.462485 0.050142 0.030202
0.729089 0.169778 0.047786 0.040435
0.292566 0.783139 0.048841 0.038316
0.515592 0.966288 0.042871 0.034703
0.187874 0.353470 0.059178 0.034818
0.832427 0.523913 0.056967 0.038704
0.731225 0.206408 0.045142 0.031575
0.290305 0.697339 0.061162 0.042695
0.281772 0.915233 0.045495 0.044510
0.292654 0.495109 0.047218 0.045110
0.724779 0.023599 0.053551 0.032786
0.628960 0.629276 0.050284 0.038523
0.836140 0.025247 0.053149 0.040848
0.080583 0.331370 0.045760 0.027707
0.943774 0.902520 0.050825 0.029399
0.840280 0.102440 0.053076 0.025286
0.951752 0.280077 0.056406 0.030181
0.181398 0.783415 0.051555 0.030054
0.944531 0.120456 0.049505 0.044952
0.513075 0.142216 0.047891 0.027735
0.286907 0.823282 0.045766 0.038525
0.511534 0.209525 0.043337 0.028964
0.727653 0.976677 0.040388 0.034705
0.629810 0.500375 0.052860 0.031551
0.189443 0.967318 0.054778 0.031062
0.729625 0.405867 0.043169 0.034035
0.284985 0.865539 0.052333 0.046791
0.938319 0.517456 0.042806 0.037564
0.289642 0.118064 0.046098 0.038809
0.942143 0.970285 0.070178 0.035730
0.406622 0.032306 0.047555 0.047087
0.940359 0.478330 0.046737 0.035582
0.512744 0.509385 0.049678 0.037643
0.405515 0.721757 0.073680 0.043048
0.628533 0.228528 0.051982 0.047395
0.733836 0.855694 0.040164 0.031033
0.514318 0.774484 0.080971 0.037560
0.512205 0.544037 0.051817 0.036982
0.829195 0.398775 0.043516 0.038669
0.293049 0.740976 0.050482 0.042980
0.180026 0.057261 0.053618 0.035385
0.180555 0.022496 0.047519 0.035480
0.512219 0.020667 0.045632 0.030058
0.306974 0.648635 0.088296 0.044575
0.524626 0.813061 0.073383 0.044027
0.408351 0.761979 0.080121 0.039935
