0.699392 0.328123 0.079993 0.053653
0.268073 0.908229 0.083338 0.045038
0.584143 0.926193 0.087268 0.044842
0.934301 0.877277 0.063871 0.046274
0.474142 0.604963 0.087519 0.054819
0.478985 0.759373 0.077424 0.046336
0.936537 0.825974 0.076068 0.050348
0.932007 0.771783 0.086887 0.049636
0.063827 0.802355 0.076156 0.047527
0.701401 0.790271 0.092068 0.049871
0.266896 0.856739 0.089377 0.048634
0.267792 0.595716 0.074760 0.047485
0.262812 0.804602 0.074968 0.049135
0.933353 0.279564 0.095385 0.051649
0.703626 0.271221 0.085991 0.051457
0.166401 0.758605 0.076321 0.051211
0.934206 0.225283 0.086966 0.048579
0.937324 0.170575 0.075266 0.055441
0.467995 0.860039 0.090481 0.053140
0.362943 0.645792 0.085394 0.045159
0.473763 0.808664 0.090889 0.045467
0.058335 0.853730 0.079380 0.045295
0.595452 0.272207 0.078654 0.043644
0.586113 0.588978 0.088825 0.051781
0.699342 0.591434 0.079561 0.052071
0.706379 0.384472 0.091442 0.050852
0.171347 0.432362 0.076802 0.053630
0.588811 0.120339 0.084383 0.051931
0.061728 0.377610 0.084058 0.048944
0.705262 0.437135 0.091339 0.043093
0.167260 0.810679 0.076352 0.049467
0.706324 0.219613 0.094465 0.046119
0.932566 0.921530 0.077848 0.040958
0.587086 0.831132 0.074426 0.055227
0.373447 0.964562 0.081823 0.048763
0.938424 0.968403 0.086763 0.047274
0.705099 0.738292 0.077879 0.046458
0.477300 0.548403 0.077549 0.049888
0.814962 0.287479 0.078913 0.054355
0.485668 0.172473 0.087306 0.053895
0.363046 0.539888 0.078366 0.043476
0.591703 0.322629 0.070807 0.044688
0.060536 0.646010 0.081695 0.052860
0.166831 0.490076 0.080290 0.052081
0.271709 0.339435 0.070159 0.046587
0.271062 0.749750 0.069040 0.048023
0.702065 0.845416 0.085152 0.053639
0.060596 0.322776 0.067349 0.054868
0.581918 0.880881 0.073799 0.043823
0.587067 0.421304 0.071703 0.050587
0.062925 0.698413 0.079680 0.040294
0.703871 0.689716 0.069291 0.045503
0.826850 0.452488 0.087076 0.048918
0.473386 0.910032 0.074934 0.043384
0.370835 0.289692 0.066281 0.056470
0.934250 0.577691 0.071472 0.042410
0.372467 0.437187 0.067471 0.053609
0.935543 0.529660 0.076710 0.043956
0.595521 0.642168 0.079109 0.048976
0.064695 0.750490 0.070745 0.049203
0.478227 0.962566 0.082240 0.058176
0.933721 0.480086 0.063877 0.046157
0.063021 0.905555 0.081740 0.046313
0.063915 0.267526 0.075629 0.053635
0.069514 0.592252 0.069449 0.051390
0.932478 0.384399 0.073171 0.051656
0.161060 0.594862 0.065519 0.050437
0.822479 0.345226 0.067553 0.052168
0.173662 0.219083 0.075173 0.052475
0.592754 0.063604 0.086665 0.053009
0.370769 0.489476 0.063083 0.046496
0.712718 0.167605 0.076874 0.052469
0.273191 0.391361 0.059504 0.047719
0.366533 0.592026 0.062001 0.053796
0.270035 0.697233 0.073363 0.051962
0.167594 0.276688 0.070180 0.056284
0.479668 0.497290 0.064252 0.048688
0.826191 0.401839 0.082413 0.049127
0.933948 0.623782 0.088714 0.045233
0.370152 0.753656 0.089201 0.056085
0.583987 0.970057 0.082654 0.040340
0.936321 0.329654 0.073972 0.043333
0.267711 0.189836 0.070196 0.052437
0.474667 0.226172 0.088960 0.050061
0.933880 0.723067 0.088573 0.048033
0.267258 0.493709 0.066927 0.052695
0.369318 0.920273 0.064812 0.037271
0.268582 0.641614 0.064816 0.047079
0.591171 0.473932 0.074501 0.049726
0.585153 0.529961 0.094611 0.059946
0.265867 0.544370 0.059165 0.047553
0.821794 0.229375 0.086510 0.056415
0.163708 0.544062 0.066909 0.043486
0.706447 0.534776 0.076921 0.049594
0.372763 0.066676 0.092777 0.065573
0.168082 0.704594 0.065307 0.043288
0.264263 0.960922 0.062442 0.054953
0.262258 0.097236 0.076886 0.043108
0.370737 0.180988 0.075380 0.054344
0.375392 0.338244 0.081557 0.034238
0.374285 0.129008 0.072808 0.053681
0.484877 0.114629 0.075214 0.052884
0.170871 0.107334 0.074241 0.050103
0.703753 0.485487 0.066708 0.046853
0.172448 0.056338 0.074111 0.047843
0.481921 0.443051 0.084393 0.054645
0.167367 0.963807 0.062616 0.050472
0.168582 0.651975 0.062638 0.054820
0.819734 0.667760 0.097618 0.048114
0.268990 0.292113 0.064114 0.046721
0.061007 0.434661 0.068532 0.053950
0.940347 0.066793 0.079303 0.053888
0.171108 0.378700 0.059704 0.047442
0.477906 0.708085 0.069885 0.048513
0.372937 0.383774 0.063961 0.047933
0.594620 0.224410 0.069925 0.047767
0.819008 0.774895 0.093793 0.051726
0.270886 0.443028 0.058040 0.043739
0.166692 0.161721 0.069609 0.053974
0.060731 0.114535 0.074518 0.053126
0.166529 0.331629 0.066427 0.051287
0.587456 0.769321 0.073197 0.058770
0.592617 0.372196 0.056092 0.040738
0.824326 0.829324 0.087724 0.048985
0.166745 0.862609 0.061835 0.050423
0.169751 0.912614 0.069257 0.046702
0.059282 0.955820 0.075257 0.040204
0.371155 0.697864 0.081385 0.050117
0.483967 0.060249 0.083968 0.049853
0.061127 0.164330 0.068706 0.042966
0.821629 0.719408 0.088209 0.053364
0.059266 0.486463 0.060912 0.045152
0.056470 0.214225 0.063383 0.048403
0.061811 0.536261 0.061043 0.042804
0.934874 0.671125 0.059501 0.048692
0.827658 0.506427 0.080161 0.056388
0.830075 0.561151 0.084450 0.049821
0.479394 0.386910 0.070323 0.051915
0.481113 0.659026 0.057159 0.047881
0.936379 0.434460 0.052031 0.043656
0.821311 0.616489 0.087650 0.053549
0.713518 0.115243 0.078338 0.048504
0.941393 0.116506 0.062588 0.046050
0.592542 0.173662 0.055109 0.049186
0.707031 0.644772 0.052948 0.041351
0.060371 0.060632 0.066432 0.049233
0.371111 0.811658 0.065632 0.049151
0.480686 0.336068 0.057667 0.041223
0.596924 0.701398 0.073547 0.059332
0.266574 0.141491 0.061570 0.034109
0.828164 0.110403 0.073439 0.051053
0.367625 0.868794 0.061233 0.054374
0.831820 0.058274 0.055046 0.042444
0.375335 0.233217 0.066891 0.047709
0.270592 0.052259 0.057393 0.038611
0.478408 0.282062 0.065726 0.060898
0.825230 0.169584 0.084903 0.049170
0.270395 0.242519 0.056964 0.048221
0.816633 0.875667 0.096999 0.040972
