0.390899 0.726932 0.074913 0.052328
0.610928 0.814569 0.079401 0.052773
0.938895 0.702654 0.077413 0.048755
0.822405 0.226962 0.075484 0.049987
0.062262 0.291913 0.066411 0.059523
0.291217 0.973559 0.090306 0.045350
0.720907 0.266597 0.078095 0.049695
0.825472 0.592270 0.066877 0.051932
0.941417 0.911182 0.076731 0.047566
0.184623 0.866729 0.078579 0.049596
0.928106 0.219820 0.089048 0.053051
0.608034 0.445119 0.081578 0.045629
0.179816 0.814666 0.084327 0.048199
0.723657 0.821249 0.088456 0.061979
0.712340 0.214712 0.087994 0.045937
0.599522 0.394391 0.091462 0.047282
0.174813 0.666533 0.085455 0.051039
0.277805 0.346000 0.078802 0.055792
0.590995 0.337465 0.096513 0.060030
0.941149 0.810789 0.074434 0.052036
0.279193 0.622534 0.088621 0.050610
0.929374 0.375579 0.078871 0.056997
0.068511 0.726930 0.073303 0.050584
0.077900 0.873991 0.076896 0.045270
0.824464 0.103844 0.074825 0.046843
0.824589 0.437523 0.070191 0.052416
0.186016 0.915278 0.081205 0.043897
0.486468 0.328235 0.070651 0.051189
0.594910 0.116234 0.086567 0.056009
0.921048 0.320413 0.084559 0.048993
0.177150 0.556602 0.075943 0.056804
0.396277 0.889706 0.070441 0.049543
0.284515 0.675574 0.076694 0.050031
0.271836 0.237856 0.074023 0.047076
0.387715 0.672664 0.071667 0.046786
0.275418 0.288608 0.072316 0.044435
0.825968 0.329902 0.086636 0.045733
0.490377 0.497431 0.089992 0.057606
0.396538 0.935070 0.079690 0.039143
0.611868 0.919059 0.073948 0.047473
0.177169 0.761352 0.081886 0.050183
0.712301 0.055968 0.079894 0.049650
0.929583 0.541438 0.083861 0.048485
0.609424 0.493448 0.078543 0.044535
0.927491 0.113766 0.087510 0.045156
0.504029 0.605553 0.083491 0.050910
0.067408 0.613153 0.084192 0.049242
0.287168 0.840278 0.068654 0.052357
0.827884 0.492637 0.077122 0.047770
0.172572 0.166392 0.080939 0.046392
0.715935 0.323360 0.081872 0.055786
0.495235 0.551858 0.068858 0.050488
0.285032 0.731343 0.075543 0.049555
0.927682 0.164098 0.075905 0.048861
0.932605 0.595691 0.071176 0.052586
0.614255 0.870200 0.082519 0.046915
0.722751 0.379303 0.076128 0.046796
0.726245 0.877498 0.077974 0.049416
0.484641 0.176191 0.075739 0.061973
0.503490 0.835745 0.094824 0.053782
0.828817 0.382176 0.075471 0.052991
0.830860 0.649223 0.068952 0.055548
0.485096 0.058767 0.089370 0.056080
0.726874 0.925735 0.093231 0.044911
0.389101 0.240785 0.082237 0.053643
0.281474 0.564865 0.080269 0.049439
0.064233 0.561397 0.085751 0.050891
0.599792 0.228126 0.093751 0.052050
0.074459 0.922571 0.075345 0.047902
0.390135 0.621642 0.067457 0.042831
0.056980 0.167257 0.073776 0.058402
0.184256 0.713774 0.084754 0.038073
0.837732 0.869046 0.077151 0.045912
0.390997 0.834641 0.077612 0.047875
0.721235 0.543002 0.069099 0.047898
0.068874 0.345822 0.080046 0.045082
0.601255 0.174494 0.093601 0.053020
0.711588 0.162060 0.065083 0.046749
0.388161 0.573362 0.067660 0.041373
0.599586 0.057956 0.085140 0.056402
0.292666 0.894377 0.076377 0.046438
0.497825 0.893731 0.085451 0.057038
0.611698 0.761606 0.078982 0.046069
0.505949 0.955486 0.086843 0.059169
0.840303 0.917779 0.081279 0.042888
0.933599 0.757168 0.060312 0.053440
0.936814 0.862450 0.067823 0.045978
0.936387 0.485660 0.077352 0.051117
0.709188 0.108768 0.070699 0.046907
0.060578 0.232344 0.074337 0.060169
0.075586 0.823365 0.078463 0.047042
0.059708 0.112870 0.079788 0.047979
0.927900 0.059145 0.090004 0.060167
0.079016 0.967889 0.081492 0.041991
0.484748 0.115761 0.063236 0.051455
0.278790 0.454154 0.065753 0.048709
0.170177 0.116173 0.079509 0.047190
0.388539 0.523337 0.074468 0.051069
0.489507 0.234965 0.068631 0.048616
0.175594 0.497806 0.071746 0.052355
0.168751 0.276423 0.078741 0.045474
0.189030 0.963471 0.079835 0.043394
0.503564 0.724664 0.071820 0.050424
0.173289 0.223143 0.076374 0.054235
0.929154 0.431833 0.081006 0.046517
0.493927 0.439809 0.066138 0.050345
0.829831 0.704705 0.072010 0.052746
0.604789 0.547440 0.067653 0.050494
0.063538 0.505380 0.076472 0.057376
0.288523 0.783049 0.067830 0.050203
0.064307 0.398418 0.085630 0.052248
0.277894 0.122858 0.076220 0.055896
0.501986 0.666253 0.070620 0.061993
0.273154 0.184000 0.078324 0.056236
0.272257 0.065070 0.071008 0.056784
0.057981 0.059557 0.085325 0.056421
0.942382 0.958551 0.063569 0.041152
0.842913 0.960567 0.077518 0.040158
0.722296 0.652129 0.063093 0.050836
0.281501 0.399793 0.067372 0.049838
0.834933 0.762919 0.082058 0.052441
0.286563 0.511052 0.082127 0.049000
0.609914 0.597375 0.079972 0.040319
0.384706 0.298343 0.069512 0.046798
0.930028 0.270950 0.078465 0.042206
0.595634 0.279856 0.072330 0.045410
0.181869 0.611258 0.071673 0.049616
0.065097 0.448996 0.075089 0.048392
0.825650 0.542782 0.062334 0.041402
0.728646 0.965299 0.103264 0.037042
0.819398 0.053041 0.068001 0.052277
0.721263 0.598272 0.075270 0.047043
0.384752 0.469732 0.070257 0.053467
0.723340 0.766310 0.075824 0.037560
0.174675 0.334201 0.089714 0.058058
0.382049 0.182283 0.073213 0.058039
0.294763 0.935522 0.070037 0.030703
0.723735 0.714833 0.068707 0.059445
0.396311 0.782011 0.055298 0.050825
0.492283 0.385366 0.055507 0.052558
0.176150 0.443232 0.059323 0.051485
0.486069 0.282526 0.058187 0.035113
0.388406 0.410844 0.089881 0.058951
0.164619 0.061241 0.076541 0.055905
0.065908 0.668203 0.064660 0.057390
0.823098 0.165090 0.063691 0.066667
0.717608 0.432683 0.080063 0.050208
0.394444 0.972055 0.081980 0.038469
0.172539 0.390294 0.072089 0.048442
0.617452 0.963149 0.082965 0.039989
0.503573 0.778078 0.065312 0.049542
0.713569 0.490459 0.064868 0.051609
0.603875 0.704389 0.074516 0.056786
0.382557 0.350173 0.076657 0.054423
0.611504 0.646110 0.071652 0.047233
0.824227 0.280707 0.054660 0.048520
0.071597 0.775051 0.049899 0.044118
0.936476 0.648926 0.064686 0.052167
0.382642 0.122459 0.078061 0.056164
0.378753 0.059781 0.075027 0.051839
0.837986 0.817150 0.052673 0.049150
