0.704743 0.871697 0.059142 0.033920
0.591998 0.716320 0.060690 0.033857
0.488001 0.816766 0.062196 0.035392
0.822871 0.686162 0.055292 0.036790
0.485194 0.775992 0.051819 0.040872
0.596413 0.567818 0.057937 0.034353
0.704919 0.739844 0.055878 0.029665
0.377340 0.788549 0.071045 0.040285
0.701838 0.703306 0.062397 0.038217
0.485373 0.857109 0.057590 0.040764
0.613311 0.244091 0.061408 0.039812
0.378830 0.681694 0.063139 0.039302
0.805915 0.901222 0.052148 0.041380
0.492794 0.286375 0.067934 0.042955
0.486610 0.734615 0.060572 0.040610
0.477247 0.933366 0.073593 0.039072
0.924154 0.609853 0.051262 0.037202
0.588648 0.829734 0.070873 0.035088
0.596084 0.529603 0.051157 0.037692
0.696512 0.969705 0.052473 0.035194
0.267678 0.725446 0.064009 0.038676
0.821378 0.348339 0.067135 0.039796
0.816580 0.529616 0.060974 0.036569
0.377455 0.752512 0.066100 0.034371
0.805180 0.945927 0.055936 0.043108
0.822980 0.726607 0.059421 0.040617
0.275862 0.287848 0.068718 0.038237
0.285688 0.204401 0.065275 0.040907
0.590891 0.896725 0.057830 0.039237
0.925855 0.332592 0.053120 0.036011
0.488055 0.614304 0.076550 0.032863
0.820989 0.489067 0.061008 0.041068
0.918187 0.572152 0.056275 0.037172
0.717192 0.158548 0.058412 0.037551
0.924198 0.794898 0.062515 0.041379
0.919369 0.680944 0.048737 0.037228
0.271297 0.544138 0.058869 0.041754
0.268457 0.803506 0.051603 0.031809
0.493581 0.372935 0.052503 0.040898
0.592429 0.753560 0.047474 0.037305
0.616465 0.168616 0.053812 0.040675
0.698320 0.937026 0.057413 0.031239
0.921691 0.717534 0.050545 0.033289
0.271531 0.583532 0.055743 0.035403
0.595430 0.604284 0.045041 0.036325
0.380091 0.833826 0.062244 0.041534
0.700921 0.905589 0.050480 0.031524
0.592341 0.678705 0.053325 0.037131
0.706946 0.666456 0.046864 0.031101
0.920743 0.646461 0.049121 0.033741
0.925215 0.468483 0.051838 0.038601
0.709696 0.405883 0.053362 0.038932
0.387992 0.302670 0.059118 0.035296
0.930612 0.296835 0.050136 0.032182
0.275037 0.503798 0.055631 0.036541
0.822790 0.305916 0.072138 0.041020
0.489125 0.576675 0.055888 0.036299
0.708966 0.634394 0.053806 0.029123
0.925851 0.753229 0.053136 0.037339
0.390657 0.079397 0.056811 0.046005
0.279457 0.246765 0.056330 0.039255
0.166689 0.546560 0.067344 0.038480
0.714534 0.327837 0.052078 0.038854
0.482970 0.895312 0.052800 0.034062
0.587604 0.791140 0.050420 0.036584
0.611112 0.208638 0.053511 0.032506
0.389284 0.455232 0.053428 0.036816
0.269116 0.766192 0.058749 0.038950
0.588256 0.930950 0.062043 0.028645
0.176689 0.391321 0.064735 0.038288
0.927474 0.099168 0.070707 0.041765
0.275888 0.435677 0.063610 0.034760
0.702996 0.836189 0.050437 0.033505
0.505461 0.115315 0.056334 0.035031
0.827231 0.220610 0.051451 0.036152
0.503163 0.072564 0.049322 0.040534
0.702374 0.802009 0.045907 0.029995
0.491541 0.496977 0.051560 0.037737
0.711258 0.770815 0.057980 0.031350
0.167409 0.590723 0.053376 0.040121
0.613869 0.122861 0.065872 0.043533
0.501184 0.188016 0.060965 0.038592
0.912916 0.913366 0.068744 0.036157
0.266052 0.684795 0.055293 0.038286
0.608339 0.315139 0.061810 0.039543
0.174958 0.735014 0.054634 0.035240
0.596506 0.641855 0.049818 0.033459
0.390451 0.381145 0.066578 0.035501
0.485479 0.650184 0.055239 0.038837
0.494690 0.414199 0.057703 0.037837
0.387365 0.557568 0.057680 0.034663
0.917900 0.836110 0.055030 0.036135
0.504998 0.034120 0.051208 0.035628
0.493431 0.455607 0.050960 0.042026
0.824201 0.083635 0.062826 0.037188
0.720032 0.193749 0.061843 0.028404
0.702779 0.520289 0.071424 0.034310
0.497806 0.329173 0.051098 0.043063
0.387281 0.168829 0.061100 0.046214
0.924692 0.215831 0.056753 0.039219
0.489519 0.535161 0.047834 0.039962
0.486110 0.692412 0.046569 0.038920
0.823543 0.646417 0.051085 0.034452
0.498961 0.235595 0.069554 0.051184
0.382926 0.644537 0.062987 0.035591
0.600304 0.386917 0.056125 0.037818
0.713303 0.367025 0.045682 0.036552
0.168137 0.670658 0.063201 0.032104
0.394942 0.342087 0.058376 0.036603
0.818151 0.568225 0.055617 0.041050
0.390298 0.214041 0.056558 0.041677
0.377810 0.941342 0.064010 0.045364
0.387400 0.491149 0.050437 0.034149
0.172320 0.505202 0.056230 0.038169
0.476607 0.968950 0.051611 0.030454
0.390865 0.418325 0.058160 0.036722
0.379381 0.719972 0.057072 0.030136
0.717273 0.115402 0.053526 0.043838
0.589154 0.963086 0.051652 0.033176
0.707591 0.446931 0.048180 0.039085
0.928525 0.434828 0.046935 0.029194
0.160405 0.937215 0.058502 0.039581
0.385797 0.602256 0.051232 0.046551
0.075094 0.081370 0.055843 0.032340
0.921972 0.400540 0.068354 0.038131
0.271013 0.649442 0.053394 0.033141
0.177876 0.432131 0.048404 0.039731
0.926228 0.502091 0.047839 0.031447
0.393616 0.124193 0.061941 0.040359
0.389444 0.260425 0.055247 0.043117
0.175392 0.321319 0.050344 0.032648
0.597196 0.492041 0.049696 0.038120
0.926139 0.536211 0.047158 0.032257
0.170477 0.469684 0.055972 0.034761
0.706116 0.594011 0.049785 0.042824
0.166388 0.894229 0.053797 0.044236
0.931972 0.058713 0.051276 0.035068
0.613768 0.279094 0.049437 0.029873
0.264585 0.836455 0.050521 0.030163
0.174207 0.283049 0.050582 0.037681
0.821914 0.609102 0.056383 0.037346
0.277694 0.361181 0.052957 0.036775
0.616266 0.082385 0.050515 0.034641
0.387555 0.524495 0.047233 0.030159
0.264482 0.953363 0.046923 0.038063
0.164667 0.851869 0.056228 0.038789
0.173930 0.355790 0.050575 0.029131
0.276552 0.398120 0.045705 0.038010
0.261476 0.873905 0.065517 0.043219
0.166549 0.632759 0.043700 0.039544
0.283639 0.159054 0.046529 0.042842
0.705442 0.485029 0.040568 0.032993
0.372813 0.874682 0.076193 0.036082
0.825753 0.261438 0.046517 0.042313
0.723004 0.035974 0.060482 0.036496
0.264326 0.914818 0.053127 0.036063
0.714421 0.257956 0.042801 0.029947
0.929928 0.257380 0.047577 0.041812
0.808448 0.862947 0.044081 0.033378
0.286711 0.116621 0.065454 0.040752
0.823021 0.385539 0.052886 0.029986
0.712350 0.290599 0.042737 0.031899
0.075318 0.118438 0.061001 0.036053
0.176963 0.193809 0.061879 0.031326
0.272929 0.469654 0.054890 0.031637
0.819908 0.451124 0.051258 0.033379
0.928497 0.366164 0.044703 0.030401
0.598102 0.455724 0.046599 0.031913
0.599328 0.423516 0.047693 0.033902
0.921701 0.947641 0.041562 0.028789
0.271174 0.617915 0.042378 0.030167
0.827199 0.183329 0.048005 0.032008
0.400118 0.033000 0.050892 0.042363
0.587509 0.861027 0.063115 0.027174
0.812766 0.789021 0.059639 0.036097
0.502654 0.149697 0.043947 0.031945
0.929347 0.181792 0.046174 0.029626
0.167100 0.813309 0.056557 0.038304
0.171056 0.703128 0.044404 0.031922
0.277761 0.324588 0.043638 0.032846
0.075383 0.041090 0.051491 0.039947
0.817522 0.419370 0.066435 0.035260
0.810667 0.825242 0.058191 0.037466
0.705108 0.554567 0.040262 0.033847
0.605072 0.350854 0.049485 0.031472
0.167687 0.775127 0.044162 0.040737
0.918715 0.875427 0.048992 0.041310
0.077975 0.157126 0.050484 0.042104
0.817210 0.760897 0.056020 0.031713
0.179105 0.029951 0.052253 0.038555
0.824120 0.152173 0.051638 0.035295
0.827184 0.119812 0.050207 0.037221
0.378226 0.907647 0.059786 0.031139
0.291082 0.078506 0.045860 0.032047
0.177222 0.153666 0.053947 0.047608
0.932486 0.028235 0.046053 0.026619
0.168284 0.972409 0.054542 0.038894
0.177408 0.239095 0.053915 0.043659
0.624740 0.041520 0.054768 0.046931
0.179692 0.071832 0.047007 0.033339
0.932161 0.144951 0.051457 0.044893
0.716058 0.225060 0.058688 0.031064
0.718362 0.074054 0.043390 0.036281
0.826887 0.040556 0.054143 0.044593
0.187292 0.108392 0.070415 0.039449
0.743382 0.796078 0.023414 0.020171
0.289602 0.040590 0.045367 0.046769
