0.832339 0.854710 0.081254 0.051853
0.934058 0.550269 0.097538 0.057253
0.825229 0.346788 0.084392 0.053864
0.508394 0.804163 0.079419 0.054282
0.505263 0.643932 0.079988 0.051400
0.175510 0.403814 0.081372 0.049085
0.934987 0.392569 0.078650 0.051001
0.829391 0.708556 0.085984 0.052528
0.395481 0.304240 0.086184 0.046905
0.278230 0.352881 0.084534 0.050637
0.822196 0.233365 0.083653 0.053491
0.170090 0.453473 0.079930 0.041860
0.398514 0.764125 0.086496 0.047613
0.721917 0.702494 0.076035 0.046891
0.614579 0.655013 0.079357 0.050108
0.059386 0.361449 0.083489 0.041564
0.614655 0.437159 0.082599 0.048688
0.936548 0.872333 0.078216 0.042194
0.832396 0.653224 0.069105 0.050176
0.617548 0.491694 0.078311 0.054214
0.397073 0.815917 0.092167 0.043978
0.286651 0.736832 0.089421 0.047353
0.617837 0.759770 0.085418 0.039544
0.068679 0.309134 0.078278 0.049167
0.074982 0.668602 0.072755 0.052045
0.935092 0.446096 0.071903 0.050057
0.944058 0.496186 0.084017 0.044622
0.176535 0.612546 0.080605 0.045778
0.504644 0.694662 0.087722 0.041823
0.623476 0.870192 0.087517 0.054655
0.068852 0.616760 0.076395 0.043727
0.828657 0.762006 0.073110 0.050734
0.823884 0.288992 0.072411 0.052265
0.617850 0.710061 0.078652 0.048506
0.822047 0.119526 0.086315 0.045489
0.933734 0.955270 0.073695 0.041260
0.723093 0.493361 0.086307 0.045193
0.288756 0.519782 0.081033 0.049740
0.277209 0.301734 0.082099 0.043731
0.280408 0.249450 0.090838 0.043661
0.401685 0.711640 0.088598 0.042203
0.501332 0.239796 0.081982 0.048742
0.394931 0.251096 0.091058 0.046551
0.065627 0.410286 0.072125 0.046054
0.929506 0.176330 0.090708 0.048976
0.515202 0.914783 0.086401 0.045190
0.935207 0.717939 0.067755 0.047659
0.933827 0.665765 0.066980 0.052995
0.932163 0.914334 0.067376 0.037726
0.177336 0.922424 0.070585 0.042409
0.610301 0.189808 0.083595 0.053334
0.167325 0.134043 0.086763 0.044680
0.285922 0.898175 0.097136 0.047548
0.399211 0.863435 0.092806 0.047968
0.724591 0.753750 0.073245 0.043318
0.282956 0.403146 0.088641 0.046745
0.173527 0.662656 0.079426 0.040756
0.392039 0.357284 0.094003 0.047002
0.937189 0.765517 0.065666 0.044322
0.620220 0.280950 0.081670 0.047291
0.624199 0.811881 0.074658 0.055498
0.719981 0.409562 0.083934 0.037583
0.617157 0.545582 0.073137 0.048293
0.616996 0.335271 0.075346 0.046671
0.930685 0.122323 0.073978 0.052714
0.935082 0.228121 0.073271 0.047195
0.723169 0.891073 0.070159 0.044045
0.391963 0.408797 0.090332 0.043576
0.614174 0.387486 0.067265 0.042047
0.283628 0.459417 0.089015 0.059312
0.938381 0.820177 0.080741 0.052460
0.936869 0.609150 0.074456 0.050660
0.821870 0.173607 0.078017 0.055815
0.170398 0.305152 0.074393 0.049941
0.935878 0.339968 0.080913 0.049675
0.608267 0.078619 0.086058 0.052403
0.284244 0.843261 0.065897 0.049607
0.397053 0.660593 0.086270 0.042880
0.829661 0.948657 0.080013 0.041084
0.397480 0.505959 0.088069 0.045127
0.724048 0.648698 0.077897 0.045684
0.632399 0.920385 0.077799 0.041598
0.077284 0.729350 0.074306 0.060336
0.716937 0.355500 0.079529 0.058542
0.073097 0.569198 0.062900 0.043336
0.065818 0.461808 0.085008 0.050119
0.717787 0.237808 0.081996 0.055014
0.071428 0.519075 0.063569 0.045157
0.723199 0.945690 0.068149 0.049353
0.511756 0.864490 0.067863 0.051862
0.501561 0.183850 0.085440 0.053213
0.833439 0.809234 0.074243 0.030741
0.616975 0.236875 0.081460 0.039056
0.504639 0.746177 0.067850 0.049178
0.935163 0.070365 0.088491 0.048216
0.065405 0.197817 0.073241 0.053754
0.287781 0.788219 0.069606 0.050139
0.731953 0.451373 0.086063 0.032216
0.279189 0.079497 0.086908 0.050177
0.286237 0.628672 0.083074 0.044591
0.504179 0.133031 0.086764 0.042144
0.283026 0.681736 0.071798 0.049392
0.064546 0.139797 0.076558 0.054258
0.612988 0.134628 0.072210 0.051339
0.075571 0.790480 0.091036 0.058485
0.619631 0.600402 0.066592 0.046731
0.174683 0.504983 0.064284 0.049040
0.824289 0.072202 0.061346 0.042665
0.398386 0.564666 0.070426 0.052034
0.400544 0.953780 0.073734 0.042804
0.177319 0.820947 0.070000 0.048413
0.401725 0.455577 0.069088 0.041292
0.075099 0.929437 0.071934 0.041237
0.830635 0.904514 0.050504 0.041391
0.512054 0.960417 0.091148 0.047154
0.176061 0.558013 0.060226 0.048424
0.404975 0.909521 0.074006 0.040559
0.280584 0.195028 0.079796 0.055310
0.510111 0.590787 0.078098 0.039992
0.070779 0.843720 0.066134 0.039419
0.729434 0.600233 0.080749 0.044424
0.718151 0.298278 0.069773 0.050301
0.171725 0.353827 0.068457 0.038148
0.727635 0.545702 0.070437 0.048436
0.504277 0.404298 0.075530 0.043549
0.166982 0.246193 0.085567 0.057848
0.829991 0.446608 0.062221 0.049981
0.290846 0.576442 0.079668 0.056003
0.176049 0.766484 0.065740 0.049398
0.181135 0.874141 0.060908 0.051601
0.714544 0.071953 0.066171 0.043722
0.168863 0.081563 0.057335 0.045087
0.060513 0.084719 0.070932 0.051524
0.067109 0.254094 0.057888 0.053366
0.626230 0.962524 0.069365 0.038730
0.177656 0.715326 0.065958 0.054836
0.505707 0.359625 0.066257 0.042723
0.936616 0.281020 0.066956 0.054262
0.724225 0.800745 0.083533 0.045062
0.073442 0.886827 0.054212 0.039919
0.826481 0.398319 0.067526 0.041086
0.502762 0.082750 0.077213 0.055641
0.183171 0.961402 0.086431 0.031436
0.080929 0.967458 0.076634 0.041095
0.398123 0.615958 0.050888 0.043307
0.398293 0.144630 0.072046 0.053412
0.171728 0.187270 0.076911 0.050606
0.726362 0.846637 0.061399 0.039070
0.508539 0.532862 0.077888 0.061502
0.829457 0.601728 0.067994 0.049455
0.715603 0.186444 0.059940 0.038713
0.714713 0.126672 0.077437 0.060914
0.279547 0.139195 0.067842 0.054931
0.504914 0.303288 0.066541 0.064131
0.507401 0.459166 0.070690 0.059416
0.829255 0.501418 0.069705 0.051776
0.400239 0.198232 0.060619 0.048664
0.397071 0.087633 0.060280 0.057466
0.286250 0.962407 0.103634 0.035221
0.829090 0.550049 0.064237 0.040862
0.448548 0.025792 0.047849 0.040394
0.292474 0.947686 0.097541 0.046768
