0.828335 0.240517 0.064867 0.040112
0.503200 0.221724 0.062254 0.039760
0.936966 0.842033 0.060053 0.033962
0.935136 0.730064 0.057179 0.039466
0.933401 0.771078 0.062113 0.038248
0.717394 0.576692 0.067219 0.045663
0.715968 0.625477 0.071673 0.048895
0.822321 0.168693 0.066036 0.039102
0.501490 0.693082 0.057342 0.035779
0.710567 0.022984 0.065349 0.036006
0.591079 0.067325 0.075447 0.044325
0.718729 0.470950 0.063424 0.040546
0.940492 0.294053 0.056932 0.036140
0.604929 0.659693 0.060454 0.038120
0.607489 0.701077 0.061859 0.038041
0.725979 0.430483 0.060713 0.036970
0.605501 0.618864 0.059504 0.040553
0.375285 0.177480 0.063045 0.034506
0.830414 0.587896 0.056157 0.034482
0.935914 0.333461 0.048987 0.037768
0.717617 0.923161 0.051449 0.033650
0.716691 0.324891 0.057473 0.040436
0.717019 0.279689 0.058529 0.047741
0.941305 0.254905 0.053154 0.042484
0.058489 0.372362 0.051608 0.042644
0.831364 0.691995 0.055824 0.038358
0.937413 0.913291 0.050703 0.036744
0.495324 0.569315 0.061763 0.040303
0.714741 0.850711 0.053608 0.037263
0.935729 0.628576 0.077917 0.045924
0.936344 0.877127 0.048127 0.034118
0.719431 0.194295 0.051887 0.044413
0.931804 0.807758 0.049716 0.031868
0.716119 0.122722 0.054087 0.036612
0.715776 0.673858 0.060339 0.045949
0.065667 0.970526 0.064065 0.040755
0.372887 0.247711 0.063629 0.037371
0.609315 0.456878 0.063837 0.038212
0.614678 0.934682 0.048998 0.038549
0.494755 0.893539 0.051510 0.038956
0.498131 0.308783 0.078938 0.036559
0.608345 0.737269 0.055485 0.034283
0.832309 0.728387 0.062800 0.034306
0.720373 0.236555 0.074841 0.035691
0.178038 0.972875 0.048253 0.036856
0.719816 0.718708 0.055970 0.046487
0.827127 0.893549 0.058072 0.029101
0.939177 0.140880 0.053741 0.038649
0.173212 0.902637 0.052292 0.039093
0.827837 0.830182 0.051942 0.033535
0.719216 0.810987 0.047606 0.041277
0.502066 0.930279 0.050086 0.035747
0.064976 0.052704 0.048144 0.034187
0.829485 0.552384 0.049962 0.035696
0.494754 0.761950 0.052865 0.040077
0.064908 0.122773 0.049483 0.039557
0.818617 0.085502 0.056929 0.039380
0.610439 0.806694 0.044474 0.032908
0.828091 0.395566 0.057295 0.041573
0.717678 0.887774 0.054367 0.036973
0.826791 0.276798 0.052705 0.032434
0.604345 0.579662 0.052383 0.036360
0.935413 0.370940 0.047650 0.035048
0.166586 0.656708 0.060280 0.041028
0.829958 0.311802 0.053778 0.036605
0.836874 0.959825 0.055184 0.040436
0.063477 0.165348 0.052859 0.040262
0.499880 0.381861 0.050888 0.038385
0.382033 0.518581 0.053791 0.038041
0.828298 0.203914 0.055202 0.033392
0.062608 0.085908 0.046416 0.031795
0.827078 0.351473 0.049447 0.043112
0.823871 0.128055 0.049896 0.038588
0.605882 0.540450 0.050156 0.039820
0.065994 0.584802 0.049574 0.037965
0.162594 0.184585 0.070614 0.043833
0.833009 0.512246 0.053093 0.037843
0.945802 0.481660 0.052617 0.032798
0.497324 0.267820 0.053895 0.042157
0.495375 0.141869 0.053071 0.035864
0.492798 0.726454 0.057855 0.032790
0.830787 0.434534 0.053351 0.035151
0.719657 0.767169 0.051146 0.044428
0.496914 0.179017 0.045074 0.032352
0.281083 0.262155 0.057260 0.036368
0.724193 0.394274 0.055636 0.035729
0.610013 0.840583 0.047473 0.027211
0.382291 0.822235 0.058200 0.038258
0.607893 0.498823 0.052837 0.044129
0.498532 0.654870 0.052153 0.038707
0.833889 0.653061 0.051126 0.037132
0.722279 0.361602 0.049615 0.035021
0.375520 0.025916 0.055664 0.037531
0.596603 0.023649 0.051268 0.037354
0.933065 0.553408 0.051125 0.039207
0.383200 0.685998 0.052792 0.038125
0.827723 0.475389 0.063097 0.038579
0.389565 0.965616 0.072870 0.035293
0.385758 0.862247 0.053780 0.038625
0.497124 0.966869 0.049024 0.036412
0.599284 0.190407 0.048225 0.040673
0.172442 0.831393 0.054037 0.037206
0.377710 0.069251 0.048223 0.043294
0.943191 0.182044 0.049935 0.034857
0.390824 0.933501 0.061252 0.031065
0.063770 0.294042 0.044724 0.039436
0.280405 0.301880 0.055211 0.043734
0.496598 0.802664 0.055905 0.036333
0.934857 0.071051 0.049604 0.042548
0.374524 0.406257 0.061111 0.039600
0.065941 0.623689 0.052346 0.033675
0.062860 0.205660 0.047026 0.039463
0.176989 0.938453 0.045665 0.032286
0.491339 0.859388 0.056322 0.028081
0.497249 0.344281 0.060863 0.031790
0.595418 0.111144 0.058855 0.034520
0.939053 0.215092 0.047376 0.030927
0.371517 0.330851 0.046057 0.039900
0.376093 0.213611 0.050651 0.031503
0.939257 0.692920 0.057685 0.031452
0.713585 0.958426 0.053680 0.034386
0.595776 0.150459 0.058465 0.039145
0.381895 0.141452 0.045435 0.036947
0.607175 0.772159 0.048286 0.032704
0.836483 0.764339 0.050626 0.034674
0.174150 0.285961 0.068568 0.037398
0.490599 0.529827 0.051030 0.033988
0.066086 0.852910 0.056729 0.044095
0.715003 0.088477 0.043389 0.032783
0.933345 0.028409 0.056561 0.038014
0.273806 0.753209 0.054280 0.036271
0.601671 0.234888 0.046604 0.040932
0.496564 0.611611 0.066596 0.039603
0.170968 0.790600 0.044367 0.040845
0.493830 0.098431 0.055615 0.048978
0.500827 0.417768 0.054450 0.035036
0.166809 0.611636 0.051922 0.042859
0.712960 0.056154 0.048684 0.031476
0.169004 0.729414 0.044569 0.027866
0.175533 0.865462 0.052849 0.035210
0.384369 0.613661 0.044849 0.041358
0.490071 0.053398 0.061671 0.036796
0.382210 0.107396 0.043466 0.030318
0.936600 0.515271 0.046725 0.032327
0.935887 0.406719 0.051161 0.037973
0.717666 0.155704 0.049820 0.033102
0.059389 0.419088 0.044444 0.041539
0.610379 0.868946 0.047804 0.029780
0.830701 0.923672 0.050686 0.031752
0.062952 0.658927 0.045919 0.036860
0.060441 0.505886 0.048395 0.040452
0.165626 0.567734 0.046202 0.040832
0.169758 0.695236 0.044901 0.032534
0.279189 0.105145 0.050045 0.039749
0.834672 0.796658 0.048036 0.032742
0.376452 0.446498 0.047953 0.039319
0.268331 0.715382 0.058749 0.038211
0.065860 0.896627 0.050483 0.040899
0.064610 0.544394 0.047693 0.036588
0.819302 0.021395 0.044843 0.031365
0.063212 0.333004 0.042978 0.032001
0.064259 0.020429 0.043719 0.027327
0.938091 0.950586 0.058900 0.033083
0.941039 0.446062 0.044795 0.035649
0.061542 0.701337 0.047069 0.043538
0.284999 0.352040 0.049899 0.049754
0.061341 0.461830 0.046360 0.042263
0.377716 0.731817 0.048402 0.045162
0.169139 0.756044 0.044763 0.028786
0.611172 0.898574 0.052103 0.034910
0.829992 0.862325 0.045585 0.028825
0.384013 0.552161 0.044489 0.029847
0.279468 0.063815 0.047358 0.037474
0.276684 0.147729 0.043955 0.040232
0.275711 0.613740 0.047051 0.039960
0.274150 0.789229 0.046605 0.033631
0.372434 0.367446 0.044024 0.032368
0.606751 0.420404 0.051852 0.033547
0.370878 0.288305 0.049115 0.041931
0.495256 0.019206 0.044231 0.029740
0.071694 0.811145 0.060475 0.034764
0.168986 0.499721 0.047137 0.036657
0.382066 0.483196 0.047357 0.028632
0.830516 0.620889 0.053130 0.025731
0.383162 0.579951 0.053998 0.025498
0.597563 0.351546 0.046793 0.041132
0.164429 0.136197 0.053391 0.044263
0.276238 0.188116 0.048819 0.037745
0.620021 0.967881 0.055496 0.028845
0.493593 0.452209 0.058477 0.036073
0.278057 0.573699 0.049546 0.035128
0.600126 0.271824 0.040117 0.031047
0.065546 0.935367 0.047510 0.035825
0.273510 0.528571 0.058363 0.044184
0.169418 0.418233 0.049555 0.039363
0.269547 0.831538 0.050056 0.048162
0.170725 0.094710 0.045307 0.037690
0.175579 0.050819 0.055117 0.041724
0.165595 0.375428 0.045151 0.040981
0.498482 0.492203 0.047364 0.031888
0.936319 0.587426 0.042024 0.025804
0.168598 0.225040 0.053283 0.026390
0.268906 0.678004 0.044791 0.028692
0.378002 0.780424 0.052840 0.049740
0.277305 0.224479 0.049230 0.036585
0.821981 0.051156 0.043900 0.024389
0.497624 0.832228 0.040053 0.022928
0.270981 0.651162 0.049722 0.024706
0.939208 0.976751 0.053845 0.029813
0.940885 0.107485 0.039887 0.025423
0.277975 0.399633 0.044332 0.046434
0.062177 0.247612 0.041137 0.043223
0.276538 0.899725 0.047966 0.033634
0.283174 0.442168 0.050048 0.029463
0.721263 0.531993 0.056128 0.043005
0.169064 0.460672 0.040790 0.034567
0.063708 0.738478 0.043360 0.033814
0.273938 0.869372 0.047948 0.025422
0.603717 0.391194 0.049635 0.028401
0.940349 0.664651 0.043630 0.023947
0.275995 0.024593 0.051251 0.038081
0.387743 0.900153 0.052916 0.036050
0.162970 0.327301 0.044875 0.042784
0.169348 0.532375 0.038715 0.027480
0.167977 0.252403 0.043968 0.021524
0.719489 0.510969 0.055539 0.037813
0.278223 0.484135 0.042375 0.040446
0.177284 0.017192 0.045014 0.026529
0.387695 0.649457 0.048488 0.026832
0.275055 0.937184 0.060748 0.037901
0.593313 0.309388 0.049739 0.037551
0.069599 0.774461 0.056635 0.038939
