0.293561 0.505786 0.075718 0.045042
0.172862 0.683308 0.067686 0.038727
0.503983 0.222511 0.057513 0.041794
0.399612 0.135209 0.051664 0.035686
0.173115 0.181836 0.060065 0.037274
0.178278 0.647658 0.058637 0.027244
0.499727 0.557284 0.065724 0.041606
0.507863 0.635826 0.066924 0.034203
0.173634 0.220429 0.058627 0.035625
0.392253 0.658785 0.059018 0.042125
0.504103 0.307074 0.070171 0.043259
0.503990 0.417318 0.059658 0.036694
0.294100 0.640605 0.061094 0.040014
0.068124 0.146980 0.058578 0.043355
0.287786 0.598741 0.055609 0.039459
0.284872 0.882548 0.058257 0.041289
0.179672 0.288217 0.060669 0.034872
0.065736 0.394365 0.053586 0.032912
0.068866 0.493778 0.055080 0.038709
0.067275 0.322195 0.057452 0.030499
0.392773 0.205631 0.056240 0.033378
0.944287 0.254226 0.051952 0.039649
0.941570 0.179949 0.055375 0.034770
0.289212 0.386909 0.066783 0.039585
0.061920 0.760599 0.059639 0.034638
0.066064 0.355476 0.046973 0.035373
0.396686 0.064811 0.066015 0.036908
0.394505 0.730893 0.069282 0.036712
0.177804 0.357129 0.053595 0.036170
0.173621 0.616424 0.050086 0.031909
0.284126 0.192197 0.061030 0.045092
0.282679 0.685397 0.073615 0.043704
0.502771 0.060253 0.054172 0.036287
0.503267 0.181749 0.051896 0.039482
0.069343 0.455839 0.054456 0.037421
0.050608 0.946758 0.065009 0.044890
0.173163 0.908033 0.054548 0.042430
0.718681 0.060119 0.064098 0.044877
0.944011 0.144258 0.057201 0.032596
0.282398 0.797551 0.065080 0.041352
0.178402 0.871296 0.057305 0.029657
0.285946 0.427324 0.062803 0.037742
0.176104 0.432846 0.051866 0.041035
0.723152 0.218152 0.058227 0.043354
0.283914 0.108734 0.072600 0.042769
0.508687 0.923275 0.058904 0.035299
0.180431 0.725094 0.053830 0.040578
0.940926 0.854986 0.047145 0.036021
0.835020 0.325177 0.057738 0.040057
0.837486 0.283078 0.056555 0.041725
0.295595 0.343075 0.056129 0.041096
0.728113 0.606760 0.066182 0.046856
0.290604 0.553695 0.056638 0.045228
0.066720 0.068324 0.055548 0.039202
0.723069 0.741518 0.056195 0.043910
0.934755 0.891539 0.056653 0.034465
0.177535 0.767820 0.056805 0.040005
0.057536 0.594738 0.054315 0.035228
0.828533 0.647745 0.054101 0.043977
0.177125 0.472928 0.057976 0.035125
0.288942 0.921572 0.064087 0.031181
0.719059 0.104621 0.054205 0.039165
0.176890 0.584772 0.050542 0.028739
0.391427 0.244108 0.058954 0.038738
0.613889 0.356770 0.060573 0.044891
0.067427 0.105855 0.051687 0.035408
0.066185 0.832059 0.061172 0.031497
0.177221 0.808079 0.053407 0.038069
0.503910 0.264506 0.064424 0.040772
0.828400 0.961229 0.050395 0.035829
0.392711 0.808296 0.074607 0.041060
0.834591 0.773997 0.066368 0.042296
0.060900 0.797814 0.056078 0.036136
0.503545 0.516696 0.052743 0.033841
0.828411 0.924430 0.050630 0.032156
0.279167 0.031102 0.063676 0.042913
0.061119 0.865887 0.051354 0.034662
0.722112 0.262821 0.055877 0.041148
0.507215 0.383377 0.056355 0.030730
0.835483 0.398099 0.052263 0.037927
0.172350 0.950811 0.056007 0.039209
0.176857 0.139237 0.059236 0.039075
0.287675 0.149589 0.062251 0.037828
0.282170 0.069069 0.062692 0.035942
0.172567 0.392534 0.050529 0.034564
0.061175 0.728805 0.050287 0.026536
0.500084 0.596816 0.054756 0.036754
0.723370 0.695671 0.056731 0.046514
0.286653 0.727786 0.050965 0.035786
0.502180 0.885793 0.053639 0.036580
0.945351 0.295323 0.051757 0.039591
0.178462 0.321696 0.046325 0.030773
0.289403 0.300101 0.057239 0.039629
0.176558 0.510402 0.062500 0.041225
0.940300 0.339910 0.069387 0.044072
0.612043 0.055733 0.050150 0.036664
0.719416 0.147309 0.052520 0.042363
0.393352 0.614071 0.051794 0.038521
0.508931 0.958909 0.070818 0.036940
0.609941 0.122827 0.073130 0.033200
0.936589 0.569442 0.051328 0.038968
0.388239 0.386368 0.049120 0.036391
0.283045 0.840738 0.050208 0.041702
0.400379 0.922632 0.048335 0.035103
0.837118 0.361628 0.052420 0.034104
0.396161 0.964693 0.066758 0.043215
0.400086 0.849768 0.051968 0.038473
0.834340 0.211705 0.068016 0.032172
0.614455 0.517630 0.057244 0.040683
0.938690 0.031529 0.062668 0.042547
0.396329 0.171698 0.044439 0.032086
0.726510 0.562936 0.062589 0.037677
0.396314 0.538637 0.056008 0.040036
0.062446 0.632211 0.050638 0.037144
0.830139 0.104665 0.057019 0.043252
0.614466 0.834185 0.053397 0.039852
0.939334 0.489631 0.063117 0.034336
0.613763 0.654993 0.055218 0.047250
0.389172 0.426941 0.058841 0.043389
0.503381 0.452075 0.060161 0.031239
0.506867 0.097710 0.051933 0.037357
0.063941 0.027915 0.053658 0.041947
0.609659 0.314967 0.067609 0.038932
0.385639 0.470205 0.050328 0.035142
0.932713 0.927060 0.058046 0.036185
0.285485 0.464897 0.058966 0.033677
0.827664 0.856460 0.047773 0.037431
0.942415 0.214191 0.054123 0.037982
0.832887 0.606917 0.058110 0.037477
0.827700 0.145505 0.062959 0.037054
0.827021 0.031286 0.057204 0.044271
0.830619 0.729809 0.076305 0.041478
0.282387 0.262164 0.059302 0.031423
0.830568 0.817728 0.052644 0.040392
0.397974 0.101598 0.045606 0.031716
0.058646 0.902803 0.046961 0.035851
0.611622 0.192186 0.057481 0.035202
0.724479 0.402952 0.053031 0.037595
0.609133 0.021424 0.051330 0.029238
0.719971 0.649439 0.055855 0.038984
0.389184 0.347590 0.046407 0.034363
0.723535 0.300809 0.049102 0.031212
0.839565 0.245973 0.055943 0.032612
0.943191 0.112060 0.054393 0.029288
0.505164 0.135872 0.053573 0.039481
0.832701 0.466361 0.053622 0.039626
0.724838 0.815807 0.051695 0.040586
0.611502 0.610317 0.049872 0.039664
0.622752 0.954648 0.059288 0.041261
0.287481 0.761770 0.055511 0.028531
0.826291 0.568550 0.052774 0.036928
0.935928 0.610695 0.056780 0.042202
0.938387 0.816882 0.046693 0.035128
0.611620 0.877482 0.064551 0.045132
0.938783 0.656591 0.058814 0.047034
0.395854 0.025516 0.057954 0.040986
0.176868 0.547775 0.056735 0.035756
0.937352 0.527639 0.064321 0.041053
0.723297 0.445501 0.053834 0.039942
0.172091 0.027967 0.049913 0.038648
0.720720 0.021836 0.061753 0.029530
0.944732 0.421465 0.047257 0.032639
0.610951 0.090778 0.046158 0.031799
0.834553 0.501698 0.052242 0.033151
0.943557 0.382375 0.048317 0.039316
0.939540 0.780387 0.046732 0.034597
0.611750 0.792949 0.057212 0.041323
0.061382 0.694036 0.048988 0.034482
0.943264 0.455210 0.045594 0.032498
0.721828 0.860988 0.055111 0.044163
0.936550 0.701001 0.054027 0.038539
0.388863 0.311424 0.049279 0.033612
0.614686 0.482731 0.059498 0.029555
0.613667 0.563640 0.064529 0.048358
0.936203 0.741302 0.045732 0.041001
0.064841 0.285533 0.056147 0.035352
0.725792 0.780300 0.050639 0.032875
0.177093 0.840194 0.048686 0.027444
0.828512 0.891920 0.049944 0.029486
0.613085 0.155504 0.049427 0.031760
0.939223 0.076417 0.052199 0.043209
0.067468 0.188026 0.047329 0.034497
0.396258 0.768306 0.064502 0.036188
0.937587 0.961731 0.055465 0.037304
0.832241 0.691900 0.059272 0.038314
0.175197 0.064806 0.043988 0.032062
0.726491 0.486262 0.049628 0.041945
0.388659 0.503128 0.040812 0.029346
0.288059 0.958399 0.044838 0.033353
0.722215 0.367823 0.045328 0.034803
0.281054 0.230977 0.054803 0.031895
0.176864 0.255453 0.044569 0.028534
0.502490 0.702025 0.046929 0.042783
0.399426 0.886883 0.045771 0.034850
0.501899 0.745968 0.046140 0.041282
0.499899 0.784185 0.048793 0.032212
0.835246 0.431760 0.042850 0.029756
0.505152 0.350310 0.043171 0.034850
0.398479 0.695823 0.044747 0.031300
0.829039 0.067168 0.067185 0.028416
0.831093 0.534913 0.065666 0.026795
0.727270 0.184255 0.056644 0.025836
0.392007 0.576292 0.044678 0.033796
0.061956 0.531571 0.039840 0.033465
0.390017 0.281585 0.041580 0.031055
0.832661 0.179985 0.048855 0.030084
0.723286 0.334219 0.042795 0.032422
0.068367 0.424682 0.043274 0.023711
0.060120 0.663961 0.046168 0.028214
0.722257 0.899729 0.052679 0.032098
0.613456 0.405576 0.051049 0.047548
0.175787 0.099413 0.051719 0.036082
0.618928 0.917309 0.046710 0.033370
0.065006 0.255232 0.037026 0.029968
0.614390 0.232135 0.057145 0.045500
0.068331 0.223073 0.038975 0.034644
0.502111 0.669680 0.054860 0.028885
0.501226 0.816383 0.046461 0.033112
0.501338 0.024033 0.052035 0.035065
0.725007 0.965644 0.043514 0.030766
0.507625 0.481191 0.043789 0.033389
0.721310 0.932542 0.050414 0.037648
0.614051 0.699200 0.050075 0.039815
0.615189 0.741240 0.060961 0.043330
0.059246 0.562291 0.037217 0.030798
0.728433 0.524352 0.056996 0.033198
0.614950 0.274462 0.051600 0.039222
0.500906 0.849724 0.043797 0.033948
0.615554 0.450102 0.052143 0.035588
