0.714455 0.477848 0.069171 0.041220
0.619770 0.197097 0.061046 0.036531
0.406948 0.197244 0.064868 0.037210
0.620986 0.238554 0.061416 0.042426
0.289972 0.078776 0.076145 0.041946
0.400661 0.900785 0.072743 0.045010
0.506005 0.279192 0.057282 0.037876
0.295277 0.216087 0.068799 0.043220
0.613157 0.722805 0.061270 0.042893
0.831260 0.470798 0.073240 0.044076
0.604017 0.803011 0.062642 0.039370
0.720997 0.219280 0.071233 0.041420
0.403869 0.324599 0.067480 0.040359
0.721536 0.347397 0.073536 0.038690
0.174661 0.180572 0.060803 0.035454
0.610577 0.844565 0.072219 0.043045
0.406733 0.440566 0.069053 0.037320
0.180891 0.424978 0.062782 0.039437
0.292799 0.258531 0.070885 0.038767
0.928277 0.113412 0.063082 0.043214
0.725952 0.306771 0.069540 0.039710
0.614888 0.281599 0.061946 0.038278
0.179452 0.251004 0.064951 0.036495
0.720689 0.090563 0.070026 0.041560
0.716415 0.435416 0.070669 0.040436
0.401846 0.652086 0.063242 0.045814
0.504623 0.691450 0.065727 0.038514
0.504467 0.652956 0.069684 0.037270
0.616608 0.595315 0.066668 0.045253
0.180824 0.293341 0.069723 0.040138
0.620892 0.093786 0.064431 0.041487
0.064579 0.112741 0.078086 0.045137
0.292131 0.166862 0.060247 0.042329
0.613509 0.550373 0.067462 0.041184
0.820915 0.123198 0.080593 0.045197
0.826357 0.875672 0.076067 0.043751
0.399496 0.696920 0.066488 0.041470
0.399593 0.238374 0.074957 0.038311
0.291195 0.892309 0.072277 0.042979
0.174459 0.674384 0.070504 0.050892
0.064295 0.189445 0.069908 0.037843
0.509249 0.558853 0.072581 0.040639
0.722263 0.264499 0.078993 0.045929
0.403006 0.116048 0.065512 0.041013
0.716705 0.389515 0.063824 0.041253
0.396123 0.952142 0.067154 0.049123
0.939702 0.495512 0.072112 0.041864
0.174109 0.626478 0.061803 0.039997
0.505707 0.514565 0.055491 0.042222
0.394635 0.780520 0.065290 0.045877
0.502554 0.239633 0.067453 0.035902
0.832431 0.332796 0.072929 0.035090
0.830299 0.292995 0.072428 0.042992
0.287668 0.548963 0.061927 0.039833
0.507181 0.472641 0.057567 0.035044
0.513729 0.204394 0.067125 0.032958
0.063125 0.394315 0.074317 0.040694
0.718306 0.179699 0.065860 0.037172
0.174994 0.141685 0.054291 0.035906
0.404236 0.157082 0.060098 0.039762
0.828259 0.166886 0.075430 0.040922
0.287317 0.505349 0.074205 0.045142
0.506575 0.731085 0.060194 0.038284
0.718823 0.965422 0.068286 0.045340
0.181726 0.466646 0.064836 0.040607
0.820561 0.079182 0.077070 0.040207
0.293193 0.297549 0.056544 0.039443
0.504052 0.770323 0.057857 0.039778
0.603752 0.928486 0.067234 0.036570
0.406785 0.515909 0.063703 0.036002
0.400444 0.856259 0.068081 0.043066
0.620045 0.159286 0.070490 0.033763
0.284675 0.804422 0.055958 0.043099
0.613872 0.638182 0.059398 0.038103
0.178484 0.764764 0.064748 0.035956
0.819514 0.918938 0.069141 0.038981
0.290675 0.590977 0.053829 0.040006
0.615885 0.391715 0.070202 0.035800
0.064067 0.151668 0.063390 0.033841
0.286541 0.666653 0.067056 0.037682
0.934529 0.453750 0.065109 0.039979
0.931666 0.689689 0.078519 0.042901
0.511075 0.321872 0.064478 0.039092
0.395336 0.071197 0.051546 0.043942
0.293555 0.431569 0.068701 0.036274
0.288800 0.708979 0.072639 0.040599
0.825005 0.963483 0.062029 0.044532
0.612018 0.509345 0.066529 0.030536
0.827792 0.032794 0.081801 0.049886
0.289346 0.121258 0.074573 0.039034
0.289465 0.630958 0.061899 0.032435
0.716778 0.643850 0.071021 0.043968
0.609915 0.764394 0.063906 0.036238
0.933097 0.070682 0.064405 0.035193
0.399117 0.479149 0.069584 0.031644
0.715907 0.844584 0.063579 0.039148
0.610268 0.679080 0.063804 0.039971
0.825398 0.549558 0.079221 0.037381
0.396358 0.281154 0.062393 0.042621
0.062614 0.031140 0.062307 0.041260
0.831224 0.590035 0.067162 0.043375
0.398787 0.557995 0.057607 0.043037
0.058467 0.268654 0.061887 0.044689
0.513071 0.084498 0.057513 0.040588
0.511273 0.129209 0.058143 0.040289
0.711051 0.885683 0.061785 0.037801
0.822448 0.750569 0.064792 0.032711
0.823797 0.832433 0.072911 0.041578
0.717547 0.732389 0.069746 0.038324
0.828083 0.715731 0.066226 0.032273
0.608964 0.887505 0.070867 0.036995
0.720700 0.136548 0.065057 0.047631
0.283992 0.755054 0.061103 0.046145
0.832284 0.208624 0.069941 0.039915
0.930047 0.608299 0.057003 0.036603
0.930360 0.184256 0.074849 0.028663
0.504619 0.432439 0.075956 0.040962
0.924994 0.534602 0.067449 0.036294
0.404562 0.402012 0.050918 0.031273
0.929659 0.647584 0.064877 0.037899
0.068673 0.727245 0.072257 0.042164
0.399686 0.027938 0.066213 0.038231
0.925294 0.571294 0.064315 0.034822
0.180458 0.337048 0.056550 0.041951
0.178216 0.800278 0.061432 0.031533
0.062818 0.069877 0.065078 0.036595
0.934221 0.151791 0.057877 0.030364
0.179196 0.382954 0.057611 0.041435
0.052581 0.561343 0.056527 0.041743
0.070966 0.685816 0.065454 0.033510
0.510924 0.167468 0.050234 0.035741
0.174588 0.900403 0.059186 0.033665
0.172834 0.582469 0.079217 0.039671
0.941654 0.929981 0.074272 0.034143
0.176933 0.504159 0.054875 0.034890
0.057003 0.312347 0.063748 0.037518
0.603332 0.964967 0.081214 0.037148
0.619489 0.024710 0.068402 0.034930
0.296407 0.388697 0.075141 0.044173
0.055295 0.436913 0.068568 0.037752
0.497541 0.815013 0.050413 0.044935
0.932814 0.254377 0.062156 0.036226
0.177350 0.106967 0.070687 0.027292
0.720672 0.689632 0.066775 0.044103
0.280037 0.343721 0.070247 0.040927
0.285518 0.850258 0.070466 0.032951
0.826699 0.633576 0.078208 0.035494
0.180550 0.034391 0.063848 0.044748
0.403860 0.366264 0.059586 0.038332
0.934571 0.294495 0.083712 0.040615
0.176545 0.866076 0.063427 0.030978
0.830477 0.511186 0.062997 0.034372
0.933861 0.411388 0.069019 0.046079
0.712281 0.922637 0.054895 0.036855
0.398048 0.604695 0.062033 0.041933
0.829919 0.790806 0.065499 0.039247
0.610729 0.433999 0.051260 0.039951
0.402134 0.736399 0.061153 0.029497
0.179451 0.074753 0.054022 0.032399
0.827989 0.676718 0.057072 0.044201
0.491972 0.937992 0.058437 0.033337
0.713148 0.808138 0.072570 0.033065
0.716526 0.023740 0.066406 0.034925
0.283743 0.937724 0.079855 0.036545
0.497328 0.971620 0.066867 0.036798
0.933022 0.334398 0.078877 0.035151
0.175214 0.215133 0.056399 0.027136
0.060366 0.353677 0.057209 0.038116
0.938177 0.891734 0.055707 0.042673
0.176969 0.723668 0.048904 0.041721
0.714823 0.772390 0.055703 0.034573
0.932834 0.733241 0.085582 0.040295
0.715960 0.523423 0.063705 0.041837
0.498487 0.894077 0.045838 0.048985
0.928695 0.216767 0.058106 0.034521
0.174892 0.936338 0.069680 0.031623
0.176327 0.542727 0.055442 0.039867
0.506373 0.607730 0.061202 0.049414
0.291950 0.032063 0.065193 0.039429
0.621968 0.058627 0.066668 0.027234
0.507647 0.396505 0.067538 0.025406
0.058131 0.226522 0.059587 0.031425
0.946704 0.966750 0.072554 0.039150
0.619589 0.360479 0.054448 0.025199
0.179392 0.832914 0.077480 0.030787
0.835371 0.373481 0.066847 0.040417
0.059436 0.483106 0.048955 0.047387
0.724842 0.056037 0.063486 0.025985
0.060980 0.522941 0.051317 0.024845
0.716258 0.603472 0.064032 0.034222
0.061245 0.643335 0.050436 0.038408
0.937922 0.815469 0.071766 0.040137
0.931967 0.775199 0.074961 0.044144
0.619537 0.128374 0.060337 0.025538
0.935040 0.371211 0.086065 0.035338
0.612530 0.323874 0.063617 0.041735
0.827244 0.250178 0.080482 0.041570
0.397518 0.819083 0.064559 0.026180
0.057536 0.602141 0.052692 0.040713
0.933536 0.030601 0.053108 0.042341
0.287906 0.465445 0.053321 0.028551
0.498833 0.854664 0.049581 0.027965
0.611556 0.473820 0.049975 0.039489
0.512780 0.362068 0.061909 0.036372
0.932788 0.852792 0.061134 0.033339
0.721481 0.565790 0.050950 0.041975
0.832089 0.434869 0.054184 0.025460
0.288436 0.970657 0.069963 0.034984
0.506343 0.036491 0.054982 0.050654
0.175404 0.965127 0.078106 0.033744
0.832821 0.407233 0.048576 0.030408
0.227532 0.922749 0.031632 0.021914
