0.730818 0.230592 0.059426 0.036160
0.184493 0.145023 0.072991 0.039765
0.617870 0.572501 0.058322 0.039092
0.617039 0.122200 0.057089 0.033104
0.295544 0.182620 0.058396 0.040455
0.733029 0.298905 0.059993 0.032577
0.620096 0.645764 0.061191 0.037143
0.298968 0.223259 0.057215 0.037194
0.616192 0.158763 0.055759 0.037117
0.406223 0.478883 0.061468 0.037986
0.938985 0.284294 0.068597 0.034017
0.726394 0.554484 0.053896 0.036416
0.299983 0.619205 0.054727 0.032688
0.302396 0.582270 0.055543 0.037928
0.409439 0.868273 0.055974 0.038700
0.519369 0.465491 0.065216 0.034146
0.298742 0.297405 0.054115 0.042416
0.515338 0.503574 0.056989 0.042463
0.935487 0.592071 0.053285 0.035994
0.624103 0.354436 0.052730 0.034474
0.938222 0.665290 0.054377 0.039336
0.184832 0.103544 0.050669 0.039890
0.400372 0.261576 0.055937 0.041644
0.825171 0.152283 0.057421 0.033379
0.625919 0.389993 0.052401 0.029458
0.403354 0.178498 0.057176 0.040850
0.729585 0.481542 0.053766 0.035144
0.730685 0.706608 0.050673 0.035596
0.936179 0.132929 0.056110 0.038856
0.936357 0.253420 0.066889 0.027671
0.731639 0.668608 0.051010 0.038176
0.297744 0.542912 0.053193 0.041957
0.733279 0.628788 0.057795 0.038613
0.401588 0.298861 0.061423 0.031766
0.080970 0.874409 0.053005 0.037705
0.395595 0.063215 0.060661 0.036336
0.400512 0.440229 0.059933 0.037498
0.625218 0.422974 0.049886 0.033232
0.724760 0.783140 0.071217 0.042434
0.300806 0.652666 0.059786 0.033854
0.517415 0.244203 0.053259 0.038279
0.078431 0.574866 0.057063 0.044560
0.185675 0.490266 0.056808 0.037013
0.411210 0.748335 0.051020 0.039535
0.824813 0.309502 0.050486 0.033534
0.941844 0.626779 0.051871 0.034805
0.733827 0.516725 0.060016 0.034589
0.733228 0.893852 0.056343 0.040230
0.735715 0.591136 0.049975 0.034257
0.621258 0.853596 0.058865 0.038599
0.405646 0.557506 0.054892 0.035147
0.937887 0.414719 0.054148 0.036570
0.837891 0.535511 0.060254 0.037433
0.189849 0.529923 0.056265 0.039687
0.729657 0.265412 0.044932 0.031579
0.405164 0.519460 0.050941 0.037715
0.193379 0.610656 0.060430 0.037909
0.942972 0.782476 0.053123 0.040520
0.296514 0.376085 0.061194 0.033095
0.842930 0.574167 0.056720 0.036914
0.183562 0.292439 0.053994 0.040912
0.622389 0.458300 0.047497 0.035092
0.079911 0.911887 0.058731 0.036279
0.296844 0.502053 0.058155 0.037638
0.932647 0.381703 0.061262 0.031052
0.622152 0.610414 0.050920 0.032322
0.300191 0.752071 0.066632 0.037469
0.512739 0.399051 0.046398 0.034144
0.725461 0.412814 0.072846 0.034472
0.935429 0.348687 0.063407 0.034403
0.410708 0.707381 0.050259 0.041893
0.077019 0.617265 0.071486 0.035645
0.936012 0.452074 0.042706 0.035474
0.941456 0.705116 0.053183 0.041176
0.732038 0.855438 0.051755 0.037556
0.192169 0.840274 0.059587 0.042324
0.937092 0.224908 0.047382 0.029294
0.612664 0.055907 0.051459 0.033788
0.182346 0.183676 0.054412 0.037510
0.407224 0.217850 0.053461 0.037058
0.731902 0.933873 0.054592 0.039319
0.081067 0.657922 0.052533 0.041160
0.513120 0.284936 0.055303 0.042125
0.623267 0.816967 0.050333 0.037098
0.296105 0.338670 0.051512 0.038347
0.930522 0.058128 0.072320 0.037370
0.077401 0.504793 0.059267 0.034433
0.725127 0.085911 0.053217 0.032356
0.078606 0.427171 0.065325 0.035125
0.623349 0.243544 0.051420 0.042678
0.413655 0.665015 0.057623 0.040266
0.835994 0.616278 0.056960 0.041335
0.398550 0.101186 0.060469 0.037491
0.728297 0.447854 0.061120 0.033330
0.291748 0.141991 0.052009 0.038824
0.301693 0.410405 0.058785 0.035030
0.625222 0.778272 0.046865 0.034062
0.075426 0.240749 0.052102 0.033035
0.400966 0.400775 0.049958 0.036795
0.944735 0.743642 0.054171 0.034521
0.192003 0.571776 0.054687 0.042919
0.833145 0.466086 0.050205 0.037219
0.517843 0.797575 0.054323 0.035566
0.725995 0.119936 0.050660 0.035738
0.830564 0.782071 0.051357 0.030300
0.938115 0.489020 0.044219 0.036071
0.518004 0.878928 0.050233 0.037661
0.297006 0.258173 0.056568 0.033329
0.623976 0.318532 0.046514 0.037342
0.305499 0.687363 0.053163 0.035558
0.080335 0.840317 0.046087 0.031969
0.720160 0.052276 0.047732 0.034901
0.728640 0.156188 0.048141 0.035661
0.629405 0.968301 0.060510 0.035945
0.185108 0.067112 0.054261 0.031561
0.619451 0.284283 0.047476 0.028060
0.079398 0.202403 0.052449 0.037975
0.408399 0.626009 0.053909 0.035597
0.284939 0.026309 0.064081 0.038374
0.514723 0.431831 0.046504 0.033201
0.944332 0.894767 0.046399 0.038809
0.189997 0.356227 0.059381 0.039442
0.619699 0.199888 0.052387 0.041995
0.189010 0.760522 0.049242 0.036499
0.619052 0.536190 0.050973 0.033686
0.623757 0.709888 0.053338 0.031537
0.628039 0.929722 0.047636 0.039070
0.402500 0.138783 0.052605 0.038480
0.518478 0.838629 0.057351 0.044727
0.082043 0.276275 0.053913 0.038591
0.188062 0.646162 0.057113 0.031742
0.613248 0.087097 0.049786 0.031696
0.611780 0.021567 0.049999 0.029876
0.826300 0.120444 0.054859 0.026365
0.413936 0.829036 0.047877 0.034656
0.937747 0.093438 0.054510 0.040409
0.070439 0.164727 0.052325 0.037205
0.519103 0.756955 0.059550 0.046129
0.825318 0.062218 0.047127 0.035162
0.078295 0.536441 0.054075 0.032536
0.525078 0.969249 0.058818 0.032699
0.292007 0.104177 0.049324 0.035650
0.306164 0.719242 0.051955 0.028712
0.418785 0.973338 0.049073 0.034969
0.303381 0.834077 0.059489 0.045261
0.291060 0.065660 0.062691 0.041078
0.515897 0.550513 0.051631 0.045868
0.827210 0.182480 0.051937 0.029419
0.942085 0.820370 0.048349 0.033207
0.940561 0.521705 0.048354 0.028983
0.728785 0.819796 0.051057 0.031883
0.190235 0.401967 0.056072 0.045093
0.080309 0.319074 0.057917 0.045828
0.833836 0.849497 0.048097 0.037217
0.839163 0.885908 0.051997 0.034344
0.077247 0.704056 0.060986 0.046587
0.063368 0.032695 0.066249 0.042040
0.730469 0.743646 0.051860 0.036034
0.626061 0.890560 0.054631 0.039666
0.412790 0.906740 0.048705 0.039550
0.076576 0.466865 0.056934 0.045099
0.397157 0.024921 0.047182 0.035193
0.833568 0.654121 0.048034 0.033166
0.191227 0.447693 0.048848 0.045767
0.179793 0.028406 0.058115 0.041139
0.836325 0.500410 0.049801 0.033659
0.511918 0.328278 0.050303 0.042553
0.515644 0.713550 0.050616 0.038195
0.829893 0.749146 0.046263 0.036115
0.406216 0.593279 0.047757 0.031077
0.079192 0.742412 0.058529 0.029804
0.617482 0.498354 0.059978 0.042731
0.942960 0.857430 0.052716 0.035320
0.941252 0.168718 0.043933 0.034603
0.190303 0.720519 0.049820 0.041264
0.080745 0.774654 0.045398 0.035801
0.296208 0.470992 0.053095 0.026199
0.825484 0.345117 0.048236 0.033897
0.083340 0.976590 0.050024 0.031871
0.941398 0.317120 0.053236 0.032265
0.513040 0.365791 0.041595 0.032161
0.939551 0.554884 0.041451 0.033461
0.416576 0.941643 0.050460 0.028148
0.727068 0.337638 0.048981 0.039883
0.409526 0.789864 0.056079 0.045280
0.820853 0.024252 0.054351 0.037086
0.402669 0.332082 0.043645 0.032753
0.826867 0.815419 0.064137 0.030863
0.183643 0.798079 0.063809 0.040607
0.400110 0.366950 0.038753 0.033721
0.507558 0.053806 0.051701 0.037015
0.301285 0.790668 0.051453 0.042868
0.840332 0.916833 0.057775 0.029442
0.077771 0.390423 0.049823 0.036439
0.083843 0.944566 0.046252 0.031813
0.514993 0.636029 0.047212 0.036530
0.178613 0.220831 0.048509 0.034743
0.728956 0.192824 0.047455 0.038272
0.512932 0.595912 0.044624 0.043643
0.300106 0.440123 0.043631 0.029168
0.942285 0.932875 0.063341 0.040672
0.515250 0.204003 0.048770 0.037577
0.624527 0.741858 0.046164 0.035619
0.723387 0.376334 0.049606 0.039464
0.181348 0.252882 0.051099 0.035156
0.190517 0.681007 0.049883 0.038423
0.080236 0.808465 0.039583 0.031154
0.503718 0.019645 0.054333 0.032555
0.830231 0.716656 0.044031 0.032138
0.827253 0.093201 0.040061 0.026310
0.622457 0.679402 0.041534 0.031269
0.505908 0.090584 0.062410 0.040344
0.077249 0.357290 0.053604 0.033759
0.524371 0.920994 0.057619 0.042189
0.733808 0.969038 0.050161 0.032227
0.939737 0.196560 0.036276 0.026020
0.712984 0.017701 0.045199 0.031242
0.833122 0.685580 0.041369 0.028343
0.840152 0.953719 0.044006 0.043893
0.825808 0.378629 0.042029 0.031315
0.066896 0.075098 0.055444 0.039544
0.822504 0.245762 0.035805 0.025289
0.303137 0.967668 0.047279 0.043593
0.193577 0.880458 0.048726 0.038545
0.188238 0.325271 0.050006 0.023646
0.825194 0.214010 0.037735 0.033211
0.512970 0.129337 0.039190 0.033711
0.928448 0.024085 0.059990 0.031556
0.832699 0.433199 0.059818 0.025885
0.518875 0.673890 0.049534 0.039270
0.823348 0.273775 0.039286 0.032225
0.827014 0.408193 0.053285 0.028705
0.299847 0.882093 0.045931 0.045720
0.945031 0.969563 0.043880 0.031638
0.300683 0.924716 0.045767 0.036525
0.071516 0.128724 0.044718 0.035418
0.190462 0.919171 0.050416 0.037819
0.512812 0.161661 0.047197 0.029039
0.189039 0.958017 0.055644 0.042129
