0.713621 0.240364 0.070016 0.046500
0.831656 0.315408 0.062503 0.045783
0.940735 0.369808 0.058192 0.040826
0.827304 0.495266 0.057497 0.042203
0.711545 0.703645 0.067548 0.030898
0.938241 0.291428 0.054823 0.039971
0.273861 0.820120 0.069457 0.038968
0.607818 0.183877 0.056377 0.038817
0.595173 0.846427 0.061022 0.041564
0.486571 0.864371 0.059508 0.032919
0.830851 0.578419 0.061887 0.045345
0.280247 0.859694 0.056029 0.036226
0.833575 0.899002 0.069702 0.037531
0.711554 0.670664 0.054804 0.038194
0.487879 0.666649 0.066215 0.043893
0.830263 0.535826 0.060644 0.037908
0.831979 0.404812 0.063437 0.045711
0.836405 0.857816 0.050698 0.040170
0.718088 0.852220 0.068190 0.039511
0.602692 0.333756 0.059668 0.040865
0.171388 0.572591 0.063431 0.045893
0.598960 0.375969 0.063141 0.041390
0.830531 0.624683 0.058189 0.043855
0.713680 0.739612 0.060469 0.038351
0.598816 0.652152 0.053312 0.033085
0.833581 0.274087 0.059368 0.037191
0.384392 0.507775 0.060157 0.039517
0.711277 0.194766 0.056279 0.043011
0.600148 0.456151 0.065573 0.048498
0.831652 0.450967 0.066128 0.039783
0.939597 0.251033 0.055085 0.033872
0.710764 0.632731 0.051474 0.035810
0.836194 0.817970 0.054854 0.036516
0.489162 0.622202 0.054109 0.042264
0.494923 0.330808 0.057089 0.041108
0.072876 0.547252 0.054134 0.038460
0.385961 0.271808 0.066738 0.040965
0.836840 0.935781 0.056440 0.032908
0.951600 0.910388 0.050821 0.034385
0.387991 0.958329 0.056559 0.037880
0.940253 0.210239 0.062108 0.045545
0.715862 0.285822 0.064604 0.044070
0.833862 0.360146 0.053011 0.041072
0.274878 0.708042 0.054619 0.038591
0.832131 0.235717 0.053236 0.039336
0.606200 0.260417 0.058704 0.033602
0.070266 0.124958 0.061413 0.040319
0.833360 0.192395 0.061849 0.044486
0.944403 0.499112 0.057768 0.035898
0.492209 0.926031 0.053662 0.030845
0.387288 0.921447 0.061101 0.034197
0.273233 0.745426 0.057544 0.035550
0.278711 0.782065 0.050902 0.033109
0.950197 0.948669 0.047389 0.040105
0.173385 0.528502 0.051242 0.041638
0.600423 0.802794 0.070064 0.039574
0.719851 0.323430 0.061601 0.034597
0.715406 0.594204 0.056027 0.041132
0.836055 0.780757 0.046914 0.034728
0.385376 0.468458 0.054682 0.040491
0.951066 0.873971 0.049224 0.037706
0.279177 0.378336 0.052692 0.035875
0.497586 0.257271 0.057218 0.040462
0.712422 0.474094 0.051476 0.034147
0.942647 0.060278 0.055214 0.034550
0.599028 0.717554 0.053309 0.041306
0.485998 0.470123 0.057242 0.043814
0.719121 0.814513 0.058629 0.036458
0.279513 0.493021 0.057349 0.035335
0.945727 0.833016 0.063605 0.038213
0.069431 0.162510 0.056116 0.034949
0.276760 0.927900 0.054311 0.026744
0.617471 0.074642 0.061948 0.038114
0.083693 0.719779 0.070052 0.036184
0.603298 0.577928 0.052920 0.035702
0.832564 0.662749 0.052026 0.033120
0.597681 0.889233 0.056006 0.044216
0.602474 0.541290 0.055657 0.031866
0.486773 0.747572 0.057919 0.046324
0.279395 0.076579 0.069579 0.038823
0.599654 0.615581 0.045873 0.037537
0.384936 0.229955 0.058470 0.041481
0.723197 0.892096 0.052510 0.037049
0.710575 0.548961 0.062525 0.039712
0.831236 0.744810 0.049980 0.033016
0.381149 0.549331 0.056910 0.042060
0.604395 0.296185 0.053507 0.034650
0.078294 0.585786 0.057729 0.035900
0.714457 0.149975 0.055121 0.036945
0.077116 0.759620 0.049607 0.037595
0.492169 0.377971 0.056605 0.051056
0.277208 0.454398 0.046588 0.042037
0.727378 0.931242 0.054676 0.038034
0.487714 0.424871 0.064525 0.038745
0.493359 0.185580 0.050793 0.039385
0.488705 0.960369 0.054449 0.038381
0.948510 0.698942 0.051951 0.034786
0.598964 0.762039 0.052953 0.043842
0.173584 0.173118 0.045838 0.032389
0.713381 0.366076 0.063589 0.045996
0.942908 0.538569 0.052181 0.038572
0.384592 0.391225 0.060175 0.037268
0.945935 0.454204 0.057061 0.044973
0.171503 0.615740 0.066574 0.038630
0.491953 0.706481 0.058495 0.031057
0.277680 0.599136 0.046393 0.037456
0.072700 0.628933 0.069581 0.041006
0.603639 0.148510 0.053673 0.029424
0.487921 0.795648 0.048521 0.042664
0.073568 0.231078 0.049091 0.034844
0.282333 0.276131 0.053152 0.045090
0.719999 0.077499 0.054903 0.039511
0.829179 0.079187 0.064959 0.047241
0.174117 0.253151 0.050456 0.038543
0.714169 0.510488 0.049552 0.034670
0.608146 0.221835 0.046460 0.035686
0.383702 0.353524 0.048190 0.036576
0.074811 0.500572 0.051175 0.040287
0.387254 0.666600 0.051533 0.037569
0.943732 0.169953 0.053901 0.037106
0.604295 0.503247 0.056873 0.043287
0.073342 0.302432 0.051901 0.040181
0.833320 0.150466 0.063843 0.041077
0.943714 0.580398 0.062755 0.041243
0.284671 0.232653 0.048564 0.039464
0.602499 0.413377 0.053756 0.035910
0.488310 0.833025 0.044679 0.030027
0.954426 0.730905 0.053750 0.026032
0.277265 0.318678 0.048412 0.034698
0.935951 0.097994 0.067764 0.042161
0.278860 0.560693 0.044255 0.034553
0.069407 0.035760 0.057790 0.045111
0.383365 0.187974 0.055126 0.039091
0.171940 0.210752 0.045008 0.041799
0.490701 0.896238 0.045124 0.028397
0.183924 0.916076 0.054146 0.038369
0.939023 0.411202 0.051519 0.041520
0.281627 0.194071 0.048783 0.034915
0.277381 0.895949 0.044181 0.034136
0.180848 0.813571 0.051690 0.034513
0.721975 0.114097 0.051058 0.036867
0.175478 0.329905 0.048240 0.033128
0.715341 0.776985 0.050061 0.035227
0.069352 0.265319 0.046841 0.031904
0.386044 0.881901 0.047393 0.044148
0.950171 0.763934 0.043584 0.040072
0.944293 0.659495 0.047862 0.038671
0.834728 0.969230 0.046545 0.031642
0.383420 0.428052 0.043684 0.038606
0.941811 0.330174 0.041171 0.033188
0.596161 0.968437 0.059881 0.036429
0.608674 0.112731 0.050924 0.036697
0.075482 0.346748 0.051646 0.039042
0.067089 0.081785 0.046965 0.041938
0.942293 0.622540 0.047676 0.038686
0.080513 0.676166 0.052913 0.046770
0.278943 0.635505 0.043684 0.031783
0.725786 0.968466 0.053945 0.037083
0.713635 0.033375 0.065942 0.050138
0.170680 0.445390 0.053581 0.044795
0.834651 0.704480 0.049652 0.046323
0.597223 0.930786 0.043414 0.033475
0.610221 0.029799 0.058698 0.045708
0.079787 0.827450 0.040107 0.034818
0.179148 0.882232 0.044401 0.028560
0.084062 0.864738 0.046693 0.038575
0.495271 0.294115 0.044858 0.031699
0.284242 0.034986 0.049096 0.044956
0.278132 0.963167 0.050805 0.036303
0.278986 0.669713 0.046327 0.034104
0.831372 0.033516 0.052745 0.044063
0.492663 0.221304 0.042740 0.033633
0.071074 0.195640 0.042808 0.032457
0.384718 0.628758 0.070505 0.041991
0.385845 0.313245 0.051861 0.042830
0.173990 0.656202 0.046893 0.039312
0.173127 0.293013 0.043730 0.036055
0.078757 0.793658 0.048446 0.031636
0.178184 0.694280 0.047807 0.036033
0.180035 0.736140 0.050444 0.041597
0.080026 0.389064 0.072965 0.049467
0.591530 0.684003 0.069145 0.025615
0.175099 0.368180 0.049137 0.033547
0.179643 0.851056 0.047897 0.036178
0.277576 0.414634 0.040774 0.034207
0.284454 0.113096 0.046745 0.028865
0.071161 0.432726 0.054093 0.031382
0.178845 0.776953 0.045050 0.037168
0.277841 0.528260 0.044311 0.030988
0.171371 0.487992 0.049590 0.032747
0.491043 0.513309 0.052734 0.041701
0.491885 0.077864 0.055882 0.040336
0.938494 0.137191 0.049692 0.031293
0.713011 0.437108 0.044753 0.034857
0.182541 0.956761 0.038566 0.036026
0.495910 0.148332 0.044648 0.026871
0.940898 0.025611 0.042676 0.033270
0.072793 0.463997 0.045480 0.031836
0.386433 0.587743 0.048711 0.037636
0.382184 0.746314 0.055949 0.051689
0.382791 0.841367 0.047942 0.032300
0.383099 0.799695 0.050843 0.049859
0.173501 0.139129 0.042672 0.033290
0.380491 0.037742 0.058985 0.050854
0.495278 0.114901 0.041705 0.036741
0.953520 0.799029 0.049791 0.027107
0.490499 0.556991 0.048942 0.039022
0.171114 0.109358 0.040313 0.025847
0.282861 0.154710 0.046607 0.043035
0.279695 0.347167 0.044718 0.021509
0.713712 0.406223 0.046069 0.033463
0.081722 0.908196 0.044964 0.044088
0.383615 0.151976 0.040040 0.033752
0.833405 0.119036 0.059225 0.028670
0.387454 0.701838 0.044263 0.032673
0.491785 0.588504 0.045915 0.024180
0.172315 0.073212 0.039848 0.038049
0.080002 0.954442 0.039297 0.034917
0.491396 0.035555 0.059086 0.045641
0.173925 0.405933 0.038716 0.033053
0.384826 0.082945 0.042126 0.035385
0.386291 0.116338 0.037608 0.030842
0.173166 0.033699 0.041794 0.036680
0.882175 0.005842 0.033363 0.011016
0.171266 0.003907 0.048870 0.007771
