0.177586 0.546885 0.070990 0.039410
0.287705 0.157380 0.074326 0.042555
0.070088 0.114283 0.070582 0.051494
0.604677 0.076373 0.071045 0.046091
0.170901 0.732045 0.074896 0.044102
0.502695 0.295119 0.074473 0.048025
0.285925 0.230089 0.075899 0.040147
0.283379 0.726620 0.085474 0.046515
0.276432 0.897836 0.061804 0.039466
0.390151 0.291550 0.070493 0.048472
0.710614 0.453451 0.069721 0.035293
0.388977 0.062233 0.065384 0.042452
0.489314 0.820251 0.071397 0.054997
0.820702 0.225339 0.082369 0.044555
0.067050 0.024909 0.079361 0.046360
0.699496 0.657615 0.063171 0.039693
0.934959 0.728589 0.062300 0.040900
0.820907 0.057247 0.070298 0.040105
0.059290 0.455258 0.069884 0.047260
0.181987 0.363785 0.076926 0.049075
0.700444 0.698389 0.069584 0.035490
0.824246 0.583161 0.074735 0.038399
0.943625 0.241617 0.072866 0.038864
0.386020 0.243606 0.071460 0.045818
0.282341 0.942535 0.066964 0.044572
0.948416 0.193947 0.074330 0.051494
0.058669 0.405675 0.070093 0.049271
0.944141 0.465781 0.071251 0.040798
0.067655 0.169591 0.076785 0.053157
0.827474 0.377289 0.062192 0.039027
0.821451 0.181073 0.074161 0.041280
0.701920 0.866189 0.059170 0.043713
0.387905 0.018178 0.067798 0.035942
0.495953 0.548445 0.074061 0.042571
0.930441 0.073807 0.072537 0.035751
0.397307 0.526922 0.070101 0.048418
0.947775 0.284849 0.071830 0.043794
0.819223 0.719342 0.073656 0.045147
0.942025 0.418507 0.068012 0.052203
0.167076 0.778404 0.077109 0.045110
0.708375 0.138783 0.060734 0.038699
0.928486 0.030234 0.075126 0.047895
0.933337 0.808116 0.067192 0.039068
0.498103 0.152332 0.065450 0.047267
0.702473 0.181385 0.082992 0.041851
0.932284 0.109925 0.063527 0.032766
0.161929 0.852575 0.071465 0.042883
0.933520 0.632562 0.071803 0.042064
0.282544 0.816439 0.070146 0.037552
0.052562 0.739174 0.071257 0.049787
0.390560 0.412058 0.063849 0.032476
0.492933 0.876488 0.076326 0.051556
0.490448 0.766668 0.061584 0.045445
0.703720 0.578022 0.066828 0.036792
0.603705 0.752856 0.057494 0.047315
0.925460 0.906731 0.052670 0.039118
0.179303 0.207728 0.074668 0.051116
0.815772 0.872832 0.071825 0.043779
0.282437 0.415620 0.066510 0.040827
0.287882 0.677666 0.068085 0.046415
0.603231 0.259136 0.072812 0.042980
0.934728 0.767700 0.064128 0.037481
0.504297 0.246741 0.062085 0.048458
0.052633 0.687683 0.061348 0.040885
0.707924 0.021832 0.058927 0.037877
0.603299 0.801490 0.080695 0.038367
0.606210 0.661192 0.067586 0.037548
0.173542 0.025287 0.074793 0.048341
0.391644 0.336474 0.060044 0.039292
0.057693 0.593310 0.073081 0.042273
0.497194 0.467804 0.063658 0.046128
0.286357 0.491731 0.081812 0.043497
0.714054 0.262878 0.086413 0.045203
0.066052 0.355147 0.058967 0.043053
0.383264 0.834919 0.079977 0.042364
0.047423 0.505986 0.083858 0.047968
0.282255 0.114713 0.059363 0.035517
0.702623 0.534837 0.066667 0.045199
0.492489 0.725490 0.070392 0.033575
0.698923 0.779031 0.066285 0.037343
0.827456 0.100837 0.079880 0.039383
0.183406 0.158197 0.068494 0.041686
0.280689 0.632920 0.070318 0.038262
0.054215 0.932961 0.066004 0.038687
0.394369 0.482425 0.060857 0.033203
0.710979 0.362940 0.072294 0.052405
0.388059 0.937404 0.066246 0.047552
0.076859 0.219762 0.069394 0.046614
0.394465 0.632322 0.070433 0.038745
0.179561 0.069693 0.073196 0.040410
0.828749 0.278301 0.069994 0.052006
0.280539 0.272145 0.068951 0.037666
0.942440 0.371510 0.066099 0.034707
0.818053 0.674519 0.066927 0.042187
0.176584 0.310813 0.070552 0.047753
0.816731 0.628953 0.088682 0.044262
0.493831 0.419610 0.066551 0.046927
0.700232 0.819637 0.061234 0.039089
0.058198 0.641415 0.080618 0.048238
0.279683 0.026184 0.060814 0.048810
0.494389 0.961162 0.076417 0.057721
0.603533 0.220678 0.067524 0.032079
0.601324 0.704486 0.055806 0.045356
0.277332 0.774469 0.067055 0.043046
0.278847 0.584373 0.071727 0.048878
0.286593 0.072312 0.057583 0.039492
0.701684 0.617629 0.064130 0.038674
0.825476 0.505663 0.053919 0.036928
0.180427 0.408452 0.068271 0.040373
0.389665 0.885201 0.076098 0.052698
0.933765 0.541710 0.066289 0.048186
0.282453 0.854888 0.071845 0.036001
0.494261 0.107381 0.075045 0.039467
0.176989 0.595753 0.058187 0.051103
0.937029 0.329826 0.066124 0.042224
0.389276 0.751984 0.060427 0.035724
0.937106 0.681957 0.064882 0.050385
0.697896 0.738904 0.061363 0.038982
0.495880 0.631860 0.059383 0.046177
0.705069 0.906099 0.076682 0.038040
0.933813 0.587576 0.061736 0.040364
0.826970 0.331418 0.060803 0.046297
0.176323 0.508137 0.052659 0.031696
0.820530 0.796627 0.061339 0.043716
0.705282 0.223302 0.072603 0.033062
0.492574 0.681438 0.060772 0.046530
0.186313 0.114169 0.060325 0.041112
0.599951 0.153185 0.054724 0.039560
0.499213 0.064617 0.079939 0.047851
0.945256 0.146094 0.078859 0.037483
0.389779 0.582194 0.063757 0.056647
0.180286 0.461941 0.065398 0.054027
0.174088 0.260646 0.071866 0.047338
0.498542 0.588542 0.070465 0.036174
0.283407 0.368230 0.053625 0.042827
0.824283 0.467433 0.084867 0.033524
0.710910 0.411214 0.060597 0.039248
0.171931 0.687734 0.064321 0.041259
0.496424 0.509109 0.057680 0.033997
0.056114 0.971446 0.063483 0.035892
0.386945 0.153302 0.058324 0.050164
0.711746 0.492508 0.054426 0.037970
0.826403 0.424700 0.058725 0.044997
0.815577 0.919109 0.056624 0.044433
0.605052 0.362320 0.068021 0.042426
0.598689 0.848974 0.064056 0.052555
0.821795 0.544174 0.071103 0.032410
0.073774 0.068659 0.069076 0.033478
0.171900 0.644712 0.063274 0.039735
0.505609 0.334075 0.061412 0.030575
0.393029 0.446845 0.049978 0.033686
0.394292 0.670688 0.080610 0.033304
0.064166 0.311463 0.056832 0.037947
0.598981 0.402468 0.077566 0.038951
0.058051 0.885549 0.083439 0.049703
0.392869 0.106273 0.053946 0.039346
0.597568 0.025434 0.060336 0.046024
0.391040 0.375013 0.048776 0.036723
0.711366 0.310313 0.067821 0.041862
0.392817 0.709939 0.054424 0.041846
0.711764 0.098041 0.068430 0.039577
0.285295 0.452341 0.049316 0.028688
0.052123 0.795399 0.055186 0.053141
0.073278 0.265645 0.065132 0.040989
0.602161 0.485171 0.063001 0.041749
0.603734 0.117493 0.053819 0.030957
0.597028 0.896045 0.056350 0.039369
0.389850 0.790083 0.060231 0.037120
0.284295 0.320114 0.058504 0.050037
0.705592 0.061920 0.069071 0.026500
0.596425 0.935381 0.055109 0.040152
0.822044 0.141426 0.068020 0.033532
0.487880 0.018125 0.075216 0.033329
0.285088 0.194923 0.060139 0.027643
0.604439 0.971850 0.060408 0.034823
0.288812 0.535369 0.069117 0.038329
0.500650 0.199715 0.072476 0.040975
0.166837 0.816629 0.059858 0.028867
0.818596 0.963179 0.064213 0.041565
0.818776 0.759506 0.053685 0.028197
0.498121 0.373373 0.054150 0.043913
0.603240 0.189452 0.047426 0.028119
0.602756 0.312425 0.063537 0.059017
0.056772 0.839063 0.063781 0.029520
0.598733 0.568807 0.076354 0.045368
0.603500 0.443119 0.064881 0.044157
0.056681 0.550329 0.054847 0.036122
0.822145 0.018687 0.060625 0.027663
0.163900 0.896967 0.064699 0.033785
0.284638 0.979078 0.077153 0.027873
0.382877 0.200078 0.063121 0.034587
0.943998 0.501859 0.069525 0.027344
0.927772 0.858543 0.062899 0.051966
0.707524 0.943061 0.078507 0.042034
0.603212 0.626626 0.058232 0.033258
0.601232 0.525280 0.056280 0.041933
0.703797 0.972775 0.064001 0.029300
0.490447 0.917132 0.065979 0.028307
0.168352 0.934126 0.052483 0.035830
0.392279 0.973235 0.082185 0.031379
0.176673 0.977538 0.079146 0.023846
0.831352 0.832353 0.082381 0.030012
0.930115 0.966553 0.068552 0.039670
0.926099 0.948037 0.066665 0.041637
0.601876 0.601928 0.056543 0.027924
