0.274894 0.121919 0.076193 0.039541
0.818397 0.307339 0.068555 0.036962
0.488502 0.078184 0.073496 0.043164
0.932488 0.122286 0.076540 0.040359
0.172203 0.728104 0.071285 0.034271
0.503588 0.408378 0.074825 0.042996
0.176994 0.326395 0.074102 0.042737
0.277686 0.700419 0.081279 0.048246
0.820317 0.264720 0.065644 0.040044
0.397458 0.327398 0.060323 0.041450
0.605990 0.409462 0.064319 0.032398
0.278870 0.377084 0.076222 0.034078
0.816827 0.848864 0.061850 0.033155
0.494812 0.230045 0.070443 0.038674
0.274131 0.465291 0.075989 0.045592
0.818031 0.541653 0.065384 0.037126
0.603056 0.442519 0.069234 0.029698
0.701377 0.862096 0.071122 0.039733
0.605564 0.196173 0.068754 0.043645
0.396666 0.289503 0.068858 0.030495
0.937007 0.678984 0.082000 0.047956
0.499639 0.273267 0.074393 0.040702
0.393483 0.714980 0.070556 0.038316
0.601851 0.082136 0.064855 0.036133
0.600457 0.745262 0.069599 0.036047
0.815164 0.581082 0.079584 0.039719
0.276997 0.338696 0.070341 0.037875
0.490973 0.642603 0.073371 0.040887
0.277453 0.511208 0.070478 0.037669
0.937653 0.594583 0.070522 0.042995
0.605970 0.785917 0.068923 0.041981
0.393608 0.191327 0.062589 0.036772
0.613102 0.284512 0.073621 0.050917
0.281595 0.164234 0.068143 0.041131
0.164210 0.204126 0.074093 0.043373
0.402071 0.370033 0.072004 0.039196
0.600972 0.909854 0.068932 0.034540
0.496480 0.191332 0.077862 0.036926
0.711522 0.604453 0.063832 0.044310
0.170249 0.111421 0.060816 0.040708
0.388286 0.795906 0.060317 0.041411
0.272919 0.793979 0.067007 0.041423
0.058643 0.783542 0.072807 0.040609
0.055074 0.518808 0.067595 0.053779
0.397507 0.256719 0.071768 0.032520
0.492381 0.124103 0.065816 0.043900
0.168966 0.513454 0.073751 0.049506
0.718389 0.267367 0.071645 0.048226
0.056666 0.301963 0.063098 0.041961
0.704947 0.809498 0.077128 0.056265
0.162671 0.464781 0.076071 0.042307
0.932523 0.507319 0.062670 0.041040
0.504247 0.486943 0.066113 0.036733
0.709541 0.083199 0.067593 0.042117
0.818249 0.082332 0.075639 0.037170
0.396419 0.225340 0.078083 0.031573
0.812442 0.764954 0.069330 0.042935
0.055070 0.464973 0.066257 0.048422
0.604988 0.704830 0.060064 0.039695
0.400859 0.455212 0.060824 0.039548
0.815856 0.123268 0.060194 0.042182
0.502084 0.568752 0.063069 0.033548
0.275359 0.416642 0.059146 0.041247
0.281732 0.211168 0.068487 0.045594
0.063198 0.122260 0.066675 0.041145
0.813867 0.810569 0.071301 0.040297
0.934956 0.468399 0.059827 0.038398
0.701481 0.762673 0.068738 0.035906
0.063488 0.077883 0.073558 0.045010
0.496563 0.527385 0.056537 0.042075
0.606507 0.372712 0.057372 0.037891
0.815140 0.215495 0.061613 0.053048
0.611411 0.240621 0.069984 0.034261
0.061661 0.168781 0.089115 0.041351
0.938112 0.795779 0.074347 0.041713
0.164145 0.842345 0.069741 0.042353
0.495533 0.604075 0.056933 0.034482
0.922734 0.873426 0.068465 0.039611
0.928255 0.914194 0.069876 0.037814
0.717686 0.390152 0.059546 0.033503
0.500503 0.314946 0.065580 0.038134
0.712130 0.220370 0.067058 0.037650
0.607122 0.153478 0.084690 0.038042
0.396559 0.152371 0.068849 0.038592
0.933775 0.081986 0.079338 0.036325
0.603907 0.664973 0.063181 0.037198
0.401899 0.493386 0.064758 0.034597
0.934331 0.349586 0.065735 0.038397
0.273734 0.559894 0.072654 0.050828
0.713327 0.126228 0.075849 0.036293
0.607679 0.331714 0.062750 0.036588
0.278956 0.078587 0.054826 0.039410
0.286692 0.033365 0.069258 0.045507
0.711001 0.172390 0.063756 0.051212
0.499407 0.361135 0.065478 0.048162
0.171810 0.283048 0.061267 0.034038
0.170325 0.371828 0.066375 0.041391
0.050583 0.912064 0.072962 0.042735
0.813800 0.890575 0.063106 0.043688
0.277424 0.836098 0.062955 0.035773
0.603185 0.557773 0.061699 0.041561
0.276147 0.646858 0.061259 0.052651
0.498652 0.717305 0.054900 0.043494
0.173899 0.605032 0.061187 0.042476
0.165503 0.561371 0.075024 0.036987
0.925665 0.720356 0.069014 0.030846
0.606056 0.477355 0.057815 0.035889
0.816204 0.716947 0.057274 0.046446
0.169869 0.032684 0.071400 0.043044
0.604534 0.515397 0.062263 0.042780
0.272584 0.881890 0.064231 0.051015
0.716794 0.318274 0.059865 0.048266
0.933137 0.390792 0.065141 0.034325
0.056008 0.383015 0.062127 0.047562
0.399709 0.532195 0.064998 0.042133
0.930355 0.756124 0.058290 0.033064
0.392967 0.754471 0.081972 0.037774
0.937937 0.635264 0.082420 0.030121
0.404127 0.576465 0.056116 0.045059
0.388816 0.030123 0.061005 0.045599
0.057784 0.566659 0.069764 0.041893
0.819034 0.384653 0.054705 0.044510
0.718167 0.427610 0.060285 0.036759
0.395065 0.412206 0.061288 0.046304
0.170785 0.689948 0.060228 0.036622
0.169191 0.649796 0.064739 0.039848
0.924895 0.834172 0.074341 0.032269
0.065576 0.031919 0.077447 0.046354
0.385244 0.839083 0.062773 0.036744
0.282246 0.259033 0.053204 0.042623
0.707540 0.359275 0.071044 0.027258
0.927809 0.548332 0.057865 0.038050
0.393845 0.667370 0.056150 0.052619
0.817712 0.617009 0.063996 0.034137
0.818919 0.343367 0.066770 0.031706
0.168203 0.157818 0.051216 0.043409
0.388721 0.115479 0.060691 0.036452
0.057279 0.212862 0.059809 0.043246
0.817206 0.939196 0.069478 0.044951
0.396878 0.619569 0.059711 0.038091
0.047731 0.954501 0.076439 0.038638
0.053754 0.648425 0.090274 0.039173
0.167172 0.800037 0.059147 0.039415
0.941967 0.256638 0.069117 0.037257
0.161766 0.888039 0.066424 0.039965
0.931061 0.428546 0.058361 0.032186
0.056638 0.832915 0.063674 0.051333
0.061754 0.606616 0.079728 0.038266
0.492845 0.759822 0.062351 0.033902
0.165537 0.417038 0.055161 0.044397
0.824154 0.470235 0.071802 0.040135
0.492089 0.846654 0.056459 0.044765
0.923295 0.952794 0.061713 0.038822
0.500464 0.681353 0.056438 0.031019
0.387486 0.883308 0.059831 0.044828
0.058549 0.257683 0.060616 0.044207
0.283718 0.298860 0.070251 0.031886
0.161648 0.939533 0.079159 0.052044
0.280783 0.748884 0.060961 0.045144
0.168115 0.762586 0.065496 0.031130
0.936115 0.304473 0.059856 0.047290
0.481750 0.033803 0.056471 0.043884
0.711342 0.558924 0.062102 0.038064
0.601229 0.035810 0.065072 0.044780
0.056809 0.693208 0.084551 0.049239
0.928303 0.037278 0.072013 0.044079
0.599028 0.950891 0.072360 0.042388
0.817739 0.427849 0.084506 0.037050
0.494314 0.160467 0.051819 0.026042
0.812720 0.038553 0.074508 0.044096
0.939206 0.168894 0.069981 0.048101
0.814688 0.166884 0.053322 0.039398
0.605912 0.115778 0.074348 0.025298
0.704375 0.721548 0.051670 0.038665
0.597655 0.832625 0.054478 0.047251
0.816569 0.505733 0.052899 0.030725
0.168719 0.070581 0.049656 0.029938
0.704241 0.897790 0.078119 0.025860
0.274009 0.942116 0.083395 0.055933
0.385958 0.936784 0.061003 0.055231
0.484869 0.889768 0.063241 0.035931
0.497418 0.450138 0.065570 0.036163
0.704333 0.038668 0.060483 0.043919
0.602652 0.628542 0.060327 0.033307
0.714249 0.482428 0.076352 0.058405
0.056145 0.340517 0.053214 0.031566
0.493722 0.952142 0.063644 0.037983
0.057580 0.741643 0.062003 0.037318
0.274778 0.603629 0.054262 0.030683
0.062386 0.421723 0.059453 0.028319
0.705586 0.650830 0.052980 0.042511
0.384497 0.074500 0.053965 0.041093
0.599153 0.873531 0.054384 0.037316
0.704353 0.685083 0.047728 0.032410
0.053803 0.873324 0.052692 0.026162
0.164243 0.246436 0.060796 0.032765
0.595088 0.598772 0.063971 0.033756
0.495087 0.800075 0.046238 0.047131
0.942992 0.216315 0.081799 0.041458
0.487506 0.919048 0.059111 0.030629
0.704044 0.932305 0.076938 0.041346
0.818912 0.658236 0.067701 0.044642
0.489974 0.979390 0.054812 0.025161
0.711927 0.526526 0.059587 0.029097
0.706726 0.958336 0.078542 0.038480
0.818148 0.673863 0.062021 0.038202
