0.282928 0.326774 0.066426 0.048347
0.828635 0.129379 0.074638 0.055222
0.392506 0.495072 0.073374 0.039000
0.392834 0.407361 0.073882 0.044580
0.614328 0.459286 0.069218 0.035839
0.937244 0.853207 0.068615 0.042492
0.827405 0.300056 0.073335 0.043077
0.502902 0.090993 0.063719 0.039800
0.064516 0.675309 0.062599 0.033393
0.726391 0.082713 0.061470 0.039591
0.505913 0.134262 0.064627 0.035989
0.074208 0.753153 0.066645 0.039834
0.391443 0.234830 0.069901 0.038225
0.712397 0.925511 0.070164 0.046825
0.394701 0.702884 0.077353 0.046815
0.062811 0.458777 0.065921 0.041054
0.394363 0.655074 0.075429 0.042164
0.498756 0.828466 0.077619 0.047623
0.830518 0.626754 0.069734 0.049478
0.507547 0.414556 0.070955 0.047365
0.710535 0.272984 0.074221 0.040655
0.723090 0.131842 0.065886 0.045566
0.611098 0.416818 0.068048 0.042746
0.282206 0.236551 0.073048 0.041463
0.504021 0.365262 0.072306 0.050555
0.949524 0.277000 0.068093 0.045141
0.611418 0.371435 0.073414 0.045300
0.170848 0.095452 0.072309 0.045665
0.614417 0.154973 0.062267 0.045072
0.280299 0.866149 0.067821 0.036352
0.393168 0.451594 0.062343 0.041298
0.833647 0.879022 0.074800 0.040318
0.818437 0.346241 0.060886 0.040653
0.826762 0.181455 0.078457 0.041161
0.717832 0.781811 0.087736 0.043513
0.607283 0.108002 0.080892 0.047541
0.392023 0.314199 0.080913 0.043097
0.834255 0.714397 0.082588 0.040230
0.397706 0.609875 0.069295 0.046041
0.498813 0.879417 0.070407 0.048416
0.395013 0.362764 0.068009 0.043706
0.282163 0.195336 0.057491 0.036967
0.712553 0.448142 0.072351 0.045331
0.503007 0.556997 0.077321 0.043479
0.174955 0.414523 0.067313 0.043129
0.714695 0.357853 0.080692 0.043308
0.390068 0.188129 0.073650 0.045566
0.176307 0.322831 0.053503 0.042672
0.056269 0.283146 0.064140 0.034482
0.615787 0.201400 0.073027 0.044019
0.933673 0.130256 0.073147 0.046305
0.067723 0.501072 0.056748 0.036047
0.937241 0.082576 0.077788 0.044583
0.821852 0.965063 0.072029 0.047561
0.069153 0.412522 0.063010 0.041960
0.942255 0.181806 0.077909 0.048470
0.510793 0.470271 0.071279 0.054182
0.392245 0.139208 0.064473 0.040873
0.941753 0.371358 0.071576 0.047021
0.064287 0.367921 0.062203 0.035821
0.828274 0.671566 0.054621 0.037836
0.710958 0.539928 0.066102 0.040891
0.068261 0.821837 0.056247 0.036113
0.277002 0.370640 0.066608 0.033199
0.708488 0.873777 0.075730 0.043482
0.388381 0.095329 0.061420 0.037463
0.499600 0.215757 0.086998 0.039092
0.941917 0.229046 0.083451 0.044027
0.173129 0.586303 0.056541 0.038871
0.609204 0.327152 0.069491 0.043210
0.179626 0.760148 0.074884 0.048131
0.710840 0.632501 0.060042 0.041467
0.065780 0.637628 0.062925 0.037608
0.394177 0.932163 0.063640 0.046129
0.605359 0.584514 0.086560 0.043667
0.709298 0.586585 0.069402 0.045818
0.062055 0.139740 0.053053 0.036396
0.935772 0.418432 0.084248 0.046081
0.823331 0.583162 0.064883 0.033436
0.823803 0.256922 0.071387 0.032563
0.276409 0.282815 0.054978 0.037416
0.060891 0.048046 0.057120 0.049458
0.275405 0.084077 0.050724 0.035279
0.720779 0.037106 0.077719 0.043388
0.173124 0.280276 0.050059 0.039353
0.939929 0.323900 0.077418 0.045350
0.607975 0.286295 0.065221 0.036143
0.723868 0.176607 0.057578 0.041555
0.830415 0.537488 0.067169 0.040566
0.933620 0.767107 0.084464 0.049889
0.938952 0.678917 0.074925 0.038931
0.613903 0.247223 0.054749 0.042874
0.183576 0.808079 0.057962 0.045160
0.056297 0.097349 0.055236 0.040137
0.822183 0.921917 0.086164 0.036929
0.492718 0.693523 0.076239 0.042480
0.282266 0.780683 0.058186 0.044702
0.496231 0.042400 0.061005 0.048663
0.058987 0.324272 0.045006 0.041791
0.828534 0.490154 0.057385 0.051606
0.288026 0.153955 0.055082 0.039584
0.494494 0.922414 0.080803 0.033610
0.280211 0.412029 0.063459 0.047481
0.717345 0.497065 0.065377 0.042553
0.179232 0.496329 0.050640 0.039859
0.505834 0.966849 0.077815 0.048112
0.717421 0.682654 0.064085 0.054581
0.498038 0.779896 0.065816 0.049749
0.393791 0.535963 0.051763 0.040325
0.929590 0.497042 0.072798 0.034458
0.619091 0.925290 0.067763 0.051222
0.712273 0.403274 0.073660 0.036202
0.175634 0.042315 0.065137 0.047336
0.928913 0.036835 0.069156 0.041345
0.942150 0.720491 0.064666 0.040667
0.822436 0.390342 0.063993 0.045061
0.610475 0.539255 0.062203 0.046335
0.939658 0.810182 0.062005 0.033971
0.944743 0.543146 0.065343 0.049004
0.502469 0.262394 0.070237 0.049318
0.831156 0.076514 0.064779 0.041063
0.605894 0.496948 0.073289 0.033778
0.171571 0.236445 0.057903 0.042376
0.278201 0.932953 0.067689 0.039412
0.287184 0.687970 0.065346 0.038366
0.610029 0.878317 0.085185 0.042985
0.174072 0.713693 0.078639 0.040660
0.283153 0.606732 0.067996 0.035192
0.052442 0.237206 0.077565 0.048106
0.055246 0.186062 0.080951 0.046633
0.177582 0.456818 0.051249 0.035573
0.390523 0.847516 0.090934 0.051411
0.057493 0.591069 0.070571 0.047136
0.941368 0.592011 0.063364 0.046986
0.172079 0.143721 0.068167 0.044012
0.279969 0.563200 0.061603 0.040894
0.713745 0.314530 0.061513 0.037916
0.192438 0.958863 0.060687 0.042150
0.827358 0.759105 0.056337 0.042163
0.503047 0.314512 0.057979 0.050102
0.178839 0.539867 0.047614 0.045028
0.283800 0.732979 0.055309 0.046110
0.175466 0.369070 0.046096 0.040772
0.181583 0.189104 0.056770 0.045355
0.832338 0.220324 0.065220 0.029528
0.065093 0.862961 0.065248 0.040763
0.067236 0.544085 0.050281 0.039369
0.822549 0.835261 0.073188 0.048164
0.618136 0.969218 0.077948 0.040105
0.946158 0.953470 0.071025 0.047966
0.719049 0.829564 0.058252 0.045150
0.064732 0.714553 0.060283 0.035669
0.719296 0.733775 0.076272 0.046336
0.393034 0.751898 0.059785 0.047408
0.829615 0.032289 0.059086 0.039173
0.283451 0.119821 0.055971 0.026519
0.183690 0.908239 0.056518 0.050358
0.287916 0.645805 0.076380 0.042200
0.504606 0.516471 0.060538 0.033173
0.277200 0.041392 0.052687 0.042958
0.611680 0.632458 0.054752 0.046101
0.831324 0.437610 0.067897 0.046678
0.489973 0.733573 0.067940 0.032577
0.939506 0.634827 0.047704 0.038720
0.605748 0.777589 0.063950 0.052373
0.934805 0.461233 0.085999 0.031898
0.608648 0.831438 0.066606 0.052031
0.392213 0.570281 0.062906 0.030044
0.503816 0.644597 0.071551 0.045952
0.605512 0.033094 0.079699 0.049686
0.395406 0.795105 0.054616 0.042896
0.607664 0.680009 0.055885 0.034182
0.717634 0.966285 0.067932 0.036287
0.183931 0.858603 0.052117 0.047097
0.395787 0.969406 0.065205 0.038441
0.386739 0.273933 0.050296 0.029564
0.176360 0.633871 0.053963 0.046053
0.067271 0.787606 0.051665 0.025802
0.285547 0.515305 0.060291 0.051379
0.282769 0.457299 0.043790 0.037583
0.834566 0.792811 0.064840 0.025398
0.388862 0.045659 0.060136 0.054745
0.393473 0.892729 0.049302 0.031143
0.281620 0.824812 0.042980 0.041310
0.944140 0.899089 0.077906 0.044235
0.081752 0.924474 0.047205 0.026629
0.610171 0.725324 0.053101 0.047426
0.178409 0.672177 0.045273 0.028735
0.282265 0.967085 0.061784 0.033391
0.719729 0.225695 0.088565 0.044462
0.496481 0.600954 0.061325 0.032823
0.077919 0.898784 0.037070 0.023976
0.084695 0.951503 0.065797 0.026649
0.087247 0.974252 0.072071 0.030746
0.501064 0.175303 0.061938 0.032323
0.279615 0.896980 0.041516 0.023283
0.607072 0.068106 0.045808 0.026560
