0.608564 0.414541 0.059507 0.040950
0.728285 0.821882 0.057872 0.042638
0.502152 0.401911 0.056065 0.034022
0.383718 0.219432 0.062839 0.040413
0.723429 0.677774 0.062040 0.038109
0.069160 0.391908 0.058030 0.035909
0.943933 0.161882 0.060625 0.035319
0.505509 0.684799 0.054830 0.038843
0.832004 0.576574 0.057991 0.039479
0.393631 0.479306 0.059812 0.041442
0.402923 0.871737 0.056638 0.036279
0.825118 0.906250 0.062258 0.039154
0.397697 0.910632 0.058669 0.040487
0.722362 0.750489 0.070267 0.033466
0.719292 0.906445 0.071147 0.038278
0.070155 0.310546 0.056663 0.040331
0.509293 0.769122 0.057154 0.043490
0.508390 0.643884 0.057552 0.038200
0.833396 0.652189 0.057967 0.033368
0.613187 0.453121 0.053669 0.032987
0.391700 0.255739 0.064296 0.034238
0.174603 0.670639 0.068368 0.047657
0.827592 0.969220 0.058705 0.033918
0.832638 0.616279 0.054378 0.036853
0.286921 0.500289 0.049752 0.045554
0.830687 0.332365 0.060605 0.040077
0.611410 0.373155 0.054379 0.039094
0.607775 0.147990 0.050651 0.040317
0.381511 0.360310 0.062460 0.036603
0.074307 0.872546 0.056200 0.041690
0.173908 0.397841 0.082343 0.039765
0.722266 0.339183 0.052783 0.035187
0.605226 0.930688 0.064585 0.031128
0.071230 0.639533 0.063128 0.042713
0.175120 0.354867 0.052317 0.039303
0.507860 0.726931 0.057245 0.038117
0.494895 0.148948 0.057539 0.040306
0.827479 0.867002 0.052737 0.036481
0.617223 0.644207 0.052202 0.037259
0.832051 0.686998 0.053909 0.036193
0.181937 0.871664 0.051192 0.037370
0.612062 0.490295 0.055881 0.037283
0.948680 0.573495 0.048371 0.037863
0.726117 0.572503 0.062596 0.039362
0.070972 0.351671 0.052272 0.039566
0.727347 0.864562 0.062351 0.038529
0.074594 0.831227 0.058751 0.035803
0.941911 0.205738 0.063477 0.050122
0.075520 0.912840 0.055169 0.039240
0.827966 0.726687 0.063674 0.042458
0.179436 0.143754 0.055276 0.041323
0.395062 0.800446 0.053183 0.043147
0.723007 0.715897 0.051083 0.034919
0.709304 0.082027 0.068083 0.040818
0.611217 0.219354 0.053743 0.038120
0.616549 0.607190 0.061967 0.035081
0.504668 0.926995 0.069349 0.034337
0.186581 0.910307 0.050463 0.040664
0.833687 0.491332 0.052983 0.033249
0.947023 0.742599 0.052389 0.038674
0.827880 0.161531 0.053550 0.039683
0.943730 0.853617 0.054798 0.039608
0.395126 0.522494 0.054908 0.042352
0.941452 0.781102 0.060472 0.029089
0.604058 0.108118 0.059319 0.040926
0.071588 0.793375 0.051201 0.036624
0.511231 0.887839 0.050783 0.039658
0.177008 0.220897 0.051361 0.042572
0.072900 0.753719 0.047567 0.040206
0.380573 0.139800 0.059744 0.039241
0.184192 0.954215 0.057617 0.045677
0.729165 0.607045 0.053085 0.032462
0.508556 0.849298 0.053347 0.036009
0.942072 0.127323 0.055346 0.031455
0.282708 0.886188 0.045491 0.040374
0.617537 0.533978 0.053559 0.039248
0.500836 0.437961 0.052698 0.035858
0.724203 0.533677 0.045488 0.033290
0.946342 0.813660 0.061382 0.027833
0.280831 0.292258 0.060189 0.039166
0.393131 0.564157 0.050376 0.040070
0.946794 0.253759 0.047845 0.043418
0.940181 0.297588 0.050048 0.035277
0.289446 0.777926 0.057010 0.031364
0.726050 0.411470 0.067238 0.045087
0.509611 0.810852 0.062210 0.040838
0.182340 0.833618 0.057689 0.032913
0.612701 0.965891 0.052066 0.036656
0.293448 0.622749 0.059526 0.028766
0.495983 0.192265 0.050702 0.041373
0.384293 0.178859 0.047535 0.038146
0.729588 0.640724 0.050814 0.027528
0.829156 0.771892 0.051187 0.041085
0.831733 0.376262 0.052760 0.043778
0.833750 0.453592 0.046406 0.034295
0.495727 0.273919 0.058792 0.046191
0.392093 0.438203 0.051133 0.036695
0.722084 0.939776 0.058373 0.026667
0.495901 0.232416 0.046472 0.038353
0.825752 0.083174 0.050063 0.043822
0.939850 0.937864 0.047430 0.029690
0.282026 0.682989 0.067236 0.035967
0.289369 0.814203 0.056317 0.037819
0.391685 0.673888 0.055159 0.037830
0.607866 0.846512 0.056213 0.048009
0.725011 0.262163 0.048901 0.035653
0.399849 0.837615 0.058505 0.029973
0.501501 0.364197 0.050651 0.037264
0.171591 0.311266 0.052167 0.046067
0.944982 0.701353 0.051912 0.038108
0.609462 0.894065 0.045767 0.040598
0.069949 0.431971 0.050280 0.039460
0.283577 0.849062 0.050222 0.031612
0.614796 0.797150 0.061893 0.048600
0.943545 0.662565 0.053050 0.034609
0.399383 0.756543 0.052540 0.039033
0.710981 0.044219 0.053420 0.035258
0.723686 0.782293 0.048049 0.031375
0.499208 0.605980 0.051540 0.037200
0.833779 0.418955 0.060396 0.035733
0.829396 0.938999 0.059269 0.026510
0.174778 0.717805 0.048355 0.040968
0.176228 0.522184 0.045118 0.042628
0.180110 0.756392 0.058898 0.026751
0.174164 0.564998 0.065788 0.039798
0.493852 0.078353 0.054430 0.038806
0.066666 0.268140 0.052901 0.041168
0.725140 0.494809 0.052289 0.038937
0.073101 0.681446 0.054371 0.037593
0.610581 0.336103 0.054062 0.031660
0.723328 0.225437 0.057729 0.035000
0.291093 0.542712 0.056609 0.032907
0.828336 0.123729 0.054850 0.034056
0.725707 0.454852 0.048751 0.039328
0.824272 0.043741 0.050241 0.034096
0.179583 0.790118 0.063275 0.039846
0.174489 0.436091 0.049750 0.030175
0.945507 0.530581 0.051611 0.045357
0.498440 0.112417 0.054679 0.028686
0.611853 0.298316 0.065116 0.035574
0.073378 0.596677 0.051780 0.038321
0.493689 0.043328 0.054147 0.033903
0.607245 0.182754 0.055835 0.031673
0.176300 0.098945 0.056306 0.041810
0.724762 0.300219 0.054975 0.035721
0.497154 0.568519 0.050652 0.039958
0.067225 0.116244 0.044615 0.031878
0.177695 0.182434 0.048720 0.038026
0.177005 0.263711 0.045787 0.039051
0.290121 0.583457 0.046717 0.045647
0.395783 0.956212 0.064885 0.045994
0.942262 0.968223 0.055915 0.032628
0.940581 0.363336 0.046442 0.033936
0.176397 0.477234 0.047022 0.044138
0.395445 0.715821 0.051682 0.043247
0.176063 0.627362 0.049629 0.039578
0.065250 0.042156 0.044324 0.036635
0.282066 0.455582 0.049395 0.040683
0.942602 0.448191 0.047276 0.038345
0.942914 0.091502 0.049607 0.037695
0.391056 0.637588 0.046026 0.032405
0.172152 0.026956 0.053547 0.041415
0.288333 0.214163 0.047677 0.033458
0.073154 0.470924 0.044781 0.034047
0.611862 0.258986 0.051206 0.038683
0.945237 0.486640 0.046075 0.036427
0.380989 0.071688 0.044113 0.033448
0.611958 0.571843 0.049448 0.036845
0.072312 0.717251 0.048942 0.034365
0.730203 0.373254 0.049429 0.026999
0.513147 0.964313 0.062263 0.042409
0.379392 0.036602 0.049818 0.032408
0.082863 0.972282 0.053228 0.030974
0.070571 0.556145 0.047757 0.042137
0.065541 0.080587 0.049040 0.038980
0.286395 0.251382 0.048193 0.037230
0.175030 0.062271 0.048679 0.033198
0.833789 0.291178 0.047203 0.040222
0.378857 0.106034 0.042699 0.031072
0.613133 0.686897 0.059932 0.044651
0.280761 0.416703 0.045905 0.034111
0.084777 0.944889 0.061134 0.025950
0.605805 0.070601 0.045743 0.032730
0.717363 0.127943 0.059794 0.050263
0.391402 0.600983 0.042222 0.032994
0.072181 0.509718 0.045329 0.039929
0.384329 0.291576 0.050237 0.033074
0.942029 0.054867 0.044191 0.033945
0.833146 0.247061 0.049200 0.041891
0.279269 0.128513 0.049931 0.044833
0.828929 0.833807 0.042433 0.030108
0.944668 0.329480 0.044325 0.031123
0.611538 0.752364 0.044208 0.033101
0.283443 0.173118 0.045598 0.042686
0.383916 0.324297 0.042075 0.034017
0.722737 0.966342 0.055627 0.024462
0.290584 0.730573 0.056583 0.054777
0.512141 0.481264 0.083364 0.041956
0.830237 0.205083 0.063406 0.043913
0.943841 0.403644 0.052006 0.043995
0.063431 0.201910 0.047866 0.038846
0.716425 0.186482 0.050900 0.041577
0.275892 0.375094 0.043621 0.043430
0.497411 0.321327 0.076319 0.044266
0.288783 0.652305 0.050066 0.025461
0.285177 0.929089 0.048708 0.040194
0.938657 0.897188 0.048052 0.044826
0.382977 0.399975 0.068703 0.042472
0.608866 0.037402 0.046838 0.034517
0.953954 0.627667 0.060522 0.031944
0.067387 0.155804 0.048447 0.048878
0.279514 0.332825 0.041871 0.034354
0.829198 0.807767 0.040480 0.031578
0.609661 0.724214 0.042212 0.028629
0.827459 0.537529 0.053058 0.032675
0.276301 0.085540 0.040074 0.035740
0.285471 0.966535 0.048643 0.034132
0.065996 0.232542 0.041704 0.030370
0.508471 0.522362 0.080662 0.044407
0.272839 0.047052 0.048531 0.041722
0.178312 0.594013 0.040925 0.020152
0.952031 0.606423 0.046922 0.025723
