0.394879 0.396762 0.060430 0.031437
0.502461 0.809971 0.067734 0.039048
0.959006 0.426542 0.070032 0.041850
0.951820 0.584188 0.063270 0.036860
0.072893 0.280421 0.065566 0.032371
0.509715 0.739514 0.065123 0.039892
0.286194 0.225381 0.075604 0.042662
0.602989 0.165281 0.079580 0.039653
0.716980 0.253392 0.071315 0.047809
0.830083 0.213341 0.073252 0.042986
0.288365 0.374010 0.065768 0.042658
0.611655 0.746910 0.077307 0.042188
0.720912 0.727671 0.077633 0.046633
0.390972 0.155894 0.070551 0.040719
0.505034 0.074369 0.066173 0.030818
0.840359 0.570518 0.071279 0.035922
0.394497 0.323731 0.067268 0.048907
0.617155 0.372812 0.084828 0.042781
0.842281 0.615764 0.064307 0.046036
0.954039 0.628343 0.073978 0.043392
0.172409 0.148666 0.078278 0.043603
0.618284 0.919014 0.071177 0.041067
0.610650 0.207843 0.068511 0.042150
0.390100 0.195594 0.074351 0.035934
0.075724 0.247115 0.065628 0.034039
0.281281 0.106145 0.060227 0.032490
0.503244 0.221139 0.077992 0.041218
0.505186 0.446140 0.061723 0.033955
0.288565 0.332985 0.064120 0.035219
0.283851 0.298694 0.077291 0.033695
0.952324 0.252639 0.072645 0.039030
0.503613 0.660076 0.074194 0.036600
0.711628 0.113585 0.074144 0.046402
0.398819 0.431958 0.067022 0.037254
0.501946 0.484959 0.064507 0.041309
0.838662 0.774234 0.065472 0.031692
0.838893 0.661755 0.068387 0.040533
0.179338 0.520938 0.083810 0.045158
0.831193 0.927006 0.073008 0.041320
0.180119 0.327287 0.064786 0.037843
0.955331 0.336630 0.073205 0.044078
0.501874 0.147017 0.072982 0.032323
0.180238 0.406616 0.065515 0.035641
0.396850 0.237196 0.068825 0.038419
0.719286 0.647947 0.053533 0.035069
0.619719 0.604021 0.056689 0.041346
0.284183 0.143459 0.072605 0.036888
0.282246 0.527040 0.063927 0.047420
0.840691 0.533828 0.072510 0.036820
0.501576 0.263158 0.066914 0.038638
0.394151 0.364568 0.060883 0.028593
0.716173 0.299683 0.074035 0.044740
0.617258 0.560737 0.074743 0.041079
0.174718 0.195263 0.068764 0.044472
0.498150 0.369011 0.069019 0.040469
0.064543 0.544869 0.071994 0.040691
0.275164 0.065543 0.070514 0.041843
0.501504 0.111658 0.063454 0.036965
0.500932 0.529858 0.074448 0.041880
0.616383 0.290293 0.073644 0.038523
0.067507 0.354906 0.067512 0.040111
0.505185 0.617324 0.058248 0.041073
0.281941 0.486836 0.065424 0.031602
0.724862 0.205437 0.078481 0.042667
0.614324 0.329643 0.081364 0.038856
0.065540 0.588683 0.066472 0.043501
0.726264 0.843722 0.064713 0.040309
0.398914 0.507310 0.091643 0.044122
0.503512 0.572305 0.077646 0.041478
0.612599 0.249028 0.072749 0.037267
0.602582 0.028609 0.068679 0.043393
0.059454 0.706573 0.064614 0.040210
0.838271 0.377237 0.075172 0.033734
0.953456 0.549204 0.064055 0.028127
0.180037 0.243976 0.065139 0.046275
0.832108 0.088447 0.080886 0.040320
0.508933 0.850518 0.062541 0.036766
0.837694 0.737776 0.073300 0.036996
0.061689 0.746832 0.070362 0.038693
0.174465 0.476138 0.058073 0.040783
0.279182 0.265563 0.070596 0.029572
0.059127 0.906678 0.073270 0.041349
0.835312 0.171165 0.066532 0.040290
0.712151 0.889998 0.070989 0.043205
0.618237 0.790031 0.072425 0.040109
0.830680 0.130053 0.078346 0.038863
0.941806 0.917787 0.055571 0.038232
0.395844 0.554026 0.082619 0.044660
0.952570 0.464591 0.071427 0.032860
0.621045 0.960650 0.082958 0.039545
0.059335 0.666616 0.061377 0.035879
0.282506 0.573831 0.061340 0.044796
0.072527 0.139379 0.065851 0.040024
0.616306 0.674936 0.071507 0.029640
0.832451 0.256179 0.068922 0.036966
0.179841 0.367057 0.049611 0.038083
0.829528 0.297524 0.073093 0.039657
0.617443 0.488327 0.077456 0.032065
0.834042 0.338753 0.078467 0.039994
0.064277 0.629992 0.055942 0.038722
0.063902 0.786555 0.065274 0.029658
0.180753 0.439797 0.059303 0.028630
0.714508 0.685599 0.077164 0.030973
0.721685 0.484622 0.059834 0.041999
0.508851 0.697967 0.056450 0.035522
0.840239 0.497396 0.075652 0.038263
0.618381 0.834762 0.078559 0.046467
0.718726 0.347934 0.069963 0.046473
0.069542 0.210763 0.054633 0.035763
0.947054 0.792322 0.067080 0.038498
0.711349 0.028500 0.066074 0.039493
0.181045 0.285405 0.050380 0.032890
0.611229 0.077308 0.079181 0.043976
0.283501 0.182118 0.083878 0.035850
0.835053 0.456473 0.075904 0.036590
0.065245 0.862513 0.076265 0.044572
0.717897 0.928096 0.075506 0.031697
0.067137 0.465257 0.058729 0.038378
0.614458 0.413356 0.076550 0.036933
0.502362 0.181805 0.077498 0.035191
0.951721 0.709374 0.054753 0.044486
0.726322 0.562658 0.058205 0.037310
0.960937 0.293432 0.063236 0.038582
0.066924 0.027963 0.055217 0.039672
0.709370 0.070576 0.057759 0.039884
0.942287 0.080014 0.067899 0.039317
0.071810 0.425185 0.070524 0.036693
0.390539 0.113240 0.064447 0.042575
0.611791 0.123082 0.078856 0.041741
0.176337 0.566682 0.066375 0.045053
0.502841 0.409167 0.046464 0.037773
0.946914 0.122348 0.064255 0.041121
0.720812 0.161706 0.070354 0.042637
0.951013 0.506690 0.065064 0.048935
0.948922 0.752074 0.064280 0.035425
0.063776 0.821347 0.064968 0.029736
0.281776 0.708509 0.082459 0.041661
0.501813 0.031822 0.065714 0.046602
0.955158 0.383249 0.077256 0.040393
0.717904 0.391843 0.055459 0.041743
0.289909 0.414698 0.050379 0.031568
0.834047 0.806977 0.064644 0.031118
0.943268 0.165536 0.072500 0.041641
0.831896 0.966362 0.075802 0.039749
0.835127 0.415886 0.071139 0.038438
0.827820 0.040297 0.069914 0.052110
0.828392 0.849369 0.089138 0.042581
0.618105 0.878174 0.068867 0.036566
0.396095 0.275767 0.055001 0.039914
0.395521 0.466712 0.075110 0.030233
0.284006 0.665338 0.056047 0.044382
0.943035 0.832065 0.070817 0.037980
0.617457 0.706879 0.055932 0.031124
0.381916 0.020806 0.053795 0.033119
0.612400 0.642005 0.049765 0.029695
0.609687 0.451559 0.077996 0.038283
0.060046 0.945095 0.061979 0.033415
0.507926 0.890559 0.056251 0.039531
0.071382 0.390573 0.069066 0.026499
0.722272 0.438714 0.059300 0.048729
0.386153 0.065059 0.064236 0.047411
0.066765 0.503355 0.047853 0.036822
0.828170 0.890598 0.072827 0.027222
0.945581 0.875742 0.073677 0.042299
0.070124 0.065147 0.052206 0.029108
0.935709 0.036335 0.069016 0.044725
0.617365 0.523044 0.084788 0.034743
0.073610 0.315416 0.047316 0.034551
0.278767 0.450558 0.074868 0.030124
0.950801 0.209853 0.049660 0.043046
0.952255 0.667597 0.072209 0.033419
0.063791 0.977112 0.066764 0.030170
0.937082 0.958933 0.068683 0.038942
0.720022 0.963254 0.095130 0.037513
0.284932 0.620293 0.054416 0.044230
0.501096 0.967297 0.058818 0.037602
0.502948 0.773280 0.052142 0.024955
0.174656 0.748549 0.055429 0.035549
0.173291 0.106332 0.056214 0.033436
0.724878 0.773609 0.078883 0.040349
0.501486 0.303019 0.071394 0.034935
0.723177 0.605538 0.062045 0.044890
0.072878 0.176083 0.066223 0.030683
0.505266 0.332485 0.066277 0.025647
0.285071 0.754815 0.050156 0.048294
0.177081 0.606767 0.043914 0.031057
0.070608 0.097137 0.057726 0.031720
0.501397 0.929643 0.081830 0.034437
0.179933 0.644341 0.038857 0.040585
0.722175 0.525120 0.050941 0.035758
0.833854 0.699905 0.066900 0.031097
0.724757 0.809507 0.044635 0.024450
0.177723 0.803753 0.037798 0.030001
0.274933 0.024373 0.046732 0.033884
0.177740 0.776464 0.048270 0.021131
0.186174 0.711955 0.061251 0.035173
0.179164 0.679766 0.034911 0.027449
0.180322 0.838596 0.034340 0.036358
