0.814243 0.579414 0.076405 0.040125
0.596863 0.072702 0.066311 0.042045
0.598574 0.348767 0.065928 0.040998
0.062851 0.235868 0.058721 0.036617
0.061507 0.403346 0.062442 0.045832
0.597875 0.253852 0.071274 0.052061
0.703986 0.865319 0.075777 0.039819
0.488073 0.608610 0.068477 0.040808
0.701710 0.453945 0.068275 0.046226
0.597229 0.802479 0.063460 0.036404
0.278887 0.216969 0.073385 0.048170
0.815136 0.381778 0.071551 0.037158
0.931545 0.577817 0.067600 0.043505
0.599263 0.303379 0.083862 0.047173
0.058841 0.109629 0.057150 0.037540
0.701079 0.780772 0.078649 0.037506
0.067386 0.477394 0.061743 0.040475
0.269178 0.072551 0.075887 0.038784
0.814763 0.345156 0.071910 0.032379
0.707032 0.337917 0.078710 0.036260
0.592277 0.842234 0.068469 0.041164
0.697776 0.641347 0.068466 0.038127
0.493687 0.713794 0.062615 0.032217
0.061988 0.520782 0.067981 0.040204
0.281067 0.294180 0.062503 0.036280
0.812756 0.081850 0.074658 0.037853
0.597802 0.475025 0.064147 0.032776
0.590720 0.883360 0.072567 0.039629
0.932619 0.535701 0.070367 0.033246
0.282051 0.519110 0.059443 0.043731
0.278098 0.258570 0.070275 0.033728
0.494540 0.390815 0.074281 0.045429
0.495615 0.476129 0.077605 0.043531
0.705353 0.117654 0.061243 0.042431
0.817714 0.832620 0.061214 0.034304
0.814271 0.869946 0.068166 0.035787
0.490497 0.566097 0.058454 0.041171
0.816324 0.619985 0.064875 0.034150
0.387490 0.259833 0.069123 0.046984
0.926954 0.079152 0.066766 0.039308
0.707902 0.162747 0.061647 0.044653
0.927104 0.655378 0.067839 0.034187
0.930745 0.118582 0.070283 0.036290
0.815188 0.908019 0.060431 0.041518
0.490510 0.211621 0.070365 0.041132
0.928060 0.353850 0.062991 0.034884
0.708821 0.269578 0.067052 0.033675
0.815277 0.117199 0.075618 0.033189
0.173174 0.249472 0.066333 0.038558
0.384569 0.303661 0.056508 0.040388
0.933722 0.390235 0.068456 0.037018
0.929535 0.278370 0.049199 0.034427
0.487570 0.682600 0.058606 0.028880
0.065007 0.612532 0.071979 0.047100
0.598812 0.691903 0.060599 0.042640
0.276258 0.366904 0.067250 0.042185
0.175347 0.167256 0.062637 0.033629
0.814924 0.794824 0.057851 0.037799
0.699843 0.822395 0.064623 0.040461
0.601382 0.434742 0.062188 0.041858
0.058105 0.564849 0.066982 0.043827
0.280726 0.409688 0.050376 0.037945
0.934373 0.245439 0.060385 0.029893
0.598985 0.392089 0.057279 0.038641
0.706987 0.377429 0.063738 0.036721
0.495185 0.344413 0.058553 0.043142
0.061238 0.318649 0.058638 0.045748
0.490080 0.899913 0.055879 0.037265
0.810847 0.753061 0.062137 0.039961
0.598089 0.921926 0.064915 0.036125
0.928815 0.177876 0.062001 0.027290
0.707364 0.711735 0.069368 0.032454
0.492541 0.649212 0.054036 0.036171
0.819623 0.709358 0.059713 0.042729
0.176882 0.207488 0.075078 0.041841
0.491456 0.433460 0.067487 0.038072
0.934286 0.619092 0.063654 0.036489
0.168214 0.369710 0.072326 0.042189
0.064550 0.861381 0.067062 0.040914
0.817944 0.226029 0.076141 0.033631
0.707720 0.677736 0.061891 0.033342
0.060973 0.358849 0.050547 0.033215
0.705060 0.561754 0.063424 0.037861
0.709569 0.235558 0.054045 0.033493
0.491692 0.171647 0.071429 0.034560
0.602085 0.158107 0.078145 0.041717
0.817174 0.663015 0.068785 0.047832
0.925998 0.731465 0.064574 0.034091
0.059432 0.905061 0.067160 0.042094
0.494908 0.860582 0.062200 0.041363
0.595032 0.515636 0.064239 0.041307
0.598514 0.201979 0.055442 0.046382
0.938265 0.465141 0.055459 0.039199
0.602988 0.560923 0.058911 0.044601
0.384241 0.119169 0.072593 0.038485
0.391348 0.349500 0.073659 0.045579
0.595777 0.732767 0.055531 0.035608
0.821945 0.152340 0.080880 0.030639
0.930251 0.211727 0.067206 0.032542
0.593540 0.116232 0.064353 0.039720
0.605539 0.646992 0.063804 0.038307
0.938186 0.427024 0.060072 0.036637
0.383380 0.438486 0.076248 0.040854
0.487853 0.039518 0.066277 0.045196
0.490826 0.295872 0.069749 0.045997
0.924808 0.316917 0.054235 0.034246
0.490317 0.523123 0.052660 0.044823
0.065370 0.441727 0.062653 0.029384
0.496930 0.127480 0.058884 0.046990
0.383251 0.078467 0.056619 0.039995
0.382402 0.395322 0.081546 0.042880
0.700491 0.600401 0.056710 0.039856
0.274366 0.605077 0.087942 0.044927
0.810905 0.190047 0.071459 0.036849
0.595469 0.765276 0.060197 0.036564
0.708685 0.200711 0.066262 0.027726
0.274089 0.110203 0.063887 0.030587
0.822548 0.455469 0.069374 0.033862
0.936646 0.501373 0.066605 0.032379
0.279038 0.562872 0.067798 0.038176
0.599595 0.605709 0.055327 0.042975
0.496205 0.252803 0.068189 0.037147
0.922121 0.834708 0.052483 0.046067
0.057287 0.071791 0.060216 0.034421
0.272488 0.175161 0.074793 0.031779
0.281069 0.446382 0.054335 0.033000
0.924584 0.876727 0.067871 0.032660
0.494450 0.745694 0.060632 0.032779
0.812837 0.536740 0.070428 0.043436
0.495216 0.083310 0.066805 0.039056
0.702698 0.909469 0.056510 0.043160
0.930288 0.692658 0.087367 0.038310
0.165787 0.293208 0.083836 0.042261
0.064883 0.032056 0.075529 0.043031
0.701558 0.412436 0.059970 0.031664
0.823928 0.421128 0.076299 0.037938
0.276214 0.142027 0.068431 0.033636
0.808524 0.306427 0.086625 0.040793
0.923704 0.767505 0.059244 0.033530
0.494844 0.775848 0.060810 0.029220
0.379178 0.156689 0.079748 0.036750
0.699449 0.077568 0.057972 0.033639
0.922911 0.037419 0.072969 0.036584
0.283803 0.330140 0.068813 0.027949
0.930525 0.908076 0.071645 0.030089
0.815132 0.494909 0.057088 0.040349
0.496687 0.816188 0.059824 0.048784
0.058861 0.149049 0.055951 0.035977
0.282554 0.479230 0.050615 0.028498
0.498100 0.934923 0.060071 0.033695
0.816135 0.263588 0.090698 0.040086
0.708989 0.955932 0.059262 0.044789
0.059454 0.733799 0.056848 0.037945
0.701395 0.745647 0.078768 0.029709
0.166171 0.413486 0.062157 0.043743
0.708826 0.302758 0.056352 0.028340
0.811462 0.958905 0.072438 0.057205
0.813489 0.039883 0.063492 0.041661
0.059214 0.813674 0.054438 0.046987
0.593886 0.034040 0.049173 0.034601
0.929161 0.149322 0.052628 0.023612
0.057317 0.193535 0.063600 0.043438
0.603974 0.959764 0.065261 0.040809
0.704678 0.494633 0.055369 0.033258
0.376515 0.035259 0.056004 0.044044
0.171431 0.123477 0.059956 0.046576
0.500734 0.967098 0.068083 0.030035
0.057771 0.770979 0.052484 0.035505
0.275272 0.028876 0.050321 0.036604
0.060364 0.951422 0.050093 0.045930
0.704302 0.038672 0.049296 0.041023
0.054647 0.691659 0.061733 0.042166
0.272384 0.682627 0.051763 0.047470
0.164167 0.333603 0.054115 0.028836
0.270668 0.642053 0.065603 0.028605
0.923215 0.798513 0.062738 0.026715
0.055656 0.656546 0.050503 0.035250
0.701327 0.526187 0.054273 0.034551
0.384979 0.195208 0.080658 0.043708
0.056920 0.275002 0.060535 0.037057
0.931750 0.967749 0.069914 0.041643
0.929751 0.946780 0.069963 0.044709
0.382464 0.220248 0.051756 0.027188
0.168998 0.016713 0.028391 0.017445
