0.938251 0.852716 0.075009 0.054679
0.505223 0.930969 0.078321 0.039928
0.062160 0.624658 0.082681 0.055342
0.169657 0.436914 0.091399 0.050345
0.940276 0.791806 0.074677 0.055954
0.279588 0.663838 0.091274 0.053095
0.061824 0.472605 0.077984 0.046351
0.504613 0.885708 0.081477 0.045634
0.397717 0.434526 0.081063 0.046548
0.064865 0.730241 0.088131 0.042310
0.829434 0.674548 0.095496 0.050585
0.725969 0.157477 0.081435 0.051267
0.829890 0.811425 0.089522 0.044269
0.501201 0.739789 0.086605 0.044980
0.284193 0.882389 0.078124 0.044608
0.827639 0.902882 0.077048 0.044965
0.063227 0.518551 0.081706 0.040150
0.727071 0.541601 0.088654 0.053320
0.730326 0.254221 0.081591 0.050236
0.730667 0.727196 0.078519 0.044027
0.937953 0.568763 0.082111 0.050992
0.609442 0.561568 0.095427 0.052930
0.394002 0.655865 0.078007 0.048384
0.727128 0.308979 0.076044 0.045368
0.938006 0.268160 0.081099 0.049602
0.063180 0.922723 0.075074 0.041955
0.169580 0.789555 0.071314 0.051043
0.283221 0.346091 0.076825 0.053687
0.615294 0.907297 0.075403 0.048467
0.622036 0.238628 0.086197 0.049285
0.828331 0.330914 0.080656 0.053275
0.724866 0.777547 0.064863 0.044947
0.395011 0.792741 0.075972 0.045390
0.944161 0.370267 0.075724 0.048622
0.064488 0.569028 0.080363 0.044662
0.943078 0.218100 0.072171 0.043834
0.285340 0.402918 0.082783 0.049392
0.504044 0.532382 0.084370 0.050404
0.065326 0.680770 0.079205 0.048289
0.727528 0.490177 0.080198 0.044905
0.066141 0.328931 0.073705 0.050157
0.830226 0.857199 0.064463 0.040516
0.502326 0.687007 0.075253 0.051778
0.395428 0.163513 0.077690 0.048086
0.064118 0.420449 0.074536 0.046172
0.939060 0.517368 0.073451 0.043477
0.509179 0.786183 0.075524 0.044368
0.065554 0.781168 0.082472 0.054313
0.934988 0.955688 0.089722 0.058324
0.510713 0.480214 0.075782 0.048707
0.827268 0.724373 0.077406 0.038317
0.393646 0.843610 0.077183 0.045295
0.506625 0.835503 0.079071 0.050774
0.174923 0.227530 0.080780 0.045866
0.502137 0.633651 0.071589 0.048943
0.172355 0.279419 0.076500 0.049791
0.829260 0.383412 0.065764 0.047145
0.617267 0.954423 0.075215 0.043320
0.618570 0.186406 0.081003 0.047718
0.285901 0.504385 0.087592 0.047087
0.060335 0.277964 0.070659 0.049443
0.505518 0.335628 0.073111 0.055055
0.836980 0.216317 0.073941 0.054358
0.061900 0.118262 0.068786 0.058470
0.165307 0.177662 0.075173 0.052976
0.169283 0.846233 0.077919 0.053505
0.719921 0.596088 0.076492 0.039085
0.058276 0.835973 0.089761 0.047876
0.937870 0.902399 0.073380 0.044634
0.064587 0.879490 0.087570 0.036437
0.621478 0.858452 0.077515 0.040093
0.620267 0.710455 0.081820 0.037469
0.942743 0.169001 0.069986 0.050102
0.610989 0.667566 0.089163 0.041788
0.615640 0.759327 0.077806 0.044242
0.942667 0.318718 0.071042 0.046686
0.275857 0.774639 0.090136 0.054063
0.399478 0.220315 0.083167 0.057943
0.394765 0.745318 0.063622 0.040019
0.398638 0.062872 0.083999 0.046761
0.939559 0.468639 0.062992 0.049835
0.283316 0.066856 0.075369 0.055839
0.508229 0.281428 0.077218 0.045567
0.282126 0.126908 0.080670 0.060276
0.055446 0.968814 0.070575 0.045880
0.396501 0.380825 0.061941 0.050946
0.054321 0.226762 0.074164 0.050252
0.617629 0.616559 0.070852 0.049194
0.616315 0.457941 0.081092 0.038577
0.396796 0.113355 0.078138 0.043295
0.728651 0.399348 0.060940 0.041070
0.612632 0.507915 0.081847 0.056365
0.395101 0.888058 0.072583 0.040233
0.510391 0.165504 0.067569 0.060752
0.833613 0.066357 0.073250 0.053885
0.169167 0.384144 0.076599 0.051202
0.832835 0.766891 0.070157 0.037634
0.725141 0.444896 0.073159 0.037425
0.616102 0.066317 0.088128 0.055072
0.281505 0.924638 0.073499 0.041205
0.945561 0.121975 0.078376 0.041714
0.946115 0.068400 0.076823 0.062823
0.619076 0.357214 0.071797 0.060129
0.164223 0.539468 0.087418 0.050245
0.725682 0.206383 0.063714 0.040425
0.618970 0.128929 0.071701 0.061336
0.722090 0.895136 0.081332 0.053486
0.618366 0.410819 0.077149 0.040266
0.947446 0.736484 0.080760 0.046500
0.511543 0.067000 0.076172 0.052151
0.834170 0.570885 0.079205 0.040363
0.171004 0.640975 0.075441 0.044680
0.280678 0.966603 0.067089 0.042876
0.287717 0.234629 0.076918 0.051880
0.509730 0.968344 0.071150 0.035171
0.943165 0.418523 0.059997 0.044330
0.165283 0.688652 0.074907 0.039601
0.828050 0.434413 0.064035 0.050015
0.509315 0.434589 0.071093 0.045022
0.507583 0.580778 0.058163 0.046717
0.828081 0.621043 0.076435 0.052352
0.620820 0.294965 0.075678 0.055385
0.168816 0.487832 0.069506 0.043565
0.727326 0.681089 0.057264 0.041098
0.509358 0.113858 0.076472 0.036528
0.281474 0.828446 0.060701 0.049352
0.725996 0.636187 0.075320 0.031842
0.726456 0.352740 0.055635 0.037567
0.281338 0.607750 0.059307 0.049191
0.396098 0.545429 0.080416 0.059935
0.505702 0.387492 0.076717 0.043772
0.829445 0.481551 0.054873 0.041015
0.714918 0.949327 0.073631 0.042048
0.394648 0.487411 0.065294 0.049532
0.064287 0.061444 0.069459 0.052283
0.718698 0.106051 0.069526 0.047598
0.620165 0.810682 0.080540 0.048331
0.169896 0.332804 0.060257 0.049465
0.169383 0.738492 0.063640 0.046411
0.288090 0.292883 0.072393 0.050729
0.279423 0.721735 0.079642 0.045041
0.283527 0.183478 0.068233 0.048803
0.397361 0.702925 0.062494 0.031057
0.392946 0.605052 0.057977 0.046202
0.172655 0.591094 0.052357 0.046718
0.064253 0.376069 0.063203 0.037871
0.502931 0.227171 0.080828 0.055582
0.832740 0.158254 0.061709 0.050018
0.827469 0.275788 0.072146 0.055543
0.286287 0.556866 0.061712 0.048497
0.177475 0.934057 0.072356 0.037514
0.171243 0.895223 0.057769 0.036316
0.395847 0.331404 0.067867 0.033811
0.828796 0.111680 0.062792 0.035094
0.398743 0.281844 0.069819 0.059000
0.172629 0.065263 0.082236 0.050853
0.941015 0.686547 0.068213 0.050083
0.831390 0.951391 0.058398 0.044413
0.727314 0.834383 0.072478 0.054737
0.944593 0.627231 0.079009 0.057351
0.395567 0.927583 0.087645 0.037357
0.058147 0.174299 0.065167 0.048304
0.179138 0.969132 0.074133 0.038189
0.828536 0.525887 0.056981 0.038507
0.175969 0.122104 0.085284 0.052310
0.287286 0.455271 0.049355 0.046490
0.722700 0.059707 0.059775 0.042402
0.392547 0.966467 0.075386 0.043142
