0.049635 0.421940 0.068425 0.040297
0.818173 0.725156 0.065611 0.039810
0.053545 0.270400 0.066863 0.040543
0.165169 0.666220 0.070051 0.049459
0.603224 0.185677 0.064755 0.045008
0.606916 0.725369 0.075821 0.051740
0.604179 0.895896 0.066097 0.038095
0.936391 0.774855 0.062287 0.036425
0.936368 0.737599 0.059546 0.036985
0.155142 0.450492 0.054279 0.042656
0.280798 0.370803 0.056735 0.043628
0.602433 0.143567 0.058845 0.037731
0.715480 0.416397 0.071680 0.043346
0.165031 0.224722 0.052000 0.039382
0.818290 0.534982 0.056734 0.046066
0.932631 0.137279 0.063273 0.040489
0.276687 0.214520 0.055770 0.042219
0.273484 0.730284 0.067697 0.042549
0.046528 0.552854 0.062851 0.038012
0.048687 0.509536 0.061851 0.042944
0.271028 0.896013 0.061018 0.042850
0.937565 0.222347 0.059454 0.038424
0.161986 0.496812 0.066367 0.038741
0.934067 0.856032 0.058892 0.036102
0.164179 0.331855 0.054061 0.035381
0.714863 0.895101 0.055954 0.040400
0.279724 0.687647 0.061792 0.040112
0.494145 0.703742 0.064544 0.037547
0.819107 0.653979 0.067813 0.036741
0.822705 0.441214 0.063738 0.043932
0.276518 0.290290 0.061879 0.035362
0.824857 0.397574 0.053733 0.039585
0.380494 0.340896 0.062934 0.038206
0.496369 0.496426 0.058151 0.038900
0.491751 0.420099 0.065328 0.040324
0.936218 0.816772 0.067348 0.039615
0.164523 0.824289 0.050508 0.041733
0.819190 0.922108 0.070132 0.037075
0.608779 0.820155 0.063337 0.039878
0.052816 0.713594 0.066996 0.042436
0.494797 0.185339 0.050433 0.033918
0.059160 0.113140 0.060431 0.042155
0.278779 0.328936 0.052294 0.037712
0.495549 0.460041 0.053937 0.037220
0.716333 0.177376 0.055636 0.039750
0.714517 0.771032 0.062455 0.042159
0.173830 0.940093 0.061644 0.035796
0.612333 0.776202 0.057816 0.044227
0.820079 0.308778 0.062419 0.041399
0.495430 0.772920 0.057898 0.032695
0.167827 0.098585 0.082388 0.039612
0.277961 0.028886 0.073721 0.044428
0.059934 0.314084 0.062026 0.038924
0.274019 0.810497 0.058495 0.043600
0.603218 0.389017 0.054292 0.035222
0.493082 0.146332 0.054670 0.039197
0.819677 0.775020 0.053652 0.047337
0.047595 0.465256 0.055004 0.038563
0.708607 0.854201 0.053933 0.037031
0.047338 0.799952 0.064261 0.046318
0.274096 0.562052 0.068731 0.036474
0.057957 0.232799 0.060551 0.028696
0.711274 0.939974 0.069756 0.047219
0.390471 0.929945 0.051740 0.032663
0.165265 0.785474 0.057999 0.030785
0.939372 0.628297 0.052776 0.042176
0.601028 0.227441 0.053378 0.033937
0.050698 0.754494 0.056574 0.038157
0.055204 0.158136 0.055697 0.042837
0.274535 0.602594 0.054962 0.040139
0.828798 0.110273 0.063640 0.044991
0.939464 0.701337 0.054723 0.032296
0.058943 0.071648 0.055281 0.039096
0.824260 0.353710 0.055521 0.040625
0.167634 0.622226 0.061315 0.037175
0.166711 0.751834 0.050353 0.034379
0.719743 0.290717 0.051178 0.036473
0.495073 0.108782 0.057429 0.036842
0.381688 0.488418 0.067915 0.035300
0.710523 0.130261 0.076862 0.044774
0.387679 0.224905 0.057133 0.041357
0.713294 0.330593 0.059452 0.042477
0.386541 0.103981 0.059591 0.040512
0.276556 0.120398 0.060464 0.040575
0.720130 0.213974 0.057897 0.031702
0.719618 0.250051 0.058563 0.037189
0.048888 0.667373 0.053307 0.045560
0.603435 0.067399 0.055366 0.041528
0.053972 0.198057 0.048059 0.036780
0.607249 0.309698 0.058467 0.046247
0.272264 0.646274 0.053691 0.042245
0.276784 0.073541 0.056471 0.042531
0.389656 0.962833 0.067501 0.032034
0.936328 0.182198 0.050037 0.040515
0.715859 0.693903 0.050816 0.046922
0.605052 0.601443 0.063013 0.039650
0.170743 0.865494 0.051674 0.033782
0.500869 0.738333 0.063388 0.034609
0.386258 0.302352 0.059933 0.032046
0.277395 0.413683 0.060724 0.034643
0.381746 0.061638 0.068145 0.043857
0.162659 0.579951 0.049521 0.043296
0.715278 0.646745 0.051791 0.039926
0.162144 0.371998 0.048446 0.035987
0.491359 0.226141 0.050238 0.043472
0.163675 0.297410 0.046012 0.030815
0.822392 0.847703 0.058381 0.029275
0.822123 0.576330 0.058961 0.037954
0.158757 0.408695 0.045958 0.034821
0.275944 0.492486 0.051245 0.037634
0.279081 0.165658 0.050806 0.044041
0.051329 0.623467 0.059516 0.035266
0.940383 0.503992 0.056526 0.040980
0.826284 0.265896 0.051837 0.041678
0.709952 0.814166 0.049631 0.036632
0.386097 0.184953 0.048294 0.036044
0.502579 0.910156 0.058184 0.033993
0.605980 0.678926 0.059627 0.040121
0.932874 0.461987 0.050221 0.038236
0.602957 0.263775 0.050961 0.036615
0.273093 0.938195 0.050705 0.036425
0.389838 0.892023 0.053493 0.042081
0.278198 0.527520 0.054515 0.029088
0.173744 0.059071 0.059448 0.036863
0.165036 0.189644 0.051141 0.028852
0.605936 0.104567 0.046492 0.032300
0.713395 0.079359 0.053008 0.046556
0.938609 0.891591 0.059205 0.036558
0.275612 0.771148 0.053811 0.034481
0.275547 0.972175 0.054460 0.034640
0.281834 0.254411 0.052402 0.026940
0.937257 0.549066 0.048810 0.043267
0.933212 0.068029 0.053071 0.034032
0.714132 0.457741 0.056053 0.031558
0.935730 0.421995 0.048674 0.038647
0.824050 0.614929 0.051383 0.035716
0.161444 0.537747 0.055222 0.034117
0.277115 0.453488 0.051410 0.038998
0.384511 0.264841 0.050165 0.035208
0.500056 0.808424 0.052051 0.039568
0.387659 0.687663 0.059776 0.036314
0.934053 0.100255 0.059180 0.026930
0.395071 0.726389 0.064136 0.039092
0.935715 0.306702 0.060088 0.047222
0.387272 0.413618 0.057167 0.043542
0.822562 0.816979 0.051326 0.034589
0.051771 0.587036 0.058377 0.030411
0.719512 0.501164 0.056541 0.041683
0.715834 0.373250 0.050172 0.039128
0.933015 0.031868 0.055506 0.036774
0.167270 0.902887 0.042736 0.034976
0.826013 0.882351 0.051808 0.038891
0.612876 0.474258 0.057168 0.038566
0.607199 0.857437 0.055172 0.037514
0.608724 0.351342 0.051573 0.031151
0.605309 0.429551 0.051210 0.043060
0.500613 0.628405 0.055360 0.039483
0.603574 0.560431 0.073902 0.042897
0.826511 0.488647 0.050282 0.039781
0.711914 0.032603 0.051476 0.043285
0.713043 0.546938 0.048586 0.038980
0.164538 0.263999 0.044365 0.035385
0.173461 0.973573 0.061126 0.031435
0.601682 0.944034 0.064171 0.053704
0.941275 0.588290 0.056602 0.030900
0.271062 0.853472 0.047776 0.041161
0.714955 0.581774 0.049130 0.028775
0.938410 0.347314 0.055720 0.038797
0.495939 0.299710 0.056448 0.040319
0.169333 0.712160 0.055347 0.036116
0.712870 0.735829 0.052638 0.034283
0.494611 0.383002 0.051322 0.030007
0.374927 0.530872 0.067961 0.046640
0.380826 0.653208 0.055901 0.036887
0.386393 0.451727 0.050657 0.033878
0.826611 0.062444 0.048712 0.041737
0.495513 0.539289 0.052196 0.042567
0.501818 0.666619 0.051167 0.031529
0.049957 0.876943 0.061946 0.041349
0.822961 0.690395 0.046985 0.027880
0.493929 0.342734 0.048313 0.045560
0.935618 0.927000 0.067351 0.034160
0.168453 0.023051 0.063190 0.029678
0.935960 0.262068 0.048300 0.037619
0.715218 0.611184 0.045910 0.029496
0.049678 0.839823 0.063355 0.028740
0.497299 0.844095 0.046829 0.030935
0.061859 0.030272 0.052218 0.037534
0.937449 0.667142 0.064926 0.027600
0.827774 0.186295 0.047930 0.038992
0.828280 0.957469 0.048602 0.036086
0.053129 0.918245 0.055076 0.044080
0.391410 0.769910 0.048165 0.044309
0.496414 0.950664 0.071123 0.043646
0.378220 0.022853 0.071867 0.034396
0.600614 0.025724 0.052316 0.033274
0.055090 0.382857 0.046684 0.031588
0.829551 0.148075 0.051416 0.026671
0.494677 0.263234 0.047132 0.026573
0.388103 0.849404 0.045713 0.039402
0.942433 0.382563 0.052892 0.031007
0.387509 0.146511 0.045512 0.036451
0.609555 0.517647 0.045478 0.040320
0.601298 0.638906 0.053780 0.038492
0.380888 0.616223 0.054229 0.042028
0.828618 0.024557 0.052284 0.030730
0.828776 0.225291 0.042975 0.035541
0.381032 0.575306 0.047533 0.039256
0.496901 0.027507 0.044803 0.041064
0.056501 0.354266 0.045017 0.034589
0.494567 0.070027 0.048147 0.037460
0.384422 0.375927 0.048526 0.026620
0.495615 0.584442 0.046822 0.045374
0.165463 0.156774 0.072188 0.024778
0.048154 0.960096 0.043600 0.036383
0.390728 0.811349 0.042459 0.034102
0.501116 0.873927 0.059983 0.033596
0.933090 0.955701 0.060086 0.025770
0.166626 0.131420 0.061336 0.025685
