0.830185 0.627179 0.071285 0.054044
0.720262 0.780205 0.094446 0.059202
0.269655 0.329416 0.076645 0.054752
0.172353 0.390800 0.075700 0.054179
0.057926 0.429045 0.068394 0.055233
0.589166 0.254933 0.089667 0.052510
0.482535 0.156538 0.080314 0.047453
0.378880 0.703524 0.074654 0.053007
0.935148 0.679494 0.067202 0.056611
0.380098 0.591938 0.074726 0.051749
0.934677 0.619817 0.071489 0.057935
0.597227 0.307826 0.080968 0.047336
0.066870 0.744396 0.071474 0.050397
0.593771 0.202187 0.089483 0.046118
0.058050 0.318778 0.068600 0.052160
0.601937 0.414353 0.073310 0.045234
0.063883 0.264007 0.079407 0.048468
0.713568 0.338530 0.078291 0.057060
0.823605 0.300339 0.069730 0.055416
0.932946 0.455223 0.087312 0.048173
0.934178 0.352099 0.078780 0.047390
0.166393 0.442504 0.086770 0.044886
0.375074 0.169892 0.075465 0.048941
0.275681 0.506564 0.068735 0.051890
0.276270 0.730778 0.073471 0.054601
0.495442 0.855465 0.069839 0.049290
0.486531 0.424835 0.067618 0.048781
0.387188 0.865870 0.075877 0.054076
0.277739 0.846680 0.083775 0.059037
0.064811 0.799758 0.076255 0.054064
0.935246 0.121460 0.089459 0.064686
0.720635 0.885157 0.082420 0.046890
0.933210 0.506859 0.075747 0.048589
0.271217 0.172151 0.076575 0.057897
0.269818 0.386651 0.075773 0.053491
0.492728 0.645099 0.082168 0.053337
0.059716 0.581354 0.075238 0.046140
0.936332 0.881582 0.067122 0.042568
0.712403 0.667898 0.077769 0.056661
0.496690 0.908697 0.071035 0.050995
0.057010 0.371707 0.079568 0.047413
0.599289 0.621400 0.085144 0.046807
0.168968 0.495790 0.091332 0.058540
0.934505 0.734098 0.070897 0.052060
0.379321 0.491675 0.073221 0.046648
0.485653 0.215108 0.071446 0.050719
0.177757 0.765623 0.071737 0.047754
0.591845 0.468640 0.077741 0.050021
0.825373 0.884614 0.086082 0.044883
0.828634 0.405096 0.075317 0.058250
0.712589 0.116101 0.078824 0.049237
0.485357 0.481597 0.066869 0.053733
0.934984 0.060715 0.086273 0.053554
0.931710 0.301302 0.080621 0.049864
0.273761 0.670238 0.084246 0.062286
0.488926 0.318821 0.086981 0.046515
0.603520 0.788783 0.084168 0.051292
0.932069 0.787425 0.075112 0.047281
0.373678 0.119844 0.086097 0.046067
0.167126 0.226895 0.066992 0.052143
0.171970 0.336736 0.071506 0.044660
0.167133 0.281362 0.076499 0.055546
0.383134 0.437819 0.075000 0.051743
0.162643 0.171933 0.074538 0.056999
0.272892 0.446444 0.074317 0.059479
0.822305 0.468280 0.070244 0.057776
0.060498 0.479876 0.062994 0.044139
0.937820 0.959249 0.081339 0.044452
0.383432 0.649297 0.083820 0.053757
0.389724 0.916419 0.064984 0.044029
0.827533 0.247731 0.068650 0.045531
0.376164 0.384492 0.080481 0.047863
0.281368 0.787529 0.064790 0.050645
0.168110 0.552234 0.073541 0.046029
0.935407 0.835036 0.082157 0.039710
0.715063 0.172019 0.078236 0.047419
0.379805 0.540757 0.064922 0.044878
0.485404 0.532499 0.084024 0.044008
0.494879 0.370840 0.081264 0.045206
0.600393 0.733993 0.086588 0.049109
0.065266 0.934780 0.068047 0.038895
0.827341 0.729455 0.083612 0.038526
0.060742 0.155932 0.071142 0.046392
0.830512 0.929455 0.081032 0.043717
0.927594 0.247209 0.086360 0.055262
0.277528 0.610256 0.078783 0.050711
0.595439 0.570183 0.076251 0.048723
0.494689 0.701384 0.077515 0.054852
0.273608 0.114941 0.071763 0.052387
0.601838 0.152775 0.079201 0.049168
0.053844 0.211877 0.081710 0.050044
0.061666 0.530723 0.065028 0.047206
0.717531 0.722788 0.074813 0.046072
0.276532 0.559599 0.069840 0.043466
0.491627 0.587277 0.083010 0.055551
0.595344 0.363416 0.068682 0.050819
0.059176 0.056623 0.090402 0.052164
0.713029 0.227859 0.067920 0.053928
0.385291 0.965701 0.080253 0.045647
0.830761 0.575153 0.067946 0.051407
0.487475 0.107170 0.063273 0.048965
0.833434 0.779461 0.065796 0.053339
0.168938 0.604484 0.063257 0.051923
0.382199 0.332621 0.064024 0.044023
0.821967 0.055804 0.072599 0.042635
0.072217 0.848870 0.078752 0.034644
0.171632 0.971987 0.068981 0.042558
0.177928 0.664428 0.082448 0.050619
0.824632 0.353094 0.061907 0.045200
0.711974 0.548369 0.094123 0.050566
0.066287 0.892566 0.062794 0.041541
0.173823 0.926653 0.071436 0.048468
0.070451 0.974239 0.082650 0.039357
0.381163 0.065273 0.065715 0.054064
0.058975 0.637530 0.083132 0.051700
0.066674 0.692461 0.062799 0.049570
0.495652 0.961436 0.076895 0.050487
0.174964 0.819225 0.064093 0.045814
0.711041 0.282458 0.077072 0.043693
0.717520 0.492875 0.075880 0.047095
0.830758 0.682290 0.066433 0.048067
0.171408 0.874034 0.082097 0.053484
0.712957 0.396273 0.064549 0.049690
0.061160 0.107161 0.065749 0.043089
0.378071 0.281220 0.061119 0.053202
0.382211 0.758143 0.058409 0.053312
0.164171 0.113835 0.068751 0.049206
0.271610 0.060021 0.079292 0.048607
0.499285 0.802312 0.079258 0.049128
0.824577 0.192814 0.069158 0.050620
0.385041 0.811356 0.072021 0.045947
0.285447 0.906674 0.067799 0.050925
0.825903 0.139827 0.058855 0.044875
0.834865 0.832221 0.068217 0.046287
0.602468 0.103029 0.078146 0.045418
0.936227 0.403664 0.054402 0.048724
0.605027 0.677292 0.070689 0.053072
0.827652 0.524031 0.073336 0.051036
0.934390 0.563324 0.064312 0.050761
0.697186 0.968644 0.056436 0.037596
0.487816 0.056132 0.073392 0.048731
0.716250 0.606761 0.081463 0.055885
0.706358 0.061279 0.075959 0.052987
0.719762 0.445237 0.086378 0.035317
0.721794 0.833852 0.064355 0.041139
0.929461 0.187517 0.073184 0.055649
0.939185 0.919683 0.077965 0.031474
0.492337 0.752507 0.059705 0.042207
0.488078 0.268785 0.054628 0.049066
0.831462 0.968585 0.067799 0.038583
0.288073 0.963666 0.076720 0.039846
0.171952 0.062290 0.077124 0.055725
0.273382 0.273039 0.080803 0.054461
0.170999 0.715169 0.056764 0.042721
0.597711 0.521373 0.053819 0.042313
0.374551 0.226344 0.067824 0.054029
0.721304 0.931501 0.059178 0.038656
0.276608 0.223507 0.074480 0.038575
0.821913 0.097186 0.058579 0.033812
0.757644 0.966104 0.048190 0.038128
