0.153308 0.341343 0.056728 0.034554
0.247976 0.146164 0.052707 0.028931
0.549302 0.217647 0.061678 0.032467
0.350297 0.206678 0.060140 0.029706
0.740854 0.385071 0.053911 0.029951
0.153861 0.307091 0.051140 0.031174
0.351800 0.345967 0.052925 0.031625
0.545561 0.182375 0.049915 0.030290
0.834890 0.221567 0.052577 0.029674
0.924974 0.330747 0.051073 0.029440
0.350645 0.240245 0.056185 0.031901
0.249447 0.331091 0.051508 0.031964
0.252659 0.367766 0.053064 0.037787
0.646833 0.369954 0.061812 0.031360
0.651393 0.869125 0.051399 0.031734
0.645169 0.431868 0.056417 0.039549
0.923557 0.798750 0.058600 0.030272
0.456761 0.799968 0.052483 0.034917
0.740788 0.633986 0.058844 0.026324
0.650984 0.904665 0.053267 0.029355
0.149235 0.166871 0.052560 0.027141
0.554753 0.546684 0.047004 0.034968
0.152675 0.444773 0.056037 0.030074
0.444576 0.201595 0.060549 0.031272
0.834223 0.185938 0.052448 0.030265
0.642007 0.208718 0.042560 0.030994
0.560660 0.785140 0.056541 0.026835
0.148264 0.245299 0.060194 0.026806
0.744712 0.604077 0.049827 0.029290
0.248733 0.203638 0.046411 0.029112
0.930562 0.857456 0.052229 0.031739
0.450835 0.468089 0.050555 0.029338
0.351755 0.607999 0.050994 0.027369
0.743750 0.417311 0.051325 0.028772
0.833249 0.390561 0.051079 0.032098
0.154370 0.617373 0.056020 0.029581
0.457651 0.835668 0.045072 0.031796
0.152364 0.687703 0.053441 0.035424
0.925924 0.157023 0.049681 0.026320
0.926069 0.214325 0.051752 0.029404
0.749154 0.794500 0.048465 0.029353
0.737913 0.348912 0.047974 0.032730
0.151068 0.194494 0.054465 0.024797
0.349657 0.311573 0.049624 0.033304
0.445035 0.233378 0.047747 0.028005
0.835881 0.886076 0.052943 0.033377
0.559164 0.668035 0.053864 0.038413
0.459329 0.763832 0.054682 0.031970
0.740683 0.452260 0.049027 0.034114
0.154710 0.650341 0.049233 0.032621
0.351761 0.640817 0.048992 0.035203
0.647870 0.281724 0.049734 0.031600
0.558835 0.817850 0.054147 0.030777
0.346309 0.149400 0.055400 0.027330
0.250528 0.402245 0.053439 0.031905
0.456805 0.866884 0.060703 0.027169
0.249945 0.467928 0.050058 0.032191
0.354889 0.897147 0.054297 0.034151
0.250875 0.434152 0.049376 0.032246
0.644365 0.245241 0.049362 0.036635
0.251067 0.233639 0.045154 0.030666
0.440079 0.146582 0.044483 0.026771
0.451310 0.500824 0.049703 0.032615
0.449329 0.436521 0.055385 0.026975
0.830314 0.353350 0.048585 0.027739
0.563677 0.912535 0.065850 0.029058
0.459704 0.732060 0.054818 0.027472
0.927459 0.396122 0.045269 0.029700
0.253841 0.805306 0.055836 0.031825
0.156442 0.411164 0.058229 0.031288
0.649386 0.562554 0.056735 0.027311
0.546712 0.252987 0.054569 0.028416
0.554150 0.579210 0.047486 0.026733
0.561194 0.884161 0.050728 0.024748
0.644100 0.177175 0.045926 0.026840
0.351538 0.406307 0.045268 0.033050
0.351913 0.547072 0.046122 0.028632
0.928175 0.429656 0.045255 0.031309
0.742863 0.665464 0.051179 0.030179
0.353710 0.737336 0.047950 0.027815
0.645860 0.467795 0.052701 0.026583
0.552379 0.447416 0.045113 0.029973
0.647296 0.314054 0.047806 0.028204
0.732437 0.279701 0.046037 0.030912
0.250567 0.266650 0.042586 0.032462
0.549110 0.289360 0.049833 0.034487
0.836551 0.457470 0.047932 0.030424
0.350862 0.275890 0.048645 0.032886
0.446425 0.317115 0.052536 0.040138
0.349394 0.577337 0.044534 0.027545
0.733962 0.141991 0.051426 0.029631
0.155180 0.500549 0.052702 0.027447
0.555002 0.703911 0.047778 0.026653
0.450403 0.380640 0.046267 0.030819
0.554278 0.608716 0.045808 0.027198
0.927772 0.571070 0.044502 0.031290
0.649063 0.497793 0.058896 0.028632
0.359203 0.829696 0.053139 0.029216
0.927139 0.296374 0.045313 0.029274
0.834278 0.319895 0.042392 0.029069
0.742963 0.727280 0.044951 0.032435
0.836074 0.849672 0.055962 0.029190
0.833072 0.287010 0.051152 0.031947
0.251405 0.740924 0.061252 0.032719
0.438171 0.172875 0.046897 0.023794
0.352126 0.376766 0.053342 0.024237
0.738256 0.315003 0.044684 0.027886
0.256781 0.590758 0.055600 0.034066
0.745365 0.761598 0.042484 0.030105
0.460418 0.664897 0.054676 0.031277
0.835274 0.491307 0.048086 0.029506
0.550681 0.368355 0.054494 0.025613
0.927046 0.539284 0.047259 0.025958
0.651751 0.722838 0.048408 0.027900
0.925706 0.184061 0.044311 0.023777
0.457702 0.627943 0.054761 0.037110
0.833029 0.526567 0.049231 0.034765
0.561832 0.851304 0.040427 0.032019
0.832569 0.253035 0.042115 0.026403
0.152337 0.787415 0.052854 0.029610
0.553014 0.477858 0.042025 0.026260
0.357635 0.863959 0.056751 0.027745
0.254591 0.871864 0.051685 0.035439
0.837481 0.133021 0.055468 0.024266
0.732272 0.242036 0.048249 0.038407
0.748132 0.903768 0.043353 0.025825
0.439232 0.116020 0.052788 0.030441
0.648678 0.690518 0.049283 0.025142
0.351398 0.439566 0.045060 0.025435
0.833763 0.424309 0.047748 0.033480
0.444632 0.260559 0.048293 0.023204
0.835993 0.621265 0.044507 0.025482
0.149217 0.754784 0.062813 0.033658
0.928119 0.509992 0.045473 0.026834
0.446930 0.351453 0.042878 0.026801
0.154722 0.530925 0.045558 0.026738
0.350090 0.518770 0.046710 0.025135
0.350076 0.466732 0.043546 0.024523
0.558278 0.510548 0.046641 0.031645
0.344117 0.116934 0.055503 0.028849
0.449504 0.409247 0.040699 0.025605
0.354157 0.676155 0.045196 0.031962
0.648208 0.619157 0.043175 0.028995
0.651646 0.759082 0.044119 0.037957
0.455745 0.897560 0.055833 0.023239
0.153588 0.560730 0.044673 0.025010
0.645314 0.529870 0.041982 0.030441
0.244352 0.115232 0.050073 0.031451
0.926269 0.764968 0.049060 0.030719
0.924013 0.689319 0.043867 0.032721
0.653932 0.835752 0.042537 0.027871
0.254691 0.661092 0.045464 0.033258
0.744372 0.491275 0.053826 0.039873
0.924453 0.628816 0.039501 0.033211
0.555028 0.732288 0.047902 0.023962
0.250488 0.772830 0.050261 0.025694
0.734693 0.176645 0.056258 0.030356
0.255953 0.701954 0.058082 0.039652
0.253657 0.625269 0.042304 0.033698
0.353061 0.769671 0.042000 0.029017
0.153675 0.587699 0.049912 0.023471
0.652875 0.799573 0.043872 0.036227
0.457146 0.535385 0.061136 0.030424
0.837916 0.715187 0.043859 0.026711
0.833098 0.560152 0.049063 0.025498
0.644440 0.115293 0.045902 0.030757
0.836737 0.749644 0.043642 0.034996
0.251975 0.529399 0.046725 0.025355
0.835667 0.589750 0.042787 0.028896
0.150026 0.721213 0.043871 0.030209
0.839720 0.681845 0.044564 0.036358
0.552583 0.338128 0.043805 0.034171
0.544808 0.148827 0.041428 0.025613
0.733375 0.210084 0.040857 0.029530
0.249205 0.499829 0.052402 0.027285
0.355454 0.799449 0.039809 0.029311
0.747400 0.933271 0.052153 0.025715
0.557108 0.757060 0.049526 0.022240
0.835828 0.648390 0.045881 0.023101
0.747000 0.824534 0.047494 0.024734
0.351700 0.492152 0.050486 0.023249
0.459613 0.927682 0.048240 0.028572
0.925196 0.268554 0.043191 0.024701
0.925503 0.599384 0.046626 0.022580
0.346411 0.178357 0.055970 0.022659
0.642500 0.148827 0.042189 0.029486
0.552223 0.397651 0.039952 0.029301
0.927718 0.728091 0.048723 0.038121
0.648315 0.589189 0.055319 0.023357
0.555073 0.634422 0.043506 0.022582
0.927472 0.131616 0.041567 0.020045
0.926613 0.480189 0.035018 0.025624
0.747110 0.524395 0.050295 0.025300
0.149649 0.219423 0.054493 0.021948
0.150969 0.376497 0.041633 0.033634
0.731404 0.112388 0.052603 0.029401
0.742659 0.695933 0.048697 0.023282
0.543010 0.115005 0.040654 0.033646
0.932123 0.895589 0.045084 0.035521
0.652571 0.933835 0.054321 0.024490
0.254966 0.557727 0.045694 0.023990
0.444060 0.284261 0.050438 0.022204
0.356194 0.929238 0.041416 0.030021
0.833817 0.158254 0.038366 0.021764
0.650860 0.655159 0.042928 0.035951
0.926679 0.362169 0.045984 0.030141
0.743310 0.548910 0.051029 0.024886
0.351766 0.706953 0.036795 0.026807
0.749277 0.857774 0.045294 0.030257
0.455502 0.594397 0.049503 0.028683
0.154566 0.472400 0.039130 0.022696
0.645225 0.339282 0.045715 0.019360
0.924379 0.242507 0.039592 0.022302
0.157040 0.844072 0.046491 0.025488
0.152734 0.881463 0.040878 0.038629
0.562843 0.939600 0.051160 0.023576
0.931730 0.931782 0.037816 0.023751
0.836054 0.818461 0.040686 0.022975
0.453600 0.566691 0.045606 0.028366
0.927433 0.456282 0.039951 0.018928
0.837174 0.920056 0.036385 0.030270
0.247956 0.175280 0.040416 0.028665
0.927391 0.658670 0.044259 0.020467
0.925645 0.108624 0.045939 0.019515
0.744787 0.574070 0.038645 0.022319
0.644945 0.399637 0.044206 0.019885
0.254617 0.836959 0.038645 0.026440
0.149783 0.274262 0.058179 0.030945
0.553335 0.420931 0.044631 0.017471
0.156261 0.816919 0.039699 0.024277
0.149849 0.112602 0.051624 0.026513
0.929711 0.828089 0.033248 0.022292
0.152265 0.935603 0.039902 0.023588
0.835354 0.786986 0.033832 0.031103
0.149860 0.138765 0.044780 0.025802
0.152978 0.912554 0.034468 0.019056
0.247612 0.299288 0.053565 0.029911
0.837427 0.108938 0.045960 0.018111
0.460380 0.699661 0.049475 0.032486
0.747751 0.879107 0.045248 0.016630
0.551755 0.314234 0.036949 0.014934
