0.503684 0.329248 0.063587 0.045006
0.618675 0.684874 0.063135 0.040242
0.393493 0.178242 0.056900 0.040569
0.820448 0.225108 0.064596 0.039526
0.832467 0.911911 0.057888 0.038233
0.831096 0.653615 0.056537 0.032249
0.510033 0.812855 0.062931 0.036623
0.943334 0.383035 0.061062 0.039425
0.073810 0.295681 0.054063 0.039079
0.621507 0.598914 0.062539 0.037516
0.610206 0.333977 0.065354 0.037752
0.715918 0.173450 0.065800 0.029832
0.193169 0.234113 0.064584 0.030952
0.394124 0.220636 0.060302 0.038428
0.292933 0.696040 0.060467 0.040563
0.611368 0.260452 0.053669 0.038545
0.940728 0.257470 0.062485 0.040716
0.716325 0.251608 0.064573 0.033352
0.830087 0.690413 0.062414 0.032412
0.613456 0.220364 0.067297 0.037322
0.498095 0.140662 0.075976 0.041925
0.076454 0.684022 0.061834 0.040702
0.389930 0.358938 0.061442 0.040022
0.615409 0.835185 0.064491 0.041255
0.936643 0.216814 0.069513 0.038384
0.733449 0.935626 0.062990 0.030524
0.609779 0.182695 0.053945 0.039544
0.939330 0.146162 0.059884 0.031626
0.293059 0.309637 0.056376 0.038917
0.832176 0.416137 0.050265 0.034690
0.721722 0.823371 0.079065 0.047326
0.079060 0.190679 0.061392 0.035331
0.938436 0.644992 0.055497 0.039631
0.603790 0.070710 0.063957 0.036432
0.186446 0.485946 0.063747 0.032760
0.715506 0.095103 0.071471 0.036004
0.400614 0.755055 0.059356 0.043187
0.502111 0.728221 0.066552 0.036525
0.290211 0.740080 0.069604 0.039619
0.299877 0.854926 0.062407 0.036458
0.177068 0.101605 0.063973 0.038253
0.505917 0.368152 0.063907 0.029454
0.397408 0.799761 0.059033 0.042876
0.186136 0.797189 0.065952 0.037952
0.512321 0.572827 0.058641 0.044105
0.719071 0.772779 0.061171 0.047137
0.500464 0.770312 0.058778 0.044122
0.177650 0.714677 0.059253 0.031657
0.615542 0.371425 0.075857 0.039075
0.085032 0.406767 0.059214 0.036504
0.075979 0.257584 0.054501 0.034423
0.399577 0.663562 0.066784 0.043472
0.183080 0.834311 0.063906 0.030608
0.707309 0.135526 0.070587 0.042785
0.395835 0.621671 0.070515 0.036218
0.400271 0.709050 0.060396 0.043025
0.077632 0.484649 0.053904 0.039574
0.830419 0.378980 0.054662 0.035656
0.180846 0.342038 0.057392 0.042749
0.505863 0.891083 0.061527 0.037797
0.612738 0.724786 0.050630 0.033773
0.939557 0.511877 0.054124 0.035654
0.941905 0.720391 0.054658 0.040602
0.939878 0.301234 0.054161 0.044491
0.510972 0.402389 0.069301 0.034992
0.073958 0.888726 0.057233 0.037593
0.179040 0.756395 0.059534 0.043849
0.394253 0.433313 0.059595 0.043258
0.388447 0.295130 0.047849 0.034788
0.722175 0.392846 0.054265 0.037439
0.185756 0.521857 0.060662 0.039067
0.075553 0.773921 0.055447 0.040989
0.189048 0.903670 0.059807 0.036423
0.185040 0.451234 0.054061 0.030703
0.718661 0.286947 0.052676 0.033567
0.621909 0.440366 0.059542 0.038862
0.837422 0.870225 0.056492 0.040161
0.835471 0.494699 0.064089 0.035803
0.822515 0.267078 0.060386 0.042245
0.502594 0.065949 0.056431 0.036085
0.708437 0.025398 0.064540 0.040005
0.617121 0.910091 0.059127 0.040300
0.612831 0.759821 0.049403 0.034483
0.504348 0.501089 0.052541 0.032767
0.181249 0.171142 0.053976 0.041453
0.175397 0.677639 0.051867 0.036407
0.940554 0.609087 0.053281 0.032865
0.082481 0.728512 0.061406 0.046383
0.296086 0.896639 0.057403 0.041898
0.287340 0.351974 0.055325 0.046197
0.833658 0.454852 0.053136 0.039780
0.180109 0.382618 0.052215 0.035644
0.078436 0.640556 0.057677 0.042416
0.180729 0.869647 0.055304 0.032994
0.717419 0.212762 0.049308 0.040557
0.080330 0.603467 0.054897 0.027932
0.837621 0.826022 0.056668 0.042168
0.938183 0.473439 0.051755 0.038199
0.502350 0.211417 0.055562 0.035366
0.938038 0.177844 0.053711 0.029650
0.077001 0.445264 0.050312 0.033856
0.181265 0.638882 0.059971 0.038786
0.934822 0.902528 0.063316 0.032108
0.507836 0.534921 0.052597 0.033475
0.081556 0.151996 0.057405 0.035649
0.390354 0.097801 0.055592 0.041448
0.936756 0.825208 0.051281 0.030366
0.290918 0.392332 0.054159 0.030864
0.933790 0.863133 0.049099 0.043094
0.075504 0.568083 0.057438 0.041165
0.837811 0.531722 0.060882 0.036087
0.727964 0.513262 0.055292 0.035644
0.397497 0.512428 0.057267 0.033356
0.183114 0.303071 0.053695 0.036227
0.503833 0.101937 0.051140 0.032406
0.076944 0.332584 0.046487 0.034348
0.183033 0.417063 0.051272 0.030359
0.722499 0.728682 0.067542 0.039030
0.395914 0.137712 0.056641 0.040339
0.504747 0.288122 0.068407 0.032704
0.730669 0.968546 0.065241 0.033491
0.183850 0.268698 0.055169 0.036089
0.085184 0.116767 0.058133 0.034731
0.830867 0.724409 0.052975 0.032483
0.505642 0.435928 0.064632 0.034348
0.613546 0.297945 0.050920 0.036312
0.939798 0.342056 0.054086 0.039115
0.724124 0.583155 0.063277 0.029881
0.078200 0.077733 0.045752 0.039404
0.507671 0.660255 0.069885 0.039312
0.078289 0.369862 0.048786 0.038237
0.838991 0.755080 0.065784 0.032281
0.393769 0.394500 0.063623 0.030425
0.833750 0.788270 0.051148 0.033693
0.290538 0.489254 0.053750 0.034504
0.936489 0.074274 0.045726 0.044007
0.840376 0.954623 0.064543 0.040994
0.731575 0.903582 0.053274 0.029720
0.513549 0.467569 0.064536 0.030322
0.292978 0.652036 0.055583 0.041356
0.394609 0.842811 0.060799 0.036802
0.404619 0.883772 0.053610 0.042782
0.177884 0.030145 0.059453 0.033668
0.828569 0.575699 0.061300 0.052350
0.512481 0.927111 0.071419 0.036871
0.619575 0.954200 0.079607 0.044185
0.299988 0.194533 0.061646 0.032506
0.615937 0.795391 0.047600 0.036749
0.296052 0.455220 0.053546 0.032412
0.294944 0.815190 0.065298 0.040994
0.185038 0.562659 0.056097 0.041646
0.940614 0.757979 0.046494 0.031351
0.177909 0.066299 0.058714 0.034428
0.938381 0.115377 0.043418 0.029636
0.724721 0.651679 0.050567 0.041066
0.498481 0.029768 0.066788 0.038103
0.604738 0.108866 0.050369 0.039004
0.941214 0.429287 0.050712 0.046431
0.941086 0.682344 0.051249 0.035396
0.624117 0.515410 0.056554 0.042458
0.724147 0.868308 0.051502 0.040016
0.735490 0.613803 0.062771 0.031288
0.397114 0.587832 0.051281 0.034819
0.296318 0.155094 0.058810 0.042478
0.178641 0.134898 0.057679 0.027014
0.717475 0.358258 0.050282 0.032795
0.391729 0.473732 0.067212 0.038326
0.078585 0.034196 0.062805 0.045988
0.711703 0.062018 0.058157 0.029771
0.295746 0.777608 0.060064 0.033634
0.726525 0.549305 0.050280 0.031604
0.617374 0.639731 0.056947 0.038616
0.939334 0.544778 0.051267 0.030165
0.723406 0.430197 0.050757 0.035629
0.829370 0.620450 0.048617 0.032956
0.615296 0.874089 0.047889 0.031242
0.389988 0.259604 0.043554 0.032761
0.510261 0.962420 0.064259 0.032907
0.075067 0.813969 0.052679 0.039185
0.617169 0.406552 0.049832 0.030616
0.298857 0.959630 0.065354 0.037847
0.718069 0.322465 0.044246 0.035241
0.721709 0.692867 0.051847 0.034228
0.938700 0.790241 0.046239 0.033849
0.725020 0.471389 0.050675 0.044113
0.502648 0.251204 0.068146 0.041588
0.822505 0.189082 0.043158 0.030075
0.509327 0.616748 0.061254 0.044070
0.408856 0.924994 0.053449 0.034836
0.823052 0.344506 0.042729 0.031522
0.602048 0.028921 0.047146 0.043099
0.502384 0.177328 0.048544 0.028437
0.608697 0.145284 0.046067 0.031060
0.291074 0.610634 0.052510 0.039110
0.824212 0.086786 0.050416 0.033964
0.293113 0.268623 0.050428 0.039797
0.935537 0.029096 0.055607 0.042693
0.286819 0.065411 0.051162 0.040307
0.823581 0.306630 0.044984 0.036121
0.295965 0.230459 0.050959 0.037057
0.825734 0.159860 0.048361 0.027005
0.187367 0.205077 0.048487 0.024677
0.181138 0.599835 0.047041 0.032866
0.075906 0.923295 0.045650 0.033807
0.290780 0.424103 0.050433 0.034534
0.072449 0.850721 0.041669 0.037517
0.619818 0.559420 0.053128 0.037738
0.078535 0.956156 0.043808 0.032555
0.830424 0.123527 0.046761 0.039059
0.411752 0.959665 0.049220 0.034731
0.298518 0.930118 0.054951 0.026369
0.619503 0.475834 0.045869 0.032410
0.291861 0.531611 0.048835 0.048562
0.935765 0.937849 0.061145 0.037315
0.078995 0.525269 0.051109 0.040359
0.078585 0.225003 0.044123 0.031791
0.287445 0.025532 0.049110 0.037288
0.940564 0.575192 0.055136 0.033944
0.185520 0.955753 0.077300 0.051981
0.500159 0.851900 0.079591 0.037549
0.389970 0.061432 0.044311 0.031012
0.513189 0.694199 0.057760 0.028461
0.823758 0.025338 0.044155 0.034380
0.290971 0.574219 0.043075 0.033330
0.821944 0.055451 0.048885 0.029810
0.393155 0.027210 0.047780 0.035898
0.385907 0.325283 0.051390 0.028332
0.398291 0.550538 0.040425 0.037745
0.291145 0.110567 0.052574 0.044250
0.932034 0.967685 0.071234 0.029013
