0.508911 0.248523 0.070335 0.032959
0.827772 0.377502 0.079171 0.041332
0.179620 0.952439 0.083551 0.050699
0.507746 0.328679 0.062089 0.035218
0.397716 0.266674 0.064990 0.039273
0.719238 0.327472 0.066749 0.033210
0.289080 0.757553 0.071406 0.036649
0.923494 0.510906 0.058965 0.042436
0.390206 0.676154 0.058461 0.041631
0.492470 0.889412 0.064634 0.042141
0.825119 0.458249 0.068536 0.040314
0.829060 0.160309 0.071769 0.039146
0.619351 0.202618 0.062771 0.037552
0.933035 0.184815 0.054231 0.031814
0.503961 0.633511 0.076672 0.037581
0.723032 0.240861 0.064610 0.040641
0.618031 0.240359 0.071579 0.034500
0.497432 0.929175 0.073616 0.035822
0.508019 0.208244 0.073317 0.042997
0.293507 0.377735 0.062380 0.037718
0.611166 0.360268 0.068079 0.036123
0.396340 0.837626 0.061814 0.043497
0.929396 0.294467 0.058695 0.039860
0.177227 0.834506 0.056871 0.036715
0.716103 0.648004 0.082170 0.042403
0.290727 0.498157 0.063520 0.035893
0.508742 0.087708 0.067637 0.038841
0.608475 0.588049 0.071871 0.044278
0.618557 0.506638 0.078370 0.038533
0.602294 0.836474 0.069426 0.038758
0.300160 0.149902 0.065079 0.036994
0.610984 0.710941 0.070817 0.032609
0.511877 0.366168 0.059139 0.034169
0.926152 0.685643 0.073785 0.038693
0.722164 0.165655 0.060998 0.038979
0.398505 0.409654 0.057244 0.036218
0.711455 0.471937 0.067685 0.030013
0.182417 0.273203 0.056963 0.034400
0.491022 0.845485 0.069757 0.041276
0.713629 0.881521 0.065259 0.039185
0.067556 0.160314 0.067557 0.036308
0.178358 0.759837 0.055456 0.037737
0.392919 0.718185 0.067536 0.039515
0.395386 0.790876 0.066161 0.040580
0.180524 0.232685 0.077315 0.042325
0.387646 0.754415 0.072368 0.031506
0.711522 0.504582 0.071216 0.030404
0.175243 0.574147 0.071111 0.037896
0.717040 0.285547 0.063051 0.045499
0.395001 0.918223 0.065939 0.035419
0.497042 0.707202 0.058119 0.035215
0.181496 0.351384 0.069543 0.034235
0.718903 0.365912 0.072040 0.039954
0.181855 0.798225 0.058908 0.034750
0.922511 0.552682 0.072671 0.035985
0.182316 0.423776 0.058757 0.035704
0.927880 0.794879 0.061099 0.041770
0.508533 0.288363 0.063672 0.041393
0.725652 0.127555 0.077389 0.036631
0.181314 0.536606 0.061713 0.032271
0.507362 0.447982 0.071412 0.037504
0.927945 0.432676 0.057137 0.040273
0.727000 0.044932 0.076708 0.044565
0.832616 0.120618 0.065902 0.039702
0.711669 0.918637 0.069901 0.032133
0.828042 0.418622 0.059198 0.035915
0.507868 0.529391 0.081906 0.040778
0.829198 0.309199 0.073825 0.029291
0.060417 0.723364 0.058005 0.042672
0.716494 0.767053 0.072615 0.036871
0.928255 0.148357 0.063897 0.039614
0.504868 0.594877 0.063941 0.034260
0.734463 0.089878 0.081702 0.038259
0.281429 0.895535 0.060850 0.037304
0.397036 0.195209 0.062263 0.034535
0.615493 0.545054 0.076717 0.040540
0.066043 0.601076 0.057225 0.038993
0.288803 0.417699 0.055877 0.038415
0.827501 0.498778 0.065562 0.038578
0.065109 0.518285 0.054323 0.036184
0.611985 0.674259 0.056283 0.037583
0.403781 0.305645 0.051788 0.035105
0.931922 0.363467 0.065109 0.029791
0.823837 0.696017 0.056436 0.041177
0.509083 0.404262 0.055486 0.039186
0.932284 0.949730 0.063760 0.037634
0.181715 0.500513 0.054430 0.036899
0.923365 0.330844 0.053514 0.030986
0.613823 0.432961 0.077419 0.039316
0.929595 0.757309 0.061076 0.031103
0.396864 0.880309 0.056721 0.038007
0.180281 0.190162 0.059046 0.041831
0.828073 0.339423 0.068548 0.027829
0.067386 0.263720 0.060307 0.038331
0.180691 0.721360 0.054730 0.037016
0.824813 0.276915 0.073155 0.029727
0.723360 0.607184 0.072509 0.038161
0.617842 0.164388 0.057891 0.034965
0.179692 0.872526 0.055304 0.036728
0.608264 0.877313 0.068874 0.039995
0.398777 0.229160 0.052515 0.028710
0.188212 0.461739 0.068449 0.037947
0.280872 0.930475 0.057082 0.033048
0.925521 0.471509 0.050474 0.032566
0.919431 0.253476 0.073557 0.040412
0.927874 0.880999 0.056029 0.035156
0.617763 0.086710 0.059962 0.041084
0.611608 0.633439 0.063531 0.039578
0.399740 0.549069 0.052949 0.040549
0.820750 0.742350 0.065600 0.049082
0.172517 0.910422 0.052973 0.027269
0.279561 0.859518 0.049179 0.030725
0.510748 0.127653 0.057217 0.035062
0.608393 0.750805 0.061062 0.042901
0.066601 0.637307 0.066137 0.035863
0.827534 0.574132 0.062156 0.035588
0.289847 0.340094 0.060250 0.034895
0.398704 0.370869 0.053366 0.034661
0.189036 0.313407 0.071113 0.039820
0.615093 0.127061 0.053421 0.035894
0.398711 0.085334 0.063094 0.040572
0.299799 0.110838 0.054442 0.034372
0.401633 0.449978 0.073210 0.036500
0.723960 0.202601 0.050584 0.034663
0.828898 0.203500 0.061350 0.042827
0.830881 0.243501 0.052192 0.032118
0.614038 0.395568 0.064346 0.029001
0.063705 0.302266 0.056223 0.034331
0.179039 0.611514 0.062354 0.032453
0.399468 0.161386 0.064702 0.029475
0.712753 0.732354 0.066526 0.034375
0.929380 0.839423 0.067251 0.044022
0.929598 0.109132 0.074464 0.034170
0.933465 0.914544 0.066614 0.029649
0.175599 0.040885 0.072796 0.037365
0.288359 0.458179 0.052541 0.039027
0.613311 0.470438 0.078979 0.033330
0.725677 0.404006 0.064245 0.032353
0.185200 0.386899 0.064603 0.033344
0.176442 0.081253 0.059491 0.036517
0.610113 0.795223 0.057359 0.042122
0.066769 0.770230 0.066702 0.042857
0.613095 0.321123 0.061829 0.043416
0.828040 0.537369 0.078652 0.036423
0.284509 0.714855 0.053723 0.040688
0.509528 0.165423 0.052965 0.041395
0.068253 0.119540 0.058681 0.038584
0.186482 0.155634 0.082904 0.036231
0.393591 0.592961 0.061831 0.039870
0.066595 0.813243 0.060528 0.034211
0.823330 0.925274 0.053024 0.036749
0.816510 0.782843 0.062852 0.030349
0.717372 0.691924 0.056025 0.046633
0.609432 0.279024 0.074773 0.037362
0.391031 0.632700 0.049686 0.039324
0.181557 0.115653 0.068286 0.034343
0.406319 0.125270 0.077408 0.037696
0.824010 0.888435 0.068911 0.034503
0.926149 0.217041 0.052047 0.029108
0.283898 0.606596 0.051132 0.033219
0.502942 0.671262 0.050419 0.037638
0.717249 0.540866 0.062972 0.039824
0.283497 0.792386 0.065560 0.029786
0.297722 0.208959 0.064517 0.028143
0.494044 0.741338 0.055577 0.028532
0.074086 0.340211 0.068884 0.035832
0.509472 0.045389 0.065771 0.042224
0.501698 0.968503 0.059916 0.041235
0.924912 0.394963 0.053364 0.028202
0.066080 0.558402 0.066379 0.042940
0.927003 0.616809 0.054789 0.038829
0.063725 0.079015 0.056241 0.030362
0.295789 0.075357 0.063992 0.027174
0.283034 0.826043 0.051618 0.033267
0.822792 0.968749 0.064661 0.043095
0.281619 0.639696 0.057364 0.028590
0.289672 0.967454 0.075476 0.035869
0.718377 0.439139 0.050290 0.030580
0.295466 0.042149 0.076081 0.038246
0.289384 0.298928 0.053055 0.046325
0.288859 0.573943 0.058577 0.026558
0.496795 0.774834 0.074706 0.034169
0.710644 0.842217 0.047319 0.036583
0.397089 0.959270 0.070044 0.042142
0.818905 0.658846 0.060459 0.031724
0.494413 0.807512 0.075429 0.031088
0.070163 0.042242 0.070105 0.039309
0.710149 0.805881 0.047385 0.036645
0.827408 0.858223 0.066292 0.029485
0.068639 0.227779 0.052607 0.026961
0.929610 0.077517 0.079898 0.031524
0.291306 0.249386 0.058099 0.048156
0.928549 0.722691 0.052677 0.032447
0.288536 0.538114 0.055275 0.040428
0.821190 0.820723 0.049399 0.043065
0.178999 0.650673 0.054456 0.042912
0.620329 0.041854 0.065440 0.040733
0.396926 0.043313 0.063928 0.043878
0.064210 0.482551 0.045475 0.032053
0.506551 0.563999 0.070939 0.025881
0.396265 0.510414 0.068183 0.031112
0.608062 0.914698 0.080251 0.027843
0.285502 0.674404 0.072537 0.033347
0.178530 0.686410 0.054928 0.030875
0.605545 0.977718 0.070687 0.031780
0.297413 0.181086 0.058490 0.025337
0.924183 0.583729 0.048695 0.025562
0.502907 0.487523 0.056257 0.040398
0.924117 0.041358 0.058127 0.036948
0.065808 0.417944 0.056489 0.041589
0.064211 0.680988 0.046412 0.042456
0.603434 0.944696 0.074509 0.036796
0.826246 0.080445 0.042154 0.033579
0.820863 0.043048 0.054306 0.041751
0.066081 0.451062 0.044516 0.025080
0.403196 0.338996 0.068718 0.022832
0.718351 0.572414 0.056794 0.027750
0.827961 0.607923 0.056869 0.031011
0.064030 0.195504 0.041653 0.030033
0.066250 0.853627 0.043444 0.033151
0.929063 0.978858 0.052479 0.023041
0.062504 0.894415 0.044469 0.038863
0.403054 0.482325 0.069469 0.023686
0.715031 0.962384 0.065097 0.048194
0.064336 0.948067 0.054799 0.046958
0.825907 0.633054 0.054920 0.028059
0.927271 0.650361 0.046522 0.027443
0.071235 0.374913 0.058298 0.036416
