0.831090 0.152650 0.075292 0.040138
0.392593 0.165366 0.080031 0.044071
0.835925 0.676357 0.070993 0.040508
0.392849 0.077833 0.070197 0.040088
0.277494 0.434765 0.083037 0.037417
0.176078 0.602039 0.075886 0.034132
0.510618 0.201243 0.072629 0.041878
0.068204 0.150089 0.071530 0.036316
0.062960 0.289771 0.063593 0.052465
0.514248 0.245062 0.070384 0.038944
0.174588 0.078324 0.084932 0.040773
0.830996 0.196918 0.063296 0.036644
0.285801 0.392544 0.079463 0.043103
0.504139 0.153280 0.081238 0.044232
0.177644 0.124076 0.072043 0.043108
0.726786 0.274960 0.073487 0.042747
0.283282 0.253719 0.082597 0.040841
0.290887 0.777133 0.075039 0.039399
0.403836 0.494374 0.075006 0.041788
0.828573 0.340844 0.071620 0.039423
0.062093 0.679263 0.066815 0.046078
0.933884 0.150205 0.063030 0.042120
0.178934 0.437871 0.064270 0.043558
0.282453 0.166890 0.072469 0.042101
0.176329 0.818679 0.075007 0.039616
0.508021 0.660728 0.068738 0.035168
0.065035 0.857114 0.074577 0.042126
0.398441 0.451250 0.066903 0.041054
0.505136 0.368994 0.076484 0.042419
0.937916 0.527778 0.079701 0.039869
0.944116 0.571159 0.067603 0.038935
0.062394 0.248532 0.066546 0.027207
0.720669 0.230280 0.074309 0.043673
0.944717 0.353301 0.067728 0.046943
0.168972 0.236891 0.065762 0.036582
0.389998 0.121588 0.058973 0.039345
0.395512 0.798272 0.071275 0.042789
0.182332 0.777076 0.076152 0.039984
0.940006 0.267042 0.065968 0.041647
0.948792 0.399245 0.072533 0.038786
0.063232 0.809402 0.069502 0.050085
0.719238 0.685826 0.057409 0.041771
0.067600 0.438637 0.069188 0.039504
0.508886 0.459823 0.081186 0.042342
0.168962 0.166782 0.070847 0.035306
0.177927 0.483094 0.070040 0.040107
0.715091 0.731084 0.064378 0.044438
0.399474 0.696901 0.067527 0.045335
0.724856 0.512652 0.073321 0.041006
0.836020 0.512407 0.070624 0.037301
0.394541 0.289459 0.071949 0.038505
0.398542 0.399226 0.076193 0.051252
0.830127 0.236817 0.073207 0.034760
0.931334 0.074700 0.061597 0.034035
0.608419 0.112007 0.082768 0.044802
0.280680 0.598239 0.076076 0.036936
0.511108 0.414701 0.075461 0.039376
0.613620 0.505557 0.071759 0.039152
0.069342 0.109557 0.068208 0.036292
0.932452 0.846075 0.078098 0.042208
0.613658 0.243367 0.058603 0.037765
0.727128 0.469264 0.071843 0.039980
0.614892 0.728130 0.070239 0.045102
0.613338 0.545643 0.075943 0.039267
0.176520 0.561966 0.064521 0.041518
0.831570 0.428404 0.073786 0.033354
0.612353 0.201442 0.057931 0.035810
0.183358 0.686879 0.072403 0.035373
0.066509 0.185122 0.059461 0.029907
0.938398 0.692392 0.077781 0.041276
0.397072 0.615676 0.082568 0.042509
0.286830 0.344613 0.063348 0.043050
0.507367 0.618756 0.063166 0.042490
0.282128 0.554593 0.066762 0.039516
0.178548 0.643428 0.077730 0.040737
0.614908 0.770532 0.074335 0.037973
0.064119 0.485974 0.081870 0.040477
0.508809 0.288886 0.074239 0.037274
0.181660 0.860826 0.070665 0.034573
0.716719 0.356685 0.061720 0.051704
0.711780 0.108771 0.059365 0.048421
0.946349 0.484077 0.059107 0.040613
0.603240 0.068044 0.061771 0.039790
0.287848 0.211806 0.071913 0.039257
0.823803 0.110888 0.076557 0.037489
0.936855 0.191513 0.075841 0.034346
0.066081 0.559431 0.062022 0.038069
0.284889 0.120897 0.060289 0.040422
0.060962 0.905163 0.066215 0.045144
0.934525 0.612496 0.066789 0.035985
0.831511 0.555468 0.071169 0.044531
0.175460 0.320140 0.065931 0.039021
0.175077 0.522639 0.071926 0.031511
0.933989 0.802968 0.071435 0.039648
0.395205 0.535225 0.070978 0.037037
0.615447 0.159076 0.064844 0.046494
0.831156 0.469397 0.058762 0.042042
0.281653 0.075499 0.063654 0.041761
0.282272 0.713845 0.054249 0.034233
0.405029 0.749592 0.068892 0.050658
0.510006 0.697972 0.075397 0.029878
0.175879 0.391558 0.057681 0.039041
0.508337 0.733314 0.061989 0.032922
0.937752 0.308801 0.066587 0.036909
0.612193 0.856259 0.081454 0.041300
0.825708 0.919972 0.082306 0.039913
0.394918 0.209442 0.081255 0.036739
0.062074 0.604054 0.079056 0.035767
0.826373 0.300933 0.059211 0.035103
0.620883 0.437566 0.065539 0.043546
0.726287 0.555982 0.068716 0.044499
0.291805 0.911081 0.062734 0.045213
0.388765 0.342553 0.088490 0.054138
0.836993 0.716281 0.079192 0.033364
0.508925 0.537872 0.061483 0.044987
0.072752 0.343016 0.068651 0.048654
0.718323 0.931471 0.059617 0.035139
0.711766 0.190217 0.063110 0.035364
0.822708 0.071746 0.081291 0.033516
0.713938 0.773754 0.070268 0.037353
0.938444 0.226932 0.076895 0.029981
0.598382 0.029475 0.071584 0.036016
0.720405 0.889914 0.062323 0.039613
0.716943 0.809715 0.068853 0.028502
0.284335 0.639026 0.067750 0.036770
0.613114 0.684605 0.059066 0.044122
0.835086 0.790642 0.064835 0.034427
0.619778 0.592126 0.054765 0.047107
0.175793 0.034551 0.073732 0.041869
0.283713 0.300357 0.062461 0.042389
0.830931 0.387901 0.071847 0.046459
0.281965 0.515527 0.077611 0.041502
0.289256 0.823429 0.074133 0.047581
0.939662 0.652677 0.067222 0.034291
0.931708 0.033179 0.052363 0.037484
0.276045 0.030002 0.075445 0.040691
0.716363 0.606834 0.067900 0.044150
0.612977 0.901097 0.074078 0.042808
0.503515 0.110650 0.064338 0.040306
0.398012 0.573825 0.055682 0.033057
0.610832 0.321406 0.060554 0.047832
0.939125 0.731177 0.079385 0.035374
0.184219 0.955394 0.073313 0.042449
0.169238 0.278321 0.055376 0.042689
0.607583 0.813241 0.074679 0.040919
0.511665 0.961344 0.085312 0.052094
0.943787 0.442006 0.063101 0.037093
0.067239 0.392101 0.058383 0.042359
0.941406 0.894937 0.071568 0.046692
0.498021 0.031569 0.071532 0.044775
0.067669 0.035243 0.070917 0.040827
0.059984 0.639551 0.060323 0.030820
0.060416 0.521368 0.080359 0.030476
0.711417 0.062907 0.058089 0.035394
0.720162 0.846052 0.053685 0.041347
0.723209 0.430096 0.057458 0.031230
0.713611 0.151405 0.052254 0.035251
0.383553 0.248095 0.066973 0.039257
0.065238 0.943482 0.079862 0.031406
0.833011 0.753146 0.065653 0.029962
0.614642 0.638284 0.058757 0.042829
0.614953 0.394617 0.064951 0.038535
0.830097 0.873908 0.058644 0.047076
0.717018 0.645488 0.056053 0.036842
0.506483 0.847139 0.067175 0.026902
0.293382 0.952810 0.082691 0.039066
0.287416 0.866648 0.064165 0.037180
0.506020 0.807631 0.061864 0.047845
0.388158 0.033598 0.058523 0.041170
0.400851 0.883648 0.064725 0.038310
0.065450 0.216648 0.059724 0.035617
0.398254 0.653688 0.072261 0.028985
0.508907 0.325601 0.069278 0.029106
0.822683 0.958605 0.065026 0.039413
0.824993 0.269646 0.050401 0.025381
0.717883 0.312648 0.054181 0.032064
0.284283 0.474948 0.084613 0.037199
0.409328 0.931069 0.090317 0.042087
0.066988 0.073912 0.055732 0.027190
0.934941 0.110745 0.063029 0.025238
0.834159 0.637087 0.050596 0.034617
0.819243 0.033447 0.067152 0.035431
0.614391 0.471659 0.069177 0.023959
0.065724 0.975067 0.066470 0.030937
0.933749 0.765669 0.059652 0.033241
0.508323 0.498223 0.048223 0.033566
0.181439 0.354471 0.058371 0.027143
0.182836 0.904152 0.053027 0.047812
0.513901 0.579478 0.059673 0.025518
0.399303 0.841733 0.050622 0.037597
0.613179 0.280699 0.067228 0.030569
0.178894 0.732242 0.050307 0.046462
0.064687 0.765926 0.073091 0.029476
0.827833 0.827239 0.070492 0.035531
0.728818 0.968379 0.083630 0.038173
0.072742 0.726396 0.090211 0.043351
0.171664 0.201476 0.050892 0.027471
0.507238 0.766894 0.068951 0.027045
0.285942 0.676070 0.060416 0.035471
0.722579 0.396907 0.051011 0.027552
0.613491 0.363623 0.062134 0.028358
0.832233 0.601231 0.058092 0.038643
0.711990 0.028058 0.056173 0.026248
0.282717 0.742591 0.051050 0.019739
0.510682 0.912792 0.047008 0.037449
0.611788 0.949331 0.067654 0.047432
0.926915 0.948024 0.084292 0.052126
0.417042 0.965853 0.076669 0.028132
0.498532 0.074424 0.075916 0.030488
0.509260 0.879327 0.046728 0.031577
