0.496161 0.866836 0.070995 0.044448
0.716157 0.732421 0.067661 0.045863
0.603056 0.718490 0.065390 0.046276
0.821812 0.809360 0.055583 0.039518
0.284989 0.683826 0.056115 0.040268
0.937405 0.770291 0.055055 0.033635
0.820825 0.195345 0.055121 0.041763
0.936862 0.890229 0.056182 0.037754
0.605015 0.332235 0.062849 0.036549
0.275934 0.865670 0.057944 0.036715
0.932763 0.345841 0.057846 0.035955
0.278398 0.422920 0.068830 0.038930
0.064232 0.693288 0.068854 0.036999
0.495849 0.908704 0.055630 0.039685
0.939139 0.697352 0.050642 0.032220
0.492939 0.718203 0.060605 0.040153
0.812985 0.115891 0.059475 0.041149
0.282504 0.540692 0.063474 0.046329
0.490019 0.161250 0.064932 0.044762
0.604001 0.367771 0.063056 0.033469
0.283797 0.496384 0.063908 0.036885
0.716837 0.491754 0.067572 0.036379
0.389951 0.932497 0.055048 0.040383
0.273742 0.905480 0.061904 0.036041
0.707683 0.253362 0.059809 0.043031
0.289256 0.721996 0.059614 0.037446
0.602258 0.406553 0.053740 0.040216
0.180239 0.725228 0.073774 0.045182
0.166217 0.152555 0.060863 0.041944
0.603309 0.764738 0.056868 0.045012
0.936235 0.925127 0.057745 0.032734
0.937067 0.812963 0.060067 0.042348
0.716643 0.687216 0.064740 0.037019
0.384578 0.279010 0.054973 0.039141
0.817566 0.847522 0.055416 0.036379
0.705857 0.448897 0.053078 0.039702
0.061082 0.645039 0.069613 0.052162
0.392916 0.887617 0.054611 0.040846
0.499805 0.559348 0.053958 0.033375
0.169466 0.377541 0.066046 0.037606
0.274859 0.217904 0.054698 0.036014
0.824122 0.769806 0.056625 0.033869
0.491688 0.828161 0.069062 0.033573
0.929676 0.199528 0.053031 0.041565
0.493062 0.111599 0.052076 0.045316
0.607235 0.669054 0.054959 0.041845
0.930428 0.389051 0.058630 0.041310
0.062976 0.253402 0.049795 0.033114
0.286663 0.759348 0.053492 0.036757
0.396477 0.776521 0.059779 0.033556
0.606576 0.878423 0.055513 0.033571
0.391810 0.529926 0.054721 0.039418
0.064515 0.174244 0.067850 0.045748
0.937512 0.735207 0.047785 0.034095
0.714752 0.647670 0.058963 0.034360
0.936719 0.431070 0.054403 0.038421
0.387391 0.241822 0.052792 0.035084
0.495363 0.758142 0.050441 0.036036
0.821341 0.155082 0.049030 0.034403
0.385164 0.202649 0.051263 0.039332
0.936989 0.473622 0.061604 0.037796
0.603478 0.204688 0.054834 0.042503
0.825983 0.731841 0.053259 0.033339
0.278468 0.284520 0.051019 0.035641
0.603186 0.629265 0.065648 0.035306
0.818762 0.280635 0.060356 0.045212
0.824639 0.488303 0.052845 0.040796
0.823500 0.884746 0.055221 0.039124
0.828789 0.694291 0.053534 0.036962
0.068775 0.328634 0.052172 0.039872
0.168499 0.818090 0.068396 0.045660
0.284183 0.460376 0.047011 0.036073
0.610277 0.911643 0.051297 0.029427
0.068575 0.961577 0.056833 0.037984
0.495132 0.678638 0.063123 0.033702
0.495792 0.275180 0.056310 0.040916
0.170482 0.417792 0.058565 0.041897
0.936085 0.544314 0.052818 0.039666
0.391761 0.489149 0.054581 0.041268
0.493071 0.202779 0.053310 0.037937
0.606672 0.810909 0.062587 0.033596
0.934674 0.852897 0.054234 0.030516
0.824741 0.564283 0.054169 0.039229
0.174127 0.290330 0.050245 0.033287
0.826013 0.654782 0.051616 0.041389
0.063369 0.404632 0.059886 0.031616
0.063242 0.557760 0.059185 0.043446
0.931823 0.962716 0.057508 0.039159
0.601273 0.078621 0.055128 0.044404
0.064797 0.288995 0.047896 0.037088
0.276760 0.942629 0.054291 0.040243
0.710595 0.817810 0.052681 0.044040
0.062368 0.850671 0.055751 0.040486
0.497296 0.643909 0.054912 0.039373
0.716205 0.091285 0.060898 0.034088
0.065996 0.083492 0.059226 0.047553
0.394992 0.811061 0.053989 0.039007
0.496995 0.970924 0.054556 0.034133
0.495592 0.512272 0.054467 0.047347
0.715183 0.776296 0.053045 0.035657
0.279997 0.177827 0.081325 0.044241
0.496652 0.794511 0.053461 0.031050
0.502328 0.237289 0.057160 0.033766
0.179130 0.682648 0.050883 0.039216
0.603138 0.159208 0.053251 0.040433
0.821264 0.529021 0.053576 0.032170
0.065737 0.217339 0.051194 0.036089
0.709271 0.298428 0.053139 0.040952
0.824282 0.924886 0.047391 0.037111
0.492999 0.072392 0.053484 0.030188
0.384240 0.128421 0.043838 0.035602
0.823973 0.236947 0.053203 0.038590
0.708725 0.210814 0.047051 0.035024
0.600407 0.249303 0.061800 0.042896
0.934678 0.115995 0.056001 0.039930
0.163859 0.068487 0.067053 0.043057
0.385292 0.313698 0.056852 0.030255
0.386816 0.163347 0.051714 0.029652
0.275503 0.976777 0.057943 0.028042
0.283260 0.797277 0.048509 0.034948
0.824851 0.443083 0.043952 0.042585
0.277602 0.252262 0.049977 0.029687
0.072523 0.369020 0.050479 0.037427
0.393305 0.649962 0.053084 0.035952
0.598687 0.546393 0.063734 0.053639
0.065079 0.597493 0.064892 0.036004
0.601695 0.493867 0.054357 0.043483
0.277458 0.031943 0.057372 0.039994
0.933903 0.037085 0.061033 0.049233
0.064082 0.922490 0.055373 0.039623
0.711633 0.131903 0.051285 0.038201
0.491299 0.357225 0.048797 0.045228
0.709980 0.027445 0.071714 0.038494
0.713340 0.865028 0.055294 0.046410
0.498580 0.598845 0.051821 0.039283
0.710340 0.601601 0.074049 0.046266
0.827819 0.607700 0.047598 0.040458
0.500383 0.469249 0.059133 0.034797
0.937871 0.078464 0.062960 0.028438
0.931847 0.156027 0.049940 0.037401
0.715050 0.528650 0.049406 0.031026
0.929433 0.307075 0.048335 0.037558
0.496131 0.315635 0.055333 0.035690
0.937201 0.656422 0.051151 0.038307
0.709073 0.172224 0.051727 0.041405
0.390241 0.745128 0.042827 0.030358
0.066892 0.439490 0.049490 0.037166
0.602097 0.118753 0.049194 0.038936
0.390603 0.685273 0.045742 0.036562
0.280594 0.136805 0.052707 0.038085
0.598166 0.033439 0.052682 0.041297
0.393121 0.847865 0.044353 0.032104
0.167793 0.860617 0.056046 0.035239
0.607920 0.844966 0.051316 0.028574
0.715145 0.908454 0.045952 0.034403
0.385657 0.095274 0.058567 0.033656
0.170462 0.192785 0.049791 0.037163
0.396448 0.969807 0.049134 0.030549
0.495130 0.400990 0.047743 0.036315
0.063313 0.734726 0.051032 0.037442
0.604942 0.449600 0.053299 0.041259
0.063727 0.887162 0.051331 0.033543
0.063394 0.806758 0.041959 0.037891
0.066774 0.514620 0.051843 0.039808
0.284439 0.100248 0.072423 0.034694
0.171088 0.110459 0.051318 0.036557
0.932297 0.584376 0.044708 0.034845
0.063118 0.476361 0.047112 0.035151
0.065924 0.129763 0.048656 0.042249
0.708927 0.375199 0.047429 0.039083
0.283775 0.347032 0.045260 0.030217
0.709688 0.412484 0.044083 0.031651
0.928557 0.272878 0.045342 0.031531
0.392619 0.613874 0.054717 0.031372
0.602156 0.591365 0.055853 0.036636
0.825246 0.962990 0.047940 0.034938
0.282538 0.315449 0.049630 0.026136
0.492345 0.032127 0.055694 0.047334
0.173231 0.461788 0.052211 0.044052
0.499189 0.941635 0.050315 0.023647
0.383884 0.030465 0.055481 0.043889
0.933150 0.620962 0.053693 0.031372
0.389182 0.385699 0.043949 0.030446
0.387756 0.417632 0.056223 0.036686
0.815593 0.075493 0.045956 0.034180
0.279096 0.830626 0.041376 0.032030
0.065576 0.033625 0.061584 0.046664
0.601484 0.292713 0.044469 0.037816
0.494910 0.438698 0.053843 0.031549
0.282751 0.382060 0.042427 0.036782
0.716088 0.966486 0.059800 0.025787
0.390338 0.573701 0.044841 0.041153
0.707988 0.338159 0.039616 0.035354
0.391804 0.450613 0.052334 0.033870
0.930089 0.238131 0.044013 0.033266
0.285237 0.591894 0.055133 0.048941
0.288307 0.639695 0.048273 0.042327
0.176555 0.613092 0.043937 0.037527
0.167848 0.947252 0.041876 0.030784
0.166637 0.906982 0.049073 0.047525
0.935397 0.509474 0.059329 0.027709
0.065858 0.770100 0.044489 0.033855
0.171351 0.505379 0.046377 0.041837
0.280114 0.068102 0.053420 0.035430
0.172741 0.543755 0.040640 0.030311
0.169475 0.240420 0.047387 0.055690
0.827405 0.401079 0.054391 0.038683
0.389937 0.716247 0.036289 0.026597
0.714734 0.058869 0.059136 0.023941
0.171273 0.332534 0.055156 0.049480
0.715275 0.937878 0.047448 0.027714
0.177749 0.647838 0.045985 0.024863
0.169300 0.027895 0.044594 0.038181
0.163291 0.976060 0.047389 0.029717
0.386204 0.349484 0.044266 0.041615
0.174440 0.772189 0.039336 0.042624
0.818563 0.031975 0.048166 0.045032
0.824153 0.329752 0.051918 0.044296
0.711787 0.562126 0.042769 0.028852
0.171583 0.575110 0.047698 0.034369
0.610196 0.943898 0.058082 0.035279
0.386786 0.066623 0.047682 0.024949
0.604283 0.973392 0.063527 0.031091
