0.505386 0.403616 0.060460 0.039003
0.501577 0.509046 0.065038 0.042107
0.505906 0.216957 0.060025 0.035703
0.611623 0.785424 0.071911 0.036522
0.177601 0.121435 0.057846 0.035702
0.388784 0.516867 0.053356 0.040154
0.174884 0.420674 0.054627 0.039394
0.176206 0.708972 0.056392 0.043762
0.501043 0.628489 0.072855 0.039450
0.392894 0.219950 0.070041 0.046565
0.932894 0.340737 0.061080 0.039108
0.505602 0.033825 0.066068 0.041660
0.395751 0.299169 0.055742 0.040364
0.177976 0.079444 0.056262 0.043442
0.388844 0.738045 0.052827 0.033717
0.610248 0.749327 0.054486 0.033939
0.503045 0.468257 0.054967 0.036560
0.508858 0.551984 0.054178 0.038887
0.932488 0.269264 0.058115 0.043402
0.935323 0.226321 0.059123 0.038667
0.394575 0.261868 0.055079 0.034308
0.389601 0.887877 0.058520 0.045018
0.506775 0.332798 0.057271 0.042213
0.725784 0.199694 0.053330 0.037631
0.078240 0.709651 0.057396 0.042282
0.281419 0.347514 0.055303 0.051017
0.176967 0.749208 0.051932 0.037504
0.621827 0.207528 0.061701 0.044720
0.942705 0.490969 0.070290 0.035951
0.176749 0.944134 0.054957 0.034646
0.941080 0.572759 0.057908 0.039317
0.717052 0.079978 0.067190 0.042635
0.284588 0.393965 0.058218 0.035132
0.507825 0.176604 0.057281 0.043058
0.184428 0.618958 0.053306 0.039161
0.286934 0.797398 0.053999 0.038403
0.063365 0.240163 0.051149 0.039609
0.621594 0.079594 0.057992 0.048152
0.175895 0.661407 0.051355 0.042050
0.069337 0.547139 0.057221 0.044734
0.072141 0.345402 0.061845 0.049283
0.938313 0.188383 0.055124 0.035481
0.622230 0.122544 0.052208 0.037456
0.390465 0.376314 0.065629 0.043746
0.504671 0.079337 0.058952 0.044468
0.386641 0.702559 0.055468 0.033369
0.939562 0.762972 0.054406 0.034115
0.938434 0.454042 0.056422 0.036714
0.935173 0.149573 0.054951 0.039465
0.502780 0.590767 0.058325 0.035284
0.721558 0.159785 0.051506 0.040547
0.833046 0.817453 0.048965 0.039762
0.288500 0.755384 0.054442 0.043379
0.620391 0.283084 0.050380 0.040809
0.075328 0.620454 0.068942 0.034224
0.388420 0.847941 0.051905 0.032461
0.623449 0.163288 0.051545 0.040337
0.176583 0.343508 0.055503 0.039232
0.387864 0.418575 0.068346 0.037781
0.623026 0.246588 0.052541 0.031992
0.076701 0.791791 0.050000 0.039604
0.396462 0.772251 0.060325 0.033584
0.382589 0.629477 0.056510 0.044946
0.283200 0.143565 0.050969 0.032500
0.613072 0.441283 0.057134 0.040253
0.177713 0.579691 0.045444 0.035960
0.387063 0.557693 0.048583 0.038179
0.066573 0.199815 0.050826 0.037473
0.503213 0.696875 0.057451 0.035065
0.940291 0.531408 0.055392 0.041482
0.077778 0.912021 0.054562 0.033169
0.393810 0.810855 0.056133 0.036944
0.719820 0.120043 0.053334 0.033408
0.177179 0.541445 0.054816 0.039415
0.623726 0.033787 0.060186 0.039848
0.287680 0.670313 0.052441 0.031854
0.832189 0.294795 0.049485 0.033102
0.388313 0.668619 0.053111 0.032532
0.510062 0.293081 0.052568 0.033653
0.615262 0.483435 0.049157 0.040300
0.834433 0.877675 0.049384 0.027386
0.398632 0.335391 0.054225 0.030943
0.937495 0.378550 0.046752 0.037480
0.722013 0.389482 0.056250 0.038989
0.496611 0.893619 0.053142 0.040123
0.836460 0.911932 0.056036 0.037340
0.609616 0.938674 0.049493 0.041473
0.611833 0.865496 0.050117 0.039834
0.613919 0.708113 0.053901 0.042170
0.281802 0.601924 0.053086 0.036870
0.277581 0.107777 0.050680 0.035907
0.721570 0.818954 0.054588 0.040954
0.940823 0.034274 0.060012 0.041707
0.178377 0.828665 0.055229 0.037416
0.612599 0.902469 0.046068 0.033480
0.499916 0.932370 0.064131 0.037287
0.175041 0.789546 0.058477 0.042393
0.719852 0.860250 0.057975 0.041162
0.943691 0.865743 0.045479 0.028737
0.175075 0.298593 0.077423 0.044915
0.509441 0.256131 0.046208 0.041013
0.068696 0.399808 0.061470 0.046311
0.177089 0.154775 0.046977 0.035340
0.719353 0.742642 0.058457 0.032232
0.070648 0.478062 0.044165 0.035000
0.940848 0.108697 0.049920 0.035551
0.828940 0.147865 0.050574 0.040478
0.061620 0.120252 0.062175 0.048864
0.731480 0.935103 0.060049 0.037227
0.618664 0.523496 0.055273 0.036984
0.944988 0.613239 0.061528 0.038488
0.727098 0.897759 0.050416 0.035232
0.501694 0.369170 0.062555 0.031788
0.285358 0.635941 0.048282 0.033233
0.391459 0.173996 0.060279 0.043021
0.613361 0.560842 0.047398 0.031930
0.828766 0.184698 0.049415 0.032815
0.938922 0.071772 0.055692 0.031310
0.833799 0.073137 0.054875 0.037668
0.940791 0.730747 0.049194 0.032636
0.937551 0.417963 0.046184 0.035563
0.172867 0.501418 0.050946 0.039001
0.064786 0.162881 0.055464 0.033751
0.078298 0.874078 0.048723 0.038511
0.614162 0.593822 0.043184 0.032038
0.177504 0.867506 0.050803 0.039952
0.943506 0.798651 0.066900 0.037471
0.726301 0.777531 0.062278 0.038762
0.288903 0.832436 0.052571 0.031855
0.612391 0.405120 0.045527 0.033433
0.936059 0.305969 0.053205 0.029158
0.500637 0.782728 0.048892 0.041147
0.285098 0.899182 0.051529 0.042878
0.180699 0.908005 0.048054 0.039202
0.504817 0.127345 0.047346 0.048736
0.613504 0.973806 0.052894 0.029748
0.617017 0.329706 0.059017 0.043329
0.833163 0.778492 0.045946 0.036748
0.392542 0.138279 0.075790 0.030056
0.275558 0.071761 0.051271 0.038105
0.073134 0.586499 0.052775 0.032729
0.721078 0.299175 0.054323 0.037482
0.079146 0.950072 0.053252 0.040029
0.833054 0.221852 0.047166 0.039425
0.175733 0.381835 0.042617 0.034038
0.722663 0.234837 0.040794 0.030541
0.833512 0.326369 0.041384 0.029286
0.945318 0.956961 0.051229 0.029393
0.943336 0.653646 0.051645 0.042857
0.280292 0.181322 0.076889 0.033345
0.179499 0.188525 0.045626 0.030294
0.943013 0.834813 0.047375 0.033179
0.285050 0.300459 0.048252 0.036271
0.181030 0.975244 0.054823 0.028926
0.719757 0.707507 0.052614 0.041008
0.499469 0.663127 0.068043 0.030621
0.833075 0.109807 0.043523 0.034193
0.284171 0.936727 0.044166 0.032328
0.169592 0.461575 0.050824 0.040754
0.499017 0.851791 0.051145 0.036383
0.177469 0.252715 0.049415 0.041277
0.076702 0.833267 0.046042 0.038064
0.073122 0.750942 0.056915 0.040529
0.064067 0.276563 0.045841 0.032177
0.833183 0.260343 0.048532 0.035876
0.389939 0.455030 0.045088 0.032869
0.831393 0.608835 0.048975 0.033817
0.718490 0.265393 0.044650 0.032096
0.835718 0.647300 0.058663 0.043154
0.943306 0.929263 0.050541 0.022267
0.612869 0.624590 0.052325 0.026136
0.500219 0.819602 0.043269 0.028432
0.721501 0.619221 0.056648 0.035170
0.613473 0.661807 0.049338 0.046105
0.063568 0.037237 0.066209 0.040106
0.074161 0.663392 0.050270 0.045082
0.390376 0.933365 0.062743 0.039877
0.179308 0.217358 0.043337 0.030206
0.832191 0.695906 0.052192 0.046099
0.175278 0.033935 0.053912 0.045961
0.837037 0.428813 0.052600 0.042865
0.283775 0.266852 0.037450 0.029748
0.829706 0.032856 0.049407 0.041002
0.060909 0.074659 0.047786 0.035137
0.281136 0.032971 0.050282 0.040994
0.833427 0.851126 0.042103 0.024343
0.729993 0.965481 0.051337 0.027296
0.834667 0.388379 0.045618 0.036384
0.503243 0.737573 0.046047 0.044616
0.725065 0.429920 0.052077 0.039367
0.069638 0.441483 0.045717 0.034640
0.938922 0.696989 0.040742 0.034755
0.290640 0.710967 0.067175 0.042527
0.506163 0.436984 0.046643 0.024134
0.070141 0.305099 0.046741 0.026470
0.388583 0.592083 0.045920 0.025495
0.722061 0.462610 0.045912 0.028166
0.286919 0.863114 0.044152 0.030550
0.070849 0.510329 0.041188 0.025650
0.391488 0.483800 0.044253 0.026301
0.718060 0.662228 0.048197 0.047987
0.835651 0.548573 0.047448 0.034054
0.288070 0.966725 0.042997 0.027956
0.943288 0.899439 0.061839 0.035248
0.834010 0.514011 0.048041 0.031187
0.722449 0.491635 0.048380 0.033741
0.283690 0.435171 0.042852 0.039981
0.720330 0.344747 0.051671 0.047344
0.614015 0.824687 0.054725 0.034987
0.612941 0.371542 0.047731 0.038327
0.722459 0.035270 0.051624 0.041131
0.836379 0.355717 0.043927 0.026217
0.830317 0.740367 0.046088 0.040651
0.839531 0.951928 0.041639 0.037090
0.286465 0.560927 0.049170 0.039766
0.393156 0.110740 0.064878 0.032233
0.833864 0.473195 0.045940 0.043759
0.722537 0.528393 0.048727 0.034899
0.388779 0.075930 0.055071 0.036180
0.286354 0.214016 0.041559 0.033671
0.285658 0.241717 0.037558 0.021650
0.835321 0.578754 0.041490 0.022143
0.391088 0.035414 0.043913 0.042777
0.281796 0.494554 0.043326 0.033288
0.389500 0.962442 0.054926 0.028930
0.498658 0.963177 0.041880 0.030859
0.720034 0.578309 0.044122 0.039657
0.283408 0.526321 0.040322 0.024478
0.281922 0.466605 0.031080 0.020723
