0.821553 0.343351 0.094132 0.055745
0.708961 0.172266 0.092967 0.048791
0.935565 0.796517 0.087931 0.054953
0.707476 0.386754 0.097431 0.052243
0.821987 0.616311 0.074782 0.060823
0.490384 0.220863 0.089397 0.049632
0.933156 0.740353 0.076498 0.050056
0.276516 0.170596 0.078866 0.052709
0.593238 0.110805 0.091562 0.053769
0.716258 0.882504 0.078687 0.048322
0.600189 0.555219 0.093246 0.055444
0.826166 0.727990 0.069566 0.053083
0.385684 0.691131 0.075762 0.051845
0.063335 0.293540 0.078742 0.049806
0.378777 0.366537 0.076998 0.052641
0.705436 0.115189 0.084767 0.060557
0.165745 0.105273 0.092584 0.046425
0.489829 0.641977 0.077970 0.054349
0.935754 0.494316 0.078826 0.048384
0.061096 0.234735 0.086186 0.055408
0.488799 0.275861 0.071147 0.051778
0.828093 0.554245 0.079797 0.052334
0.168983 0.703219 0.073300 0.047728
0.175763 0.854456 0.093113 0.055252
0.488322 0.390737 0.069273 0.055344
0.825867 0.674868 0.083313 0.045666
0.707725 0.225087 0.072007 0.045666
0.172540 0.202872 0.076787 0.051874
0.490937 0.590464 0.071426 0.045375
0.713463 0.830079 0.089280 0.054953
0.380465 0.312408 0.082966 0.050075
0.488653 0.865447 0.089554 0.050233
0.704290 0.440657 0.095421 0.048954
0.930001 0.232451 0.083619 0.057980
0.933860 0.391796 0.083961 0.049306
0.384650 0.746091 0.073523 0.049203
0.278595 0.114069 0.080302 0.049318
0.716240 0.494159 0.074797 0.052438
0.824653 0.284321 0.087529 0.049726
0.169435 0.328419 0.093332 0.050182
0.281967 0.773484 0.074029 0.048074
0.599271 0.165489 0.076883 0.047795
0.283559 0.826358 0.078009 0.047736
0.064375 0.843597 0.091936 0.049518
0.488543 0.700015 0.079293 0.055018
0.821703 0.397361 0.081358 0.045325
0.595162 0.217000 0.079775 0.046988
0.936882 0.897863 0.072895 0.046511
0.704489 0.548286 0.088478 0.050710
0.388119 0.932992 0.074490 0.042294
0.931432 0.113610 0.082956 0.050591
0.929434 0.172653 0.089856 0.055152
0.274385 0.499119 0.081817 0.050683
0.171811 0.594415 0.069718 0.049738
0.387382 0.478327 0.071491 0.049309
0.062143 0.791243 0.082393 0.051478
0.714428 0.710788 0.075765 0.048080
0.388284 0.581341 0.082130 0.047493
0.278293 0.722672 0.077663 0.051275
0.824553 0.498024 0.068427 0.058526
0.598079 0.718597 0.068925 0.052743
0.169114 0.441687 0.088737 0.047392
0.934359 0.593070 0.082245 0.046395
0.276542 0.925741 0.096154 0.041379
0.936485 0.442540 0.072739 0.046408
0.827333 0.831554 0.091262 0.043179
0.596965 0.271396 0.087013 0.054169
0.168358 0.650053 0.071226 0.052550
0.490434 0.443182 0.072894 0.044470
0.059028 0.557730 0.078295 0.059321
0.708825 0.602915 0.073691 0.050500
0.378420 0.110072 0.075245 0.052360
0.071329 0.948119 0.096046 0.061304
0.602751 0.441857 0.084367 0.051527
0.936163 0.293526 0.088258 0.057720
0.384646 0.421161 0.066965 0.050702
0.278314 0.878389 0.084549 0.049528
0.825836 0.114418 0.071662 0.048442
0.602825 0.666513 0.072066 0.044222
0.064462 0.448506 0.074206 0.046620
0.604761 0.771038 0.078147 0.044873
0.492860 0.166247 0.075836 0.050927
0.386924 0.891028 0.071852 0.037955
0.280194 0.325205 0.071511 0.051068
0.820438 0.781835 0.069611 0.049127
0.821865 0.922241 0.076709 0.038270
0.927870 0.058552 0.085238 0.053091
0.063572 0.177396 0.080604 0.050586
0.488069 0.911801 0.077561 0.043980
0.272512 0.442906 0.075415 0.051780
0.935252 0.848224 0.073512 0.045277
0.602274 0.498503 0.067701 0.053718
0.489008 0.541913 0.078741 0.042961
0.711362 0.658578 0.075112 0.049236
0.385213 0.635533 0.070985 0.054385
0.495994 0.956798 0.083507 0.041830
0.074490 0.891893 0.075134 0.044522
0.171101 0.799165 0.052929 0.042279
0.717299 0.937813 0.080922 0.055998
0.712068 0.767083 0.093470 0.058316
0.596373 0.055244 0.066716 0.049961
0.497840 0.755844 0.089926 0.049541
0.824398 0.232848 0.071314 0.047255
0.055666 0.120607 0.089347 0.053462
0.052623 0.060787 0.091284 0.056230
0.059071 0.399080 0.074875 0.039459
0.169219 0.752045 0.062640 0.040597
0.599832 0.331167 0.078715 0.056642
0.489006 0.117171 0.083627 0.040953
0.278821 0.058099 0.077148 0.056466
0.168422 0.541386 0.060545 0.050228
0.935975 0.686326 0.074374 0.045365
0.386188 0.207733 0.070922 0.037545
0.167158 0.907936 0.078225 0.047395
0.494584 0.810434 0.078795 0.053578
0.387140 0.257520 0.074007 0.051077
0.274526 0.221761 0.055320 0.040740
0.275916 0.667635 0.064113 0.054343
0.711220 0.274921 0.086108 0.049981
0.598293 0.613009 0.069765 0.052466
0.167845 0.491240 0.064928 0.043784
0.827257 0.059803 0.074281 0.055589
0.485626 0.332184 0.076060 0.054680
0.059643 0.669989 0.067072 0.054133
0.827842 0.443192 0.062024 0.040932
0.486722 0.494245 0.095210 0.050312
0.377288 0.055930 0.079762 0.047446
0.176538 0.153643 0.084490 0.040969
0.824370 0.167216 0.080401 0.051887
0.288686 0.964155 0.072634 0.035635
0.384005 0.846649 0.056610 0.042009
0.824774 0.878603 0.054648 0.045857
0.597406 0.888145 0.064405 0.045376
0.170972 0.385208 0.071348 0.057994
0.278988 0.274810 0.071477 0.043764
0.600278 0.389692 0.067786 0.049065
0.061683 0.615451 0.065810 0.045966
0.387234 0.530871 0.067862 0.049010
0.172141 0.961386 0.065759 0.057135
0.481117 0.061985 0.096175 0.061642
0.936940 0.344326 0.072511 0.041583
0.168580 0.055299 0.062905 0.049969
0.935784 0.942724 0.059791 0.041715
0.275783 0.382339 0.071381 0.056374
0.932874 0.638631 0.064488 0.037176
0.713678 0.332207 0.081268 0.052754
0.711449 0.055764 0.066414 0.050733
0.937779 0.544961 0.053196 0.046754
0.281300 0.612067 0.071251 0.052517
0.061301 0.349040 0.078231 0.050215
0.277485 0.556406 0.067612 0.055098
0.381695 0.165056 0.058038 0.048722
0.605174 0.950763 0.087066 0.050833
0.602214 0.832407 0.071109 0.059577
0.060512 0.499811 0.092969 0.052454
0.388424 0.797703 0.058673 0.047114
0.821008 0.958518 0.088359 0.037170
0.169077 0.261097 0.072978 0.058663
0.387390 0.967708 0.065447 0.027113
0.063449 0.725334 0.080024 0.054970
