0.492255 0.825480 0.072220 0.045728
0.390079 0.904036 0.083453 0.045861
0.607913 0.676969 0.073877 0.044467
0.502019 0.403123 0.069686 0.044117
0.602512 0.722642 0.071380 0.042148
0.614028 0.303897 0.081224 0.049729
0.391422 0.953733 0.083802 0.048459
0.825430 0.753616 0.066104 0.040770
0.815215 0.893295 0.070585 0.045459
0.389492 0.183532 0.066614 0.042668
0.392100 0.465040 0.083277 0.048773
0.823287 0.405511 0.067843 0.035836
0.603290 0.947901 0.091220 0.047421
0.824456 0.102723 0.068557 0.046424
0.283863 0.502361 0.080842 0.042868
0.816885 0.798353 0.060192 0.039525
0.158333 0.905574 0.073022 0.039022
0.391491 0.231813 0.072239 0.049113
0.170395 0.352264 0.080877 0.041916
0.282663 0.339091 0.069411 0.044575
0.167269 0.400482 0.060355 0.042844
0.055338 0.483458 0.082137 0.052912
0.819262 0.446135 0.061004 0.036010
0.712162 0.883577 0.069963 0.036099
0.173921 0.154597 0.068327 0.043467
0.823993 0.670625 0.062980 0.043296
0.384293 0.329132 0.072691 0.049082
0.711244 0.697056 0.064711 0.037049
0.821329 0.575149 0.081439 0.043291
0.592913 0.898022 0.066833 0.045057
0.701966 0.741272 0.059785 0.048745
0.168122 0.444807 0.064401 0.038180
0.703151 0.084795 0.067162 0.041387
0.931327 0.518885 0.073434 0.041717
0.607959 0.586381 0.063215 0.041943
0.709989 0.160075 0.073001 0.042935
0.157482 0.638442 0.097388 0.050186
0.818716 0.844622 0.066595 0.045662
0.158672 0.829249 0.083105 0.039841
0.710182 0.655658 0.063069 0.039448
0.933065 0.230701 0.059407 0.039023
0.279188 0.663808 0.070301 0.040142
0.826650 0.326448 0.071852 0.043326
0.721836 0.527405 0.071075 0.044483
0.290680 0.077626 0.076816 0.036337
0.716360 0.578394 0.063133 0.047176
0.054998 0.534992 0.070880 0.047165
0.391828 0.099438 0.069249 0.048584
0.289365 0.121115 0.076107 0.045352
0.932214 0.095904 0.070908 0.046188
0.499086 0.453249 0.063176 0.050465
0.933193 0.143002 0.066120 0.044226
0.391228 0.282003 0.062641 0.041397
0.164246 0.692771 0.078589 0.050476
0.172319 0.246646 0.075067 0.049408
0.280508 0.786224 0.072782 0.041248
0.926278 0.738540 0.057662 0.041201
0.273089 0.201917 0.082078 0.037175
0.392711 0.376708 0.064587 0.039555
0.272761 0.287118 0.081876 0.050058
0.827472 0.487669 0.072729 0.039936
0.389767 0.142690 0.065663 0.032162
0.492972 0.913926 0.061666 0.041401
0.275687 0.383008 0.087267 0.044211
0.052114 0.178209 0.065199 0.042188
0.499230 0.133860 0.072311 0.035419
0.172796 0.588149 0.081826 0.046403
0.268943 0.704641 0.088855 0.043712
0.053331 0.083567 0.078992 0.044151
0.608942 0.255630 0.087840 0.041767
0.163021 0.785502 0.072125 0.037891
0.715558 0.304368 0.068678 0.041819
0.823990 0.713096 0.068855 0.036158
0.608586 0.454239 0.087527 0.045569
0.169340 0.484952 0.059332 0.038155
0.164578 0.535290 0.067206 0.050184
0.498329 0.509741 0.067514 0.057335
0.920992 0.930165 0.053397 0.038006
0.933335 0.643342 0.058280 0.042773
0.053322 0.265562 0.072919 0.038584
0.605225 0.632097 0.062218 0.040643
0.709934 0.923732 0.066472 0.040600
0.931067 0.391878 0.060491 0.050544
0.169246 0.198322 0.091415 0.041876
0.936610 0.311216 0.062178 0.041593
0.397649 0.649547 0.061701 0.046502
0.051836 0.435635 0.083049 0.038470
0.276916 0.457328 0.079117 0.041649
0.605783 0.542825 0.063423 0.041704
0.821109 0.231873 0.075101 0.043552
0.389748 0.603446 0.081549 0.039462
0.168001 0.083007 0.061775 0.037617
0.602968 0.036507 0.068209 0.040629
0.822521 0.278657 0.060291 0.044278
0.503616 0.358707 0.075921 0.034663
0.495087 0.869005 0.065959 0.040336
0.813028 0.937519 0.063381 0.040404
0.827517 0.151044 0.060574 0.044923
0.816196 0.974936 0.066798 0.033743
0.719592 0.479673 0.064076 0.043317
0.274536 0.835826 0.066233 0.050784
0.604966 0.077178 0.061115 0.036682
0.824686 0.530858 0.060859 0.042302
0.501973 0.656766 0.057815 0.039496
0.388943 0.862277 0.062152 0.035117
0.051037 0.130954 0.059699 0.045373
0.603158 0.115649 0.063655 0.041551
0.391956 0.556547 0.061121 0.049066
0.927289 0.562128 0.063234 0.038538
0.712619 0.435540 0.057753 0.039928
0.717983 0.965402 0.074195 0.040609
0.933693 0.476191 0.051093 0.037491
0.389706 0.728823 0.054266 0.041898
0.281702 0.621513 0.060710 0.035923
0.271049 0.744796 0.079748 0.033726
0.708154 0.839196 0.058656 0.052011
0.496104 0.694585 0.061817 0.035652
0.821427 0.621346 0.060434 0.047198
0.713623 0.120824 0.067829 0.030950
0.939594 0.602161 0.068652 0.038180
0.496151 0.737499 0.058327 0.046504
0.933493 0.438044 0.053533 0.039624
0.386417 0.817540 0.054907 0.046329
0.711014 0.788293 0.068216 0.038973
0.393947 0.417805 0.058848 0.039210
0.925753 0.967301 0.069226 0.034571
0.713750 0.267064 0.059631 0.034853
0.493746 0.956949 0.079004 0.045993
0.388050 0.509264 0.071533 0.036721
0.928363 0.045485 0.069839 0.045402
0.389756 0.773728 0.053985 0.041752
0.942587 0.270702 0.057012 0.030919
0.927585 0.692405 0.052901 0.044451
0.710660 0.203751 0.059873 0.043489
0.919793 0.815678 0.052704 0.039035
0.163561 0.741291 0.057132 0.044485
0.937602 0.188158 0.059943 0.038743
0.281796 0.164563 0.074787 0.033791
0.277080 0.240810 0.066513 0.038775
0.053117 0.391223 0.072653 0.039244
0.498151 0.093703 0.064783 0.035690
0.613401 0.215545 0.067424 0.039712
0.601254 0.854018 0.075844 0.036002
0.600428 0.767945 0.053636 0.043912
0.597909 0.811379 0.060499 0.041289
0.279613 0.036102 0.065836 0.040846
0.822906 0.050230 0.065894 0.055050
0.504262 0.778798 0.068643 0.039422
0.610095 0.499547 0.059384 0.039802
0.504207 0.310875 0.067403 0.049374
0.707981 0.041508 0.063716 0.041821
0.821399 0.368062 0.052506 0.032935
0.390646 0.042523 0.069403 0.057772
0.610152 0.409417 0.058875 0.043543
0.830593 0.192424 0.078128 0.030819
0.499572 0.217873 0.051606 0.043069
0.055437 0.222179 0.053234 0.040858
0.923342 0.888974 0.053618 0.037630
0.393554 0.690374 0.067816 0.026960
0.713573 0.618051 0.058486 0.034533
0.714621 0.349985 0.065667 0.046332
0.278078 0.586250 0.053027 0.032601
0.049926 0.587319 0.062603 0.047086
0.171726 0.117144 0.077617 0.026684
0.494952 0.611286 0.048156 0.045636
0.153482 0.952769 0.059132 0.046542
0.610805 0.179057 0.070154 0.032964
0.169719 0.302729 0.064285 0.052052
0.498475 0.174002 0.052675 0.043363
0.930321 0.776682 0.056529 0.026975
0.271293 0.895289 0.062725 0.057238
0.498384 0.262604 0.065439 0.041410
0.279061 0.546042 0.052880 0.045346
0.937603 0.348427 0.054947 0.028285
0.168026 0.037598 0.054561 0.045284
0.060561 0.035427 0.060529 0.046777
0.494756 0.563927 0.053395 0.046920
0.277706 0.423246 0.067709 0.028879
0.162071 0.867267 0.049708 0.034533
0.613450 0.345373 0.067285 0.028364
0.716154 0.391492 0.077032 0.039507
0.500506 0.045060 0.066151 0.055548
0.923159 0.850102 0.046993 0.025836
0.709629 0.237144 0.049512 0.027942
0.608940 0.374017 0.054840 0.026466
0.606477 0.150286 0.058799 0.028406
0.054751 0.346115 0.085333 0.045158
0.273982 0.945971 0.080137 0.041102
0.059036 0.305872 0.100346 0.034507
0.277367 0.972360 0.092800 0.038115
