0.394374 0.370521 0.059746 0.035050
0.591421 0.195524 0.051670 0.029036
0.782607 0.135342 0.055224 0.025810
0.389893 0.665664 0.059225 0.038465
0.781026 0.169918 0.056161 0.031820
0.857273 0.463178 0.057096 0.032505
0.591029 0.164517 0.058673 0.029183
0.686370 0.228562 0.057745 0.028529
0.394962 0.407156 0.057936 0.033562
0.590826 0.302635 0.058376 0.035169
0.587855 0.230305 0.061418 0.034485
0.304485 0.387214 0.059089 0.032898
0.490951 0.433063 0.058420 0.029742
0.392152 0.443068 0.056876 0.029454
0.109693 0.722928 0.062291 0.035632
0.495458 0.202921 0.063063 0.033439
0.395626 0.203715 0.055226 0.030971
0.677156 0.406779 0.059630 0.036141
0.110917 0.363400 0.059515 0.038919
0.488110 0.508152 0.063301 0.040152
0.862947 0.319723 0.056585 0.035163
0.286277 0.729771 0.069966 0.040666
0.215648 0.194796 0.060689 0.030901
0.854806 0.639118 0.055314 0.035155
0.112968 0.472501 0.055680 0.031666
0.668929 0.717413 0.060928 0.037715
0.390019 0.588584 0.056406 0.032414
0.685512 0.264690 0.045264 0.034367
0.575097 0.793203 0.057355 0.037506
0.291908 0.514945 0.049207 0.027792
0.772601 0.304294 0.057011 0.031076
0.111952 0.798544 0.065009 0.030446
0.208223 0.394874 0.053628 0.035272
0.120437 0.178535 0.052035 0.028481
0.401912 0.241650 0.055247 0.030395
0.495422 0.276035 0.055300 0.035876
0.493541 0.397443 0.050602 0.034071
0.209593 0.232910 0.050486 0.033366
0.119567 0.215379 0.046232 0.035344
0.673932 0.546400 0.054356 0.030021
0.109533 0.546890 0.060540 0.036128
0.778281 0.202651 0.055479 0.026158
0.595362 0.265680 0.050339 0.029363
0.854323 0.602484 0.052046 0.032035
0.482376 0.666724 0.055045 0.034993
0.849801 0.679854 0.053310 0.031320
0.861137 0.355524 0.057432 0.028843
0.108678 0.836307 0.055819 0.031323
0.858295 0.392920 0.054678 0.038238
0.113691 0.435344 0.048545 0.032411
0.391974 0.925653 0.054371 0.031961
0.854864 0.428886 0.050234 0.027169
0.494166 0.134592 0.053216 0.023992
0.770874 0.338756 0.056541 0.027299
0.114723 0.287674 0.057801 0.032117
0.291706 0.545459 0.046054 0.026921
0.767989 0.456679 0.050545 0.029460
0.569823 0.885795 0.052449 0.041132
0.669165 0.677528 0.050184 0.034835
0.499372 0.357197 0.058331 0.043226
0.304948 0.424228 0.049999 0.032607
0.582220 0.447575 0.049400 0.034899
0.393902 0.335242 0.056015 0.025062
0.400782 0.130307 0.051662 0.032756
0.846075 0.856104 0.052501 0.029678
0.112926 0.325861 0.052554 0.033689
0.481257 0.627434 0.052659 0.032112
0.391088 0.857282 0.052642 0.034652
0.296938 0.457921 0.051963 0.027225
0.385070 0.820577 0.062562 0.032800
0.858077 0.527231 0.051171 0.030563
0.403273 0.166152 0.049536 0.032633
0.304274 0.307949 0.049567 0.036331
0.671521 0.755959 0.050685 0.030637
0.578662 0.621362 0.059849 0.026064
0.583383 0.484744 0.053584 0.035627
0.499520 0.313109 0.055512 0.035466
0.683027 0.194657 0.049991 0.030273
0.686593 0.100134 0.063464 0.028153
0.580723 0.692610 0.055070 0.029601
0.481012 0.808418 0.054022 0.035105
0.108448 0.653524 0.051752 0.030946
0.492062 0.466371 0.054550 0.030756
0.308044 0.143981 0.048067 0.031493
0.206446 0.353035 0.054521 0.030837
0.569445 0.837460 0.050912 0.040926
0.288482 0.770439 0.048208 0.028505
0.853891 0.566043 0.048908 0.031568
0.681695 0.337112 0.049400 0.026299
0.305798 0.179865 0.045882 0.036252
0.769785 0.523539 0.056121 0.030512
0.778832 0.102636 0.051603 0.032973
0.487300 0.554542 0.054895 0.039570
0.309319 0.263942 0.063968 0.036748
0.108024 0.616506 0.049579 0.029728
0.682915 0.164310 0.043314 0.030125
0.111163 0.510264 0.047225 0.030649
0.772857 0.271104 0.045639 0.026091
0.483093 0.741592 0.054046 0.031523
0.390026 0.518655 0.049925 0.034579
0.395946 0.303760 0.051196 0.025692
0.306429 0.221181 0.057915 0.032537
0.392214 0.893694 0.048190 0.028909
0.388116 0.551674 0.059250 0.029070
0.765370 0.640344 0.054870 0.044395
0.119692 0.144844 0.046341 0.033169
0.594854 0.104050 0.052326 0.036886
0.209836 0.313888 0.048470 0.028168
0.576708 0.586129 0.046895 0.033774
0.116251 0.251847 0.048643 0.028212
0.386467 0.706420 0.056638 0.031752
0.674845 0.789655 0.053862 0.029929
0.580049 0.521624 0.044566 0.031391
0.496924 0.101126 0.057185 0.032699
0.762386 0.848940 0.050949 0.026231
0.386605 0.748360 0.049401 0.039365
0.678622 0.484330 0.047755 0.029321
0.680342 0.446517 0.051120 0.032911
0.758020 0.883510 0.054379 0.033685
0.766446 0.417392 0.045829 0.033528
0.764046 0.729396 0.063256 0.031418
0.668987 0.928281 0.067290 0.034277
0.588325 0.373894 0.051116 0.031990
0.874632 0.142203 0.048006 0.035331
0.286285 0.805695 0.056443 0.028368
0.684798 0.301920 0.044121 0.027556
0.487873 0.593335 0.053116 0.029071
0.497011 0.238496 0.045827 0.031203
0.108885 0.760763 0.043788 0.033037
0.108634 0.687592 0.046831 0.026073
0.868574 0.214791 0.046537 0.039165
0.771551 0.562195 0.053227 0.036386
0.212335 0.165086 0.045315 0.025899
0.758798 0.921977 0.048507 0.037531
0.671676 0.641011 0.047777 0.034726
0.115163 0.402285 0.055479 0.024736
0.397333 0.272832 0.042756 0.025549
0.762808 0.688792 0.054699 0.040825
0.291565 0.690933 0.054153 0.028846
0.763761 0.596103 0.044104 0.029636
0.388734 0.476775 0.057374 0.036216
0.213988 0.273820 0.048511 0.036383
0.759535 0.772221 0.052995 0.040906
0.589482 0.340762 0.054215 0.024631
0.312844 0.107605 0.052015 0.036999
0.112553 0.582638 0.049806 0.032892
0.578750 0.655928 0.044592 0.034957
0.303722 0.347696 0.042072 0.034628
0.382773 0.786374 0.045906 0.027907
0.775112 0.235144 0.038919 0.033083
0.495540 0.165950 0.041685 0.032596
0.770961 0.375479 0.043150 0.034315
0.287883 0.649224 0.056235 0.036532
0.576422 0.759409 0.054789 0.023922
0.682142 0.367994 0.041318 0.029817
0.682437 0.133317 0.049698 0.028229
0.668744 0.825987 0.040256 0.031927
0.577193 0.553410 0.040222 0.024570
0.849088 0.887397 0.056901 0.030182
0.478554 0.850310 0.052216 0.043459
0.849267 0.716566 0.044390 0.034362
0.582318 0.410409 0.041237 0.029564
0.872443 0.105734 0.048769 0.031008
0.293821 0.578846 0.036324 0.029446
0.211426 0.134777 0.041044 0.027449
0.669003 0.861692 0.050606 0.026866
0.589512 0.136026 0.048778 0.020771
0.868723 0.177182 0.042767 0.026660
0.668489 0.894122 0.037657 0.029801
0.674696 0.580500 0.039120 0.032549
0.579793 0.727265 0.038779 0.032005
0.676287 0.512033 0.039668 0.027730
0.848348 0.783998 0.039105 0.034266
0.291672 0.613649 0.043395 0.027595
0.857802 0.495722 0.036709 0.024705
0.112945 0.909715 0.056732 0.033595
0.480620 0.919504 0.046715 0.033487
0.871867 0.280377 0.072545 0.035994
0.484042 0.774452 0.054795 0.031556
0.672886 0.608484 0.038476 0.024054
0.867189 0.247851 0.060847 0.025336
0.759954 0.812735 0.038318 0.034665
0.384809 0.623920 0.052626 0.030593
0.481730 0.887683 0.055701 0.025907
0.769775 0.488284 0.037858 0.029610
0.566516 0.926337 0.051635 0.026186
0.847880 0.823528 0.039853 0.029716
0.478943 0.703770 0.037715 0.028811
0.292189 0.487386 0.042578 0.019275
0.852966 0.923006 0.059656 0.037973
0.290889 0.902164 0.063133 0.039472
0.107986 0.872403 0.036812 0.028885
0.401755 0.098788 0.052081 0.024500
0.289455 0.862086 0.039354 0.031520
0.117755 0.102815 0.048840 0.034384
0.288319 0.833123 0.036624 0.017792
0.843501 0.750560 0.052087 0.025681
