0.482096 0.656254 0.069241 0.038701
0.065994 0.159296 0.061784 0.038962
0.065611 0.377006 0.064726 0.037580
0.832780 0.309846 0.063267 0.035849
0.288032 0.265197 0.060785 0.042710
0.491114 0.484366 0.073087 0.043085
0.385371 0.547580 0.067282 0.041167
0.708863 0.685727 0.060431 0.038608
0.062858 0.879572 0.075865 0.041304
0.377862 0.878106 0.066060 0.043767
0.484209 0.930191 0.063259 0.037903
0.492525 0.528176 0.059385 0.040490
0.484789 0.732957 0.071843 0.038168
0.401792 0.239353 0.062910 0.039885
0.068778 0.248167 0.065818 0.039924
0.605372 0.297052 0.068410 0.039610
0.065877 0.580013 0.057684 0.038798
0.396144 0.273763 0.058647 0.028979
0.480507 0.695170 0.056064 0.036891
0.929676 0.363367 0.069792 0.040899
0.171100 0.690406 0.065045 0.042984
0.824741 0.348089 0.056042 0.036526
0.179477 0.164918 0.065606 0.036709
0.720401 0.255044 0.069893 0.035705
0.289175 0.154394 0.069466 0.035112
0.506396 0.253754 0.076307 0.039708
0.505096 0.174295 0.073134 0.037770
0.604032 0.220991 0.059926 0.037963
0.714183 0.436692 0.061068 0.035981
0.061442 0.834242 0.072190 0.040671
0.182668 0.083885 0.072048 0.042470
0.604623 0.335504 0.069397 0.037916
0.711961 0.475982 0.068768 0.037510
0.177303 0.436265 0.072101 0.041396
0.175446 0.395096 0.066055 0.036409
0.488092 0.573043 0.065432 0.046750
0.932065 0.446656 0.063371 0.037035
0.274987 0.786075 0.071311 0.037464
0.485166 0.772003 0.061231 0.036237
0.286430 0.194294 0.056914 0.041610
0.176575 0.126884 0.067705 0.037803
0.179433 0.205061 0.061517 0.038862
0.289377 0.117052 0.066293 0.038152
0.276064 0.432008 0.061094 0.039495
0.604459 0.141323 0.072322 0.038814
0.509589 0.074248 0.059437 0.034144
0.165118 0.845098 0.063109 0.045674
0.273778 0.508125 0.070575 0.041771
0.828230 0.272338 0.068379 0.036747
0.599573 0.421496 0.064854 0.036078
0.266360 0.860851 0.075633 0.047774
0.386412 0.395437 0.065983 0.038925
0.929925 0.810799 0.059347 0.036539
0.164125 0.891756 0.058295 0.044733
0.927488 0.317502 0.055233 0.045932
0.378240 0.831736 0.079634 0.048154
0.289166 0.228413 0.061258 0.027704
0.494022 0.291170 0.068890 0.035126
0.064863 0.337461 0.053698 0.037579
0.063893 0.788788 0.058026 0.047712
0.402956 0.193420 0.052257 0.042345
0.722416 0.180948 0.067202 0.044285
0.707721 0.648607 0.057089 0.030925
0.477562 0.849093 0.072831 0.037263
0.491835 0.370867 0.079824 0.041764
0.490679 0.328027 0.061728 0.041443
0.932096 0.121985 0.070826 0.043258
0.933772 0.887718 0.065650 0.040587
0.378477 0.750658 0.060542 0.032912
0.483384 0.888899 0.061542 0.039700
0.715414 0.614416 0.065182 0.032014
0.068310 0.202171 0.052713 0.044374
0.934677 0.164265 0.067355 0.039477
0.272865 0.589796 0.063315 0.038335
0.504308 0.035148 0.060314 0.041835
0.068538 0.444337 0.065647 0.034768
0.384996 0.503519 0.055225 0.043863
0.273753 0.670112 0.053322 0.041247
0.817838 0.801519 0.055336 0.038589
0.599279 0.674653 0.052084 0.039054
0.704921 0.884495 0.058687 0.048027
0.067463 0.655756 0.053473 0.040723
0.717451 0.323454 0.066167 0.030452
0.496616 0.410993 0.056503 0.039577
0.064061 0.031676 0.066788 0.045283
0.066708 0.079769 0.052726 0.039128
0.274326 0.747948 0.062297 0.036950
0.821106 0.760031 0.051395 0.036854
0.604499 0.496680 0.066481 0.042257
0.932172 0.848589 0.055510 0.038874
0.499423 0.213289 0.067438 0.039743
0.604082 0.379218 0.061831 0.044894
0.604641 0.259343 0.048966 0.035059
0.399513 0.104184 0.078599 0.040095
0.829664 0.235840 0.065268 0.035116
0.381038 0.710301 0.052793 0.043959
0.609360 0.180283 0.064082 0.041549
0.067118 0.534582 0.051207 0.045603
0.281037 0.468669 0.064954 0.032977
0.708816 0.928544 0.076820 0.039654
0.388749 0.032950 0.069660 0.042747
0.483097 0.969148 0.065864 0.040800
0.927674 0.697557 0.058018 0.042297
0.723347 0.219296 0.061319 0.033323
0.379709 0.786047 0.054756 0.038005
0.175766 0.485412 0.059732 0.047353
0.699911 0.841620 0.057091 0.035505
0.710600 0.516399 0.056074 0.037301
0.825532 0.385216 0.053225 0.038522
0.166471 0.800468 0.060842 0.039250
0.172655 0.651386 0.069699 0.032648
0.923934 0.652495 0.073197 0.040788
0.592059 0.789687 0.058663 0.034370
0.168838 0.734913 0.066908 0.038281
0.931905 0.607101 0.069808 0.043442
0.587176 0.915349 0.053917 0.035283
0.706877 0.801819 0.050194 0.036616
0.269761 0.547173 0.056782 0.039598
0.611426 0.072863 0.056633 0.039685
0.928585 0.925719 0.068395 0.031990
0.929495 0.405339 0.052385 0.043587
0.067227 0.618888 0.072792 0.029762
0.066272 0.699608 0.052678 0.041155
0.403345 0.148677 0.059853 0.044797
0.716206 0.397481 0.064266 0.040659
0.928336 0.273515 0.053299 0.038473
0.587938 0.828775 0.069941 0.034507
0.584125 0.960949 0.083056 0.040576
0.276033 0.631981 0.062570 0.039143
0.704593 0.966731 0.067094 0.036710
0.494198 0.446038 0.057565 0.029923
0.822615 0.678278 0.048220 0.035170
0.721196 0.289402 0.056421 0.029425
0.372785 0.925526 0.063303 0.043927
0.504741 0.109750 0.053335 0.034485
0.268338 0.909954 0.055762 0.043390
0.381526 0.626841 0.055692 0.043054
0.927850 0.484804 0.067305 0.036315
0.173734 0.356920 0.070908 0.041350
0.593781 0.713757 0.058306 0.033416
0.172052 0.568430 0.053647 0.041597
0.065085 0.119611 0.049863 0.035896
0.272045 0.710311 0.051107 0.034165
0.826335 0.163090 0.058160 0.036254
0.589260 0.869968 0.058659 0.047757
0.713105 0.358757 0.056995 0.036111
0.603013 0.455757 0.057726 0.034395
0.387945 0.464419 0.057126 0.035321
0.930557 0.564669 0.066025 0.036873
0.265240 0.954800 0.054784 0.042407
0.064713 0.292010 0.045156 0.041214
0.064390 0.411060 0.050219 0.026970
0.059627 0.741657 0.051884 0.039383
0.282665 0.392930 0.058740 0.031676
0.614936 0.108020 0.059302 0.025736
0.933142 0.736140 0.055884 0.037901
0.821739 0.582088 0.050010 0.030292
0.062904 0.485209 0.049308 0.043801
0.726335 0.136055 0.052780 0.042631
0.272943 0.820638 0.061978 0.029783
0.281857 0.311131 0.056388 0.043646
0.288903 0.080542 0.049742 0.032594
0.709583 0.733232 0.055827 0.046395
0.276453 0.352632 0.051314 0.039678
0.388937 0.310291 0.050030 0.037352
0.389870 0.432180 0.054649 0.027288
0.931448 0.772361 0.051455 0.035344
0.182452 0.243921 0.076835 0.035590
0.175267 0.528447 0.058500 0.032738
0.821464 0.718533 0.049492 0.042810
0.174649 0.283702 0.052319 0.038416
0.592536 0.750724 0.071386 0.034494
0.387191 0.587446 0.053227 0.035672
0.175731 0.320475 0.076998 0.032372
0.934108 0.204173 0.080400 0.040655
0.930818 0.077594 0.047857 0.042158
0.484211 0.616912 0.050669 0.039689
0.170431 0.613656 0.055306 0.038888
0.064152 0.919362 0.061658 0.032795
0.820767 0.121457 0.064882 0.045663
0.932089 0.523641 0.058853 0.042033
0.483079 0.809372 0.046145 0.038809
0.816470 0.840387 0.047930 0.035090
0.727493 0.086728 0.061433 0.050240
0.608024 0.030946 0.052417 0.039131
0.280269 0.039897 0.061909 0.042881
0.716089 0.580291 0.051945 0.028435
0.510541 0.140595 0.058855 0.027996
0.395966 0.070141 0.063607 0.025248
0.176742 0.037063 0.054169 0.044600
0.388605 0.352481 0.061833 0.045122
0.602517 0.631722 0.059749 0.044660
0.822856 0.546348 0.045092 0.034864
0.597573 0.538644 0.053101 0.040710
0.372699 0.963049 0.051307 0.033895
0.929539 0.961321 0.090983 0.036709
0.724834 0.037054 0.047872 0.036501
0.928944 0.035535 0.059611 0.036016
0.379955 0.667508 0.046925 0.033471
0.820219 0.645953 0.043316 0.028326
0.822174 0.615147 0.042575 0.028900
0.168884 0.766653 0.067115 0.023845
0.929543 0.238107 0.055675 0.031515
0.599391 0.583617 0.050689 0.046766
0.713073 0.552057 0.046052 0.030772
0.706791 0.768093 0.044229 0.024868
0.831264 0.199685 0.070062 0.034690
0.062969 0.950759 0.073092 0.036902
0.169205 0.940613 0.061064 0.047858
0.213328 0.590051 0.030185 0.027678
