0.163855 0.783064 0.069212 0.036387
0.598519 0.584083 0.058743 0.038845
0.939224 0.292357 0.056398 0.039863
0.054219 0.690168 0.059788 0.036962
0.166304 0.971435 0.059269 0.038335
0.934089 0.679290 0.064234 0.040438
0.833829 0.334478 0.050479 0.035024
0.713180 0.553853 0.065046 0.044575
0.058719 0.647650 0.048850 0.040237
0.835037 0.295613 0.057225 0.038636
0.060227 0.223836 0.057295 0.042849
0.276484 0.767905 0.064120 0.037020
0.282484 0.297988 0.058988 0.035045
0.376088 0.355407 0.059438 0.041792
0.716849 0.474903 0.058085 0.039559
0.165141 0.900376 0.056564 0.038433
0.940095 0.459168 0.056061 0.038411
0.165718 0.822595 0.070101 0.035774
0.167082 0.936029 0.056928 0.030690
0.385934 0.882859 0.060376 0.035670
0.278742 0.809551 0.054095 0.041155
0.712981 0.511469 0.061008 0.033833
0.384419 0.397310 0.062784 0.037592
0.936188 0.252856 0.057756 0.036596
0.170242 0.339334 0.057321 0.039030
0.598602 0.136503 0.061233 0.035572
0.496629 0.143806 0.060489 0.042228
0.169277 0.301019 0.059552 0.035699
0.062541 0.350896 0.051814 0.038280
0.389165 0.922830 0.076609 0.038230
0.053649 0.725015 0.057308 0.031013
0.382183 0.237946 0.062890 0.042296
0.055683 0.503799 0.060130 0.041341
0.718990 0.387318 0.060632 0.034621
0.939723 0.100889 0.054267 0.033149
0.717945 0.166387 0.057990 0.037481
0.390227 0.706016 0.052760 0.042846
0.712571 0.598970 0.054754 0.042674
0.377056 0.313837 0.065480 0.038698
0.277753 0.851973 0.052367 0.038743
0.601329 0.687516 0.071542 0.036466
0.171107 0.261501 0.046909 0.040127
0.930672 0.720065 0.055809 0.039704
0.277080 0.733118 0.059078 0.030942
0.386942 0.163459 0.060961 0.034864
0.605659 0.173831 0.056745 0.038239
0.051994 0.922388 0.051884 0.031187
0.394944 0.962457 0.062157 0.032542
0.053250 0.761571 0.067841 0.040551
0.057770 0.546998 0.055746 0.036451
0.939542 0.420727 0.053915 0.040192
0.826920 0.072346 0.055586 0.042413
0.830048 0.252603 0.056884 0.037515
0.493159 0.029577 0.071637 0.045372
0.603614 0.100362 0.053827 0.034997
0.830551 0.373248 0.059959 0.037336
0.713206 0.249428 0.059669 0.044507
0.383516 0.127730 0.059388 0.034295
0.277617 0.457164 0.071634 0.038848
0.381291 0.435693 0.052788 0.034634
0.279474 0.210211 0.056035 0.041243
0.383154 0.200008 0.053943 0.034326
0.500366 0.185601 0.051987 0.040162
0.492257 0.608617 0.060833 0.038918
0.603809 0.430389 0.066579 0.039647
0.157044 0.861505 0.070356 0.032805
0.168902 0.742058 0.051390 0.042240
0.935872 0.378355 0.055393 0.039104
0.939148 0.138250 0.064021 0.041589
0.494076 0.932651 0.052485 0.037128
0.061263 0.268517 0.067202 0.039574
0.829799 0.111300 0.069304 0.033919
0.604597 0.623108 0.053652 0.035510
0.500341 0.290455 0.053777 0.037165
0.716709 0.429201 0.060890 0.044668
0.834431 0.414058 0.060158 0.041724
0.173645 0.701391 0.056936 0.034018
0.276176 0.889247 0.051106 0.037172
0.493986 0.969667 0.054253 0.037477
0.389064 0.664418 0.055066 0.034362
0.378251 0.277155 0.057081 0.035082
0.496496 0.103041 0.059209 0.038098
0.939666 0.181040 0.050586 0.035890
0.392280 0.745825 0.056972 0.037078
0.384485 0.623922 0.052212 0.041769
0.390906 0.808603 0.049887 0.037111
0.820469 0.703688 0.066999 0.049023
0.936994 0.503235 0.048568 0.042202
0.168618 0.218923 0.052205 0.038935
0.714685 0.205555 0.060984 0.035307
0.390122 0.476247 0.063814 0.046679
0.272029 0.106671 0.060696 0.042543
0.046957 0.805214 0.054976 0.043314
0.820828 0.783249 0.055015 0.041419
0.283243 0.420334 0.054763 0.038002
0.272114 0.581755 0.074666 0.045375
0.935888 0.549018 0.054522 0.043365
0.393924 0.846334 0.048500 0.037989
0.066836 0.390475 0.059624 0.033441
0.061597 0.186059 0.049013 0.034947
0.272239 0.697474 0.066407 0.038337
0.278626 0.337350 0.065820 0.043071
0.171969 0.573301 0.054426 0.040342
0.492800 0.528798 0.055759 0.036551
0.502312 0.333523 0.055232 0.047297
0.823243 0.658436 0.048720 0.034328
0.383934 0.091433 0.052418 0.037930
0.824708 0.549435 0.084542 0.039032
0.491085 0.486536 0.048520 0.042291
0.931938 0.908402 0.046648 0.033716
0.494219 0.898497 0.053206 0.030403
0.931969 0.594453 0.045384 0.043783
0.594390 0.809260 0.047593 0.037134
0.600080 0.029729 0.051200 0.043544
0.173406 0.530547 0.052698 0.044250
0.500812 0.711489 0.054819 0.039032
0.277849 0.624761 0.063619 0.037463
0.270447 0.966562 0.047465 0.040801
0.503012 0.751779 0.062152 0.039758
0.939678 0.335504 0.045384 0.039642
0.174550 0.613787 0.049596 0.038772
0.063536 0.308000 0.056283 0.041231
0.603566 0.067045 0.050019 0.032540
0.279156 0.254133 0.047519 0.044541
0.600587 0.724252 0.055630 0.036160
0.493364 0.566731 0.049533 0.042019
0.495950 0.677565 0.054361 0.031830
0.941254 0.062436 0.049894 0.044472
0.173969 0.137994 0.052843 0.039925
0.387367 0.586414 0.047739 0.032346
0.830129 0.146479 0.051415 0.033521
0.058609 0.459629 0.044510 0.038832
0.064147 0.143551 0.049587 0.043447
0.821383 0.824562 0.058218 0.040812
0.168042 0.457135 0.050691 0.037604
0.826183 0.215920 0.046158 0.035782
0.278571 0.171642 0.044989 0.030771
0.939110 0.217119 0.045014 0.033361
0.933141 0.758948 0.043068 0.039512
0.934289 0.800248 0.053720 0.041589
0.059067 0.611963 0.043287 0.030777
0.052018 0.955360 0.062305 0.035455
0.590932 0.962654 0.054184 0.037847
0.594586 0.847789 0.055979 0.027864
0.495820 0.826375 0.049718 0.047540
0.060763 0.424273 0.042302 0.031944
0.605047 0.544446 0.053034 0.035028
0.494296 0.068404 0.055926 0.032755
0.934183 0.637350 0.053131 0.040722
0.279930 0.660909 0.047164 0.034963
0.594535 0.882818 0.068579 0.040286
0.718419 0.342570 0.048916 0.045120
0.717874 0.297905 0.051975 0.041624
0.278631 0.141031 0.047204 0.026481
0.827400 0.505795 0.048063 0.041525
0.270661 0.926019 0.060371 0.038023
0.596053 0.767267 0.052537 0.045247
0.607493 0.654738 0.059912 0.025150
0.501963 0.225803 0.058121 0.035534
0.384537 0.515767 0.050069 0.032341
0.168114 0.417820 0.046546 0.038308
0.715925 0.122049 0.065833 0.046197
0.594367 0.924032 0.052851 0.038681
0.057671 0.581337 0.044295 0.030897
0.280962 0.380919 0.046409 0.039371
0.934295 0.872918 0.045800 0.034070
0.493934 0.788758 0.054727 0.026882
0.821845 0.588709 0.054272 0.037150
0.174266 0.176261 0.047791 0.035988
0.830049 0.460993 0.053782 0.045552
0.494184 0.867666 0.044401 0.033903
0.822869 0.624385 0.050841 0.033677
0.498669 0.643733 0.055045 0.028442
0.061810 0.889236 0.058622 0.034370
0.172072 0.093137 0.061608 0.044453
0.504913 0.257149 0.053619 0.024041
0.603015 0.463356 0.054429 0.031363
0.278511 0.065863 0.050391 0.041737
0.276541 0.536364 0.045825 0.041385
0.828348 0.180865 0.046900 0.032788
0.392851 0.774905 0.064617 0.026558
0.055198 0.849241 0.040998 0.039948
0.928203 0.978311 0.058633 0.025522
0.494225 0.446529 0.048645 0.033698
0.932724 0.838277 0.043248 0.035927
0.498012 0.413941 0.046875 0.035381
0.066275 0.060790 0.048695 0.035656
0.605661 0.389991 0.052916 0.037749
0.064374 0.099595 0.042443 0.041112
0.828268 0.029474 0.042669 0.039536
0.384904 0.025467 0.059995 0.036277
0.391457 0.056263 0.052671 0.026524
0.604306 0.501998 0.050234 0.045271
0.167508 0.656999 0.057843 0.046894
0.602442 0.286905 0.046854 0.043275
0.282867 0.027714 0.050941 0.038773
0.601946 0.356557 0.044809 0.033523
0.938883 0.024681 0.047498 0.027986
0.501928 0.375416 0.054272 0.037780
0.170395 0.379108 0.041495 0.035298
0.175887 0.053708 0.042435 0.032924
0.068701 0.022968 0.050764 0.032796
0.603530 0.324009 0.044028 0.030707
0.823982 0.745612 0.047871 0.029705
0.386097 0.551345 0.057136 0.042524
0.279731 0.494369 0.049673 0.040106
0.170460 0.493937 0.042981 0.031002
0.176390 0.022805 0.042593 0.030371
0.925417 0.946229 0.055749 0.035192
0.614558 0.209760 0.077232 0.028809
0.609301 0.243210 0.066185 0.040746
