0.828521 0.346229 0.070507 0.042487
0.604977 0.389089 0.070724 0.041490
0.828731 0.455783 0.064112 0.040280
0.386343 0.268416 0.076940 0.043866
0.615573 0.433224 0.067910 0.038145
0.395507 0.628362 0.064419 0.040853
0.722618 0.474803 0.069572 0.038231
0.717800 0.323160 0.065092 0.037520
0.608053 0.090391 0.067673 0.038436
0.831230 0.598572 0.064205 0.040936
0.720523 0.434432 0.079549 0.037068
0.505707 0.809827 0.067128 0.036775
0.501478 0.734193 0.060345 0.038590
0.827533 0.308373 0.068053 0.032073
0.609195 0.276005 0.065409 0.041599
0.715373 0.360160 0.075941 0.033572
0.498178 0.317852 0.070976 0.037823
0.502495 0.660525 0.070119 0.030443
0.498597 0.695031 0.069076 0.035228
0.277453 0.347308 0.077136 0.038042
0.498956 0.279643 0.076199 0.035761
0.505481 0.481147 0.073839 0.041827
0.059575 0.421325 0.071719 0.037459
0.717628 0.213405 0.077658 0.040795
0.502945 0.242535 0.064062 0.036729
0.834993 0.383796 0.073033 0.031341
0.610062 0.199472 0.067497 0.035659
0.274630 0.717109 0.076286 0.038824
0.931375 0.309687 0.087492 0.043961
0.277875 0.678122 0.060694 0.034202
0.610178 0.350124 0.072168 0.031157
0.613492 0.235236 0.073313 0.035133
0.831865 0.492534 0.069492 0.033601
0.390845 0.499764 0.080704 0.035250
0.398084 0.462669 0.062991 0.035423
0.283121 0.642484 0.074007 0.037167
0.717061 0.848395 0.082556 0.041250
0.492449 0.168197 0.069576 0.039380
0.177801 0.523507 0.058352 0.034940
0.506900 0.436963 0.074664 0.040974
0.497379 0.356773 0.070235 0.037922
0.714101 0.168845 0.061440 0.044777
0.391605 0.709391 0.070225 0.037304
0.830751 0.237720 0.070628 0.040212
0.061448 0.379135 0.064373 0.040521
0.505798 0.771956 0.064681 0.034654
0.609548 0.683148 0.080788 0.040021
0.388450 0.390014 0.064775 0.040535
0.393442 0.541088 0.069225 0.043372
0.609994 0.592624 0.075331 0.041196
0.282266 0.096488 0.062005 0.037845
0.715516 0.806773 0.056203 0.034560
0.281051 0.385951 0.063405 0.035095
0.830593 0.526868 0.066924 0.031897
0.279715 0.137190 0.064918 0.041278
0.399586 0.817311 0.065838 0.038585
0.396859 0.946917 0.063226 0.040135
0.719380 0.394914 0.072321 0.033821
0.496990 0.092425 0.070061 0.042326
0.828947 0.561412 0.080891 0.033948
0.722582 0.661540 0.067900 0.040858
0.391314 0.309234 0.074018 0.037793
0.605793 0.128879 0.068839 0.035997
0.504399 0.551293 0.061665 0.032862
0.283677 0.504119 0.052997 0.039195
0.284919 0.571310 0.070020 0.032777
0.396844 0.585940 0.067012 0.042745
0.612744 0.505377 0.069620 0.041142
0.284190 0.427360 0.064449 0.044506
0.612451 0.891857 0.070317 0.047290
0.500529 0.395671 0.059570 0.039540
0.716221 0.889557 0.074145 0.038009
0.281092 0.181770 0.068508 0.043092
0.493771 0.049959 0.073222 0.043153
0.169475 0.308140 0.075055 0.033579
0.831627 0.417547 0.084199 0.034963
0.502047 0.206671 0.069453 0.032839
0.496037 0.130424 0.070243 0.035451
0.828342 0.193899 0.061312 0.045109
0.719770 0.557883 0.063109 0.037294
0.280439 0.466417 0.071119 0.032976
0.281388 0.755517 0.062302 0.035260
0.504719 0.625098 0.055969 0.036687
0.927700 0.186481 0.058687 0.040742
0.401968 0.778325 0.068183 0.037108
0.710318 0.251525 0.074047 0.034180
0.276695 0.052268 0.058948 0.048444
0.164531 0.087122 0.071005 0.036172
0.717699 0.287020 0.067754 0.030605
0.717579 0.516485 0.090377 0.043143
0.391265 0.670202 0.053530 0.038345
0.615602 0.639421 0.065635 0.047299
0.927189 0.143223 0.068151 0.044802
0.283924 0.793183 0.063834 0.036014
0.937711 0.354761 0.069817 0.042479
0.060793 0.457519 0.055909 0.030529
0.179977 0.893793 0.059973 0.042781
0.395767 0.428359 0.052926 0.032821
0.176811 0.488547 0.066526 0.031484
0.607697 0.766355 0.074649 0.039801
0.282820 0.539580 0.051564 0.028073
0.719635 0.732638 0.070272 0.037567
0.614580 0.315513 0.060852 0.034116
0.387930 0.226921 0.054021 0.035961
0.175339 0.344211 0.064628 0.035049
0.073576 0.690478 0.062748 0.038838
0.278293 0.305974 0.058986 0.036988
0.174052 0.771428 0.067637 0.034617
0.055312 0.210292 0.059751 0.041819
0.500339 0.918936 0.058304 0.036124
0.391005 0.126016 0.071682 0.032344
0.076840 0.840690 0.062376 0.035660
0.391722 0.095061 0.069967 0.029946
0.722576 0.770276 0.075149 0.033041
0.502841 0.588693 0.054579 0.037226
0.711093 0.089065 0.063516 0.034714
0.173675 0.380386 0.054991 0.036248
0.612825 0.467944 0.063883 0.032763
0.065042 0.606789 0.058307 0.036617
0.071368 0.880101 0.072491 0.039436
0.174340 0.419248 0.056607 0.034175
0.058673 0.085464 0.066932 0.036221
0.829987 0.639935 0.069060 0.040306
0.077422 0.801907 0.058728 0.039434
0.607021 0.046493 0.069888 0.045223
0.276619 0.270093 0.077762 0.031352
0.068542 0.491843 0.062760 0.035650
0.608282 0.165107 0.061345 0.031098
0.615710 0.803877 0.065839 0.033264
0.292603 0.876626 0.056927 0.035437
0.710448 0.126864 0.062188 0.036827
0.173871 0.605362 0.057102 0.045648
0.298689 0.836388 0.067602 0.043718
0.063850 0.168288 0.058491 0.034256
0.503563 0.884828 0.072839 0.031270
0.167727 0.046418 0.073755 0.041035
0.398660 0.858981 0.057615 0.038109
0.177724 0.732822 0.053664 0.041772
0.166539 0.455009 0.065673 0.032936
0.394276 0.903489 0.072667 0.040841
0.504304 0.519093 0.063051 0.035305
0.612026 0.547333 0.062732 0.046259
0.070518 0.525787 0.061894 0.031024
0.390110 0.189954 0.063106 0.039707
0.827556 0.146891 0.058228 0.048323
0.610693 0.842574 0.054679 0.043055
0.176196 0.811684 0.066202 0.039280
0.723274 0.697175 0.071544 0.029346
0.186375 0.852234 0.066067 0.033599
0.501838 0.849713 0.077614 0.036581
0.186338 0.940454 0.068001 0.048035
0.279688 0.228229 0.050375 0.048597
0.064005 0.293942 0.056872 0.045046
0.938757 0.272582 0.067379 0.027304
0.292181 0.921853 0.074183 0.048526
0.074014 0.564751 0.068656 0.038888
0.282006 0.604667 0.049572 0.030356
0.058194 0.047567 0.061747 0.034164
0.401869 0.745421 0.059451 0.028555
0.708256 0.046370 0.070599 0.047227
0.162683 0.269214 0.055022 0.039107
0.500157 0.953683 0.051106 0.033176
0.059813 0.250894 0.048780 0.037576
0.061918 0.338187 0.060285 0.038723
0.062830 0.127438 0.058576 0.042773
0.385927 0.349175 0.074121 0.037064
0.394352 0.154615 0.064515 0.025157
0.176137 0.562181 0.049152 0.036721
0.827028 0.274943 0.066764 0.031225
0.170353 0.134235 0.073631 0.048266
0.067586 0.648292 0.050351 0.041698
0.067712 0.762352 0.054834 0.035374
0.167326 0.179903 0.054304 0.037956
0.384178 0.054530 0.060502 0.050426
0.070140 0.729654 0.066302 0.037837
0.616634 0.724363 0.050789 0.042322
0.607739 0.947804 0.079240 0.053366
0.164107 0.222808 0.053291 0.047000
0.720825 0.935221 0.082414 0.047712
0.183278 0.689955 0.076893 0.039368
0.180424 0.652174 0.060092 0.037499
0.717314 0.957711 0.088141 0.042279
0.719542 0.619539 0.059353 0.044647
0.720178 0.600289 0.061682 0.044888
0.078553 0.936581 0.085879 0.064748
0.297497 0.973818 0.066700 0.037404
