0.561948 0.818963 0.056705 0.032407
0.355473 0.182840 0.058614 0.029861
0.353844 0.756115 0.056805 0.029565
0.554252 0.221371 0.051015 0.033334
0.359672 0.558677 0.064449 0.037444
0.357275 0.720097 0.060137 0.034286
0.562210 0.883229 0.051471 0.029645
0.855137 0.788539 0.050430 0.034065
0.460053 0.846713 0.048527 0.035610
0.560212 0.636618 0.068182 0.036033
0.553493 0.259388 0.053489 0.035653
0.556706 0.558481 0.056437 0.035094
0.555783 0.332939 0.061661 0.036916
0.554363 0.184750 0.056311 0.029319
0.154017 0.265744 0.057553 0.032281
0.457517 0.552145 0.056262 0.033884
0.560233 0.597423 0.053242 0.033960
0.460985 0.808725 0.056414 0.030610
0.355656 0.215824 0.059689 0.031382
0.253645 0.309690 0.051551 0.034287
0.758321 0.724186 0.054603 0.032523
0.057982 0.137516 0.051956 0.033885
0.858753 0.891573 0.050695 0.030775
0.559893 0.748398 0.052491 0.031074
0.653205 0.191712 0.052306 0.033634
0.649127 0.159314 0.050115 0.027717
0.847221 0.556694 0.051257 0.032808
0.350889 0.253234 0.056667 0.038611
0.168265 0.647367 0.058288 0.038797
0.359002 0.428148 0.058734 0.029177
0.457518 0.515962 0.056961 0.028242
0.258469 0.412058 0.058366 0.029542
0.457086 0.196538 0.060478 0.030417
0.354212 0.124648 0.057183 0.028623
0.563905 0.782779 0.045420 0.032220
0.165575 0.710084 0.056363 0.033158
0.060400 0.237562 0.047804 0.034620
0.256701 0.479743 0.057693 0.031549
0.460760 0.128156 0.058017 0.031197
0.062733 0.471447 0.054196 0.032549
0.845173 0.314871 0.048691 0.031406
0.855039 0.857573 0.052893 0.027118
0.459647 0.265067 0.059598 0.034571
0.359254 0.792615 0.048743 0.035906
0.361544 0.923795 0.052793 0.033719
0.554652 0.294122 0.049296 0.030990
0.458663 0.661952 0.057349 0.041432
0.070422 0.758335 0.052989 0.032239
0.059620 0.394583 0.057744 0.027729
0.256723 0.167481 0.055358 0.027273
0.751171 0.188545 0.057774 0.029570
0.460447 0.739410 0.054153 0.033408
0.649065 0.286889 0.053865 0.025431
0.458488 0.486599 0.047135 0.028003
0.057802 0.173450 0.058835 0.027769
0.763969 0.858013 0.060553 0.028980
0.066314 0.429480 0.052018 0.035823
0.656303 0.229272 0.055296 0.029388
0.057491 0.205483 0.057201 0.028424
0.457182 0.330345 0.045568 0.031955
0.071873 0.613101 0.059683 0.030124
0.757656 0.591489 0.052504 0.030434
0.556517 0.373463 0.067184 0.034924
0.254511 0.202343 0.054838 0.033556
0.352281 0.358393 0.045219 0.031632
0.156380 0.416001 0.047590 0.031519
0.067809 0.717819 0.049996 0.031593
0.758736 0.761016 0.061535 0.033854
0.749932 0.154142 0.050719 0.029433
0.458747 0.456930 0.056449 0.025145
0.154540 0.128993 0.046698 0.027830
0.849700 0.425021 0.055041 0.029320
0.744447 0.120738 0.056246 0.027051
0.361606 0.864506 0.063160 0.027496
0.155621 0.165250 0.052653 0.039472
0.156061 0.203726 0.055526 0.026924
0.753039 0.357775 0.057242 0.032470
0.155368 0.452112 0.062263 0.036040
0.154744 0.382472 0.044766 0.034554
0.854598 0.748499 0.046913 0.036376
0.753648 0.553698 0.047979 0.030962
0.353974 0.290780 0.061471 0.028974
0.163366 0.608381 0.043464 0.029650
0.154455 0.233109 0.059741 0.024753
0.059279 0.356054 0.043793 0.036825
0.649122 0.123086 0.046732 0.028574
0.460518 0.619642 0.056955 0.030824
0.554091 0.154872 0.043620 0.028391
0.849027 0.707357 0.048388 0.029627
0.351690 0.093310 0.061645 0.031020
0.747019 0.222299 0.051482 0.034489
0.364246 0.893913 0.061920 0.025389
0.166635 0.575853 0.050271 0.030710
0.756207 0.689256 0.042802 0.029017
0.753488 0.489078 0.055187 0.026217
0.850418 0.387747 0.051447 0.034000
0.564992 0.914207 0.057937 0.031107
0.165416 0.858651 0.049020 0.037039
0.555784 0.494043 0.044421 0.029946
0.365114 0.597616 0.052253 0.034477
0.153808 0.304448 0.049430 0.037660
0.359869 0.830615 0.043240 0.030518
0.557127 0.091091 0.061604 0.031144
0.461139 0.161023 0.052332 0.031188
0.151175 0.344482 0.044078 0.031950
0.460091 0.588045 0.058001 0.026975
0.462401 0.702424 0.062507 0.036124
0.745160 0.292057 0.044396 0.032833
0.456371 0.400349 0.043987 0.029258
0.359619 0.638941 0.045317 0.038166
0.169478 0.923962 0.050932 0.030722
0.652339 0.319314 0.053442 0.034163
0.153791 0.097706 0.057118 0.031717
0.061873 0.511782 0.048430 0.038350
0.561573 0.852270 0.054078 0.022759
0.072139 0.850837 0.057047 0.026361
0.849604 0.590899 0.061465 0.026218
0.756833 0.821865 0.044420 0.030521
0.836222 0.087606 0.053087 0.026966
0.353100 0.394479 0.043271 0.031236
0.357364 0.521002 0.045623 0.031674
0.747100 0.257082 0.043620 0.032928
0.749322 0.420110 0.038907 0.029420
0.847193 0.521027 0.040354 0.027529
0.059837 0.274592 0.049379 0.027834
0.066156 0.685766 0.041266 0.029123
0.749245 0.454535 0.040482 0.031339
0.057543 0.098906 0.044007 0.033375
0.355900 0.150880 0.051978 0.022653
0.349391 0.324510 0.064162 0.032580
0.358092 0.487083 0.040530 0.028884
0.065044 0.579420 0.058615 0.023891
0.561923 0.713689 0.044353 0.032743
0.254609 0.339597 0.061165 0.025139
0.456915 0.295312 0.047619 0.028626
0.750487 0.391227 0.055386 0.025572
0.069974 0.648927 0.045173 0.034534
0.162789 0.787399 0.043291 0.031419
0.257362 0.134893 0.051023 0.031532
0.651748 0.259485 0.054852 0.023218
0.846280 0.487638 0.039287 0.027874
0.069413 0.818194 0.049826 0.026707
0.852974 0.672998 0.039957 0.029387
0.358516 0.679853 0.040625 0.035843
0.356014 0.458846 0.053790 0.025059
0.843894 0.281529 0.048268 0.028431
0.459715 0.429481 0.049347 0.021913
0.755794 0.655726 0.039523 0.029805
0.064885 0.549824 0.046589 0.025900
0.557659 0.410605 0.061578 0.032342
0.456449 0.230042 0.045678 0.030481
0.844867 0.183465 0.062841 0.025414
0.258256 0.443898 0.045365 0.023451
0.844880 0.456213 0.039386 0.028511
0.163493 0.541876 0.041940 0.029801
0.749900 0.518572 0.043269 0.027450
0.554421 0.440213 0.056639 0.022772
0.261174 0.099206 0.064167 0.032977
0.559838 0.675308 0.053612 0.035916
0.748363 0.325905 0.050358 0.030441
0.160171 0.821913 0.039201 0.030190
0.163349 0.512519 0.049359 0.022586
0.261247 0.518834 0.066563 0.037291
0.838914 0.149525 0.040827 0.032237
0.059664 0.312752 0.044445 0.036959
0.259923 0.240136 0.053304 0.037991
0.558767 0.124468 0.055780 0.030177
0.847094 0.349681 0.039738 0.032319
0.457904 0.367012 0.046834 0.032841
0.859473 0.923583 0.047748 0.030461
0.555885 0.524527 0.051007 0.027948
0.648013 0.090541 0.038385 0.027789
0.070960 0.914096 0.051173 0.030845
0.456439 0.092488 0.042260 0.028137
0.747083 0.088876 0.049798 0.027306
0.462601 0.776025 0.055931 0.024697
0.856062 0.825933 0.042880 0.022597
0.857734 0.645977 0.048797 0.018723
0.754764 0.886203 0.041855 0.021487
0.166705 0.680690 0.046728 0.019015
0.255203 0.374963 0.069929 0.033939
0.756729 0.623719 0.038963 0.023656
0.072069 0.880690 0.045744 0.026586
0.165514 0.484799 0.047250 0.022759
0.560117 0.466202 0.056511 0.021091
0.071511 0.789947 0.037181 0.025463
0.168460 0.894241 0.052274 0.025003
0.760126 0.918274 0.042650 0.025702
0.837936 0.116270 0.035691 0.027250
0.461161 0.880707 0.058942 0.026924
0.254320 0.275708 0.049782 0.029528
0.843085 0.249282 0.048354 0.033540
0.839911 0.214980 0.036728 0.029715
0.165517 0.749487 0.053509 0.035357
0.851490 0.620320 0.060050 0.023042
0.761788 0.791279 0.052165 0.019732
