0.164778 0.215960 0.081697 0.056885
0.488952 0.873997 0.090797 0.050832
0.939467 0.279936 0.084216 0.054151
0.164639 0.687602 0.080645 0.048978
0.163818 0.369976 0.088381 0.057580
0.274228 0.216744 0.081212 0.054632
0.821267 0.699644 0.082351 0.051708
0.495061 0.164806 0.093762 0.053165
0.606316 0.104959 0.084490 0.054544
0.392549 0.261421 0.089001 0.046559
0.932269 0.164056 0.075418 0.053472
0.386168 0.108480 0.075661 0.053569
0.383886 0.318264 0.074386 0.055632
0.928109 0.706416 0.093143 0.046590
0.933961 0.552493 0.089090 0.054927
0.272874 0.677958 0.077748 0.049378
0.268933 0.158606 0.075341 0.052265
0.827921 0.265424 0.073342 0.052371
0.930266 0.610563 0.088370 0.052102
0.486524 0.820223 0.093561 0.053245
0.382226 0.532284 0.073695 0.057652
0.715642 0.438129 0.086894 0.054319
0.160926 0.477657 0.078863 0.052640
0.054215 0.293132 0.066018 0.051180
0.059157 0.618666 0.071670 0.050539
0.157485 0.793084 0.072679 0.049505
0.710722 0.963755 0.093574 0.048503
0.930136 0.859998 0.077019 0.042828
0.267183 0.392102 0.076141 0.049146
0.824038 0.645119 0.072436 0.052467
0.604131 0.217973 0.078306 0.052123
0.606165 0.163125 0.075949 0.055153
0.817299 0.751666 0.079203 0.042923
0.830559 0.210254 0.081583 0.051189
0.934880 0.443338 0.104243 0.060725
0.827898 0.321636 0.082635 0.053406
0.496867 0.654945 0.075261 0.048072
0.714152 0.382014 0.077950 0.046996
0.262571 0.445881 0.092629 0.046577
0.500461 0.108648 0.079113 0.055272
0.930056 0.221131 0.067760 0.058445
0.596643 0.577870 0.081266 0.054666
0.609574 0.370856 0.083534 0.047516
0.492276 0.323831 0.090184 0.047034
0.811539 0.915138 0.080458 0.046083
0.055872 0.395379 0.075840 0.053247
0.600456 0.467147 0.096572 0.051409
0.604441 0.319866 0.080235 0.045040
0.496755 0.221712 0.085743 0.052711
0.710362 0.762311 0.082798 0.048460
0.493636 0.488328 0.070096 0.051550
0.707538 0.653022 0.094616 0.051153
0.155389 0.901986 0.079785 0.042745
0.494803 0.430811 0.073119 0.053273
0.597640 0.692479 0.082168 0.051567
0.061160 0.237967 0.076755 0.049575
0.158862 0.741106 0.074591 0.047644
0.816032 0.801515 0.061314 0.050754
0.382442 0.590523 0.091656 0.050152
0.061561 0.675228 0.082012 0.056680
0.391562 0.051071 0.068321 0.053200
0.601291 0.521312 0.080286 0.048666
0.713837 0.916913 0.081433 0.042577
0.156589 0.957969 0.084040 0.055504
0.268978 0.105240 0.080211 0.048015
0.499702 0.053356 0.084922 0.054008
0.936118 0.909885 0.089104 0.049789
0.382182 0.811580 0.085539 0.046192
0.929475 0.809877 0.092444 0.044924
0.050018 0.343812 0.082806 0.039318
0.600685 0.789744 0.086317 0.046242
0.598473 0.890792 0.083605 0.059982
0.931753 0.499326 0.080966 0.049641
0.714576 0.868890 0.084214 0.053346
0.384582 0.760913 0.069461 0.056099
0.821125 0.159874 0.080256 0.047647
0.264935 0.838114 0.079772 0.054969
0.494011 0.964929 0.087860 0.042511
0.717720 0.496774 0.077817 0.056200
0.711568 0.707440 0.069174 0.050124
0.164155 0.578742 0.098051 0.057392
0.159696 0.104121 0.088108 0.044285
0.823038 0.420149 0.087023 0.043926
0.719101 0.284001 0.083469 0.048216
0.059995 0.180503 0.075720 0.054591
0.265062 0.624924 0.089771 0.051961
0.720541 0.050109 0.085606 0.051308
0.274339 0.335895 0.082104 0.049054
0.491518 0.923053 0.077037 0.041255
0.265784 0.784763 0.085812 0.039542
0.712916 0.814752 0.087748 0.047838
0.381880 0.914413 0.079419 0.045457
0.268005 0.500470 0.081193 0.054350
0.495216 0.601804 0.078689 0.046915
0.385554 0.861903 0.082542 0.046052
0.492776 0.707361 0.076853 0.052655
0.062303 0.452148 0.067171 0.050281
0.262658 0.734421 0.069739 0.048429
0.600273 0.742842 0.073816 0.038607
0.165205 0.633053 0.072432 0.050716
0.600562 0.836532 0.087817 0.041203
0.605103 0.047919 0.088035 0.047497
0.816149 0.963013 0.065414 0.042854
0.384609 0.478030 0.069259 0.046195
0.833311 0.107940 0.070697 0.045756
0.377499 0.706299 0.092238 0.042314
0.489394 0.765125 0.080649 0.055288
0.380971 0.429129 0.086230 0.052653
0.271286 0.563511 0.087414 0.062169
0.933334 0.961011 0.096694 0.048985
0.276694 0.053779 0.085511 0.050701
0.380463 0.652317 0.079535 0.059782
0.821168 0.474489 0.066325 0.052719
0.718727 0.230852 0.073948 0.051847
0.597708 0.635184 0.076338 0.055318
0.715525 0.333411 0.076743 0.047004
0.162331 0.156013 0.065780 0.054853
0.161654 0.312025 0.066930 0.045897
0.056799 0.735339 0.065236 0.055151
0.605881 0.416663 0.080965 0.039873
0.818772 0.532490 0.084300 0.056697
0.054459 0.939608 0.077739 0.036491
0.932250 0.108499 0.059213 0.049814
0.167065 0.267823 0.078792 0.036197
0.715262 0.605714 0.077271 0.037613
0.272022 0.277775 0.076135 0.060032
0.384995 0.211636 0.073680 0.047969
0.936617 0.337480 0.068694 0.054421
0.384284 0.960356 0.076038 0.049008
0.930560 0.758889 0.071935 0.052229
0.820466 0.590878 0.067704 0.047460
0.498023 0.374304 0.083116 0.048912
0.163141 0.525918 0.074051 0.034846
0.932512 0.658997 0.052593 0.041800
0.057866 0.895170 0.064247 0.052984
0.940111 0.388357 0.080150 0.042283
0.606298 0.269964 0.056762 0.049713
0.934759 0.053448 0.086765 0.056279
0.161821 0.054366 0.069221 0.056455
0.160035 0.850704 0.073175 0.050889
0.062740 0.121009 0.072545 0.056095
0.057524 0.786593 0.058360 0.040575
0.711116 0.557309 0.076845 0.055044
0.497803 0.544960 0.080889 0.052818
0.059556 0.835134 0.060084 0.048967
0.056175 0.512536 0.051203 0.051800
0.826087 0.054841 0.052633 0.053146
0.053631 0.564907 0.048294 0.041920
0.057262 0.059755 0.079386 0.061632
0.714632 0.171102 0.064920 0.063535
0.817525 0.859419 0.061836 0.058309
0.267532 0.958939 0.066830 0.052498
0.599040 0.954164 0.073330 0.057577
0.495880 0.273379 0.050878 0.047882
0.382708 0.375294 0.076832 0.052566
0.719447 0.107511 0.067818 0.057191
0.388683 0.161121 0.051601 0.047186
0.268615 0.899972 0.067680 0.055587
0.059114 0.974094 0.059791 0.032352
0.823027 0.374482 0.049009 0.045119
0.156350 0.424386 0.064710 0.047995
