0.280445 0.178254 0.058302 0.039486
0.172677 0.296644 0.061008 0.037051
0.185545 0.557278 0.064118 0.036079
0.290444 0.857665 0.057217 0.035294
0.844779 0.586059 0.063530 0.040230
0.184780 0.857440 0.058424 0.036111
0.844631 0.625590 0.060478 0.035305
0.522877 0.849620 0.058849 0.035917
0.059269 0.302904 0.061850 0.037978
0.508229 0.371713 0.059147 0.036418
0.626697 0.827143 0.068334 0.036083
0.506063 0.139532 0.061209 0.041137
0.618081 0.177264 0.056116 0.040883
0.063914 0.192645 0.072048 0.040631
0.397377 0.272227 0.062867 0.035889
0.181434 0.672056 0.069203 0.038873
0.283864 0.290127 0.064746 0.039828
0.172817 0.258128 0.067397 0.036667
0.066906 0.533371 0.061341 0.038934
0.735605 0.565660 0.062384 0.043384
0.165862 0.150575 0.065085 0.039779
0.394972 0.228963 0.069362 0.045254
0.185583 0.897543 0.052741 0.038291
0.616896 0.221331 0.064313 0.043411
0.629678 0.392396 0.066217 0.039842
0.062723 0.148697 0.058457 0.043115
0.509163 0.333304 0.057408 0.036400
0.511755 0.695829 0.070999 0.042113
0.399738 0.184057 0.055829 0.040034
0.523187 0.888333 0.055358 0.037839
0.629882 0.744242 0.065639 0.042708
0.415810 0.824323 0.068247 0.038128
0.743624 0.807524 0.063708 0.040436
0.502121 0.253694 0.054812 0.038908
0.520554 0.922640 0.070133 0.030324
0.282750 0.249851 0.057783 0.038058
0.402664 0.668880 0.054265 0.038383
0.944585 0.884537 0.068719 0.040447
0.073569 0.916867 0.062055 0.039422
0.507761 0.293648 0.062878 0.039112
0.500442 0.183508 0.058342 0.040981
0.945349 0.727564 0.069339 0.043105
0.509100 0.483118 0.057849 0.032545
0.623640 0.618752 0.068960 0.042136
0.395753 0.072102 0.050608 0.042383
0.067586 0.423725 0.070857 0.037692
0.513775 0.412284 0.061068 0.039140
0.747743 0.890181 0.052112 0.038929
0.743200 0.767031 0.061198 0.039074
0.738106 0.726099 0.057057 0.039926
0.067562 0.570999 0.060862 0.037146
0.618808 0.261386 0.064932 0.032969
0.175771 0.220389 0.049674 0.033330
0.729674 0.244096 0.054350 0.042487
0.620830 0.136502 0.049845 0.036949
0.514718 0.519512 0.054028 0.037713
0.403093 0.590351 0.055165 0.041400
0.620828 0.100497 0.053796 0.037434
0.630177 0.578716 0.059204 0.030081
0.841594 0.546524 0.053102 0.035361
0.294533 0.892548 0.056739 0.034032
0.623378 0.352683 0.058960 0.037037
0.513490 0.655261 0.063366 0.034332
0.064610 0.379236 0.052941 0.043319
0.417138 0.862154 0.064759 0.034503
0.399637 0.143025 0.057234 0.040295
0.842165 0.285932 0.054091 0.038513
0.288225 0.408880 0.055659 0.034632
0.178554 0.628324 0.054249 0.040049
0.837257 0.179733 0.065470 0.045395
0.405454 0.745301 0.081297 0.045465
0.185477 0.713555 0.062377 0.037773
0.287323 0.365621 0.075408 0.042440
0.837063 0.733622 0.063500 0.041103
0.179722 0.335885 0.054948 0.037456
0.290378 0.535131 0.054802 0.031765
0.731356 0.366679 0.068994 0.040441
0.948410 0.685683 0.061939 0.038183
0.400545 0.383108 0.058910 0.037539
0.633967 0.865836 0.054294 0.037440
0.842193 0.324782 0.050958 0.038193
0.072108 0.693813 0.068707 0.043363
0.074342 0.877620 0.059918 0.038433
0.630632 0.472132 0.058378 0.036424
0.519438 0.810429 0.064418 0.040828
0.627538 0.658589 0.049507 0.033373
0.845658 0.807130 0.062935 0.034197
0.942589 0.133205 0.065318 0.042796
0.943382 0.239822 0.050929 0.036466
0.629309 0.699122 0.051593 0.041543
0.071513 0.733293 0.050412 0.030778
0.169852 0.109760 0.051654 0.038865
0.631303 0.433617 0.052807 0.038098
0.842485 0.365131 0.056875 0.041956
0.727866 0.167906 0.051123 0.037760
0.170283 0.064906 0.058668 0.043933
0.171008 0.186679 0.057258 0.032362
0.290672 0.648073 0.055456 0.028806
0.936862 0.384773 0.072141 0.038242
0.397823 0.347384 0.051369 0.036357
0.406695 0.509007 0.063706 0.042853
0.293700 0.572711 0.059352 0.040653
0.632043 0.543275 0.049756 0.036019
0.063787 0.077065 0.057334 0.034304
0.954042 0.768387 0.058387 0.034969
0.843077 0.696059 0.054198 0.031158
0.734873 0.522584 0.051989 0.037443
0.394784 0.311858 0.056183 0.037540
0.835072 0.503868 0.067145 0.042716
0.844468 0.663287 0.048636 0.035541
0.622057 0.061666 0.052861 0.039893
0.850792 0.843691 0.051654 0.038547
0.518043 0.737328 0.062408 0.035926
0.064087 0.340130 0.049579 0.032546
0.516339 0.619111 0.054062 0.036823
0.072888 0.768282 0.048204 0.039169
0.842291 0.251231 0.046571 0.026734
0.069291 0.807055 0.050181 0.033505
0.184612 0.592490 0.052521 0.030401
0.399947 0.426718 0.053738 0.048141
0.068460 0.497030 0.052070 0.028373
0.730295 0.408837 0.063709 0.042201
0.062015 0.266366 0.050051 0.033462
0.400386 0.467722 0.058988 0.032133
0.947969 0.466896 0.059239 0.047023
0.739449 0.612068 0.065004 0.043342
0.059614 0.650177 0.059516 0.041577
0.511084 0.449976 0.049142 0.032488
0.501722 0.064672 0.061659 0.044601
0.281287 0.065730 0.051414 0.039497
0.275605 0.109216 0.059832 0.044600
0.410776 0.786688 0.048742 0.037361
0.186454 0.821704 0.048095 0.031572
0.072195 0.954887 0.057832 0.036967
0.295320 0.789338 0.044057 0.038426
0.731505 0.448458 0.056809 0.033246
0.396549 0.109485 0.051763 0.027968
0.299272 0.931361 0.070779 0.038343
0.758319 0.956850 0.066833 0.044160
0.185215 0.749561 0.049578 0.035815
0.292332 0.451066 0.051831 0.039781
0.945889 0.344284 0.050088 0.041140
0.632228 0.786149 0.056570 0.039594
0.837980 0.410109 0.070531 0.043344
0.637893 0.932195 0.054846 0.029980
0.838286 0.221243 0.046606 0.029819
0.505110 0.219629 0.049894 0.030597
0.519979 0.772349 0.051403 0.029378
0.296585 0.722262 0.044992 0.034108
0.630926 0.506441 0.049834 0.032001
0.739287 0.689667 0.045274 0.033839
0.187348 0.487485 0.049455 0.036392
0.945520 0.424084 0.050817 0.034957
0.514492 0.556543 0.052030 0.031357
0.848564 0.884169 0.048206 0.037117
0.185237 0.787192 0.046233 0.036083
0.517620 0.955439 0.058663 0.033406
0.296357 0.613356 0.050457 0.037379
0.068786 0.462876 0.053955 0.034151
0.413485 0.895370 0.054105 0.031128
0.840755 0.109678 0.056606 0.040231
0.727171 0.027520 0.054507 0.042401
0.296097 0.682677 0.047669 0.037586
0.294163 0.496635 0.047604 0.042318
0.729061 0.285002 0.054546 0.026407
0.944151 0.094312 0.058067 0.035219
0.840577 0.771222 0.048996 0.032777
0.725101 0.206623 0.058577 0.031481
0.186997 0.940424 0.055725 0.047379
0.947515 0.274951 0.047449 0.029404
0.190080 0.522309 0.051184 0.029926
0.403513 0.549453 0.059458 0.035536
0.064301 0.111295 0.059022 0.025130
0.065571 0.610799 0.051612 0.036015
0.184818 0.450818 0.049399 0.036194
0.061591 0.038371 0.057880 0.043131
0.281790 0.215867 0.045341 0.028668
0.946650 0.928436 0.066099 0.045272
0.950693 0.839567 0.044105 0.046004
0.949325 0.613921 0.049355 0.037400
0.413721 0.959703 0.052314 0.034002
0.745219 0.849589 0.053369 0.037706
0.943331 0.054998 0.052366 0.040924
0.945470 0.307619 0.048345 0.030485
0.751019 0.922088 0.049692 0.024071
0.060233 0.232248 0.052579 0.034734
0.404357 0.705581 0.051200 0.032326
0.294167 0.966098 0.060798 0.031780
0.281347 0.145617 0.048190 0.025001
0.072812 0.840692 0.046387 0.034508
0.409808 0.629916 0.059004 0.033850
0.396296 0.028845 0.049135 0.040172
0.949139 0.574656 0.048597 0.039366
0.939602 0.206662 0.041073 0.032429
0.729410 0.322688 0.067401 0.043232
0.734016 0.483243 0.051412 0.038550
0.411730 0.927291 0.043644 0.032800
0.948141 0.509036 0.061650 0.031549
0.952609 0.648924 0.070365 0.032244
0.633925 0.900718 0.049046 0.031808
0.292418 0.823721 0.044644 0.027907
0.516067 0.587149 0.058309 0.022585
0.170193 0.025612 0.065923 0.031492
0.293332 0.757900 0.049243 0.024672
0.181361 0.375545 0.052572 0.040812
0.839641 0.069644 0.044700 0.035181
0.726934 0.134285 0.046826 0.027602
0.290366 0.326714 0.080388 0.031046
0.619807 0.292559 0.069024 0.025364
0.611324 0.023290 0.075480 0.033211
0.738309 0.652974 0.044153 0.038261
0.182009 0.414288 0.049750 0.038216
0.847921 0.950823 0.046244 0.032420
0.941041 0.173701 0.047386 0.031992
0.949685 0.801412 0.052327 0.032610
0.835988 0.029213 0.048827 0.045632
0.843196 0.457973 0.046129 0.049229
0.635821 0.958831 0.059847 0.026621
0.951740 0.540611 0.044678 0.026510
0.624418 0.319849 0.059221 0.026075
0.839810 0.143013 0.051129 0.024682
0.505241 0.100928 0.042767 0.028782
0.944530 0.019826 0.057799 0.028635
0.724572 0.066067 0.047987 0.027000
0.847955 0.918742 0.040453 0.029473
0.280984 0.027730 0.045942 0.034136
0.503534 0.025207 0.052469 0.032404
0.724008 0.101228 0.050564 0.040098
0.458071 0.603114 0.045250 0.037094
