0.490432 0.502879 0.069009 0.041746
0.483591 0.205924 0.074005 0.034171
0.277037 0.264203 0.072127 0.041606
0.279189 0.121874 0.069317 0.037168
0.700992 0.301454 0.062748 0.033170
0.054138 0.644181 0.065081 0.038388
0.486077 0.392171 0.064837 0.031019
0.389941 0.716575 0.067939 0.038662
0.814256 0.384811 0.068231 0.040939
0.055285 0.602606 0.066352 0.037152
0.277822 0.677376 0.061404 0.039569
0.383372 0.483798 0.070382 0.036732
0.068793 0.178299 0.072866 0.035399
0.481205 0.278873 0.082389 0.042340
0.822322 0.771403 0.079366 0.037777
0.820251 0.625570 0.069796 0.031731
0.599648 0.252282 0.053597 0.032556
0.705699 0.483416 0.066029 0.037610
0.822167 0.814112 0.068181 0.040336
0.275046 0.391529 0.078791 0.035574
0.282913 0.352407 0.067943 0.040428
0.278379 0.188007 0.067778 0.031326
0.068503 0.932935 0.070216 0.041396
0.701418 0.370083 0.059183 0.039905
0.816000 0.728505 0.075048 0.045788
0.272118 0.602631 0.059890 0.039109
0.176089 0.268320 0.063162 0.042376
0.816743 0.261327 0.064376 0.034590
0.597615 0.288410 0.069856 0.034882
0.165118 0.102618 0.067714 0.042540
0.702669 0.446372 0.063441 0.034106
0.173579 0.570786 0.062925 0.041924
0.053098 0.522132 0.063136 0.034204
0.279800 0.639648 0.067578 0.033392
0.168965 0.616868 0.066142 0.043096
0.925257 0.295544 0.064469 0.041405
0.709420 0.586048 0.071663 0.029856
0.271858 0.717677 0.077155 0.036327
0.814910 0.507453 0.076724 0.043402
0.817435 0.547616 0.077524 0.037109
0.814080 0.587982 0.071411 0.039172
0.064802 0.890512 0.067374 0.037343
0.064857 0.315251 0.061523 0.041143
0.931777 0.488823 0.071745 0.038925
0.280375 0.496407 0.055846 0.036055
0.382717 0.343779 0.065471 0.040215
0.931238 0.653988 0.067927 0.035618
0.276411 0.308187 0.065753 0.041250
0.382707 0.518775 0.077270 0.035323
0.068573 0.246832 0.063786 0.034606
0.177008 0.362756 0.062061 0.039340
0.065764 0.848441 0.071795 0.041862
0.174401 0.186147 0.069381 0.040350
0.057185 0.394889 0.073548 0.042601
0.603093 0.362890 0.077430 0.034007
0.274811 0.798632 0.058954 0.044485
0.923161 0.255198 0.062667 0.035530
0.279815 0.428325 0.071175 0.037659
0.386190 0.637175 0.064455 0.038913
0.483627 0.241419 0.062665 0.034191
0.601673 0.326028 0.067129 0.041045
0.378415 0.172220 0.067322 0.039363
0.705827 0.228285 0.070444 0.041710
0.278812 0.223912 0.059819 0.039219
0.382636 0.594599 0.059174 0.041353
0.378368 0.129193 0.065129 0.042319
0.496868 0.817094 0.060137 0.044131
0.807413 0.144597 0.071217 0.040121
0.389714 0.677298 0.065620 0.038797
0.169471 0.316428 0.057989 0.047791
0.934216 0.688173 0.068662 0.033969
0.378694 0.300371 0.058546 0.043384
0.384542 0.446114 0.056821 0.038569
0.809970 0.659608 0.069397 0.033132
0.279628 0.899447 0.062261 0.042681
0.275921 0.755204 0.074157 0.038102
0.281320 0.460388 0.068628 0.029909
0.064928 0.052511 0.074730 0.045463
0.816202 0.183639 0.069011 0.037650
0.387688 0.554108 0.056847 0.035581
0.817247 0.299847 0.057714 0.036835
0.590366 0.137935 0.078419 0.045913
0.486903 0.425215 0.056507 0.033448
0.275430 0.085005 0.057599 0.034039
0.059561 0.724707 0.080875 0.047393
0.818575 0.342196 0.055709 0.040420
0.696957 0.267190 0.063771 0.032329
0.487961 0.546270 0.056324 0.038962
0.387468 0.915314 0.068350 0.043215
0.928490 0.446647 0.054563 0.039930
0.177387 0.442032 0.060685 0.040617
0.385606 0.836424 0.064960 0.042850
0.701889 0.188634 0.081936 0.034231
0.493996 0.619206 0.072899 0.032235
0.166098 0.226112 0.073306 0.039006
0.065135 0.142202 0.067732 0.035894
0.925820 0.615601 0.078557 0.037228
0.490205 0.461932 0.055282 0.036396
0.484962 0.322365 0.057225 0.038330
0.176045 0.401369 0.064492 0.035686
0.177029 0.143632 0.079015 0.035998
0.924292 0.376840 0.053904 0.038877
0.067591 0.280389 0.064165 0.028655
0.275198 0.156780 0.057118 0.032879
0.705506 0.408465 0.053050 0.034800
0.709419 0.548540 0.073651 0.040634
0.382829 0.089339 0.069075 0.034629
0.282146 0.850712 0.077322 0.052290
0.379196 0.796749 0.070571 0.037659
0.059059 0.099703 0.055273 0.039694
0.924194 0.114241 0.058704 0.036000
0.063643 0.354139 0.053458 0.037118
0.599223 0.463905 0.069004 0.038530
0.167957 0.765747 0.058691 0.045522
0.068115 0.213496 0.063341 0.031721
0.495518 0.656570 0.050867 0.039437
0.498113 0.861704 0.062305 0.038198
0.925859 0.336627 0.053981 0.040204
0.928921 0.532531 0.060164 0.040184
0.593981 0.213235 0.058941 0.041725
0.390220 0.875805 0.073557 0.030387
0.812083 0.107587 0.058555 0.029861
0.378178 0.258148 0.066741 0.040383
0.173977 0.855318 0.081190 0.045632
0.174973 0.938772 0.067865 0.038552
0.394353 0.957451 0.084763 0.043578
0.493275 0.698322 0.048616 0.039569
0.494307 0.770137 0.056798 0.045579
0.707430 0.623575 0.052075 0.040017
0.483519 0.360265 0.059831 0.035125
0.383389 0.756773 0.051262 0.037443
0.809966 0.426407 0.060859 0.037654
0.591787 0.505160 0.063032 0.043677
0.171624 0.715487 0.061872 0.047279
0.692574 0.088407 0.059696 0.040367
0.491532 0.585572 0.050672 0.035818
0.164162 0.666977 0.053422 0.044136
0.696850 0.157066 0.063773 0.032572
0.061324 0.771053 0.061404 0.038764
0.276206 0.565729 0.052844 0.034597
0.370622 0.049444 0.068888 0.043188
0.170355 0.052847 0.072398 0.050616
0.818330 0.853230 0.061159 0.033673
0.280610 0.531032 0.049133 0.032185
0.818430 0.690802 0.074471 0.031401
0.926965 0.726642 0.053749 0.043047
0.481085 0.091405 0.052609 0.031908
0.382717 0.408535 0.046607 0.032367
0.815030 0.465525 0.054397 0.036829
0.472467 0.124206 0.066282 0.027914
0.064848 0.807627 0.074877 0.031487
0.807515 0.885558 0.056914 0.032414
0.927020 0.796401 0.053286 0.042045
0.067618 0.970416 0.056725 0.038262
0.927365 0.412043 0.063313 0.026327
0.921596 0.149436 0.062477 0.026005
0.807785 0.078418 0.049255 0.025139
0.489253 0.936435 0.070837 0.034156
0.379485 0.378821 0.052053 0.025368
0.495023 0.898802 0.048657 0.036151
0.055742 0.682112 0.052530 0.034076
0.171079 0.524530 0.071088 0.045669
0.698798 0.124401 0.050696 0.030406
0.061259 0.488875 0.061349 0.029074
0.926466 0.874167 0.067492 0.035794
0.053583 0.561133 0.051060 0.040307
0.166604 0.808117 0.057777 0.034387
0.705017 0.333341 0.058098 0.026195
0.476428 0.050417 0.060207 0.046409
0.599530 0.399261 0.065362 0.037774
0.925016 0.186288 0.059258 0.044161
0.063255 0.433133 0.069525 0.031404
0.493846 0.732823 0.062337 0.029294
0.383376 0.215395 0.070750 0.042374
0.062389 0.461913 0.067725 0.024240
0.276245 0.939534 0.059176 0.034888
0.804185 0.046349 0.062688 0.034591
0.706367 0.514626 0.054861 0.024474
0.925274 0.222107 0.048427 0.025814
0.922909 0.904957 0.056751 0.028186
0.592773 0.432786 0.056185 0.023895
0.174482 0.972193 0.067877 0.034611
0.814812 0.915854 0.070662 0.031280
0.931884 0.837507 0.065459 0.040609
0.170588 0.900488 0.067229 0.038066
0.925901 0.761667 0.045660 0.023959
0.270586 0.045493 0.052691 0.039784
0.921061 0.945096 0.064348 0.046670
0.931951 0.574677 0.061313 0.044345
0.597307 0.177631 0.067164 0.024446
0.927861 0.074845 0.044484 0.038050
0.174186 0.485489 0.050633 0.039519
0.499271 0.968102 0.067531 0.033904
0.277080 0.970856 0.058427 0.035457
0.821543 0.221331 0.072181 0.034491
0.694916 0.047425 0.045982 0.036433
0.927247 0.040684 0.047330 0.025743
0.807075 0.942547 0.064780 0.026313
0.481680 0.153555 0.051269 0.025544
0.484512 0.175913 0.045905 0.020045
0.210471 0.679919 0.033902 0.025340
0.812589 0.968417 0.063956 0.028860
