0.264808 0.757007 0.066104 0.043265
0.489454 0.476601 0.055914 0.043812
0.377387 0.903781 0.069715 0.039533
0.825917 0.095929 0.055369 0.037657
0.163815 0.677293 0.063316 0.046217
0.600271 0.678949 0.066111 0.045676
0.823893 0.139338 0.058399 0.043623
0.264616 0.879728 0.066895 0.031289
0.825210 0.724851 0.053259 0.040513
0.615859 0.235767 0.067222 0.038642
0.498203 0.182165 0.060716 0.043235
0.161975 0.628572 0.059440 0.047376
0.267975 0.841217 0.050417 0.045861
0.281003 0.218177 0.051791 0.038740
0.383836 0.864036 0.068573 0.038610
0.165460 0.841715 0.054550 0.040963
0.821006 0.917309 0.053835 0.035873
0.062931 0.436385 0.052363 0.038068
0.714366 0.348969 0.070456 0.043995
0.828100 0.255235 0.062543 0.036035
0.380732 0.823710 0.057371 0.034361
0.936632 0.621786 0.056347 0.029752
0.161487 0.757843 0.065466 0.040017
0.158166 0.448283 0.054434 0.034662
0.271363 0.797347 0.056011 0.040242
0.282521 0.506365 0.056019 0.043292
0.826154 0.179821 0.051226 0.036464
0.935349 0.189506 0.052937 0.043543
0.165161 0.721049 0.053097 0.036429
0.064767 0.801908 0.057756 0.041382
0.822507 0.880437 0.058514 0.037892
0.604864 0.588982 0.057092 0.040263
0.382978 0.368924 0.054657 0.035316
0.943047 0.149240 0.058670 0.035036
0.826874 0.060416 0.058001 0.032590
0.827834 0.218052 0.052411 0.037561
0.161932 0.883676 0.048666 0.036895
0.273706 0.351505 0.065882 0.035019
0.713709 0.306827 0.066242 0.041063
0.934766 0.742926 0.062662 0.041027
0.816428 0.605723 0.072537 0.045279
0.937093 0.659722 0.056802 0.042604
0.823237 0.374551 0.057231 0.041955
0.826578 0.485902 0.047726 0.035761
0.493799 0.395231 0.055524 0.038625
0.163193 0.101768 0.058038 0.030840
0.277332 0.146737 0.059135 0.034853
0.162445 0.550194 0.056859 0.034036
0.161210 0.484882 0.047558 0.037193
0.935258 0.418186 0.056183 0.038335
0.494397 0.516456 0.056156 0.035692
0.163123 0.136516 0.060428 0.035982
0.168449 0.584905 0.052828 0.035736
0.821935 0.523715 0.049900 0.037954
0.825217 0.764099 0.057077 0.035636
0.600622 0.514563 0.054110 0.033399
0.064996 0.363677 0.056182 0.035679
0.063726 0.399036 0.051578 0.032710
0.819749 0.561835 0.045959 0.037347
0.060167 0.585089 0.047711 0.040491
0.615670 0.274698 0.058439 0.033135
0.494255 0.557766 0.057111 0.043020
0.382886 0.497396 0.051412 0.043373
0.063180 0.543578 0.051729 0.038138
0.817160 0.646315 0.058830 0.030659
0.267724 0.627631 0.061429 0.043663
0.063859 0.658444 0.045800 0.030491
0.719153 0.229607 0.049446 0.033831
0.380848 0.454467 0.048003 0.044102
0.276279 0.254577 0.048786 0.031294
0.169384 0.265808 0.065377 0.039368
0.822106 0.683112 0.052532 0.040053
0.064517 0.762740 0.046325 0.033222
0.168074 0.796704 0.054963 0.035501
0.614045 0.196328 0.050839 0.037759
0.062621 0.153040 0.062174 0.036080
0.936667 0.268659 0.058460 0.035185
0.822397 0.333814 0.057404 0.035364
0.942503 0.485714 0.057095 0.041622
0.063576 0.624046 0.049671 0.028942
0.384776 0.662382 0.056830 0.038773
0.716719 0.190837 0.047247 0.035637
0.717665 0.144593 0.056176 0.044141
0.936942 0.304685 0.052835 0.038231
0.826533 0.295106 0.051796 0.040411
0.278017 0.286751 0.055845 0.036928
0.722877 0.267148 0.049001 0.032916
0.827950 0.413957 0.061326 0.035438
0.280444 0.462968 0.056029 0.035312
0.273682 0.319388 0.062135 0.024639
0.713462 0.396592 0.060870 0.041615
0.165838 0.070785 0.052331 0.032129
0.935227 0.591898 0.047224 0.029431
0.492582 0.357094 0.051731 0.035262
0.060441 0.506934 0.049010 0.032462
0.063376 0.696495 0.043260 0.037283
0.500316 0.267419 0.058473 0.040620
0.059721 0.192706 0.051730 0.042984
0.929846 0.343688 0.056786 0.041969
0.281833 0.180424 0.049067 0.036343
0.163378 0.414442 0.050381 0.031923
0.601383 0.725936 0.059906 0.038623
0.158664 0.309462 0.047419 0.038870
0.381899 0.941208 0.060189 0.031506
0.601379 0.773017 0.057534 0.048138
0.273826 0.666407 0.057443 0.035299
0.062792 0.473491 0.045358 0.035170
0.380934 0.410601 0.049272 0.042181
0.275428 0.388345 0.047334 0.038789
0.935112 0.700919 0.053182 0.038441
0.161136 0.379906 0.046721 0.038272
0.824502 0.839950 0.049113 0.034361
0.938281 0.071307 0.046708 0.038686
0.162879 0.918540 0.045037 0.035173
0.382594 0.537012 0.052591 0.034572
0.937665 0.559400 0.046627 0.033967
0.943117 0.972315 0.068607 0.036811
0.275717 0.425143 0.045143 0.036883
0.604683 0.472562 0.048093 0.036962
0.607201 0.549424 0.049845 0.035792
0.936840 0.380732 0.056140 0.036435
0.382796 0.335566 0.048924 0.027023
0.267747 0.913271 0.056881 0.027036
0.060398 0.730006 0.061445 0.026806
0.279498 0.113294 0.053716 0.032602
0.374968 0.623772 0.062894 0.038871
0.163608 0.960155 0.064367 0.043383
0.379424 0.750690 0.059350 0.040886
0.156582 0.346251 0.058540 0.030909
0.937538 0.231844 0.043248 0.037923
0.384851 0.971506 0.056999 0.032791
0.275029 0.023144 0.046997 0.032432
0.278248 0.083295 0.066233 0.031352
0.822453 0.956378 0.047697 0.039562
0.273924 0.587175 0.074211 0.036868
0.491777 0.434624 0.042712 0.036897
0.379946 0.788366 0.051444 0.031629
0.062933 0.236132 0.056464 0.041446
0.497389 0.225077 0.055059 0.038035
0.825346 0.799866 0.041151 0.038282
0.164656 0.178158 0.058570 0.045340
0.381491 0.302577 0.043013 0.032629
0.937450 0.031757 0.056647 0.038282
0.374623 0.708927 0.046787 0.039831
0.271110 0.709746 0.046244 0.047291
0.940590 0.110416 0.047445 0.041129
0.166697 0.519264 0.064333 0.028349
0.602367 0.632101 0.046488 0.043567
0.280834 0.548408 0.052793 0.041992
0.944310 0.897538 0.051673 0.038146
0.161372 0.220918 0.049147 0.041226
0.381514 0.171346 0.044571 0.040497
0.059995 0.110517 0.050181 0.042367
0.376712 0.576985 0.046293 0.045394
0.607050 0.384633 0.048818 0.041838
0.060371 0.278610 0.046124 0.041255
0.937367 0.453245 0.054517 0.023777
0.067106 0.874514 0.050194 0.034679
0.938867 0.782471 0.061463 0.039408
0.828278 0.023707 0.057698 0.032949
0.377966 0.267934 0.050007 0.035510
0.717704 0.095261 0.044348 0.044203
0.056452 0.069815 0.042790 0.036543
0.497183 0.142750 0.045372 0.028676
0.385395 0.022315 0.047846 0.031330
0.163244 0.034302 0.051221 0.040164
0.385166 0.131149 0.047818 0.038177
0.386028 0.053837 0.050220 0.033163
0.719465 0.052985 0.044408 0.033736
0.062350 0.841937 0.034237 0.032995
0.274751 0.054907 0.051380 0.028696
0.613844 0.151409 0.043481 0.043348
0.061253 0.320725 0.038866 0.040596
0.951618 0.935179 0.075291 0.038101
0.611177 0.313816 0.043106 0.037110
0.935210 0.859804 0.053256 0.035393
0.604450 0.429024 0.039541 0.040045
0.941576 0.524216 0.061141 0.032337
0.380045 0.220904 0.050095 0.045980
0.930912 0.827835 0.058360 0.046485
0.616087 0.109649 0.048287 0.037139
0.066827 0.911476 0.040948 0.030851
0.830989 0.449123 0.054851 0.033803
0.269179 0.946207 0.071198 0.040538
0.268578 0.968581 0.075462 0.041151
0.057950 0.029641 0.037079 0.033307
0.612009 0.343636 0.046365 0.032001
0.614092 0.064275 0.039192 0.031592
0.495466 0.310164 0.044794 0.045023
0.066421 0.947123 0.038472 0.038189
0.721154 0.024074 0.052624 0.021687
0.615387 0.024983 0.039616 0.037356
0.381873 0.093700 0.064512 0.037405
