0.797795 0.848211 0.058077 0.030021
0.214356 0.506577 0.060875 0.031992
0.706562 0.866784 0.052895 0.030497
0.409212 0.871609 0.055517 0.028860
0.409159 0.714453 0.052467 0.035750
0.600663 0.899061 0.055148 0.029569
0.310241 0.866358 0.054955 0.032459
0.707390 0.827653 0.051638 0.032732
0.506239 0.627111 0.061059 0.035722
0.314017 0.832376 0.055717 0.027614
0.895539 0.484096 0.056622 0.035683
0.795117 0.519989 0.056616 0.031377
0.322240 0.247727 0.050139 0.035128
0.894353 0.731708 0.060997 0.029843
0.508175 0.805864 0.065535 0.028733
0.413999 0.749792 0.058897 0.030603
0.802156 0.712509 0.059694 0.034035
0.603729 0.484937 0.055528 0.032402
0.609659 0.245951 0.059673 0.036247
0.700485 0.481333 0.063759 0.034555
0.412423 0.901114 0.054961 0.029344
0.319122 0.337499 0.062053 0.028205
0.710236 0.901777 0.052619 0.032311
0.516139 0.167191 0.064303 0.030264
0.310758 0.585757 0.053832 0.038625
0.113678 0.636837 0.066686 0.036133
0.607770 0.377416 0.066095 0.035929
0.314030 0.376097 0.054417 0.037732
0.309525 0.447708 0.054500 0.036774
0.618049 0.144703 0.055576 0.028963
0.893430 0.448319 0.054471 0.029179
0.415619 0.269333 0.054224 0.035766
0.410896 0.459032 0.054612 0.038200
0.705247 0.247929 0.058428 0.034585
0.903318 0.278040 0.056646 0.029852
0.509939 0.875004 0.058014 0.031265
0.704529 0.404068 0.049997 0.037561
0.115006 0.708564 0.064397 0.029927
0.516319 0.328600 0.057384 0.033193
0.896298 0.696710 0.057264 0.031134
0.897517 0.853965 0.042355 0.031689
0.408531 0.812100 0.050099 0.034333
0.598237 0.702763 0.053658 0.027424
0.215911 0.327834 0.062007 0.030107
0.706572 0.677342 0.052493 0.030285
0.601305 0.588658 0.062751 0.030273
0.409311 0.679249 0.050132 0.027411
0.306748 0.769208 0.051010 0.026167
0.110221 0.222697 0.050968 0.030789
0.413403 0.422337 0.057834 0.028978
0.604503 0.825981 0.057915 0.033510
0.703229 0.285795 0.054683 0.041787
0.894667 0.820744 0.051381 0.026711
0.114051 0.257812 0.051407 0.033497
0.897423 0.354539 0.057656 0.033945
0.508145 0.591210 0.055012 0.029477
0.706367 0.441809 0.050571 0.034290
0.605940 0.522269 0.053667 0.036933
0.799873 0.677014 0.056852 0.029096
0.606912 0.415982 0.058030 0.033019
0.310344 0.551782 0.055498 0.031077
0.895469 0.555955 0.048707 0.029938
0.518632 0.233549 0.054256 0.033944
0.416985 0.232655 0.051483 0.029275
0.902077 0.315832 0.058437 0.035777
0.706782 0.174658 0.052339 0.043550
0.796517 0.454838 0.048253 0.033869
0.803773 0.640245 0.051745 0.031690
0.894032 0.520481 0.048194 0.034493
0.210083 0.367649 0.054387 0.038863
0.505156 0.660462 0.059289 0.028051
0.611741 0.284634 0.061220 0.029522
0.803512 0.321935 0.052459 0.034413
0.799625 0.419674 0.052389 0.031910
0.511088 0.525669 0.053693 0.033607
0.410814 0.332834 0.047871 0.031654
0.516007 0.363523 0.050439 0.033712
0.318403 0.152059 0.054384 0.034368
0.502504 0.841065 0.048221 0.031539
0.508313 0.934134 0.054081 0.033475
0.114287 0.479926 0.059275 0.029662
0.112782 0.779035 0.056440 0.030850
0.801441 0.814359 0.046830 0.029699
0.509506 0.902722 0.050861 0.027182
0.212380 0.147558 0.050841 0.032682
0.799014 0.746288 0.056246 0.028130
0.707559 0.212645 0.060568 0.029337
0.613674 0.208628 0.059610 0.034005
0.415719 0.197012 0.048094 0.028424
0.604253 0.450190 0.047477 0.031886
0.612253 0.176872 0.048326 0.032615
0.795643 0.551922 0.054790 0.025493
0.113185 0.742950 0.049835 0.033331
0.308366 0.622571 0.046741 0.027873
0.896639 0.886140 0.047032 0.026651
0.603837 0.790910 0.052716 0.029039
0.796984 0.487510 0.068367 0.027682
0.515212 0.490177 0.051012 0.027194
0.311009 0.410596 0.045900 0.028186
0.212703 0.602231 0.050514 0.034226
0.110776 0.417847 0.057035 0.030724
0.706742 0.364205 0.047037 0.035702
0.412948 0.497999 0.051518 0.036846
0.803054 0.176485 0.062607 0.029285
0.706548 0.795447 0.043083 0.025398
0.706088 0.579850 0.047244 0.031596
0.592386 0.734794 0.058527 0.031697
0.312469 0.799434 0.044059 0.028441
0.890569 0.762171 0.060307 0.025523
0.707998 0.934869 0.051396 0.027306
0.409676 0.781633 0.054033 0.025312
0.510750 0.198961 0.046435 0.029260
0.892971 0.790059 0.057170 0.027713
0.218066 0.221197 0.052009 0.038023
0.604704 0.623308 0.046769 0.035493
0.516136 0.269345 0.045826 0.033088
0.506207 0.691301 0.047317 0.030072
0.214569 0.567571 0.047983 0.029252
0.109314 0.323303 0.051301 0.027706
0.311028 0.923863 0.050932 0.028280
0.412274 0.616893 0.042809 0.029336
0.321362 0.214875 0.046280 0.029119
0.213196 0.405345 0.051808 0.028667
0.320536 0.183371 0.043037 0.028468
0.112913 0.895836 0.047698 0.027749
0.900903 0.591165 0.047996 0.032538
0.901005 0.623833 0.051786 0.025171
0.320080 0.281220 0.052156 0.026669
0.600866 0.557346 0.048432 0.031512
0.214065 0.471736 0.043297 0.032192
0.513741 0.136798 0.044769 0.027585
0.107377 0.388554 0.053147 0.026563
0.902818 0.180664 0.048775 0.034795
0.603535 0.862522 0.047885 0.037270
0.706657 0.766164 0.055363 0.023414
0.703183 0.614929 0.048204 0.029327
0.602086 0.931879 0.050245 0.032218
0.897344 0.657862 0.047524 0.036820
0.214196 0.294342 0.055229 0.029778
0.904357 0.141795 0.051882 0.027838
0.707211 0.516172 0.044942 0.030639
0.309785 0.519053 0.043600 0.030445
0.315920 0.895270 0.060291 0.024456
0.504514 0.558780 0.043818 0.028459
0.803477 0.147968 0.047531 0.027321
0.801294 0.282446 0.052042 0.039451
0.517871 0.452725 0.059333 0.037238
0.418218 0.165419 0.049001 0.033823
0.605475 0.343136 0.048678 0.032030
0.896342 0.389988 0.046680 0.032594
0.410461 0.587894 0.042043 0.027166
0.704154 0.136144 0.046929 0.028150
0.797617 0.883268 0.041672 0.031828
0.702764 0.711852 0.047308 0.030256
0.800353 0.386780 0.044382 0.033146
0.801556 0.780735 0.047562 0.030981
0.313381 0.708685 0.060371 0.023939
0.215819 0.182597 0.043143 0.031157
0.602668 0.663511 0.047970 0.035705
0.408751 0.389271 0.044217 0.030113
0.115823 0.674609 0.058112 0.031722
0.110085 0.167988 0.050119 0.029990
0.608777 0.313244 0.060244 0.026481
0.706303 0.546237 0.044710 0.032291
0.111673 0.811874 0.045250 0.029374
0.801147 0.113019 0.053523 0.034318
0.114230 0.867418 0.059561 0.023601
0.112538 0.537203 0.046317 0.030889
0.799418 0.923262 0.051657 0.038136
0.411092 0.302043 0.043902 0.025480
0.805747 0.209648 0.057669 0.031919
0.311804 0.737586 0.045477 0.031766
0.701930 0.327329 0.053580 0.036991
0.415811 0.931808 0.048699 0.030718
0.795740 0.580163 0.043594 0.026633
0.802480 0.245128 0.049437 0.035851
0.213473 0.437880 0.042786 0.032013
0.901425 0.246256 0.040323 0.028179
0.111346 0.509727 0.052308 0.020696
0.311564 0.654002 0.055669 0.026036
0.409859 0.647009 0.041702 0.030377
0.320257 0.308546 0.048231 0.023635
0.311033 0.485485 0.041894 0.030066
0.407824 0.361155 0.059559 0.025063
0.706922 0.740289 0.049260 0.020588
0.802357 0.355404 0.040518 0.032076
0.110078 0.290074 0.041972 0.031790
0.513996 0.419981 0.039451 0.027244
0.320180 0.115290 0.052430 0.028982
0.896666 0.936696 0.050799 0.024251
0.902336 0.912122 0.047893 0.020668
0.506075 0.772887 0.050747 0.028686
0.112413 0.568206 0.038484 0.028138
0.515805 0.299197 0.044967 0.019698
0.213022 0.261197 0.044762 0.037807
0.901869 0.215106 0.039795 0.029723
0.116814 0.840746 0.051371 0.020784
0.506185 0.744231 0.043373 0.029442
0.506689 0.717759 0.051616 0.021503
0.706862 0.645394 0.037485 0.029012
0.800686 0.607398 0.038546 0.026979
0.112755 0.600666 0.058182 0.029599
0.108779 0.355624 0.042152 0.035300
0.110409 0.137667 0.051936 0.023285
0.412633 0.842432 0.051471 0.020712
0.514089 0.392761 0.039006 0.021197
0.409788 0.559266 0.049495 0.026680
0.214095 0.539018 0.039482 0.025645
0.111044 0.926319 0.049534 0.026705
0.210843 0.113734 0.052747 0.025102
0.114698 0.194613 0.052461 0.020970
0.314548 0.682166 0.054612 0.020633
0.615202 0.110085 0.040586 0.028714
0.415286 0.133690 0.037888 0.024162
0.898001 0.418841 0.050211 0.019832
0.109025 0.112680 0.047670 0.026908
0.901692 0.111431 0.037851 0.027343
0.410612 0.532701 0.044823 0.030219
0.112376 0.448753 0.036395 0.027658
0.600161 0.761035 0.039901 0.023490
0.709376 0.107488 0.048455 0.019322
0.515793 0.108877 0.044044 0.021827
0.415055 0.110113 0.041606 0.020793
0.842189 0.225931 0.028235 0.017805
