0.583642 0.224699 0.059951 0.036170
0.686544 0.446048 0.068032 0.035293
0.085677 0.606460 0.058597 0.030182
0.888239 0.643174 0.055112 0.033578
0.587399 0.184953 0.057439 0.033635
0.181701 0.333326 0.059461 0.039752
0.589961 0.410901 0.055063 0.030715
0.389986 0.373029 0.059002 0.031609
0.479424 0.771599 0.053827 0.028060
0.692225 0.258485 0.055261 0.031999
0.180213 0.715615 0.064489 0.032566
0.581037 0.752186 0.056328 0.031629
0.082996 0.295858 0.065709 0.033655
0.082336 0.542307 0.053193 0.028760
0.587853 0.262557 0.055056 0.033691
0.181773 0.467989 0.057829 0.032571
0.584470 0.717705 0.054998 0.030109
0.281410 0.871281 0.064329 0.037431
0.584265 0.830465 0.060681 0.030941
0.792871 0.872198 0.060139 0.031753
0.280820 0.659281 0.067364 0.043641
0.791661 0.529566 0.048098 0.034813
0.582110 0.924619 0.060535 0.029856
0.685551 0.410296 0.058754 0.031815
0.891838 0.376111 0.053142 0.036938
0.183425 0.677711 0.057287 0.039818
0.788220 0.684635 0.055660 0.035140
0.083777 0.896207 0.055086 0.036840
0.084520 0.379496 0.060001 0.035003
0.385151 0.337731 0.056942 0.033030
0.692197 0.184577 0.056235 0.031382
0.889777 0.412835 0.055786 0.031175
0.479749 0.805016 0.050830 0.030481
0.588510 0.373395 0.051334 0.036401
0.485716 0.663176 0.052352 0.037304
0.893514 0.339704 0.058809 0.030242
0.278710 0.745481 0.063216 0.033158
0.284258 0.470093 0.049595 0.031792
0.375486 0.588449 0.062269 0.031765
0.082766 0.413627 0.059086 0.029928
0.488101 0.357938 0.054227 0.035084
0.181323 0.503376 0.050422 0.035101
0.284433 0.582020 0.056393 0.031895
0.286372 0.128790 0.058088 0.036793
0.587636 0.645765 0.059414 0.038546
0.897469 0.174092 0.052660 0.035824
0.285210 0.290166 0.053391 0.027179
0.791665 0.496038 0.054007 0.026554
0.388370 0.881631 0.062002 0.029211
0.797701 0.219308 0.058394 0.029729
0.281680 0.432665 0.059187 0.031701
0.686187 0.547586 0.054228 0.029491
0.693808 0.296924 0.048178 0.037034
0.281627 0.618381 0.062137 0.031269
0.789757 0.368566 0.050312 0.032464
0.793719 0.150263 0.056544 0.035282
0.187530 0.259778 0.064872 0.039241
0.793684 0.461731 0.056299 0.033557
0.689439 0.582728 0.052028 0.026898
0.387032 0.264147 0.054647 0.033155
0.080353 0.478861 0.048563 0.033851
0.182219 0.609986 0.051425 0.032644
0.888653 0.510529 0.051472 0.031293
0.484078 0.590152 0.050862 0.035592
0.791636 0.567105 0.054209 0.029443
0.686416 0.741129 0.050985 0.028242
0.579559 0.892004 0.050565 0.028454
0.788276 0.646679 0.048641 0.038059
0.689695 0.615037 0.052481 0.032941
0.786358 0.837573 0.062954 0.033825
0.081398 0.178936 0.050994 0.035643
0.080359 0.643198 0.050876 0.030656
0.182706 0.640456 0.056969 0.029014
0.687913 0.481383 0.059774 0.028242
0.488138 0.322835 0.063947 0.027874
0.894823 0.446256 0.057649 0.026133
0.582562 0.605043 0.059484 0.033172
0.478027 0.870328 0.041435 0.033120
0.693071 0.221217 0.046899 0.034731
0.681014 0.878112 0.059094 0.034588
0.379203 0.688163 0.065407 0.034767
0.478854 0.901533 0.047994 0.027567
0.382268 0.725339 0.062399 0.033263
0.177689 0.748898 0.050641 0.028890
0.590584 0.091056 0.059388 0.030862
0.177811 0.780613 0.057928 0.025919
0.585623 0.506224 0.052186 0.033272
0.088292 0.214403 0.055029 0.029475
0.489599 0.169414 0.054175 0.037345
0.692520 0.152897 0.053912 0.026957
0.083093 0.142612 0.047668 0.028059
0.079164 0.512277 0.052064 0.026287
0.792693 0.403347 0.052837 0.024423
0.085362 0.748094 0.061245 0.025770
0.688330 0.512952 0.051990 0.030864
0.377491 0.493303 0.057609 0.031114
0.181696 0.156144 0.054225 0.026211
0.382918 0.808510 0.050836 0.032907
0.477129 0.838582 0.059203 0.026537
0.896482 0.130700 0.049728 0.038094
0.792820 0.277075 0.043834 0.029935
0.281851 0.393035 0.048472 0.034670
0.885092 0.608656 0.044558 0.026976
0.487357 0.514275 0.049545 0.041673
0.491591 0.292674 0.069051 0.031654
0.688849 0.371737 0.046782 0.036788
0.285153 0.322983 0.042824 0.027172
0.792574 0.604315 0.050915 0.035787
0.086559 0.777386 0.059940 0.028263
0.490969 0.127543 0.056935 0.033977
0.188114 0.221240 0.060482 0.028279
0.477590 0.699945 0.051579 0.037052
0.902300 0.243513 0.058274 0.033064
0.383815 0.768141 0.065955 0.041348
0.592360 0.126791 0.051279 0.032740
0.278267 0.826274 0.051859 0.043159
0.590185 0.338246 0.051272 0.034463
0.493781 0.090713 0.060133 0.034150
0.785242 0.803404 0.046368 0.024532
0.184999 0.123133 0.052606 0.032181
0.885570 0.680940 0.052723 0.032163
0.894660 0.275738 0.042501 0.032279
0.179360 0.402672 0.044116 0.032301
0.796438 0.186159 0.053294 0.032870
0.686271 0.917214 0.052536 0.032659
0.084455 0.721486 0.048042 0.024848
0.387849 0.234539 0.056758 0.023061
0.682541 0.805905 0.051804 0.033848
0.286295 0.163870 0.058538 0.024815
0.491241 0.232610 0.052918 0.028571
0.581598 0.538317 0.054656 0.024974
0.789486 0.309575 0.042247 0.029562
0.185540 0.187286 0.054170 0.032516
0.180599 0.576230 0.044540 0.031233
0.388911 0.919023 0.052557 0.039424
0.082981 0.445817 0.045342 0.030755
0.579624 0.861304 0.045600 0.025071
0.582141 0.443314 0.049194 0.028606
0.493071 0.201706 0.053414 0.029113
0.889039 0.474654 0.064908 0.026609
0.487385 0.261630 0.062252 0.027886
0.285941 0.353183 0.045301 0.032475
0.583870 0.474187 0.051742 0.026060
0.481284 0.552207 0.041923 0.032590
0.884503 0.781195 0.040633 0.027764
0.376383 0.657432 0.053721 0.029629
0.685549 0.649822 0.052258 0.026662
0.080104 0.255404 0.043817 0.039776
0.284656 0.090959 0.061051 0.031554
0.887927 0.877878 0.063215 0.025251
0.182412 0.867822 0.049731 0.028513
0.179723 0.434308 0.042634 0.025990
0.887547 0.574295 0.043253 0.033032
0.378732 0.526805 0.047767 0.026567
0.793063 0.430515 0.059232 0.024985
0.084056 0.812106 0.044945 0.033731
0.383112 0.155907 0.040596 0.034555
0.180690 0.837231 0.045100 0.032331
0.691323 0.336538 0.049860 0.029954
0.279845 0.707521 0.047196 0.042607
0.381958 0.844868 0.044151 0.030928
0.792110 0.248987 0.045824 0.024554
0.080911 0.337085 0.054166 0.042252
0.578194 0.790575 0.045497 0.034414
0.285523 0.548021 0.043029 0.033661
0.790582 0.911874 0.046436 0.039085
0.685543 0.773782 0.040092 0.029291
0.595301 0.301456 0.056396 0.032607
0.374395 0.623030 0.052253 0.028517
0.688825 0.120750 0.051704 0.029203
0.688681 0.708533 0.046952 0.024466
0.583360 0.681935 0.050132 0.031388
0.487191 0.626396 0.053058 0.030886
0.288294 0.193315 0.048004 0.024077
0.887736 0.541900 0.042198 0.028729
0.288624 0.223264 0.049197 0.026703
0.086019 0.088773 0.048308 0.026965
0.082335 0.682954 0.043187 0.039219
0.901018 0.210292 0.063711 0.028055
0.893797 0.309246 0.044718 0.029283
0.377921 0.558402 0.042359 0.027742
0.881838 0.847639 0.037729 0.029291
0.185750 0.297374 0.047940 0.025770
0.083633 0.572494 0.038093 0.026573
0.287837 0.254472 0.038113 0.032883
0.778753 0.719112 0.050615 0.027015
0.488304 0.387875 0.050970 0.026898
0.179538 0.541115 0.042315 0.031133
0.281355 0.783373 0.043114 0.035839
0.477505 0.929662 0.041052 0.026377
0.877893 0.812384 0.046153 0.029928
0.389809 0.432742 0.055111 0.020857
0.385661 0.088928 0.050700 0.030600
0.784442 0.773175 0.042980 0.029185
0.878715 0.714632 0.047435 0.031232
0.180138 0.808204 0.042993 0.027401
0.088471 0.113896 0.047160 0.019747
0.481005 0.736029 0.040386 0.033947
0.487953 0.472815 0.048480 0.030485
0.285456 0.508952 0.040654 0.036786
0.795771 0.115665 0.041043 0.028612
0.382816 0.460508 0.041391 0.028299
0.689306 0.680134 0.071216 0.023487
0.081738 0.930213 0.050660 0.023227
0.386029 0.121309 0.038732 0.025381
0.386816 0.299977 0.052966 0.032225
0.795152 0.086074 0.044348 0.029373
0.183402 0.370880 0.052459 0.023915
0.385742 0.404543 0.040158 0.025284
0.893014 0.903761 0.055415 0.024952
0.790152 0.338449 0.048264 0.021209
0.183921 0.088632 0.044452 0.027553
0.383815 0.198928 0.053030 0.043477
0.683725 0.841517 0.040944 0.029598
0.781976 0.744699 0.051199 0.021808
0.897431 0.089846 0.038424 0.033956
0.689430 0.090120 0.047891 0.033056
0.585558 0.155473 0.048742 0.021815
0.487668 0.415926 0.045300 0.019954
0.893957 0.931285 0.054598 0.022535
0.080520 0.854420 0.044186 0.039861
0.486802 0.441178 0.038478 0.025123
0.184171 0.900894 0.064358 0.027873
0.882532 0.749398 0.052694 0.028536
0.597332 0.571216 0.071177 0.033137
0.278423 0.910015 0.054292 0.039049
0.332228 0.186196 0.020723 0.017772
