0.706307 0.145181 0.071363 0.044894
0.279227 0.209385 0.061084 0.040454
0.182443 0.297679 0.060070 0.035917
0.597211 0.069588 0.065907 0.038693
0.597685 0.418502 0.068206 0.039879
0.181555 0.368523 0.062593 0.038723
0.926705 0.222415 0.068542 0.038019
0.600185 0.151354 0.054628 0.046253
0.074635 0.115940 0.056988 0.042235
0.280085 0.248394 0.058549 0.037027
0.823288 0.463043 0.070790 0.041364
0.722945 0.672615 0.065887 0.047940
0.616810 0.895673 0.058422 0.034515
0.721028 0.798571 0.055499 0.042440
0.389325 0.420101 0.065393 0.042922
0.597391 0.107447 0.055954 0.038665
0.501674 0.193442 0.055303 0.038039
0.830864 0.691777 0.065522 0.040231
0.702069 0.100421 0.056577 0.038962
0.496607 0.229158 0.060239 0.033565
0.709438 0.395069 0.054050 0.040588
0.505505 0.783651 0.051673 0.035347
0.073937 0.074401 0.055816 0.039600
0.287175 0.819825 0.055534 0.036399
0.502865 0.430531 0.052787 0.034929
0.829919 0.821422 0.058396 0.038876
0.075593 0.159626 0.053136 0.040627
0.500391 0.678064 0.059459 0.036851
0.501040 0.472097 0.064888 0.044713
0.602885 0.032717 0.066030 0.034608
0.180925 0.258541 0.048926 0.039851
0.392612 0.464861 0.055275 0.044654
0.713721 0.232765 0.053426 0.037819
0.935374 0.371729 0.048474 0.040478
0.500698 0.154606 0.049458 0.036780
0.078999 0.404058 0.058550 0.038830
0.824730 0.066962 0.069778 0.041563
0.077731 0.230179 0.053050 0.033605
0.933185 0.073730 0.070267 0.039895
0.712073 0.349638 0.068572 0.045635
0.079137 0.197256 0.054859 0.028742
0.829546 0.736813 0.056177 0.045026
0.081480 0.787571 0.066128 0.041700
0.181258 0.409298 0.051931 0.038465
0.936012 0.111830 0.060337 0.034364
0.184929 0.332448 0.050596 0.032182
0.821385 0.373799 0.066142 0.044932
0.077076 0.830566 0.060735 0.039866
0.601879 0.376436 0.058347 0.043822
0.280147 0.171064 0.045276 0.031893
0.719862 0.627419 0.053296 0.038980
0.079100 0.367143 0.057672 0.032724
0.406229 0.877938 0.049025 0.033748
0.496385 0.265978 0.057679 0.038956
0.604274 0.458731 0.068137 0.041466
0.712226 0.518225 0.071423 0.038719
0.182359 0.217041 0.051748 0.040674
0.280028 0.070258 0.059659 0.036412
0.499501 0.115930 0.055094 0.042044
0.711442 0.434692 0.050518 0.038891
0.936614 0.409306 0.048106 0.032515
0.187907 0.572717 0.065815 0.038833
0.513214 0.896280 0.058820 0.032596
0.382777 0.195781 0.061610 0.046457
0.189905 0.894201 0.054871 0.040755
0.084208 0.868207 0.059497 0.039457
0.721461 0.838340 0.057270 0.035775
0.829772 0.504448 0.059767 0.037877
0.083626 0.658303 0.056567 0.042509
0.939639 0.447861 0.053270 0.040319
0.391799 0.351309 0.049632 0.040242
0.708642 0.269331 0.066482 0.033422
0.080105 0.582216 0.064343 0.039432
0.383945 0.234457 0.065328 0.030202
0.831588 0.780549 0.052101 0.041977
0.492145 0.038352 0.062092 0.036956
0.829084 0.858350 0.055973 0.036394
0.287427 0.677092 0.056758 0.037211
0.500858 0.713718 0.054483 0.036444
0.600606 0.308648 0.050908 0.035308
0.186022 0.534493 0.056916 0.037836
0.193494 0.965585 0.057422 0.036513
0.707865 0.190032 0.059058 0.041865
0.295061 0.935607 0.054633 0.034256
0.820911 0.138188 0.063996 0.039770
0.602644 0.196567 0.050712 0.039412
0.283094 0.291186 0.051180 0.043112
0.189051 0.656557 0.051878 0.035118
0.077809 0.448351 0.064249 0.048453
0.289580 0.567400 0.053690 0.034394
0.501488 0.519058 0.058410 0.043688
0.816733 0.179100 0.059940 0.041496
0.509815 0.964253 0.054320 0.038671
0.826817 0.417617 0.055653 0.041727
0.499589 0.395822 0.050910 0.032914
0.819975 0.220489 0.052375 0.036630
0.191607 0.823481 0.056591 0.035151
0.288009 0.637794 0.047984 0.038416
0.504867 0.638950 0.053284 0.034842
0.283533 0.106004 0.050805 0.036623
0.291510 0.529556 0.047470 0.038244
0.499323 0.355541 0.051802 0.043974
0.720255 0.923499 0.051641 0.042008
0.615272 0.928369 0.065884 0.033568
0.298282 0.967819 0.059069 0.032598
0.602487 0.271929 0.047396 0.037992
0.188301 0.784211 0.060331 0.041207
0.404386 0.843781 0.049000 0.036789
0.934601 0.185201 0.043920 0.035146
0.614966 0.863739 0.058884 0.029453
0.289067 0.715792 0.051416 0.039024
0.384117 0.151641 0.053995 0.040185
0.721126 0.880478 0.059682 0.045392
0.708206 0.060846 0.054115 0.035170
0.081997 0.331522 0.059336 0.039198
0.079122 0.296948 0.046754 0.031145
0.397140 0.772927 0.056825 0.039842
0.941453 0.684704 0.053212 0.042833
0.711895 0.304320 0.044231 0.040062
0.941363 0.871737 0.061754 0.043687
0.830936 0.645083 0.060884 0.046407
0.282055 0.335358 0.044915 0.039498
0.713262 0.476850 0.049287 0.044497
0.082481 0.910424 0.051371 0.043906
0.828756 0.894477 0.047787 0.037058
0.940786 0.912975 0.047675 0.034094
0.510721 0.928277 0.050210 0.031009
0.935753 0.636555 0.067920 0.048608
0.717216 0.718847 0.053372 0.038870
0.391257 0.510062 0.050032 0.042709
0.394823 0.603792 0.048434 0.042949
0.287415 0.602145 0.055150 0.035271
0.943560 0.726362 0.056146 0.036601
0.720361 0.756926 0.050985 0.038911
0.392259 0.386118 0.057753 0.026093
0.289464 0.449140 0.052674 0.046870
0.618703 0.961945 0.056553 0.033628
0.946159 0.946729 0.061988 0.034344
0.083757 0.497230 0.050264 0.045269
0.934853 0.261170 0.043750 0.036468
0.496080 0.075882 0.062140 0.038874
0.189036 0.690078 0.052631 0.029753
0.934486 0.149548 0.049226 0.037643
0.940261 0.830950 0.046422 0.038188
0.506790 0.820517 0.045926 0.035864
0.611301 0.696357 0.057667 0.044430
0.504606 0.601510 0.051146 0.038740
0.833264 0.601981 0.051425 0.037653
0.077547 0.265035 0.042114 0.034693
0.509663 0.859964 0.045445 0.041728
0.179961 0.449884 0.056954 0.044191
0.190726 0.719621 0.061012 0.033069
0.289239 0.492390 0.047270 0.037508
0.501917 0.748577 0.051219 0.032389
0.386967 0.111083 0.052853 0.038636
0.290185 0.854928 0.051295 0.028469
0.720951 0.589942 0.046638 0.033442
0.387240 0.037440 0.072209 0.036986
0.187967 0.749611 0.062740 0.028118
0.181990 0.494086 0.048064 0.044431
0.195877 0.929752 0.051564 0.033328
0.081168 0.743787 0.053368 0.045593
0.286796 0.401826 0.055224 0.042903
0.083361 0.541442 0.047128 0.041707
0.390401 0.272152 0.060334 0.044671
0.400207 0.726011 0.055760 0.049930
0.282712 0.139279 0.045179 0.028453
0.719574 0.557494 0.055537 0.037347
0.931202 0.030460 0.045488 0.042209
0.391262 0.311637 0.054337 0.038015
0.499160 0.310918 0.051428 0.048884
0.942234 0.490165 0.055587 0.037464
0.820636 0.263947 0.050372 0.045937
0.605748 0.501429 0.044506 0.039515
0.607740 0.341344 0.052601 0.024752
0.602387 0.234964 0.046765 0.034119
0.724230 0.960181 0.046140 0.031811
0.612377 0.739607 0.049105 0.041075
0.072622 0.037191 0.053997 0.032832
0.500493 0.562930 0.053461 0.041293
0.613849 0.826275 0.055962 0.036270
0.291566 0.893504 0.048556 0.046822
0.193319 0.856065 0.047206 0.033064
0.087486 0.957286 0.056905 0.045046
0.405202 0.910106 0.066877 0.027679
0.081142 0.702653 0.051391 0.037223
0.933558 0.564441 0.054356 0.032604
0.943435 0.761064 0.042989 0.032028
0.178076 0.140702 0.049042 0.041536
0.280269 0.035937 0.048406 0.033720
0.819870 0.030523 0.057250 0.030065
0.286512 0.786959 0.041331 0.030192
0.609591 0.539653 0.049266 0.035455
0.612165 0.655888 0.046687 0.037477
0.403704 0.808891 0.050384 0.034474
0.936209 0.531303 0.060688 0.034485
0.931332 0.299080 0.057506 0.036222
0.084202 0.617949 0.051374 0.035713
0.710679 0.025956 0.052958 0.029375
0.943423 0.792840 0.045930 0.029821
0.392132 0.645099 0.066045 0.035850
0.938180 0.595776 0.052429 0.030943
0.823272 0.334288 0.050614 0.032895
0.189724 0.615612 0.047482 0.043978
0.186104 0.072517 0.067740 0.036004
0.937232 0.331529 0.043235 0.032375
0.288989 0.753791 0.038498 0.035527
0.609838 0.619203 0.051099 0.038212
0.823650 0.101692 0.046986 0.031095
0.407356 0.976543 0.043574 0.027606
0.183561 0.103896 0.066006 0.034040
0.406543 0.943094 0.044943 0.040972
0.394045 0.559346 0.050519 0.046786
0.609848 0.577770 0.049494 0.043281
0.612388 0.785084 0.049988 0.047419
0.179384 0.176448 0.047546 0.033064
0.389214 0.073871 0.064795 0.036264
0.286039 0.368007 0.047420 0.026244
0.184706 0.039398 0.074109 0.037444
0.824932 0.306683 0.047211 0.036618
0.828133 0.540859 0.057880 0.026879
0.832432 0.568586 0.054309 0.024389
0.399761 0.680423 0.059029 0.041490
0.829666 0.928391 0.063174 0.037161
0.828463 0.951660 0.069905 0.037412
