0.616018 0.783885 0.063676 0.036537
0.405526 0.844148 0.064631 0.040408
0.403017 0.801262 0.057803 0.044156
0.506328 0.704920 0.054953 0.039956
0.615703 0.851078 0.063689 0.035274
0.729234 0.855099 0.057373 0.037108
0.399131 0.603989 0.058602 0.039270
0.170387 0.757887 0.072492 0.042132
0.505067 0.184088 0.056037 0.036061
0.291506 0.379515 0.070646 0.040208
0.615651 0.226664 0.063341 0.039557
0.937610 0.498567 0.067191 0.039303
0.617228 0.270762 0.054797 0.040924
0.399350 0.565089 0.055472 0.034917
0.394614 0.253322 0.061185 0.035252
0.824011 0.344756 0.061796 0.040296
0.287425 0.636332 0.063976 0.039530
0.057958 0.784338 0.061552 0.038386
0.173994 0.872693 0.055194 0.034963
0.504948 0.341746 0.053106 0.035688
0.394279 0.292262 0.053474 0.038219
0.060747 0.666819 0.048344 0.034843
0.504685 0.783460 0.052878 0.037210
0.503760 0.272787 0.054736 0.034974
0.407479 0.922547 0.065499 0.038538
0.504563 0.458897 0.051654 0.040697
0.506028 0.117454 0.057486 0.036446
0.933228 0.669968 0.054757 0.035930
0.618817 0.311497 0.057582 0.036660
0.288067 0.679215 0.057550 0.038469
0.614690 0.429204 0.055347 0.038387
0.404448 0.883337 0.052642 0.035599
0.622200 0.706069 0.056261 0.041670
0.178550 0.651234 0.051802 0.033032
0.059374 0.592963 0.054708 0.039968
0.403627 0.755942 0.051497 0.040107
0.061333 0.633177 0.053501 0.031951
0.824802 0.264572 0.061927 0.034731
0.397695 0.186035 0.053025 0.028587
0.057280 0.886573 0.064324 0.035804
0.171460 0.939863 0.063268 0.032775
0.062232 0.496184 0.055632 0.033904
0.934326 0.361580 0.054837 0.034037
0.065163 0.070508 0.063258 0.046093
0.063561 0.704633 0.058797 0.034754
0.286006 0.752305 0.062325 0.038785
0.819979 0.695318 0.054511 0.040897
0.931933 0.328342 0.050926 0.036106
0.173938 0.908111 0.055702 0.032952
0.289436 0.888865 0.048407 0.034835
0.932185 0.882623 0.048634 0.034801
0.292213 0.228015 0.048283 0.038171
0.506379 0.079285 0.050762 0.038435
0.289880 0.925210 0.047779 0.037494
0.290376 0.341111 0.055665 0.038814
0.501716 0.415661 0.050392 0.042207
0.061452 0.745159 0.051462 0.038090
0.940563 0.396030 0.060592 0.037047
0.059433 0.851999 0.051732 0.030381
0.614411 0.184037 0.051276 0.039840
0.936027 0.214455 0.060934 0.037533
0.291154 0.145793 0.051517 0.047285
0.066051 0.259476 0.051494 0.042344
0.829264 0.226094 0.047383 0.039588
0.512094 0.820417 0.050297 0.035856
0.179293 0.131103 0.053869 0.032339
0.179396 0.361428 0.068062 0.043615
0.821736 0.838406 0.052885 0.035173
0.930794 0.844571 0.052811 0.035039
0.289424 0.853007 0.049790 0.034361
0.174867 0.687654 0.046954 0.037942
0.288960 0.098149 0.054921 0.038067
0.397974 0.150595 0.047283 0.036298
0.291991 0.561051 0.055083 0.030937
0.289873 0.598778 0.053676 0.035418
0.501009 0.377404 0.051598 0.030934
0.182247 0.166507 0.060257 0.033528
0.504632 0.307246 0.046372 0.030130
0.616931 0.548263 0.048278 0.041029
0.625251 0.665441 0.053754 0.036871
0.175217 0.026046 0.053822 0.041787
0.828415 0.188408 0.050086 0.036499
0.937001 0.921242 0.053738 0.040600
0.066968 0.220237 0.051596 0.035338
0.506127 0.665534 0.051472 0.033426
0.506003 0.226119 0.049843 0.045436
0.619535 0.889545 0.050179 0.039150
0.725675 0.435399 0.060942 0.040011
0.824939 0.148730 0.053493 0.042523
0.933632 0.141181 0.048284 0.043549
0.931634 0.180186 0.051227 0.031900
0.818607 0.910371 0.056924 0.041455
0.622725 0.817221 0.049560 0.030202
0.396591 0.524586 0.048356 0.036477
0.721266 0.394484 0.068500 0.038446
0.818936 0.873643 0.050612 0.031312
0.508181 0.149886 0.050605 0.030002
0.394907 0.489420 0.054144 0.034913
0.508807 0.626660 0.063480 0.040723
0.927134 0.761715 0.063014 0.042680
0.505907 0.551850 0.054243 0.046625
0.502120 0.742759 0.066024 0.037595
0.397428 0.217597 0.053945 0.035171
0.298648 0.451345 0.059417 0.033884
0.730879 0.194244 0.058328 0.034425
0.624478 0.629126 0.047653 0.037184
0.499770 0.502667 0.052753 0.045789
0.821383 0.759197 0.053674 0.033212
0.294390 0.488564 0.052762 0.035988
0.176664 0.501555 0.052226 0.038719
0.728423 0.235002 0.053733 0.041239
0.937590 0.461737 0.053130 0.035832
0.923126 0.804906 0.074726 0.039344
0.170333 0.800061 0.043055 0.037766
0.294340 0.269520 0.055910 0.038206
0.392287 0.452475 0.053403 0.041711
0.393212 0.072519 0.067516 0.044082
0.724371 0.315841 0.052542 0.042251
0.176858 0.576849 0.049710 0.040882
0.286342 0.716535 0.053942 0.034121
0.055070 0.819426 0.050717 0.030139
0.172643 0.971238 0.059869 0.029449
0.935888 0.287969 0.056521 0.039889
0.939170 0.538637 0.058035 0.029855
0.730616 0.817538 0.048057 0.037230
0.172598 0.837255 0.044698 0.033508
0.725784 0.476769 0.048164 0.041265
0.828138 0.648819 0.045732 0.043525
0.818235 0.798493 0.060183 0.041915
0.067333 0.025460 0.053461 0.039583
0.182691 0.290216 0.049194 0.036153
0.505157 0.920754 0.050197 0.042622
0.614815 0.590253 0.069628 0.038585
0.723633 0.520620 0.047826 0.039768
0.827283 0.302591 0.049739 0.040488
0.178755 0.224985 0.050099 0.030903
0.386814 0.409720 0.059792 0.035958
0.506067 0.966201 0.056492 0.043270
0.397924 0.112548 0.055836 0.035835
0.065967 0.116127 0.051786 0.041218
0.179547 0.537808 0.060619 0.033671
0.183640 0.195816 0.051048 0.026498
0.930878 0.712745 0.056392 0.042925
0.929798 0.634440 0.043156 0.034233
0.286406 0.786376 0.042911 0.031856
0.292989 0.305845 0.049783 0.035254
0.177891 0.616163 0.048226 0.034209
0.723618 0.735842 0.060872 0.033343
0.725362 0.777707 0.058374 0.042187
0.060894 0.953642 0.060908 0.038211
0.065451 0.458759 0.049985 0.035904
0.179161 0.255789 0.047793 0.032548
0.829975 0.605793 0.044802 0.037579
0.612948 0.389448 0.052802 0.037932
0.935186 0.249762 0.044735 0.034338
0.617976 0.745386 0.040992 0.031771
0.293612 0.189027 0.049831 0.037791
0.932914 0.570051 0.046328 0.032052
0.830769 0.386496 0.055804 0.038364
0.065582 0.421304 0.049817 0.039463
0.937801 0.065570 0.050935 0.035577
0.935591 0.430993 0.054211 0.027770
0.178290 0.094541 0.047542 0.033011
0.288738 0.062009 0.058475 0.028314
0.063506 0.553619 0.061951 0.033665
0.287942 0.818788 0.045251 0.034436
0.399400 0.719642 0.048962 0.035450
0.064829 0.345688 0.056576 0.039703
0.292726 0.418148 0.044125 0.032025
0.735986 0.922705 0.048336 0.038181
0.393770 0.369586 0.047775 0.041851
0.829705 0.501909 0.045755 0.035710
0.291080 0.961095 0.042246 0.033860
0.825238 0.108298 0.062959 0.029792
0.618348 0.467095 0.057629 0.036215
0.395831 0.330852 0.044326 0.033990
0.831380 0.428094 0.043618 0.042687
0.058208 0.920485 0.042089 0.031584
0.735274 0.887978 0.049486 0.024727
0.174987 0.721701 0.048550 0.025886
0.830514 0.533558 0.046755 0.030735
0.821990 0.073240 0.049952 0.032044
0.726723 0.154121 0.042484 0.038824
0.395873 0.689500 0.044111 0.026201
0.928697 0.963843 0.058988 0.041713
0.615054 0.504325 0.058853 0.040495
0.409390 0.957430 0.052374 0.029842
0.396345 0.649637 0.048867 0.047282
0.068740 0.155985 0.049903 0.038291
0.069454 0.384147 0.049877 0.037628
0.617720 0.957654 0.040104 0.032809
0.819775 0.728763 0.057085 0.024417
0.939175 0.101223 0.052708 0.037442
0.506005 0.853327 0.075713 0.033371
0.393985 0.031823 0.064279 0.040966
0.505425 0.590315 0.057309 0.029679
0.178406 0.061233 0.047080 0.029384
0.620501 0.149803 0.053596 0.026940
0.719672 0.697186 0.061130 0.041466
0.931364 0.601554 0.040694 0.030177
0.831844 0.465978 0.042398 0.032082
0.289890 0.028545 0.046953 0.034746
0.506208 0.882301 0.071510 0.030620
0.722498 0.082472 0.047887 0.039843
0.723932 0.561562 0.051533 0.040592
0.612433 0.351973 0.051303 0.039754
0.823818 0.034120 0.049659 0.042956
0.179421 0.462747 0.043010 0.036964
0.295406 0.525922 0.061006 0.036369
0.184628 0.323127 0.045433 0.028106
0.724650 0.355468 0.037663 0.036908
0.830279 0.567358 0.041171 0.031375
0.062477 0.526482 0.051934 0.029277
0.823041 0.959800 0.050149 0.047787
0.617332 0.923865 0.040150 0.030033
0.067774 0.188373 0.042603 0.029581
0.502372 0.036794 0.051661 0.046390
0.939938 0.030461 0.040360 0.033742
0.726465 0.650379 0.051193 0.048184
0.727860 0.274066 0.039450 0.033761
0.608264 0.033890 0.050936 0.039912
0.616963 0.115896 0.045334 0.040397
0.063417 0.303063 0.040282 0.040411
0.723690 0.036242 0.054850 0.046243
0.723888 0.601661 0.050370 0.041484
0.716540 0.118483 0.056931 0.037979
0.731966 0.959651 0.056282 0.036515
0.185210 0.414436 0.061916 0.054757
0.613770 0.074189 0.045998 0.037315
