0.395669 0.222543 0.088131 0.058839
0.511403 0.199056 0.082263 0.051605
0.840055 0.704361 0.077105 0.052936
0.510515 0.922467 0.088864 0.040426
0.833366 0.330577 0.085927 0.046482
0.282862 0.546219 0.081704 0.052743
0.733974 0.607241 0.082661 0.046770
0.511545 0.557906 0.088371 0.052847
0.172224 0.625749 0.073854 0.050598
0.730351 0.394764 0.077086 0.056805
0.726506 0.122606 0.079397 0.050632
0.618837 0.118996 0.085632 0.054638
0.063356 0.320302 0.078895 0.048373
0.946649 0.901621 0.074759 0.046348
0.730166 0.711813 0.084202 0.043656
0.730330 0.174462 0.080342 0.049045
0.727666 0.453819 0.070998 0.056592
0.396647 0.166279 0.075736 0.045690
0.623352 0.176556 0.074684 0.051400
0.395227 0.114020 0.079192 0.051703
0.397759 0.897774 0.084829 0.053015
0.504795 0.251094 0.083482 0.042032
0.068332 0.472994 0.074769 0.043845
0.181378 0.517376 0.074266 0.047295
0.508228 0.612259 0.087662 0.050141
0.619866 0.232538 0.076018 0.051129
0.729276 0.659964 0.082616 0.053869
0.512881 0.877553 0.074507 0.040530
0.726489 0.065520 0.073547 0.061838
0.173599 0.569278 0.085201 0.047880
0.835008 0.546531 0.088617 0.052941
0.172034 0.363381 0.074241 0.051304
0.726000 0.912337 0.089723 0.049797
0.623790 0.719531 0.075856 0.054636
0.171993 0.680072 0.070954 0.053242
0.514475 0.667035 0.074437 0.048084
0.168451 0.307965 0.084869 0.046514
0.506154 0.146825 0.073026 0.043355
0.513716 0.779690 0.090481 0.049323
0.732013 0.863752 0.078827 0.047784
0.839379 0.652020 0.077792 0.044734
0.397813 0.791935 0.080956 0.053038
0.729147 0.227978 0.084491 0.049158
0.170689 0.219246 0.088401 0.048140
0.621478 0.510156 0.086355 0.049029
0.622796 0.333778 0.087605 0.047264
0.828995 0.280724 0.066353 0.052035
0.400361 0.738421 0.083788 0.047681
0.839461 0.755809 0.084455 0.042948
0.621636 0.390554 0.083204 0.057829
0.726328 0.284379 0.074499 0.055727
0.286281 0.650370 0.093562 0.047041
0.288071 0.704765 0.071241 0.049775
0.071977 0.907812 0.078786 0.044251
0.396666 0.689356 0.092823 0.046229
0.937541 0.168537 0.070810 0.053823
0.513967 0.830614 0.078867 0.044614
0.731702 0.505742 0.074942 0.044181
0.060404 0.151685 0.067375 0.048718
0.934879 0.114924 0.091861 0.044150
0.280409 0.110924 0.087744 0.049877
0.936189 0.384580 0.086169 0.048758
0.398930 0.277083 0.079107 0.044188
0.938210 0.597827 0.068849 0.049523
0.068291 0.847271 0.078010 0.061377
0.071183 0.954915 0.085784 0.041630
0.727853 0.339607 0.068307 0.049429
0.728754 0.767453 0.065582 0.056133
0.629052 0.823613 0.071079 0.049598
0.520151 0.723856 0.094591 0.057629
0.944582 0.690697 0.077491 0.041405
0.065638 0.521601 0.067704 0.045152
0.288787 0.429811 0.071523 0.060139
0.063630 0.212575 0.084034 0.057024
0.829258 0.224954 0.065174 0.050566
0.940301 0.222218 0.078835 0.041601
0.626233 0.613876 0.070345 0.046304
0.173671 0.413665 0.088304 0.041477
0.729279 0.557943 0.081673 0.051172
0.516355 0.502649 0.083392 0.051442
0.622599 0.666237 0.071111 0.048005
0.403418 0.375083 0.064784 0.054874
0.066236 0.634661 0.085586 0.039438
0.293533 0.800219 0.087513 0.049268
0.945682 0.854293 0.087203 0.042568
0.940934 0.647173 0.062418 0.039734
0.290459 0.853001 0.082756 0.055604
0.400012 0.642028 0.078125 0.040975
0.836831 0.600584 0.071064 0.048300
0.834027 0.493887 0.063798 0.045874
0.833242 0.806074 0.072280 0.049805
0.173573 0.734276 0.068760 0.050318
0.066275 0.741160 0.061431 0.046791
0.626310 0.877178 0.073720 0.046837
0.728701 0.816586 0.074629 0.037692
0.394170 0.436247 0.078779 0.059582
0.066928 0.582321 0.070806 0.058925
0.944489 0.948701 0.069945 0.037582
0.621584 0.062186 0.076670 0.052090
0.062470 0.268723 0.063475 0.049728
0.286448 0.315828 0.063968 0.050214
0.623355 0.562299 0.072163 0.040527
0.516299 0.962487 0.081753 0.035721
0.939994 0.331875 0.068991 0.054658
0.402575 0.843494 0.091190 0.043645
0.937187 0.489852 0.072539 0.044044
0.065494 0.686245 0.083515 0.057367
0.941459 0.438066 0.075669 0.051967
0.939442 0.541527 0.056699 0.047348
0.506849 0.403109 0.068478 0.041218
0.625519 0.959614 0.078697 0.041365
0.281474 0.217047 0.072011 0.045794
0.838980 0.445347 0.064961 0.048606
0.731039 0.958829 0.092072 0.044539
0.176995 0.166768 0.080372 0.051486
0.072559 0.789188 0.066979 0.042877
0.834396 0.060931 0.088727 0.056678
0.396224 0.592150 0.072649 0.053081
0.506269 0.054160 0.082464 0.039567
0.060625 0.105530 0.057317 0.037206
0.507123 0.298264 0.057069 0.038004
0.934727 0.062939 0.077107 0.055369
0.180553 0.465213 0.065245 0.049519
0.172542 0.264435 0.067338 0.028408
0.940577 0.746376 0.068081 0.059916
0.286528 0.754847 0.059104 0.040517
0.394386 0.062076 0.069333 0.050789
0.280077 0.368624 0.065649 0.049101
0.625599 0.773863 0.062969 0.047478
0.285839 0.898869 0.083590 0.042292
0.398629 0.324287 0.067392 0.039516
0.829829 0.909593 0.074887 0.045843
0.837883 0.388290 0.061187 0.056928
0.065141 0.424005 0.076393 0.043441
0.509072 0.098712 0.077140 0.040772
0.831557 0.121564 0.061657 0.052042
0.396815 0.491152 0.074519 0.047478
0.939385 0.806245 0.073077 0.052958
0.178900 0.786755 0.070744 0.043930
0.284429 0.488926 0.070504 0.049062
0.512733 0.448607 0.058400 0.043827
0.401821 0.955418 0.100284 0.057481
0.283829 0.061847 0.068541 0.044152
0.624356 0.285731 0.056519 0.045943
0.837330 0.955604 0.062214 0.040966
0.062744 0.062382 0.075261 0.045815
0.625085 0.448875 0.072594 0.054183
0.833313 0.860962 0.068414 0.051547
0.289223 0.265388 0.075860 0.042999
0.626248 0.920190 0.065109 0.039852
0.281376 0.165547 0.067326 0.052634
0.288597 0.937795 0.080442 0.037535
0.174382 0.115915 0.074518 0.047724
0.837570 0.171222 0.071835 0.040933
0.289630 0.600686 0.062283 0.047476
0.933681 0.277094 0.078987 0.058344
0.500623 0.350795 0.072893 0.056104
0.064579 0.373167 0.059134 0.049450
0.288585 0.964951 0.081273 0.040166
