0.816678 0.180136 0.059743 0.036122
0.595340 0.719668 0.069884 0.030902
0.388592 0.424534 0.073959 0.038073
0.493977 0.813630 0.063649 0.040651
0.603042 0.352645 0.065303 0.038434
0.488915 0.238582 0.064386 0.040778
0.287546 0.333975 0.072669 0.036765
0.601589 0.753192 0.058733 0.035590
0.703281 0.337515 0.070273 0.036921
0.058578 0.277408 0.064800 0.034581
0.066625 0.197136 0.064989 0.033321
0.600568 0.165281 0.072662 0.029473
0.596876 0.593240 0.071152 0.031714
0.273765 0.495915 0.075845 0.036072
0.937110 0.839927 0.063043 0.041429
0.388800 0.924765 0.066821 0.030175
0.930483 0.911034 0.062735 0.028680
0.600056 0.313067 0.073095 0.037387
0.933779 0.463143 0.066886 0.034325
0.286409 0.294183 0.076709 0.038429
0.603165 0.386827 0.067979 0.029120
0.597115 0.933657 0.084798 0.039511
0.390693 0.152885 0.064895 0.036686
0.706121 0.296080 0.053451 0.040897
0.492781 0.199551 0.070086 0.029150
0.927395 0.080185 0.061807 0.040807
0.930411 0.941050 0.064175 0.027849
0.385080 0.465360 0.067420 0.041957
0.600295 0.236415 0.070462 0.038773
0.929908 0.420057 0.063829 0.041124
0.491807 0.700868 0.063217 0.036945
0.066357 0.830217 0.067343 0.034459
0.708129 0.224832 0.053040 0.033080
0.173665 0.553852 0.072860 0.038426
0.275153 0.101628 0.064137 0.034958
0.601201 0.135787 0.070053 0.029245
0.389914 0.187566 0.066544 0.031604
0.935840 0.796900 0.067703 0.039716
0.381824 0.260590 0.071527 0.036437
0.600916 0.416869 0.063891 0.033450
0.062404 0.352930 0.078336 0.038340
0.929023 0.298006 0.063964 0.032762
0.181004 0.227545 0.063481 0.036796
0.928768 0.757026 0.069955 0.034396
0.063954 0.464371 0.062120 0.036235
0.057826 0.315318 0.059908 0.029980
0.601418 0.274560 0.052287 0.033977
0.174713 0.927567 0.058679 0.031165
0.178849 0.514378 0.068817 0.037499
0.927685 0.719572 0.060264 0.033715
0.067467 0.700761 0.052972 0.042529
0.600464 0.974231 0.081093 0.042810
0.281086 0.746388 0.058320 0.041853
0.181341 0.743076 0.061134 0.027265
0.075324 0.921639 0.065669 0.040331
0.817230 0.105497 0.074333 0.040619
0.068479 0.736070 0.064598 0.025880
0.387284 0.503447 0.070721 0.031053
0.494354 0.740794 0.068125 0.035820
0.699458 0.433822 0.062278 0.031125
0.180799 0.159043 0.072650 0.041968
0.932324 0.378542 0.067100 0.037601
0.281027 0.459042 0.079868 0.036142
0.277324 0.786747 0.061999 0.035760
0.487159 0.946424 0.062463 0.032613
0.498524 0.402090 0.075535 0.039116
0.067648 0.425106 0.069934 0.037375
0.386639 0.854139 0.080319 0.042488
0.487231 0.774428 0.057864 0.035230
0.171345 0.472893 0.085950 0.041836
0.808831 0.145047 0.064923 0.034493
0.595139 0.826642 0.062723 0.040246
0.173815 0.116662 0.065427 0.038736
0.818326 0.255313 0.081870 0.041880
0.280660 0.419153 0.056096 0.036210
0.498294 0.159819 0.064718 0.046136
0.498584 0.440812 0.055896 0.033143
0.064098 0.502067 0.063723 0.031919
0.601927 0.075922 0.064002 0.030971
0.176426 0.638060 0.070004 0.049114
0.809541 0.219029 0.065495 0.032893
0.707562 0.258508 0.056038 0.027270
0.708374 0.183899 0.059437 0.041865
0.062605 0.573144 0.065828 0.033789
0.175853 0.892972 0.080756 0.031117
0.177360 0.964815 0.062242 0.040589
0.273657 0.065553 0.058844 0.029383
0.387142 0.735825 0.062916 0.041453
0.387602 0.115520 0.064006 0.032946
0.695290 0.469443 0.054661 0.036894
0.274654 0.857421 0.071209 0.038318
0.925910 0.181469 0.066892 0.039820
0.494815 0.590701 0.067558 0.029115
0.384027 0.079768 0.057697 0.038278
0.697930 0.552866 0.069161 0.039052
0.922400 0.256382 0.083940 0.041596
0.496161 0.626733 0.073943 0.038466
0.814380 0.062404 0.054975 0.040197
0.937500 0.587655 0.074913 0.034496
0.170653 0.431189 0.055609 0.034950
0.598736 0.787804 0.060427 0.032737
0.175353 0.863097 0.053984 0.029551
0.388654 0.891744 0.070273 0.028071
0.381001 0.698895 0.060310 0.032871
0.698062 0.510212 0.077187 0.039210
0.932175 0.975105 0.048635 0.035654
0.066765 0.537729 0.071496 0.035055
0.072252 0.964313 0.068496 0.040413
0.492501 0.282622 0.088833 0.042561
0.387639 0.389399 0.066576 0.029151
0.066467 0.127823 0.065729 0.044009
0.276506 0.574373 0.058457 0.035966
0.385266 0.570386 0.050443 0.032009
0.597571 0.687327 0.064514 0.032984
0.498503 0.109942 0.070037 0.042261
0.278468 0.377425 0.067161 0.043182
0.501115 0.481385 0.054601 0.041013
0.069144 0.769022 0.063375 0.034858
0.495017 0.062809 0.068644 0.039230
0.287303 0.173430 0.061582 0.035136
0.277960 0.536673 0.064559 0.040195
0.926077 0.217340 0.053606 0.036041
0.057938 0.236963 0.078598 0.039911
0.921356 0.335734 0.077622 0.041137
0.929481 0.623207 0.080301 0.034352
0.282583 0.209125 0.049597 0.031847
0.383858 0.634113 0.049937 0.042127
0.387229 0.038197 0.069518 0.039419
0.277359 0.710561 0.071431 0.027869
0.068128 0.662143 0.054640 0.025033
0.600012 0.864532 0.080087 0.030522
0.383682 0.535992 0.059903 0.034996
0.708742 0.138992 0.082961 0.042960
0.812264 0.291954 0.069635 0.031320
0.920572 0.036603 0.065696 0.040744
0.603384 0.510951 0.068098 0.034081
0.180890 0.594489 0.057733 0.037549
0.923085 0.119208 0.060621 0.033301
0.498298 0.557807 0.048014 0.032553
0.180620 0.711003 0.056706 0.031222
0.279515 0.647933 0.084733 0.037972
0.180707 0.370239 0.066758 0.032338
0.493877 0.362114 0.051474 0.036994
0.274580 0.822250 0.080909 0.033739
0.284111 0.136995 0.084642 0.034042
0.282577 0.033531 0.071571 0.036440
0.488435 0.913456 0.047502 0.032689
0.491480 0.663454 0.054267 0.037050
0.703379 0.377893 0.063613 0.038893
0.599109 0.656435 0.052182 0.027067
0.935768 0.879789 0.051549 0.031722
0.488486 0.879474 0.052303 0.036856
0.171486 0.040762 0.066516 0.043216
0.178698 0.077948 0.053747 0.028579
0.496578 0.848167 0.053271 0.024958
0.175790 0.337355 0.057729 0.030260
0.595399 0.896378 0.067562 0.034174
0.935046 0.545163 0.055721 0.047882
0.599114 0.037850 0.069603 0.041898
0.933111 0.500317 0.049894 0.039445
0.284695 0.239503 0.060409 0.023040
0.931432 0.682207 0.048282 0.032780
0.064453 0.386525 0.058434 0.026569
0.065768 0.632422 0.054357 0.028119
0.602411 0.104845 0.061941 0.027106
0.063982 0.164602 0.048147 0.028089
0.283738 0.611936 0.078212 0.035369
0.172329 0.832434 0.048025 0.027731
0.278486 0.893961 0.065717 0.034932
0.388231 0.222396 0.047703 0.037353
0.382537 0.770084 0.060198 0.025184
0.502310 0.521877 0.049498 0.039296
0.175079 0.262351 0.043665 0.030804
0.175310 0.399646 0.071473 0.028169
0.175144 0.300071 0.071760 0.040678
0.275875 0.681106 0.065502 0.030275
0.494351 0.976272 0.074901 0.029049
0.173392 0.774577 0.065219 0.029598
0.072873 0.874347 0.056982 0.043278
0.385622 0.335242 0.051514 0.030978
0.056137 0.037481 0.068679 0.031308
0.936282 0.149369 0.070147 0.023244
0.171547 0.803318 0.050970 0.026425
0.493825 0.027116 0.062261 0.029330
0.597859 0.199065 0.059367 0.034542
0.284780 0.264224 0.054715 0.022264
0.599878 0.481381 0.052667 0.022770
0.601510 0.562064 0.044371 0.028058
0.599368 0.450198 0.084346 0.033641
0.277448 0.962230 0.080771 0.043784
0.067525 0.798747 0.049499 0.021293
0.059539 0.078128 0.057108 0.041517
0.185331 0.194138 0.063197 0.024259
0.813278 0.027043 0.063272 0.027763
0.495324 0.324191 0.077455 0.040269
0.386919 0.819002 0.063734 0.023660
0.389768 0.667966 0.054184 0.023120
0.931713 0.653028 0.048765 0.021655
0.274437 0.924078 0.059684 0.030157
0.388717 0.794513 0.068389 0.024386
0.383202 0.599944 0.055940 0.025540
0.389453 0.361679 0.053669 0.024873
0.064995 0.603337 0.047536 0.027621
0.177020 0.679164 0.044546 0.028503
0.384834 0.958443 0.063929 0.037636
0.713568 0.100133 0.056024 0.026131
0.385129 0.300758 0.055640 0.040498
0.599731 0.625173 0.044595 0.031165
0.704631 0.405834 0.053275 0.020862
0.602948 0.537537 0.043993 0.018751
0.387913 0.972153 0.059223 0.038011
0.223011 0.258920 0.021932 0.017173
