0.717294 0.793158 0.074252 0.035178
0.827702 0.775031 0.067921 0.040127
0.165273 0.921487 0.062587 0.035249
0.173720 0.293610 0.068917 0.038548
0.717776 0.635651 0.070891 0.036099
0.717977 0.131178 0.082420 0.042371
0.929178 0.885150 0.062088 0.036798
0.389362 0.897354 0.057925 0.041501
0.713270 0.836106 0.070872 0.040391
0.822945 0.658779 0.061086 0.032359
0.276697 0.783993 0.070079 0.039431
0.505178 0.628382 0.069504 0.043015
0.280904 0.107145 0.069952 0.040886
0.725723 0.714403 0.064305 0.041040
0.399919 0.714849 0.071728 0.047707
0.172890 0.965592 0.067886 0.044878
0.396086 0.623227 0.077344 0.037923
0.493791 0.278495 0.068636 0.043132
0.822579 0.075533 0.076731 0.036228
0.404665 0.356152 0.082435 0.047238
0.714998 0.244455 0.068461 0.038397
0.063497 0.564235 0.065486 0.047533
0.396398 0.764181 0.073479 0.044333
0.495428 0.895276 0.065370 0.038930
0.720845 0.286248 0.076130 0.036919
0.503656 0.772343 0.058986 0.040467
0.816497 0.173684 0.075925 0.046652
0.173510 0.772117 0.068754 0.037359
0.934214 0.368624 0.065399 0.043375
0.398300 0.584054 0.071993 0.037369
0.935216 0.805685 0.070951 0.036225
0.500311 0.815298 0.080758 0.042240
0.390385 0.208582 0.075558 0.042989
0.290244 0.460553 0.063446 0.043565
0.713922 0.406713 0.059869 0.038292
0.399467 0.403896 0.067288 0.044067
0.490855 0.122414 0.060401 0.038547
0.173471 0.685913 0.066464 0.041089
0.279016 0.860851 0.052059 0.036714
0.397611 0.303263 0.063489 0.048343
0.824833 0.378931 0.084034 0.040744
0.502318 0.726674 0.066742 0.042538
0.826825 0.540834 0.081325 0.046060
0.822684 0.291744 0.078231 0.045703
0.710040 0.090605 0.078398 0.041768
0.934025 0.845854 0.062101 0.040029
0.167159 0.167210 0.067719 0.045486
0.282106 0.634550 0.074403 0.035579
0.712317 0.367091 0.061240 0.037261
0.488535 0.083360 0.067775 0.038130
0.826336 0.734823 0.055771 0.037015
0.060543 0.789288 0.062453 0.037560
0.719187 0.555350 0.070071 0.030443
0.827492 0.695249 0.057874 0.032618
0.172670 0.884539 0.057229 0.031139
0.177025 0.374717 0.061006 0.040966
0.057777 0.188528 0.058011 0.045041
0.715643 0.445527 0.063170 0.035150
0.394986 0.665418 0.062671 0.044686
0.394068 0.254164 0.074250 0.042678
0.815725 0.215864 0.071297 0.035648
0.177579 0.121494 0.076898 0.039350
0.275215 0.297557 0.071332 0.034070
0.284901 0.414354 0.075933 0.040482
0.179852 0.645411 0.083366 0.041839
0.611215 0.922947 0.071118 0.030143
0.612681 0.209497 0.060082 0.032704
0.060819 0.319538 0.068371 0.040947
0.277992 0.065187 0.069801 0.039649
0.396918 0.447962 0.058946 0.036673
0.608086 0.540785 0.077122 0.035550
0.051525 0.278220 0.064258 0.035264
0.294365 0.501264 0.073424 0.034182
0.061613 0.235974 0.063659 0.042321
0.609216 0.503455 0.063853 0.037780
0.720324 0.673808 0.056174 0.034333
0.713053 0.877160 0.055306 0.034994
0.060617 0.832438 0.064485 0.040698
0.064099 0.613586 0.070981 0.041491
0.718676 0.483431 0.055737 0.036277
0.506039 0.545121 0.060418 0.042720
0.927120 0.179113 0.067434 0.043823
0.502582 0.677212 0.059706 0.049164
0.936399 0.439570 0.077037 0.034905
0.721563 0.594659 0.055646 0.040308
0.929998 0.920651 0.055745 0.032739
0.937757 0.662980 0.056062 0.039727
0.605230 0.708963 0.056359 0.039500
0.388545 0.852636 0.056010 0.036367
0.276882 0.902850 0.058364 0.037272
0.180547 0.332952 0.063361 0.039099
0.495841 0.327801 0.065300 0.053432
0.823210 0.337123 0.065919 0.033079
0.822709 0.495364 0.077194 0.040174
0.282452 0.148492 0.081498 0.037883
0.062070 0.474990 0.071446 0.042686
0.930235 0.134535 0.073868 0.044092
0.389554 0.162343 0.059390 0.041553
0.607130 0.078790 0.066036 0.034336
0.830290 0.852523 0.065355 0.033784
0.715676 0.753903 0.053752 0.033728
0.827815 0.617831 0.058065 0.044515
0.498431 0.588425 0.065680 0.036638
0.610030 0.745146 0.056152 0.035846
0.063874 0.658620 0.084083 0.043956
0.274331 0.746922 0.056827 0.028337
0.927850 0.258815 0.059364 0.042144
0.165612 0.212820 0.075078 0.039039
0.815251 0.120640 0.063268 0.045432
0.281677 0.335057 0.056019 0.035772
0.613994 0.168870 0.064722 0.041841
0.177203 0.417716 0.054797 0.038697
0.276886 0.186161 0.065909 0.037258
0.609154 0.121947 0.062210 0.044649
0.393663 0.484789 0.065696 0.036004
0.497337 0.856107 0.071399 0.036252
0.611214 0.399753 0.063803 0.039173
0.059209 0.515699 0.065267 0.038538
0.176916 0.254096 0.066728 0.038056
0.278534 0.671945 0.075414 0.036408
0.388743 0.122065 0.070427 0.030015
0.928774 0.958639 0.054614 0.037141
0.066634 0.071363 0.071431 0.030958
0.942350 0.530435 0.074446 0.043748
0.061339 0.144850 0.056760 0.037354
0.498276 0.457984 0.060371 0.037456
0.498355 0.420256 0.062331 0.036059
0.940258 0.700309 0.061976 0.028910
0.936913 0.481556 0.060238 0.045553
0.831192 0.419176 0.064359 0.035276
0.272619 0.823832 0.064767 0.027694
0.061648 0.105442 0.056826 0.032303
0.938670 0.619265 0.054965 0.040365
0.507885 0.932523 0.074043 0.035144
0.497716 0.376968 0.067053 0.040408
0.716276 0.328665 0.060870 0.036043
0.609263 0.623391 0.053380 0.044952
0.174299 0.728549 0.052161 0.041973
0.287218 0.940447 0.069277 0.036543
0.610175 0.843631 0.057483 0.042870
0.060940 0.748318 0.052421 0.041830
0.824357 0.251074 0.059059 0.030258
0.708120 0.045872 0.063759 0.041988
0.933461 0.766492 0.057222 0.033719
0.283403 0.254599 0.051529 0.038003
0.612912 0.959855 0.055201 0.040887
0.176487 0.601863 0.053503 0.039621
0.609046 0.665467 0.052717 0.038122
0.937132 0.731823 0.055512 0.030897
0.824561 0.456440 0.070830 0.032154
0.608439 0.578124 0.061161 0.039571
0.058138 0.702606 0.056469 0.042596
0.171922 0.852258 0.047918 0.030514
0.831998 0.966107 0.073726 0.037749
0.935935 0.327791 0.051773 0.032683
0.600716 0.035974 0.060920 0.038243
0.179019 0.456854 0.047754 0.035027
0.610801 0.466259 0.073466 0.028842
0.716904 0.521960 0.047829 0.032693
0.929856 0.086945 0.060996 0.046560
0.175772 0.563150 0.060542 0.039713
0.921734 0.039846 0.062930 0.037600
0.398440 0.537850 0.070397 0.054397
0.277455 0.709609 0.056266 0.039193
0.832916 0.929344 0.061223 0.037009
0.281720 0.592980 0.075005 0.044168
0.826208 0.817181 0.063263 0.030627
0.277837 0.221268 0.075826 0.028329
0.715286 0.209024 0.044154 0.031462
0.830878 0.892060 0.047200 0.039744
0.493644 0.231844 0.066200 0.043923
0.391569 0.942940 0.089503 0.044507
0.614182 0.250664 0.068775 0.037539
0.281282 0.545389 0.064379 0.047274
0.717994 0.171306 0.055147 0.034103
0.063459 0.038397 0.068316 0.034062
0.172753 0.078748 0.051114 0.036235
0.174564 0.814477 0.049337 0.043869
0.055968 0.360901 0.051027 0.038760
0.064641 0.876092 0.064978 0.044227
0.936133 0.574695 0.057443 0.040304
0.713221 0.910097 0.049671 0.027281
0.062965 0.923661 0.056415 0.046319
0.615999 0.785763 0.082050 0.042941
0.490376 0.038415 0.058000 0.042512
0.284540 0.373727 0.061538 0.030465
0.930131 0.218973 0.067033 0.027799
0.394270 0.811168 0.049370 0.040283
0.610777 0.887757 0.051321 0.036992
0.824654 0.037237 0.058035 0.034110
0.508953 0.966551 0.078389 0.037305
0.827079 0.580221 0.061808 0.025608
0.285387 0.974583 0.064907 0.033490
0.494872 0.179979 0.071123 0.057824
0.938421 0.407543 0.069592 0.026198
0.060242 0.434291 0.045761 0.035404
0.388652 0.040908 0.048650 0.042157
0.177486 0.035595 0.070111 0.039618
0.933190 0.292991 0.047974 0.030559
0.058058 0.397627 0.043808 0.030650
0.609882 0.299149 0.050941 0.048035
0.068265 0.965883 0.059257 0.040184
0.608581 0.436505 0.054312 0.030247
0.388191 0.084788 0.044223 0.032473
0.179495 0.491609 0.049252 0.033622
0.606785 0.352310 0.053260 0.047457
0.500581 0.500360 0.075733 0.041557
0.275011 0.029844 0.053120 0.027975
0.717475 0.954959 0.077073 0.059508
0.395171 0.973857 0.093041 0.038718
0.184489 0.524664 0.077346 0.030031
0.611391 0.809060 0.055796 0.018889
