0.682879 0.672609 0.062398 0.030128
0.865189 0.778860 0.052897 0.032463
0.115827 0.467527 0.056610 0.034340
0.204751 0.443376 0.056330 0.035810
0.107963 0.864238 0.061390 0.034142
0.498091 0.760101 0.054744 0.033954
0.113032 0.547207 0.059156 0.031646
0.105405 0.753716 0.051023 0.029935
0.685219 0.822613 0.056041 0.033968
0.774581 0.738478 0.066694 0.033763
0.594859 0.692199 0.057730 0.030944
0.204064 0.811451 0.048305 0.032034
0.106351 0.788047 0.057032 0.032175
0.599704 0.897647 0.059540 0.031808
0.864813 0.877520 0.063928 0.032622
0.112671 0.609955 0.057129 0.029443
0.776624 0.604759 0.054410 0.029105
0.589977 0.588278 0.051428 0.033212
0.682322 0.599988 0.049979 0.030206
0.115083 0.432468 0.048943 0.029579
0.494149 0.861861 0.054374 0.031326
0.587147 0.552576 0.054680 0.033183
0.305729 0.679739 0.057842 0.027907
0.204347 0.746181 0.048500 0.026242
0.206705 0.684830 0.054624 0.028020
0.596008 0.863073 0.059351 0.031469
0.204005 0.485248 0.050618 0.035284
0.201822 0.154048 0.051450 0.030531
0.203806 0.406664 0.054044 0.029225
0.304023 0.715704 0.054073 0.036948
0.867900 0.582295 0.051135 0.027713
0.205704 0.842881 0.055773 0.024450
0.202537 0.188215 0.056127 0.028905
0.782387 0.538616 0.052775 0.027776
0.589198 0.427786 0.060426 0.028052
0.207556 0.592811 0.062563 0.035299
0.867236 0.129509 0.047780 0.030062
0.106341 0.683392 0.045907 0.030259
0.866536 0.547625 0.049327 0.030370
0.869742 0.477124 0.052015 0.039611
0.113897 0.365813 0.057365 0.029574
0.398564 0.388527 0.047608 0.032254
0.397577 0.167543 0.050854 0.034296
0.682032 0.279337 0.057488 0.032393
0.497031 0.686782 0.050986 0.033169
0.595151 0.787250 0.047887 0.034051
0.865764 0.813690 0.048759 0.030065
0.490618 0.790564 0.051828 0.025679
0.593479 0.654082 0.043516 0.036062
0.114261 0.505901 0.048181 0.033691
0.111555 0.331749 0.045434 0.032247
0.497350 0.592841 0.062208 0.029160
0.779834 0.463817 0.051196 0.029417
0.494670 0.562010 0.064678 0.031749
0.776608 0.233417 0.046252 0.033185
0.686389 0.760073 0.049697 0.027799
0.864918 0.914403 0.054494 0.032717
0.585781 0.226822 0.054611 0.033385
0.686243 0.471771 0.065653 0.030159
0.865914 0.164058 0.049518 0.032440
0.686045 0.634301 0.043223 0.030493
0.303273 0.787554 0.050537 0.031730
0.492059 0.368916 0.049177 0.033834
0.302207 0.823519 0.048682 0.030009
0.301198 0.754068 0.046165 0.026632
0.109305 0.228079 0.056062 0.028040
0.104893 0.720827 0.047823 0.031612
0.779561 0.428987 0.045033 0.029000
0.108425 0.293309 0.058397 0.033654
0.397520 0.129144 0.058525 0.032113
0.869956 0.614350 0.051159 0.029588
0.399172 0.458674 0.049607 0.025242
0.398439 0.286334 0.055820 0.024897
0.589836 0.397746 0.052021 0.027381
0.495593 0.497861 0.048760 0.028801
0.487870 0.269143 0.048328 0.025834
0.588112 0.622145 0.050727 0.025945
0.685187 0.409105 0.054654 0.031485
0.301253 0.641734 0.049499 0.034063
0.770745 0.862382 0.045320 0.031230
0.680556 0.373356 0.048406 0.028762
0.496900 0.530295 0.053877 0.026389
0.205818 0.715066 0.048940 0.027809
0.397944 0.317789 0.048883 0.033836
0.587620 0.363766 0.046262 0.029857
0.867409 0.680782 0.042424 0.029939
0.298685 0.090583 0.064536 0.032206
0.304836 0.487249 0.049736 0.033796
0.862025 0.843708 0.052820 0.027549
0.776854 0.269982 0.043826 0.028185
0.593824 0.726082 0.051531 0.025907
0.776893 0.570208 0.044915 0.029983
0.781616 0.501222 0.050717 0.032017
0.777417 0.640001 0.042830 0.031346
0.398380 0.422413 0.044906 0.032872
0.400004 0.354472 0.049305 0.027166
0.684261 0.860925 0.043344 0.031723
0.117615 0.398962 0.054188 0.027626
0.592573 0.827187 0.043677 0.030729
0.866602 0.712718 0.047779 0.028240
0.497636 0.726631 0.051103 0.033682
0.771429 0.195129 0.046824 0.034994
0.493841 0.152426 0.056355 0.028877
0.493191 0.332408 0.058003 0.027417
0.497926 0.650146 0.056374 0.034905
0.871338 0.371715 0.052972 0.025032
0.492559 0.823234 0.043221 0.035248
0.207838 0.522932 0.055067 0.028091
0.682333 0.532070 0.046557 0.032810
0.588219 0.327817 0.044250 0.032078
0.202673 0.777210 0.041918 0.028427
0.771580 0.159292 0.053928 0.027132
0.296980 0.305010 0.051828 0.034092
0.106362 0.648613 0.046620 0.036566
0.303618 0.523720 0.051241 0.031334
0.591770 0.753092 0.041648 0.024585
0.199696 0.222635 0.064134 0.033685
0.871338 0.403699 0.049861 0.032650
0.686895 0.442409 0.047487 0.024478
0.775434 0.827975 0.038076 0.026835
0.209214 0.121130 0.045539 0.028182
0.780244 0.300825 0.056631 0.025173
0.299952 0.263165 0.055589 0.043885
0.300120 0.450620 0.043976 0.032020
0.490233 0.299871 0.045563 0.030100
0.205689 0.367858 0.046415 0.037217
0.207377 0.898996 0.046486 0.032147
0.680774 0.095084 0.047686 0.028704
0.298554 0.343423 0.056151 0.034467
0.302381 0.606951 0.039943 0.028405
0.868126 0.648458 0.048748 0.027997
0.679037 0.129290 0.041210 0.031274
0.305404 0.858693 0.051105 0.031156
0.590542 0.517737 0.044100 0.030316
0.679650 0.225253 0.047780 0.022689
0.773022 0.131647 0.049532 0.026685
0.108387 0.162645 0.047997 0.033027
0.105598 0.892113 0.041973 0.025307
0.298913 0.225808 0.043457 0.032904
0.595030 0.926191 0.052041 0.026078
0.210511 0.870676 0.058326 0.021961
0.297087 0.125649 0.051165 0.032373
0.492906 0.465382 0.044717 0.028492
0.869215 0.235588 0.039737 0.027507
0.778975 0.332146 0.048621 0.033334
0.683680 0.250212 0.043317 0.019997
0.777501 0.800237 0.052864 0.019452
0.205007 0.089974 0.052945 0.027519
0.488597 0.241059 0.050086 0.023198
0.680369 0.161754 0.046250 0.031847
0.775178 0.701292 0.041900 0.030214
0.108024 0.922420 0.047091 0.028138
0.682791 0.789714 0.042176 0.022747
0.589210 0.190989 0.043627 0.032394
0.108722 0.197352 0.041166 0.028420
0.297832 0.384363 0.040008 0.036209
0.778212 0.892671 0.062417 0.021266
0.773749 0.673012 0.060044 0.022469
0.777998 0.395117 0.040572 0.030737
0.585832 0.160193 0.038761 0.027618
0.868505 0.298803 0.051321 0.032485
0.688589 0.502242 0.064304 0.023567
0.112415 0.125787 0.047664 0.034283
0.400379 0.225265 0.051245 0.032014
0.210140 0.650903 0.056245 0.028528
0.679103 0.340118 0.038817 0.030296
0.870066 0.515885 0.047619 0.031061
0.774101 0.773814 0.060758 0.027057
0.680274 0.195471 0.041106 0.028021
0.297877 0.161208 0.048045 0.032112
0.588490 0.127265 0.051178 0.033611
0.111290 0.578979 0.034813 0.024371
0.299462 0.553707 0.055289 0.023093
0.589048 0.263179 0.044115 0.035095
0.299946 0.420199 0.042224 0.028360
0.491222 0.186592 0.041669 0.031935
0.111568 0.259723 0.050962 0.024359
0.870989 0.337851 0.050212 0.032303
0.211811 0.928798 0.041252 0.023613
0.588608 0.462800 0.062603 0.026930
0.399437 0.256930 0.046598 0.022082
0.779125 0.364764 0.050854 0.021330
0.682386 0.894409 0.038089 0.024674
0.588271 0.095094 0.048461 0.027073
0.306257 0.917923 0.064739 0.034771
0.686639 0.922029 0.050835 0.023039
0.683015 0.566590 0.038184 0.027962
0.869615 0.266416 0.036140 0.022416
0.306314 0.579600 0.049710 0.021353
0.490212 0.122425 0.039733 0.027473
0.202705 0.298893 0.041171 0.033707
0.869450 0.746451 0.045127 0.030471
0.209541 0.555087 0.051280 0.033071
0.782924 0.918860 0.073770 0.028919
0.298110 0.192743 0.047255 0.026441
0.867272 0.095828 0.037724 0.029763
0.596347 0.297894 0.054886 0.022587
0.686175 0.706222 0.066758 0.026962
0.496375 0.618511 0.051668 0.019873
0.685980 0.311037 0.053927 0.022538
0.108999 0.088929 0.049891 0.029518
0.490054 0.216517 0.040921 0.022795
0.203144 0.330089 0.043854 0.030734
0.871618 0.200827 0.044856 0.030422
0.688275 0.731434 0.050161 0.020644
0.591323 0.487799 0.053253 0.021074
0.493401 0.404697 0.040935 0.033171
0.202553 0.261933 0.041310 0.034661
0.110565 0.824864 0.052671 0.032023
0.398302 0.092624 0.039461 0.034329
0.489641 0.091127 0.036774 0.024492
0.398067 0.198088 0.049500 0.021720
0.209202 0.623390 0.048450 0.019231
0.866803 0.438428 0.040173 0.024924
0.399903 0.487617 0.059120 0.025744
0.496388 0.910794 0.055129 0.045292
0.304925 0.888606 0.056314 0.020194
0.809684 0.090680 0.031459 0.023978
0.500567 0.437523 0.053800 0.021456
0.774120 0.095717 0.033882 0.031800
