0.837980 0.435916 0.056910 0.027532
0.741685 0.359346 0.058388 0.028915
0.640422 0.371625 0.068059 0.032586
0.152592 0.360061 0.060527 0.032639
0.855685 0.859910 0.055518 0.033383
0.153326 0.398499 0.059528 0.038201
0.169410 0.911183 0.058005 0.024737
0.545099 0.558364 0.062656 0.030356
0.537500 0.308241 0.064840 0.035221
0.541869 0.420461 0.063298 0.031030
0.557259 0.670014 0.050994 0.034601
0.554442 0.807704 0.064617 0.035773
0.753331 0.682296 0.062657 0.031097
0.834719 0.293620 0.054637 0.032541
0.938424 0.358591 0.058861 0.028168
0.463771 0.803421 0.058736 0.031617
0.739900 0.302619 0.051810 0.026254
0.438708 0.353419 0.052334 0.033929
0.167294 0.773478 0.061093 0.034035
0.164380 0.633658 0.057240 0.036391
0.552943 0.738079 0.049738 0.031630
0.943026 0.418443 0.060305 0.033340
0.249531 0.482083 0.066572 0.040464
0.930593 0.202928 0.052135 0.030817
0.644485 0.405665 0.063263 0.028867
0.735205 0.271292 0.048742 0.030489
0.760670 0.897579 0.050770 0.027836
0.261282 0.651637 0.064811 0.033257
0.261655 0.819021 0.051592 0.034263
0.856285 0.891662 0.056684 0.027868
0.152335 0.257748 0.056097 0.028137
0.745641 0.524423 0.057515 0.029987
0.246407 0.245936 0.062852 0.030927
0.169107 0.880036 0.052824 0.034380
0.946278 0.810851 0.054226 0.029784
0.829485 0.223474 0.066200 0.030677
0.266561 0.857265 0.057234 0.029051
0.650354 0.472408 0.051961 0.027697
0.531695 0.179180 0.054623 0.028956
0.539427 0.343875 0.054715 0.028366
0.166830 0.707143 0.059073 0.032880
0.162439 0.440935 0.057442 0.036693
0.252746 0.410118 0.055740 0.030428
0.841203 0.404467 0.047703 0.027093
0.250717 0.444871 0.061620 0.031087
0.553400 0.770587 0.057595 0.028920
0.851150 0.757141 0.050729 0.033824
0.944401 0.520479 0.052000 0.029944
0.945939 0.679962 0.055632 0.033437
0.943411 0.588603 0.058070 0.029813
0.756990 0.790770 0.055156 0.029589
0.560924 0.919513 0.060910 0.033534
0.663430 0.900117 0.054453 0.024865
0.731208 0.211645 0.044255 0.031839
0.947769 0.485921 0.052679 0.034918
0.651744 0.706428 0.065695 0.034974
0.440541 0.387608 0.058226 0.032196
0.455780 0.658441 0.059295 0.027183
0.250790 0.377375 0.056398 0.027773
0.654298 0.640275 0.055711 0.026116
0.647538 0.605088 0.050253 0.035655
0.952166 0.878665 0.049708 0.033116
0.952932 0.843770 0.053245 0.028162
0.842942 0.468280 0.058556 0.026455
0.555664 0.883219 0.052468 0.028544
0.159835 0.556978 0.049041 0.030062
0.469022 0.902588 0.060196 0.030278
0.664323 0.925664 0.057996 0.025514
0.629253 0.143220 0.055683 0.031086
0.546465 0.526928 0.051892 0.028590
0.157450 0.480625 0.060932 0.030404
0.539638 0.380189 0.054911 0.038952
0.659307 0.840586 0.050838 0.027165
0.843072 0.573034 0.053006 0.029088
0.758542 0.828843 0.046235 0.037730
0.432004 0.178240 0.059272 0.036658
0.832178 0.146836 0.054267 0.027863
0.751881 0.717556 0.048170 0.033012
0.162511 0.592852 0.057267 0.033419
0.845681 0.606440 0.050182 0.027148
0.259801 0.786571 0.053957 0.029031
0.649316 0.506291 0.051064 0.030230
0.446805 0.487358 0.061914 0.030916
0.155856 0.324932 0.053110 0.029127
0.734248 0.178378 0.051372 0.026651
0.762168 0.868308 0.051748 0.028736
0.749325 0.592513 0.051617 0.026764
0.459873 0.763836 0.054225 0.036717
0.635438 0.230396 0.049414 0.027437
0.936208 0.263423 0.052506 0.032068
0.537177 0.244010 0.057036 0.028805
0.654939 0.741182 0.054810 0.026898
0.659560 0.871283 0.043788 0.029888
0.932570 0.233218 0.048315 0.024029
0.848748 0.791895 0.048000 0.028682
0.638541 0.341303 0.054445 0.022920
0.460506 0.722525 0.053939 0.034726
0.148184 0.194436 0.051292 0.032018
0.454477 0.587468 0.068049 0.030511
0.162265 0.517755 0.052063 0.035578
0.650074 0.438728 0.054591 0.032910
0.247592 0.277346 0.059510 0.028708
0.935196 0.327520 0.047076 0.028879
0.534667 0.275356 0.058849 0.024896
0.847393 0.638082 0.048904 0.028997
0.841156 0.257187 0.049961 0.030807
0.732916 0.241394 0.054779 0.024078
0.925475 0.137582 0.053993 0.027600
0.650708 0.538981 0.058404 0.028213
0.471363 0.872273 0.060121 0.029993
0.942810 0.775046 0.050840 0.031167
0.341755 0.370740 0.055539 0.039261
0.554532 0.703692 0.049249 0.026949
0.434803 0.283940 0.047504 0.032788
0.750874 0.649829 0.055803 0.022261
0.635817 0.308607 0.043958 0.035936
0.249018 0.309613 0.052908 0.032845
0.544355 0.490284 0.054689 0.035683
0.561385 0.848884 0.055896 0.033328
0.735512 0.394296 0.048867 0.030983
0.433421 0.246540 0.049390 0.035561
0.454535 0.623584 0.049800 0.033183
0.929333 0.168192 0.050218 0.027327
0.334635 0.143230 0.057626 0.029285
0.162688 0.809560 0.044425 0.030500
0.741440 0.559424 0.046818 0.032916
0.370722 0.906851 0.055607 0.028909
0.651506 0.568947 0.046602 0.029573
0.343424 0.294663 0.056916 0.036711
0.352517 0.496832 0.053665 0.032453
0.441245 0.421835 0.055822 0.027476
0.552274 0.592770 0.045432 0.031822
0.362719 0.818372 0.049712 0.029272
0.258949 0.616196 0.054983 0.026546
0.544954 0.452886 0.062325 0.026472
0.631901 0.265877 0.045892 0.036940
0.659156 0.808696 0.040954 0.029065
0.845525 0.538755 0.048700 0.033211
0.266863 0.918631 0.055609 0.034120
0.553758 0.631308 0.046039 0.034077
0.456834 0.688852 0.056883 0.024737
0.743717 0.490399 0.051115 0.030414
0.165117 0.673818 0.057209 0.032010
0.934843 0.386205 0.053391 0.025862
0.256040 0.552637 0.053243 0.028478
0.364412 0.851121 0.056285 0.025950
0.846111 0.697240 0.053567 0.026802
0.752298 0.754853 0.042141 0.035003
0.346887 0.460742 0.042088 0.031263
0.529015 0.212513 0.051670 0.027904
0.654176 0.670978 0.044075 0.028216
0.721791 0.113192 0.051989 0.031861
0.451449 0.551364 0.052314 0.033766
0.730328 0.148165 0.046337 0.031351
0.360517 0.738281 0.050371 0.042060
0.947761 0.718125 0.049165 0.034812
0.937664 0.451442 0.043068 0.028026
0.934945 0.295130 0.044315 0.026944
0.842705 0.668430 0.057509 0.023360
0.348179 0.534889 0.061677 0.035124
0.153421 0.291831 0.044140 0.030371
0.358970 0.697833 0.045721 0.028225
0.339028 0.331440 0.049118 0.028845
0.526834 0.146014 0.052862 0.028712
0.624466 0.113526 0.053607 0.028826
0.735788 0.431567 0.044558 0.034130
0.248338 0.345524 0.045882 0.027657
0.334182 0.203497 0.045323 0.029206
0.359911 0.781576 0.043480 0.032977
0.631436 0.201504 0.038652 0.026103
0.434174 0.318786 0.044016 0.030535
0.431172 0.214257 0.057755 0.024521
0.445812 0.453748 0.059679 0.023835
0.762203 0.925388 0.046154 0.026315
0.243355 0.209390 0.050334 0.036640
0.332367 0.114438 0.054545 0.024301
0.256979 0.585699 0.043010 0.027167
0.165910 0.844829 0.044915 0.028889
0.836161 0.353547 0.052803 0.026384
0.370078 0.879593 0.043822 0.021779
0.262149 0.685834 0.051148 0.033671
0.629566 0.174473 0.044094 0.025572
0.939095 0.555231 0.043495 0.028876
0.362603 0.664487 0.048294 0.030010
0.527145 0.114182 0.051781 0.029522
0.253343 0.518187 0.063250 0.027977
0.749036 0.623668 0.044132 0.022833
0.336093 0.173830 0.045831 0.029117
0.239498 0.149587 0.056715 0.030306
0.339039 0.260326 0.038995 0.023752
0.840933 0.501571 0.042768 0.031021
0.940831 0.620956 0.056009 0.024826
0.341158 0.233597 0.044399 0.024434
0.741234 0.330216 0.050432 0.020581
0.829168 0.113254 0.047630 0.026813
0.850918 0.725326 0.057278 0.024418
0.152749 0.226419 0.052016 0.025956
0.164012 0.739527 0.043611 0.029736
0.460453 0.838556 0.063906 0.030186
0.949830 0.911026 0.053981 0.024898
0.168993 0.936914 0.056481 0.026437
0.357607 0.633163 0.038598 0.026023
0.835540 0.324464 0.047047 0.023922
0.860532 0.921913 0.050099 0.026876
0.839220 0.377003 0.059836 0.022024
0.450087 0.519214 0.053020 0.030787
0.946135 0.648061 0.045129 0.020828
0.354435 0.571068 0.045408 0.031785
0.927022 0.109995 0.046806 0.023633
0.658968 0.775076 0.053281 0.035144
0.260455 0.720196 0.049422 0.028214
0.347178 0.429050 0.045470 0.022049
0.425942 0.146811 0.049743 0.021774
0.353108 0.603880 0.043094 0.026445
0.833132 0.195085 0.039497 0.020118
0.148128 0.159820 0.043624 0.029836
0.148707 0.125127 0.057638 0.033918
0.259288 0.752944 0.039339 0.028888
0.240870 0.178528 0.048360 0.024390
0.472014 0.931159 0.051402 0.027050
0.853246 0.825344 0.062690 0.028181
0.426589 0.118086 0.050587 0.032028
0.943395 0.746364 0.040855 0.019897
0.234881 0.118195 0.041285 0.022981
0.739600 0.462535 0.042108 0.019524
0.830625 0.174049 0.040159 0.017303
0.339520 0.403964 0.049384 0.019046
0.264240 0.887516 0.040601 0.023152
0.363826 0.933814 0.042282 0.020563
