0.505868 0.343314 0.071997 0.055084
0.394715 0.527834 0.061569 0.050145
0.610215 0.566915 0.074514 0.048226
0.287082 0.248420 0.081017 0.037216
0.063025 0.227683 0.066154 0.039609
0.284498 0.207949 0.065577 0.036637
0.066813 0.774137 0.076033 0.040324
0.606393 0.618778 0.071483 0.050929
0.502642 0.794166 0.065435 0.040092
0.617287 0.421564 0.076765 0.044599
0.823015 0.229073 0.075975 0.044640
0.393941 0.608836 0.072385 0.045216
0.397227 0.384098 0.087562 0.051626
0.615265 0.252657 0.066197 0.037832
0.506239 0.524388 0.061021 0.040860
0.172885 0.277152 0.067423 0.040143
0.395351 0.478821 0.062612 0.041060
0.066906 0.677078 0.060649 0.039834
0.924352 0.628084 0.077392 0.047369
0.282431 0.740971 0.065222 0.044200
0.933358 0.576998 0.076043 0.051915
0.712021 0.666520 0.059403 0.053895
0.615669 0.212511 0.067526 0.041560
0.616183 0.514927 0.071997 0.050040
0.066816 0.724401 0.067966 0.049104
0.718373 0.429430 0.075744 0.038262
0.284377 0.879381 0.069815 0.044492
0.180416 0.493082 0.066822 0.040054
0.505194 0.751201 0.069006 0.039541
0.822179 0.469211 0.086496 0.044955
0.398237 0.140269 0.089525 0.042081
0.391037 0.847275 0.070146 0.042594
0.507336 0.619059 0.073640 0.042333
0.064887 0.268926 0.060710 0.038646
0.502624 0.929275 0.071497 0.041972
0.175057 0.903164 0.064385 0.043879
0.394692 0.331782 0.067998 0.041059
0.503873 0.476572 0.061997 0.050895
0.066680 0.587397 0.062197 0.045181
0.716731 0.518169 0.071240 0.051151
0.390301 0.896219 0.072054 0.044780
0.063219 0.361787 0.064102 0.050627
0.177982 0.233131 0.079801 0.042234
0.062910 0.540676 0.061036 0.039469
0.278586 0.922551 0.071828 0.037865
0.290702 0.455453 0.066220 0.038434
0.065231 0.182964 0.059457 0.041753
0.066018 0.634962 0.064563 0.042909
0.286666 0.369606 0.056861 0.040175
0.178890 0.153873 0.065138 0.038893
0.825325 0.312651 0.059308 0.043518
0.395324 0.282307 0.068549 0.042802
0.820006 0.517271 0.083848 0.046657
0.936315 0.258819 0.078104 0.049402
0.508627 0.212305 0.067734 0.034860
0.183333 0.411836 0.068386 0.041779
0.397443 0.434286 0.066695 0.043141
0.289697 0.545704 0.073891 0.047489
0.281438 0.965730 0.064984 0.040288
0.285292 0.167599 0.084218 0.042137
0.283343 0.088619 0.059263 0.040791
0.182496 0.761214 0.071946 0.043508
0.069059 0.410249 0.068598 0.038733
0.063717 0.850104 0.064197 0.038925
0.181014 0.366073 0.056786 0.046482
0.822480 0.271260 0.065888 0.037523
0.723712 0.311103 0.066552 0.041310
0.508416 0.571149 0.062262 0.048216
0.392604 0.660356 0.067702 0.046990
0.936181 0.451862 0.062361 0.040450
0.717425 0.614286 0.077507 0.045711
0.718127 0.267857 0.070877 0.041713
0.718976 0.565563 0.056914 0.046666
0.823883 0.356128 0.080343 0.041279
0.276754 0.693282 0.077345 0.045397
0.935139 0.211801 0.081204 0.040386
0.283907 0.831671 0.078604 0.044871
0.710315 0.830605 0.066122 0.041535
0.717665 0.713493 0.065338 0.039454
0.179013 0.617710 0.075206 0.045360
0.708923 0.471128 0.075427 0.039821
0.620617 0.132351 0.067535 0.038049
0.398065 0.235112 0.067015 0.038609
0.184500 0.720304 0.058298 0.032506
0.713008 0.750904 0.068800 0.033132
0.173634 0.953833 0.068194 0.048313
0.297188 0.497744 0.059167 0.043435
0.508148 0.251634 0.069705 0.032825
0.066208 0.495178 0.061693 0.043439
0.180932 0.451619 0.059775 0.036864
0.177993 0.320875 0.056778 0.041678
0.283133 0.784716 0.082680 0.041401
0.182571 0.531881 0.069970 0.033987
0.707620 0.880919 0.081896 0.053609
0.934376 0.342509 0.071062 0.036898
0.507805 0.665108 0.083042 0.041113
0.285011 0.599653 0.061441 0.048380
0.290097 0.413036 0.057727 0.043731
0.283545 0.330232 0.064731 0.033301
0.513382 0.290776 0.062191 0.040252
0.930384 0.305807 0.073241 0.036331
0.066766 0.898714 0.056164 0.040216
0.061148 0.310888 0.057817 0.040152
0.508658 0.175513 0.060080 0.032321
0.180589 0.806517 0.064467 0.043023
0.710019 0.931324 0.059755 0.041659
0.938044 0.411899 0.083584 0.033443
0.614158 0.332781 0.070498 0.032962
0.396858 0.941559 0.062366 0.043030
0.063037 0.100197 0.050876 0.040123
0.930681 0.170701 0.076627 0.039584
0.506201 0.428405 0.064658 0.040038
0.607453 0.966118 0.068783 0.046436
0.707886 0.789142 0.063842 0.032491
0.071815 0.938304 0.065558 0.035812
0.605165 0.748710 0.068678 0.037848
0.620970 0.466207 0.075745 0.037519
0.497242 0.708519 0.052127 0.043558
0.716732 0.224806 0.077645 0.039366
0.720756 0.391331 0.054549 0.033218
0.929022 0.088929 0.066897 0.044855
0.181789 0.194003 0.053970 0.031846
0.401760 0.096971 0.064918 0.041081
0.396104 0.709304 0.073905 0.040501
0.822874 0.183456 0.056567 0.043562
0.935825 0.671816 0.065123 0.038921
0.066777 0.140088 0.055823 0.034076
0.186150 0.573441 0.069063 0.041943
0.500312 0.881828 0.058393 0.048002
0.399376 0.186764 0.065446 0.043531
0.930905 0.131592 0.068893 0.033804
0.717398 0.130136 0.054858 0.033527
0.721187 0.091508 0.058943 0.039796
0.620127 0.171397 0.066403 0.037895
0.393378 0.798620 0.065262 0.050179
0.612334 0.292916 0.050855 0.039501
0.506197 0.141392 0.067180 0.031638
0.937199 0.377054 0.062704 0.030119
0.511697 0.387161 0.072633 0.029652
0.608146 0.672861 0.069997 0.052944
0.606242 0.823392 0.056355 0.043534
0.930364 0.715951 0.054275 0.045154
0.290734 0.128450 0.066367 0.035944
0.720414 0.353530 0.048407 0.032262
0.719364 0.043829 0.067274 0.046579
0.610816 0.871315 0.065750 0.043500
0.612319 0.713707 0.076000 0.029254
0.503197 0.836975 0.053019 0.039188
0.617433 0.089851 0.055581 0.044333
0.402953 0.046278 0.064591 0.056613
0.179162 0.688320 0.048182 0.032882
0.283163 0.042130 0.057895 0.045253
0.287369 0.291272 0.050250 0.040422
0.827916 0.401396 0.080345 0.045089
0.181102 0.112759 0.064310 0.040900
0.179853 0.038694 0.062037 0.038329
0.718701 0.163576 0.051070 0.030358
0.175947 0.076704 0.077510 0.027845
0.173396 0.856882 0.051856 0.050145
0.283917 0.647701 0.047460 0.041335
0.611906 0.374228 0.080805 0.046114
0.066921 0.812939 0.063503 0.029274
0.616527 0.042220 0.056808 0.049675
0.508613 0.970887 0.091352 0.038478
0.180738 0.654544 0.066087 0.026943
0.606962 0.785349 0.049983 0.031111
0.394989 0.568711 0.050503 0.031159
0.934739 0.529458 0.078520 0.038494
0.826265 0.132655 0.071816 0.053625
0.395173 0.977538 0.071549 0.028847
0.057304 0.451147 0.060999 0.040553
0.720241 0.191846 0.054762 0.024055
0.715163 0.968628 0.065053 0.035778
0.931216 0.491928 0.065844 0.035787
0.503264 0.093177 0.064413 0.054869
0.405929 0.750618 0.088901 0.041037
0.062849 0.036692 0.065272 0.036941
0.068237 0.971174 0.057540 0.027695
0.615300 0.917935 0.086441 0.043834
0.925088 0.039401 0.051691 0.038917
0.512417 0.042630 0.060264 0.042731
0.827285 0.434575 0.058436 0.022013
0.064762 0.065649 0.043141 0.022833
