0.796516 0.566556 0.064197 0.036315
0.095649 0.696923 0.060609 0.030290
0.393959 0.489722 0.058754 0.039397
0.512417 0.158630 0.064166 0.034871
0.096908 0.658936 0.064340 0.033121
0.213773 0.238897 0.055960 0.030493
0.186949 0.719624 0.060767 0.030712
0.505666 0.263273 0.052355 0.033413
0.514685 0.195602 0.057554 0.030887
0.484758 0.648578 0.058581 0.030054
0.115848 0.254189 0.059309 0.027763
0.513501 0.301799 0.069167 0.032051
0.710512 0.284299 0.065008 0.034627
0.118136 0.110562 0.058343 0.034993
0.718635 0.116329 0.070844 0.030611
0.375555 0.851941 0.055316 0.035961
0.206934 0.309846 0.051281 0.033588
0.899047 0.484284 0.056380 0.040402
0.617849 0.184422 0.057858 0.035440
0.894680 0.565031 0.050787 0.034263
0.523457 0.121400 0.063244 0.031281
0.399279 0.324877 0.054044 0.032505
0.278180 0.750187 0.059130 0.030667
0.110573 0.396509 0.062441 0.033053
0.509520 0.229574 0.058414 0.029095
0.293992 0.525607 0.055762 0.031629
0.580035 0.846069 0.059599 0.029627
0.584455 0.754078 0.060090 0.031130
0.381881 0.742961 0.069612 0.038331
0.603923 0.366587 0.060148 0.037370
0.396326 0.452344 0.060885 0.028339
0.201092 0.408320 0.053335 0.031969
0.913694 0.159209 0.057219 0.028302
0.089306 0.797890 0.054177 0.029155
0.484001 0.756461 0.058953 0.027732
0.591037 0.555068 0.057336 0.033525
0.196423 0.438507 0.055159 0.025523
0.909279 0.310636 0.058674 0.031529
0.705305 0.445296 0.059651 0.029552
0.601926 0.440261 0.055703 0.029988
0.109468 0.284857 0.055230 0.026123
0.710877 0.247533 0.063250 0.030674
0.785932 0.800097 0.053910 0.032906
0.295293 0.454453 0.062953 0.034714
0.188047 0.656980 0.057306 0.029180
0.691962 0.559529 0.051985 0.036503
0.883519 0.698093 0.062839 0.032476
0.900680 0.444381 0.054249 0.037876
0.702704 0.481264 0.063476 0.033505
0.280255 0.713854 0.047433 0.032715
0.183648 0.687644 0.055482 0.026587
0.413557 0.176061 0.056584 0.030389
0.690913 0.596961 0.048079 0.033743
0.707562 0.381655 0.062220 0.032099
0.908061 0.277275 0.058823 0.029993
0.483872 0.720288 0.055630 0.032988
0.693418 0.669846 0.063361 0.031209
0.302916 0.385857 0.051972 0.029252
0.305411 0.256499 0.054197 0.035849
0.106653 0.459532 0.055259 0.027444
0.092016 0.828978 0.053454 0.029605
0.387818 0.566014 0.057598 0.031196
0.109079 0.360213 0.051501 0.032261
0.419008 0.114137 0.055706 0.033145
0.197605 0.469789 0.052903 0.027566
0.400130 0.259243 0.061032 0.024677
0.689092 0.743619 0.052673 0.038247
0.306676 0.317787 0.060268 0.030768
0.309525 0.217507 0.051063 0.031860
0.611310 0.258073 0.059526 0.028096
0.500607 0.441484 0.054192 0.031584
0.886153 0.734687 0.057096 0.032828
0.184970 0.825714 0.054931 0.030358
0.584285 0.721239 0.056661 0.026175
0.313517 0.146839 0.054859 0.025935
0.600280 0.405606 0.051829 0.030989
0.713929 0.214016 0.057696 0.032252
0.383530 0.703013 0.053770 0.031826
0.913531 0.244678 0.059509 0.029024
0.714645 0.180296 0.051275 0.035431
0.279355 0.814624 0.056114 0.027960
0.217243 0.177376 0.048536 0.029826
0.379592 0.601748 0.051263 0.028538
0.789516 0.670793 0.052058 0.026094
0.376397 0.813201 0.058659 0.029319
0.379117 0.779533 0.068055 0.027613
0.089902 0.859113 0.044699 0.026212
0.478162 0.790568 0.060483 0.030343
0.093899 0.762547 0.062334 0.030689
0.491272 0.553645 0.067413 0.034238
0.181316 0.859494 0.050476 0.028434
0.405062 0.288760 0.061578 0.028797
0.591387 0.659251 0.056156 0.030654
0.808883 0.209628 0.056054 0.038094
0.378540 0.637669 0.055812 0.037745
0.188744 0.553251 0.059028 0.025404
0.093331 0.730791 0.055319 0.028810
0.495188 0.477451 0.062338 0.036207
0.696298 0.633644 0.054420 0.031912
0.875677 0.847488 0.051526 0.033270
0.219647 0.112142 0.054376 0.033291
0.107136 0.493229 0.053993 0.034425
0.806744 0.404972 0.059942 0.031533
0.282173 0.680834 0.043705 0.030429
0.894243 0.525528 0.049527 0.036668
0.893153 0.599163 0.052250 0.025518
0.478614 0.871466 0.063292 0.048264
0.621225 0.119826 0.050440 0.031515
0.500288 0.405867 0.049669 0.030119
0.113711 0.319255 0.049258 0.035458
0.115765 0.181874 0.049238 0.032256
0.689137 0.706808 0.051607 0.028078
0.118625 0.145518 0.065664 0.026190
0.102020 0.560811 0.052826 0.025510
0.909257 0.344312 0.064026 0.028955
0.416405 0.145040 0.055870 0.023971
0.807167 0.336843 0.055993 0.033792
0.188903 0.754471 0.053818 0.031644
0.798875 0.500976 0.052063 0.034031
0.690093 0.782733 0.043360 0.032762
0.102833 0.527787 0.047665 0.033043
0.274089 0.848067 0.047692 0.027448
0.190697 0.623144 0.051232 0.028414
0.491113 0.686023 0.050846 0.034626
0.793837 0.602943 0.047132 0.031401
0.516914 0.083749 0.058185 0.037483
0.605671 0.327308 0.057581 0.028082
0.883608 0.806211 0.061197 0.040959
0.686187 0.846958 0.061655 0.030385
0.095568 0.625019 0.060414 0.032823
0.195205 0.497356 0.065191 0.025008
0.214091 0.208667 0.046185 0.021706
0.395183 0.420146 0.046745 0.025987
0.185659 0.789438 0.046884 0.028333
0.902400 0.405362 0.046784 0.031043
0.392016 0.530320 0.049030 0.030629
0.612296 0.292942 0.055867 0.034863
0.116586 0.220043 0.053828 0.033086
0.589877 0.623976 0.053630 0.033353
0.918802 0.119798 0.052309 0.037925
0.800732 0.466302 0.048054 0.028857
0.190460 0.588882 0.052569 0.036026
0.302212 0.352811 0.047920 0.032542
0.309577 0.179576 0.044869 0.031896
0.789748 0.735037 0.044265 0.033112
0.407645 0.229901 0.066922 0.025687
0.296530 0.491767 0.045439 0.029481
0.707803 0.415514 0.060051 0.026559
0.503851 0.340354 0.051685 0.031747
0.398730 0.361728 0.046093 0.027227
0.219092 0.144331 0.047878 0.026373
0.705131 0.320272 0.050785 0.028152
0.784020 0.769489 0.049607 0.024145
0.682677 0.883739 0.053658 0.033014
0.808803 0.249032 0.053921 0.032899
0.689431 0.816406 0.057500 0.023529
0.408834 0.203809 0.057905 0.024295
0.302320 0.417909 0.051812 0.025195
0.885808 0.767974 0.058546 0.028105
0.878644 0.884029 0.054316 0.032389
0.382134 0.671460 0.054480 0.023862
0.315225 0.113617 0.052765 0.030725
0.622859 0.083917 0.050439 0.034760
0.792991 0.637610 0.056291 0.033674
0.577152 0.882595 0.062518 0.035907
0.892452 0.629069 0.042773 0.029250
0.222617 0.077667 0.054358 0.029462
0.319844 0.076145 0.053717 0.029893
0.291778 0.581171 0.053762 0.022536
0.106428 0.429553 0.061322 0.022834
0.212614 0.273594 0.055842 0.029948
0.804964 0.371489 0.046756 0.029092
0.912973 0.217630 0.048054 0.024542
0.481583 0.826626 0.050178 0.035089
0.787141 0.839596 0.046688 0.036947
0.797807 0.532406 0.053112 0.023017
0.399336 0.390687 0.036878 0.027379
0.490291 0.612067 0.059327 0.033153
0.287098 0.608977 0.053689 0.031844
0.814036 0.171705 0.064375 0.030848
0.791096 0.882453 0.051570 0.039498
0.199443 0.524522 0.071703 0.023698
0.104476 0.592519 0.072386 0.030012
0.584537 0.692014 0.044079 0.028262
0.788229 0.701052 0.043959 0.032342
0.904041 0.374195 0.055813 0.029081
0.599737 0.474859 0.048235 0.036439
0.594959 0.515066 0.046644 0.034364
0.821752 0.086490 0.067210 0.037471
0.908498 0.190688 0.054997 0.026060
0.589111 0.589131 0.060396 0.024910
0.579280 0.786595 0.048314 0.026693
0.887809 0.663536 0.046168 0.031084
0.284604 0.645725 0.041622 0.032263
0.116889 0.076043 0.058121 0.025267
0.808022 0.304484 0.044785 0.027537
0.707034 0.349817 0.040658 0.027914
0.722970 0.082978 0.048862 0.034162
0.805992 0.436610 0.053069 0.021220
0.282732 0.881461 0.065665 0.035173
0.419939 0.077000 0.045942 0.030503
0.697516 0.518888 0.041921 0.034154
0.581131 0.814443 0.038865 0.026378
0.179615 0.886616 0.053568 0.022745
0.804931 0.278445 0.052055 0.022109
0.294127 0.555262 0.052981 0.020017
0.279566 0.783134 0.037783 0.026430
0.488190 0.586039 0.047443 0.024476
0.712839 0.147459 0.054555 0.025214
0.619866 0.224675 0.060768 0.035578
0.307842 0.288259 0.056418 0.020845
0.495658 0.515592 0.044604 0.035244
0.917091 0.086156 0.049806 0.023352
0.096972 0.887078 0.058871 0.024343
0.204049 0.369948 0.054401 0.033180
0.369582 0.888305 0.055841 0.031925
0.500366 0.374269 0.051028 0.029983
0.615291 0.149840 0.056248 0.026858
0.202748 0.345486 0.055667 0.026435
0.827529 0.132934 0.079895 0.048037
0.632184 0.693221 0.029647 0.014048
0.443616 0.254319 0.027703 0.015419
0.819828 0.116793 0.059970 0.020193
0.541307 0.334790 0.023836 0.020075
