0.285702 0.802970 0.061555 0.041507
0.716501 0.621529 0.061372 0.034386
0.823834 0.284366 0.056615 0.038528
0.837615 0.901740 0.052758 0.034996
0.492571 0.240163 0.059862 0.041735
0.184205 0.671055 0.054783 0.042543
0.838168 0.939055 0.054037 0.034977
0.602377 0.647307 0.058200 0.041575
0.486386 0.576637 0.080333 0.043435
0.838149 0.972700 0.061778 0.030631
0.602429 0.392548 0.060933 0.040706
0.603649 0.278180 0.056136 0.038468
0.715527 0.544123 0.057467 0.033753
0.600932 0.433296 0.063517 0.041077
0.182260 0.583260 0.051294 0.040729
0.489909 0.920474 0.058504 0.037624
0.286111 0.721555 0.050197 0.037749
0.175890 0.299467 0.053590 0.040693
0.714856 0.583960 0.052370 0.038989
0.173654 0.213171 0.055077 0.040152
0.172416 0.342737 0.056176 0.037861
0.836844 0.546381 0.058678 0.037639
0.487994 0.452969 0.056405 0.039700
0.830428 0.696943 0.050506 0.038093
0.837614 0.863831 0.054356 0.034141
0.284353 0.546288 0.052561 0.036173
0.491442 0.653512 0.058944 0.042831
0.605120 0.199300 0.055929 0.038001
0.833937 0.660987 0.051775 0.033685
0.828724 0.323169 0.049873 0.035407
0.709142 0.124025 0.051921 0.038271
0.491840 0.407262 0.055289 0.043394
0.082903 0.711708 0.058281 0.042825
0.174767 0.255988 0.051148 0.041452
0.486148 0.744786 0.056827 0.043064
0.284734 0.760457 0.050420 0.037582
0.181067 0.542498 0.051346 0.039598
0.826456 0.134865 0.053463 0.038223
0.715725 0.859764 0.050618 0.034783
0.830532 0.359623 0.050712 0.036843
0.939572 0.232887 0.048572 0.039469
0.826141 0.396183 0.065926 0.033669
0.284761 0.914625 0.053731 0.039293
0.718858 0.475888 0.056772 0.035507
0.716564 0.511078 0.049126 0.029439
0.936193 0.392507 0.057560 0.037994
0.949853 0.855138 0.046960 0.032447
0.286110 0.875761 0.054104 0.035722
0.076468 0.380682 0.051375 0.040776
0.180791 0.760684 0.060332 0.050357
0.599159 0.685084 0.061193 0.031648
0.492757 0.533071 0.070084 0.042582
0.392323 0.841283 0.064847 0.039696
0.069482 0.249025 0.051926 0.038736
0.372875 0.220294 0.070266 0.048409
0.088059 0.829333 0.048683 0.035309
0.709823 0.166177 0.056544 0.038701
0.719731 0.823524 0.054619 0.034837
0.944929 0.503755 0.062714 0.039262
0.383928 0.560866 0.059146 0.040307
0.719632 0.786360 0.055254 0.034854
0.603037 0.721720 0.061441 0.041977
0.717193 0.441588 0.050038 0.029043
0.713077 0.211981 0.071910 0.046571
0.947162 0.730000 0.048846 0.035605
0.831092 0.734931 0.049782 0.034971
0.824235 0.213081 0.059180 0.048499
0.708599 0.032482 0.064152 0.045349
0.598182 0.813149 0.054575 0.039307
0.942351 0.103543 0.055679 0.043172
0.075810 0.335094 0.056853 0.040699
0.937356 0.467031 0.057079 0.034069
0.271658 0.300467 0.065800 0.040953
0.716913 0.406105 0.051743 0.035965
0.088316 0.753701 0.054137 0.038991
0.490343 0.961812 0.058039 0.035233
0.715541 0.751138 0.055233 0.035787
0.492830 0.490023 0.054834 0.038460
0.950052 0.543722 0.049886 0.037981
0.714982 0.292423 0.052149 0.040478
0.605744 0.477186 0.055797 0.043192
0.081249 0.672657 0.050766 0.034276
0.174575 0.170529 0.052250 0.039048
0.183926 0.625253 0.051367 0.038154
0.716775 0.333637 0.056579 0.040220
0.941267 0.430800 0.045316 0.037025
0.946839 0.656157 0.049361 0.042332
0.602265 0.769484 0.067689 0.046441
0.287949 0.958578 0.056831 0.047374
0.085908 0.792269 0.049441 0.035065
0.383437 0.384823 0.063442 0.037126
0.491657 0.322424 0.052320 0.041277
0.485008 0.699059 0.055458 0.044897
0.939324 0.312002 0.046891 0.031416
0.826011 0.028440 0.069254 0.038081
0.833128 0.779834 0.053499 0.046533
0.073833 0.595302 0.042987 0.037999
0.717519 0.371676 0.054154 0.030682
0.831887 0.464831 0.069830 0.039088
0.603477 0.570944 0.055648 0.039547
0.180581 0.806925 0.052960 0.041846
0.388437 0.638640 0.062954 0.036568
0.604823 0.237156 0.046503 0.036385
0.714891 0.717658 0.052216 0.033371
0.710036 0.079508 0.053311 0.048509
0.941321 0.350718 0.049254 0.040579
0.940503 0.789870 0.053459 0.029985
0.284456 0.840031 0.051456 0.035384
0.284038 0.686681 0.045903 0.029888
0.942342 0.192909 0.048025 0.040561
0.491912 0.366033 0.050948 0.037627
0.277523 0.256310 0.044745 0.041183
0.835643 0.626278 0.041761 0.033431
0.380397 0.063739 0.053518 0.035584
0.092310 0.866636 0.061225 0.036953
0.384048 0.428789 0.050777 0.047688
0.939789 0.274652 0.045616 0.036519
0.830384 0.170381 0.044549 0.034214
0.951946 0.761352 0.056305 0.024795
0.182003 0.499364 0.052272 0.035856
0.376114 0.262651 0.058389 0.041406
0.937271 0.064592 0.053663 0.038104
0.076352 0.635678 0.052681 0.037959
0.282928 0.509393 0.042480 0.035028
0.718469 0.893565 0.048627 0.033713
0.065890 0.120652 0.051490 0.045157
0.494250 0.154421 0.051622 0.041991
0.830171 0.066956 0.050611 0.033085
0.945675 0.821088 0.038470 0.031048
0.072132 0.291795 0.043684 0.039787
0.376396 0.172919 0.055804 0.043968
0.941944 0.147922 0.046992 0.043558
0.947544 0.694441 0.042164 0.029934
0.715189 0.253106 0.060659 0.036444
0.832687 0.504838 0.059136 0.038777
0.278648 0.343498 0.053774 0.042546
0.073776 0.447286 0.047262 0.030625
0.603031 0.352472 0.052004 0.039594
0.601719 0.317685 0.056618 0.037517
0.275594 0.389852 0.062749 0.050711
0.491897 0.060564 0.055186 0.040996
0.950872 0.887429 0.042417 0.033107
0.936311 0.025402 0.052282 0.040193
0.179287 0.379885 0.049126 0.030254
0.486950 0.837458 0.046435 0.042332
0.179014 0.845332 0.045438 0.034185
0.826887 0.099796 0.053423 0.034033
0.488071 0.880487 0.045040 0.040479
0.386255 0.600349 0.048335 0.034048
0.282640 0.656296 0.046316 0.030576
0.599876 0.958785 0.064355 0.033020
0.278138 0.210622 0.054284 0.038675
0.284129 0.627599 0.045824 0.026846
0.385720 0.879994 0.051838 0.039031
0.380405 0.308164 0.070339 0.051487
0.832709 0.587419 0.046682 0.040978
0.074910 0.483677 0.045153 0.040471
0.386119 0.521227 0.055491 0.039019
0.074226 0.416842 0.042813 0.031879
0.280035 0.589012 0.063521 0.048850
0.384230 0.097040 0.051068 0.034269
0.063868 0.076191 0.047939 0.039067
0.944066 0.586325 0.058486 0.046180
0.179947 0.881895 0.053119 0.036893
0.491000 0.280262 0.049745 0.035754
0.379043 0.131873 0.057816 0.040051
0.720164 0.684096 0.061214 0.028548
0.485658 0.791620 0.052386 0.046341
0.176063 0.417331 0.046388 0.040461
0.172413 0.131304 0.045683 0.039695
0.177552 0.458944 0.050556 0.040917
0.719240 0.968932 0.043071 0.038521
0.958656 0.973228 0.058033 0.029119
0.068745 0.033036 0.056646 0.037241
0.495984 0.108394 0.056244 0.046973
0.182799 0.714464 0.040609 0.035221
0.383144 0.028423 0.054302 0.036359
0.386023 0.684485 0.046482 0.046516
0.716326 0.930471 0.049168 0.038257
0.386857 0.729890 0.050185 0.044511
0.835327 0.429641 0.056450 0.029846
0.830627 0.250543 0.057849 0.026943
0.172997 0.095606 0.042756 0.035444
0.601742 0.606894 0.051996 0.037599
0.595639 0.922491 0.044923 0.038361
0.066190 0.163474 0.044301 0.034276
0.956119 0.947034 0.053248 0.022151
0.493509 0.025873 0.061820 0.030583
0.395494 0.346687 0.075547 0.036295
0.493181 0.196640 0.050846 0.041128
0.489486 0.616058 0.051742 0.034928
0.180107 0.915804 0.039979 0.030975
0.383225 0.478083 0.045955 0.047021
0.611228 0.054577 0.067861 0.036969
0.184972 0.976020 0.048531 0.030324
0.282484 0.474875 0.046078 0.030239
0.945747 0.623834 0.045235 0.023863
0.173030 0.028817 0.065890 0.039011
0.067986 0.206571 0.050392 0.045262
0.094803 0.979195 0.041941 0.027720
0.280482 0.437420 0.042008 0.040250
0.833362 0.823903 0.046607 0.041379
0.088981 0.947266 0.036430 0.030256
0.075779 0.560562 0.036548 0.029686
0.390744 0.975468 0.056798 0.038364
0.605890 0.158081 0.044444 0.039560
0.388872 0.774523 0.052034 0.040535
0.713395 0.656077 0.056243 0.026805
0.951045 0.920184 0.046730 0.023230
0.179827 0.947022 0.035999 0.029814
0.596378 0.890311 0.037731 0.029672
0.606709 0.022913 0.063414 0.024858
0.088490 0.906664 0.041758 0.041259
0.390212 0.807490 0.043485 0.026842
0.600436 0.855438 0.043614 0.038999
0.607698 0.092661 0.059500 0.044342
0.602535 0.125115 0.051975 0.030663
0.174634 0.063555 0.039672 0.030596
0.276672 0.167925 0.042777 0.040786
0.074965 0.525786 0.035105 0.036592
0.278698 0.132880 0.044023 0.032422
0.387933 0.920028 0.053689 0.041496
0.605346 0.529890 0.059045 0.040545
0.770417 0.099204 0.024277 0.020285
0.612890 0.515824 0.071483 0.039032
