0.591751 0.769215 0.069223 0.042589
0.385044 0.223627 0.053626 0.040493
0.276289 0.784407 0.063253 0.041242
0.710570 0.623213 0.064953 0.038113
0.821306 0.695563 0.062170 0.030098
0.821168 0.847385 0.075531 0.043639
0.600593 0.634746 0.058204 0.037065
0.384303 0.847974 0.051992 0.034875
0.709286 0.815000 0.068701 0.039947
0.938397 0.836178 0.057161 0.032541
0.600063 0.502073 0.062824 0.044541
0.485017 0.838246 0.065933 0.037680
0.823001 0.767402 0.057166 0.037825
0.063405 0.303526 0.056602 0.039043
0.714101 0.703877 0.054491 0.037907
0.387382 0.884031 0.054002 0.036245
0.283798 0.269003 0.058192 0.035859
0.171592 0.719806 0.052732 0.036160
0.599336 0.459339 0.063153 0.037122
0.594591 0.808088 0.057758 0.031034
0.375843 0.411326 0.067345 0.034109
0.719590 0.220985 0.055917 0.039518
0.713270 0.663381 0.055869 0.038137
0.496487 0.096493 0.063695 0.038409
0.835730 0.386163 0.066963 0.031472
0.829619 0.270900 0.063589 0.040883
0.717490 0.472126 0.052201 0.033490
0.821149 0.628074 0.060812 0.039276
0.712653 0.775349 0.055178 0.040230
0.384468 0.920634 0.054815 0.033036
0.385006 0.181636 0.053943 0.042549
0.070503 0.820292 0.058507 0.031153
0.607756 0.186486 0.048129 0.034921
0.069948 0.901013 0.051919 0.034019
0.934831 0.264850 0.056829 0.040526
0.599036 0.681801 0.065565 0.048744
0.062752 0.342252 0.054955 0.039297
0.717003 0.398892 0.053400 0.035700
0.937314 0.510484 0.054146 0.034818
0.071127 0.179163 0.051064 0.039840
0.821301 0.563796 0.053378 0.034940
0.939305 0.160275 0.058931 0.037465
0.484424 0.647785 0.063814 0.030121
0.496505 0.355748 0.069990 0.037187
0.178071 0.898883 0.048355 0.032570
0.716320 0.507058 0.056638 0.033322
0.271749 0.699859 0.062685 0.040191
0.718734 0.436751 0.046907 0.037764
0.381326 0.265928 0.053225 0.038490
0.601795 0.349557 0.070490 0.048153
0.604713 0.262138 0.053058 0.041552
0.827780 0.422067 0.055757 0.034928
0.076539 0.935327 0.054860 0.033614
0.483710 0.684780 0.066087 0.039946
0.832410 0.233436 0.062847 0.034046
0.280233 0.233886 0.046727 0.034911
0.384017 0.739369 0.051700 0.040479
0.077008 0.681092 0.061161 0.031343
0.714775 0.892852 0.074408 0.040721
0.820998 0.806684 0.060517 0.036232
0.824011 0.527193 0.054689 0.036157
0.941006 0.908447 0.058798 0.034268
0.276301 0.741688 0.057857 0.041831
0.277086 0.128035 0.054534 0.036889
0.717215 0.363650 0.051703 0.037340
0.278015 0.167595 0.049983 0.031752
0.935648 0.474998 0.064903 0.036602
0.936210 0.197086 0.056467 0.034882
0.595328 0.544186 0.060229 0.036410
0.713094 0.853564 0.055811 0.035595
0.718056 0.738057 0.060993 0.033050
0.494295 0.287130 0.072936 0.037393
0.608928 0.222362 0.055149 0.032557
0.718904 0.326709 0.057527 0.035388
0.496020 0.212287 0.057150 0.041793
0.280150 0.308217 0.049230 0.036198
0.391052 0.105745 0.048769 0.037903
0.068595 0.860542 0.054098 0.044082
0.605888 0.304885 0.052936 0.038531
0.826453 0.894722 0.065188 0.047598
0.384390 0.446475 0.054853 0.035212
0.713058 0.580475 0.056443 0.042698
0.069568 0.466984 0.055149 0.040365
0.484919 0.566074 0.049903 0.042068
0.066711 0.386466 0.051004 0.044166
0.716341 0.289416 0.050845 0.037101
0.171732 0.685622 0.047281 0.029820
0.378206 0.337312 0.051995 0.037223
0.482728 0.944276 0.051026 0.038626
0.498953 0.060149 0.052149 0.034851
0.275983 0.959957 0.052464 0.035623
0.717978 0.098951 0.052474 0.033019
0.820971 0.731828 0.059241 0.034708
0.936802 0.399308 0.049014 0.033868
0.173214 0.133821 0.053970 0.035489
0.941183 0.872287 0.046175 0.038638
0.067508 0.427418 0.054121 0.038364
0.597840 0.878552 0.060672 0.034713
0.823957 0.491673 0.052797 0.036202
0.269070 0.501019 0.066688 0.043951
0.486360 0.906618 0.064337 0.031826
0.171706 0.433428 0.054394 0.041482
0.277350 0.391647 0.062839 0.035339
0.385855 0.300419 0.060060 0.032327
0.597621 0.843869 0.081483 0.036147
0.607202 0.145296 0.046473 0.042318
0.722835 0.184410 0.057658 0.030361
0.940669 0.659477 0.054109 0.033191
0.069924 0.216910 0.052406 0.036268
0.379509 0.701618 0.055976 0.033736
0.497631 0.321335 0.056819 0.029816
0.830578 0.454728 0.051477 0.034411
0.941944 0.585881 0.066225 0.040239
0.596868 0.397029 0.056613 0.040493
0.273402 0.461801 0.055315 0.033427
0.942628 0.693623 0.055969 0.038088
0.389974 0.068165 0.051850 0.036287
0.387757 0.140689 0.056739 0.035545
0.494872 0.137087 0.056107 0.035100
0.274380 0.616182 0.058395 0.039487
0.485353 0.611635 0.048472 0.042122
0.063100 0.259912 0.050657 0.044889
0.179307 0.930140 0.045637 0.026478
0.169565 0.170110 0.053292 0.035303
0.832068 0.309862 0.057975 0.038130
0.717447 0.059326 0.046517 0.042672
0.280965 0.199479 0.053485 0.026824
0.594338 0.726897 0.053481 0.039035
0.172072 0.754046 0.047915 0.026227
0.606118 0.066813 0.061662 0.040874
0.279963 0.927472 0.054011 0.028387
0.376205 0.597578 0.061135 0.040858
0.489201 0.492409 0.051931 0.033245
0.072472 0.969905 0.051528 0.035223
0.487866 0.526447 0.054530 0.034709
0.173051 0.095460 0.048019 0.041875
0.713373 0.540566 0.053873 0.034633
0.940326 0.546178 0.049244 0.036828
0.171954 0.966907 0.058058 0.040136
0.379471 0.375459 0.045831 0.034912
0.169148 0.787157 0.075390 0.036539
0.165669 0.584105 0.053550 0.040756
0.175171 0.228424 0.042566 0.031182
0.937689 0.942877 0.055576 0.034656
0.279212 0.027508 0.066267 0.042760
0.496613 0.251406 0.053096 0.030053
0.382157 0.811527 0.046821 0.032941
0.827163 0.058491 0.051936 0.036306
0.376501 0.668606 0.049228 0.031979
0.271102 0.823801 0.049019 0.033054
0.071784 0.583086 0.052637 0.030751
0.715349 0.974572 0.050927 0.033265
0.074480 0.786055 0.046001 0.033025
0.493924 0.419790 0.056313 0.031993
0.383466 0.778396 0.045596 0.034750
0.479169 0.794651 0.057470 0.041224
0.718177 0.254504 0.049334 0.028284
0.724889 0.127683 0.054607 0.027421
0.831844 0.195650 0.050474 0.038611
0.934864 0.119439 0.055502 0.041591
0.267498 0.543379 0.061646 0.039679
0.599763 0.912118 0.081346 0.031638
0.174966 0.829454 0.046000 0.045470
0.934829 0.303425 0.051142 0.030486
0.374700 0.561201 0.067076 0.036510
0.825376 0.664527 0.061837 0.025345
0.936455 0.976804 0.064602 0.031412
0.939808 0.435945 0.049436 0.039794
0.937776 0.334984 0.045018 0.033143
0.380766 0.633296 0.048577 0.031987
0.066701 0.511593 0.046417 0.039762
0.831768 0.094232 0.049161 0.035523
0.609101 0.104287 0.058326 0.036208
0.075567 0.715375 0.044330 0.028645
0.717247 0.935141 0.043397 0.041109
0.177373 0.865147 0.053715 0.029290
0.497000 0.175986 0.057361 0.036582
0.939600 0.625333 0.047942 0.034853
0.274987 0.894221 0.048644 0.040364
0.173079 0.329748 0.049676 0.040776
0.934951 0.229216 0.047850 0.031295
0.720935 0.155558 0.049666 0.023367
0.376855 0.959791 0.063496 0.043005
0.168019 0.394389 0.057989 0.032816
0.168766 0.546058 0.050304 0.036322
0.275250 0.577922 0.058695 0.034440
0.166454 0.621414 0.046184 0.030843
0.172671 0.260394 0.043643 0.028367
0.168269 0.477476 0.052355 0.042240
0.480601 0.977294 0.043644 0.028033
0.939476 0.076462 0.044312 0.044959
0.936355 0.367278 0.040932 0.031232
0.939614 0.032185 0.050979 0.040815
0.942238 0.733105 0.042815 0.033311
0.072784 0.642542 0.043591 0.040587
0.394039 0.028920 0.076075 0.038391
0.272895 0.857809 0.042741 0.033009
0.375577 0.523652 0.047418 0.035735
0.824534 0.025355 0.059953 0.030697
0.378183 0.484354 0.048660 0.039541
0.717670 0.023222 0.055280 0.026342
0.278653 0.426667 0.046777 0.030035
0.173969 0.289563 0.045451 0.031148
0.279106 0.068945 0.050081 0.028709
0.280018 0.096743 0.041675 0.027148
0.074357 0.034194 0.060166 0.040622
0.077442 0.143050 0.054291 0.029033
0.276551 0.657406 0.042677 0.041695
0.169441 0.655101 0.039013 0.030750
0.494835 0.455149 0.048705 0.038832
0.496883 0.024960 0.065738 0.033526
0.070947 0.070886 0.043409 0.031315
0.069592 0.547618 0.044823 0.034477
0.938215 0.767188 0.042313 0.035249
0.823287 0.594822 0.049270 0.026774
0.939615 0.801397 0.055993 0.036112
0.827373 0.349733 0.072013 0.038256
0.599245 0.591089 0.046099 0.042887
0.830625 0.160691 0.043330 0.032433
0.481992 0.727278 0.048086 0.040647
0.072164 0.107071 0.048510 0.042523
0.492848 0.390438 0.064133 0.026496
0.611999 0.027601 0.063526 0.031760
0.169708 0.198731 0.046325 0.027535
0.181511 0.028670 0.059783 0.038127
0.589173 0.972949 0.081148 0.034372
0.597725 0.939189 0.062683 0.030747
0.172568 0.512311 0.045057 0.024611
0.172853 0.059164 0.043004 0.024514
0.602679 0.429391 0.050004 0.024326
0.830627 0.130820 0.038871 0.032470
0.174328 0.363188 0.036071 0.025131
0.072939 0.610936 0.042692 0.026929
0.277804 0.349112 0.051860 0.044732
0.479261 0.762112 0.043544 0.030132
0.074555 0.750189 0.043796 0.036841
0.822171 0.943749 0.074958 0.045673
0.818076 0.967734 0.083059 0.049236
0.480383 0.874945 0.046787 0.029309
