0.866853 0.683218 0.068304 0.035232
0.868956 0.235359 0.061138 0.032480
0.772185 0.508964 0.061437 0.031588
0.869546 0.194454 0.059893 0.042260
0.868623 0.610916 0.064964 0.027265
0.869921 0.409195 0.056979 0.029198
0.371082 0.373137 0.058588 0.031806
0.570789 0.336029 0.066723 0.034502
0.867158 0.308222 0.058702 0.036090
0.092060 0.384584 0.061890 0.031030
0.769777 0.847200 0.061220 0.028145
0.088185 0.272252 0.051467 0.033665
0.866880 0.377481 0.057434 0.028367
0.769800 0.220143 0.058298 0.030662
0.671554 0.157373 0.056154 0.035244
0.769711 0.436528 0.056032 0.032466
0.667801 0.633027 0.074438 0.038475
0.469377 0.158706 0.063731 0.034359
0.669815 0.315586 0.064822 0.031283
0.869908 0.343548 0.062111 0.032025
0.765951 0.813059 0.064123 0.031759
0.771792 0.682961 0.063480 0.030329
0.469201 0.603916 0.060234 0.036349
0.280188 0.415769 0.062572 0.030582
0.469004 0.788653 0.061101 0.032688
0.091129 0.306480 0.056498 0.035192
0.572793 0.880913 0.052616 0.033820
0.866942 0.271157 0.058578 0.036743
0.088589 0.235312 0.054124 0.037168
0.476976 0.305923 0.056240 0.030954
0.770906 0.544997 0.058882 0.033263
0.089472 0.349516 0.051865 0.036629
0.468404 0.563679 0.056932 0.036479
0.770544 0.403004 0.053191 0.028974
0.574275 0.296896 0.064720 0.031783
0.765628 0.746722 0.051982 0.027288
0.667158 0.349679 0.051539 0.034604
0.667219 0.780152 0.051659 0.034773
0.271468 0.830818 0.053849 0.028122
0.565296 0.745874 0.060706 0.032558
0.470979 0.382709 0.055477 0.035850
0.472315 0.343558 0.056909 0.032968
0.771203 0.340933 0.058008 0.036196
0.184362 0.166345 0.052106 0.031392
0.474376 0.753625 0.056134 0.032965
0.369655 0.555129 0.061118 0.026998
0.366084 0.409085 0.052007 0.033777
0.467707 0.717838 0.067284 0.033148
0.867255 0.441473 0.055338 0.027561
0.868183 0.774340 0.051043 0.033024
0.471391 0.422621 0.065315 0.032457
0.671098 0.220219 0.064312 0.026916
0.773043 0.908936 0.060627 0.033116
0.669427 0.742448 0.058751 0.029184
0.367716 0.693622 0.059599 0.040499
0.275959 0.266330 0.051682 0.033605
0.776091 0.583504 0.060553 0.036990
0.276135 0.675399 0.054696 0.034674
0.868183 0.838468 0.053963 0.029348
0.667011 0.423840 0.046786 0.031290
0.472018 0.854723 0.049428 0.031063
0.361583 0.732649 0.056325 0.028132
0.270795 0.605941 0.048203 0.030570
0.571469 0.125783 0.057057 0.031211
0.366232 0.446231 0.052190 0.034034
0.279783 0.305486 0.065564 0.036129
0.274570 0.713739 0.054718 0.034640
0.568710 0.845529 0.059487 0.029366
0.866871 0.504415 0.056561 0.039410
0.365717 0.616675 0.049566 0.032417
0.368824 0.654552 0.065555 0.030081
0.179512 0.509232 0.048639 0.026126
0.275287 0.639174 0.054968 0.029275
0.369131 0.302552 0.053712 0.032832
0.666314 0.709495 0.052968 0.031241
0.671073 0.558777 0.053050 0.028070
0.673960 0.488639 0.058454 0.034071
0.574329 0.218218 0.055508 0.033353
0.570493 0.526656 0.058119 0.033527
0.372532 0.485057 0.056932 0.035144
0.868128 0.645389 0.058514 0.034106
0.091876 0.685321 0.054509 0.027886
0.863653 0.539639 0.058313 0.028019
0.865923 0.576313 0.059794 0.032408
0.573598 0.598880 0.051002 0.033140
0.470752 0.269282 0.051639 0.036246
0.181547 0.130989 0.045677 0.032640
0.582660 0.260819 0.068021 0.041767
0.668208 0.593052 0.055041 0.032529
0.271110 0.790609 0.050611 0.036488
0.677342 0.878555 0.062845 0.025489
0.767713 0.186869 0.052687 0.034224
0.771052 0.777767 0.054125 0.026671
0.181465 0.199775 0.063441 0.025290
0.091527 0.446094 0.056692 0.026634
0.866648 0.123734 0.063743 0.029524
0.089966 0.517493 0.048424 0.031937
0.370988 0.265101 0.054718 0.029548
0.182442 0.326182 0.061215 0.033598
0.087202 0.172708 0.049111 0.026970
0.769084 0.279938 0.066370 0.030039
0.474416 0.229620 0.052661 0.031371
0.369992 0.197375 0.046954 0.030608
0.573701 0.562210 0.057019 0.030605
0.469663 0.525554 0.057927 0.030660
0.668958 0.456366 0.043356 0.029913
0.866360 0.741467 0.044071 0.030779
0.089878 0.623188 0.047237 0.031624
0.468385 0.488699 0.063257 0.036002
0.768752 0.714148 0.063422 0.028428
0.468101 0.683037 0.047557 0.025747
0.361210 0.766375 0.046924 0.030639
0.182638 0.260651 0.049756 0.029577
0.771523 0.372620 0.048878 0.024160
0.274645 0.540513 0.049828 0.028316
0.276957 0.750910 0.058412 0.029969
0.474214 0.194017 0.053574 0.031642
0.268791 0.865625 0.046279 0.036699
0.563515 0.635830 0.058887 0.031006
0.672922 0.388615 0.052069 0.031173
0.769579 0.472090 0.047137 0.035973
0.868266 0.808114 0.046973 0.032219
0.275961 0.225252 0.049139 0.032048
0.568238 0.491570 0.057140 0.029518
0.574281 0.371862 0.048110 0.031654
0.183918 0.229531 0.052791 0.028368
0.274908 0.158291 0.044904 0.031845
0.093268 0.860173 0.057352 0.040572
0.368021 0.859489 0.059228 0.026959
0.184100 0.398007 0.047764 0.036982
0.568198 0.781480 0.069446 0.027857
0.179105 0.361991 0.047210 0.028110
0.868353 0.153566 0.048185 0.028818
0.368045 0.230582 0.043993 0.033194
0.870636 0.470474 0.054573 0.024581
0.567759 0.813240 0.054038 0.027077
0.087525 0.119696 0.048829 0.025850
0.769474 0.617158 0.051520 0.030148
0.576416 0.414778 0.059016 0.041436
0.269235 0.909546 0.056217 0.035832
0.769381 0.119975 0.044036 0.026889
0.673089 0.191207 0.048499 0.026836
0.866709 0.870625 0.042930 0.028884
0.271999 0.509125 0.043558 0.028214
0.280119 0.383615 0.046231 0.028634
0.362704 0.800165 0.047133 0.028285
0.092642 0.415248 0.048819 0.024164
0.087008 0.656360 0.051723 0.025621
0.467647 0.822127 0.060011 0.023295
0.767929 0.879316 0.046892 0.027139
0.182141 0.439562 0.052472 0.029357
0.366701 0.523088 0.047684 0.028737
0.372393 0.337713 0.054758 0.026163
0.095021 0.751309 0.052916 0.032169
0.100991 0.820418 0.062627 0.027659
0.182039 0.292821 0.057010 0.023922
0.471377 0.092217 0.072491 0.034998
0.270549 0.572381 0.049174 0.026448
0.372991 0.918020 0.058810 0.030804
0.572006 0.917561 0.075517 0.031572
0.368810 0.159349 0.040588 0.039571
0.672147 0.817670 0.043143 0.028356
0.091604 0.550541 0.051154 0.024380
0.179686 0.094378 0.048685 0.030932
0.769644 0.151567 0.049661 0.033011
0.575889 0.091971 0.069223 0.033344
0.085891 0.144280 0.050159 0.023008
0.092964 0.583447 0.037906 0.034044
0.366871 0.887368 0.065815 0.025518
0.366587 0.586262 0.052783 0.027275
0.669473 0.670614 0.050849 0.033051
0.474287 0.885451 0.040674 0.027971
0.867297 0.087966 0.064834 0.034185
0.279294 0.345596 0.053300 0.036239
0.468785 0.123947 0.061914 0.025564
0.274514 0.479045 0.042067 0.031260
0.086655 0.479666 0.046733 0.032211
0.768857 0.088582 0.048379 0.032298
0.087009 0.199225 0.040021 0.027817
0.275498 0.192050 0.039484 0.028716
0.681468 0.915486 0.075456 0.037382
0.773344 0.310066 0.057857 0.022388
0.467827 0.645928 0.042018 0.036762
0.672006 0.252047 0.050055 0.034459
0.671463 0.284812 0.050075 0.021021
0.869883 0.714180 0.055042 0.020688
0.471875 0.453595 0.050198 0.027398
0.473860 0.917854 0.043940 0.031443
0.770945 0.649195 0.044723 0.029586
0.277460 0.448829 0.043481 0.029681
0.869258 0.898479 0.058338 0.021217
0.180907 0.475768 0.043154 0.028240
0.675786 0.088380 0.060926 0.030138
0.182000 0.537006 0.054768 0.023061
0.097365 0.895217 0.057648 0.027881
0.279492 0.129930 0.056957 0.023783
0.675244 0.848239 0.033776 0.027790
0.369489 0.120101 0.038736 0.029500
0.673909 0.119257 0.045917 0.030479
0.570635 0.455537 0.057571 0.033914
0.367333 0.088426 0.054313 0.027319
0.093754 0.920434 0.054219 0.023239
0.087651 0.091802 0.045240 0.026367
0.094781 0.715969 0.036799 0.026214
0.364351 0.825793 0.050033 0.024104
0.673530 0.523958 0.062938 0.027336
0.571357 0.166740 0.054229 0.048612
0.280201 0.096660 0.055995 0.035658
0.767304 0.250546 0.047154 0.028297
0.568114 0.666794 0.041914 0.024828
0.878183 0.922542 0.052348 0.023546
0.572063 0.701144 0.077275 0.042745
0.115390 0.781372 0.061449 0.031080
