0.121236 0.169781 0.059161 0.032877
0.698176 0.370033 0.061185 0.034002
0.129059 0.495076 0.057419 0.035566
0.520370 0.578163 0.061211 0.039529
0.126738 0.651732 0.064958 0.030766
0.887713 0.148208 0.054868 0.033879
0.129115 0.535676 0.055687 0.036341
0.514731 0.326936 0.057988 0.031386
0.803168 0.561033 0.054814 0.031471
0.327120 0.347509 0.051407 0.034810
0.320817 0.240587 0.053629 0.035462
0.697646 0.298892 0.055120 0.038753
0.321151 0.204334 0.060474 0.026530
0.704885 0.440305 0.052593 0.031037
0.229163 0.604159 0.060391 0.035992
0.627533 0.803277 0.065166 0.032361
0.132341 0.749420 0.053576 0.030296
0.891933 0.253198 0.052184 0.030723
0.330199 0.414782 0.051965 0.032916
0.799380 0.271313 0.053854 0.031010
0.628500 0.919336 0.050780 0.033618
0.410952 0.123862 0.048357 0.037051
0.132231 0.574969 0.059002 0.034436
0.794092 0.116776 0.048652 0.036914
0.224601 0.488352 0.051149 0.032149
0.324584 0.313808 0.055205 0.029838
0.895136 0.287231 0.054443 0.028054
0.886331 0.115688 0.050754 0.028193
0.134684 0.786678 0.058324 0.036100
0.897441 0.587295 0.055683 0.030096
0.237696 0.884438 0.048140 0.028154
0.218787 0.180529 0.054506 0.032644
0.232730 0.746982 0.047792 0.033848
0.129567 0.400502 0.057153 0.031183
0.129023 0.365634 0.054235 0.033766
0.115664 0.131907 0.053404 0.031098
0.811974 0.735937 0.051155 0.030330
0.131302 0.458586 0.052723 0.029108
0.509827 0.235651 0.049290 0.032894
0.410607 0.188451 0.059878 0.031358
0.317153 0.175636 0.053607 0.028483
0.217167 0.254707 0.055578 0.032982
0.321659 0.277919 0.051628 0.029539
0.897962 0.726833 0.052373 0.030582
0.800955 0.237559 0.053117 0.030996
0.533630 0.839114 0.051104 0.029986
0.611042 0.343024 0.047315 0.031611
0.894029 0.385335 0.046534 0.031430
0.521501 0.462525 0.045722 0.034604
0.804528 0.461018 0.051759 0.032602
0.892247 0.319657 0.052471 0.026000
0.509116 0.200419 0.050874 0.036277
0.325048 0.384012 0.046527 0.025788
0.126731 0.234947 0.052209 0.031741
0.897884 0.484890 0.051348 0.029164
0.139450 0.860326 0.054980 0.035678
0.527529 0.804236 0.048631 0.027842
0.802592 0.426445 0.047033 0.027502
0.612666 0.484474 0.047552 0.036240
0.227411 0.388859 0.061540 0.035805
0.691406 0.152367 0.052901 0.034244
0.512466 0.296301 0.055255 0.024217
0.620094 0.565332 0.048883 0.039249
0.331505 0.567548 0.049273 0.037655
0.725180 0.877466 0.042570 0.031227
0.238032 0.811977 0.043832 0.032248
0.331376 0.604862 0.053889 0.035995
0.236298 0.916864 0.046479 0.033475
0.804415 0.360946 0.047504 0.033044
0.618441 0.711300 0.051280 0.033835
0.603255 0.194031 0.055632 0.034607
0.703845 0.406006 0.047683 0.029768
0.818494 0.891843 0.041799 0.031481
0.524467 0.663617 0.046076 0.033965
0.137766 0.895442 0.050643 0.034967
0.691477 0.118516 0.052724 0.025734
0.227126 0.526368 0.046165 0.036684
0.228324 0.564956 0.044012 0.034611
0.720821 0.838129 0.047901 0.033709
0.898785 0.795125 0.047231 0.028997
0.717198 0.760420 0.046526 0.035451
0.221055 0.352132 0.066673 0.031442
0.620895 0.634474 0.052870 0.035939
0.804968 0.598181 0.054509 0.032189
0.505178 0.128620 0.050125 0.036916
0.236479 0.849273 0.044776 0.035263
0.895498 0.351039 0.052680 0.026862
0.621687 0.773855 0.056496 0.028245
0.617236 0.445663 0.047328 0.029839
0.805576 0.524087 0.052954 0.032524
0.226379 0.452833 0.046150 0.030404
0.231673 0.670675 0.062277 0.025876
0.894111 0.217810 0.046449 0.033677
0.232153 0.640190 0.054496 0.027608
0.607482 0.306674 0.046219 0.033047
0.728876 0.910223 0.052235 0.025694
0.897414 0.550913 0.046879 0.028166
0.899056 0.761798 0.045328 0.027156
0.897390 0.416702 0.047240 0.024236
0.713210 0.504598 0.043855 0.028858
0.518878 0.428002 0.048986 0.027470
0.698048 0.224022 0.050980 0.032064
0.132440 0.824566 0.042822 0.030574
0.517148 0.392283 0.053700 0.033454
0.794897 0.152751 0.057331 0.024883
0.124037 0.296091 0.072677 0.028051
0.903534 0.870889 0.045535 0.036166
0.717004 0.721533 0.044316 0.037225
0.693709 0.185228 0.044095 0.033860
0.508006 0.091911 0.052026 0.038385
0.813664 0.832733 0.051106 0.028892
0.803382 0.493246 0.048912 0.024592
0.129888 0.712942 0.041905 0.032188
0.617740 0.526574 0.049851 0.029516
0.619555 0.741190 0.052072 0.029372
0.222004 0.422723 0.056251 0.025211
0.524793 0.698416 0.042557 0.030518
0.628448 0.876629 0.041183 0.032459
0.327446 0.525899 0.050531 0.038689
0.797050 0.205861 0.048459 0.027238
0.124406 0.331158 0.047931 0.034869
0.131143 0.614593 0.058025 0.030213
0.535277 0.894648 0.054394 0.023877
0.817053 0.799857 0.062075 0.032081
0.128805 0.683290 0.047135 0.024391
0.122289 0.202274 0.042266 0.027163
0.624348 0.674387 0.050398 0.037768
0.899767 0.448644 0.041315 0.031604
0.137576 0.929506 0.047855 0.032527
0.330379 0.485586 0.039280 0.032816
0.703352 0.335303 0.041491 0.029348
0.891665 0.695749 0.045674 0.023877
0.714395 0.613155 0.053395 0.029893
0.896246 0.620786 0.048858 0.025241
0.712086 0.537300 0.052597 0.029729
0.214144 0.215759 0.043919 0.035864
0.886104 0.084778 0.050259 0.027312
0.122512 0.096561 0.056942 0.041038
0.512108 0.268341 0.042932 0.025374
0.216922 0.291457 0.046274 0.032123
0.614295 0.377440 0.047350 0.035669
0.807183 0.633895 0.043812 0.033082
0.605222 0.269675 0.053464 0.032966
0.524102 0.623242 0.038508 0.037578
0.535482 0.924734 0.047242 0.030025
0.802052 0.326666 0.040556 0.026720
0.526560 0.735594 0.042409 0.036159
0.801668 0.393977 0.041149 0.030289
0.897812 0.184658 0.057721 0.031677
0.505157 0.165113 0.048962 0.027665
0.534171 0.866643 0.039753 0.027285
0.521399 0.500117 0.048217 0.035521
0.688271 0.086240 0.043548 0.029473
0.630744 0.839393 0.044951 0.031463
0.326359 0.450810 0.046114 0.029544
0.896591 0.657970 0.044749 0.041228
0.617257 0.412786 0.044930 0.033026
0.808918 0.700956 0.052740 0.033511
0.814741 0.862447 0.041977 0.022579
0.812011 0.667879 0.055379 0.026169
0.232738 0.779707 0.050629 0.021358
0.601023 0.154284 0.049850 0.032130
0.597906 0.086446 0.053517 0.031236
0.716811 0.685049 0.051221 0.031094
0.415449 0.226173 0.048977 0.037243
0.697999 0.260174 0.042346 0.032958
0.414403 0.157274 0.049524 0.021731
0.523495 0.537356 0.048673 0.033792
0.316853 0.142315 0.051096 0.031894
0.527548 0.771426 0.037744 0.029308
0.713113 0.573191 0.039256 0.034870
0.210494 0.113869 0.054188 0.025645
0.792457 0.084472 0.046211 0.022957
0.724177 0.934547 0.047105 0.022065
0.221968 0.143395 0.070569 0.034555
0.515657 0.361018 0.043357 0.031492
0.218026 0.319311 0.048579 0.028761
0.796776 0.177645 0.050842 0.021375
0.798147 0.300348 0.046877 0.020691
0.904248 0.829902 0.036332 0.029728
0.818367 0.923496 0.051386 0.022092
0.714786 0.649478 0.040480 0.032545
0.599887 0.120962 0.039124 0.030819
0.126936 0.268218 0.052764 0.025680
0.808862 0.765748 0.042679 0.024585
0.719152 0.798392 0.038893 0.031396
0.214377 0.085428 0.041083 0.027435
0.607348 0.231794 0.033947 0.032681
0.125188 0.430565 0.047842 0.022260
0.407263 0.086722 0.050426 0.025693
0.905778 0.913398 0.045078 0.043328
0.897244 0.517869 0.036564 0.025489
0.708881 0.472618 0.034957 0.025595
0.616180 0.600361 0.060888 0.027058
0.233512 0.701512 0.054287 0.030250
0.414602 0.270707 0.048851 0.042222
0.233302 0.717638 0.053627 0.010529
