0.378899 0.651197 0.062554 0.043335
0.065573 0.528946 0.054801 0.039984
0.711393 0.805181 0.057826 0.039336
0.284236 0.807984 0.059416 0.030671
0.819468 0.939617 0.064897 0.043683
0.161839 0.675717 0.059626 0.038127
0.286045 0.557771 0.066001 0.038361
0.055857 0.878080 0.057855 0.038610
0.059326 0.720990 0.054654 0.041617
0.161352 0.716409 0.069078 0.039244
0.279348 0.485006 0.055146 0.034876
0.162638 0.756593 0.068931 0.036143
0.819360 0.343582 0.059900 0.039415
0.927926 0.296685 0.053424 0.033184
0.062202 0.367616 0.063553 0.039115
0.825147 0.189266 0.052838 0.042651
0.162320 0.910371 0.054355 0.032642
0.172590 0.290451 0.051202 0.039042
0.276743 0.709781 0.056724 0.032057
0.932742 0.861846 0.064226 0.039188
0.814509 0.870339 0.067652 0.040731
0.160818 0.824509 0.055688 0.034688
0.715714 0.139983 0.058599 0.046214
0.820830 0.460318 0.057700 0.038444
0.719425 0.293166 0.067470 0.045930
0.163913 0.791889 0.058798 0.030818
0.276116 0.520517 0.053527 0.033762
0.061683 0.568722 0.047760 0.034831
0.937962 0.686674 0.054257 0.039438
0.272656 0.878120 0.068977 0.041915
0.934374 0.575200 0.058207 0.035481
0.173647 0.331941 0.049342 0.038676
0.819355 0.710948 0.062695 0.040376
0.060845 0.762712 0.052299 0.037296
0.936499 0.727573 0.048130 0.040470
0.062847 0.328651 0.048992 0.034169
0.715229 0.334082 0.060980 0.033413
0.377595 0.496096 0.059053 0.042894
0.276462 0.742821 0.066402 0.031147
0.824424 0.231922 0.057062 0.040450
0.932132 0.508403 0.057752 0.039592
0.060284 0.958560 0.059810 0.044651
0.392835 0.209233 0.059687 0.045832
0.716343 0.764887 0.059687 0.037687
0.824580 0.109241 0.063375 0.039300
0.928245 0.372633 0.066020 0.036102
0.167215 0.633781 0.055568 0.040607
0.169652 0.559689 0.049889 0.032831
0.932832 0.824624 0.054039 0.036875
0.931569 0.334445 0.063086 0.037444
0.818935 0.664843 0.059761 0.052602
0.719723 0.182645 0.074465 0.035825
0.281839 0.643004 0.050006 0.039536
0.062379 0.490680 0.053793 0.034769
0.930531 0.440094 0.059021 0.034761
0.173190 0.249457 0.054952 0.036809
0.822182 0.384354 0.057811 0.040063
0.280356 0.679198 0.050662 0.027889
0.383760 0.456947 0.052505 0.033516
0.824866 0.422203 0.052590 0.038759
0.827448 0.068812 0.050106 0.039823
0.824996 0.271831 0.050690 0.037703
0.825690 0.498442 0.054045 0.040690
0.826623 0.146959 0.048095 0.035935
0.378916 0.695621 0.073485 0.043094
0.927266 0.259860 0.049644 0.035968
0.826012 0.573807 0.069322 0.034144
0.064748 0.231675 0.050774 0.034153
0.494251 0.504546 0.052247 0.039686
0.166517 0.594956 0.050723 0.033459
0.817863 0.792827 0.051294 0.043298
0.929296 0.948237 0.070735 0.047599
0.501104 0.208854 0.054929 0.037807
0.056633 0.916017 0.046285 0.033696
0.711652 0.694637 0.068899 0.044232
0.174898 0.409594 0.049342 0.040408
0.070536 0.028524 0.058123 0.039394
0.497492 0.463269 0.050294 0.039216
0.934931 0.903139 0.056942 0.042741
0.494997 0.618271 0.054083 0.034407
0.814153 0.833053 0.050910 0.034994
0.172673 0.372242 0.056199 0.036569
0.175035 0.445920 0.051995 0.029514
0.498630 0.584882 0.053211 0.031402
0.934204 0.542187 0.051994 0.031098
0.927377 0.221930 0.049293 0.038071
0.385244 0.421557 0.049624 0.034017
0.280392 0.330837 0.046002 0.042309
0.279667 0.373322 0.072554 0.041779
0.498457 0.546637 0.057662 0.039365
0.933864 0.613753 0.047409 0.041565
0.714384 0.097160 0.049881 0.040054
0.719268 0.447511 0.054743 0.039760
0.059154 0.637107 0.048303 0.032282
0.061307 0.410527 0.047063 0.038818
0.060688 0.605007 0.041871 0.033665
0.710930 0.842232 0.053789 0.035447
0.173821 0.522358 0.047529 0.037144
0.060662 0.797109 0.045481 0.029705
0.935047 0.650835 0.049185 0.032988
0.392234 0.254181 0.050166 0.042495
0.931320 0.183106 0.050142 0.034381
0.714597 0.624450 0.049329 0.042119
0.503638 0.243501 0.058955 0.029424
0.496509 0.702759 0.056168 0.045459
0.276920 0.840830 0.045272 0.031848
0.161611 0.854507 0.048904 0.029128
0.493494 0.657247 0.048337 0.042220
0.382087 0.380209 0.059737 0.045998
0.063990 0.292811 0.045609 0.028120
0.932078 0.406594 0.061158 0.034847
0.826244 0.027115 0.053359 0.040221
0.072959 0.107357 0.047366 0.032174
0.716811 0.217368 0.054875 0.035231
0.719973 0.554207 0.047380 0.034689
0.381616 0.612383 0.056051 0.032780
0.171141 0.482818 0.045590 0.043188
0.936564 0.472224 0.046024 0.028610
0.826316 0.307647 0.051711 0.030566
0.159351 0.975275 0.069168 0.035414
0.281445 0.288919 0.055141 0.041970
0.058692 0.835851 0.045999 0.041388
0.391973 0.133992 0.053956 0.044034
0.718082 0.587403 0.050278 0.030035
0.061033 0.675568 0.047404 0.041639
0.495008 0.425569 0.050766 0.035805
0.723464 0.371189 0.055435 0.042210
0.379961 0.335994 0.047432 0.039873
0.937475 0.763580 0.056520 0.028910
0.278382 0.414195 0.050009 0.039119
0.376866 0.576596 0.044093 0.035511
0.058464 0.451760 0.053267 0.037555
0.495237 0.342160 0.046991 0.040111
0.823995 0.749902 0.053985 0.035619
0.935952 0.091555 0.059624 0.039841
0.714303 0.876543 0.047310 0.037400
0.715321 0.061193 0.049041 0.032205
0.720226 0.408763 0.047838 0.037033
0.384401 0.296404 0.050750 0.037972
0.074860 0.069989 0.043528 0.042183
0.716910 0.520847 0.044877 0.034099
0.822875 0.537325 0.046851 0.036555
0.713123 0.919981 0.050322 0.042209
0.713653 0.027335 0.055385 0.032690
0.163371 0.882320 0.046504 0.024174
0.175043 0.144332 0.052389 0.041107
0.173286 0.214931 0.042500 0.033883
0.715642 0.658922 0.047647 0.027069
0.817663 0.613115 0.053303 0.041921
0.718472 0.252217 0.053228 0.034960
0.163376 0.942661 0.037766 0.028503
0.280605 0.203150 0.049295 0.039450
0.284927 0.029826 0.051203 0.039925
0.274387 0.914554 0.043287 0.030386
0.282332 0.111104 0.053112 0.041650
0.716346 0.732853 0.047714 0.026527
0.494978 0.383804 0.050967 0.041459
0.283720 0.069904 0.044040 0.039674
0.496218 0.172723 0.054617 0.031788
0.935897 0.151570 0.061666 0.024709
0.176624 0.105129 0.054880 0.039010
0.374509 0.538173 0.055430 0.041749
0.392582 0.170214 0.046933 0.030520
0.067122 0.263594 0.042155 0.027370
0.068391 0.169155 0.041652 0.029383
0.824471 0.904098 0.049072 0.022574
0.069446 0.139729 0.037045 0.028884
0.171297 0.070307 0.042929 0.031051
0.393507 0.094734 0.052078 0.031514
0.278404 0.600854 0.062930 0.043270
0.281153 0.243680 0.042515 0.042281
0.937454 0.124020 0.047780 0.026284
0.274762 0.950135 0.063038 0.044598
0.279939 0.773395 0.049292 0.031995
0.718559 0.486320 0.041671 0.033983
0.172230 0.030210 0.048603 0.044526
0.498627 0.304554 0.045531 0.030917
0.176309 0.182197 0.040799 0.033381
0.496129 0.106565 0.038654 0.033498
0.070460 0.198037 0.042649 0.029523
0.713000 0.959857 0.043852 0.034937
0.495958 0.139255 0.045106 0.034623
0.500756 0.273914 0.051035 0.031415
0.934499 0.053002 0.063880 0.036468
0.934669 0.791675 0.045082 0.027285
0.828679 0.974826 0.059567 0.027945
0.935546 0.022295 0.047000 0.032697
0.278239 0.160955 0.054983 0.047730
0.279541 0.449285 0.050262 0.032887
0.600159 0.066486 0.048950 0.041452
0.496166 0.069323 0.036943 0.032788
0.603217 0.026504 0.039770 0.033533
0.497400 0.030281 0.037543 0.036915
0.108537 0.194667 0.038783 0.038556
