0.663906 0.865334 0.063556 0.036592
0.370623 0.233787 0.061435 0.034307
0.370100 0.312387 0.064477 0.031162
0.271583 0.234169 0.059134 0.031507
0.667302 0.301768 0.063637 0.040232
0.163143 0.382569 0.052971 0.033233
0.364406 0.584173 0.058700 0.029954
0.566479 0.438529 0.067332 0.032043
0.467120 0.260707 0.052941 0.042763
0.156634 0.852251 0.055673 0.032561
0.863637 0.803367 0.053193 0.031392
0.475621 0.185687 0.051006 0.034322
0.669758 0.594089 0.057583 0.033231
0.063931 0.288029 0.060595 0.027730
0.668205 0.766182 0.057806 0.032000
0.568757 0.225634 0.061813 0.032912
0.863992 0.501977 0.047896 0.035808
0.673023 0.201674 0.054335 0.029522
0.553173 0.825477 0.054784 0.039224
0.164183 0.307308 0.052828 0.031016
0.458276 0.669072 0.056995 0.034019
0.359613 0.693199 0.062563 0.034399
0.166325 0.152683 0.051042 0.028940
0.867507 0.461319 0.053709 0.032890
0.360969 0.521768 0.049883 0.029611
0.667370 0.383411 0.055442 0.036830
0.271416 0.169210 0.053932 0.029821
0.570223 0.296810 0.054564 0.035383
0.467007 0.514926 0.058240 0.028428
0.465373 0.549608 0.052053 0.034242
0.671153 0.232538 0.054177 0.028027
0.368501 0.272707 0.048893 0.035052
0.672436 0.166516 0.054401 0.028899
0.367507 0.349849 0.053638 0.031838
0.468970 0.480600 0.056290 0.032892
0.261740 0.612342 0.051705 0.043831
0.863404 0.872372 0.053640 0.031872
0.160860 0.600910 0.050574 0.027698
0.474278 0.128406 0.047126 0.030482
0.469021 0.303913 0.053557 0.030134
0.465388 0.408122 0.052696 0.031254
0.771288 0.468321 0.060020 0.031650
0.573270 0.261076 0.057137 0.028501
0.672218 0.556398 0.057898 0.029647
0.462095 0.811944 0.061242 0.033539
0.456470 0.880553 0.055293 0.024947
0.266166 0.345935 0.051820 0.025168
0.262152 0.686077 0.053211 0.024943
0.359109 0.728121 0.064290 0.029293
0.064818 0.389169 0.053222 0.029608
0.768517 0.730353 0.053863 0.032428
0.461318 0.734491 0.060571 0.032407
0.262563 0.655685 0.053702 0.027788
0.357693 0.763655 0.056144 0.034681
0.065084 0.219573 0.055881 0.033317
0.254091 0.818104 0.063733 0.036940
0.559104 0.897995 0.054583 0.029744
0.269098 0.313609 0.058266 0.028959
0.164522 0.632476 0.047437 0.027876
0.771336 0.309702 0.048461 0.036125
0.460377 0.848086 0.060068 0.029332
0.267317 0.377843 0.058645 0.030997
0.862003 0.567697 0.048631 0.029336
0.674183 0.264656 0.053782 0.029009
0.357431 0.805441 0.050038 0.041774
0.668935 0.629799 0.057650 0.026639
0.065074 0.557048 0.048594 0.029349
0.576460 0.162127 0.062152 0.035643
0.865797 0.641432 0.048983 0.027396
0.262510 0.571315 0.055069 0.025617
0.161896 0.568780 0.047203 0.028932
0.065426 0.355916 0.055615 0.029073
0.369251 0.413805 0.053050 0.040982
0.368807 0.129633 0.057099 0.031544
0.064088 0.489413 0.049134 0.028466
0.863071 0.766695 0.049105 0.029353
0.864675 0.384090 0.051274 0.030690
0.358844 0.848814 0.048914 0.033775
0.266417 0.413455 0.049406 0.030938
0.768678 0.568648 0.055331 0.032679
0.159406 0.533819 0.050151 0.030420
0.158355 0.790490 0.050299 0.026698
0.672769 0.132354 0.050504 0.030995
0.869963 0.206097 0.047348 0.034487
0.770958 0.392032 0.055953 0.032193
0.556096 0.865061 0.048136 0.028522
0.868082 0.316149 0.049488 0.036693
0.665662 0.828224 0.059506 0.026773
0.772645 0.234539 0.051450 0.035379
0.671467 0.487487 0.054340 0.027559
0.776864 0.127883 0.058824 0.026078
0.770950 0.531196 0.053100 0.027818
0.566647 0.513092 0.066900 0.029994
0.155169 0.886819 0.044351 0.027027
0.859060 0.537132 0.052046 0.025331
0.673065 0.661165 0.059840 0.026877
0.671010 0.343421 0.051923 0.030075
0.870500 0.242575 0.051004 0.028405
0.272227 0.276243 0.052655 0.043659
0.470911 0.223166 0.052242 0.030205
0.264721 0.541431 0.048529 0.026919
0.356378 0.884036 0.048515 0.028225
0.561161 0.688837 0.047123 0.031394
0.775595 0.163181 0.046100 0.034740
0.456770 0.914067 0.053247 0.033993
0.064062 0.256535 0.047481 0.028847
0.464338 0.626252 0.058918 0.037383
0.776473 0.096662 0.060261 0.028852
0.562618 0.627364 0.043988 0.034324
0.470663 0.338037 0.049274 0.032563
0.161465 0.668923 0.043633 0.033184
0.265060 0.446954 0.043266 0.030926
0.067064 0.621098 0.045948 0.031638
0.871961 0.170341 0.044474 0.030133
0.255701 0.855267 0.061678 0.029020
0.063473 0.320852 0.053126 0.027538
0.474689 0.096115 0.050437 0.029089
0.665167 0.799652 0.055925 0.027300
0.269862 0.201808 0.051097 0.023185
0.767740 0.793812 0.048626 0.028996
0.261582 0.715748 0.055233 0.026073
0.370825 0.199176 0.046986 0.029115
0.159658 0.918696 0.054892 0.030013
0.564616 0.548489 0.045353 0.035986
0.767520 0.429976 0.041014 0.034443
0.168323 0.182414 0.057315 0.024848
0.567004 0.336008 0.047614 0.034320
0.457598 0.774647 0.068222 0.032468
0.670489 0.519822 0.041330 0.031284
0.677308 0.096564 0.049701 0.032209
0.564799 0.404484 0.041684 0.030959
0.373493 0.165866 0.048530 0.033677
0.270108 0.131001 0.041926 0.036015
0.363743 0.651400 0.054028 0.041868
0.873416 0.276933 0.046419 0.034685
0.554312 0.788227 0.046604 0.029189
0.162076 0.271490 0.042939 0.031272
0.366527 0.450369 0.044827 0.030981
0.264909 0.478984 0.041692 0.032132
0.767144 0.932813 0.047456 0.026976
0.668920 0.727464 0.043709 0.029140
0.865268 0.603274 0.038685 0.037121
0.867867 0.351376 0.056308 0.025161
0.067321 0.839387 0.050769 0.032758
0.163539 0.096439 0.053104 0.027909
0.065239 0.523193 0.041199 0.030015
0.467894 0.443933 0.040528 0.031701
0.255178 0.915147 0.046093 0.031958
0.064565 0.765482 0.054271 0.029974
0.460145 0.702717 0.037431 0.030094
0.566848 0.371208 0.046770 0.029222
0.370356 0.096314 0.055667 0.028591
0.574685 0.125124 0.044987 0.029676
0.463179 0.587254 0.045100 0.033856
0.776093 0.689595 0.055353 0.044034
0.062376 0.425279 0.050989 0.024607
0.862282 0.730550 0.043056 0.030409
0.062301 0.455393 0.039864 0.029530
0.164137 0.724768 0.064383 0.026877
0.558798 0.476181 0.069883 0.037895
0.766670 0.901491 0.038708 0.031407
0.162048 0.415497 0.048926 0.021744
0.363156 0.486436 0.044288 0.032974
0.866192 0.670132 0.063495 0.025003
0.158447 0.756277 0.042713 0.024426
0.672663 0.455501 0.046207 0.030963
0.363569 0.553573 0.035952 0.025831
0.063474 0.876532 0.046434 0.034828
0.867858 0.420592 0.039094 0.034520
0.770117 0.352295 0.043328 0.037812
0.161012 0.698716 0.057107 0.021859
0.468455 0.373964 0.050303 0.026748
0.064366 0.182793 0.042958 0.024837
0.257713 0.747287 0.040134 0.027152
0.764319 0.864440 0.040480 0.030742
0.164091 0.344188 0.043192 0.033995
0.157319 0.820015 0.043496 0.022045
0.766989 0.828249 0.038936 0.030433
0.669734 0.691935 0.041621 0.028044
0.665160 0.931462 0.046192 0.029890
0.562637 0.589032 0.047751 0.033255
0.065692 0.150206 0.048640 0.032556
0.773048 0.273480 0.055998 0.031409
0.555607 0.659262 0.047131 0.020902
0.770044 0.609707 0.045868 0.038680
0.673681 0.900499 0.064863 0.030979
0.068068 0.658413 0.050545 0.036330
0.474372 0.155615 0.050238 0.020043
0.768630 0.761966 0.038358 0.028163
0.671533 0.422742 0.059317 0.026516
0.258686 0.779921 0.038422 0.029157
0.364733 0.380096 0.049026 0.019600
0.165103 0.496129 0.047047 0.035836
0.862906 0.836297 0.037084 0.026418
0.574707 0.095545 0.044796 0.027938
0.166866 0.210349 0.038251 0.027907
0.360354 0.615159 0.045298 0.019533
0.872302 0.116683 0.052445 0.018977
0.270113 0.095708 0.048361 0.028639
0.060888 0.730128 0.040635 0.029855
0.863955 0.912392 0.043646 0.031897
0.066462 0.588116 0.034318 0.027405
0.868145 0.141059 0.049617 0.020484
0.768932 0.499921 0.035354 0.027645
0.265219 0.511525 0.044449 0.025465
0.255366 0.884763 0.051286 0.018072
0.063873 0.800615 0.040312 0.029368
0.163210 0.240553 0.039423 0.026340
0.556164 0.724952 0.039660 0.031516
0.354544 0.915784 0.046900 0.025909
0.059729 0.695111 0.037703 0.030060
0.773325 0.200724 0.042295 0.030283
0.164466 0.123726 0.045513 0.018502
0.865075 0.701368 0.037541 0.028892
0.562011 0.755595 0.049884 0.027956
0.163589 0.446753 0.052274 0.029791
0.868085 0.091806 0.053935 0.022780
0.569941 0.194852 0.047705 0.020397
0.064503 0.117565 0.036709 0.022329
0.065615 0.912139 0.039478 0.034696
0.060854 0.092510 0.037321 0.018553
0.771789 0.649315 0.043896 0.031008
0.565568 0.928748 0.063485 0.024287
0.164721 0.466940 0.043266 0.017373
0.303371 0.407475 0.021145 0.015858
