0.286921 0.676305 0.080114 0.054853
0.938873 0.876922 0.078876 0.047915
0.518804 0.963523 0.094480 0.047176
0.726602 0.102085 0.075366 0.046624
0.064897 0.115609 0.074335 0.053899
0.624302 0.671182 0.087013 0.060753
0.618236 0.352694 0.079781 0.042069
0.725997 0.831881 0.082508 0.050400
0.515449 0.857906 0.082868 0.047813
0.285076 0.218373 0.085903 0.053019
0.940843 0.668490 0.076910 0.047691
0.514956 0.542849 0.081831 0.054030
0.511022 0.106401 0.084792 0.051619
0.514998 0.756347 0.080637 0.049940
0.837723 0.693795 0.075851 0.047530
0.409618 0.902118 0.084465 0.045392
0.832565 0.464976 0.085899 0.045694
0.941412 0.144760 0.077356 0.043954
0.937650 0.509150 0.079200 0.039620
0.938613 0.720197 0.068057 0.042999
0.402884 0.692571 0.078822 0.046464
0.072376 0.806215 0.074734 0.051198
0.063763 0.215718 0.073073 0.047814
0.515504 0.909379 0.085466 0.052260
0.825338 0.153780 0.064170 0.044489
0.619959 0.609188 0.077276 0.056135
0.405681 0.479033 0.073221 0.052600
0.937169 0.193241 0.080258 0.043873
0.076038 0.912741 0.072421 0.044823
0.173151 0.747467 0.070898 0.054980
0.399532 0.746991 0.076315 0.050540
0.404836 0.228160 0.074377 0.051442
0.622107 0.936088 0.084493 0.039212
0.403769 0.854429 0.065360 0.046146
0.293042 0.515255 0.091424 0.058819
0.293819 0.972091 0.079328 0.042973
0.829854 0.200330 0.078519 0.044113
0.937382 0.770615 0.077412 0.047553
0.173845 0.641925 0.078768 0.044839
0.058188 0.169522 0.082310 0.044356
0.061854 0.700014 0.075603 0.044476
0.403721 0.421980 0.073787 0.051951
0.404307 0.124151 0.083200 0.052786
0.506598 0.432026 0.089773 0.051022
0.402278 0.535906 0.091014 0.052345
0.627001 0.193896 0.082631 0.044340
0.723478 0.345540 0.082895 0.042104
0.397110 0.593024 0.074348 0.049749
0.939653 0.408103 0.064612 0.043124
0.841136 0.873281 0.069068 0.042759
0.176192 0.691123 0.072035 0.047510
0.941298 0.463833 0.062258 0.047282
0.514262 0.650811 0.070284 0.060423
0.183036 0.959774 0.082581 0.050579
0.727535 0.452835 0.069157 0.050087
0.296603 0.781726 0.085726 0.048791
0.284212 0.391923 0.080142 0.053332
0.938537 0.055976 0.082413 0.051189
0.288328 0.620472 0.078106 0.047499
0.828995 0.361683 0.068128 0.048445
0.626908 0.839974 0.072900 0.051008
0.507164 0.215264 0.071540 0.059193
0.063118 0.595678 0.069273 0.054729
0.509937 0.373846 0.086698 0.055137
0.514411 0.158675 0.076653 0.050926
0.286608 0.274261 0.068688 0.051945
0.068978 0.751292 0.071301 0.048541
0.513400 0.592363 0.072409 0.045840
0.513310 0.806994 0.065672 0.044636
0.281089 0.728283 0.095832 0.042499
0.731756 0.779935 0.079784 0.051439
0.175463 0.591065 0.065834 0.048053
0.295618 0.835882 0.077766 0.044927
0.941123 0.558801 0.076041 0.051781
0.405375 0.283093 0.075744 0.049501
0.064371 0.271465 0.080979 0.056523
0.939722 0.102755 0.074498 0.036593
0.843863 0.961758 0.084599 0.047528
0.623333 0.889920 0.063203 0.047760
0.726810 0.882688 0.075678 0.043882
0.397982 0.643857 0.092838 0.040386
0.292942 0.571739 0.083539 0.043594
0.832466 0.917686 0.081762 0.039905
0.833163 0.584309 0.083727 0.051589
0.937807 0.615237 0.080764 0.057038
0.723743 0.503795 0.066187 0.042132
0.833212 0.411170 0.073016 0.049781
0.938627 0.307543 0.071794 0.056158
0.066260 0.378449 0.070833 0.053242
0.172231 0.309767 0.074857 0.044126
0.289876 0.167240 0.081035 0.040288
0.724373 0.556124 0.077822 0.052849
0.061684 0.542146 0.064964 0.051287
0.832389 0.310030 0.073446 0.052660
0.728175 0.963813 0.093255 0.050878
0.941537 0.821536 0.060587 0.051399
0.508879 0.322650 0.079888 0.036852
0.404178 0.333179 0.072866 0.048195
0.286330 0.452172 0.072113 0.060812
0.513251 0.705947 0.067640 0.048177
0.616058 0.104578 0.062163 0.037127
0.939433 0.360895 0.060920 0.048701
0.279136 0.333490 0.098097 0.061346
0.834078 0.642178 0.070616 0.052831
0.508543 0.274220 0.080553 0.050174
0.286521 0.120618 0.079561 0.052551
0.941494 0.961046 0.079323 0.044632
0.625683 0.506102 0.078287 0.055615
0.835253 0.738293 0.072432 0.036840
0.074167 0.959222 0.080710 0.047181
0.726133 0.052851 0.072058 0.046690
0.172009 0.117740 0.071434 0.042948
0.726129 0.397339 0.066491 0.051649
0.937212 0.921474 0.083962 0.033490
0.173120 0.403851 0.085952 0.055850
0.169195 0.216014 0.060870 0.047258
0.828977 0.057400 0.071441 0.053104
0.623525 0.728943 0.069711 0.054321
0.177082 0.798553 0.080902 0.034895
0.511227 0.486482 0.069951 0.050237
0.182327 0.905003 0.076400 0.044301
0.073795 0.862711 0.064676 0.046641
0.064892 0.486317 0.062583 0.052555
0.067482 0.432485 0.060961 0.051345
0.731881 0.611577 0.072354 0.054469
0.616220 0.147885 0.064075 0.045033
0.617992 0.783838 0.064651 0.050408
0.406332 0.975270 0.090289 0.040294
0.831568 0.255948 0.073922 0.057479
0.728605 0.666700 0.059881 0.051568
0.623582 0.246888 0.071100 0.049764
0.725907 0.923694 0.081798 0.037498
0.286746 0.066351 0.083331 0.057307
0.622841 0.973842 0.069279 0.035532
0.403507 0.378191 0.068389 0.034359
0.829340 0.520558 0.076745 0.058750
0.396767 0.066904 0.073885 0.058062
0.172733 0.356051 0.067815 0.037455
0.625198 0.557447 0.065197 0.043233
0.405380 0.175226 0.070648 0.045279
0.172738 0.535046 0.081068 0.062235
0.059559 0.065228 0.062432 0.045670
0.294289 0.886095 0.055177 0.045073
0.167011 0.263863 0.064364 0.038172
0.832083 0.782375 0.059655 0.038369
0.177308 0.066033 0.073130 0.051852
0.508844 0.057262 0.065113 0.043777
0.176965 0.849840 0.070719 0.050784
0.836128 0.826581 0.064590 0.041045
0.727191 0.293484 0.062254 0.048556
0.935494 0.247868 0.083182 0.058654
0.290566 0.929016 0.051070 0.035885
0.727839 0.720076 0.077571 0.056148
0.406797 0.942218 0.086613 0.029507
0.173243 0.165632 0.057163 0.047440
0.829272 0.109368 0.052801 0.043550
0.730881 0.157134 0.084907 0.057905
0.616965 0.058517 0.066866 0.053222
0.620932 0.450191 0.070381 0.051760
0.175163 0.470347 0.066670 0.062650
0.619989 0.300567 0.068632 0.050475
0.066713 0.650092 0.072299 0.048332
0.066703 0.324432 0.074023 0.044739
0.402384 0.805127 0.052648 0.046520
0.619004 0.399550 0.075013 0.042351
0.729720 0.228128 0.076320 0.064471
