0.815531 0.675553 0.075619 0.056199
0.161117 0.157753 0.077199 0.050109
0.367459 0.167792 0.071065 0.047937
0.067335 0.916671 0.074984 0.048143
0.704087 0.249333 0.085234 0.054802
0.371664 0.964854 0.071962 0.055339
0.925663 0.454297 0.092413 0.050169
0.593841 0.380559 0.082850 0.056392
0.056254 0.707621 0.088693 0.054243
0.815359 0.734483 0.090620 0.050115
0.585618 0.440519 0.090994 0.054267
0.475569 0.425165 0.075075 0.050384
0.366531 0.492465 0.077455 0.050960
0.472149 0.729795 0.083662 0.057058
0.923561 0.166518 0.080586 0.050070
0.923682 0.628782 0.094718 0.061722
0.926039 0.402587 0.087197 0.052536
0.067515 0.968305 0.086362 0.056552
0.925647 0.343828 0.075397 0.059173
0.060808 0.651985 0.090291 0.054271
0.261872 0.110598 0.085471 0.053245
0.583959 0.720415 0.094477 0.050317
0.922946 0.565052 0.064466 0.053813
0.267299 0.857640 0.086763 0.056560
0.165419 0.771406 0.075258 0.046556
0.474866 0.891876 0.075615 0.045266
0.265161 0.914322 0.077163 0.048917
0.702919 0.520663 0.086704 0.044115
0.163210 0.317210 0.066664 0.047675
0.474165 0.319625 0.084711 0.046533
0.059077 0.815752 0.066983 0.049651
0.594492 0.552289 0.083904 0.049482
0.476046 0.120407 0.078350 0.050976
0.051052 0.165274 0.079392 0.050010
0.583304 0.212008 0.090539 0.051718
0.260149 0.692317 0.083604 0.048261
0.588070 0.665672 0.097343 0.047098
0.069892 0.865724 0.076163 0.044751
0.816742 0.219341 0.074011 0.055053
0.266445 0.799414 0.070003 0.055013
0.708732 0.575958 0.077711 0.052749
0.363921 0.544630 0.080319 0.043860
0.162352 0.210017 0.078537 0.041831
0.930793 0.281346 0.082163 0.059552
0.365282 0.272260 0.065529 0.050591
0.156882 0.105556 0.075757 0.046189
0.472256 0.221277 0.091693 0.047315
0.817299 0.275103 0.089915 0.051733
0.258491 0.641389 0.087221 0.044125
0.709712 0.307080 0.082159 0.053151
0.469478 0.369290 0.080183 0.047482
0.934463 0.842673 0.083220 0.054760
0.059820 0.375907 0.063945 0.056141
0.701298 0.417194 0.081674 0.049169
0.821114 0.525378 0.090106 0.049171
0.059652 0.429493 0.076728 0.047652
0.475295 0.789295 0.068867 0.047207
0.364968 0.381097 0.089617 0.051279
0.161998 0.542484 0.068794 0.049745
0.368794 0.594504 0.089581 0.044078
0.058597 0.218315 0.071326 0.049930
0.814463 0.425434 0.081665 0.050921
0.256001 0.542616 0.074645 0.051555
0.467438 0.671506 0.083636 0.044497
0.360519 0.219940 0.065420 0.046412
0.927517 0.790897 0.067243 0.049271
0.929520 0.736978 0.078542 0.047664
0.365836 0.326068 0.063771 0.050726
0.059567 0.592271 0.062742 0.052295
0.058757 0.762483 0.071780 0.047840
0.709336 0.470102 0.069205 0.048037
0.054450 0.111958 0.066789 0.053216
0.594492 0.322419 0.082516 0.052472
0.706335 0.798955 0.072605 0.051651
0.707453 0.851368 0.085640 0.049734
0.925729 0.112580 0.075271 0.053123
0.821568 0.894243 0.074993 0.048880
0.816772 0.617857 0.086116 0.053501
0.821389 0.111523 0.079244 0.051528
0.592627 0.160375 0.090319 0.045756
0.374312 0.760539 0.078170 0.047679
0.367442 0.915388 0.066772 0.040711
0.932780 0.944070 0.079225 0.036277
0.933281 0.685525 0.085773 0.047112
0.167758 0.264185 0.072385 0.050158
0.924389 0.055326 0.086732 0.054163
0.263330 0.742553 0.075493 0.048501
0.161605 0.720537 0.081741 0.050948
0.167219 0.816949 0.070410 0.037391
0.373557 0.436889 0.078054 0.053418
0.929886 0.899478 0.075400 0.050021
0.375682 0.866711 0.070725 0.051036
0.161852 0.056001 0.068753 0.045855
0.473998 0.061700 0.069544 0.054922
0.706403 0.741915 0.066739 0.054897
0.255559 0.055819 0.079210 0.051602
0.823161 0.474663 0.080332 0.044188
0.929469 0.510534 0.076979 0.050907
0.165226 0.488894 0.077832 0.048111
0.587101 0.497447 0.069895 0.053060
0.475589 0.840976 0.054141 0.049819
0.602382 0.609792 0.091202 0.051402
0.160675 0.907578 0.063419 0.049785
0.067856 0.271745 0.072528 0.051954
0.476137 0.533871 0.063181 0.045157
0.268663 0.331174 0.076214 0.058524
0.472734 0.621619 0.067033 0.039625
0.709314 0.365353 0.081130 0.044162
0.057588 0.055930 0.072627 0.049008
0.254111 0.162573 0.082142 0.040387
0.922701 0.223788 0.071473 0.053030
0.703484 0.630371 0.067784 0.048473
0.160283 0.962460 0.077565 0.050772
0.588624 0.839010 0.073264 0.048330
0.474063 0.270228 0.076206 0.041699
0.595585 0.939741 0.075199 0.046969
0.815732 0.374295 0.067633 0.042768
0.063240 0.484991 0.074863 0.051572
0.261147 0.385802 0.064267 0.047499
0.710671 0.154768 0.065092 0.049563
0.586677 0.056666 0.081592 0.053409
0.821896 0.937491 0.089263 0.038045
0.361857 0.708571 0.082551 0.046499
0.061390 0.537194 0.069232 0.048598
0.368275 0.815021 0.058545 0.049603
0.710123 0.938285 0.088073 0.042353
0.365090 0.058527 0.077451 0.052563
0.590251 0.781620 0.079903 0.060244
0.590237 0.266747 0.071802 0.048316
0.160273 0.432060 0.065025 0.055970
0.158690 0.662084 0.072113 0.058628
0.818939 0.841917 0.063755 0.049465
0.593323 0.889435 0.076142 0.043836
0.259482 0.484190 0.066747 0.055153
0.163406 0.859415 0.053881 0.039182
0.815677 0.055294 0.079080 0.049263
0.473525 0.579817 0.063635 0.036301
0.475514 0.939692 0.093134 0.041074
0.261254 0.431720 0.065539 0.041485
0.815306 0.323713 0.079405 0.040495
0.365767 0.652180 0.063507 0.051235
0.477412 0.481068 0.055286 0.052243
0.933489 0.981546 0.063812 0.032665
0.163726 0.600497 0.068721 0.053380
0.273996 0.966647 0.061510 0.047551
0.261851 0.212930 0.059087 0.052654
0.817637 0.788836 0.089181 0.049516
0.820161 0.568783 0.077194 0.039973
0.262699 0.593076 0.065548 0.037040
0.704275 0.050232 0.066120 0.041499
0.708146 0.686782 0.064789 0.049961
0.264750 0.271099 0.057414 0.052059
0.711907 0.101245 0.078597 0.053844
0.701704 0.200791 0.072560 0.032587
0.056099 0.322613 0.059313 0.038729
0.817093 0.163360 0.062933 0.048830
0.592470 0.111353 0.055239 0.047878
0.588955 0.977216 0.085312 0.028727
0.474712 0.171580 0.048159 0.042754
0.365726 0.113199 0.055442 0.053701
0.703758 0.897430 0.081533 0.032232
0.703209 0.976283 0.081498 0.034386
0.820184 0.975919 0.112677 0.040148
0.160770 0.374141 0.058879 0.052841
