0.138472 0.560915 0.056315 0.031298
0.128869 0.747638 0.052985 0.038623
0.735321 0.708478 0.058667 0.033350
0.632254 0.490751 0.057031 0.032781
0.137033 0.598310 0.059357 0.031989
0.140512 0.636229 0.061384 0.031709
0.439414 0.715586 0.056758 0.032487
0.435708 0.348935 0.061186 0.030622
0.236680 0.548889 0.060698 0.031113
0.237521 0.810002 0.054506 0.034822
0.432648 0.254538 0.063049 0.031575
0.430918 0.154633 0.057625 0.032119
0.639063 0.791560 0.050617 0.038139
0.540156 0.495541 0.053194 0.039078
0.229036 0.847410 0.051850 0.028182
0.438770 0.858944 0.058300 0.031352
0.126522 0.854935 0.055936 0.034743
0.539272 0.709722 0.052509 0.033389
0.630261 0.422890 0.047544 0.033380
0.442470 0.747167 0.056757 0.028291
0.741822 0.815235 0.060668 0.040264
0.735463 0.233735 0.053706 0.036964
0.539328 0.457529 0.054660 0.031374
0.736172 0.354230 0.057046 0.029614
0.541975 0.576196 0.058892 0.032658
0.333156 0.718620 0.053288 0.033038
0.439600 0.506987 0.049461 0.032384
0.328990 0.322841 0.055930 0.031385
0.232010 0.883645 0.049592 0.036759
0.736925 0.498413 0.053131 0.029896
0.442830 0.781819 0.070327 0.032819
0.438532 0.433677 0.053632 0.030651
0.231671 0.296276 0.056196 0.031622
0.137222 0.498372 0.053286 0.024979
0.338406 0.860537 0.062321 0.036774
0.929160 0.397632 0.054802 0.036740
0.230999 0.696654 0.054466 0.032143
0.139089 0.528596 0.051123 0.025610
0.543333 0.644018 0.062340 0.030508
0.636406 0.833738 0.046848 0.037010
0.526194 0.159996 0.053259 0.027060
0.933046 0.819101 0.054525 0.035651
0.531525 0.224692 0.068320 0.030221
0.232022 0.333736 0.047477 0.034294
0.231965 0.770861 0.053753 0.031618
0.440527 0.680817 0.063049 0.029831
0.737156 0.604435 0.053477 0.029889
0.333839 0.449844 0.059679 0.030800
0.329296 0.290351 0.049103 0.028462
0.128192 0.892712 0.058654 0.027044
0.539663 0.535907 0.054550 0.035604
0.337293 0.487055 0.052231 0.032284
0.233801 0.511824 0.054210 0.034656
0.537286 0.748422 0.051432 0.032779
0.630835 0.335973 0.047384 0.030631
0.928751 0.664901 0.057812 0.032164
0.532962 0.352982 0.066600 0.033770
0.126996 0.822971 0.049481 0.025354
0.630714 0.231189 0.054668 0.029888
0.128839 0.314392 0.059584 0.030522
0.638578 0.868993 0.051972 0.026272
0.629811 0.265280 0.058556 0.028605
0.331683 0.417259 0.056172 0.025861
0.436231 0.609080 0.049741 0.029202
0.138207 0.427711 0.061926 0.033358
0.439089 0.645979 0.060588 0.033943
0.632317 0.457850 0.043186 0.027465
0.934803 0.861864 0.055062 0.040882
0.734413 0.640241 0.050034 0.032025
0.239106 0.402341 0.057155 0.029967
0.928645 0.477272 0.055394 0.027744
0.336125 0.581447 0.052819 0.034758
0.332538 0.655621 0.052164 0.027790
0.136635 0.352772 0.067131 0.036571
0.632500 0.528113 0.049149 0.033027
0.731845 0.672334 0.051988 0.027709
0.734822 0.392809 0.048181 0.036378
0.929872 0.554750 0.055800 0.034232
0.831995 0.704883 0.053569 0.034363
0.730326 0.136802 0.055839 0.032792
0.128886 0.790367 0.048841 0.031883
0.735949 0.171354 0.046790 0.030606
0.324220 0.220117 0.049738 0.028511
0.332706 0.545344 0.058777 0.026596
0.220912 0.135752 0.048720 0.034392
0.737133 0.273585 0.053848 0.031078
0.536677 0.786679 0.055748 0.032898
0.629552 0.128207 0.055682 0.029825
0.437679 0.889320 0.059722 0.025155
0.127172 0.244989 0.048094 0.037001
0.932281 0.440831 0.049231 0.035497
0.532986 0.283761 0.047382 0.032604
0.438603 0.818979 0.059357 0.031009
0.824372 0.191716 0.051706 0.029680
0.227097 0.230495 0.056452 0.026949
0.736182 0.536412 0.045160 0.037192
0.337650 0.897880 0.051823 0.032969
0.532506 0.317333 0.047224 0.031529
0.627830 0.165626 0.047882 0.031317
0.438079 0.469165 0.044192 0.030808
0.831677 0.568211 0.055217 0.026695
0.626014 0.198071 0.055220 0.024349
0.927919 0.782256 0.053846 0.026620
0.232386 0.439363 0.058574 0.034671
0.225847 0.200716 0.049088 0.031603
0.928039 0.750807 0.051001 0.027835
0.831849 0.534444 0.049505 0.034247
0.833464 0.602590 0.060317 0.032064
0.735176 0.466278 0.043407 0.028635
0.929847 0.512525 0.044042 0.036546
0.930579 0.594760 0.046483 0.031259
0.831624 0.268700 0.052936 0.029660
0.127880 0.281089 0.046731 0.027172
0.823326 0.101751 0.054071 0.034266
0.233828 0.924089 0.060876 0.034971
0.229858 0.260259 0.051993 0.032889
0.330832 0.156701 0.055776 0.034401
0.831941 0.402853 0.055396 0.028203
0.436756 0.578670 0.046296 0.023554
0.430241 0.288822 0.041481 0.029856
0.540182 0.392576 0.058004 0.039410
0.339374 0.754497 0.060228 0.029317
0.829001 0.307551 0.051209 0.043235
0.527586 0.132586 0.055614 0.024289
0.127071 0.178075 0.048869 0.034871
0.430972 0.187883 0.056993 0.025601
0.537386 0.845746 0.046469 0.025671
0.734554 0.431105 0.047832 0.029678
0.639986 0.672401 0.044584 0.034732
0.637722 0.711453 0.044982 0.031703
0.832072 0.501078 0.044750 0.032525
0.328836 0.254318 0.037702 0.034885
0.444998 0.921828 0.055191 0.030994
0.637118 0.751198 0.051891 0.029348
0.836436 0.805571 0.050752 0.039706
0.735181 0.313941 0.047128 0.042368
0.526779 0.190443 0.045661 0.029376
0.930446 0.323720 0.044664 0.031523
0.432141 0.219904 0.054615 0.030314
0.232215 0.662610 0.048017 0.030941
0.633555 0.391680 0.057092 0.025319
0.333571 0.685086 0.045470 0.030445
0.331236 0.355649 0.041077 0.031765
0.134032 0.711706 0.056627 0.031246
0.540148 0.677027 0.055409 0.026558
0.741955 0.852958 0.055433 0.023023
0.233750 0.369331 0.047547 0.026811
0.435900 0.543023 0.041990 0.032753
0.638997 0.632933 0.049328 0.034629
0.233323 0.476628 0.044760 0.026786
0.138229 0.465103 0.040821 0.032684
0.743191 0.880376 0.053945 0.024586
0.221195 0.168461 0.046376 0.027344
0.633982 0.566165 0.041308 0.034968
0.231421 0.731734 0.042865 0.031709
0.333103 0.385932 0.043833 0.029087
0.132014 0.389821 0.050447 0.033136
0.837302 0.882401 0.039780 0.030519
0.219822 0.099535 0.048999 0.028937
0.126212 0.210372 0.056599 0.025219
0.831750 0.230916 0.067160 0.034564
0.534507 0.425225 0.046511 0.024103
0.930820 0.906524 0.057505 0.037855
0.736924 0.742781 0.042576 0.029986
0.929799 0.288429 0.042720 0.032850
0.738513 0.777906 0.046353 0.030961
0.540571 0.878381 0.038643 0.030136
0.645014 0.925045 0.053504 0.029191
0.426828 0.096287 0.051271 0.027780
0.838525 0.667839 0.050966 0.028378
0.539517 0.610861 0.045629 0.028753
0.831621 0.439933 0.059063 0.030719
0.332302 0.789222 0.041513 0.030215
0.426190 0.125005 0.059427 0.022639
0.833753 0.766042 0.042577 0.029534
0.824275 0.160298 0.050022 0.024002
0.329406 0.188452 0.042703 0.027572
0.737305 0.572502 0.049338 0.023129
0.633253 0.365916 0.053111 0.022911
0.733478 0.099867 0.055386 0.032830
0.330662 0.820646 0.038652 0.031192
0.544511 0.920138 0.056167 0.035106
0.431817 0.317742 0.041183 0.028753
0.133895 0.675382 0.056078 0.039643
0.233726 0.586396 0.047992 0.037161
0.132379 0.924167 0.047554 0.026225
0.540487 0.817264 0.054499 0.020148
0.639107 0.898224 0.049530 0.024235
0.532551 0.254307 0.055300 0.022405
0.834424 0.846339 0.041805 0.031432
0.930007 0.215289 0.037643 0.033198
0.527225 0.099473 0.040740 0.030232
0.634001 0.298791 0.053824 0.033766
0.127739 0.099763 0.052436 0.027912
0.843959 0.916592 0.071718 0.032790
0.327213 0.126925 0.052518 0.022842
0.836106 0.369893 0.048899 0.026124
0.126182 0.135005 0.050393 0.038177
0.738271 0.198627 0.053736 0.020788
0.926542 0.630088 0.043666 0.024796
0.834355 0.343045 0.048566 0.020202
0.925279 0.103292 0.042115 0.033031
0.334893 0.618309 0.042210 0.034091
0.335904 0.517220 0.050885 0.020811
0.933270 0.358898 0.039553 0.027203
0.840568 0.736152 0.053180 0.020802
0.323852 0.098550 0.041078 0.030247
0.927985 0.721740 0.039311 0.020111
0.234590 0.624643 0.039837 0.032963
0.837255 0.636449 0.036007 0.025933
0.837149 0.470515 0.051545 0.021700
0.931084 0.254545 0.036890 0.027133
0.624988 0.095014 0.045693 0.027580
0.927885 0.177492 0.038464 0.028630
0.930692 0.694867 0.049320 0.019914
0.743827 0.912663 0.041596 0.027872
0.831057 0.134403 0.051948 0.019470
0.444532 0.404902 0.072291 0.021404
0.435124 0.380976 0.060976 0.025607
0.346035 0.930934 0.054382 0.024475
0.929118 0.140670 0.031673 0.031550
0.633747 0.600580 0.059687 0.024981
