0.935674 0.883950 0.069803 0.038513
0.822887 0.129185 0.079730 0.047575
0.385849 0.817811 0.076509 0.057448
0.820681 0.344860 0.071021 0.036877
0.815403 0.301471 0.069012 0.042560
0.825434 0.211791 0.070928 0.038237
0.604683 0.260967 0.077574 0.041556
0.719093 0.895694 0.072809 0.045336
0.815827 0.706897 0.065406 0.037720
0.503936 0.620200 0.085521 0.044494
0.287598 0.705073 0.081449 0.044933
0.939536 0.373886 0.068658 0.038814
0.711377 0.110780 0.061239 0.038662
0.606646 0.356842 0.081302 0.046675
0.602370 0.177190 0.071756 0.042338
0.712888 0.329062 0.082671 0.048002
0.927682 0.923443 0.069506 0.035179
0.496979 0.180652 0.075351 0.046847
0.392366 0.171293 0.063576 0.033257
0.278853 0.583785 0.068486 0.047614
0.941170 0.626030 0.073965 0.041492
0.397040 0.619829 0.069946 0.047075
0.609165 0.780771 0.064355 0.054285
0.054279 0.371480 0.079036 0.040004
0.715939 0.845660 0.073825 0.050129
0.279884 0.440308 0.081577 0.042621
0.824566 0.612229 0.074660 0.041748
0.824757 0.568588 0.069557 0.038230
0.612044 0.727270 0.065320 0.048123
0.604512 0.496687 0.090115 0.055676
0.399209 0.352994 0.058209 0.045610
0.280860 0.792383 0.075384 0.046495
0.607800 0.835659 0.076683 0.049804
0.171516 0.667264 0.073054 0.038861
0.176229 0.192888 0.080530 0.041379
0.276770 0.116537 0.061430 0.041456
0.826645 0.412910 0.066437 0.031556
0.287048 0.363843 0.084222 0.045491
0.397074 0.434949 0.065993 0.038277
0.171330 0.150365 0.064306 0.037211
0.274949 0.208578 0.080697 0.046677
0.056619 0.417911 0.068234 0.046650
0.499689 0.506416 0.077725 0.039149
0.825007 0.172894 0.074406 0.036030
0.392240 0.477129 0.075747 0.043119
0.395600 0.306478 0.073983 0.041842
0.499985 0.746385 0.066455 0.037892
0.940617 0.673171 0.062270 0.044703
0.711978 0.375543 0.062279 0.042325
0.713088 0.071232 0.073676 0.038138
0.394285 0.523488 0.061486 0.045878
0.495636 0.309634 0.087514 0.048620
0.392075 0.259161 0.074929 0.049215
0.170601 0.312686 0.062400 0.043807
0.053322 0.179846 0.093404 0.050137
0.598309 0.131484 0.060031 0.045563
0.932318 0.086909 0.074217 0.045389
0.604981 0.446274 0.085208 0.042575
0.938360 0.534960 0.057266 0.042430
0.165954 0.713623 0.075387 0.048795
0.505767 0.359568 0.065763 0.044397
0.814689 0.831598 0.065294 0.045396
0.946973 0.581007 0.073806 0.045762
0.928346 0.134191 0.064273 0.041547
0.057956 0.126047 0.065464 0.051793
0.713910 0.154396 0.073407 0.043750
0.501855 0.264718 0.068179 0.034369
0.385035 0.209433 0.062351 0.039937
0.820898 0.873422 0.074746 0.038288
0.283572 0.748088 0.071507 0.038551
0.936996 0.294544 0.058232 0.041829
0.385506 0.133552 0.062657 0.039763
0.937954 0.176143 0.058960 0.039054
0.283054 0.659745 0.064609 0.042201
0.818589 0.479909 0.061092 0.045498
0.721957 0.196606 0.075250 0.041537
0.716441 0.697864 0.062347 0.048761
0.493488 0.132949 0.062606 0.045105
0.052934 0.458782 0.070553 0.033662
0.170521 0.514887 0.057914 0.036091
0.270388 0.033144 0.075018 0.045035
0.506109 0.547016 0.074273 0.037947
0.610943 0.547781 0.069167 0.046719
0.610670 0.595121 0.083297 0.040180
0.292470 0.161272 0.076862 0.041812
0.050841 0.328264 0.068030 0.035616
0.391310 0.667656 0.059569 0.046921
0.498216 0.403235 0.067169 0.037010
0.494481 0.086193 0.080290 0.039415
0.927086 0.036231 0.078622 0.044423
0.054417 0.285092 0.054712 0.043471
0.817386 0.526757 0.063919 0.042899
0.599034 0.080702 0.057947 0.054199
0.932006 0.454370 0.087004 0.046158
0.170268 0.477194 0.055324 0.037189
0.719969 0.792558 0.060295 0.046971
0.931174 0.333231 0.054688 0.034178
0.393609 0.713702 0.065115 0.042857
0.712500 0.417577 0.060129 0.038850
0.606789 0.916564 0.072615 0.040889
0.928678 0.803253 0.059200 0.041510
0.938142 0.718947 0.051895 0.042044
0.821647 0.078476 0.081976 0.045012
0.718165 0.456721 0.068859 0.038892
0.715148 0.647303 0.074915 0.047237
0.925261 0.961292 0.079997 0.037457
0.934597 0.250564 0.069014 0.040541
0.814869 0.745836 0.074872 0.034279
0.496302 0.703822 0.057690 0.037034
0.608326 0.677193 0.060438 0.047375
0.503396 0.469384 0.060246 0.031686
0.820174 0.659956 0.059515 0.043998
0.169878 0.586361 0.059006 0.044700
0.053189 0.234199 0.065920 0.051642
0.721479 0.745789 0.062271 0.042404
0.604784 0.030921 0.073352 0.040052
0.606841 0.219687 0.061981 0.039526
0.497812 0.663507 0.069186 0.039018
0.936973 0.413260 0.062648 0.037037
0.286344 0.264145 0.078839 0.054740
0.608163 0.309644 0.062226 0.044764
0.174064 0.233681 0.077667 0.036011
0.821985 0.380362 0.050558 0.028875
0.398235 0.571286 0.056731 0.046740
0.174343 0.757959 0.074435 0.038375
0.279166 0.485001 0.085675 0.044152
0.284794 0.839271 0.077028 0.044178
0.047235 0.501709 0.064520 0.046774
0.721223 0.277620 0.063256 0.041090
0.283511 0.532715 0.061073 0.047174
0.822273 0.910509 0.082658 0.032838
0.280432 0.622471 0.067743 0.028611
0.818400 0.255744 0.054921 0.040278
0.604118 0.402301 0.058051 0.039283
0.818339 0.946924 0.067536 0.039997
0.169217 0.271143 0.069586 0.031332
0.930480 0.496295 0.058472 0.030744
0.716746 0.562929 0.064597 0.043431
0.719676 0.940061 0.080464 0.040562
0.169825 0.392944 0.068263 0.045851
0.718135 0.238456 0.057391 0.037736
0.051429 0.561349 0.086832 0.058291
0.279713 0.312427 0.064358 0.042605
0.397859 0.762285 0.073993 0.051509
0.167828 0.628995 0.051885 0.040307
0.815121 0.785599 0.057462 0.038604
0.711204 0.030083 0.059672 0.032582
0.617151 0.958237 0.078992 0.042690
0.505795 0.581099 0.083590 0.029274
0.172414 0.547898 0.054275 0.028660
0.389890 0.396542 0.061717 0.033728
0.928705 0.842169 0.048654 0.037406
0.501458 0.437835 0.054638 0.029119
0.935299 0.762350 0.059174 0.035766
0.052225 0.618453 0.058513 0.050201
0.172007 0.437822 0.046265 0.039741
0.717517 0.511795 0.069113 0.060766
0.943003 0.213186 0.074648 0.026093
0.713063 0.607603 0.086264 0.042066
0.395088 0.919740 0.063351 0.049740
0.390371 0.871749 0.054664 0.041944
0.168361 0.034260 0.056098 0.044168
0.493078 0.039102 0.057339 0.052044
0.274466 0.073042 0.053855 0.035304
0.282338 0.401484 0.068422 0.032695
0.615520 0.633743 0.087110 0.036107
0.818300 0.443107 0.064359 0.023521
0.165254 0.077687 0.059913 0.039984
0.382267 0.033537 0.064649 0.050435
0.603299 0.878378 0.058862 0.033246
0.386752 0.085577 0.064354 0.053991
0.496182 0.952218 0.062884 0.045856
0.169371 0.111108 0.046280 0.035937
0.502653 0.878004 0.069077 0.032200
0.495039 0.910387 0.050738 0.032574
0.171011 0.803286 0.054070 0.049668
0.397219 0.965207 0.094728 0.038500
0.498448 0.788900 0.065408 0.043158
0.286567 0.883410 0.067188 0.044163
0.172510 0.353509 0.066396 0.030426
0.498439 0.837055 0.063980 0.048849
0.821181 0.036415 0.060742 0.043171
0.501288 0.224984 0.063129 0.038833
0.719690 0.970925 0.071692 0.033436
