0.410516 0.796971 0.065966 0.040430
0.298182 0.505527 0.063430 0.039002
0.405827 0.446946 0.073539 0.040728
0.063947 0.371926 0.067096 0.041633
0.190602 0.802735 0.080223 0.043586
0.399031 0.372414 0.063676 0.035906
0.292966 0.714883 0.067849 0.045992
0.291326 0.151786 0.075021 0.046738
0.294239 0.759414 0.073843 0.038122
0.191695 0.852323 0.072276 0.048769
0.184432 0.145153 0.063919 0.035541
0.623690 0.284252 0.077591 0.041115
0.731416 0.815089 0.064479 0.048913
0.187869 0.758685 0.062647 0.042385
0.394918 0.078800 0.072792 0.037662
0.297470 0.585067 0.074025 0.042022
0.394037 0.249856 0.055081 0.036684
0.190270 0.503182 0.067091 0.051117
0.082652 0.645615 0.069084 0.041806
0.517859 0.844945 0.062606 0.050256
0.301156 0.802932 0.072210 0.040451
0.840809 0.704308 0.078120 0.046718
0.824040 0.070895 0.058685 0.033261
0.297201 0.333788 0.063818 0.038613
0.837637 0.245305 0.069246 0.033623
0.735356 0.299139 0.068947 0.034080
0.402638 0.646804 0.060897 0.033749
0.407358 0.721178 0.074253 0.039664
0.938880 0.160960 0.060201 0.037101
0.831635 0.211607 0.061958 0.031582
0.414346 0.953606 0.072237 0.045427
0.520365 0.169744 0.068431 0.049377
0.840654 0.286305 0.071707 0.039794
0.625533 0.717868 0.062767 0.040787
0.400927 0.292490 0.059504 0.045028
0.845841 0.750587 0.069039 0.038978
0.618834 0.078594 0.067874 0.036579
0.081108 0.599971 0.064712 0.045203
0.406718 0.756899 0.067487 0.033238
0.519205 0.213058 0.072776 0.035783
0.081054 0.551366 0.063168 0.047256
0.622235 0.572662 0.052916 0.036597
0.188763 0.253028 0.057435 0.039954
0.298107 0.890081 0.061186 0.047104
0.187944 0.638408 0.069503 0.036641
0.078194 0.500505 0.065956 0.047075
0.071195 0.413931 0.074345 0.037931
0.299261 0.418047 0.065166 0.037399
0.297390 0.289255 0.076536 0.044795
0.723603 0.123148 0.056717 0.042308
0.302934 0.375761 0.082223 0.042224
0.831553 0.107970 0.067823 0.035631
0.507899 0.333268 0.059880 0.037435
0.506804 0.035546 0.084982 0.046667
0.400556 0.534645 0.065269 0.040238
0.519871 0.699102 0.065433 0.036683
0.944371 0.120180 0.070288 0.040191
0.735166 0.608589 0.066267 0.036614
0.293676 0.106709 0.062618 0.036885
0.512486 0.250751 0.077799 0.033391
0.515894 0.083143 0.069306 0.043213
0.622471 0.327121 0.065025 0.038945
0.835325 0.866874 0.054548 0.046996
0.298735 0.844712 0.069996 0.038993
0.071595 0.252355 0.077621 0.039090
0.944460 0.202760 0.059842 0.039383
0.631803 0.791441 0.064617 0.037788
0.186032 0.293002 0.078474 0.035599
0.073484 0.293172 0.062632 0.039859
0.188853 0.377246 0.067134 0.034604
0.403136 0.682647 0.050993 0.032404
0.405728 0.491597 0.058941 0.044111
0.732383 0.646625 0.064556 0.037220
0.511789 0.442238 0.063144 0.041184
0.187131 0.680715 0.077510 0.041823
0.292848 0.460769 0.072359 0.045926
0.520704 0.799024 0.061767 0.034950
0.622733 0.612619 0.064063 0.033565
0.625355 0.245013 0.065339 0.037471
0.729345 0.262260 0.054231 0.034044
0.075556 0.455146 0.072528 0.038254
0.724403 0.079201 0.066336 0.042492
0.616788 0.116735 0.063139 0.035175
0.294910 0.628250 0.056020 0.043164
0.394080 0.334965 0.057402 0.033644
0.947287 0.402076 0.073935 0.040813
0.086907 0.971265 0.072017 0.041450
0.291137 0.243322 0.058530 0.045787
0.304251 0.935074 0.058570 0.039903
0.397372 0.205778 0.056086 0.046207
0.726983 0.228885 0.048111 0.031399
0.068314 0.332323 0.062517 0.037104
0.622238 0.677811 0.054763 0.035882
0.396362 0.157532 0.056282 0.043337
0.519928 0.895071 0.059547 0.042164
0.845035 0.474258 0.055288 0.046312
0.520380 0.583285 0.053257 0.046104
0.405950 0.611693 0.062697 0.033824
0.627653 0.488110 0.058517 0.040764
0.635052 0.957084 0.068645 0.039007
0.188363 0.079368 0.057222 0.040950
0.525440 0.661829 0.068745 0.033089
0.841136 0.518792 0.062364 0.039452
0.186597 0.212186 0.057844 0.036288
0.829680 0.031729 0.067359 0.036477
0.731394 0.378810 0.046299 0.042938
0.734850 0.427704 0.053125 0.047940
0.066874 0.182698 0.070791 0.029694
0.185814 0.457860 0.062808 0.035336
0.187587 0.417394 0.063852 0.044512
0.840003 0.821074 0.056225 0.042465
0.732557 0.512209 0.055916 0.051418
0.393318 0.118136 0.061865 0.033653
0.393507 0.033201 0.066220 0.045394
0.414023 0.839051 0.070545 0.037652
0.830001 0.144812 0.070458 0.034076
0.944845 0.443167 0.056638 0.038839
0.734010 0.564658 0.064793 0.046926
0.617502 0.158834 0.067795 0.048960
0.952185 0.810095 0.059659 0.036363
0.405361 0.407671 0.056827 0.034206
0.196347 0.898393 0.059477 0.040645
0.507504 0.534793 0.065432 0.044858
0.628618 0.361172 0.067538 0.031938
0.732091 0.688018 0.052389 0.042664
0.402470 0.575234 0.049223 0.035249
0.193857 0.594901 0.059051 0.040766
0.723863 0.165974 0.046846 0.037703
0.295127 0.200533 0.076036 0.038720
0.510353 0.291510 0.091991 0.039160
0.624794 0.531134 0.050994 0.041158
0.936445 0.033596 0.062470 0.039285
0.074586 0.216267 0.066258 0.030925
0.941690 0.077050 0.057299 0.041115
0.947572 0.583617 0.060745 0.044465
0.189950 0.179669 0.059684 0.027337
0.945716 0.538670 0.059422 0.036893
0.072368 0.144837 0.063226 0.046914
0.630753 0.886049 0.062386 0.042945
0.624510 0.754627 0.063862 0.028936
0.950662 0.358168 0.060887 0.043333
0.717888 0.034558 0.065746 0.038649
0.743204 0.940446 0.067134 0.040914
0.058537 0.094912 0.063138 0.046777
0.733916 0.729608 0.070208 0.038739
0.837611 0.910888 0.057351 0.034225
0.625793 0.205299 0.065362 0.039910
0.079577 0.870589 0.066184 0.039531
0.835484 0.177766 0.055483 0.032911
0.299442 0.544578 0.056203 0.034979
0.844896 0.602757 0.078691 0.029190
0.952696 0.927877 0.059352 0.031796
0.193522 0.550361 0.051784 0.038088
0.835737 0.563701 0.057937 0.041551
0.286677 0.071031 0.075389 0.032922
0.298358 0.672068 0.049162 0.037535
0.839171 0.428565 0.052363 0.041087
0.517948 0.624316 0.062866 0.032647
0.734423 0.767560 0.071314 0.040312
0.946394 0.960282 0.067976 0.030233
0.189865 0.334669 0.050001 0.043000
0.731835 0.468464 0.070844 0.033513
0.519810 0.766548 0.048058 0.028193
0.080803 0.905975 0.076698 0.034068
0.190510 0.719916 0.056438 0.032142
0.632470 0.645420 0.057417 0.025264
0.193726 0.947642 0.074969 0.051473
0.519147 0.736226 0.060633 0.029567
0.514314 0.124974 0.080243 0.033322
0.306459 0.970906 0.061346 0.033764
0.950017 0.310131 0.056967 0.046559
0.947126 0.237255 0.064490 0.025076
0.954466 0.672485 0.053031 0.047191
0.729806 0.337036 0.056679 0.035451
0.613685 0.035872 0.059554 0.042780
0.727279 0.198059 0.063926 0.025681
0.515318 0.488172 0.051177 0.045193
0.845107 0.639780 0.066279 0.041153
0.740474 0.899719 0.045856 0.033665
0.185021 0.035436 0.063287 0.042966
0.627309 0.924031 0.055930 0.027402
0.955075 0.770052 0.044687 0.035426
0.077483 0.822762 0.054608 0.047004
0.081427 0.936771 0.053043 0.025954
0.626505 0.453249 0.049307 0.025008
0.626344 0.395240 0.046049 0.032173
0.065544 0.043599 0.076951 0.055160
0.513001 0.368898 0.061070 0.032514
0.950334 0.884325 0.054032 0.050278
0.630701 0.837658 0.057531 0.048966
0.288902 0.033135 0.049673 0.036713
0.836724 0.387799 0.048526 0.034419
0.187466 0.112222 0.055045 0.026120
0.838584 0.330499 0.062936 0.046335
0.951992 0.726199 0.052921 0.049104
0.516849 0.402370 0.076674 0.031409
0.840456 0.783926 0.046573 0.027128
0.080342 0.727469 0.042417 0.038363
0.083684 0.774149 0.058688 0.048086
0.077550 0.686607 0.045001 0.035132
0.944669 0.267357 0.049081 0.033220
0.735955 0.861613 0.043474 0.035427
0.528625 0.956408 0.090163 0.043245
0.836142 0.950285 0.064460 0.041569
0.950607 0.627855 0.044568 0.038499
0.418723 0.905909 0.093716 0.046580
0.629271 0.425286 0.065703 0.029731
0.946749 0.479561 0.052884 0.034783
0.947248 0.504941 0.050944 0.031390
0.526374 0.940119 0.085650 0.045131
0.955279 0.841839 0.045252 0.023812
0.414933 0.884049 0.088922 0.050512
0.848038 0.668952 0.047278 0.022800
