0.820053 0.790731 0.057497 0.041020
0.909874 0.808772 0.057310 0.029309
0.527675 0.210559 0.061592 0.042772
0.909338 0.713499 0.058666 0.033016
0.819189 0.501441 0.065843 0.031580
0.226371 0.334233 0.058521 0.028973
0.331456 0.600340 0.063629 0.034961
0.328476 0.460351 0.058161 0.027960
0.223481 0.371274 0.055891 0.034687
0.821944 0.650261 0.060511 0.033291
0.922253 0.435454 0.057009 0.034885
0.820880 0.684737 0.056603 0.028710
0.918985 0.473417 0.051932 0.028237
0.330212 0.180649 0.056402 0.035175
0.825519 0.140884 0.057267 0.033640
0.432820 0.632142 0.059784 0.029409
0.432120 0.699876 0.061058 0.030865
0.225880 0.823614 0.058963 0.033025
0.225859 0.600398 0.053958 0.032897
0.629318 0.166092 0.057721 0.028296
0.534011 0.538637 0.055723 0.040484
0.430193 0.359927 0.055728 0.036581
0.906019 0.884252 0.057821 0.027524
0.331905 0.525147 0.057911 0.031158
0.329836 0.290989 0.060253 0.031346
0.823647 0.174392 0.056289 0.025965
0.128002 0.619154 0.060588 0.030408
0.124075 0.462791 0.060525 0.029681
0.536019 0.577916 0.056855 0.031374
0.329659 0.257210 0.060738 0.029975
0.631506 0.241352 0.054029 0.035123
0.723925 0.690991 0.047082 0.032365
0.726910 0.261301 0.049393 0.032986
0.821468 0.718930 0.052735 0.031449
0.220098 0.714159 0.065574 0.032548
0.225492 0.271336 0.052066 0.036646
0.435771 0.397561 0.056208 0.028656
0.821400 0.430731 0.050760 0.033751
0.525797 0.249258 0.058502 0.027572
0.431726 0.596595 0.055042 0.031821
0.125341 0.397363 0.051418 0.032500
0.537660 0.756765 0.056795 0.033315
0.725351 0.457653 0.051629 0.028360
0.730906 0.358777 0.057281 0.031576
0.332127 0.561482 0.049434 0.032577
0.824776 0.207280 0.053745 0.028652
0.119467 0.834092 0.048987 0.027996
0.430826 0.182094 0.054331 0.033392
0.432071 0.796175 0.062638 0.029558
0.221832 0.676721 0.070886 0.034751
0.824843 0.537026 0.065691 0.030969
0.823524 0.611093 0.052124 0.031801
0.529492 0.829873 0.053896 0.032541
0.434936 0.219293 0.060879 0.032045
0.535120 0.444923 0.058063 0.029295
0.227309 0.447439 0.066408 0.041446
0.823437 0.326938 0.051347 0.029229
0.727831 0.758564 0.051115 0.034336
0.917248 0.249338 0.059223 0.028110
0.828222 0.270023 0.063638 0.028150
0.432199 0.144147 0.060972 0.034592
0.429523 0.317138 0.052080 0.033991
0.427920 0.105208 0.059131 0.031314
0.537783 0.716938 0.051842 0.037209
0.533708 0.412577 0.049858 0.027396
0.125888 0.741759 0.064754 0.029758
0.531584 0.101943 0.057706 0.033394
0.631914 0.135213 0.050194 0.025326
0.437402 0.863213 0.046786 0.032810
0.633728 0.202187 0.054855 0.032358
0.533963 0.793128 0.055630 0.030275
0.916926 0.286162 0.051320 0.036620
0.325823 0.669182 0.050104 0.028376
0.123949 0.357412 0.065632 0.039511
0.535362 0.346541 0.056662 0.031707
0.225304 0.142286 0.055134 0.030918
0.532060 0.281926 0.065176 0.031047
0.919776 0.397712 0.048263 0.030695
0.916070 0.613539 0.053124 0.024902
0.909608 0.846969 0.053892 0.033335
0.438966 0.461622 0.063323 0.032371
0.121893 0.523580 0.045375 0.028669
0.430435 0.663926 0.052829 0.026158
0.726667 0.587217 0.050274 0.026793
0.534882 0.683163 0.050228 0.024111
0.531878 0.138292 0.055417 0.028910
0.225600 0.751769 0.053577 0.032394
0.817859 0.750764 0.050484 0.029176
0.824869 0.573963 0.055376 0.029373
0.124289 0.588143 0.056502 0.025425
0.920083 0.362415 0.053832 0.029209
0.727450 0.324872 0.051453 0.023827
0.229748 0.637291 0.053492 0.033041
0.722871 0.621219 0.047377 0.031274
0.725740 0.226813 0.043843 0.029852
0.122897 0.282313 0.050689 0.029769
0.433514 0.495003 0.050853 0.028413
0.435612 0.829807 0.058665 0.029152
0.322465 0.394384 0.051740 0.038957
0.121828 0.429990 0.060758 0.023909
0.728995 0.196276 0.047672 0.027060
0.329745 0.735017 0.046366 0.037949
0.225109 0.859282 0.051468 0.028069
0.536169 0.614712 0.052157 0.029595
0.919276 0.536886 0.047136 0.030315
0.123620 0.554946 0.049653 0.025218
0.332604 0.328379 0.060540 0.033711
0.827748 0.831318 0.051459 0.029879
0.724294 0.726102 0.049792 0.027889
0.230815 0.205445 0.056288 0.028702
0.328224 0.220326 0.045762 0.035051
0.325268 0.872192 0.050004 0.026958
0.115931 0.866553 0.054877 0.025228
0.230645 0.560695 0.052623 0.041571
0.230397 0.518060 0.056698 0.033230
0.430399 0.429943 0.064413 0.026748
0.222984 0.788695 0.047005 0.028089
0.428345 0.762722 0.047517 0.029295
0.325633 0.145548 0.046819 0.029507
0.923337 0.132533 0.050805 0.022988
0.118608 0.898457 0.047526 0.028148
0.819590 0.395172 0.047339 0.027573
0.727676 0.140462 0.047196 0.022447
0.433932 0.557388 0.044141 0.033500
0.920841 0.209852 0.045156 0.035660
0.726016 0.552525 0.042766 0.031524
0.720650 0.656561 0.041243 0.028390
0.127219 0.653765 0.059146 0.029648
0.122082 0.776468 0.057064 0.027636
0.923487 0.104837 0.049527 0.023607
0.122560 0.100636 0.052562 0.038603
0.629953 0.074212 0.052886 0.028386
0.324598 0.430388 0.048058 0.024955
0.533319 0.380121 0.045355 0.029320
0.726923 0.830589 0.047821 0.024806
0.121128 0.248884 0.045859 0.032024
0.428050 0.069889 0.053401 0.030091
0.906544 0.745805 0.047440 0.023874
0.329168 0.112632 0.063141 0.034261
0.432282 0.525065 0.050548 0.025333
0.327965 0.490467 0.051196 0.025167
0.322838 0.813908 0.048924 0.033564
0.915279 0.676384 0.049715 0.035469
0.223566 0.109256 0.050918 0.027222
0.328742 0.845062 0.050004 0.021881
0.728554 0.294203 0.046081 0.025830
0.125369 0.494432 0.057391 0.025211
0.429084 0.280578 0.053800 0.027109
0.916357 0.324233 0.045151 0.035267
0.534830 0.651593 0.049432 0.031803
0.327321 0.902566 0.052389 0.027672
0.919334 0.076980 0.048619 0.023392
0.824049 0.105292 0.040163 0.027542
0.123672 0.317612 0.052402 0.030864
0.330149 0.774963 0.043556 0.034316
0.730203 0.110188 0.049230 0.035161
0.227326 0.237978 0.057829 0.027392
0.823863 0.363352 0.045855 0.029214
0.730833 0.166613 0.059960 0.024227
0.915340 0.641743 0.056353 0.024881
0.723565 0.425451 0.044128 0.025903
0.435739 0.249340 0.059103 0.027573
0.532257 0.500123 0.046625 0.030573
0.823637 0.297323 0.054918 0.021711
0.728293 0.491520 0.045652 0.025791
0.324281 0.075048 0.064600 0.034416
0.231924 0.484847 0.062442 0.025899
0.438340 0.899654 0.041865 0.032489
0.225012 0.405569 0.042836 0.028350
0.324449 0.637142 0.053811 0.025124
0.228316 0.303013 0.053834 0.022999
0.824883 0.238834 0.064653 0.025473
0.909086 0.775249 0.040614 0.027809
0.725697 0.899757 0.051257 0.035623
0.915367 0.576902 0.042739 0.036781
0.530652 0.168831 0.046791 0.033467
0.824586 0.887500 0.056050 0.026214
0.921501 0.166022 0.044252 0.037370
0.529670 0.068612 0.053049 0.029129
0.124562 0.142324 0.064039 0.037058
0.629585 0.104555 0.039214 0.027250
0.823997 0.074879 0.060671 0.026173
0.728146 0.392896 0.043555 0.028587
0.124678 0.802890 0.056157 0.021355
0.123429 0.210791 0.045486 0.033138
0.429458 0.731674 0.038540 0.025971
0.823373 0.467613 0.054207 0.027242
0.123487 0.178726 0.063066 0.025278
0.636304 0.277203 0.065085 0.034728
0.228775 0.898043 0.046032 0.028531
0.727552 0.797037 0.042133 0.032996
0.122824 0.707260 0.045113 0.031147
0.732047 0.521990 0.054865 0.022090
0.536366 0.897343 0.052466 0.033121
0.918875 0.503914 0.034080 0.025522
0.225504 0.173362 0.040773 0.028623
0.325658 0.360997 0.062768 0.024382
0.532941 0.312639 0.039459 0.025457
0.223479 0.073963 0.046377 0.036336
0.531873 0.861743 0.038894 0.026547
0.826557 0.861416 0.046076 0.019377
0.725589 0.863450 0.034663 0.029583
0.532164 0.471887 0.046869 0.019357
0.327361 0.700524 0.048234 0.027009
0.821490 0.913150 0.039691 0.023327
0.121880 0.066630 0.054053 0.026075
0.729352 0.074347 0.059324 0.029885
0.906611 0.910638 0.039132 0.023781
0.126199 0.679407 0.044409 0.022844
0.366246 0.357068 0.032382 0.017173
