0.834603 0.815322 0.068001 0.037730
0.072219 0.079766 0.068750 0.046661
0.834100 0.929482 0.059012 0.037311
0.831371 0.133877 0.066109 0.036487
0.177458 0.230053 0.061691 0.045241
0.935177 0.807279 0.064037 0.035335
0.838413 0.232904 0.061976 0.031844
0.072547 0.166834 0.054802 0.041186
0.180941 0.423431 0.056969 0.040155
0.079726 0.605217 0.070897 0.036064
0.077884 0.932583 0.057011 0.036362
0.391047 0.857630 0.060376 0.035981
0.831573 0.554570 0.070612 0.038592
0.079432 0.765844 0.058616 0.044247
0.831818 0.515663 0.057350 0.038365
0.079751 0.891181 0.057029 0.041788
0.290508 0.215023 0.049436 0.033134
0.293773 0.581056 0.062399 0.040485
0.289254 0.334276 0.048539 0.035804
0.182989 0.090303 0.060988 0.039124
0.934640 0.586007 0.065111 0.035865
0.077840 0.643266 0.072099 0.040197
0.933139 0.388311 0.054021 0.041438
0.070765 0.255615 0.061445 0.040423
0.084137 0.808839 0.059001 0.041013
0.182367 0.533411 0.067156 0.035567
0.936789 0.704459 0.052510 0.038771
0.935224 0.230475 0.070609 0.044481
0.934884 0.848226 0.047859 0.039683
0.613066 0.211734 0.060047 0.037544
0.178594 0.189031 0.063851 0.039228
0.835091 0.271384 0.054023 0.040444
0.617486 0.458320 0.055258 0.030334
0.387760 0.419825 0.052882 0.043981
0.070055 0.336365 0.067226 0.045330
0.941738 0.189793 0.054299 0.038335
0.832695 0.064486 0.054671 0.037880
0.084193 0.721270 0.056252 0.041828
0.392487 0.890747 0.060929 0.030907
0.393686 0.789612 0.051114 0.032922
0.617420 0.537000 0.058167 0.044849
0.938411 0.524032 0.051585 0.039811
0.833956 0.775370 0.052403 0.037293
0.281835 0.887886 0.049472 0.038988
0.179433 0.348168 0.055618 0.036902
0.391226 0.752082 0.050426 0.038417
0.081204 0.681454 0.057905 0.035097
0.188515 0.706321 0.058630 0.034324
0.188474 0.463332 0.069024 0.038479
0.613949 0.244800 0.062299 0.028300
0.834441 0.965648 0.059567 0.033878
0.393519 0.922689 0.049266 0.034900
0.395871 0.338787 0.050685 0.035748
0.183992 0.499120 0.053082 0.035592
0.288989 0.181225 0.048503 0.032772
0.082640 0.566392 0.051736 0.039262
0.614231 0.343274 0.052703 0.042846
0.183724 0.570353 0.058196 0.041467
0.616987 0.494610 0.056891 0.040517
0.284736 0.441817 0.056875 0.031791
0.937671 0.662039 0.052865 0.043985
0.398790 0.821944 0.049913 0.033961
0.284398 0.922043 0.049107 0.031535
0.284392 0.707764 0.056011 0.040138
0.831066 0.632030 0.050258 0.038138
0.079332 0.970373 0.055056 0.040965
0.289497 0.367224 0.053497 0.027727
0.932054 0.970002 0.080409 0.038440
0.281229 0.850845 0.047519 0.033468
0.611180 0.622049 0.051888 0.046464
0.838415 0.199347 0.055450 0.030820
0.071023 0.211036 0.048818 0.043716
0.391531 0.376627 0.052615 0.038459
0.393670 0.575617 0.049135 0.034782
0.937177 0.428057 0.048593 0.035624
0.935710 0.273566 0.047592 0.039720
0.831501 0.098390 0.057779 0.028822
0.939691 0.622285 0.052291 0.035533
0.609936 0.275979 0.047495 0.032729
0.611938 0.307532 0.049733 0.030249
0.388052 0.503636 0.054623 0.040135
0.189715 0.864837 0.047154 0.033299
0.289623 0.122280 0.045110 0.030028
0.835967 0.887029 0.053156 0.044651
0.390514 0.962588 0.051601 0.038580
0.386286 0.460642 0.055533 0.040632
0.177100 0.306665 0.046288 0.040678
0.178452 0.267621 0.053612 0.031622
0.832531 0.026320 0.051197 0.037455
0.288175 0.537612 0.053643 0.044383
0.835848 0.849685 0.063576 0.027391
0.073885 0.442265 0.050184 0.041273
0.832783 0.169886 0.050607 0.034794
0.280192 0.814083 0.051457 0.036548
0.937286 0.345320 0.048843 0.043095
0.938087 0.460654 0.041166 0.031844
0.180698 0.385865 0.047555 0.034257
0.613331 0.579297 0.064766 0.037466
0.073034 0.295652 0.052960 0.036129
0.831194 0.674985 0.056844 0.036808
0.831899 0.428762 0.043226 0.043293
0.286912 0.665701 0.047532 0.042876
0.080869 0.483517 0.048381 0.041892
0.289393 0.255471 0.048550 0.043481
0.185986 0.055731 0.045647 0.026256
0.719176 0.029177 0.083031 0.047992
0.829376 0.473654 0.055721 0.040176
0.936720 0.490003 0.043081 0.030855
0.187379 0.940386 0.062963 0.034547
0.392415 0.637071 0.053361 0.036291
0.616863 0.423018 0.051586 0.034803
0.503952 0.482272 0.069625 0.046115
0.189104 0.830339 0.047126 0.032858
0.502262 0.201508 0.055912 0.038056
0.191648 0.902583 0.046692 0.039736
0.290239 0.622439 0.047524 0.039543
0.081860 0.525611 0.046267 0.039738
0.508537 0.437146 0.068345 0.048287
0.826745 0.390720 0.048596 0.033293
0.183795 0.127436 0.052791 0.036493
0.074913 0.404914 0.042856 0.030786
0.073849 0.033431 0.055792 0.042106
0.186198 0.670685 0.048822 0.040875
0.393391 0.711347 0.049617 0.040669
0.286328 0.403661 0.062898 0.044835
0.934373 0.769919 0.042904 0.034170
0.391766 0.540394 0.048817 0.036279
0.289660 0.297400 0.048304 0.036264
0.397118 0.673327 0.048186 0.036230
0.396069 0.307080 0.046269 0.028866
0.288430 0.021964 0.050795 0.029572
0.937669 0.882589 0.054166 0.029213
0.184192 0.633441 0.048774 0.032779
0.187141 0.743208 0.046820 0.038834
0.290023 0.053830 0.053230 0.035076
0.833941 0.593478 0.048142 0.035886
0.508772 0.391437 0.047011 0.039700
0.936751 0.308144 0.041813 0.031080
0.612947 0.385516 0.048395 0.039507
0.395049 0.073863 0.051410 0.046812
0.938103 0.554794 0.058392 0.024379
0.502267 0.247786 0.051791 0.046405
0.187962 0.023826 0.058891 0.037467
0.615742 0.173663 0.055954 0.034934
0.940896 0.073150 0.051671 0.043036
0.072281 0.125391 0.051027 0.036857
0.829993 0.312434 0.049570 0.042597
0.394221 0.607874 0.040608 0.026207
0.940002 0.149447 0.053986 0.039198
0.937562 0.911178 0.043814 0.028299
0.289671 0.152099 0.040983 0.025406
0.940708 0.110921 0.042475 0.032115
0.826675 0.354053 0.045419 0.040873
0.281639 0.747517 0.045028 0.036463
0.941166 0.738802 0.045402 0.025458
0.077619 0.849583 0.072804 0.040419
0.501827 0.157142 0.082573 0.047515
0.937494 0.938715 0.060746 0.032968
0.286784 0.087783 0.052710 0.038877
0.184973 0.787471 0.047043 0.042617
0.614971 0.132860 0.052836 0.040782
0.076926 0.374063 0.042716 0.026921
0.289341 0.471867 0.062166 0.026781
0.721841 0.071703 0.049917 0.034525
0.182288 0.155386 0.046317 0.028313
0.392826 0.028699 0.051602 0.040707
0.395919 0.230937 0.045485 0.038414
0.506512 0.348060 0.053484 0.040653
0.501056 0.115069 0.051261 0.031643
0.392452 0.152416 0.064036 0.045765
0.501532 0.295058 0.046772 0.044734
0.280024 0.782787 0.038274 0.028501
0.184995 0.605751 0.046083 0.029835
0.832751 0.735528 0.048014 0.043489
0.716107 0.110619 0.069781 0.046166
0.395864 0.269826 0.054313 0.039857
0.289915 0.500023 0.047342 0.027892
0.943461 0.029454 0.047225 0.043203
0.396133 0.193174 0.047361 0.036951
0.190209 0.969623 0.064820 0.030941
0.396584 0.115932 0.053522 0.036846
0.285410 0.955288 0.050630 0.037553
0.831838 0.708790 0.048482 0.032922
0.286758 0.972152 0.053424 0.033407
0.617196 0.098336 0.044922 0.031480
