0.870478 0.403608 0.056167 0.034066
0.393920 0.620155 0.054439 0.031207
0.092034 0.832121 0.055187 0.035656
0.777346 0.124991 0.059025 0.033074
0.391467 0.585638 0.056328 0.029824
0.589036 0.833779 0.056090 0.030764
0.582652 0.122477 0.054361 0.033196
0.202843 0.426673 0.058098 0.037329
0.293985 0.837921 0.052658 0.030592
0.096327 0.757715 0.062300 0.027516
0.200684 0.649523 0.055820 0.032792
0.776837 0.274992 0.055253 0.032537
0.588756 0.720541 0.053449 0.039797
0.299824 0.259851 0.053179 0.032896
0.106877 0.226979 0.059207 0.032251
0.864404 0.646264 0.055628 0.032321
0.199586 0.717355 0.058912 0.032637
0.871176 0.268615 0.050067 0.031783
0.484694 0.543289 0.056323 0.036785
0.775374 0.379116 0.056688 0.033250
0.100064 0.300621 0.057915 0.034742
0.774464 0.234145 0.052574 0.032258
0.300409 0.402798 0.057695 0.031711
0.090946 0.641780 0.052311 0.030339
0.591359 0.329400 0.056959 0.034963
0.776882 0.310031 0.045710 0.031782
0.675120 0.807808 0.051792 0.032830
0.390181 0.314437 0.052646 0.030798
0.298880 0.221672 0.052226 0.036261
0.391579 0.394277 0.054855 0.038966
0.091479 0.677101 0.051160 0.032560
0.104158 0.368249 0.059617 0.031901
0.777329 0.162500 0.049103 0.033461
0.586974 0.223410 0.058078 0.028567
0.100323 0.406457 0.055156 0.032386
0.197690 0.084177 0.059535 0.031142
0.582543 0.759353 0.051653 0.027295
0.390178 0.474536 0.049371 0.036375
0.389354 0.513912 0.055012 0.032746
0.681267 0.432996 0.054032 0.031222
0.584505 0.159900 0.050005 0.031318
0.589280 0.531285 0.057510 0.035045
0.395277 0.276926 0.047577 0.034069
0.591965 0.603530 0.046515 0.032365
0.389746 0.550219 0.052697 0.034614
0.772841 0.670565 0.050455 0.034662
0.101884 0.263143 0.058037 0.029327
0.199491 0.264579 0.052584 0.032332
0.770672 0.708673 0.046352 0.031578
0.778090 0.345741 0.064144 0.027596
0.096655 0.720250 0.048030 0.040090
0.780193 0.197560 0.048329 0.029922
0.105460 0.189198 0.053694 0.030716
0.198728 0.577298 0.055830 0.036734
0.104893 0.122786 0.051654 0.031519
0.296754 0.296259 0.063066 0.035190
0.205263 0.299657 0.053670 0.029168
0.774956 0.486778 0.051831 0.029439
0.391674 0.351278 0.052094 0.031726
0.685780 0.260895 0.044887 0.034455
0.296213 0.614631 0.052051 0.036783
0.198539 0.613769 0.053133 0.030251
0.196867 0.833325 0.047626 0.032617
0.489017 0.390129 0.055701 0.034861
0.488280 0.720753 0.048726 0.035589
0.300837 0.767110 0.050206 0.035696
0.292648 0.872206 0.050381 0.030326
0.299751 0.655436 0.051765 0.038829
0.865041 0.303167 0.048544 0.024989
0.200710 0.118207 0.047655 0.030985
0.776475 0.559823 0.051468 0.034839
0.685633 0.155257 0.052705 0.027955
0.590927 0.362943 0.053278 0.034128
0.299021 0.085090 0.058467 0.031096
0.677938 0.669658 0.050227 0.029255
0.861843 0.548329 0.052170 0.026913
0.587056 0.287862 0.047412 0.032433
0.678827 0.734878 0.044138 0.035819
0.594494 0.568683 0.056902 0.033018
0.202823 0.388360 0.054993 0.028671
0.202127 0.534672 0.045745 0.038172
0.485906 0.455031 0.045927 0.035373
0.492302 0.254087 0.047701 0.028027
0.198331 0.755141 0.049453 0.035197
0.092782 0.792284 0.047826 0.034852
0.489414 0.645641 0.053654 0.033784
0.769643 0.834066 0.057401 0.026024
0.679423 0.466974 0.050181 0.027321
0.300110 0.909694 0.059087 0.035871
0.300660 0.181421 0.048004 0.035898
0.589118 0.495800 0.049167 0.028614
0.307665 0.727143 0.059731 0.033975
0.197249 0.797329 0.048751 0.034365
0.871197 0.198283 0.051423 0.027870
0.299146 0.691401 0.063797 0.034944
0.685835 0.190320 0.053591 0.029783
0.204166 0.154633 0.050127 0.032512
0.869665 0.231196 0.042428 0.031514
0.394427 0.238279 0.047236 0.037494
0.588179 0.461648 0.048665 0.030046
0.300077 0.365471 0.053620 0.030425
0.201596 0.190743 0.050763 0.026428
0.299615 0.434447 0.051868 0.029141
0.393324 0.686429 0.057621 0.031923
0.769120 0.743262 0.052228 0.027962
0.590449 0.641845 0.045171 0.034704
0.863137 0.609185 0.044573 0.031139
0.105512 0.087851 0.056452 0.031393
0.294642 0.803086 0.051612 0.025790
0.864816 0.685623 0.044415 0.033739
0.488316 0.187138 0.056215 0.025164
0.299000 0.331964 0.058586 0.030523
0.097820 0.560941 0.049711 0.031081
0.592825 0.399193 0.055184 0.029041
0.100177 0.484085 0.049802 0.032495
0.769139 0.799657 0.051001 0.032985
0.201586 0.902078 0.045987 0.035928
0.866377 0.512636 0.049492 0.033031
0.197911 0.866077 0.047614 0.026021
0.295450 0.498763 0.044579 0.037736
0.680640 0.533225 0.040616 0.030501
0.864817 0.474513 0.043617 0.033236
0.302424 0.143631 0.052771 0.027187
0.686573 0.326434 0.053716 0.030833
0.771481 0.522512 0.049013 0.029442
0.775987 0.089255 0.052375 0.031586
0.489729 0.219321 0.043011 0.029332
0.100792 0.443365 0.046633 0.036895
0.106198 0.154388 0.042856 0.026407
0.582854 0.866449 0.055177 0.023186
0.486248 0.498176 0.046944 0.036738
0.487754 0.581533 0.049115 0.030187
0.778077 0.596143 0.049239 0.030762
0.491476 0.353293 0.044808 0.031371
0.488586 0.154773 0.038963 0.033132
0.679035 0.772356 0.043473 0.024951
0.679352 0.602529 0.046192 0.031412
0.587034 0.254083 0.046434 0.024584
0.681194 0.565810 0.052873 0.031828
0.587274 0.678257 0.051022 0.030706
0.584693 0.792133 0.040345 0.035808
0.488672 0.287460 0.045321 0.027941
0.295058 0.466660 0.048557 0.025921
0.203970 0.467299 0.042448 0.036100
0.391346 0.172716 0.049581 0.032268
0.390002 0.434287 0.041055 0.035705
0.775440 0.417046 0.044202 0.035977
0.096345 0.602052 0.043105 0.040237
0.099615 0.520875 0.042118 0.033512
0.869891 0.365934 0.042469 0.033156
0.492300 0.319357 0.043242 0.029459
0.589302 0.431265 0.049054 0.032048
0.868323 0.332538 0.059831 0.022927
0.770779 0.629552 0.043261 0.034782
0.487058 0.760212 0.047626 0.031510
0.685613 0.294583 0.054027 0.027499
0.089929 0.865582 0.055196 0.022762
0.769701 0.914904 0.044001 0.028089
0.867879 0.441247 0.047859 0.027375
0.200962 0.682904 0.039421 0.028154
0.683079 0.498207 0.038806 0.029762
0.203508 0.225166 0.040813 0.038849
0.300571 0.115019 0.041378 0.023831
0.391630 0.201674 0.049711 0.026608
0.860347 0.575025 0.057264 0.023966
0.675455 0.847517 0.051764 0.030602
0.487474 0.684427 0.038872 0.030579
0.677976 0.636584 0.042474 0.024807
0.391540 0.653614 0.039521 0.027783
0.678531 0.701248 0.036631 0.026972
0.088480 0.899107 0.046697 0.036378
0.487942 0.423177 0.049934 0.022768
0.776980 0.453551 0.051949 0.031295
0.105732 0.334101 0.041269 0.027476
0.581981 0.087973 0.063611 0.028551
0.683106 0.122142 0.047664 0.027571
0.297788 0.573811 0.043246 0.033860
0.485650 0.085519 0.040431 0.034482
0.867428 0.723765 0.052489 0.038300
0.486858 0.121939 0.039642 0.028261
0.682841 0.225004 0.041565 0.030161
0.869966 0.161762 0.055635 0.035585
0.585290 0.891748 0.043884 0.020084
0.870970 0.128230 0.039316 0.019000
0.766440 0.768932 0.041942 0.017915
0.583974 0.192088 0.051912 0.024535
0.206201 0.333463 0.047042 0.026903
0.200948 0.501184 0.045358 0.020525
0.208278 0.359886 0.055342 0.020515
0.680659 0.361404 0.039967 0.031729
0.390292 0.140221 0.044617 0.028552
0.677347 0.087854 0.046575 0.027947
0.680598 0.396352 0.039227 0.031382
0.295284 0.538080 0.040119 0.029510
0.769272 0.887088 0.039219 0.021553
0.683219 0.876370 0.049443 0.017915
0.589640 0.916097 0.043176 0.025716
0.869884 0.093979 0.036161 0.034203
0.677351 0.909018 0.060971 0.038801
0.771390 0.861803 0.052649 0.021880
0.494469 0.613201 0.049866 0.022867
