0.390267 0.316699 0.060742 0.042699
0.827371 0.645190 0.056331 0.036570
0.725728 0.652167 0.061862 0.043635
0.287563 0.208821 0.058231 0.038502
0.936715 0.443966 0.079196 0.042605
0.393472 0.233845 0.059448 0.040607
0.502102 0.192384 0.059547 0.039258
0.825988 0.605601 0.052918 0.036172
0.718237 0.428646 0.064177 0.038316
0.935442 0.264223 0.055895 0.031914
0.932097 0.368625 0.061139 0.044290
0.284618 0.169933 0.057749 0.035980
0.503893 0.151703 0.058163 0.033111
0.723857 0.611565 0.053873 0.034482
0.079383 0.938403 0.072280 0.034413
0.949771 0.685708 0.058576 0.038683
0.726102 0.729414 0.061073 0.039421
0.620463 0.783826 0.063101 0.038063
0.718168 0.473107 0.056919 0.045756
0.305860 0.840845 0.056052 0.041919
0.077139 0.647036 0.061634 0.030580
0.066264 0.148304 0.054977 0.037896
0.948500 0.794652 0.047691 0.040298
0.504087 0.536626 0.064973 0.035436
0.827973 0.455900 0.073073 0.039871
0.828582 0.759700 0.058703 0.035631
0.501503 0.229114 0.058743 0.031200
0.829476 0.682436 0.050410 0.031224
0.286264 0.290227 0.053373 0.043434
0.394007 0.496891 0.069377 0.038618
0.613318 0.677255 0.055570 0.035933
0.934690 0.324502 0.052163 0.037913
0.191739 0.897877 0.057417 0.041357
0.296025 0.684483 0.056170 0.043689
0.722494 0.519196 0.061771 0.043454
0.708166 0.132612 0.052261 0.041167
0.607735 0.141423 0.065843 0.043720
0.825264 0.342210 0.054961 0.038764
0.305523 0.765116 0.058136 0.037138
0.066434 0.069480 0.089122 0.038489
0.938459 0.484742 0.072708 0.037057
0.283870 0.249198 0.055541 0.037578
0.937625 0.054505 0.052221 0.041531
0.171080 0.054485 0.052144 0.034723
0.393993 0.389531 0.057211 0.037645
0.068792 0.190637 0.056302 0.044231
0.947478 0.759596 0.051208 0.027635
0.826589 0.719960 0.054578 0.041778
0.394070 0.190988 0.049007 0.038291
0.078326 0.747377 0.050808 0.033094
0.612755 0.511385 0.053673 0.038229
0.623736 0.823653 0.059302 0.039661
0.947148 0.833969 0.051613 0.038410
0.502619 0.260837 0.051578 0.033453
0.279634 0.058355 0.053404 0.037883
0.081024 0.900752 0.051663 0.039243
0.077497 0.970174 0.066885 0.035068
0.292852 0.408108 0.059044 0.040448
0.063773 0.028851 0.070252 0.041577
0.707174 0.175389 0.056008 0.044767
0.286605 0.334843 0.052184 0.039646
0.274422 0.021971 0.056749 0.032716
0.283093 0.097005 0.049244 0.037455
0.283810 0.132954 0.046048 0.034756
0.831171 0.828375 0.050113 0.027722
0.078998 0.781305 0.055173 0.037401
0.947254 0.869883 0.062353 0.035989
0.618286 0.637432 0.053287 0.040424
0.822221 0.299471 0.051741 0.041832
0.515053 0.677830 0.059435 0.043293
0.935990 0.232922 0.047393 0.029095
0.948627 0.618818 0.048516 0.032085
0.294635 0.640311 0.055599 0.039206
0.611571 0.377337 0.051569 0.034484
0.170590 0.090547 0.051791 0.035160
0.304563 0.802824 0.054920 0.031398
0.511457 0.637960 0.075980 0.036053
0.504476 0.573030 0.059729 0.038200
0.624253 0.750360 0.050445 0.029639
0.945201 0.583658 0.051469 0.036253
0.392323 0.423936 0.051753 0.031372
0.721660 0.278130 0.049250 0.040698
0.715174 0.321615 0.049455 0.037913
0.607594 0.223930 0.053293 0.039168
0.606003 0.022219 0.063507 0.029745
0.300423 0.921586 0.060508 0.032416
0.824449 0.057989 0.051178 0.039795
0.397732 0.274710 0.052032 0.036898
0.935420 0.199641 0.048089 0.038505
0.080104 0.609928 0.054172 0.040510
0.718585 0.393093 0.046111 0.034294
0.601751 0.057701 0.049527 0.032656
0.181272 0.514833 0.055586 0.031353
0.620957 0.714994 0.059700 0.041457
0.725638 0.691290 0.053375 0.035250
0.497149 0.329559 0.049551 0.039305
0.194787 0.936400 0.048429 0.032780
0.710037 0.095952 0.047374 0.029503
0.065381 0.230470 0.053383 0.032994
0.398236 0.354737 0.052575 0.029148
0.390476 0.458235 0.049836 0.039067
0.075891 0.267990 0.062131 0.042690
0.079149 0.859928 0.070105 0.044726
0.601354 0.096331 0.051381 0.045134
0.179521 0.695036 0.058599 0.037051
0.501030 0.503518 0.042465 0.028285
0.941113 0.404973 0.061425 0.027791
0.724024 0.768317 0.058792 0.035476
0.611276 0.442470 0.051498 0.032384
0.169920 0.163960 0.048080 0.032882
0.171891 0.202007 0.063180 0.044161
0.172099 0.020188 0.048439 0.031100
0.612244 0.412469 0.046521 0.032325
0.067221 0.109279 0.050268 0.036808
0.297907 0.882347 0.058021 0.042919
0.952059 0.947041 0.059379 0.034112
0.293200 0.487594 0.053246 0.043802
0.711791 0.061617 0.054231 0.036347
0.827861 0.380505 0.051698 0.034812
0.614571 0.475139 0.051853 0.033509
0.609307 0.185346 0.052981 0.038881
0.829144 0.795670 0.053448 0.037138
0.611392 0.264698 0.052640 0.041726
0.200051 0.966093 0.059530 0.026664
0.502404 0.472297 0.048925 0.033218
0.176806 0.732028 0.068746 0.040443
0.723749 0.840544 0.055227 0.048365
0.500580 0.083349 0.045896 0.031937
0.940245 0.156627 0.053562 0.040654
0.077247 0.682764 0.048380 0.037016
0.944513 0.909877 0.087130 0.037607
0.497485 0.117420 0.046117 0.036360
0.396396 0.534864 0.056137 0.039289
0.301399 0.725704 0.051843 0.037885
0.946455 0.724666 0.070225 0.037170
0.818262 0.095333 0.052237 0.033578
0.181849 0.770359 0.048576 0.034564
0.081928 0.820538 0.045101 0.035591
0.296189 0.447386 0.057630 0.033240
0.074436 0.509746 0.045183 0.035902
0.614090 0.544791 0.050621 0.032332
0.391961 0.153333 0.044345 0.037974
0.945683 0.650160 0.042868 0.031456
0.178914 0.241514 0.065725 0.037340
0.827789 0.492749 0.054782 0.029105
0.938039 0.123463 0.045219 0.026523
0.286082 0.372544 0.051040 0.036305
0.182670 0.657610 0.049424 0.035917
0.064623 0.470036 0.068840 0.042155
0.502614 0.292058 0.045393 0.029709
0.826121 0.416549 0.048719 0.039149
0.171255 0.127697 0.041587 0.036079
0.723800 0.914651 0.054947 0.040164
0.821245 0.258818 0.067899 0.037787
0.295580 0.531464 0.052030 0.041225
0.513886 0.606034 0.045167 0.027060
0.185360 0.836029 0.050885 0.032364
0.829188 0.570820 0.042796 0.035087
0.183668 0.622208 0.052464 0.035812
0.943691 0.519532 0.049576 0.033992
0.728276 0.580316 0.051018 0.025697
0.623109 0.861174 0.053657 0.038679
0.190223 0.865969 0.050140 0.024357
0.181410 0.281142 0.052144 0.035735
0.071097 0.543094 0.049149 0.030703
0.719393 0.357573 0.046051 0.032967
0.609614 0.303266 0.043206 0.032986
0.497076 0.017009 0.041511 0.030960
0.184959 0.804545 0.051757 0.034460
0.824650 0.861055 0.067628 0.033315
0.071087 0.396922 0.050487 0.037882
0.074918 0.574140 0.061026 0.027953
0.179694 0.484800 0.051866 0.030029
0.938161 0.091760 0.043421 0.033363
0.071557 0.431814 0.051744 0.038093
0.820525 0.022855 0.053344 0.030574
0.829195 0.530509 0.046245 0.043808
0.497424 0.051687 0.042016 0.033323
0.717273 0.026336 0.038114 0.032572
0.818176 0.131768 0.036309 0.032291
0.609782 0.338454 0.043724 0.039330
0.389690 0.115206 0.047941 0.039529
0.725164 0.952293 0.044709 0.036286
0.928407 0.021752 0.052776 0.024630
0.178695 0.457479 0.057504 0.031327
0.727361 0.800444 0.048264 0.032237
0.498217 0.370591 0.044905 0.040916
0.936185 0.293357 0.043222 0.023352
0.725269 0.879645 0.048286 0.031497
0.182543 0.348040 0.048285 0.036965
0.725698 0.555525 0.055857 0.027778
0.295484 0.567286 0.048519 0.033318
0.077778 0.716724 0.045010 0.022870
0.072800 0.356122 0.046223 0.044174
0.183981 0.313604 0.049957 0.025844
0.184681 0.591433 0.053168 0.031595
0.072264 0.315543 0.052088 0.037976
0.616573 0.570972 0.050070 0.026493
0.304814 0.601198 0.064630 0.037686
0.500155 0.403560 0.042701 0.028492
0.715625 0.239871 0.042328 0.032268
0.500595 0.438481 0.039368 0.033751
0.823855 0.891013 0.066796 0.033778
0.180605 0.426909 0.043656 0.030774
0.618076 0.599304 0.050527 0.036650
0.947890 0.549273 0.051603 0.034643
0.819707 0.169732 0.049380 0.041028
0.824901 0.216119 0.047047 0.043082
0.713077 0.211881 0.046050 0.026670
0.183819 0.541341 0.058435 0.028200
0.181428 0.386654 0.045989 0.040783
0.182291 0.558987 0.064651 0.036931
0.308941 0.962244 0.053111 0.025105
