0.496453 0.234170 0.058322 0.039413
0.364722 0.755208 0.074355 0.042485
0.391780 0.157254 0.068377 0.040067
0.370258 0.830011 0.066386 0.036707
0.482636 0.945259 0.071862 0.036202
0.583792 0.678759 0.064096 0.039721
0.479474 0.870164 0.060720 0.037515
0.057219 0.769246 0.059222 0.041516
0.061434 0.686486 0.054457 0.038039
0.165433 0.505342 0.065944 0.037642
0.168605 0.907956 0.050311 0.033102
0.060585 0.726752 0.057762 0.039649
0.163981 0.837037 0.051890 0.042780
0.818199 0.144730 0.056757 0.032376
0.706988 0.627430 0.059114 0.033926
0.162346 0.941262 0.058881 0.028385
0.934700 0.101709 0.058773 0.034789
0.921038 0.584995 0.054416 0.037060
0.480986 0.908306 0.046651 0.035418
0.481621 0.804852 0.055381 0.033450
0.168903 0.794132 0.055433 0.039020
0.817776 0.107481 0.062123 0.039677
0.387701 0.241737 0.051638 0.036062
0.923213 0.622947 0.054507 0.039799
0.273571 0.269062 0.057730 0.042458
0.063285 0.811368 0.054294 0.039581
0.590593 0.642324 0.053977 0.030560
0.705295 0.554381 0.057087 0.044126
0.370033 0.794987 0.062087 0.030089
0.497352 0.158895 0.059868 0.031814
0.165899 0.725975 0.059600 0.039391
0.062183 0.649568 0.050448 0.034280
0.170354 0.653129 0.044448 0.032658
0.815809 0.552885 0.067996 0.037399
0.925804 0.253266 0.073401 0.039199
0.704389 0.733271 0.065926 0.042377
0.163481 0.874503 0.052137 0.028605
0.707915 0.396509 0.051523 0.036706
0.822648 0.250528 0.063299 0.042874
0.392185 0.115018 0.058763 0.042447
0.918459 0.440005 0.062827 0.043470
0.172950 0.276345 0.052643 0.032963
0.932005 0.138085 0.052696 0.034919
0.276726 0.826126 0.060076 0.035648
0.173657 0.072703 0.054536 0.035692
0.919195 0.833844 0.062410 0.041411
0.167837 0.235844 0.063718 0.039352
0.169518 0.686664 0.050587 0.035221
0.274311 0.789946 0.054841 0.037436
0.933100 0.174269 0.049293 0.037467
0.378714 0.420786 0.052768 0.041849
0.270983 0.720519 0.061626 0.039154
0.713866 0.229912 0.054695 0.044539
0.062898 0.475575 0.058393 0.037070
0.165421 0.581950 0.053611 0.033403
0.392590 0.073370 0.059614 0.041136
0.280623 0.343511 0.055361 0.035067
0.714704 0.184857 0.058971 0.039460
0.276764 0.199675 0.063282 0.033951
0.062257 0.512352 0.059549 0.038968
0.169806 0.390516 0.059323 0.047031
0.585007 0.872911 0.054786 0.035967
0.697766 0.951065 0.056748 0.030112
0.591613 0.524454 0.052751 0.042437
0.167778 0.971477 0.049972 0.029628
0.478087 0.630168 0.069614 0.037795
0.923493 0.760245 0.045447 0.031244
0.058295 0.372978 0.062494 0.034522
0.709411 0.274585 0.061072 0.042310
0.709154 0.354655 0.051494 0.041096
0.587874 0.724517 0.058229 0.041068
0.590607 0.604596 0.049509 0.036884
0.697974 0.880450 0.049713 0.039246
0.593347 0.391208 0.056670 0.044339
0.819537 0.180231 0.052691 0.038265
0.061533 0.435437 0.051804 0.037175
0.693704 0.691556 0.078499 0.037978
0.058586 0.332675 0.051452 0.041894
0.933291 0.066058 0.052047 0.035081
0.270487 0.931767 0.051050 0.029714
0.710181 0.777878 0.057977 0.044101
0.368784 0.960688 0.064636 0.038668
0.593065 0.434755 0.048481 0.037224
0.710653 0.109862 0.080551 0.038136
0.819921 0.404123 0.050856 0.038311
0.925440 0.794210 0.046729 0.034103
0.711559 0.474482 0.053780 0.038260
0.376743 0.460947 0.050868 0.040543
0.818002 0.364872 0.048376 0.036738
0.065410 0.944271 0.050904 0.031948
0.494004 0.276587 0.053102 0.041329
0.284257 0.160512 0.052703 0.040879
0.496579 0.195255 0.046056 0.035782
0.921864 0.665100 0.054836 0.044356
0.173820 0.108151 0.055878 0.036826
0.709570 0.434652 0.060334 0.035263
0.165618 0.545079 0.054906 0.038955
0.486906 0.588119 0.051451 0.043086
0.477855 0.768536 0.049681 0.033532
0.275516 0.679913 0.058509 0.037859
0.699140 0.918570 0.044401 0.034876
0.284117 0.119357 0.053271 0.041069
0.498592 0.391311 0.055990 0.038807
0.494613 0.315430 0.051373 0.038652
0.478871 0.726545 0.048742 0.047513
0.496147 0.353204 0.050798 0.036897
0.601630 0.306169 0.056259 0.048566
0.277759 0.377236 0.050940 0.033721
0.814979 0.820391 0.062703 0.041767
0.167378 0.434883 0.049894 0.035303
0.170533 0.348112 0.059397 0.033863
0.592205 0.479360 0.058383 0.045226
0.498872 0.083163 0.050775 0.041402
0.586464 0.768291 0.058885 0.045137
0.278245 0.481061 0.056423 0.037707
0.923970 0.516539 0.052308 0.033910
0.496250 0.124318 0.048514 0.038401
0.272285 0.595005 0.062113 0.060248
0.063060 0.849397 0.045963 0.034875
0.590657 0.565810 0.049402 0.040514
0.473522 0.674973 0.064589 0.049727
0.711460 0.315168 0.051971 0.033308
0.704843 0.592593 0.052005 0.033677
0.921020 0.970102 0.050638 0.037021
0.585766 0.835184 0.053739 0.032780
0.927325 0.290543 0.051901 0.031607
0.370198 0.867826 0.082194 0.035132
0.166609 0.469681 0.050619 0.034272
0.169556 0.147905 0.066555 0.043458
0.396259 0.033783 0.061320 0.039546
0.059209 0.549980 0.050135 0.036037
0.923586 0.326988 0.063071 0.037711
0.060733 0.585903 0.044705 0.032953
0.494678 0.430874 0.054014 0.037190
0.921515 0.547664 0.048435 0.028368
0.286491 0.037886 0.078007 0.042957
0.372642 0.623047 0.056784 0.036135
0.169517 0.616693 0.046278 0.038168
0.922242 0.900213 0.050487 0.035683
0.700218 0.977991 0.060544 0.025468
0.280645 0.441709 0.048167 0.034649
0.381303 0.281873 0.059319 0.039012
0.924297 0.934404 0.052002 0.034898
0.596160 0.349691 0.053742 0.038447
0.816007 0.478202 0.056944 0.036110
0.371055 0.719933 0.055569 0.025800
0.818218 0.677935 0.050704 0.037029
0.277563 0.756093 0.054743 0.030042
0.171556 0.314186 0.051542 0.029821
0.720679 0.074404 0.055300 0.027934
0.923128 0.868565 0.054797 0.030470
0.490807 0.470328 0.053056 0.036499
0.707638 0.511938 0.049894 0.036495
0.490603 0.506875 0.053736 0.036870
0.932821 0.213921 0.045723 0.035366
0.933778 0.033589 0.056777 0.028930
0.056078 0.211707 0.045796 0.042912
0.381007 0.384873 0.044659 0.031103
0.816517 0.595794 0.053169 0.046517
0.367416 0.692942 0.052775 0.026705
0.271683 0.643798 0.053946 0.034061
0.270732 0.964254 0.047656 0.033326
0.282892 0.080063 0.055109 0.033907
0.174504 0.194293 0.047887 0.041666
0.825800 0.211630 0.051245 0.024884
0.478021 0.838241 0.049267 0.028108
0.819975 0.293495 0.049721 0.040004
0.822832 0.071781 0.049554 0.034540
0.062437 0.119079 0.064836 0.029136
0.064913 0.911823 0.050677 0.030362
0.490677 0.546930 0.051751 0.039183
0.821456 0.329843 0.044776 0.027726
0.717559 0.039750 0.059600 0.035424
0.280811 0.306411 0.043129 0.029761
0.168714 0.759655 0.048986 0.023187
0.925826 0.480144 0.048020 0.035080
0.370326 0.659668 0.044511 0.033837
0.824274 0.034698 0.054166 0.039454
0.376117 0.531861 0.051447 0.042406
0.600308 0.258874 0.055939 0.043639
0.815889 0.513652 0.055952 0.038120
0.061944 0.616191 0.040112 0.029260
0.056908 0.294904 0.044852 0.030194
0.274956 0.903036 0.048097 0.028345
0.817052 0.445287 0.049570 0.034684
0.064364 0.882192 0.048521 0.030652
0.279968 0.232318 0.045762 0.029298
0.372930 0.579541 0.047345 0.049683
0.713045 0.146627 0.054526 0.036203
0.813004 0.858962 0.051092 0.033324
0.578819 0.972941 0.052324 0.034880
0.367791 0.927646 0.066400 0.028443
0.814850 0.637769 0.049187 0.039020
0.604448 0.079560 0.054266 0.039422
0.707962 0.659022 0.046103 0.026082
0.272794 0.867066 0.062914 0.042551
0.063373 0.039590 0.054036 0.033807
0.580689 0.908624 0.040287 0.032953
0.816965 0.773701 0.051309 0.038247
0.605557 0.160232 0.050336 0.039547
0.063679 0.081785 0.043485 0.041978
0.810272 0.965820 0.045962 0.037006
0.383596 0.314713 0.053835 0.034114
0.578465 0.941131 0.035073 0.031395
0.808022 0.928034 0.038737 0.032067
0.926277 0.363578 0.047228 0.037423
0.281964 0.410544 0.044915 0.022492
0.272752 0.533426 0.059071 0.056945
0.606646 0.205209 0.056274 0.050525
0.498504 0.040301 0.054068 0.042620
0.818311 0.711947 0.048463 0.033688
0.488578 0.974348 0.057231 0.023584
0.921448 0.729040 0.045849 0.031292
0.054435 0.258002 0.051385 0.042908
0.585494 0.806936 0.046692 0.029196
0.606160 0.119988 0.051882 0.037654
0.378073 0.495543 0.042094 0.030326
0.175488 0.033961 0.045891 0.035262
0.920514 0.701728 0.051149 0.033111
0.810833 0.895064 0.041890 0.034953
0.059834 0.165509 0.043487 0.048076
0.070745 0.974498 0.049154 0.029217
0.384426 0.199795 0.056648 0.038360
0.062870 0.405171 0.044612 0.027054
0.927929 0.398671 0.048281 0.033611
0.611573 0.036142 0.051218 0.041104
0.368300 0.900707 0.068428 0.031498
0.816498 0.739141 0.048463 0.029348
0.700581 0.842493 0.047533 0.034326
0.384016 0.349765 0.052918 0.037807
0.702894 0.819314 0.047726 0.036622
