0.484606 0.322408 0.061151 0.038585
0.293236 0.236250 0.057542 0.030888
0.203777 0.235435 0.055384 0.030299
0.788830 0.661639 0.055791 0.032929
0.293671 0.308339 0.053289 0.032432
0.692155 0.803821 0.060850 0.031167
0.690548 0.871381 0.053970 0.027063
0.098231 0.168802 0.053842 0.031765
0.386736 0.238841 0.056394 0.031727
0.104116 0.239662 0.060314 0.035382
0.117367 0.879050 0.055207 0.029335
0.870998 0.757832 0.052418 0.030708
0.195075 0.129332 0.052003 0.029362
0.870251 0.862600 0.057910 0.031552
0.682958 0.410122 0.051374 0.036680
0.870083 0.444920 0.051990 0.034147
0.390410 0.311099 0.052579 0.033189
0.390310 0.352158 0.062346 0.038219
0.774091 0.306791 0.053140 0.030777
0.289908 0.168694 0.054128 0.026759
0.481720 0.285138 0.052226 0.030039
0.304185 0.583340 0.058523 0.029600
0.475843 0.089448 0.058808 0.031866
0.290308 0.201502 0.047572 0.033423
0.202424 0.295681 0.048818 0.032071
0.780489 0.626283 0.049539 0.029589
0.402983 0.813978 0.059046 0.037790
0.774002 0.385083 0.049840 0.036983
0.201686 0.164857 0.049419 0.029526
0.680714 0.221158 0.047251 0.030319
0.692901 0.839360 0.049094 0.030902
0.861284 0.217403 0.049806 0.027556
0.293643 0.272386 0.050026 0.032766
0.295610 0.343267 0.060745 0.031078
0.116462 0.742254 0.059363 0.029508
0.671334 0.122053 0.047749 0.024455
0.506243 0.899212 0.062878 0.030045
0.497132 0.659535 0.058512 0.032497
0.107044 0.325054 0.056982 0.035197
0.479007 0.148226 0.050321 0.029163
0.683413 0.597586 0.053868 0.027737
0.870510 0.575264 0.049227 0.032409
0.505818 0.861471 0.058560 0.034091
0.785806 0.798887 0.054492 0.034133
0.399472 0.885196 0.048112 0.026355
0.391147 0.275563 0.052173 0.030556
0.781624 0.564784 0.052671 0.031656
0.215896 0.890621 0.062202 0.033045
0.783002 0.762858 0.050393 0.029374
0.107352 0.451888 0.053435 0.033781
0.480891 0.213949 0.056986 0.028993
0.862909 0.251942 0.051586 0.031025
0.290871 0.134653 0.050690 0.032917
0.103721 0.204985 0.048784 0.023427
0.477846 0.181383 0.045864 0.027966
0.781916 0.489304 0.055006 0.035767
0.397157 0.777383 0.055273 0.027047
0.209841 0.612218 0.053170 0.033820
0.107723 0.368211 0.053318 0.037531
0.775870 0.341885 0.050160 0.034646
0.493666 0.723093 0.054985 0.028772
0.780068 0.452292 0.052386 0.034155
0.113608 0.677629 0.061724 0.037020
0.672205 0.090110 0.058945 0.029939
0.382266 0.136561 0.049318 0.032253
0.863599 0.289471 0.047857 0.035783
0.775018 0.272672 0.050647 0.028559
0.110105 0.634886 0.054879 0.034734
0.581925 0.129146 0.053691 0.031883
0.390750 0.512795 0.055126 0.029681
0.481035 0.248407 0.046704 0.034315
0.402221 0.582781 0.057730 0.031295
0.682631 0.634182 0.047634 0.034692
0.871901 0.541244 0.056443 0.025885
0.867055 0.408891 0.050366 0.028534
0.581021 0.198427 0.056713 0.034661
0.874122 0.685925 0.047704 0.033973
0.778261 0.239928 0.053702 0.030495
0.395528 0.739042 0.048760 0.032391
0.114506 0.776861 0.060343 0.025207
0.394091 0.429383 0.054959 0.035735
0.117668 0.845586 0.054065 0.027131
0.793496 0.863065 0.057631 0.032561
0.200042 0.199610 0.043361 0.031714
0.579206 0.162908 0.055208 0.027659
0.382137 0.173282 0.052585 0.029997
0.214288 0.806973 0.050256 0.039193
0.108919 0.486799 0.055625 0.024304
0.378950 0.097116 0.052895 0.033357
0.684464 0.506256 0.060598 0.029388
0.686334 0.744670 0.052274 0.028004
0.115863 0.810495 0.045839 0.031809
0.501016 0.828336 0.053648 0.026070
0.498625 0.794370 0.046658 0.034206
0.866677 0.329164 0.050696 0.032221
0.395662 0.546851 0.047674 0.028030
0.776713 0.120850 0.047326 0.027249
0.787092 0.696059 0.061589 0.029616
0.484941 0.400420 0.046783 0.034025
0.678594 0.187593 0.048972 0.030923
0.103813 0.280050 0.046936 0.038111
0.398750 0.622449 0.054704 0.034007
0.105363 0.410574 0.049923 0.036561
0.692283 0.899257 0.041529 0.026071
0.679158 0.564060 0.049960 0.027444
0.211797 0.734221 0.060670 0.028646
0.486103 0.431872 0.057997 0.024602
0.474750 0.118817 0.054202 0.021903
0.310162 0.833815 0.044183 0.033848
0.310931 0.866666 0.047704 0.026855
0.482022 0.362431 0.055511 0.033079
0.874215 0.646573 0.057460 0.036895
0.876730 0.896525 0.051046 0.031732
0.678758 0.308734 0.046325 0.031073
0.298636 0.619369 0.052852 0.029720
0.676031 0.342041 0.048370 0.024464
0.115752 0.519386 0.054467 0.029783
0.679534 0.535090 0.050074 0.022617
0.872339 0.722544 0.046520 0.027152
0.774187 0.154138 0.046663 0.032179
0.783044 0.726569 0.049032 0.030952
0.685142 0.447451 0.051327 0.022721
0.857012 0.122413 0.044106 0.026807
0.206751 0.519698 0.051865 0.028907
0.871628 0.791271 0.049984 0.024559
0.870132 0.607416 0.049744 0.026189
0.390555 0.473073 0.047439 0.037466
0.206905 0.549012 0.061220 0.031899
0.203825 0.654313 0.054947 0.037308
0.196220 0.094627 0.050638 0.031144
0.202320 0.372472 0.050142 0.040306
0.319290 0.898412 0.054086 0.028667
0.097140 0.132698 0.048276 0.033381
0.859931 0.185433 0.039850 0.029572
0.779513 0.596512 0.041528 0.027930
0.395808 0.697524 0.044839 0.038450
0.873753 0.481316 0.039433 0.031624
0.212344 0.848923 0.063621 0.032409
0.493506 0.757893 0.044727 0.029878
0.392471 0.390096 0.048895 0.033538
0.102008 0.096950 0.058421 0.030233
0.293017 0.096402 0.058190 0.033953
0.683918 0.710280 0.045499 0.032269
0.676255 0.152081 0.040416 0.029667
0.858303 0.089933 0.050414 0.027126
0.304012 0.687970 0.054368 0.040468
0.684693 0.671250 0.040419 0.034074
0.680967 0.251953 0.044204 0.023502
0.778714 0.417979 0.054860 0.023038
0.207486 0.330944 0.047553 0.029743
0.779298 0.528314 0.052971 0.033361
0.867291 0.371647 0.046136 0.039682
0.487268 0.463524 0.048695 0.030587
0.679805 0.374327 0.043000 0.031701
0.386941 0.205963 0.045282 0.026778
0.577467 0.093198 0.058338 0.032572
0.298472 0.404536 0.046327 0.028581
0.676662 0.280244 0.053398 0.021573
0.297443 0.479723 0.060230 0.034478
0.495667 0.692855 0.044964 0.024845
0.215188 0.695596 0.054970 0.037036
0.112846 0.714824 0.048970 0.025814
0.402660 0.849267 0.047345 0.033639
0.298424 0.546110 0.042111 0.030589
0.498088 0.588140 0.056741 0.032266
0.211841 0.767973 0.052087 0.028475
0.302409 0.440306 0.051785 0.037112
0.403532 0.911177 0.061899 0.026758
0.589173 0.234976 0.056388 0.033368
0.492966 0.623202 0.044282 0.030440
0.775919 0.092018 0.043598 0.024161
0.110802 0.557722 0.046241 0.036324
0.207143 0.265499 0.056364 0.018947
0.118742 0.909093 0.063136 0.027711
0.297210 0.513708 0.046295 0.026395
0.308350 0.729330 0.055089 0.029997
0.690330 0.773367 0.052370 0.021776
0.110704 0.591576 0.045754 0.031438
0.786695 0.832295 0.046330 0.024785
0.208197 0.480317 0.046406 0.038488
0.874418 0.825637 0.036301 0.035581
0.309082 0.796821 0.049309 0.034623
0.211803 0.579941 0.052193 0.022255
0.788388 0.894336 0.044142 0.027032
0.492698 0.557197 0.043754 0.031387
0.396274 0.659351 0.037899 0.029086
0.310419 0.764683 0.045703 0.032849
0.682179 0.475000 0.039162 0.022167
0.860576 0.153311 0.038068 0.026913
0.296724 0.374851 0.044997 0.020808
0.875103 0.513445 0.055610 0.022593
0.779359 0.207254 0.057159 0.032853
0.487738 0.498354 0.045299 0.028488
0.303011 0.650860 0.049424 0.021833
0.489054 0.522479 0.045630 0.032434
0.207554 0.411364 0.037608 0.024939
0.775983 0.180387 0.046746 0.019393
0.211518 0.442985 0.050305 0.027505
