0.373476 0.697458 0.061807 0.036830
0.708547 0.616948 0.067618 0.041968
0.485007 0.877531 0.069186 0.045029
0.707011 0.496491 0.070898 0.041956
0.375453 0.908053 0.063097 0.035030
0.394990 0.142319 0.055835 0.037826
0.488812 0.751924 0.061276 0.040223
0.397163 0.181721 0.058209 0.039358
0.489304 0.327989 0.062421 0.042489
0.485072 0.670377 0.054754 0.039174
0.058923 0.393016 0.062055 0.041560
0.707628 0.819102 0.054781 0.042328
0.724962 0.055178 0.052925 0.035717
0.705634 0.778618 0.058285 0.035457
0.826758 0.598248 0.066093 0.030817
0.065411 0.636380 0.058203 0.039778
0.714280 0.332364 0.063946 0.036974
0.938070 0.850318 0.066226 0.037461
0.709043 0.576895 0.055365 0.032046
0.702224 0.864348 0.073890 0.042824
0.161722 0.919085 0.057374 0.036849
0.160048 0.843146 0.052249 0.037111
0.374914 0.387193 0.065262 0.045535
0.829011 0.675149 0.067351 0.043724
0.834709 0.455076 0.064560 0.031912
0.483203 0.710732 0.055514 0.040619
0.159490 0.881933 0.055341 0.039323
0.267355 0.622035 0.059380 0.039348
0.712104 0.541378 0.055098 0.036508
0.725368 0.094407 0.074209 0.038298
0.597461 0.479684 0.061477 0.037795
0.829692 0.561202 0.062473 0.041928
0.705498 0.971507 0.067485 0.036804
0.495816 0.251764 0.058257 0.039800
0.492006 0.835503 0.065198 0.030789
0.051513 0.832337 0.054551 0.042794
0.833535 0.378666 0.054183 0.039723
0.606749 0.589564 0.054598 0.039447
0.162219 0.663159 0.046673 0.032976
0.705433 0.906339 0.057026 0.036573
0.500091 0.210865 0.061236 0.038796
0.832997 0.417626 0.052685 0.036715
0.601162 0.369847 0.055981 0.034799
0.487206 0.795319 0.077522 0.042059
0.599303 0.704312 0.045106 0.037342
0.718035 0.209273 0.062124 0.039943
0.932067 0.684149 0.065177 0.048978
0.378891 0.602632 0.054696 0.032345
0.713373 0.456505 0.055373 0.039974
0.935343 0.729690 0.063853 0.041703
0.602097 0.442039 0.055478 0.036147
0.712599 0.373553 0.083967 0.041814
0.282350 0.058617 0.065374 0.037420
0.841841 0.201130 0.062607 0.039913
0.283850 0.021147 0.055257 0.039467
0.940290 0.928378 0.058146 0.041006
0.941415 0.219840 0.071593 0.040273
0.938145 0.772437 0.050265 0.038607
0.267093 0.836671 0.065464 0.038227
0.823067 0.880020 0.063836 0.040260
0.827267 0.633003 0.074432 0.037755
0.382332 0.635335 0.053460 0.028444
0.948130 0.101998 0.053011 0.040132
0.945086 0.887787 0.060070 0.035790
0.057783 0.874080 0.055703 0.034235
0.617745 0.186674 0.090308 0.051902
0.717614 0.295561 0.052193 0.032566
0.264163 0.697736 0.082389 0.037774
0.160564 0.699788 0.046944 0.036291
0.605255 0.403898 0.060030 0.032933
0.831447 0.522517 0.056174 0.035420
0.589028 0.877183 0.066189 0.038402
0.068018 0.677759 0.067537 0.035776
0.156088 0.741572 0.067425 0.041942
0.396938 0.099741 0.052232 0.041323
0.713626 0.414632 0.053582 0.040575
0.157581 0.959710 0.077066 0.040749
0.163190 0.601535 0.050560 0.032562
0.053473 0.791340 0.048516 0.034169
0.267728 0.661303 0.049463 0.033508
0.486093 0.922290 0.049655 0.039346
0.380181 0.299699 0.054686 0.039549
0.843532 0.103216 0.052709 0.042961
0.371184 0.737349 0.061250 0.040452
0.837798 0.341790 0.052489 0.032122
0.267058 0.802865 0.082829 0.027580
0.051937 0.947154 0.055515 0.044422
0.378266 0.458113 0.052553 0.037805
0.944807 0.178854 0.048108 0.038661
0.161491 0.779529 0.055816 0.035521
0.059684 0.203749 0.060530 0.044980
0.598266 0.517909 0.059433 0.032238
0.623234 0.138552 0.079049 0.042573
0.496995 0.136115 0.052386 0.036552
0.489002 0.511940 0.069826 0.043080
0.273958 0.237257 0.053228 0.041758
0.373951 0.501639 0.053875 0.041413
0.836056 0.305277 0.052134 0.037323
0.941962 0.811512 0.047316 0.041350
0.371625 0.545056 0.072435 0.036029
0.707138 0.661663 0.061671 0.046324
0.264561 0.733928 0.072894 0.037041
0.604057 0.552416 0.050185 0.036259
0.053176 0.908247 0.050525 0.033678
0.379448 0.342220 0.050391 0.039978
0.832563 0.488493 0.057082 0.029723
0.935143 0.638240 0.060715 0.040940
0.371210 0.808721 0.047746 0.035247
0.840829 0.152044 0.065200 0.053676
0.715805 0.173257 0.051031 0.034542
0.702671 0.742583 0.048280 0.035856
0.939073 0.300252 0.054818 0.045163
0.375577 0.868356 0.049248 0.036772
0.618123 0.064522 0.052831 0.039110
0.943863 0.139920 0.051123 0.038365
0.604445 0.669763 0.043996 0.028907
0.947009 0.063104 0.051276 0.037983
0.718485 0.253304 0.051397 0.048306
0.837820 0.242409 0.074652 0.038286
0.061268 0.246347 0.046325 0.038660
0.491882 0.369389 0.055310 0.040974
0.063611 0.067458 0.060375 0.044629
0.492088 0.290662 0.046939 0.030969
0.058537 0.753388 0.042075 0.036528
0.273070 0.873421 0.059610 0.030827
0.385691 0.260759 0.057271 0.032882
0.054316 0.592124 0.054316 0.046234
0.502741 0.173601 0.053631 0.032934
0.485496 0.631128 0.043065 0.037158
0.275034 0.161446 0.054547 0.034289
0.168275 0.340651 0.051266 0.038445
0.163970 0.168820 0.051720 0.040066
0.607283 0.335255 0.047468 0.027670
0.931483 0.508871 0.056074 0.047417
0.938679 0.463403 0.057464 0.040216
0.486137 0.595859 0.046434 0.031675
0.712917 0.133871 0.048921 0.040201
0.703846 0.939370 0.058504 0.029658
0.168889 0.491360 0.052673 0.039297
0.273338 0.309191 0.050413 0.038430
0.599742 0.745603 0.046531 0.037306
0.939510 0.258518 0.052995 0.039815
0.385720 0.663537 0.054504 0.026396
0.931779 0.597542 0.051677 0.036362
0.262969 0.542565 0.078767 0.037895
0.163766 0.811253 0.047771 0.025986
0.274681 0.408625 0.053877 0.042964
0.062844 0.431971 0.072716 0.033183
0.386058 0.224487 0.054954 0.041435
0.163539 0.529448 0.069742 0.038221
0.590329 0.970077 0.057538 0.032854
0.935616 0.555771 0.051173 0.046184
0.265223 0.582550 0.052550 0.041133
0.606141 0.295834 0.048384 0.044550
0.618584 0.022366 0.048922 0.039292
0.944494 0.415517 0.058080 0.051246
0.058731 0.716868 0.044822 0.038464
0.161573 0.564869 0.061134 0.038100
0.484383 0.962354 0.072520 0.036844
0.167754 0.633082 0.045566 0.024802
0.160403 0.215025 0.063111 0.049698
0.596000 0.787876 0.052708 0.038775
0.815479 0.838652 0.051577 0.040637
0.272079 0.500820 0.044767 0.041535
0.935659 0.964237 0.057101 0.031486
0.490769 0.461900 0.052995 0.053629
0.397870 0.063376 0.054571 0.026706
0.272056 0.455510 0.050757 0.045521
0.492925 0.413919 0.051423 0.042485
0.064723 0.116141 0.047146 0.049509
0.396180 0.024724 0.050285 0.047478
0.062868 0.162811 0.047590 0.035023
0.263109 0.969335 0.071789 0.041174
0.705266 0.704607 0.041831 0.035969
0.817493 0.924016 0.050765 0.038661
0.731571 0.018042 0.049239 0.033811
0.278006 0.198170 0.061471 0.036052
0.166933 0.381399 0.045999 0.040035
0.275548 0.128340 0.042922 0.034579
0.604449 0.631854 0.050717 0.042347
0.824480 0.717742 0.051883 0.037467
0.486951 0.556199 0.045940 0.043795
0.845098 0.062929 0.058397 0.038007
0.058904 0.548209 0.051459 0.039096
0.057146 0.319180 0.053858 0.034957
0.589445 0.939196 0.056668 0.030318
0.167060 0.298353 0.057930 0.042733
0.064095 0.025079 0.050782 0.038304
0.841375 0.025538 0.051400 0.039567
0.277540 0.273628 0.050266 0.028885
0.168065 0.459398 0.053962 0.025064
0.611536 0.241947 0.069140 0.056494
0.369475 0.773945 0.047548 0.032278
0.282122 0.095380 0.045841 0.033632
0.171052 0.046508 0.054500 0.035669
0.061772 0.283067 0.042244 0.035147
0.167332 0.259418 0.042718 0.031246
0.273992 0.366011 0.061462 0.040705
0.821676 0.795982 0.045936 0.041669
0.588556 0.831806 0.055210 0.044898
0.947149 0.023612 0.048588 0.034472
0.820900 0.754247 0.047008 0.038323
0.368210 0.839255 0.046310 0.028697
0.385380 0.425705 0.052388 0.026300
0.267958 0.770167 0.051773 0.036935
0.167635 0.087997 0.056981 0.040864
0.060697 0.351386 0.055627 0.039203
0.165336 0.127654 0.042300 0.038242
0.627526 0.103781 0.061896 0.031338
0.377805 0.963857 0.048789 0.034492
0.272679 0.336977 0.047981 0.024340
0.379218 0.573762 0.051059 0.024651
0.495342 0.097105 0.045727 0.038299
0.813899 0.961462 0.045104 0.035265
0.168190 0.424689 0.070167 0.041639
0.494490 0.061696 0.039949 0.035099
0.375502 0.939991 0.046316 0.031516
0.174903 0.015161 0.048349 0.025456
0.838882 0.274790 0.052526 0.025901
0.271853 0.904757 0.051795 0.032321
0.270947 0.931462 0.050750 0.038248
0.944679 0.343796 0.085679 0.043649
0.590328 0.910468 0.043771 0.026603
0.075551 0.469425 0.088837 0.042826
0.932641 0.364847 0.081186 0.053839
0.501978 0.021643 0.041934 0.034397
