0.165726 0.553342 0.071024 0.043065
0.075793 0.910950 0.066132 0.036367
0.716905 0.771548 0.063900 0.037652
0.716486 0.469057 0.062883 0.039587
0.169251 0.678492 0.082402 0.039216
0.590913 0.703101 0.072876 0.040642
0.833466 0.697057 0.068296 0.037672
0.592464 0.821166 0.062715 0.038801
0.387357 0.772055 0.065640 0.037507
0.723258 0.290986 0.066250 0.044643
0.836806 0.736061 0.070332 0.036584
0.499590 0.493492 0.072782 0.038190
0.486735 0.791692 0.064545 0.039179
0.837226 0.855340 0.065223 0.039814
0.274682 0.865303 0.061410 0.043349
0.612077 0.267658 0.071092 0.043770
0.718375 0.695851 0.056518 0.036308
0.835676 0.332107 0.057968 0.032316
0.833236 0.490398 0.066222 0.036240
0.486236 0.901511 0.059621 0.030405
0.388513 0.733234 0.053125 0.038721
0.592034 0.779401 0.066186 0.038049
0.393152 0.314580 0.058590 0.041309
0.282931 0.584207 0.062524 0.038785
0.065387 0.727588 0.056677 0.035791
0.505702 0.455233 0.058001 0.032437
0.835350 0.453228 0.054901 0.033294
0.283085 0.183234 0.054335 0.037917
0.061436 0.077025 0.065726 0.041503
0.597509 0.940826 0.075140 0.042640
0.606044 0.313595 0.065017 0.043066
0.285413 0.222464 0.064306 0.035720
0.600500 0.557736 0.059773 0.040883
0.717243 0.922212 0.056769 0.041670
0.504045 0.420535 0.057344 0.032526
0.170380 0.795139 0.063948 0.040953
0.174176 0.284206 0.071482 0.041072
0.831223 0.623086 0.062835 0.036122
0.496705 0.378004 0.066440 0.041498
0.069730 0.763263 0.057633 0.033873
0.273439 0.740111 0.072440 0.049445
0.061687 0.569339 0.063644 0.035735
0.064852 0.605617 0.053331 0.036152
0.067213 0.800002 0.054051 0.037674
0.276376 0.906298 0.057845 0.035663
0.593162 0.900182 0.047209 0.031948
0.488889 0.750006 0.051983 0.037750
0.065168 0.532286 0.079143 0.033070
0.063846 0.306236 0.066556 0.037535
0.064246 0.648611 0.050239 0.043301
0.501196 0.579430 0.064077 0.038414
0.591692 0.741815 0.058603 0.033008
0.720718 0.186118 0.056554 0.029486
0.936881 0.537853 0.061552 0.038438
0.065706 0.223079 0.061377 0.034994
0.835766 0.526350 0.064362 0.033301
0.943892 0.436412 0.051368 0.031381
0.837149 0.924275 0.075425 0.036873
0.067425 0.837961 0.053597 0.036035
0.937718 0.265387 0.068133 0.033946
0.280298 0.308598 0.054619 0.039894
0.722551 0.402521 0.059548 0.035840
0.942385 0.403358 0.050240 0.036912
0.932743 0.859477 0.051528 0.043158
0.942584 0.364793 0.051501 0.039069
0.280952 0.648780 0.050330 0.036527
0.838135 0.659534 0.053034 0.034038
0.722019 0.149575 0.054612 0.039010
0.498687 0.336309 0.072371 0.041546
0.287023 0.455533 0.066461 0.035779
0.721060 0.659926 0.052881 0.034747
0.933247 0.904205 0.054566 0.041746
0.618974 0.079929 0.047577 0.037208
0.180903 0.160512 0.060965 0.038553
0.839563 0.241402 0.052331 0.036398
0.620975 0.115911 0.049972 0.033564
0.601306 0.594988 0.049675 0.032865
0.599879 0.485356 0.054477 0.037617
0.173038 0.837788 0.051962 0.035693
0.942879 0.193799 0.055689 0.036321
0.385766 0.809881 0.061407 0.037572
0.398219 0.151788 0.050871 0.034134
0.715486 0.883981 0.048268 0.029832
0.399657 0.115675 0.056699 0.035309
0.719952 0.547570 0.048781 0.040957
0.172707 0.636380 0.073337 0.042521
0.508014 0.222035 0.053920 0.040364
0.072260 0.183365 0.052407 0.037099
0.595313 0.977709 0.077689 0.031883
0.717140 0.507200 0.047237 0.033614
0.397204 0.077288 0.058936 0.039411
0.599783 0.630402 0.056944 0.026767
0.494465 0.623891 0.054538 0.041855
0.280890 0.691073 0.052577 0.045008
0.181727 0.201787 0.057328 0.044571
0.393606 0.442548 0.055255 0.033433
0.612649 0.224865 0.051906 0.035971
0.063861 0.263260 0.055875 0.042714
0.279016 0.101675 0.049229 0.037120
0.067118 0.691032 0.053204 0.035769
0.395713 0.233229 0.054365 0.043172
0.171155 0.512661 0.057886 0.036611
0.281682 0.144884 0.048779 0.036639
0.061643 0.380373 0.076035 0.035027
0.714195 0.849379 0.061771 0.034859
0.496537 0.538223 0.062848 0.046361
0.285898 0.421277 0.063172 0.034985
0.054920 0.459257 0.050156 0.039725
0.281774 0.383230 0.043613 0.036634
0.715292 0.810093 0.046486 0.034172
0.166069 0.719860 0.089413 0.041123
0.285191 0.263624 0.059726 0.042066
0.482847 0.863030 0.060258 0.043066
0.494811 0.662752 0.051602 0.036229
0.389216 0.596658 0.059408 0.026579
0.719916 0.434605 0.049006 0.028502
0.938525 0.788504 0.057514 0.031550
0.173955 0.354139 0.052636 0.037744
0.392393 0.477884 0.049316 0.038413
0.595742 0.863154 0.052741 0.038504
0.716878 0.591069 0.058959 0.042747
0.838349 0.035665 0.059779 0.039827
0.836490 0.147519 0.050439 0.031353
0.944267 0.154297 0.050020 0.038892
0.836171 0.275848 0.051033 0.030896
0.505442 0.294765 0.052207 0.037414
0.382981 0.958118 0.049190 0.034207
0.173425 0.594148 0.055179 0.035646
0.282035 0.345309 0.046663 0.033394
0.946229 0.499292 0.049955 0.036373
0.839254 0.421545 0.053820 0.027013
0.064338 0.497094 0.054227 0.031833
0.835404 0.180195 0.043338 0.031338
0.398455 0.360009 0.058644 0.042085
0.603723 0.389630 0.051584 0.031925
0.389389 0.848498 0.049706 0.037446
0.065026 0.033947 0.062792 0.040741
0.841025 0.890421 0.053078 0.027129
0.944616 0.465962 0.050798 0.030062
0.167531 0.470607 0.049433 0.046690
0.596800 0.662447 0.052184 0.033660
0.171688 0.906176 0.053546 0.030729
0.836475 0.209871 0.041282 0.025665
0.931697 0.821075 0.046450 0.030267
0.385874 0.922533 0.043979 0.036083
0.399440 0.190611 0.046150 0.036417
0.283174 0.493162 0.054291 0.032163
0.602566 0.450104 0.044499 0.032437
0.832970 0.587868 0.053509 0.033445
0.060469 0.418437 0.052619 0.041313
0.390610 0.625553 0.072877 0.029036
0.833732 0.773447 0.055749 0.035263
0.490116 0.825397 0.055614 0.026458
0.946036 0.078604 0.045771 0.028812
0.836208 0.813161 0.062404 0.042446
0.938479 0.302442 0.055832 0.037647
0.721032 0.367545 0.049817 0.032988
0.616826 0.185000 0.044350 0.037956
0.174751 0.872237 0.044752 0.031089
0.068767 0.115599 0.048166 0.032179
0.268037 0.950017 0.072451 0.042518
0.601237 0.522050 0.045173 0.032556
0.608422 0.353767 0.047405 0.036939
0.070222 0.343633 0.056669 0.036880
0.512305 0.173048 0.053952 0.042362
0.389200 0.555611 0.057097 0.048489
0.489094 0.707279 0.050661 0.045255
0.166474 0.759004 0.050298 0.032995
0.183771 0.119954 0.049094 0.036570
0.727423 0.251416 0.058733 0.032105
0.722755 0.331895 0.049602 0.037427
0.275868 0.821609 0.069191 0.040370
0.619916 0.149462 0.047408 0.030931
0.834053 0.962023 0.065990 0.037623
0.070233 0.148050 0.053021 0.027989
0.938991 0.616569 0.053503 0.050063
0.390054 0.693245 0.044263 0.036176
0.169805 0.425897 0.054622 0.037875
0.715086 0.960586 0.051762 0.033342
0.941657 0.228524 0.042855 0.033246
0.393020 0.273548 0.065808 0.040299
0.722218 0.217288 0.043201 0.030477
0.941302 0.574501 0.045076 0.031396
0.277528 0.783580 0.068567 0.033745
0.722998 0.732306 0.040130 0.035818
0.387678 0.886727 0.041995 0.034313
0.836413 0.366381 0.042044 0.034631
0.945952 0.117585 0.048810 0.035306
0.390260 0.658348 0.048674 0.032335
0.171659 0.956977 0.044789 0.033228
0.942027 0.331469 0.046996 0.029142
0.390270 0.515847 0.048234 0.033301
0.837328 0.077397 0.052438 0.035786
0.174865 0.036911 0.055529 0.038188
0.397046 0.407453 0.055710 0.037685
0.831979 0.557216 0.040090 0.028055
0.171014 0.390408 0.044119 0.032516
0.723830 0.108054 0.050484 0.039402
0.507633 0.259747 0.042843 0.028178
0.183187 0.078259 0.063391 0.041478
0.726144 0.068836 0.047864 0.035965
0.396408 0.034467 0.054351 0.040866
0.834629 0.111803 0.042699 0.033438
0.280423 0.067475 0.042892 0.032351
0.718400 0.625943 0.045028 0.026517
0.504733 0.068616 0.049581 0.031281
0.511364 0.129287 0.041427 0.035102
0.937025 0.695281 0.041085 0.034650
0.936349 0.659776 0.047891 0.034821
0.935019 0.943451 0.058215 0.036369
0.178010 0.243722 0.048500 0.032197
0.289242 0.615816 0.055551 0.023404
0.071022 0.950723 0.061526 0.039150
0.943702 0.040641 0.039352 0.041954
0.838142 0.301433 0.042993 0.022300
0.605323 0.419230 0.044451 0.024098
0.283936 0.030555 0.046008 0.032979
0.939427 0.731536 0.048948 0.036196
0.936300 0.971367 0.068330 0.033444
0.071254 0.875074 0.054451 0.032859
0.175174 0.320190 0.046991 0.022752
0.938554 0.759581 0.047556 0.028690
0.510814 0.031298 0.044921 0.033832
0.621555 0.039464 0.053081 0.039083
0.511633 0.096862 0.044614 0.023804
0.837562 0.393377 0.046909 0.024997
0.481891 0.960236 0.065309 0.040730
0.172235 0.930516 0.046940 0.023249
0.282143 0.539563 0.063126 0.045785
0.484155 0.937779 0.066876 0.038597
0.729470 0.030165 0.043123 0.032719
