0.282816 0.125311 0.074401 0.051336
0.615851 0.968220 0.071328 0.044550
0.295947 0.305034 0.065330 0.043318
0.068982 0.803991 0.068163 0.042369
0.192481 0.935194 0.064761 0.033609
0.508341 0.703526 0.058483 0.039805
0.502362 0.285963 0.074440 0.039503
0.297695 0.852162 0.069234 0.038985
0.616683 0.923840 0.057912 0.041969
0.193897 0.972782 0.064086 0.040278
0.930950 0.644052 0.067401 0.042201
0.613762 0.883515 0.056043 0.038859
0.505252 0.330005 0.084398 0.042068
0.514598 0.786284 0.065248 0.043540
0.297509 0.393273 0.061829 0.043302
0.520196 0.872930 0.059600 0.040879
0.718571 0.265914 0.058075 0.045021
0.934577 0.388350 0.060696 0.034876
0.617544 0.654099 0.070150 0.038606
0.511019 0.244529 0.054440 0.040269
0.620114 0.519197 0.061882 0.040639
0.936652 0.426914 0.053646 0.041087
0.720115 0.682184 0.083026 0.045554
0.296161 0.437905 0.063536 0.039372
0.396005 0.070137 0.058770 0.038541
0.514393 0.832016 0.052869 0.041481
0.617537 0.286739 0.057026 0.040846
0.405224 0.702475 0.057283 0.044875
0.933806 0.468135 0.056097 0.038186
0.299132 0.895191 0.064857 0.039085
0.074321 0.307618 0.057561 0.044773
0.721729 0.440964 0.055567 0.038119
0.080681 0.965618 0.062584 0.041990
0.497084 0.140465 0.056671 0.038229
0.936835 0.150911 0.058645 0.037346
0.295998 0.350727 0.056593 0.040280
0.715089 0.108359 0.074475 0.043570
0.404352 0.284634 0.063933 0.044846
0.174641 0.082596 0.084693 0.049416
0.300065 0.933506 0.074282 0.038230
0.406552 0.856488 0.058930 0.038118
0.498973 0.371046 0.073102 0.036966
0.193990 0.896992 0.081538 0.038508
0.189986 0.856014 0.069195 0.045280
0.506264 0.585194 0.076436 0.042286
0.074372 0.263399 0.066511 0.039324
0.933911 0.072817 0.059061 0.036554
0.290226 0.173709 0.049150 0.040823
0.517163 0.918362 0.056595 0.044589
0.933578 0.855749 0.054387 0.043733
0.186669 0.733937 0.076998 0.040114
0.402990 0.818732 0.054744 0.038393
0.720672 0.769141 0.052994 0.042407
0.514734 0.630698 0.065948 0.040758
0.938276 0.191344 0.065869 0.040016
0.398508 0.584908 0.069492 0.038225
0.613203 0.330197 0.058437 0.048574
0.406240 0.928063 0.052616 0.031728
0.067448 0.848318 0.058082 0.038440
0.302448 0.972367 0.088735 0.037347
0.509530 0.742461 0.062107 0.035630
0.399300 0.199344 0.055353 0.043533
0.936111 0.926813 0.062781 0.030929
0.402575 0.378312 0.056130 0.041744
0.940331 0.234327 0.069048 0.045892
0.840618 0.482090 0.068092 0.041471
0.070336 0.568029 0.055633 0.043286
0.613010 0.480965 0.057385 0.038053
0.405929 0.746826 0.052316 0.043956
0.933908 0.112115 0.059681 0.036755
0.173274 0.642461 0.069864 0.042347
0.614080 0.734758 0.056656 0.044134
0.288128 0.073289 0.058681 0.047824
0.943369 0.550072 0.067000 0.038811
0.718355 0.584184 0.054311 0.039588
0.406077 0.962427 0.055259 0.037680
0.073748 0.524187 0.066301 0.039204
0.723088 0.890564 0.052170 0.041628
0.400146 0.505563 0.050471 0.040103
0.933568 0.595698 0.061204 0.049072
0.401339 0.331371 0.053965 0.042995
0.505367 0.205059 0.053664 0.035055
0.620127 0.077368 0.051534 0.038871
0.398441 0.545826 0.059191 0.041366
0.935824 0.314090 0.049411 0.045563
0.609399 0.843918 0.057979 0.036134
0.938064 0.509304 0.052105 0.037215
0.620093 0.563899 0.052211 0.044651
0.398733 0.242839 0.056997 0.040151
0.939384 0.962532 0.053278 0.040658
0.294324 0.261811 0.057646 0.038210
0.408113 0.891804 0.051100 0.029424
0.070086 0.888265 0.055035 0.035796
0.827572 0.884057 0.058175 0.039942
0.617620 0.410230 0.058580 0.047020
0.620182 0.120741 0.055808 0.044572
0.299472 0.810005 0.066788 0.045657
0.718975 0.631616 0.075846 0.051617
0.830675 0.207720 0.053554 0.040714
0.825339 0.842423 0.062400 0.033957
0.717962 0.478254 0.058944 0.034171
0.724137 0.812634 0.061354 0.041700
0.617514 0.611872 0.053935 0.040698
0.613915 0.694039 0.062768 0.037676
0.714344 0.546041 0.060356 0.037141
0.075117 0.390703 0.062443 0.041245
0.940527 0.895166 0.051960 0.031303
0.715581 0.511671 0.055113 0.034196
0.504489 0.414226 0.074594 0.042496
0.181008 0.132886 0.063422 0.044122
0.726297 0.345818 0.050983 0.043185
0.720167 0.305782 0.050391 0.034221
0.825473 0.165702 0.054496 0.039752
0.718657 0.067883 0.052404 0.036149
0.719514 0.156459 0.055132 0.040894
0.836552 0.338865 0.063429 0.042969
0.069990 0.736596 0.048769 0.034095
0.506127 0.457503 0.057071 0.038872
0.074923 0.925042 0.061056 0.032302
0.932954 0.730295 0.073945 0.037594
0.823983 0.084223 0.050875 0.039180
0.068357 0.612695 0.066534 0.042138
0.836549 0.385733 0.051480 0.048033
0.292104 0.219179 0.050205 0.047374
0.504520 0.497016 0.067309 0.044266
0.835587 0.963036 0.052627 0.037240
0.182508 0.031836 0.065016 0.043853
0.837333 0.437473 0.059173 0.047777
0.074410 0.350127 0.053421 0.034876
0.396145 0.028746 0.055350 0.040743
0.828775 0.653421 0.052562 0.038250
0.830723 0.770467 0.065681 0.040857
0.300324 0.724278 0.068621 0.045800
0.303039 0.767927 0.056188 0.041973
0.614057 0.369728 0.066902 0.029623
0.933931 0.036813 0.054945 0.038397
0.071030 0.122290 0.053262 0.042068
0.832328 0.807842 0.060923 0.037413
0.833156 0.296634 0.047730 0.038207
0.070532 0.075121 0.067481 0.042820
0.726440 0.928537 0.054159 0.029966
0.942999 0.273332 0.055617 0.028186
0.938201 0.353492 0.044999 0.031738
0.185906 0.524613 0.056714 0.031971
0.827006 0.123188 0.053588 0.033848
0.835261 0.732530 0.059730 0.036432
0.403929 0.625918 0.054267 0.042317
0.400102 0.466515 0.047151 0.037747
0.834453 0.534020 0.057657 0.055273
0.618827 0.211773 0.043718 0.035693
0.723123 0.852741 0.044949 0.033164
0.403475 0.151951 0.048372 0.047880
0.619288 0.448338 0.052415 0.027867
0.183726 0.689708 0.054091 0.041042
0.721810 0.228542 0.044512 0.028531
0.513462 0.970003 0.056871 0.040970
0.721200 0.727343 0.056392 0.037638
0.074608 0.768718 0.055304 0.026108
0.505465 0.173376 0.049751 0.026520
0.400105 0.423189 0.052497 0.046764
0.191562 0.780505 0.055686 0.048819
0.401902 0.106757 0.042551 0.031793
0.083512 0.426589 0.060567 0.030498
0.074063 0.034407 0.059330 0.038486
0.618280 0.249462 0.046485 0.035140
0.935364 0.688788 0.061267 0.042566
0.832550 0.925117 0.060370 0.037665
0.404479 0.664609 0.048625 0.028416
0.504203 0.025784 0.050798 0.038423
0.825027 0.038801 0.055629 0.043401
0.497831 0.099885 0.052742 0.042356
0.183915 0.217424 0.044002 0.040544
0.726728 0.395884 0.053544 0.047638
0.182441 0.308315 0.056521 0.041678
0.071169 0.222361 0.051283 0.036278
0.184522 0.177336 0.048427 0.036793
0.073411 0.174355 0.049539 0.048372
0.507850 0.539565 0.061480 0.046442
0.180783 0.599479 0.048850 0.039907
0.722467 0.028763 0.055813 0.033858
0.938495 0.809602 0.041652 0.043151
0.728335 0.964687 0.040124 0.036235
0.719043 0.197008 0.048668 0.034387
0.609684 0.780265 0.044836 0.039678
0.500552 0.063204 0.047105 0.031454
0.185084 0.489952 0.044436 0.035554
0.185988 0.458230 0.039761 0.032145
0.510281 0.667787 0.054780 0.030962
0.290608 0.028788 0.052441 0.037371
0.833172 0.253546 0.044447 0.045440
0.071044 0.700775 0.048265 0.036784
0.411131 0.784274 0.053306 0.027572
0.294150 0.512704 0.049625 0.037840
0.186611 0.390035 0.053990 0.036807
0.619992 0.035066 0.047974 0.039908
0.290649 0.554460 0.060692 0.045747
0.067469 0.657229 0.049125 0.045924
0.291949 0.476510 0.057162 0.036991
0.301389 0.681951 0.050958 0.033078
0.294408 0.639293 0.052632 0.042373
0.181488 0.561284 0.043756 0.031669
0.183520 0.263073 0.050959 0.037874
0.829782 0.615333 0.042156 0.031863
0.296142 0.598521 0.047265 0.037864
0.621643 0.170858 0.056795 0.043862
0.608877 0.812252 0.049038 0.029002
0.184548 0.351824 0.044784 0.037043
0.187729 0.424998 0.041043 0.032191
0.940525 0.767419 0.043829 0.037235
0.830139 0.578070 0.047276 0.035853
0.846860 0.694169 0.083597 0.044656
0.072476 0.477207 0.061805 0.049789
0.191953 0.817772 0.044105 0.025272
