0.517499 0.752396 0.071799 0.034308
0.321367 0.863560 0.052889 0.034782
0.418269 0.833541 0.053940 0.036885
0.130140 0.882515 0.055379 0.029039
0.517677 0.872852 0.059606 0.029019
0.319401 0.469115 0.058173 0.031748
0.621441 0.869090 0.057815 0.029268
0.311968 0.639238 0.060655 0.032976
0.826972 0.856916 0.048111 0.033469
0.718757 0.333315 0.068716 0.029137
0.315879 0.507223 0.058937 0.037166
0.621143 0.732610 0.066816 0.031225
0.617159 0.634747 0.059676 0.029425
0.321154 0.236754 0.064916 0.034644
0.627432 0.412931 0.059196 0.039635
0.917565 0.497372 0.057140 0.032384
0.418445 0.287905 0.053288 0.034942
0.619444 0.832258 0.052531 0.034284
0.919114 0.533109 0.049610 0.031167
0.620131 0.566036 0.072501 0.032234
0.119028 0.357384 0.056613 0.034651
0.720581 0.370764 0.066596 0.030787
0.723539 0.254366 0.061125 0.035351
0.721132 0.183277 0.052910 0.034465
0.916136 0.731835 0.056288 0.026870
0.918035 0.169906 0.061493 0.031068
0.623227 0.337074 0.066670 0.028492
0.727261 0.757565 0.054969 0.030287
0.415333 0.601966 0.060541 0.037139
0.419162 0.871500 0.046715 0.032451
0.824079 0.238582 0.066009 0.028620
0.515295 0.556331 0.051906 0.035623
0.419684 0.561705 0.067314 0.035807
0.522557 0.680469 0.061366 0.029421
0.919818 0.873135 0.056194 0.031317
0.724797 0.627855 0.068596 0.033478
0.829806 0.580697 0.058622 0.031388
0.621657 0.199998 0.059645 0.028607
0.829923 0.922082 0.051546 0.031345
0.729607 0.795966 0.062433 0.032586
0.415442 0.422870 0.064259 0.032179
0.828302 0.618098 0.054430 0.034410
0.720997 0.407358 0.061255 0.033012
0.521217 0.171775 0.051758 0.031884
0.520822 0.370399 0.050914 0.027611
0.619778 0.233892 0.054410 0.034966
0.718867 0.587889 0.057123 0.035536
0.620218 0.167978 0.058647 0.029750
0.828639 0.656091 0.052332 0.030588
0.621970 0.533481 0.051943 0.027476
0.915777 0.835307 0.052502 0.030604
0.823523 0.467770 0.051390 0.032947
0.920185 0.260482 0.064755 0.027124
0.426221 0.148270 0.066551 0.031449
0.215490 0.317756 0.054839 0.042463
0.125123 0.463359 0.056095 0.032787
0.522812 0.136612 0.056332 0.031104
0.823672 0.201911 0.047512 0.034236
0.129580 0.598501 0.061291 0.032587
0.418763 0.904871 0.059698 0.028553
0.919688 0.428401 0.059933 0.029320
0.726363 0.866312 0.060711 0.038381
0.825291 0.731670 0.052309 0.040028
0.321744 0.544827 0.059070 0.028997
0.522497 0.299647 0.062145 0.028155
0.521900 0.270609 0.050006 0.029586
0.219338 0.672568 0.052817 0.036018
0.128316 0.768470 0.055600 0.031472
0.517619 0.520137 0.052555 0.029244
0.619370 0.306730 0.054464 0.025328
0.417719 0.248999 0.049370 0.036797
0.123975 0.398258 0.061586 0.032592
0.921426 0.798305 0.057030 0.032177
0.824053 0.776033 0.052670 0.036053
0.418251 0.731528 0.044153 0.027746
0.826620 0.139231 0.058987 0.032831
0.316754 0.165389 0.061249 0.027919
0.824675 0.103661 0.060969 0.034031
0.220081 0.466298 0.057233 0.032384
0.913977 0.132788 0.050111 0.030349
0.820840 0.396925 0.046573 0.033889
0.514156 0.590427 0.053592 0.024867
0.525100 0.482861 0.055119 0.029860
0.823532 0.890232 0.046836 0.026341
0.825084 0.817266 0.048932 0.035254
0.624129 0.273028 0.054105 0.034696
0.725587 0.218036 0.057757 0.025050
0.318571 0.199274 0.044894 0.031279
0.225895 0.786765 0.053451 0.033606
0.722292 0.723202 0.056576 0.034345
0.522900 0.403080 0.050703 0.026820
0.322502 0.277528 0.055101 0.035163
0.724074 0.924433 0.062128 0.036588
0.916772 0.230115 0.048653 0.027851
0.618983 0.600039 0.060988 0.026828
0.916129 0.702458 0.053343 0.024841
0.823336 0.269847 0.064001 0.028009
0.621134 0.502331 0.047551 0.033462
0.220880 0.575767 0.047387 0.032842
0.130923 0.660256 0.058020 0.032938
0.119900 0.561540 0.045579 0.027584
0.622912 0.136420 0.057562 0.032483
0.520997 0.236621 0.054226 0.034127
0.129243 0.806624 0.054616 0.029205
0.226340 0.752298 0.061444 0.029452
0.722129 0.448111 0.049653 0.037179
0.416972 0.794040 0.049174 0.030362
0.321983 0.580962 0.053249 0.029132
0.618951 0.765922 0.067123 0.026923
0.822997 0.431011 0.043789 0.031651
0.121671 0.324240 0.057976 0.026190
0.420899 0.763270 0.061924 0.026700
0.723450 0.145497 0.059858 0.033922
0.419579 0.326309 0.054246 0.035115
0.317013 0.434128 0.049838 0.026999
0.223477 0.860186 0.045149 0.031737
0.522256 0.333950 0.044623 0.032130
0.522102 0.901439 0.052751 0.024492
0.919230 0.631574 0.053180 0.031666
0.420167 0.486476 0.051894 0.029100
0.422443 0.213631 0.057436 0.027737
0.620821 0.459159 0.056251 0.045947
0.222308 0.639811 0.053101 0.026368
0.721510 0.485680 0.050535 0.028293
0.919151 0.598014 0.054689 0.029770
0.514761 0.788468 0.051845 0.026146
0.417746 0.637348 0.051913 0.027321
0.313643 0.671056 0.061834 0.024803
0.916832 0.395595 0.050393 0.031354
0.515381 0.621526 0.044391 0.026943
0.920382 0.292313 0.047460 0.027213
0.419325 0.181531 0.049634 0.026880
0.922413 0.361205 0.053199 0.026787
0.316628 0.754579 0.048116 0.032102
0.416201 0.522657 0.043624 0.031032
0.918428 0.566408 0.048604 0.027167
0.118620 0.289700 0.051693 0.035312
0.222241 0.892176 0.044240 0.029722
0.316361 0.344726 0.048628 0.028907
0.620668 0.698027 0.044923 0.025570
0.319201 0.790272 0.041427 0.032865
0.519289 0.842832 0.051417 0.023369
0.123512 0.730806 0.042892 0.030207
0.217708 0.431300 0.047252 0.029969
0.824459 0.170233 0.050386 0.022646
0.222630 0.714605 0.058794 0.037403
0.321864 0.897266 0.047770 0.023558
0.816117 0.361414 0.045300 0.031058
0.620486 0.371643 0.043646 0.032010
0.320576 0.825890 0.043440 0.032141
0.217109 0.277524 0.045190 0.031489
0.625555 0.900442 0.066060 0.024002
0.222167 0.240361 0.051676 0.033224
0.918670 0.762260 0.042803 0.032005
0.219505 0.542127 0.044889 0.030726
0.821621 0.501395 0.053980 0.027903
0.318540 0.926128 0.068219 0.027987
0.829011 0.689998 0.042304 0.032495
0.724770 0.549904 0.059564 0.029964
0.417451 0.670126 0.043646 0.027521
0.524214 0.204719 0.059306 0.023774
0.319454 0.137684 0.059014 0.024435
0.918926 0.667381 0.041705 0.035529
0.321423 0.314361 0.057439 0.023510
0.219185 0.397300 0.045258 0.030372
0.925415 0.325068 0.054464 0.035837
0.728001 0.108921 0.051997 0.037093
0.225571 0.924011 0.061852 0.030492
0.122992 0.697084 0.051618 0.031838
0.313637 0.610061 0.051526 0.020849
0.722208 0.829647 0.047406 0.022589
0.422158 0.110887 0.054104 0.035541
0.128979 0.844475 0.045267 0.035062
0.219010 0.361708 0.051677 0.033462
0.223500 0.824762 0.044017 0.031910
0.722438 0.519773 0.064095 0.030324
0.316517 0.403752 0.040914 0.026698
0.624021 0.926416 0.063836 0.026428
0.522289 0.928796 0.044275 0.023968
0.919486 0.460715 0.049655 0.033465
0.918663 0.902876 0.053775 0.023328
0.908024 0.101990 0.055045 0.023840
0.728442 0.690764 0.061851 0.023883
0.419131 0.700828 0.036840 0.028928
0.219045 0.204181 0.049326 0.030771
0.321105 0.725242 0.057569 0.020944
0.314501 0.376433 0.043569 0.025671
0.520637 0.816572 0.054591 0.020700
0.526154 0.445638 0.055853 0.038283
0.123734 0.428092 0.047656 0.027299
0.218417 0.503829 0.045046 0.035782
0.123185 0.496445 0.042325 0.028099
0.123340 0.529305 0.038220 0.025425
0.727692 0.662580 0.050605 0.030443
0.521979 0.714362 0.059479 0.033320
0.118245 0.145902 0.042481 0.030237
0.318025 0.699895 0.066733 0.024645
0.324661 0.109660 0.051156 0.026369
0.517613 0.648752 0.037051 0.027025
0.620157 0.667202 0.038160 0.029075
0.919088 0.201745 0.041587 0.026898
0.720177 0.294278 0.042297 0.033543
0.220960 0.608399 0.037341 0.026938
0.826481 0.297887 0.059530 0.023094
0.520596 0.105448 0.056517 0.024174
0.115711 0.182223 0.045196 0.031752
0.218002 0.134819 0.046668 0.029216
0.119582 0.248736 0.042339 0.032781
0.824330 0.550023 0.058329 0.022757
0.415661 0.387415 0.043394 0.024988
0.117366 0.113776 0.047736 0.030461
0.825910 0.325537 0.049005 0.031881
0.618516 0.795781 0.054967 0.020938
0.129596 0.910025 0.036394 0.021762
0.421274 0.361774 0.046214 0.025394
0.414964 0.455345 0.044347 0.021432
0.422426 0.931980 0.069941 0.023773
0.727560 0.894617 0.058089 0.019852
0.124958 0.630862 0.043553 0.017919
0.625571 0.105110 0.065968 0.029735
0.116902 0.212818 0.041550 0.030727
0.217249 0.171567 0.042209 0.034196
0.825288 0.528315 0.056069 0.021153
0.921528 0.927642 0.051979 0.020275
0.140606 0.934588 0.064051 0.024691
0.225546 0.107451 0.057991 0.020101
