0.270672 0.857492 0.063639 0.034208
0.463190 0.679258 0.059462 0.031179
0.465166 0.712767 0.056325 0.028268
0.840755 0.685068 0.061276 0.028593
0.751567 0.707358 0.062508 0.032649
0.167225 0.862967 0.061020 0.036224
0.371789 0.873106 0.064794 0.026244
0.269440 0.893525 0.072340 0.029724
0.823088 0.203327 0.056376 0.028076
0.369332 0.708242 0.053897 0.029479
0.245455 0.272929 0.052095 0.033055
0.630815 0.273231 0.050172 0.032453
0.920006 0.411512 0.051554 0.036384
0.814454 0.130957 0.056038 0.031496
0.158778 0.565979 0.054542 0.041186
0.170321 0.718775 0.060449 0.030447
0.265045 0.646617 0.055884 0.037751
0.561559 0.813204 0.049778 0.028271
0.476499 0.884780 0.051979 0.027583
0.260994 0.535376 0.062925 0.028664
0.819169 0.172217 0.053453 0.034902
0.551964 0.560897 0.051761 0.036513
0.250982 0.352549 0.058174 0.038297
0.465546 0.746701 0.047831 0.030493
0.636786 0.352227 0.055218 0.030331
0.162591 0.786382 0.051309 0.031282
0.545031 0.392580 0.058975 0.029344
0.536760 0.319151 0.051270 0.033376
0.735988 0.424684 0.057025 0.040981
0.736582 0.465276 0.060478 0.032655
0.170419 0.822914 0.062404 0.032261
0.534058 0.206582 0.054414 0.030828
0.648236 0.632316 0.060125 0.034166
0.468232 0.786529 0.050237 0.035912
0.163205 0.611260 0.054696 0.035918
0.759666 0.898967 0.061142 0.032795
0.738304 0.503096 0.047610 0.033555
0.922704 0.555184 0.058509 0.036920
0.933685 0.859642 0.049163 0.030565
0.836834 0.650021 0.053193 0.028299
0.166107 0.651537 0.054798 0.032523
0.353405 0.539352 0.060185 0.031547
0.846713 0.789439 0.059139 0.034924
0.628304 0.315312 0.052692 0.030321
0.351457 0.473757 0.054583 0.029931
0.832692 0.373951 0.055051 0.030738
0.740498 0.539694 0.053232 0.030335
0.840867 0.715425 0.051737 0.032432
0.256805 0.393861 0.061798 0.034784
0.266724 0.819639 0.060449 0.025491
0.445054 0.343246 0.054669 0.028901
0.811689 0.096408 0.055583 0.036063
0.641977 0.426571 0.067204 0.029866
0.737910 0.577786 0.056647 0.030120
0.556281 0.635615 0.044392 0.033865
0.554922 0.672965 0.047372 0.027093
0.828562 0.336650 0.050699 0.035986
0.926155 0.629107 0.044074 0.034264
0.757233 0.773116 0.067186 0.029429
0.923006 0.513597 0.054173 0.031693
0.747096 0.663636 0.049621 0.046794
0.928274 0.826282 0.055237 0.025852
0.650225 0.706238 0.052568 0.028878
0.570008 0.911230 0.052743 0.035870
0.346887 0.406370 0.049509 0.035929
0.755149 0.811105 0.049355 0.036022
0.343534 0.365001 0.053631 0.033187
0.246916 0.201661 0.063188 0.034182
0.337997 0.165345 0.060613 0.029123
0.652764 0.669354 0.048053 0.030024
0.833037 0.486397 0.052238 0.031222
0.742884 0.617510 0.048667 0.036766
0.438244 0.302369 0.043631 0.036327
0.452834 0.548339 0.055663 0.030380
0.559444 0.744460 0.046464 0.030364
0.161226 0.487137 0.048717 0.032912
0.848568 0.850380 0.057532 0.031424
0.260548 0.607958 0.049724 0.030518
0.643321 0.517012 0.051040 0.036527
0.552245 0.594960 0.047851 0.033186
0.719020 0.139383 0.054527 0.032648
0.538288 0.281887 0.053805 0.037797
0.253795 0.313866 0.058565 0.036156
0.567088 0.875672 0.053874 0.029124
0.925033 0.446701 0.056146 0.031064
0.847095 0.752140 0.052949 0.031192
0.256209 0.495901 0.051466 0.039378
0.822824 0.234153 0.048690 0.027235
0.858732 0.883928 0.055674 0.026036
0.913686 0.258041 0.053672 0.043173
0.910991 0.124733 0.051182 0.031241
0.268167 0.785675 0.054974 0.030631
0.435087 0.206076 0.053023 0.031691
0.358609 0.578067 0.052686 0.037195
0.532898 0.239069 0.049158 0.034907
0.341361 0.325888 0.047550 0.034043
0.147752 0.243093 0.053018 0.037368
0.917451 0.371444 0.048236 0.032177
0.164828 0.754792 0.043997 0.029969
0.722366 0.212532 0.053437 0.032056
0.834764 0.410907 0.053261 0.033050
0.153825 0.446917 0.050027 0.036372
0.733067 0.380520 0.052770 0.032766
0.249613 0.235133 0.067486 0.033443
0.342340 0.288386 0.046587 0.038141
0.540063 0.361596 0.050624 0.034252
0.264676 0.569112 0.054393 0.031626
0.373302 0.911569 0.053602 0.038445
0.262190 0.685494 0.045445 0.036043
0.929459 0.695992 0.046672 0.027053
0.351464 0.441739 0.048529 0.024511
0.824866 0.266569 0.055286 0.026409
0.151885 0.403122 0.052893 0.034480
0.475553 0.851706 0.041562 0.030567
0.858210 0.914904 0.058267 0.029290
0.654078 0.744498 0.044764 0.036311
0.563292 0.777999 0.050425 0.026182
0.526914 0.170926 0.048002 0.031007
0.453223 0.583487 0.046710 0.025687
0.756732 0.857116 0.050861 0.041275
0.455766 0.617344 0.047313 0.033197
0.748185 0.740365 0.060309 0.023888
0.838886 0.560552 0.048332 0.033667
0.457320 0.647555 0.050557 0.022610
0.625969 0.166793 0.042620 0.030825
0.927786 0.594960 0.048089 0.026768
0.355730 0.616935 0.051364 0.026458
0.341258 0.251640 0.051752 0.030164
0.923971 0.482241 0.039602 0.032658
0.939245 0.899469 0.053703 0.039451
0.140593 0.141771 0.049142 0.037925
0.646224 0.591779 0.044665 0.034086
0.530334 0.136681 0.051164 0.030367
0.151838 0.337306 0.053609 0.028923
0.339092 0.221326 0.056663 0.026307
0.836031 0.524612 0.051050 0.037314
0.618506 0.100917 0.052628 0.033414
0.917256 0.336658 0.041239 0.031898
0.354250 0.505997 0.049664 0.024748
0.335379 0.136243 0.046501 0.030140
0.834523 0.447484 0.045132 0.034755
0.475215 0.820467 0.050149 0.021503
0.361200 0.648607 0.044684 0.025400
0.657857 0.818781 0.053139 0.023770
0.852671 0.820452 0.056431 0.020617
0.657082 0.785134 0.038316 0.032180
0.259873 0.722499 0.049815 0.031147
0.434094 0.171571 0.046523 0.029176
0.720928 0.174020 0.048529 0.033518
0.619533 0.134462 0.057011 0.024153
0.669123 0.922042 0.049101 0.028914
0.841010 0.592427 0.058328 0.023780
0.155152 0.524013 0.050547 0.032291
0.237303 0.136060 0.052481 0.025015
0.522663 0.102373 0.054419 0.030464
0.438027 0.236798 0.041837 0.030251
0.912387 0.184051 0.042050 0.031991
0.455770 0.478932 0.059765 0.031848
0.916574 0.300325 0.045371 0.030666
0.928791 0.756891 0.041255 0.031375
0.438712 0.268059 0.042725 0.025147
0.547380 0.426727 0.056317 0.028451
0.636845 0.389186 0.042579 0.033624
0.912007 0.218603 0.043754 0.028082
0.444975 0.375613 0.046320 0.026277
0.545493 0.461049 0.042510 0.030498
0.936511 0.724849 0.053768 0.022077
0.658052 0.848343 0.037407 0.023680
0.628833 0.237216 0.035916 0.028428
0.155282 0.367498 0.049364 0.021798
0.932158 0.794630 0.042101 0.033856
0.337985 0.195134 0.048597 0.024325
0.557029 0.707468 0.034687 0.032529
0.240647 0.165108 0.040914 0.031884
0.645180 0.554883 0.045861 0.025035
0.448366 0.417741 0.051575 0.045753
0.182826 0.932650 0.062410 0.031051
0.452197 0.515736 0.039571 0.033356
0.563509 0.844050 0.047450 0.020360
0.364015 0.676995 0.036127 0.026207
0.258921 0.432209 0.056613 0.030745
0.728018 0.315727 0.040408 0.028224
0.258151 0.460872 0.046536 0.029217
0.264878 0.753018 0.036063 0.026626
0.910428 0.092238 0.045640 0.025008
0.146112 0.206645 0.045782 0.030656
0.627478 0.202776 0.038563 0.031753
0.368973 0.837720 0.046995 0.032826
0.369130 0.796079 0.052218 0.036558
0.168110 0.686132 0.036176 0.027628
0.930481 0.664420 0.044513 0.024559
0.664899 0.875769 0.044996 0.020201
0.546592 0.494800 0.040841 0.026690
0.479573 0.916213 0.038258 0.033395
0.334708 0.104143 0.040924 0.030805
0.913645 0.154554 0.047043 0.019563
0.712175 0.100655 0.044501 0.036145
0.844795 0.621137 0.054007 0.022040
0.731527 0.345782 0.033340 0.027834
0.372093 0.751573 0.062341 0.041966
0.148537 0.177046 0.053472 0.019836
0.551226 0.524371 0.035324 0.028025
0.666155 0.896170 0.045872 0.021871
0.146077 0.277664 0.040459 0.021181
0.150749 0.303860 0.043617 0.024437
0.238457 0.105728 0.041446 0.030282
0.737240 0.274917 0.065837 0.044262
0.643978 0.484489 0.050331 0.019146
0.277130 0.924993 0.069314 0.029867
0.721837 0.243587 0.045830 0.020642
0.825540 0.299395 0.044552 0.029210
0.431195 0.130234 0.053109 0.026319
0.428929 0.100340 0.048269 0.025591
0.638573 0.457346 0.047187 0.023868
0.172191 0.899711 0.056883 0.029946
0.140631 0.105358 0.046518 0.023934
0.453128 0.453213 0.049739 0.022032
0.663986 0.189078 0.017006 0.015338
0.431738 0.147763 0.044134 0.014664
