0.828013 0.279653 0.074162 0.047012
0.825920 0.368888 0.075141 0.041499
0.717909 0.178246 0.076493 0.043608
0.946051 0.701217 0.064751 0.036830
0.943004 0.405176 0.075840 0.044391
0.168760 0.335483 0.078391 0.038254
0.061864 0.119834 0.066438 0.037123
0.379630 0.298650 0.074395 0.047652
0.701021 0.800211 0.067422 0.044801
0.823201 0.455362 0.080392 0.042235
0.489433 0.753117 0.061229 0.042085
0.276297 0.375689 0.063135 0.047083
0.377074 0.600127 0.084117 0.042434
0.379799 0.247237 0.072227 0.052763
0.816310 0.501416 0.074395 0.041095
0.818202 0.846456 0.072315 0.038982
0.498086 0.081043 0.075780 0.047965
0.937616 0.658932 0.077710 0.042256
0.274964 0.327790 0.067793 0.042603
0.815808 0.549987 0.076358 0.043650
0.717396 0.422675 0.063104 0.032269
0.940244 0.134634 0.075585 0.049650
0.164199 0.915851 0.073096 0.040734
0.715585 0.132769 0.071948 0.041676
0.387700 0.517014 0.080346 0.040880
0.943466 0.228610 0.077648 0.046087
0.601796 0.538587 0.060974 0.041591
0.058510 0.856210 0.062749 0.039189
0.815272 0.893832 0.093436 0.047297
0.485416 0.835758 0.069350 0.037582
0.707386 0.888464 0.074424 0.037218
0.380332 0.389475 0.075489 0.048108
0.056577 0.746020 0.063334 0.036444
0.483301 0.794055 0.071595 0.033712
0.704043 0.845732 0.068109 0.038091
0.948728 0.451929 0.074273 0.044761
0.278950 0.424039 0.067199 0.042852
0.585528 0.961354 0.091536 0.048921
0.164751 0.739780 0.066516 0.043807
0.377135 0.824746 0.072150 0.039759
0.703407 0.750567 0.089604 0.044892
0.945179 0.608222 0.067542 0.044400
0.601276 0.449579 0.062027 0.043784
0.814059 0.646986 0.083963 0.037844
0.055234 0.524870 0.074176 0.033080
0.947152 0.740651 0.076823 0.037454
0.830619 0.119730 0.058146 0.040673
0.937791 0.781305 0.070911 0.037015
0.277310 0.279912 0.072413 0.042564
0.494057 0.299080 0.064021 0.035098
0.828128 0.233441 0.066554 0.042035
0.497510 0.177148 0.076370 0.043829
0.166151 0.380054 0.067762 0.044386
0.498017 0.128030 0.075078 0.047805
0.936590 0.360893 0.061702 0.038354
0.936969 0.903052 0.071155 0.035706
0.605651 0.372533 0.084255 0.035449
0.391380 0.165170 0.066200 0.041236
0.056695 0.299126 0.060713 0.039987
0.484149 0.710423 0.068642 0.040338
0.378943 0.782213 0.073968 0.044271
0.594869 0.681967 0.073830 0.058079
0.605888 0.027782 0.070852 0.044094
0.054630 0.709374 0.068378 0.033965
0.612749 0.071297 0.080915 0.039172
0.488107 0.490412 0.077966 0.040161
0.606555 0.333622 0.074284 0.036946
0.594931 0.818253 0.062663 0.044959
0.264477 0.600267 0.073481 0.051198
0.936748 0.316986 0.056912 0.041433
0.934806 0.184387 0.074390 0.034511
0.489249 0.536877 0.071519 0.041123
0.702513 0.703391 0.060340 0.040145
0.825100 0.325713 0.063298 0.039533
0.817818 0.683942 0.070929 0.034569
0.160693 0.608221 0.065467 0.049880
0.610447 0.292565 0.085068 0.043326
0.714356 0.282424 0.062292 0.043425
0.163672 0.516860 0.056893 0.041261
0.158979 0.655985 0.062002 0.039384
0.165640 0.134058 0.053006 0.044195
0.495014 0.410132 0.078365 0.040020
0.384248 0.646064 0.068280 0.046008
0.500279 0.257001 0.075401 0.043581
0.814375 0.771658 0.081157 0.034231
0.152235 0.871339 0.060732 0.042633
0.932884 0.037386 0.071616 0.052993
0.056623 0.600845 0.071448 0.034223
0.385968 0.473060 0.074612 0.041612
0.055554 0.457763 0.053572 0.025726
0.702257 0.932978 0.090455 0.041623
0.599519 0.582805 0.057564 0.038067
0.937419 0.083442 0.066522 0.038724
0.717308 0.231145 0.068272 0.052133
0.606630 0.494587 0.059755 0.039192
0.057177 0.814937 0.052483 0.033952
0.280295 0.116931 0.068546 0.042820
0.811427 0.599229 0.085473 0.049630
0.062898 0.639025 0.066579 0.040974
0.386711 0.433791 0.053982 0.034170
0.610936 0.198864 0.082723 0.041868
0.940306 0.822914 0.059322 0.038897
0.476797 0.880893 0.068409 0.045918
0.060108 0.488694 0.063271 0.030631
0.275644 0.078136 0.068867 0.030899
0.275762 0.467100 0.057196 0.038648
0.063310 0.780606 0.059129 0.030900
0.831762 0.190732 0.063807 0.035263
0.059406 0.387386 0.058753 0.034332
0.061092 0.261093 0.069189 0.031932
0.595228 0.772117 0.056746 0.046577
0.163054 0.039679 0.067740 0.050850
0.061946 0.082361 0.056921 0.034084
0.593644 0.627217 0.088469 0.046215
0.388000 0.030789 0.058322 0.038309
0.823867 0.412397 0.080337 0.038548
0.264798 0.932776 0.061095 0.043121
0.710253 0.461124 0.062486 0.039185
0.270884 0.506651 0.054469 0.039609
0.830762 0.032018 0.075173 0.043700
0.813179 0.808109 0.086190 0.034121
0.384561 0.966531 0.078000 0.042235
0.060706 0.344113 0.054131 0.044337
0.276158 0.036468 0.070500 0.050132
0.381481 0.559360 0.078499 0.040462
0.273790 0.191464 0.056104 0.044742
0.610111 0.243095 0.063250 0.045340
0.599016 0.729769 0.065608 0.033340
0.939536 0.273945 0.067036 0.037705
0.611095 0.110496 0.058700 0.036355
0.483463 0.662259 0.060398 0.053831
0.379296 0.735889 0.051361 0.043495
0.710313 0.551367 0.055393 0.043275
0.937740 0.565689 0.064166 0.032698
0.482707 0.928294 0.063594 0.043511
0.724196 0.356271 0.057389 0.036489
0.169954 0.088285 0.052941 0.041261
0.271879 0.238484 0.069120 0.042412
0.489264 0.579166 0.072463 0.033011
0.937699 0.865495 0.088150 0.039929
0.709943 0.502730 0.051300 0.040817
0.170747 0.255869 0.049247 0.036109
0.058376 0.561939 0.064360 0.035885
0.164223 0.469570 0.055165 0.047872
0.165385 0.559783 0.053675 0.037082
0.826468 0.157697 0.052742 0.028187
0.167642 0.295281 0.053526 0.033929
0.277375 0.156000 0.067487 0.031276
0.168370 0.214893 0.050965 0.042171
0.946985 0.529103 0.077830 0.041649
0.826904 0.074599 0.087861 0.041775
0.160851 0.697810 0.054317 0.032809
0.708399 0.591702 0.052536 0.036253
0.718206 0.087121 0.053394 0.040019
0.261810 0.649169 0.055308 0.042083
0.384841 0.203979 0.061420 0.031306
0.481083 0.968051 0.065351 0.040406
0.612023 0.152119 0.059198 0.041239
0.498405 0.030531 0.058655 0.049061
0.388074 0.072868 0.067187 0.042282
0.381030 0.342297 0.056787 0.040062
0.165846 0.176189 0.052090 0.036895
0.059473 0.893551 0.059446 0.030812
0.596105 0.862740 0.065314 0.029927
0.375644 0.928873 0.060574 0.037893
0.165494 0.423374 0.049676 0.034913
0.166448 0.956933 0.075114 0.035518
0.058810 0.037387 0.057749 0.044596
0.380271 0.689302 0.049657 0.038978
0.263489 0.787636 0.057258 0.040448
0.809882 0.727636 0.071140 0.049584
0.497349 0.450295 0.067388 0.038506
0.160125 0.785778 0.050459 0.038778
0.385862 0.127590 0.053779 0.030988
0.606919 0.406996 0.084995 0.033730
0.266171 0.881469 0.069128 0.053753
0.484580 0.614363 0.052198 0.035181
0.594569 0.907376 0.059086 0.054404
0.710823 0.631078 0.062453 0.028813
0.495646 0.332764 0.062135 0.023419
0.268894 0.701223 0.057061 0.051090
0.064849 0.940975 0.086131 0.050620
0.261436 0.832484 0.058288 0.042918
0.060868 0.424153 0.052090 0.035224
0.060399 0.186922 0.049435 0.041637
0.719783 0.035953 0.064594 0.049472
0.715586 0.391155 0.055992 0.024930
0.495980 0.217260 0.054854 0.029963
0.160122 0.825263 0.048443 0.042201
0.269140 0.748260 0.074628 0.037631
0.377944 0.888249 0.065159 0.041835
0.947005 0.490178 0.055072 0.024578
0.058557 0.224850 0.058230 0.032960
0.721383 0.320744 0.063155 0.027669
0.709741 0.968921 0.091574 0.036202
0.264921 0.969158 0.051210 0.027975
0.702809 0.663975 0.047506 0.031562
0.271291 0.549297 0.071635 0.040279
0.057652 0.673983 0.051615 0.024260
0.492325 0.367184 0.095529 0.040422
0.824876 0.963166 0.096924 0.046517
0.937783 0.946834 0.064776 0.047663
0.057725 0.152689 0.033035 0.023711
0.379575 0.865013 0.071071 0.038203
0.823102 0.941301 0.093652 0.040621
0.390306 0.101295 0.052905 0.018482
