0.508060 0.415280 0.074660 0.047025
0.512579 0.200619 0.064707 0.044790
0.286269 0.552774 0.065634 0.043687
0.295589 0.080470 0.074702 0.043823
0.179667 0.352965 0.061738 0.037810
0.503145 0.717131 0.065801 0.040380
0.628117 0.358344 0.068981 0.042466
0.402396 0.301665 0.068875 0.041197
0.393032 0.662712 0.065609 0.041855
0.296620 0.295014 0.072190 0.042472
0.615530 0.233844 0.065357 0.035565
0.506069 0.625171 0.055662 0.045962
0.623182 0.401155 0.064148 0.040787
0.944022 0.190732 0.064931 0.040537
0.724659 0.385833 0.072211 0.039565
0.618570 0.314499 0.058363 0.042027
0.395749 0.577910 0.056541 0.040273
0.504644 0.672352 0.072307 0.039349
0.725416 0.604760 0.067048 0.043159
0.181245 0.637628 0.058554 0.038290
0.067947 0.238366 0.067308 0.036816
0.179838 0.474173 0.065698 0.038908
0.940984 0.234193 0.065298 0.044741
0.396169 0.533509 0.069907 0.040793
0.179468 0.559934 0.070481 0.038809
0.824665 0.228180 0.055669 0.039960
0.733271 0.198894 0.063275 0.043105
0.182607 0.393452 0.054504 0.037001
0.402316 0.789471 0.070946 0.039368
0.723016 0.765621 0.073402 0.048000
0.180172 0.516697 0.059747 0.037062
0.179386 0.434611 0.058237 0.037998
0.618009 0.197316 0.064658 0.033198
0.833961 0.075418 0.083752 0.044259
0.507284 0.850513 0.060250 0.041503
0.293492 0.341029 0.068329 0.040619
0.399078 0.746579 0.074351 0.040338
0.068336 0.199435 0.055861 0.035400
0.289271 0.873832 0.066772 0.048269
0.507091 0.330489 0.064631 0.040448
0.726027 0.429325 0.075133 0.042422
0.396393 0.828028 0.069594 0.036476
0.725778 0.852119 0.061114 0.042579
0.180060 0.121317 0.053945 0.040260
0.614358 0.762216 0.067182 0.037247
0.615047 0.922900 0.077563 0.039328
0.725361 0.647972 0.068517 0.038262
0.821879 0.916684 0.074276 0.046193
0.613519 0.839498 0.074716 0.036276
0.507751 0.897558 0.068826 0.040549
0.725340 0.241235 0.060933 0.038499
0.620130 0.078331 0.071519 0.038889
0.400099 0.704365 0.060374 0.039314
0.180217 0.864775 0.063888 0.047139
0.723206 0.076955 0.059750 0.047569
0.832453 0.188636 0.067198 0.032873
0.068556 0.478732 0.059865 0.039337
0.301019 0.165284 0.074827 0.040131
0.294690 0.509320 0.056924 0.037501
0.402291 0.416777 0.053765 0.037787
0.293711 0.123347 0.067839 0.035548
0.287532 0.637583 0.057252 0.033786
0.504581 0.757850 0.057630 0.032447
0.397639 0.620028 0.055368 0.039987
0.620161 0.273435 0.050181 0.039123
0.944315 0.281242 0.064443 0.046872
0.068149 0.561484 0.060871 0.036413
0.511021 0.244954 0.076690 0.039610
0.399627 0.127489 0.073299 0.035940
0.502513 0.370924 0.060281 0.034434
0.930985 0.753166 0.068568 0.040315
0.403503 0.379629 0.064534 0.034187
0.613214 0.677315 0.068462 0.037445
0.394716 0.087825 0.068990 0.041591
0.181574 0.161311 0.053694 0.035688
0.393762 0.868294 0.087190 0.043359
0.500874 0.287393 0.077260 0.038889
0.938241 0.479814 0.072157 0.038685
0.829767 0.308752 0.066049 0.038255
0.398723 0.258741 0.061310 0.043415
0.070140 0.597651 0.060139 0.032592
0.292496 0.596514 0.065329 0.037112
0.725294 0.123024 0.054512 0.039810
0.177862 0.599240 0.060709 0.034274
0.295470 0.468597 0.055591 0.036819
0.835457 0.454701 0.072712 0.042272
0.620536 0.598176 0.068150 0.040195
0.071722 0.641545 0.060042 0.048052
0.726949 0.282285 0.070756 0.041516
0.071691 0.287529 0.065124 0.045505
0.614925 0.800956 0.057384 0.037788
0.508806 0.084796 0.067002 0.045639
0.944766 0.149217 0.057600 0.037237
0.623361 0.879180 0.071551 0.042609
0.509565 0.157039 0.075015 0.037655
0.825823 0.827364 0.063355 0.040194
0.729244 0.159078 0.061195 0.031671
0.399531 0.039665 0.075125 0.048654
0.931557 0.842452 0.077347 0.044680
0.183444 0.679083 0.049494 0.039196
0.932554 0.795676 0.076072 0.042393
0.292747 0.921036 0.070627 0.041192
0.290330 0.252628 0.063208 0.036978
0.181793 0.811177 0.064680 0.050734
0.617078 0.473287 0.053824 0.034885
0.929823 0.713000 0.063540 0.033679
0.615459 0.965510 0.077897 0.043049
0.296541 0.211087 0.070551 0.045947
0.618468 0.508112 0.070663 0.032798
0.069153 0.519432 0.051046 0.038944
0.397238 0.211059 0.066290 0.043243
0.821947 0.739720 0.072143 0.039660
0.618179 0.159792 0.072849 0.037689
0.510153 0.035061 0.068870 0.046336
0.403596 0.341399 0.057349 0.036249
0.832815 0.355514 0.058921 0.048596
0.399672 0.458424 0.051177 0.036418
0.931644 0.608967 0.070226 0.041543
0.935515 0.442084 0.062469 0.035972
0.718114 0.960435 0.070442 0.043616
0.615387 0.720258 0.060201 0.047000
0.826428 0.871563 0.060230 0.042036
0.826905 0.782232 0.064587 0.040399
0.395684 0.914949 0.048572 0.044438
0.074892 0.726628 0.058702 0.037771
0.622795 0.118872 0.063448 0.043632
0.071799 0.687267 0.059327 0.035736
0.832949 0.267949 0.061797 0.035201
0.064071 0.333638 0.062012 0.038790
0.838125 0.119657 0.071213 0.042475
0.942027 0.114409 0.067830 0.037732
0.179386 0.283718 0.052117 0.035421
0.727444 0.349503 0.065667 0.029972
0.621650 0.551971 0.056666 0.052401
0.936515 0.368727 0.062517 0.038803
0.624699 0.639034 0.068047 0.034778
0.299620 0.380719 0.056359 0.035226
0.726836 0.717947 0.055642 0.040819
0.287883 0.034473 0.060952 0.041586
0.073934 0.769351 0.056846 0.038362
0.836078 0.408003 0.066955 0.043993
0.931054 0.559807 0.067622 0.054850
0.835701 0.632664 0.052563 0.037184
0.938522 0.920125 0.070820 0.034354
0.296295 0.426495 0.048706 0.045684
0.294161 0.964416 0.081954 0.039303
0.719606 0.916852 0.061023 0.037845
0.284419 0.785149 0.054340 0.035228
0.944757 0.076741 0.072513 0.037920
0.185858 0.719814 0.051014 0.036294
0.725130 0.476491 0.070872 0.046564
0.723619 0.811870 0.068580 0.034415
0.938486 0.405705 0.061315 0.032300
0.731653 0.030552 0.073438 0.042628
0.728673 0.561549 0.051462 0.038940
0.619881 0.034591 0.062986 0.044282
0.289153 0.705946 0.052682 0.042356
0.828050 0.671233 0.059894 0.029839
0.179967 0.762370 0.051199 0.042532
0.066378 0.377149 0.051682 0.040275
0.835474 0.029896 0.060179 0.044360
0.937363 0.885861 0.070420 0.032610
0.181753 0.317911 0.064351 0.027027
0.186294 0.200464 0.063999 0.041372
0.725849 0.683548 0.074128 0.027964
0.504334 0.801700 0.054372 0.050953
0.943643 0.036144 0.068129 0.040729
0.286246 0.745360 0.053495 0.035733
0.401289 0.167761 0.061887 0.039992
0.058734 0.116244 0.052553 0.041905
0.070931 0.442351 0.053544 0.029222
0.933927 0.678258 0.059998 0.031605
0.190156 0.242543 0.077434 0.041053
0.066781 0.159325 0.045169 0.036912
0.943759 0.963453 0.061456 0.047212
0.621383 0.438126 0.049012 0.031225
0.177958 0.035559 0.070431 0.046576
0.509857 0.586512 0.063900 0.028229
0.830561 0.537744 0.067744 0.032297
0.508644 0.123675 0.055726 0.027513
0.832652 0.157054 0.048533 0.027688
0.515663 0.971318 0.068051 0.037928
0.933684 0.647080 0.053283 0.030630
0.078091 0.808646 0.054505 0.038324
0.827623 0.960847 0.063002 0.036186
0.510551 0.546502 0.070956 0.048548
0.284125 0.825766 0.058539 0.036250
0.403456 0.495751 0.060151 0.028325
0.834205 0.704018 0.066820 0.027948
0.187017 0.963227 0.057680 0.041508
0.506386 0.935951 0.055440 0.033953
0.725808 0.318102 0.048558 0.027624
0.056732 0.073055 0.053061 0.031938
0.394047 0.961054 0.053876 0.040600
0.057912 0.032220 0.058333 0.036069
0.186937 0.914072 0.061412 0.047382
0.934626 0.515926 0.076050 0.031140
0.725400 0.520074 0.054810 0.044589
0.831788 0.500568 0.065160 0.041401
0.831890 0.582261 0.058668 0.056333
0.940703 0.325121 0.054520 0.041759
0.074451 0.883240 0.051922 0.043321
0.519653 0.495921 0.094517 0.045910
0.297560 0.669206 0.063480 0.025437
0.065559 0.412707 0.040576 0.025324
0.078310 0.955766 0.053813 0.041533
0.726652 0.886907 0.062332 0.023804
0.510755 0.457822 0.063455 0.036357
0.072051 0.845311 0.045428 0.027945
0.082134 0.920415 0.051935 0.028682
0.191764 0.079270 0.087502 0.033335
