0.480482 0.620600 0.097702 0.058733
0.937581 0.170698 0.087136 0.059140
0.711430 0.153335 0.084338 0.054741
0.588928 0.774846 0.090913 0.046196
0.262685 0.273276 0.085154 0.050265
0.936257 0.877957 0.074016 0.048962
0.269684 0.384087 0.080881 0.056067
0.588770 0.719906 0.087979 0.051836
0.266856 0.495472 0.078408 0.051961
0.477942 0.277286 0.094166 0.058193
0.587265 0.447566 0.081701 0.056164
0.590770 0.226285 0.094994 0.054980
0.261139 0.217487 0.078346 0.055493
0.712785 0.210927 0.086635 0.054959
0.265361 0.552076 0.074224 0.052687
0.933404 0.331418 0.092946 0.052215
0.829375 0.486393 0.087264 0.053911
0.482310 0.557780 0.083296 0.056038
0.591331 0.661547 0.096152 0.056798
0.166954 0.543703 0.074478 0.047263
0.368996 0.167045 0.074097 0.053705
0.066913 0.965454 0.088081 0.042649
0.056088 0.268173 0.080747 0.049948
0.938074 0.277882 0.091918 0.052777
0.716116 0.547042 0.087974 0.055178
0.934392 0.391950 0.084687 0.057667
0.167025 0.650151 0.076759 0.046599
0.821325 0.754022 0.073186 0.053945
0.476966 0.498755 0.073165 0.055788
0.058529 0.652981 0.082580 0.046299
0.479515 0.219297 0.085356 0.049358
0.938641 0.778236 0.077855 0.045178
0.935857 0.728099 0.089490 0.051469
0.171799 0.864876 0.085840 0.051058
0.371879 0.224046 0.072433 0.053594
0.816326 0.216677 0.080977 0.057658
0.478437 0.108456 0.077703 0.053166
0.825043 0.805490 0.090481 0.048855
0.590140 0.931743 0.082565 0.048057
0.264846 0.605485 0.073928 0.048414
0.718938 0.604926 0.087794 0.054525
0.588565 0.500367 0.090706 0.046134
0.277934 0.931573 0.087420 0.040362
0.166586 0.280924 0.076789 0.050662
0.934799 0.492090 0.088085 0.047795
0.372825 0.549350 0.079963 0.060729
0.590883 0.602433 0.085769 0.054054
0.485009 0.882841 0.076932 0.049827
0.824882 0.326722 0.080672 0.048147
0.936811 0.225595 0.094681 0.046310
0.589014 0.331537 0.093424 0.049724
0.477939 0.442053 0.078563 0.047505
0.368266 0.433557 0.084552 0.056917
0.589461 0.167806 0.084726 0.050655
0.703191 0.433797 0.092258 0.049545
0.590099 0.390132 0.080481 0.053031
0.596572 0.878749 0.085367 0.049344
0.369149 0.658124 0.077936 0.048409
0.481358 0.830294 0.084934 0.044371
0.165819 0.811967 0.080671 0.044510
0.833248 0.430050 0.076774 0.047031
0.267241 0.328322 0.069851 0.049726
0.937876 0.826835 0.074291 0.043094
0.708149 0.380184 0.090659 0.056279
0.712813 0.488875 0.081166 0.053590
0.271860 0.764588 0.076662 0.051982
0.939170 0.109961 0.083721 0.049804
0.703982 0.891473 0.084171 0.046218
0.821771 0.970173 0.092422 0.044171
0.712903 0.269693 0.097544 0.057106
0.375108 0.891018 0.092023 0.050041
0.266932 0.441014 0.069930 0.052695
0.268234 0.711207 0.078380 0.055312
0.161791 0.439700 0.064116 0.055508
0.476905 0.165220 0.074483 0.057206
0.272377 0.655649 0.084406 0.048779
0.058476 0.169752 0.068849 0.048027
0.057740 0.815906 0.082073 0.043663
0.369790 0.491677 0.071952 0.054656
0.939428 0.923875 0.073484 0.037186
0.159929 0.110988 0.078028 0.046131
0.262743 0.109016 0.084882 0.046960
0.060478 0.219931 0.074488 0.041378
0.058060 0.482560 0.079158 0.048427
0.374445 0.377022 0.078968 0.048890
0.168867 0.758622 0.084577 0.060078
0.057424 0.115093 0.083019 0.054784
0.710014 0.717888 0.062811 0.049802
0.370559 0.837887 0.085981 0.048174
0.827897 0.604009 0.069250 0.053421
0.939190 0.967357 0.089992 0.046442
0.063249 0.761306 0.083541 0.056396
0.480822 0.778435 0.065773 0.049121
0.823768 0.380839 0.066347 0.049789
0.069376 0.871007 0.068596 0.053134
0.061168 0.369344 0.065719 0.048653
0.824962 0.054637 0.082292 0.060030
0.488339 0.927304 0.083455 0.039827
0.474117 0.333139 0.076219 0.048129
0.478921 0.727957 0.075583 0.042714
0.166327 0.493894 0.063733 0.049138
0.058260 0.427701 0.060363 0.052683
0.165485 0.057067 0.074991 0.056941
0.482499 0.677551 0.066386 0.051896
0.595729 0.056031 0.080432 0.058407
0.063895 0.593441 0.073446 0.061339
0.712122 0.974054 0.067200 0.035537
0.937466 0.615908 0.070627 0.047486
0.825202 0.544357 0.066696 0.055009
0.264127 0.161158 0.075382 0.047861
0.824698 0.655469 0.070560 0.043992
0.478429 0.052277 0.072428 0.051859
0.371214 0.054147 0.077309 0.055910
0.591211 0.112441 0.064119 0.053083
0.936065 0.671190 0.060995 0.052842
0.065817 0.705814 0.088227 0.053687
0.168881 0.223548 0.069341 0.055490
0.264647 0.055129 0.075360 0.053536
0.058180 0.318380 0.059508 0.041912
0.704971 0.935344 0.085983 0.037831
0.165001 0.385852 0.062768 0.048303
0.056390 0.055120 0.069756 0.056373
0.475125 0.386634 0.075556 0.056436
0.937750 0.545689 0.073164 0.051511
0.828905 0.157930 0.070173 0.052455
0.371768 0.607055 0.063973 0.048649
0.490428 0.968617 0.087058 0.042709
0.169292 0.702275 0.070159 0.047728
0.065045 0.921566 0.064576 0.039120
0.372467 0.326831 0.067716 0.047820
0.594278 0.549713 0.082563 0.043366
0.166024 0.164554 0.054833 0.050922
0.709125 0.775274 0.073484 0.049532
0.936611 0.443887 0.057417 0.044145
0.171947 0.910865 0.064283 0.032624
0.589648 0.826371 0.056875 0.046041
0.273784 0.971522 0.075688 0.035856
0.369618 0.276793 0.055916 0.044779
0.378941 0.711640 0.082802 0.053158
0.600975 0.974110 0.070264 0.031801
0.382846 0.972393 0.085518 0.037161
0.823088 0.702115 0.078911 0.045695
0.167770 0.333541 0.055747 0.044276
0.712600 0.664046 0.068093 0.053324
0.378170 0.934850 0.063514 0.040335
0.716257 0.097844 0.060440 0.051886
0.367552 0.110183 0.065532 0.054768
0.823402 0.275595 0.059830 0.049373
0.270335 0.824283 0.074719 0.058356
0.267381 0.884257 0.071895 0.053705
0.828150 0.105334 0.056276 0.042574
0.820297 0.868657 0.088924 0.063670
0.064276 0.534246 0.056005 0.043205
0.712504 0.834657 0.064483 0.062317
0.713566 0.322216 0.095135 0.042955
0.937639 0.050741 0.077762 0.049778
0.825077 0.926376 0.067851 0.038665
0.709606 0.045877 0.072020 0.044376
0.168600 0.598797 0.053214 0.049758
0.591182 0.281048 0.059742 0.050027
0.382865 0.772114 0.082908 0.057127
0.170327 0.948943 0.082327 0.036029
0.178719 0.966274 0.092816 0.045075
