0.820293 0.401775 0.063881 0.040124
0.826322 0.326825 0.059689 0.038815
0.937263 0.175229 0.062460 0.038037
0.834535 0.182522 0.058245 0.042204
0.708148 0.573830 0.066707 0.036695
0.494678 0.510476 0.056795 0.039772
0.935781 0.372123 0.054450 0.040649
0.387671 0.394545 0.058348 0.039951
0.924318 0.872506 0.055736 0.031640
0.484465 0.689153 0.062216 0.045669
0.935374 0.069094 0.064223 0.035672
0.938897 0.215134 0.052873 0.038577
0.818639 0.918685 0.060430 0.041999
0.718896 0.250854 0.057740 0.036940
0.936504 0.138846 0.062388 0.035491
0.714540 0.290251 0.053204 0.035968
0.820196 0.586382 0.058250 0.042626
0.824384 0.543148 0.056259 0.037697
0.934333 0.413799 0.054904 0.035105
0.609503 0.351984 0.059668 0.038517
0.501600 0.102533 0.052639 0.033299
0.576621 0.915673 0.060912 0.038011
0.723186 0.180682 0.069965 0.033568
0.931215 0.492468 0.063683 0.044295
0.071520 0.534808 0.057857 0.034815
0.583213 0.878967 0.050691 0.034859
0.711472 0.435436 0.065336 0.036303
0.931578 0.717770 0.066368 0.032195
0.162057 0.566250 0.063816 0.038626
0.817235 0.690492 0.054807 0.033432
0.390519 0.287588 0.062605 0.035812
0.598530 0.494790 0.055685 0.034761
0.923003 0.794550 0.057622 0.038810
0.724973 0.101231 0.058714 0.036995
0.280958 0.460527 0.049060 0.036662
0.589444 0.679233 0.057693 0.042822
0.710045 0.883383 0.052017 0.037177
0.389790 0.252465 0.061847 0.033333
0.279780 0.574668 0.052399 0.040455
0.932209 0.031244 0.062448 0.036804
0.390875 0.357115 0.054222 0.033257
0.825707 0.101581 0.081272 0.041487
0.821278 0.875488 0.063514 0.038867
0.380272 0.878477 0.055327 0.029408
0.483682 0.766260 0.052446 0.038383
0.387943 0.535186 0.061164 0.036510
0.500463 0.136492 0.053904 0.032533
0.712647 0.538070 0.055999 0.033389
0.727413 0.063530 0.050802 0.038402
0.933720 0.103486 0.052858 0.031384
0.707919 0.649127 0.058016 0.034379
0.824859 0.364203 0.053600 0.033220
0.388790 0.496661 0.069163 0.034989
0.925035 0.754617 0.048853 0.035733
0.599235 0.455395 0.055808 0.034864
0.069292 0.635818 0.055048 0.035237
0.710397 0.471070 0.049129 0.034427
0.388062 0.322945 0.052191 0.034084
0.601024 0.605551 0.053442 0.040102
0.073023 0.498040 0.068358 0.032530
0.492802 0.431058 0.064526 0.044890
0.937866 0.297283 0.049317 0.043401
0.478849 0.645040 0.057056 0.039541
0.942852 0.253597 0.054896 0.033884
0.496451 0.471931 0.056686 0.037096
0.485184 0.802932 0.045462 0.034088
0.501225 0.172359 0.052111 0.036948
0.829916 0.226425 0.052974 0.038928
0.073268 0.189788 0.054305 0.032945
0.496461 0.342637 0.052913 0.038649
0.723063 0.215015 0.049503 0.035164
0.611527 0.127064 0.055457 0.039931
0.381117 0.844414 0.051725 0.035302
0.936916 0.533499 0.075947 0.035049
0.722803 0.359004 0.054413 0.039924
0.703620 0.743155 0.057925 0.038192
0.175333 0.348047 0.056244 0.043811
0.060226 0.379744 0.061332 0.032928
0.583073 0.843723 0.050301 0.034719
0.168170 0.454615 0.058598 0.032394
0.707577 0.709008 0.054330 0.032764
0.498288 0.259700 0.056910 0.040319
0.708463 0.847181 0.046626 0.030799
0.386926 0.215141 0.055668 0.043222
0.064848 0.418370 0.055654 0.043678
0.495890 0.553926 0.091533 0.038354
0.387259 0.461839 0.052796 0.032873
0.930113 0.655093 0.053546 0.037112
0.922480 0.833683 0.047657 0.039940
0.823274 0.442438 0.048163 0.036827
0.483804 0.897642 0.055624 0.032287
0.483327 0.598658 0.063655 0.047964
0.068117 0.460883 0.064320 0.036358
0.068423 0.261297 0.070941 0.039089
0.279891 0.530397 0.048573 0.044577
0.384290 0.753999 0.049291 0.033261
0.923507 0.905501 0.049561 0.034781
0.287446 0.421610 0.048523 0.033165
0.836541 0.140316 0.053016 0.034303
0.592191 0.807857 0.049776 0.030957
0.831137 0.263657 0.048105 0.032087
0.723588 0.141770 0.052434 0.044261
0.576965 0.957195 0.057352 0.040506
0.712323 0.610199 0.055015 0.035625
0.605173 0.531320 0.053744 0.036002
0.608903 0.213974 0.052782 0.034088
0.598088 0.718003 0.060229 0.030680
0.064594 0.303894 0.055906 0.037547
0.614788 0.089479 0.055310 0.035422
0.928850 0.686868 0.053117 0.031000
0.936379 0.336137 0.049378 0.029466
0.618193 0.054101 0.058204 0.035966
0.494212 0.386198 0.054340 0.042034
0.160461 0.524545 0.049805 0.038816
0.825988 0.480220 0.046760 0.036961
0.816029 0.728735 0.050294 0.037701
0.711966 0.503987 0.050648 0.033801
0.610450 0.314616 0.048349 0.026673
0.829971 0.293655 0.052073 0.025055
0.499559 0.066690 0.052306 0.037148
0.484285 0.863338 0.047835 0.030026
0.932110 0.449617 0.049804 0.037718
0.599384 0.421461 0.042305 0.031150
0.928725 0.612377 0.056930 0.040486
0.060144 0.343057 0.053673 0.033145
0.064211 0.676335 0.054930 0.041660
0.388366 0.568270 0.061128 0.031872
0.822098 0.964925 0.051521 0.044734
0.825094 0.030130 0.064553 0.034030
0.283331 0.615923 0.052592 0.042037
0.283445 0.383583 0.049666 0.037399
0.485777 0.834060 0.042919 0.027930
0.281580 0.341123 0.056039 0.043841
0.598677 0.565943 0.054306 0.035088
0.488181 0.950810 0.054524 0.027735
0.611054 0.278420 0.047136 0.036301
0.727591 0.027333 0.055481 0.030141
0.711742 0.974070 0.060979 0.031589
0.385478 0.431751 0.045227 0.028359
0.385605 0.722277 0.050642 0.032133
0.595333 0.640373 0.056381 0.029642
0.924850 0.937072 0.042992 0.027284
0.067127 0.030689 0.070331 0.043903
0.486142 0.728327 0.053498 0.029278
0.502529 0.029639 0.063573 0.038321
0.168966 0.606210 0.055465 0.039727
0.175919 0.391079 0.048954 0.038488
0.382365 0.689532 0.049694 0.038203
0.279604 0.270666 0.047819 0.034367
0.829879 0.064049 0.055786 0.032785
0.073753 0.224339 0.051905 0.035151
0.061118 0.871759 0.053490 0.042760
0.072323 0.572379 0.054468 0.036214
0.709046 0.779242 0.051537 0.037721
0.715829 0.323816 0.048846 0.029426
0.816435 0.658831 0.040622 0.029915
0.064188 0.829466 0.047083 0.042169
0.173475 0.300515 0.062081 0.047346
0.711166 0.920054 0.072794 0.032201
0.494746 0.303189 0.051517 0.038250
0.593731 0.778156 0.044457 0.025747
0.078464 0.111513 0.050432 0.040041
0.815494 0.770270 0.045236 0.042694
0.072717 0.152352 0.045148 0.033968
0.499054 0.215469 0.058062 0.045137
0.380500 0.812728 0.053493 0.028154
0.064439 0.717626 0.048187 0.037926
0.377565 0.929938 0.051024 0.028437
0.390217 0.178503 0.070300 0.029468
0.392603 0.145624 0.054040 0.038038
0.178216 0.256623 0.057532 0.036702
0.063838 0.908253 0.049571 0.027350
0.382879 0.604698 0.045340 0.038721
0.385427 0.785375 0.040211 0.026413
0.705772 0.815840 0.043459 0.030963
0.928766 0.570225 0.048821 0.039223
0.282707 0.303945 0.043297 0.029703
0.281728 0.492898 0.045581 0.027003
0.382379 0.648077 0.064751 0.041414
0.611161 0.246417 0.044807 0.028376
0.602129 0.388992 0.045142 0.032128
0.487686 0.925619 0.047768 0.019913
0.377070 0.903922 0.051186 0.023424
0.928667 0.965754 0.049344 0.023835
0.165436 0.487855 0.047387 0.030390
0.612864 0.170758 0.054433 0.046569
0.710157 0.678670 0.047791 0.021411
0.068810 0.604159 0.050980 0.023652
0.595546 0.749787 0.051083 0.027964
0.710216 0.398942 0.045365 0.034908
0.064260 0.757750 0.046895 0.040292
0.075086 0.072820 0.051160 0.037146
0.060408 0.937896 0.040596 0.033222
0.819278 0.624993 0.040697 0.031358
0.282688 0.238556 0.057600 0.029721
0.491326 0.974881 0.048149 0.024449
0.390256 0.066411 0.042804 0.035899
0.285168 0.060170 0.041953 0.030977
0.282073 0.166402 0.047301 0.033251
0.281498 0.094152 0.038804 0.031294
0.064010 0.968485 0.048082 0.028219
0.174252 0.424759 0.039002 0.020696
0.061873 0.794970 0.046990 0.023739
0.289715 0.025723 0.042038 0.033860
0.179638 0.218326 0.046353 0.038156
0.387949 0.107060 0.048965 0.036902
0.828724 0.511564 0.043830 0.022656
0.384259 0.979690 0.059480 0.020567
0.284039 0.130100 0.043168 0.034904
0.379537 0.958273 0.059677 0.023694
0.177253 0.176493 0.043506 0.042321
0.618712 0.024408 0.063360 0.025845
0.717153 0.946319 0.076850 0.026371
0.397000 0.027397 0.042155 0.031475
0.811465 0.847100 0.057823 0.014566
