0.312575 0.784323 0.062444 0.030678
0.909046 0.296572 0.073366 0.038955
0.515669 0.773088 0.053378 0.033316
0.907371 0.470501 0.056997 0.029664
0.811903 0.392148 0.063414 0.031838
0.313681 0.623524 0.063572 0.033121
0.510635 0.514273 0.068733 0.037934
0.122363 0.730295 0.059206 0.034264
0.712831 0.473515 0.056664 0.042694
0.812800 0.459031 0.057557 0.027563
0.718547 0.880007 0.063812 0.033119
0.509623 0.319028 0.060491 0.038915
0.122116 0.621621 0.058208 0.028675
0.411920 0.662867 0.069162 0.041843
0.612139 0.385547 0.051307 0.033004
0.709373 0.194780 0.057066 0.029377
0.511181 0.437046 0.056959 0.036911
0.210664 0.179571 0.056032 0.038654
0.715638 0.715115 0.061896 0.030281
0.121658 0.384411 0.056234 0.033739
0.811227 0.234336 0.052147 0.037957
0.512897 0.279504 0.053977 0.030435
0.709864 0.259339 0.048425 0.027301
0.516110 0.729828 0.053093 0.040843
0.912893 0.435000 0.052513 0.031904
0.409116 0.272523 0.052744 0.031746
0.723460 0.844859 0.058828 0.030403
0.417211 0.385452 0.054517 0.040127
0.309823 0.746366 0.055547 0.034831
0.414114 0.541064 0.060049 0.036571
0.907561 0.506338 0.056377 0.030086
0.513482 0.617716 0.059882 0.032523
0.614666 0.703910 0.058140 0.032507
0.906956 0.583425 0.051183 0.033336
0.615616 0.347608 0.060485 0.030110
0.416238 0.463127 0.055667 0.033492
0.620796 0.827508 0.056483 0.041695
0.214783 0.321756 0.050137 0.035320
0.119665 0.280567 0.054444 0.036055
0.217169 0.818179 0.053180 0.035098
0.911904 0.218969 0.070346 0.033704
0.314661 0.854293 0.060017 0.034426
0.809930 0.601135 0.055838 0.035821
0.610955 0.241550 0.052954 0.038235
0.805014 0.315775 0.054833 0.030104
0.515267 0.397374 0.050715 0.033298
0.217351 0.442488 0.056961 0.031806
0.509607 0.245166 0.053812 0.033327
0.312725 0.437745 0.050923 0.034903
0.117627 0.316417 0.054095 0.031022
0.717922 0.547149 0.059327 0.031295
0.807839 0.277195 0.053343 0.034600
0.617680 0.783085 0.054269 0.038790
0.808554 0.159661 0.052341 0.031798
0.215080 0.361683 0.062354 0.035560
0.911746 0.335729 0.054484 0.035593
0.411457 0.710900 0.059901 0.038984
0.513381 0.552292 0.062647 0.029496
0.614282 0.742779 0.059620 0.033208
0.816268 0.352238 0.066905 0.030459
0.119084 0.656902 0.052742 0.030038
0.118384 0.692235 0.055144 0.029743
0.710057 0.159857 0.058205 0.028617
0.710412 0.317882 0.051996 0.035550
0.613232 0.628362 0.064291 0.031002
0.414603 0.427201 0.051305 0.035072
0.120525 0.453714 0.059400 0.030468
0.414135 0.501681 0.054882 0.032847
0.307237 0.328033 0.052932 0.041434
0.119878 0.806974 0.063908 0.025976
0.123935 0.555836 0.053971 0.028968
0.602059 0.132430 0.051754 0.040178
0.119774 0.205874 0.050665 0.033083
0.809613 0.124487 0.055693 0.030697
0.519394 0.811288 0.070140 0.032149
0.519952 0.878655 0.052764 0.025495
0.214138 0.855457 0.052704 0.027877
0.409927 0.125918 0.060986 0.034513
0.900337 0.756286 0.055258 0.030637
0.902172 0.795453 0.049855 0.036695
0.613755 0.491279 0.060764 0.032758
0.809666 0.834634 0.047489 0.033991
0.614351 0.663139 0.060084 0.036963
0.306098 0.212474 0.052604 0.031599
0.311522 0.521826 0.061035 0.030682
0.608007 0.425072 0.051804 0.037655
0.123677 0.168315 0.054769 0.032329
0.608731 0.279360 0.046906 0.029438
0.120577 0.524012 0.050388 0.026321
0.127722 0.491425 0.053408 0.034307
0.525888 0.909007 0.066867 0.029545
0.714236 0.432458 0.050782 0.030973
0.611790 0.201762 0.058897 0.033326
0.306071 0.369623 0.048054 0.032997
0.909012 0.542395 0.047225 0.037751
0.413426 0.311612 0.052932 0.039969
0.723943 0.779361 0.055038 0.034538
0.621179 0.909399 0.065913 0.037071
0.904304 0.689403 0.059830 0.030889
0.516764 0.689625 0.050579 0.028664
0.602632 0.089436 0.056218 0.034276
0.814633 0.866798 0.055790 0.027784
0.522752 0.845674 0.051390 0.028699
0.811849 0.534621 0.046889 0.033567
0.308521 0.252096 0.056974 0.034153
0.810056 0.796708 0.049332 0.028747
0.118847 0.867637 0.055370 0.029126
0.510773 0.184363 0.057679 0.028266
0.116818 0.771796 0.048220 0.035230
0.213425 0.286243 0.057159 0.030897
0.306175 0.403772 0.054484 0.026059
0.509015 0.357847 0.047758 0.034152
0.218420 0.402904 0.051367 0.033465
0.906311 0.117421 0.051302 0.031274
0.806250 0.195416 0.049794 0.031849
0.507390 0.119532 0.051487 0.037758
0.907839 0.653440 0.050081 0.031882
0.216138 0.548791 0.048073 0.038392
0.219640 0.886792 0.048485 0.027485
0.805716 0.736354 0.053583 0.028850
0.613335 0.556952 0.053103 0.029785
0.505907 0.085708 0.054585 0.028397
0.611017 0.593117 0.050714 0.031950
0.118267 0.133295 0.050185 0.028392
0.909330 0.374225 0.052643 0.028240
0.513974 0.584009 0.057359 0.026124
0.415511 0.825908 0.052254 0.036652
0.417084 0.790820 0.052712 0.028015
0.809064 0.766000 0.050540 0.028852
0.912366 0.180091 0.048726 0.036759
0.218130 0.511443 0.052164 0.027237
0.508686 0.475526 0.046695 0.035625
0.809112 0.637482 0.051270 0.033722
0.307299 0.152468 0.052399 0.026031
0.713516 0.587479 0.051330 0.041094
0.807631 0.702803 0.042818 0.029077
0.316767 0.885142 0.058344 0.024483
0.313953 0.558520 0.058528 0.032911
0.213568 0.667866 0.049303 0.037154
0.412581 0.197980 0.051144 0.032402
0.415873 0.754363 0.050457 0.035707
0.910196 0.616344 0.057821 0.027579
0.713383 0.631612 0.051620 0.032889
0.415866 0.163188 0.052846 0.031285
0.811470 0.568174 0.060128 0.024426
0.817755 0.901668 0.057853 0.032467
0.421734 0.867651 0.055983 0.038785
0.705221 0.088195 0.066554 0.037065
0.217469 0.479051 0.054315 0.030455
0.909391 0.404299 0.042420 0.024068
0.313302 0.818285 0.053211 0.030432
0.416816 0.351133 0.054823 0.028465
0.127696 0.589587 0.060518 0.025076
0.608705 0.459710 0.051032 0.024057
0.307616 0.121444 0.056315 0.031662
0.508199 0.155491 0.066081 0.026465
0.901211 0.873405 0.049859 0.033468
0.220115 0.781689 0.057974 0.027211
0.910239 0.256300 0.049879 0.033832
0.612147 0.312913 0.051714 0.026631
0.717882 0.813068 0.048924 0.025439
0.705727 0.399143 0.059782 0.024012
0.412786 0.621038 0.050843 0.031573
0.406838 0.088095 0.052518 0.033161
0.223214 0.915526 0.062085 0.026257
0.812743 0.495219 0.047218 0.036858
0.310656 0.482484 0.043727 0.040803
0.710515 0.227007 0.038159 0.029575
0.620017 0.870326 0.046990 0.038768
0.308270 0.288021 0.050187 0.032076
0.509059 0.212667 0.049533 0.023164
0.408426 0.235739 0.044713 0.034506
0.212408 0.218744 0.044201 0.033697
0.312571 0.915217 0.048048 0.030684
0.715234 0.513001 0.049322 0.025220
0.310771 0.707790 0.045301 0.035121
0.118939 0.835540 0.044060 0.027526
0.217040 0.706312 0.049298 0.032031
0.212532 0.136352 0.049205 0.042107
0.515396 0.654112 0.039733 0.030850
0.417119 0.903709 0.058090 0.027441
0.114875 0.094231 0.050864 0.039279
0.812939 0.426054 0.042904 0.028677
0.120320 0.241774 0.040225 0.028953
0.708085 0.370433 0.042586 0.022910
0.307753 0.180447 0.052050 0.023458
0.604474 0.167707 0.067367 0.025583
0.210584 0.092327 0.050091 0.032270
0.219183 0.744254 0.048330 0.038384
0.211023 0.591424 0.043953 0.037662
0.810597 0.672507 0.041369 0.029538
0.806757 0.088354 0.050038 0.032587
0.121365 0.421055 0.053639 0.024954
0.905754 0.724240 0.045483 0.034269
0.310670 0.591181 0.052420 0.022860
0.714082 0.674645 0.043211 0.041480
0.120440 0.902883 0.059719 0.028585
0.213757 0.251302 0.052486 0.031765
0.312629 0.664614 0.041028 0.038547
0.216091 0.632244 0.041407 0.026803
0.115867 0.349501 0.056140 0.026295
0.414661 0.580698 0.051382 0.037255
0.708724 0.124416 0.045038 0.033860
0.719593 0.744734 0.056420 0.025911
0.904049 0.086928 0.049280 0.024763
0.908919 0.906633 0.054629 0.027940
0.902826 0.837349 0.044998 0.029763
0.613322 0.525696 0.035220 0.028376
0.304986 0.088300 0.045349 0.035592
0.906761 0.148113 0.050645 0.020938
0.723531 0.910774 0.065101 0.025163
0.709827 0.287339 0.045270 0.018778
0.708645 0.345516 0.062416 0.012362
