0.498791 0.278647 0.079886 0.049924
0.384838 0.281134 0.080159 0.046253
0.170067 0.565521 0.077659 0.046823
0.390136 0.123319 0.085405 0.052253
0.722266 0.919391 0.074122 0.042779
0.615611 0.280328 0.081318 0.052397
0.925474 0.103464 0.091669 0.046982
0.931541 0.435327 0.099595 0.054618
0.502698 0.170566 0.076596 0.053076
0.717141 0.444743 0.078551 0.044695
0.168868 0.517421 0.077559 0.040118
0.716439 0.391233 0.071555 0.048743
0.820460 0.266664 0.087935 0.053317
0.392299 0.893626 0.083405 0.048433
0.720254 0.495174 0.087014 0.043603
0.827379 0.852066 0.072152 0.044854
0.826820 0.902053 0.067703 0.046351
0.505822 0.875598 0.073932 0.048445
0.940819 0.841242 0.067266 0.044593
0.940605 0.891372 0.084189 0.042033
0.605867 0.337062 0.079491 0.047970
0.931002 0.281076 0.081074 0.058737
0.824181 0.756751 0.071479 0.052874
0.502093 0.117050 0.080660 0.048444
0.609737 0.436773 0.080123 0.051138
0.497523 0.445057 0.080675 0.059625
0.821034 0.324013 0.081264 0.052026
0.390867 0.443508 0.082248 0.051299
0.399541 0.842964 0.073327 0.046102
0.819472 0.105085 0.078146 0.048689
0.054831 0.316548 0.075360 0.050140
0.821490 0.377457 0.087174 0.047298
0.930235 0.217898 0.075972 0.059582
0.392965 0.494527 0.084514 0.042683
0.507782 0.504408 0.081700 0.048773
0.929274 0.791376 0.079209 0.045152
0.505220 0.922997 0.085627 0.037017
0.826953 0.960048 0.090511 0.053789
0.291534 0.912567 0.073192 0.046027
0.501372 0.556864 0.076423 0.049333
0.172898 0.109192 0.075257 0.041847
0.284334 0.319523 0.078136 0.056419
0.931390 0.380630 0.083648 0.047411
0.613762 0.676711 0.086258 0.040480
0.498900 0.389691 0.079686 0.046633
0.928736 0.158276 0.075566 0.054323
0.500400 0.336932 0.079427 0.053055
0.291778 0.759580 0.079757 0.048724
0.168290 0.256261 0.069580 0.043319
0.293881 0.862066 0.074461 0.048027
0.501381 0.967065 0.087346 0.043383
0.718115 0.279829 0.066754 0.055586
0.722378 0.869828 0.068080 0.049477
0.269878 0.108328 0.089770 0.045290
0.285734 0.656242 0.092507 0.051666
0.053911 0.208624 0.080817 0.043558
0.503109 0.716752 0.071797 0.052403
0.289804 0.960129 0.084806 0.048054
0.720423 0.817450 0.065494 0.045757
0.292828 0.811497 0.073769 0.045554
0.062686 0.570846 0.072044 0.049332
0.822703 0.590583 0.073679 0.055115
0.824715 0.533169 0.087768 0.051844
0.396508 0.388065 0.075493 0.054327
0.721283 0.057945 0.082501 0.056801
0.286470 0.600723 0.071350 0.049997
0.397682 0.791410 0.077091 0.054897
0.935376 0.543184 0.085051 0.056385
0.393034 0.065415 0.069899 0.054107
0.064650 0.708657 0.068757 0.053041
0.505558 0.769969 0.064054 0.051010
0.175500 0.928972 0.081219 0.041091
0.614371 0.161886 0.084753 0.047447
0.604816 0.219276 0.069372 0.058869
0.722004 0.964199 0.087251 0.043418
0.274654 0.060082 0.083513 0.046014
0.618233 0.777296 0.064360 0.052726
0.619684 0.834086 0.083586 0.050918
0.605355 0.581492 0.084049 0.043420
0.623674 0.628368 0.078909 0.044065
0.169963 0.206073 0.080521 0.050776
0.713660 0.172357 0.077615 0.053312
0.823705 0.702606 0.060128 0.052008
0.930235 0.052170 0.077551 0.048904
0.068311 0.917840 0.087071 0.043913
0.823719 0.432600 0.076270 0.054995
0.505931 0.661837 0.067624 0.043010
0.173002 0.154505 0.081084 0.046042
0.823034 0.054373 0.073715 0.048877
0.274529 0.264398 0.067473 0.046958
0.178144 0.775134 0.077700 0.048725
0.611582 0.385885 0.076860 0.038853
0.069105 0.470959 0.068899 0.042638
0.285247 0.379021 0.086217 0.052301
0.722220 0.604369 0.066232 0.050518
0.061290 0.261114 0.071968 0.051078
0.172327 0.060025 0.081178 0.045824
0.172237 0.364683 0.071556 0.038328
0.068335 0.761383 0.077549 0.046287
0.063022 0.520097 0.067857 0.047304
0.395374 0.333860 0.063389 0.046317
0.399291 0.942747 0.077806 0.041404
0.065228 0.373024 0.070949 0.047858
0.275259 0.159287 0.060319 0.048945
0.169339 0.467224 0.067272 0.049773
0.939776 0.931749 0.074521 0.036961
0.176757 0.726167 0.077044 0.041965
0.286687 0.708989 0.067189 0.047470
0.402381 0.735065 0.077362 0.040089
0.934794 0.332620 0.071064 0.035264
0.824104 0.482832 0.066759 0.043610
0.276843 0.545906 0.067159 0.043652
0.610658 0.113548 0.072779 0.045855
0.392085 0.543313 0.061301 0.045545
0.066983 0.816829 0.074246 0.055819
0.059871 0.163247 0.062630 0.034481
0.505458 0.822454 0.081876 0.047407
0.618906 0.932471 0.063150 0.043292
0.621654 0.974116 0.078006 0.038022
0.173896 0.619975 0.069612 0.054215
0.622072 0.883335 0.066003 0.046637
0.280497 0.435655 0.076959 0.055611
0.059624 0.422534 0.057363 0.042663
0.611803 0.489769 0.058866 0.048492
0.824077 0.647426 0.068779 0.052672
0.393431 0.592599 0.059475 0.047618
0.175654 0.828054 0.097033 0.054230
0.935843 0.746143 0.072375 0.033155
0.388690 0.232576 0.065054 0.035871
0.717281 0.116702 0.063977 0.052735
0.068142 0.870965 0.070146 0.047807
0.718995 0.222832 0.076457 0.043587
0.822537 0.212179 0.074855 0.050498
0.830949 0.806891 0.064871 0.034867
0.942151 0.967983 0.088622 0.034632
0.173512 0.312574 0.067817 0.056167
0.276096 0.210754 0.073732 0.050625
0.720630 0.548846 0.065186 0.047083
0.934591 0.489129 0.070754 0.047775
0.936710 0.701502 0.057208 0.046712
0.058118 0.065336 0.081656 0.049223
0.499801 0.226942 0.071171 0.049945
0.721266 0.763418 0.055773 0.051544
0.611090 0.536632 0.066917 0.032485
0.501905 0.062499 0.076409 0.056319
0.067225 0.617323 0.061307 0.039911
0.719223 0.336109 0.058986 0.049691
0.937201 0.651294 0.070202 0.049863
0.277964 0.495413 0.064778 0.048893
0.938875 0.598399 0.086939 0.048034
0.819282 0.157398 0.075470 0.046806
0.392691 0.175762 0.061231 0.050805
0.395880 0.693920 0.060215 0.038236
0.394650 0.648155 0.061414 0.050796
0.502366 0.613301 0.063983 0.048220
0.069101 0.966625 0.057891 0.041856
0.177997 0.411306 0.071892 0.046803
0.175335 0.674032 0.059724 0.052014
0.607551 0.059403 0.075613 0.050285
0.069164 0.658623 0.074970 0.037481
0.718429 0.661720 0.067092 0.050219
0.060760 0.114415 0.058746 0.046011
0.722500 0.711981 0.062762 0.040502
0.177290 0.884435 0.062803 0.044316
0.182428 0.971937 0.058582 0.032160
0.617309 0.725220 0.077364 0.042950
0.405778 0.973338 0.052777 0.026246
