0.710938 0.920512 0.075789 0.043990
0.170201 0.513797 0.068113 0.047809
0.166587 0.463059 0.073034 0.046470
0.932299 0.953714 0.088967 0.054165
0.493868 0.801830 0.075366 0.049348
0.717053 0.400770 0.073316 0.049235
0.490009 0.250526 0.086185 0.050490
0.167067 0.604280 0.064832 0.047909
0.488535 0.855736 0.087104 0.050139
0.379271 0.782604 0.080708 0.057921
0.268751 0.267873 0.079908 0.050399
0.268768 0.530202 0.073906 0.050611
0.487829 0.498876 0.075883 0.049469
0.494017 0.301449 0.080191 0.047106
0.166178 0.364344 0.067867 0.043220
0.598529 0.443414 0.066963 0.047793
0.933722 0.852500 0.069969 0.049381
0.603274 0.795808 0.082918 0.052554
0.489449 0.402716 0.064661 0.046631
0.934683 0.223717 0.083147 0.055667
0.601134 0.742154 0.077622 0.048838
0.713596 0.126053 0.079409 0.051821
0.933899 0.281208 0.093879 0.057204
0.266493 0.838050 0.072482 0.039055
0.061697 0.567084 0.066443 0.048415
0.933165 0.797606 0.082669 0.050250
0.931904 0.593584 0.080367 0.056295
0.275791 0.154748 0.077489 0.046921
0.265750 0.584172 0.091516 0.052995
0.378682 0.174622 0.074390 0.049410
0.485389 0.655428 0.083015 0.050210
0.272457 0.886460 0.074688 0.051538
0.720484 0.289254 0.085957 0.053870
0.168704 0.316806 0.079462 0.043721
0.491647 0.200167 0.076464 0.046950
0.379526 0.877962 0.063134 0.044826
0.170901 0.263954 0.081738 0.052850
0.827463 0.868308 0.080374 0.044068
0.601631 0.496411 0.074712 0.051507
0.492116 0.551115 0.079535 0.044606
0.380009 0.284393 0.077111 0.050600
0.834446 0.690159 0.076689 0.050517
0.377863 0.119724 0.074142 0.053289
0.494653 0.956112 0.068757 0.055110
0.380062 0.923934 0.077079 0.041570
0.599484 0.845746 0.064468 0.043419
0.380911 0.341570 0.083376 0.053359
0.164314 0.807451 0.070537 0.044593
0.493107 0.150514 0.082850 0.039613
0.711906 0.814290 0.077038 0.052249
0.602907 0.691889 0.077499 0.043356
0.829606 0.430181 0.078593 0.054853
0.276205 0.319410 0.076635 0.047072
0.601292 0.216153 0.068702 0.046685
0.602854 0.593382 0.087422 0.048368
0.826956 0.270886 0.088033 0.055663
0.936172 0.539065 0.081418 0.050159
0.502018 0.351945 0.086743 0.047266
0.934979 0.901192 0.070845 0.045941
0.829082 0.375371 0.060087 0.050543
0.830887 0.913706 0.089043 0.042735
0.272543 0.638567 0.079378 0.046225
0.268141 0.422081 0.073307 0.054330
0.065979 0.267240 0.082995 0.043836
0.379849 0.227653 0.062769 0.052697
0.379067 0.063562 0.079719 0.053978
0.604992 0.332386 0.076249 0.055831
0.165763 0.712466 0.079675 0.041378
0.832887 0.213315 0.069925 0.053695
0.490104 0.905293 0.068979 0.046663
0.483857 0.602008 0.074371 0.052774
0.603724 0.641779 0.066622 0.047760
0.169321 0.896365 0.061347 0.039243
0.269310 0.477979 0.063204 0.051739
0.059031 0.215484 0.057324 0.056650
0.057412 0.517357 0.069232 0.041819
0.829893 0.117926 0.074966 0.048618
0.601599 0.930588 0.080228 0.038753
0.166829 0.655905 0.059863 0.047526
0.827133 0.587988 0.066393 0.046677
0.933663 0.167003 0.068788 0.046493
0.268559 0.367704 0.080410 0.048493
0.063244 0.160061 0.083699 0.049332
0.829605 0.640567 0.067646 0.046500
0.061650 0.314000 0.073415 0.046303
0.719336 0.966100 0.089979 0.043364
0.931531 0.485396 0.066567 0.054235
0.718898 0.233500 0.080856 0.059061
0.825983 0.485512 0.070415 0.049183
0.720973 0.454011 0.074040 0.049180
0.058358 0.879915 0.062632 0.053873
0.486005 0.748439 0.081277 0.047601
0.054737 0.774787 0.074331 0.053939
0.490085 0.105110 0.071729 0.047096
0.708816 0.870177 0.062807 0.046455
0.379616 0.834211 0.064006 0.042026
0.274852 0.211992 0.067184 0.058202
0.708092 0.559637 0.072311 0.056680
0.826119 0.747429 0.068319 0.055621
0.825026 0.325099 0.065815 0.051223
0.930562 0.649633 0.083740 0.047892
0.714452 0.345594 0.070576 0.051905
0.273407 0.789773 0.070243 0.049210
0.064597 0.060633 0.083155 0.049561
0.603457 0.159407 0.069660 0.056129
0.492204 0.703101 0.076798 0.044019
0.493552 0.449974 0.069583 0.039149
0.272354 0.060467 0.070876 0.054579
0.824561 0.064325 0.069783 0.055381
0.169595 0.411780 0.056016 0.046461
0.378464 0.494558 0.090211 0.046918
0.062935 0.361049 0.080419 0.044225
0.711903 0.653807 0.067082 0.048104
0.379655 0.719852 0.063491 0.059343
0.714752 0.178734 0.068217 0.049103
0.719548 0.505263 0.077689 0.046453
0.931044 0.700891 0.068949 0.045938
0.939227 0.061568 0.072186 0.052337
0.713376 0.764595 0.069016 0.036360
0.169354 0.759067 0.070155 0.048911
0.065961 0.719608 0.070924 0.050884
0.931637 0.746593 0.062179 0.040230
0.932013 0.435140 0.070693 0.043976
0.601043 0.389579 0.059276 0.050596
0.936727 0.115262 0.060761 0.051855
0.165619 0.560097 0.056537 0.037915
0.719281 0.068018 0.070401 0.060757
0.936957 0.337772 0.066833 0.050770
0.601547 0.272581 0.061670 0.054600
0.598318 0.545049 0.067753 0.038286
0.827963 0.535626 0.065172 0.050411
0.170434 0.059940 0.082534 0.048390
0.064323 0.663803 0.068487 0.048667
0.378980 0.964663 0.074176 0.037139
0.062388 0.464036 0.053874 0.048826
0.936858 0.388285 0.070517 0.043381
0.066203 0.412839 0.068410 0.048580
0.828183 0.962743 0.098291 0.051241
0.170423 0.210934 0.065825 0.043589
0.826086 0.812617 0.090525 0.060064
0.601805 0.969631 0.083011 0.036756
0.715612 0.608345 0.071278 0.033771
0.274488 0.107670 0.071021 0.032993
0.169778 0.163049 0.068297 0.048130
0.379684 0.543282 0.082964 0.050779
0.272203 0.738209 0.073823 0.044185
0.271181 0.688567 0.054727 0.046244
0.060989 0.110176 0.060259 0.045694
0.169997 0.853967 0.051463 0.040277
0.168423 0.108898 0.057581 0.048977
0.060450 0.614527 0.049142 0.041395
0.062231 0.966117 0.074013 0.042539
0.713963 0.710536 0.057878 0.060215
0.377204 0.661192 0.071600 0.050684
0.061470 0.925999 0.061449 0.036243
0.601189 0.890446 0.047855 0.039528
0.377363 0.393950 0.072914 0.051865
0.062212 0.826499 0.051147 0.042636
0.605746 0.111501 0.062042 0.037984
0.170940 0.966386 0.085086 0.040018
0.273426 0.946637 0.070434 0.056933
0.493501 0.056698 0.060704 0.041357
0.378677 0.446435 0.066837 0.041596
0.830034 0.161444 0.054746 0.038550
0.172097 0.936803 0.082330 0.041769
0.608201 0.063241 0.062803 0.053666
0.384303 0.599132 0.081397 0.053260
