0.058732 0.843931 0.063194 0.033435
0.060392 0.885673 0.067175 0.045835
0.609446 0.246622 0.059876 0.038944
0.060571 0.930950 0.083726 0.041147
0.943208 0.221763 0.067086 0.039833
0.824497 0.478946 0.070222 0.045683
0.610555 0.289648 0.056251 0.044329
0.283255 0.634482 0.054535 0.041926
0.931545 0.611948 0.064276 0.038216
0.069726 0.354191 0.061447 0.038267
0.055757 0.684516 0.068930 0.040741
0.060507 0.805285 0.051281 0.036674
0.722848 0.333136 0.059126 0.040470
0.936460 0.493899 0.068567 0.044163
0.608993 0.584684 0.058083 0.034751
0.725467 0.375337 0.053039 0.041941
0.398545 0.072317 0.061887 0.038270
0.287503 0.720433 0.073634 0.048009
0.286286 0.293635 0.050577 0.037488
0.396055 0.138720 0.053061 0.038140
0.934282 0.356233 0.061280 0.048880
0.938951 0.918167 0.057279 0.041903
0.932022 0.446702 0.066313 0.046879
0.501151 0.657746 0.050124 0.037026
0.825353 0.659939 0.052864 0.038909
0.934996 0.402713 0.056939 0.039489
0.501579 0.508722 0.049705 0.035771
0.389466 0.715759 0.073286 0.038309
0.828242 0.316246 0.055621 0.040138
0.170977 0.469084 0.060388 0.045746
0.393137 0.465118 0.064983 0.039346
0.825704 0.395780 0.059303 0.041998
0.391903 0.279322 0.055020 0.039156
0.939792 0.185402 0.050295 0.035178
0.392266 0.641200 0.061943 0.034483
0.502971 0.473627 0.056223 0.033219
0.609355 0.202318 0.047595 0.039104
0.938824 0.263941 0.053751 0.043909
0.178055 0.231835 0.053496 0.040556
0.609313 0.546505 0.056477 0.043658
0.936377 0.145000 0.061834 0.042759
0.056729 0.766784 0.051536 0.038205
0.724950 0.819794 0.054566 0.042685
0.393882 0.177881 0.052347 0.035910
0.501424 0.585000 0.051040 0.038051
0.054221 0.646135 0.065525 0.033330
0.938349 0.105177 0.054854 0.035891
0.283666 0.139381 0.056821 0.037223
0.062130 0.136790 0.047815 0.041848
0.729659 0.414756 0.068705 0.035469
0.498929 0.697775 0.058429 0.039295
0.832876 0.203811 0.046844 0.034105
0.175161 0.941972 0.065519 0.037924
0.609109 0.507505 0.049652 0.037710
0.618075 0.737746 0.058847 0.036914
0.612355 0.371214 0.053901 0.038076
0.833405 0.064214 0.052965 0.034601
0.825814 0.698711 0.048267 0.035966
0.831643 0.026745 0.053839 0.036888
0.283875 0.596536 0.048405 0.031578
0.718053 0.537019 0.053152 0.037436
0.832426 0.278662 0.057015 0.031617
0.939788 0.309482 0.049952 0.042280
0.059415 0.469375 0.051207 0.036049
0.401037 0.029755 0.057650 0.045010
0.833111 0.240152 0.055570 0.039873
0.058377 0.176025 0.054767 0.031432
0.064068 0.278563 0.046094 0.032121
0.500862 0.621591 0.048651 0.035776
0.181437 0.190204 0.057613 0.038544
0.054378 0.602916 0.058243 0.044096
0.500039 0.548012 0.049177 0.037445
0.611132 0.331989 0.049365 0.034589
0.067110 0.314235 0.047606 0.039235
0.719495 0.261484 0.054827 0.036130
0.501204 0.182467 0.050108 0.034871
0.286033 0.332295 0.047892 0.039690
0.825943 0.768915 0.048181 0.041413
0.287015 0.099612 0.055642 0.038895
0.933792 0.538461 0.050366 0.037713
0.059677 0.210874 0.054212 0.038745
0.828675 0.355042 0.049412 0.033023
0.823092 0.965652 0.067510 0.033877
0.608437 0.820641 0.057321 0.042573
0.718003 0.578330 0.052837 0.041652
0.937639 0.064037 0.051907 0.041013
0.289528 0.480829 0.048744 0.040226
0.064842 0.393895 0.050883 0.035110
0.718909 0.658530 0.061966 0.038269
0.617053 0.694403 0.050222 0.048299
0.612498 0.622317 0.052148 0.037456
0.721475 0.697971 0.059679 0.039553
0.292091 0.437129 0.049707 0.039433
0.832847 0.136989 0.051084 0.036998
0.279307 0.183951 0.058940 0.045009
0.499288 0.783823 0.064764 0.042062
0.936655 0.960073 0.058789 0.041163
0.938255 0.875152 0.048301 0.037402
0.054401 0.725297 0.051945 0.038900
0.288072 0.675435 0.059682 0.034983
0.175222 0.269316 0.049446 0.036568
0.057782 0.556799 0.044500 0.042059
0.282522 0.840086 0.047740 0.039842
0.724135 0.777262 0.053041 0.039969
0.063167 0.098528 0.047960 0.034231
0.284121 0.802560 0.060044 0.036344
0.615004 0.778852 0.057081 0.038612
0.393172 0.213884 0.048664 0.035938
0.062981 0.429819 0.050071 0.039475
0.821473 0.896163 0.048108 0.040277
0.928607 0.574761 0.052747 0.034130
0.827496 0.590542 0.048271 0.041096
0.285488 0.256452 0.045669 0.032733
0.290525 0.058986 0.043984 0.042241
0.174437 0.334869 0.043717 0.033187
0.390762 0.676924 0.048992 0.037242
0.722574 0.865989 0.072683 0.047262
0.500149 0.438488 0.051625 0.039575
0.821826 0.931770 0.053352 0.031025
0.718351 0.217918 0.052876 0.045774
0.825043 0.809955 0.049674 0.038974
0.277441 0.918706 0.050083 0.040047
0.498339 0.072788 0.048600 0.031807
0.276098 0.880682 0.052621 0.037759
0.395425 0.828936 0.053238 0.042567
0.498810 0.106362 0.051899 0.037667
0.611178 0.100351 0.050752 0.029047
0.284744 0.223699 0.043734 0.033868
0.393965 0.789971 0.050389 0.033227
0.725092 0.736032 0.050802 0.034503
0.280760 0.560043 0.069610 0.039024
0.834905 0.171360 0.048598 0.028355
0.724409 0.296014 0.044466 0.032594
0.180381 0.976602 0.051166 0.034841
0.614062 0.410968 0.048883 0.033342
0.056577 0.512117 0.054630 0.046697
0.286636 0.764718 0.050729 0.036183
0.287118 0.369280 0.042320 0.030642
0.172399 0.511758 0.052656 0.036443
0.725172 0.456799 0.056696 0.046747
0.169511 0.718993 0.050868 0.033592
0.063398 0.968213 0.056186 0.036614
0.180368 0.909041 0.047271 0.026943
0.716971 0.621052 0.052428 0.040186
0.828086 0.437397 0.058338 0.035505
0.940689 0.839971 0.042365 0.033471
0.396962 0.312790 0.049778 0.026053
0.945675 0.745952 0.063522 0.030672
0.500171 0.143638 0.046816 0.039066
0.178012 0.830371 0.055164 0.034695
0.286140 0.520390 0.049320 0.037712
0.176090 0.304177 0.047212 0.031544
0.501332 0.737746 0.049500 0.042537
0.825826 0.523983 0.046184 0.036463
0.176187 0.149546 0.067514 0.036913
0.392409 0.246299 0.046294 0.031513
0.932366 0.779367 0.072513 0.032276
0.821357 0.852111 0.049285 0.039995
0.397572 0.545678 0.042941 0.031043
0.826599 0.730827 0.046657 0.029304
0.613532 0.064135 0.055871 0.043713
0.398702 0.104653 0.050025 0.026252
0.288688 0.022636 0.047450 0.026236
0.938590 0.808649 0.043577 0.032496
0.613049 0.860197 0.041463 0.032945
0.939514 0.026247 0.041667 0.034244
0.503363 0.317342 0.066633 0.034948
0.609676 0.166897 0.044891 0.031069
0.172891 0.374490 0.057817 0.039058
0.396673 0.349744 0.056349 0.042606
0.610630 0.134801 0.044264 0.036717
0.502244 0.400170 0.059231 0.039173
0.722226 0.500196 0.047327 0.034397
0.396150 0.509109 0.045857 0.040335
0.168918 0.550936 0.052818 0.039512
0.178532 0.081097 0.056147 0.034952
0.061977 0.245122 0.043359 0.033623
0.394577 0.754240 0.050783 0.036677
0.398143 0.944822 0.052312 0.033295
0.611082 0.471804 0.048651 0.032172
0.169856 0.590513 0.050130 0.039823
0.830159 0.625441 0.043207 0.028237
0.542974 0.318969 0.050310 0.025993
0.398646 0.974045 0.048569 0.029064
0.070953 0.028073 0.043358 0.035026
0.174624 0.789762 0.053862 0.051059
0.501474 0.033803 0.052255 0.046094
0.172944 0.679625 0.037511 0.040204
0.501822 0.935630 0.052867 0.033774
0.397759 0.579660 0.047028 0.037704
0.507127 0.967108 0.052191 0.034285
0.498784 0.901790 0.041519 0.034652
0.065697 0.063382 0.047713 0.036755
0.828235 0.099171 0.052236 0.036749
0.502121 0.866920 0.040770 0.035229
0.620269 0.654970 0.052479 0.028584
0.397549 0.431624 0.040898 0.024874
0.177753 0.870576 0.046529 0.045395
0.395906 0.870324 0.058691 0.037669
0.175599 0.114777 0.059084 0.034849
0.541662 0.258514 0.038222 0.028675
0.179557 0.419081 0.073828 0.048026
0.936989 0.663159 0.044869 0.040438
0.938793 0.704989 0.042916 0.040724
0.615178 0.891411 0.039788 0.032742
0.500932 0.357755 0.087737 0.043546
0.284506 0.958154 0.042336 0.036568
0.614398 0.444408 0.046566 0.034802
0.533550 0.291172 0.066193 0.031909
0.398970 0.395448 0.047536 0.044805
0.826459 0.554402 0.049914 0.028595
0.505439 0.215712 0.066849 0.032916
0.286845 0.399524 0.044718 0.032603
0.733226 0.906498 0.079078 0.037871
0.177127 0.039534 0.050505 0.050980
0.716511 0.171071 0.048866 0.042153
0.170854 0.748427 0.057181 0.024036
0.171516 0.636696 0.048830 0.046466
0.615276 0.025567 0.055961 0.033860
0.724593 0.038382 0.042539 0.043891
0.719829 0.964677 0.057262 0.041354
0.500926 0.825501 0.052537 0.038799
0.619840 0.952090 0.052063 0.039964
0.505897 0.247427 0.066612 0.039460
0.504134 0.282318 0.042326 0.029603
0.536354 0.233181 0.040549 0.025179
0.396069 0.908495 0.067267 0.041606
0.718756 0.946879 0.055127 0.041870
0.397261 0.613594 0.038968 0.022675
0.721392 0.079851 0.043987 0.037890
0.541105 0.348404 0.052644 0.035083
0.618720 0.927212 0.046486 0.036311
0.718922 0.126775 0.044416 0.031639
