0.287039 0.783488 0.058880 0.035893
0.398679 0.418056 0.055124 0.036044
0.286077 0.494867 0.060245 0.031463
0.177494 0.753502 0.055058 0.037796
0.825276 0.195410 0.069005 0.043872
0.285266 0.147302 0.051564 0.037152
0.070261 0.369556 0.057134 0.040384
0.069071 0.118818 0.065078 0.038168
0.175360 0.109687 0.064289 0.044482
0.398142 0.568792 0.067766 0.039468
0.179083 0.792605 0.069842 0.038456
0.614707 0.878442 0.054798 0.036565
0.614462 0.685656 0.054883 0.041400
0.396075 0.751281 0.059388 0.040078
0.403347 0.378583 0.058613 0.037803
0.501674 0.334082 0.058505 0.038614
0.397222 0.792463 0.056248 0.038670
0.389187 0.191692 0.056061 0.039943
0.490639 0.224383 0.071360 0.039231
0.497547 0.580214 0.064912 0.044792
0.071578 0.204340 0.055892 0.042159
0.286736 0.621575 0.053727 0.038381
0.822149 0.471402 0.055379 0.043953
0.721184 0.291148 0.064267 0.040362
0.502129 0.869854 0.070692 0.040835
0.067536 0.780662 0.054990 0.039844
0.174397 0.859318 0.055214 0.034497
0.501360 0.622088 0.057116 0.035251
0.488262 0.265516 0.066634 0.041168
0.617265 0.956848 0.058388 0.040626
0.613458 0.566027 0.051950 0.041102
0.505481 0.945698 0.053463 0.031560
0.395798 0.932840 0.057333 0.032926
0.494629 0.376311 0.064411 0.042101
0.280493 0.856045 0.063864 0.040410
0.937720 0.746677 0.066250 0.035512
0.721658 0.660128 0.055590 0.035845
0.175671 0.508575 0.054061 0.042635
0.822723 0.326382 0.052577 0.039162
0.066910 0.823000 0.062409 0.038993
0.930637 0.445547 0.061260 0.046127
0.827920 0.431133 0.056366 0.033994
0.288157 0.185104 0.053689 0.036544
0.179039 0.551107 0.055403 0.038071
0.933034 0.332444 0.051174 0.033246
0.721926 0.923916 0.050031 0.033217
0.714258 0.457387 0.068043 0.044163
0.938448 0.135366 0.052352 0.031519
0.068810 0.325699 0.054589 0.040623
0.068858 0.287663 0.068036 0.037851
0.068747 0.246980 0.053920 0.036964
0.615227 0.487645 0.055088 0.033627
0.504160 0.830252 0.059353 0.036726
0.281963 0.459085 0.049163 0.039145
0.616985 0.914113 0.054133 0.034518
0.177685 0.592262 0.050256 0.038984
0.930778 0.252615 0.061886 0.035071
0.712646 0.211490 0.055364 0.041106
0.393921 0.609236 0.062033 0.034557
0.400961 0.681535 0.059799 0.032076
0.284980 0.663100 0.067622 0.036911
0.067523 0.707834 0.049548 0.032066
0.503423 0.739810 0.054973 0.036194
0.825635 0.065754 0.057522 0.037965
0.720927 0.582328 0.050654 0.035089
0.068465 0.162550 0.058461 0.038260
0.498076 0.490531 0.072311 0.040331
0.070502 0.518924 0.049506 0.039275
0.931879 0.293013 0.050412 0.040210
0.177987 0.962796 0.061937 0.037553
0.717523 0.331065 0.060867 0.036159
0.503922 0.977142 0.062750 0.032635
0.175032 0.633030 0.051136 0.038738
0.399338 0.645263 0.053592 0.038114
0.068126 0.408731 0.050921 0.036921
0.936786 0.968636 0.067234 0.038989
0.068496 0.448427 0.047530 0.039341
0.825666 0.111056 0.061262 0.041901
0.177478 0.895880 0.048942 0.036611
0.400120 0.529648 0.049539 0.036116
0.824375 0.245608 0.050390 0.044472
0.607838 0.207931 0.061199 0.033436
0.505429 0.658809 0.053674 0.035150
0.825852 0.679049 0.053194 0.036150
0.065367 0.908802 0.046189 0.037787
0.827899 0.151724 0.057599 0.032935
0.720088 0.250738 0.061522 0.035444
0.272243 0.974498 0.055278 0.037576
0.934930 0.705164 0.053303 0.042542
0.826838 0.286719 0.058557 0.032022
0.606082 0.286437 0.050859 0.034522
0.932063 0.826735 0.059496 0.036208
0.619310 0.449807 0.046480 0.037960
0.176099 0.827812 0.049669 0.026791
0.612953 0.526412 0.049877 0.034142
0.613550 0.844646 0.053982 0.031289
0.613557 0.645822 0.049890 0.033850
0.932356 0.366817 0.070244 0.032883
0.286607 0.578883 0.042834 0.038890
0.503696 0.699314 0.049921 0.041907
0.826581 0.717210 0.053012 0.037810
0.506282 0.912117 0.051051 0.036901
0.499242 0.534143 0.061407 0.042980
0.827997 0.584918 0.060559 0.044130
0.716927 0.542697 0.060338 0.035994
0.172707 0.421186 0.052157 0.034442
0.398052 0.493654 0.045691 0.034146
0.388076 0.301810 0.071521 0.044400
0.718145 0.622736 0.053904 0.038996
0.281241 0.536086 0.054105 0.042472
0.935304 0.863734 0.053919 0.033944
0.724226 0.961842 0.047374 0.035901
0.069058 0.671384 0.048971 0.034898
0.607707 0.248013 0.053932 0.039227
0.284282 0.109760 0.054063 0.028951
0.497393 0.784043 0.064879 0.049767
0.499220 0.140766 0.049864 0.034349
0.500702 0.414440 0.048546 0.032575
0.822234 0.634016 0.065596 0.045105
0.171833 0.379805 0.048033 0.039161
0.173564 0.715962 0.053324 0.034578
0.065675 0.632496 0.047230 0.040055
0.069348 0.742192 0.052057 0.034797
0.394755 0.714937 0.053720 0.031795
0.714215 0.170180 0.046690 0.040086
0.277606 0.226738 0.071620 0.039619
0.830253 0.800285 0.061724 0.043912
0.720036 0.890037 0.051144 0.027479
0.933939 0.618459 0.048240 0.037002
0.826487 0.756269 0.049151 0.037342
0.172821 0.298653 0.054363 0.036385
0.392712 0.970169 0.048756 0.037386
0.824805 0.362241 0.047351 0.033250
0.387096 0.231738 0.053481 0.027530
0.178324 0.928182 0.060121 0.025364
0.724382 0.782637 0.051073 0.035307
0.823086 0.509849 0.047675 0.031235
0.614566 0.414056 0.052107 0.030232
0.931178 0.216818 0.043105 0.034061
0.173648 0.063728 0.061434 0.041007
0.289029 0.819694 0.071495 0.030154
0.287624 0.698747 0.049714 0.027232
0.721284 0.410976 0.051599 0.046680
0.178232 0.224776 0.048907 0.040430
0.497234 0.104894 0.044554 0.034995
0.272999 0.934459 0.046301 0.043696
0.174213 0.462360 0.048599 0.044410
0.073560 0.076978 0.052135 0.040464
0.829060 0.886969 0.054765 0.042190
0.932227 0.900759 0.058909 0.037181
0.720574 0.746459 0.059155 0.032695
0.391263 0.262773 0.054133 0.027953
0.821311 0.028889 0.051576 0.031283
0.384662 0.150313 0.048135 0.036947
0.937306 0.069770 0.048791 0.038808
0.936801 0.934158 0.051338 0.032013
0.942520 0.028054 0.054571 0.036420
0.822049 0.395792 0.043020 0.033889
0.938452 0.104316 0.040070 0.026079
0.506954 0.028596 0.068246 0.037572
0.281004 0.316825 0.053058 0.036538
0.279715 0.394755 0.043306 0.032134
0.613893 0.762038 0.044435 0.041922
0.935726 0.787151 0.061103 0.040379
0.061160 0.863692 0.046259 0.040628
0.072735 0.969101 0.063352 0.040132
0.936499 0.660037 0.041360 0.040371
0.614018 0.606111 0.041644 0.034763
0.277526 0.894618 0.050534 0.034679
0.177858 0.152012 0.064926 0.033122
0.620080 0.723982 0.046342 0.029875
0.284021 0.737614 0.049213 0.046774
0.390215 0.111114 0.046173 0.039631
0.495602 0.182018 0.052116 0.044595
0.395758 0.342976 0.059037 0.031461
0.393512 0.863470 0.045227 0.032660
0.713538 0.077918 0.051210 0.045446
0.929605 0.180140 0.045895 0.034733
0.401004 0.456117 0.039387 0.034209
0.172991 0.339328 0.046716 0.041600
0.179557 0.186006 0.046540 0.034729
0.394428 0.038010 0.057608 0.043880
0.283728 0.033467 0.054937 0.034100
0.718025 0.368526 0.043302 0.035601
0.834312 0.922775 0.056003 0.025918
0.072618 0.484468 0.048290 0.029155
0.072943 0.032656 0.056538 0.042324
0.276250 0.356366 0.047235 0.040508
0.934243 0.402474 0.046701 0.034635
0.937384 0.487168 0.054028 0.030903
0.933671 0.576318 0.044224 0.039882
0.611621 0.330182 0.051432 0.041449
0.825565 0.844409 0.046377 0.038610
0.607032 0.113819 0.058077 0.042553
0.066637 0.562962 0.045920 0.042168
0.286006 0.273762 0.051532 0.043910
0.394016 0.897463 0.042535 0.036211
0.176778 0.264633 0.040889 0.026543
0.602764 0.166350 0.047989 0.048300
0.068701 0.598467 0.044232 0.022605
0.832641 0.957052 0.043155 0.034219
0.610653 0.374793 0.047617 0.044344
0.394541 0.831547 0.038139 0.032851
0.176106 0.675426 0.041668 0.043334
0.716777 0.032275 0.047921 0.046092
0.499889 0.067868 0.044684 0.036554
0.828244 0.542571 0.038212 0.031450
0.721161 0.705225 0.041159 0.046950
0.715028 0.823131 0.056672 0.044987
0.935015 0.529847 0.046203 0.044012
0.283272 0.074067 0.047038 0.042026
0.718480 0.501336 0.053998 0.039563
0.284666 0.425406 0.047986 0.022989
0.716381 0.124200 0.056766 0.044572
0.613912 0.803051 0.056273 0.039964
0.725693 0.857677 0.046215 0.026774
0.067305 0.940115 0.043771 0.024225
0.174666 0.027324 0.056668 0.027023
0.622073 0.066001 0.083890 0.047869
0.500180 0.449771 0.056263 0.038218
0.390331 0.074464 0.054079 0.026159
0.498993 0.300733 0.053260 0.026882
0.614203 0.027535 0.068969 0.035274
