0.061011 0.292653 0.071725 0.057002
0.817488 0.233731 0.063054 0.036427
0.175075 0.194299 0.073101 0.043134
0.823277 0.495582 0.078907 0.038103
0.923479 0.822523 0.068878 0.040722
0.500468 0.695288 0.071458 0.054554
0.924159 0.669246 0.071124 0.039298
0.390696 0.709460 0.063804 0.038218
0.276175 0.255161 0.070579 0.044465
0.391656 0.402751 0.059609 0.048930
0.925666 0.626730 0.069833 0.046040
0.180351 0.116263 0.071507 0.044259
0.492320 0.851923 0.074499 0.045516
0.601640 0.202086 0.069633 0.056497
0.389252 0.632814 0.059520 0.034000
0.598736 0.870523 0.079996 0.042327
0.275200 0.497214 0.085882 0.043920
0.821266 0.395826 0.068821 0.040567
0.812178 0.873354 0.077503 0.051272
0.062536 0.345112 0.074785 0.046019
0.500669 0.466944 0.080428 0.044752
0.494422 0.220722 0.077425 0.046165
0.387631 0.667829 0.068678 0.035718
0.932994 0.398746 0.063139 0.034447
0.382969 0.756323 0.073480 0.049444
0.591211 0.828140 0.076354 0.039479
0.706955 0.897323 0.069727 0.043345
0.925611 0.511280 0.069288 0.033793
0.821159 0.118958 0.075202 0.040751
0.936515 0.438122 0.072913 0.037730
0.708818 0.797241 0.075606 0.052528
0.819662 0.315864 0.066020 0.042333
0.602588 0.641294 0.078112 0.050843
0.492683 0.087716 0.075189 0.052748
0.180342 0.450260 0.074437 0.052642
0.819674 0.579722 0.059544 0.038055
0.915738 0.783480 0.076898 0.035823
0.819357 0.688994 0.064142 0.038217
0.921911 0.746991 0.051841 0.037591
0.930307 0.584420 0.076907 0.036191
0.175513 0.394493 0.069247 0.047139
0.720516 0.453542 0.061705 0.045379
0.165740 0.695166 0.067880 0.055775
0.059262 0.202464 0.060122 0.045456
0.808236 0.775993 0.080291 0.042895
0.273331 0.736921 0.071256 0.050272
0.277386 0.362888 0.085429 0.038279
0.930633 0.475511 0.057420 0.034794
0.817684 0.079168 0.074751 0.038119
0.918792 0.904711 0.071861 0.041138
0.820654 0.273461 0.051792 0.038281
0.821073 0.354875 0.059491 0.035317
0.387487 0.591400 0.061024 0.045253
0.490673 0.896718 0.065907 0.037452
0.815568 0.928072 0.070700 0.047376
0.277431 0.787429 0.078457 0.043634
0.057830 0.159438 0.061761 0.035262
0.384445 0.446324 0.064163 0.034461
0.920846 0.707773 0.063493 0.033680
0.601813 0.143985 0.065515 0.050870
0.703511 0.743114 0.071115 0.043467
0.169727 0.645797 0.058978 0.039521
0.169359 0.748298 0.069832 0.045135
0.607128 0.445613 0.069922 0.054219
0.817737 0.652800 0.055099 0.034577
0.928115 0.159019 0.077073 0.044149
0.390151 0.856142 0.068910 0.046162
0.707202 0.245068 0.076571 0.035468
0.597862 0.541815 0.076035 0.044766
0.177538 0.341938 0.059763 0.049774
0.065886 0.433203 0.074861 0.046369
0.279108 0.453870 0.069545 0.040380
0.720458 0.408201 0.085826 0.043395
0.174331 0.242364 0.064840 0.048061
0.821128 0.158808 0.053760 0.037648
0.930598 0.359775 0.064715 0.040046
0.821686 0.197112 0.053305 0.034699
0.812227 0.821259 0.060308 0.044826
0.385482 0.489380 0.065436 0.044832
0.500096 0.314973 0.065650 0.051302
0.386992 0.128063 0.063216 0.042944
0.820245 0.538697 0.061087 0.042305
0.827120 0.433182 0.056243 0.033749
0.598665 0.691098 0.063399 0.043931
0.819687 0.730322 0.053020 0.043051
0.704228 0.703484 0.080592 0.035664
0.277343 0.682809 0.069534 0.050039
0.389409 0.353118 0.054716 0.042257
0.058079 0.478959 0.070126 0.038918
0.275198 0.129727 0.074803 0.040998
0.176726 0.292473 0.062978 0.045569
0.053373 0.675629 0.071692 0.045057
0.493552 0.750619 0.067198 0.043333
0.382839 0.807662 0.061448 0.050498
0.606197 0.094606 0.076288 0.049571
0.500500 0.266361 0.062781 0.041251
0.819981 0.034125 0.070826 0.043268
0.387086 0.219320 0.061227 0.048204
0.054538 0.626189 0.061134 0.042937
0.068966 0.389213 0.084776 0.034420
0.718562 0.366608 0.072063 0.038691
0.602382 0.039901 0.075671 0.054754
0.063542 0.075088 0.060073 0.045880
0.182093 0.502340 0.069006 0.042618
0.070696 0.029082 0.073809 0.038612
0.282725 0.834954 0.064995 0.049823
0.498119 0.420595 0.062762 0.043679
0.496455 0.175313 0.073737 0.041378
0.706679 0.850132 0.062496 0.045717
0.495264 0.132952 0.085068 0.040292
0.502964 0.368904 0.070268 0.055550
0.817020 0.617496 0.057460 0.036317
0.711477 0.535738 0.072962 0.034434
0.929382 0.546883 0.054931 0.033816
0.390166 0.312987 0.067677 0.033198
0.703052 0.662597 0.065872 0.036829
0.276544 0.216094 0.071134 0.033734
0.056204 0.520244 0.066654 0.041159
0.058812 0.121273 0.062144 0.036761
0.930697 0.320573 0.079791 0.037303
0.389904 0.270097 0.067278 0.051648
0.066889 0.937222 0.074416 0.048676
0.502416 0.563369 0.071380 0.052199
0.716988 0.289678 0.071312 0.054890
0.495595 0.512960 0.069020 0.041458
0.598603 0.734687 0.055608 0.036298
0.717579 0.150216 0.079661 0.045391
0.491529 0.800101 0.059372 0.054243
0.602345 0.587095 0.056644 0.049648
0.711020 0.198440 0.070489 0.050660
0.495841 0.606507 0.064630 0.033881
0.383682 0.538006 0.066006 0.047531
0.913388 0.864278 0.065839 0.034105
0.929414 0.038686 0.075109 0.042244
0.932343 0.203158 0.063491 0.042450
0.398177 0.901405 0.052775 0.038388
0.506037 0.934428 0.076541 0.037906
0.614521 0.367928 0.071162 0.035824
0.593612 0.780639 0.059566 0.049470
0.496850 0.645270 0.055438 0.039489
0.712489 0.497314 0.052929 0.038215
0.705683 0.936010 0.072727 0.033886
0.169503 0.604978 0.053048 0.040239
0.607870 0.402353 0.063673 0.032338
0.405675 0.939357 0.065473 0.036606
0.272661 0.544143 0.052132 0.047797
0.276606 0.408540 0.058260 0.050186
0.944557 0.080797 0.085478 0.038959
0.710120 0.618293 0.089847 0.043754
0.616852 0.330469 0.069340 0.035488
0.168676 0.890849 0.072986 0.040999
0.717323 0.110913 0.072672 0.031908
0.178521 0.154788 0.051566 0.030393
0.488483 0.032726 0.064900 0.049498
0.170939 0.554364 0.063893 0.057027
0.607098 0.493418 0.063936 0.042985
0.286751 0.884448 0.067684 0.041940
0.932415 0.117839 0.061729 0.036771
0.279246 0.586773 0.079001 0.031690
0.610784 0.290497 0.062409 0.041169
0.382944 0.084474 0.051475 0.038356
0.168053 0.845109 0.054018 0.049484
0.386702 0.172804 0.047601 0.043226
0.717097 0.329548 0.058595 0.031606
0.180410 0.071630 0.053541 0.039611
0.609012 0.249330 0.058668 0.038165
0.929702 0.249092 0.055908 0.050942
0.278904 0.313339 0.064422 0.056988
0.713899 0.079196 0.080242 0.029564
0.281651 0.630315 0.079288 0.050747
0.057786 0.245247 0.051524 0.031563
0.272450 0.175504 0.079937 0.044570
0.921350 0.940801 0.087572 0.032730
0.065353 0.775808 0.064792 0.038131
0.384830 0.038434 0.057961 0.052811
0.061681 0.889092 0.049027 0.045271
0.273924 0.044828 0.072106 0.061570
0.694574 0.038292 0.074694 0.042977
0.929903 0.286186 0.061532 0.026809
0.169786 0.795851 0.044096 0.043006
0.602702 0.921355 0.059579 0.055599
0.058943 0.830088 0.065698 0.058787
0.273558 0.092414 0.070967 0.034010
0.714332 0.573566 0.048645 0.039950
0.170191 0.933404 0.066532 0.044135
0.054202 0.568177 0.059573 0.052354
0.054593 0.724431 0.046435 0.046995
0.177468 0.027168 0.047457 0.034102
0.172815 0.972150 0.057574 0.040319
0.822237 0.464106 0.056722 0.023819
0.295074 0.929684 0.079966 0.049535
0.051772 0.589399 0.058419 0.038287
