0.505246 0.503661 0.072127 0.043562
0.506093 0.459835 0.068808 0.038072
0.398477 0.327744 0.073703 0.041242
0.504516 0.585689 0.068259 0.035692
0.835083 0.502673 0.077856 0.041375
0.835720 0.307427 0.079308 0.042994
0.716580 0.234251 0.075010 0.034282
0.162278 0.539507 0.072415 0.046320
0.834504 0.222592 0.061372 0.035430
0.499171 0.306514 0.073247 0.042447
0.499549 0.263146 0.076889 0.036552
0.836355 0.460915 0.063202 0.039064
0.396982 0.371678 0.077826 0.043356
0.831553 0.542054 0.076840 0.032394
0.278108 0.402341 0.055718 0.039460
0.502467 0.627059 0.065847 0.044014
0.498475 0.877159 0.073390 0.042687
0.041307 0.853070 0.070649 0.043085
0.163339 0.451556 0.066973 0.043896
0.830590 0.771630 0.067723 0.043333
0.942268 0.573188 0.065465 0.039329
0.714262 0.198185 0.073707 0.034742
0.271891 0.200373 0.061232 0.047949
0.170124 0.208687 0.084182 0.039893
0.273907 0.623806 0.086178 0.043257
0.384857 0.103527 0.073053 0.039192
0.391958 0.592216 0.077116 0.040319
0.938078 0.749279 0.056765 0.038450
0.716553 0.160319 0.060886 0.036077
0.390424 0.416634 0.066244 0.040641
0.281766 0.452538 0.076059 0.034231
0.280997 0.854752 0.083009 0.048158
0.501088 0.110650 0.068261 0.037428
0.946239 0.283246 0.077146 0.032771
0.606207 0.776928 0.070627 0.043299
0.942911 0.616062 0.070594 0.040435
0.945491 0.245890 0.077051 0.042492
0.597719 0.609492 0.074367 0.037306
0.169217 0.409297 0.066589 0.034597
0.047273 0.901450 0.071380 0.043207
0.607808 0.567917 0.077452 0.043208
0.173166 0.119040 0.080997 0.041113
0.939704 0.706873 0.068867 0.042546
0.939439 0.125542 0.076562 0.042894
0.827625 0.866704 0.060255 0.047281
0.715366 0.882028 0.071916 0.031080
0.503482 0.668875 0.074613 0.037797
0.718081 0.396512 0.063223 0.041325
0.604801 0.732424 0.066982 0.040884
0.393727 0.672706 0.063252 0.050488
0.827820 0.724996 0.069416 0.045016
0.277953 0.807554 0.085910 0.041456
0.060885 0.221529 0.094631 0.054402
0.938739 0.786526 0.071037 0.030963
0.265547 0.029687 0.074834 0.045866
0.824853 0.817977 0.071808 0.043061
0.501444 0.547728 0.068301 0.035682
0.504374 0.194177 0.057526 0.042783
0.826915 0.109072 0.059213 0.042168
0.502220 0.349162 0.066347 0.037026
0.393544 0.284803 0.062253 0.038786
0.167116 0.030475 0.073166 0.046682
0.164671 0.164781 0.064185 0.044131
0.500207 0.417296 0.063280 0.042903
0.717877 0.307153 0.068556 0.040534
0.277576 0.533311 0.072062 0.040290
0.391792 0.508745 0.067721 0.046803
0.392962 0.761169 0.067182 0.039536
0.830916 0.652072 0.068835 0.036995
0.284445 0.714071 0.084041 0.043348
0.269749 0.109372 0.059744 0.036117
0.386524 0.177346 0.061250 0.041024
0.058725 0.354226 0.065164 0.050029
0.054388 0.140507 0.064603 0.037140
0.388188 0.910052 0.060024 0.036724
0.717714 0.733764 0.058881 0.038624
0.274187 0.667555 0.082721 0.045776
0.502302 0.834519 0.063528 0.039194
0.823653 0.582348 0.064233 0.038734
0.392411 0.721477 0.061414 0.037507
0.613415 0.225673 0.062916 0.036832
0.605732 0.142139 0.075233 0.032947
0.503315 0.793729 0.071387 0.036079
0.393961 0.217084 0.069514 0.039500
0.054267 0.667649 0.064755 0.046627
0.719260 0.077107 0.056560 0.044118
0.047298 0.800228 0.081604 0.050790
0.609100 0.436144 0.079551 0.043191
0.494743 0.708545 0.055234 0.041481
0.387341 0.064604 0.070678 0.035759
0.268896 0.578620 0.081069 0.043474
0.715201 0.611171 0.066979 0.039400
0.721788 0.439092 0.063839 0.033513
0.057522 0.103976 0.075463 0.030700
0.279737 0.364850 0.066888 0.028503
0.608067 0.391451 0.081322 0.045250
0.169357 0.821533 0.062321 0.044691
0.942453 0.364353 0.054966 0.042562
0.936904 0.170327 0.058459 0.043229
0.168584 0.292855 0.065172 0.037633
0.607384 0.830475 0.075036 0.054014
0.169037 0.075755 0.069276 0.041651
0.608476 0.105115 0.069867 0.035064
0.715383 0.527841 0.054155 0.041041
0.282102 0.761833 0.067455 0.046729
0.392338 0.461653 0.057158 0.040643
0.608971 0.349810 0.082439 0.033173
0.170950 0.334154 0.051092 0.038806
0.056275 0.448939 0.064571 0.043251
0.605599 0.310225 0.076358 0.042500
0.274607 0.070045 0.063829 0.039822
0.279313 0.491163 0.061853 0.038643
0.606379 0.267386 0.069046 0.039262
0.497254 0.070241 0.069270 0.037757
0.049368 0.576937 0.071948 0.041555
0.050246 0.304684 0.070989 0.045442
0.942470 0.323574 0.057558 0.035533
0.945606 0.438601 0.056914 0.036607
0.611949 0.519938 0.063623 0.047173
0.054761 0.620925 0.061790 0.040973
0.272043 0.153086 0.055495 0.040560
0.827277 0.616984 0.055654 0.030386
0.720004 0.121545 0.053891 0.038428
0.712886 0.267638 0.058963 0.030854
0.936461 0.903698 0.063667 0.039606
0.607072 0.873340 0.071591 0.031679
0.602457 0.070924 0.059710 0.032022
0.604442 0.030546 0.062314 0.040535
0.615483 0.184174 0.072235 0.043096
0.710112 0.032326 0.067593 0.038061
0.827840 0.907870 0.073134 0.033487
0.932351 0.861061 0.069297 0.043216
0.711082 0.571592 0.056081 0.032489
0.719006 0.482303 0.053837 0.043327
0.607562 0.653005 0.084078 0.044347
0.390055 0.552315 0.059965 0.031329
0.833828 0.185372 0.075654 0.032874
0.615094 0.477597 0.079134 0.039001
0.833277 0.263264 0.057822 0.040376
0.170651 0.249635 0.067707 0.041153
0.173691 0.953665 0.062736 0.041330
0.172836 0.915807 0.060285 0.035915
0.941739 0.207118 0.077670 0.029724
0.057012 0.498163 0.072949 0.048887
0.393702 0.802872 0.060671 0.040476
0.499211 0.752090 0.085858 0.041633
0.718046 0.647609 0.070485 0.027392
0.276186 0.907397 0.080409 0.045890
0.942080 0.660423 0.056167 0.041997
0.050187 0.403231 0.061777 0.041891
0.607727 0.691679 0.083736 0.033519
0.173800 0.872761 0.065727 0.049654
0.501989 0.151405 0.054452 0.040589
0.382438 0.842691 0.065085 0.031508
0.163996 0.495619 0.082243 0.034173
0.944463 0.403238 0.055900 0.033286
0.268301 0.249601 0.062550 0.038399
0.712894 0.352107 0.061205 0.044765
0.935708 0.036593 0.061524 0.045637
0.162853 0.586704 0.065717 0.039303
0.161677 0.734294 0.063681 0.051015
0.493500 0.028188 0.058335 0.038550
0.716177 0.688167 0.061744 0.049413
0.827052 0.685051 0.050281 0.029894
0.949279 0.481357 0.059721 0.039348
0.610889 0.911097 0.064102 0.037476
0.056627 0.539937 0.073980 0.027355
0.939096 0.083255 0.054337 0.040585
0.382474 0.138916 0.076106 0.030480
0.949748 0.526682 0.063398 0.047946
0.161883 0.778631 0.064842 0.034547
0.715265 0.773548 0.057598 0.036087
0.934512 0.822609 0.074074 0.033646
0.714745 0.814257 0.050890 0.038699
0.504828 0.230320 0.062222 0.024302
0.056138 0.713042 0.058970 0.043461
0.828887 0.150285 0.076944 0.033772
0.827019 0.943219 0.063681 0.040267
0.839045 0.385837 0.072257 0.032278
0.274784 0.291398 0.049914 0.037387
0.833787 0.417466 0.057445 0.035036
0.938482 0.940770 0.080205 0.035984
0.158786 0.681137 0.063534 0.047067
0.388644 0.631359 0.063327 0.031424
0.835370 0.350329 0.065216 0.035152
0.168205 0.371953 0.048920 0.031147
0.055315 0.265649 0.068352 0.032366
0.504903 0.382997 0.063305 0.022855
0.828895 0.036133 0.051195 0.041139
0.273311 0.330355 0.046882 0.034035
0.396846 0.251121 0.061746 0.025665
0.060866 0.177433 0.078124 0.027834
0.393222 0.876071 0.068273 0.030239
0.053265 0.031161 0.049864 0.042415
0.058480 0.974766 0.073058 0.032940
0.054666 0.753366 0.092239 0.036078
0.053586 0.070836 0.044104 0.030886
0.398924 0.947763 0.092233 0.037443
0.161445 0.634310 0.057048 0.046336
0.612808 0.944634 0.061502 0.034066
0.050128 0.942746 0.055918 0.030039
0.276365 0.947240 0.066349 0.035707
0.833532 0.072217 0.068174 0.024625
0.501160 0.930317 0.064272 0.058578
0.384525 0.024635 0.068553 0.033538
0.718335 0.927509 0.064627 0.054969
0.712574 0.850679 0.047398 0.030624
