0.922366 0.283236 0.053160 0.030953
0.264220 0.424970 0.053217 0.029392
0.263932 0.664297 0.067157 0.039075
0.360439 0.340772 0.053373 0.033412
0.736952 0.368611 0.049917 0.031998
0.642130 0.419735 0.056490 0.033084
0.167393 0.204171 0.058227 0.033235
0.925469 0.707613 0.053595 0.032476
0.446338 0.243018 0.053228 0.026400
0.263868 0.362488 0.054552 0.029919
0.359003 0.273543 0.054979 0.029502
0.362101 0.578423 0.054682 0.031254
0.160408 0.240280 0.060683 0.031475
0.640614 0.315133 0.056977 0.030665
0.265632 0.736841 0.054532 0.035818
0.640386 0.244633 0.050406 0.033930
0.551363 0.207537 0.051986 0.036424
0.544850 0.171350 0.051491 0.031115
0.257486 0.270760 0.053112 0.025945
0.353025 0.132313 0.053885 0.033674
0.833436 0.704877 0.063486 0.037479
0.732559 0.183140 0.050980 0.027841
0.831572 0.516207 0.056120 0.029320
0.552375 0.306451 0.058126 0.029514
0.265924 0.700805 0.058128 0.028799
0.359865 0.306333 0.046951 0.031233
0.638778 0.211553 0.050661 0.028286
0.162929 0.278409 0.050036 0.036473
0.268262 0.458819 0.050442 0.031634
0.734193 0.212508 0.051212 0.029486
0.257561 0.171178 0.052521 0.030970
0.926401 0.421468 0.050006 0.028882
0.736449 0.434212 0.058941 0.032628
0.455321 0.411172 0.053856 0.034371
0.552663 0.435776 0.045560 0.030202
0.452333 0.375774 0.055979 0.031290
0.924512 0.479269 0.052667 0.027736
0.545270 0.139059 0.053975 0.031478
0.646794 0.587725 0.063169 0.038331
0.734092 0.246815 0.049456 0.031262
0.445527 0.109414 0.056046 0.032173
0.923150 0.545330 0.054312 0.034714
0.360548 0.377168 0.050039 0.030225
0.259992 0.208408 0.051055 0.034766
0.457155 0.503071 0.051764 0.030036
0.553713 0.374377 0.061006 0.024746
0.648275 0.731938 0.051177 0.032612
0.163858 0.316827 0.056126 0.033589
0.360224 0.436889 0.044686 0.032992
0.556171 0.343524 0.054649 0.037062
0.264963 0.538603 0.052186 0.032429
0.823924 0.132803 0.054398 0.026496
0.923123 0.512028 0.049592 0.031459
0.831792 0.424258 0.052873 0.028890
0.447434 0.173403 0.047693 0.031887
0.367270 0.647358 0.056041 0.031910
0.648632 0.551044 0.051068 0.030792
0.555091 0.504388 0.047407 0.027050
0.263013 0.393904 0.049519 0.025035
0.638440 0.279503 0.041007 0.032756
0.547263 0.271119 0.049428 0.032366
0.265785 0.629684 0.050901 0.028851
0.650067 0.659619 0.054425 0.029603
0.365956 0.612862 0.052585 0.032242
0.363791 0.504671 0.056152 0.036207
0.649625 0.487988 0.054905 0.035026
0.448796 0.139989 0.058821 0.027091
0.455310 0.447093 0.048992 0.032940
0.360067 0.544377 0.047072 0.032151
0.263956 0.329679 0.042812 0.027592
0.544112 0.106772 0.059300 0.029406
0.831036 0.327372 0.044835 0.033873
0.829271 0.248601 0.043977 0.037711
0.266843 0.772524 0.048283 0.030517
0.162539 0.145084 0.048008 0.030807
0.269494 0.834579 0.054318 0.030533
0.829823 0.209068 0.043403 0.031385
0.558284 0.591401 0.050670 0.029652
0.261305 0.108542 0.060136 0.031394
0.553552 0.471720 0.043758 0.036784
0.921868 0.316294 0.051769 0.025458
0.257338 0.240736 0.043032 0.030507
0.461919 0.641895 0.049626 0.027914
0.834942 0.547356 0.051392 0.029891
0.834029 0.287974 0.055276 0.035045
0.549487 0.238745 0.060037 0.024002
0.922535 0.829811 0.048168 0.033530
0.636773 0.104612 0.052676 0.028370
0.735985 0.333123 0.042529 0.026189
0.361743 0.470310 0.044480 0.026442
0.264847 0.912583 0.052190 0.039944
0.457732 0.539307 0.053895 0.034810
0.458025 0.577100 0.046878 0.031252
0.833678 0.643792 0.045363 0.030255
0.448265 0.207775 0.038131 0.032110
0.640023 0.385924 0.050359 0.025098
0.551571 0.534154 0.045237 0.029431
0.827450 0.457306 0.041699 0.032271
0.365854 0.858525 0.048853 0.032336
0.553385 0.700512 0.046536 0.029415
0.833406 0.779475 0.045858 0.028764
0.553848 0.765982 0.047636 0.037294
0.267658 0.871383 0.050921 0.034372
0.460427 0.676352 0.054401 0.034144
0.459068 0.608920 0.039249 0.029749
0.457341 0.474966 0.055285 0.024049
0.354162 0.212359 0.041699 0.028902
0.256319 0.141074 0.046713 0.025017
0.647773 0.625577 0.057983 0.032511
0.646303 0.520520 0.048482 0.026390
0.923131 0.108428 0.059095 0.029191
0.357825 0.731939 0.057951 0.029244
0.265405 0.598845 0.043249 0.024724
0.919179 0.165326 0.046619 0.027076
0.261919 0.299929 0.040955 0.030721
0.264213 0.499265 0.048850 0.043711
0.920392 0.795643 0.050375 0.028215
0.649861 0.693489 0.043252 0.034589
0.832265 0.578121 0.042130 0.026607
0.552125 0.731466 0.053275 0.027618
0.919978 0.906780 0.044425 0.031867
0.551564 0.403400 0.042383 0.028467
0.557401 0.563202 0.050318 0.025467
0.833244 0.609800 0.044616 0.028729
0.264852 0.573094 0.044864 0.026344
0.733179 0.148490 0.044415 0.035120
0.450769 0.273072 0.041244 0.029727
0.363591 0.894566 0.043325 0.033996
0.924224 0.349951 0.049920 0.033518
0.362175 0.792374 0.043990 0.030490
0.925637 0.612620 0.043474 0.027839
0.836313 0.745127 0.047330 0.035399
0.737948 0.294997 0.049229 0.043036
0.351311 0.102376 0.047982 0.023505
0.463957 0.706693 0.060453 0.026447
0.450841 0.303271 0.039552 0.032357
0.834224 0.884097 0.044223 0.028553
0.357827 0.406305 0.051633 0.022873
0.462126 0.738755 0.054990 0.037889
0.552922 0.667126 0.040502 0.028376
0.354434 0.241114 0.038483 0.028823
0.552422 0.839892 0.046344 0.032433
0.640350 0.132642 0.048577 0.021652
0.637439 0.161097 0.038535 0.029968
0.450993 0.338290 0.041855 0.035063
0.554430 0.929810 0.045682 0.035388
0.921855 0.645408 0.042010 0.032305
0.555143 0.803810 0.036771 0.035019
0.833491 0.486776 0.048480 0.020947
0.832179 0.851696 0.046710 0.023712
0.832985 0.671113 0.051898 0.022281
0.827909 0.362355 0.052078 0.026058
0.643900 0.351280 0.048214 0.037382
0.727206 0.109503 0.048034 0.032370
0.923694 0.767601 0.038680 0.028800
0.829642 0.390786 0.039148 0.028639
0.924559 0.581051 0.038043 0.030296
0.925548 0.739325 0.036333 0.027675
0.824854 0.102780 0.048131 0.026879
0.159648 0.110578 0.043521 0.030172
0.832553 0.912193 0.039777 0.026036
0.736508 0.400812 0.038278 0.024977
0.834572 0.815419 0.039458 0.036482
0.363177 0.761885 0.040829 0.030948
0.652132 0.790640 0.041162 0.032283
0.658449 0.931360 0.051837 0.036764
0.641145 0.184858 0.046658 0.018777
0.828857 0.181106 0.049918 0.021214
0.647143 0.453525 0.036442 0.026775
0.361384 0.701241 0.055532 0.024864
0.922746 0.937429 0.052399 0.026754
0.268188 0.803164 0.050692 0.021101
0.920091 0.226967 0.044183 0.018736
0.837145 0.938268 0.046000 0.024293
0.367017 0.931625 0.042915 0.032127
0.555499 0.893026 0.038788 0.029269
0.161465 0.174529 0.047370 0.019256
0.365596 0.823954 0.051878 0.027849
0.352471 0.166229 0.047769 0.029422
0.828427 0.158317 0.054200 0.019705
0.265985 0.943731 0.041699 0.022826
0.555108 0.639905 0.035686 0.023180
0.919104 0.136686 0.038603 0.024163
0.654591 0.890898 0.039647 0.033715
0.558732 0.866558 0.051241 0.019270
0.650807 0.763253 0.044994 0.022847
0.920947 0.871419 0.042502 0.040993
0.652873 0.855963 0.040240 0.033327
0.364175 0.677730 0.052324 0.022505
0.554188 0.617439 0.037908 0.017608
0.920667 0.199981 0.048209 0.031831
0.923703 0.388164 0.043611 0.033968
0.921062 0.674560 0.045911 0.026854
0.921116 0.449928 0.039218 0.026580
0.922832 0.250124 0.039341 0.022984
0.653151 0.824592 0.039334 0.029159
0.356685 0.187022 0.044960 0.017223
