0.932604 0.322245 0.056590 0.038659
0.077002 0.804337 0.068767 0.040488
0.074584 0.894216 0.071960 0.043961
0.405938 0.382346 0.068762 0.043398
0.409331 0.801069 0.058658 0.039733
0.072246 0.849541 0.058645 0.043164
0.189126 0.911781 0.050681 0.032384
0.930561 0.248523 0.054578 0.036968
0.293562 0.932610 0.062682 0.039345
0.180911 0.720901 0.072911 0.035501
0.297603 0.858279 0.059832 0.040789
0.291296 0.031013 0.080325 0.044340
0.072706 0.932800 0.063675 0.032509
0.932421 0.360188 0.054356 0.034876
0.072795 0.344936 0.055964 0.040844
0.821878 0.144734 0.070807 0.042790
0.718261 0.382545 0.061671 0.034513
0.936171 0.504430 0.062591 0.037151
0.833402 0.554884 0.063978 0.037870
0.074097 0.384906 0.074140 0.035158
0.512528 0.633840 0.072750 0.042181
0.397341 0.524042 0.069065 0.042367
0.184623 0.571901 0.057362 0.043683
0.300113 0.184343 0.055545 0.035740
0.503981 0.072369 0.078050 0.039749
0.398769 0.302615 0.058183 0.048408
0.718417 0.140438 0.061416 0.043768
0.299792 0.814345 0.052645 0.040553
0.620474 0.667454 0.050913 0.040116
0.936560 0.862349 0.057467 0.042354
0.512662 0.799292 0.055790 0.044263
0.930438 0.589776 0.053624 0.041547
0.934454 0.676580 0.050017 0.040946
0.725249 0.871584 0.061178 0.046297
0.071336 0.270908 0.055436 0.041418
0.626995 0.712724 0.057272 0.039858
0.616590 0.177482 0.050436 0.033833
0.828774 0.427994 0.055174 0.042495
0.933484 0.209637 0.052231 0.035945
0.510221 0.314798 0.062107 0.044948
0.083098 0.760536 0.068065 0.040619
0.181877 0.681063 0.054941 0.035817
0.938639 0.468906 0.048867 0.034835
0.409366 0.843244 0.055379 0.036972
0.931828 0.285994 0.053409 0.029080
0.072134 0.462775 0.052987 0.039649
0.509407 0.398364 0.057169 0.046324
0.073099 0.422886 0.058176 0.036472
0.297144 0.145656 0.060323 0.035202
0.715791 0.091946 0.071149 0.050134
0.627205 0.798044 0.052822 0.038312
0.406594 0.420119 0.054013 0.027802
0.711878 0.040687 0.081230 0.047449
0.405067 0.641363 0.054112 0.039166
0.074815 0.966512 0.058371 0.032837
0.938585 0.398892 0.051622 0.035761
0.301345 0.769471 0.054673 0.037758
0.943829 0.967114 0.065786 0.034743
0.181816 0.489588 0.056934 0.040667
0.506575 0.030674 0.061883 0.037122
0.935263 0.902575 0.054408 0.036212
0.930134 0.632685 0.057182 0.042333
0.518937 0.915619 0.053517 0.036586
0.185011 0.643027 0.050267 0.038460
0.393731 0.153746 0.059409 0.038489
0.294757 0.593623 0.069226 0.039426
0.720252 0.659968 0.071772 0.038873
0.613323 0.217811 0.057219 0.045991
0.507347 0.203234 0.049416 0.037824
0.185549 0.529829 0.055316 0.038168
0.299418 0.726714 0.053499 0.041843
0.402184 0.567013 0.054014 0.042123
0.071463 0.718643 0.057650 0.039046
0.507796 0.272012 0.048799 0.035997
0.728908 0.545347 0.060379 0.040163
0.936635 0.778365 0.067956 0.033991
0.294289 0.216891 0.068798 0.029814
0.073500 0.306705 0.057432 0.032565
0.932728 0.717895 0.064134 0.034276
0.721636 0.226912 0.054895 0.043410
0.186579 0.274042 0.050627 0.036183
0.730391 0.586645 0.054023 0.040417
0.939555 0.435171 0.053154 0.028219
0.618573 0.371388 0.050220 0.040504
0.403832 0.343574 0.055231 0.031032
0.189361 0.878945 0.043017 0.028626
0.293256 0.332669 0.057740 0.039887
0.296110 0.292268 0.058941 0.041115
0.517813 0.755776 0.058524 0.042175
0.835867 0.630938 0.057640 0.038516
0.618713 0.912509 0.059610 0.036309
0.074089 0.199303 0.058039 0.031519
0.937528 0.934983 0.052337 0.030832
0.299207 0.896571 0.048758 0.031033
0.832989 0.471201 0.052080 0.039692
0.504743 0.116276 0.052864 0.044870
0.411799 0.955179 0.053090 0.042331
0.818997 0.065249 0.061340 0.035107
0.069841 0.672216 0.068524 0.043803
0.617239 0.261843 0.054648 0.039383
0.506149 0.237765 0.057498 0.024054
0.933346 0.145363 0.050196 0.039134
0.189708 0.974373 0.072826 0.032668
0.829679 0.300399 0.051273 0.042628
0.290460 0.640713 0.055291 0.049810
0.396239 0.196589 0.051761 0.042814
0.187614 0.141012 0.054114 0.032500
0.723316 0.312965 0.056884 0.031701
0.073012 0.627324 0.055620 0.038927
0.408630 0.728184 0.045849 0.041698
0.073350 0.110771 0.054689 0.038946
0.628051 0.754814 0.055263 0.039623
0.821871 0.218826 0.057317 0.033160
0.727738 0.910974 0.053081 0.035175
0.183946 0.763075 0.052275 0.042120
0.727938 0.623590 0.054043 0.034954
0.723980 0.346928 0.050066 0.031626
0.190441 0.849802 0.044413 0.030433
0.188218 0.066467 0.058815 0.029990
0.515514 0.841468 0.050583 0.040732
0.933972 0.545982 0.063856 0.040635
0.830882 0.256777 0.051912 0.042640
0.622700 0.837569 0.051795 0.036636
0.613518 0.144942 0.049511 0.032099
0.825137 0.830884 0.050223 0.036061
0.614362 0.547415 0.055814 0.038784
0.827841 0.184900 0.054291 0.033255
0.074055 0.233633 0.047354 0.026687
0.294343 0.549491 0.052784 0.044583
0.720973 0.183564 0.049233 0.039764
0.290753 0.110547 0.064054 0.037073
0.294819 0.685460 0.051208 0.035329
0.072287 0.502984 0.049646 0.038698
0.296047 0.373612 0.049961 0.045010
0.401843 0.604588 0.046914 0.034174
0.831220 0.871486 0.049335 0.039840
0.184865 0.608170 0.051351 0.031607
0.413556 0.763561 0.054344 0.031554
0.507726 0.443079 0.049990 0.038079
0.185952 0.319285 0.055453 0.048151
0.610873 0.113942 0.052479 0.030018
0.829370 0.339792 0.045138 0.033564
0.185650 0.449307 0.054329 0.036689
0.191113 0.027664 0.049095 0.038457
0.725437 0.782889 0.061452 0.039938
0.726650 0.826352 0.063687 0.041595
0.926563 0.108682 0.054520 0.032092
0.404299 0.483363 0.046676 0.034370
0.729578 0.422640 0.058066 0.046917
0.619741 0.628646 0.051251 0.034748
0.509204 0.160652 0.045476 0.038435
0.620240 0.300305 0.058217 0.039968
0.075562 0.071698 0.048373 0.032335
0.825509 0.513297 0.067791 0.042689
0.833780 0.594236 0.049967 0.036265
0.721184 0.702850 0.070378 0.043080
0.935780 0.815981 0.051330 0.038389
0.410408 0.449482 0.056322 0.027301
0.078255 0.029685 0.056593 0.047664
0.516096 0.541352 0.078241 0.051202
0.516423 0.879546 0.044091 0.031529
0.185925 0.942784 0.061290 0.031207
0.300208 0.417493 0.051803 0.041217
0.520299 0.950768 0.052934 0.030085
0.298321 0.252524 0.053466 0.035104
0.183666 0.408024 0.054291 0.040731
0.296876 0.508935 0.052336 0.034050
0.730319 0.509312 0.054041 0.035601
0.617782 0.874481 0.051919 0.034859
0.187003 0.102971 0.063327 0.041624
0.623309 0.587734 0.052739 0.040529
0.185730 0.230462 0.051903 0.046053
0.828990 0.100120 0.043143 0.034607
0.725691 0.274033 0.047779 0.048286
0.072711 0.161089 0.048754 0.041588
0.824064 0.789878 0.055348 0.040546
0.290300 0.072492 0.069992 0.036715
0.410069 0.917951 0.047576 0.025359
0.514530 0.713633 0.047715 0.040237
0.403580 0.685144 0.046308 0.043526
0.614358 0.501849 0.049673 0.044710
0.935416 0.178574 0.041231 0.024183
0.515594 0.487240 0.054848 0.045846
0.408946 0.882957 0.040833 0.036092
0.618918 0.335278 0.044499 0.031718
0.621423 0.954726 0.050382 0.045657
0.074556 0.545184 0.044038 0.043230
0.517847 0.674106 0.045459 0.033206
0.829961 0.380449 0.060436 0.047912
0.725164 0.469707 0.055059 0.043787
0.076271 0.585061 0.048996 0.032801
0.608016 0.076928 0.051147 0.044452
0.830291 0.672381 0.051733 0.039400
0.823194 0.033009 0.046583 0.028580
0.296222 0.968565 0.040660 0.033352
0.621037 0.454967 0.050062 0.041007
0.513533 0.356727 0.046129 0.033991
0.298270 0.467162 0.049524 0.048961
0.515872 0.589875 0.052179 0.044155
0.618726 0.413416 0.055267 0.042489
0.185251 0.183118 0.049339 0.046427
0.831309 0.750486 0.046791 0.032671
0.189042 0.806764 0.049136 0.041482
0.831068 0.947463 0.048572 0.043949
0.188710 0.365278 0.042963 0.041746
0.738904 0.743153 0.082806 0.041907
0.725155 0.953798 0.050143 0.030385
0.926977 0.069207 0.043300 0.043551
0.835001 0.907395 0.045669 0.033209
0.392448 0.116162 0.041961 0.037415
0.611435 0.034197 0.047150 0.034166
0.397290 0.036115 0.052218 0.046269
0.404143 0.249564 0.052216 0.052956
0.394129 0.079773 0.045944 0.035986
0.827518 0.711820 0.050247 0.042754
0.928567 0.027261 0.043470 0.033014
0.940149 0.749909 0.052157 0.022848
0.725910 0.935782 0.050705 0.020173
