0.827614 0.294534 0.066354 0.040487
0.507241 0.187180 0.061264 0.030564
0.507431 0.262599 0.060054 0.038759
0.295256 0.642976 0.066907 0.035745
0.398768 0.187049 0.052751 0.031822
0.070096 0.127089 0.065426 0.048235
0.931641 0.267917 0.063620 0.045047
0.931514 0.787146 0.067968 0.039133
0.833233 0.492505 0.058838 0.037013
0.623299 0.216751 0.054278 0.034816
0.730319 0.483578 0.052393 0.035391
0.933743 0.378184 0.053812 0.041397
0.929003 0.337709 0.052603 0.037911
0.294046 0.464020 0.053535 0.039453
0.296640 0.535861 0.051383 0.039074
0.290180 0.102702 0.060623 0.036045
0.612765 0.108584 0.051617 0.033837
0.730489 0.583059 0.046390 0.038198
0.620425 0.179753 0.054143 0.038764
0.296221 0.210617 0.053724 0.038091
0.508864 0.224760 0.050508 0.035981
0.301395 0.681648 0.056523 0.036903
0.618955 0.339909 0.072772 0.037789
0.073105 0.852618 0.059246 0.040900
0.512594 0.453471 0.056585 0.044162
0.291366 0.378909 0.057157 0.048982
0.077992 0.932422 0.062408 0.042312
0.295344 0.287510 0.061082 0.042978
0.516232 0.619733 0.054591 0.044577
0.296950 0.423412 0.057149 0.038524
0.188346 0.320919 0.052083 0.041958
0.625273 0.553743 0.054720 0.029655
0.624684 0.667512 0.049665 0.039181
0.628763 0.408304 0.051898 0.032982
0.933381 0.933775 0.052222 0.035350
0.523497 0.703291 0.053289 0.042815
0.398650 0.146930 0.052189 0.043837
0.184114 0.706833 0.066383 0.039144
0.941899 0.746630 0.055605 0.034133
0.081779 0.556198 0.063274 0.039315
0.519433 0.493256 0.057231 0.036084
0.624824 0.142939 0.055602 0.033759
0.834276 0.575176 0.058286 0.043581
0.933734 0.621209 0.053417 0.046142
0.936353 0.527847 0.053150 0.041959
0.626456 0.588071 0.050361 0.036380
0.391150 0.031114 0.057416 0.039267
0.296782 0.577058 0.052621 0.038558
0.290423 0.139701 0.046977 0.037439
0.612205 0.070379 0.058057 0.044176
0.831741 0.454093 0.052817 0.041804
0.516462 0.532458 0.051205 0.041343
0.729042 0.857428 0.051591 0.039914
0.728340 0.518807 0.049501 0.037413
0.719029 0.147044 0.054915 0.044841
0.824279 0.144494 0.056106 0.042197
0.935085 0.417447 0.055693 0.037709
0.932877 0.865851 0.057276 0.044916
0.521134 0.819623 0.052897 0.043311
0.627844 0.627837 0.048493 0.039166
0.938734 0.709808 0.050117 0.040484
0.520745 0.743363 0.056133 0.037755
0.297330 0.719781 0.054118 0.034314
0.186131 0.811710 0.052805 0.040849
0.070461 0.688639 0.056255 0.045054
0.725367 0.322718 0.051089 0.041192
0.936332 0.223441 0.060139 0.041580
0.624084 0.376181 0.055621 0.034222
0.502624 0.149095 0.063649 0.041502
0.185529 0.886654 0.058994 0.036539
0.299267 0.498965 0.059135 0.027374
0.830976 0.531203 0.050964 0.039729
0.725376 0.278564 0.059135 0.043193
0.084891 0.516106 0.059129 0.040613
0.400638 0.221184 0.047178 0.030413
0.521064 0.660188 0.053797 0.039379
0.714748 0.105200 0.047261 0.034830
0.513521 0.299294 0.054371 0.031046
0.629145 0.872865 0.052840 0.039214
0.080174 0.893688 0.053964 0.037654
0.288395 0.065285 0.052779 0.036764
0.627466 0.830083 0.059781 0.045660
0.292661 0.331734 0.056033 0.045588
0.186645 0.281247 0.056665 0.034377
0.305555 0.940590 0.058660 0.039281
0.736263 0.929209 0.064641 0.035114
0.938373 0.108135 0.048090 0.041024
0.831427 0.410644 0.053475 0.044158
0.069656 0.597070 0.077583 0.037347
0.182866 0.849702 0.052051 0.037882
0.071978 0.033654 0.062294 0.044450
0.842504 0.970182 0.055800 0.035394
0.817001 0.062923 0.061648 0.044020
0.186445 0.976514 0.060077 0.031741
0.076521 0.731316 0.049070 0.034130
0.182631 0.364450 0.061270 0.045289
0.723790 0.407694 0.053674 0.047037
0.626331 0.445278 0.048809 0.038289
0.934782 0.455336 0.047364 0.038845
0.935890 0.187876 0.044841 0.029564
0.821920 0.185113 0.049145 0.035826
0.934585 0.573119 0.048193 0.042055
0.937825 0.150600 0.051948 0.038721
0.186396 0.664680 0.047089 0.042691
0.630136 0.706315 0.058217 0.041493
0.187203 0.515189 0.066509 0.046029
0.620619 0.484713 0.048067 0.035008
0.527524 0.777458 0.054293 0.033989
0.719877 0.819577 0.074719 0.036387
0.731458 0.896135 0.052610 0.035102
0.067172 0.639609 0.066481 0.046517
0.188418 0.740316 0.053423 0.028758
0.620681 0.521170 0.044128 0.034288
0.300816 0.759263 0.058817 0.045593
0.406082 0.251594 0.040329 0.030565
0.289045 0.248213 0.053129 0.031927
0.726862 0.760116 0.052267 0.033510
0.186648 0.771656 0.047485 0.032087
0.828658 0.256771 0.047022 0.030278
0.708924 0.071230 0.045726 0.032416
0.073065 0.079840 0.050574 0.040959
0.403705 0.289472 0.053226 0.044343
0.077728 0.219245 0.053329 0.044468
0.515388 0.412227 0.046715 0.036349
0.837165 0.613228 0.052061 0.032862
0.517128 0.334374 0.049329 0.037096
0.815453 0.105032 0.050051 0.038565
0.310030 0.839642 0.058056 0.038055
0.525504 0.884773 0.049581 0.038221
0.835186 0.774373 0.064419 0.046649
0.723367 0.363222 0.050891 0.043204
0.934951 0.966057 0.053144 0.027915
0.840729 0.937042 0.056065 0.030358
0.833294 0.691025 0.053683 0.043853
0.720570 0.198312 0.060459 0.055642
0.835660 0.648751 0.048982 0.036814
0.513708 0.575752 0.046489 0.038512
0.816449 0.026115 0.056476 0.031003
0.519724 0.373916 0.052698 0.037705
0.074846 0.270225 0.052002 0.051287
0.175743 0.115566 0.059473 0.050797
0.706496 0.036417 0.047320 0.036841
0.397131 0.103921 0.049897 0.038272
0.186821 0.242522 0.060852 0.046953
0.075297 0.440139 0.051297 0.038529
0.523826 0.921043 0.044432 0.035985
0.074614 0.773143 0.060862 0.041911
0.731940 0.644081 0.046341 0.034341
0.935828 0.490875 0.048817 0.029450
0.828338 0.335623 0.059908 0.036672
0.407820 0.341282 0.059150 0.053000
0.933060 0.666701 0.049916 0.037680
0.727640 0.682746 0.043355 0.041319
0.928976 0.072154 0.047192 0.029775
0.933063 0.305330 0.050185 0.027137
0.620181 0.261133 0.058950 0.048245
0.074889 0.318792 0.055708 0.045027
0.525392 0.853124 0.048818 0.026101
0.078323 0.971469 0.051356 0.034791
0.620606 0.301501 0.053191 0.034309
0.300922 0.801130 0.050309 0.040600
0.625366 0.912878 0.062737 0.042223
0.180489 0.200719 0.054296 0.033520
0.935755 0.902264 0.037008 0.028439
0.187801 0.946577 0.042485 0.028864
0.937028 0.825187 0.045855 0.033765
0.289195 0.027522 0.042239 0.036267
0.299972 0.611233 0.041396 0.025702
0.625134 0.785382 0.049411 0.033935
0.186429 0.917958 0.049549 0.027824
0.825181 0.219801 0.047591 0.037748
0.188844 0.442299 0.049380 0.047376
0.731046 0.448914 0.061752 0.031397
0.527076 0.958244 0.041336 0.034971
0.839543 0.825869 0.061675 0.052104
0.393147 0.067905 0.049350 0.032198
0.072553 0.400998 0.047998 0.037622
0.077249 0.175835 0.067478 0.043718
0.734285 0.613394 0.043369 0.024128
0.187497 0.403750 0.055615 0.032455
0.289209 0.174672 0.053719 0.031970
0.922343 0.038283 0.058965 0.034894
0.501810 0.106569 0.051449 0.039120
0.086810 0.814368 0.073592 0.038219
0.724832 0.240392 0.045815 0.029484
0.736720 0.963338 0.045365 0.033770
0.184929 0.629129 0.050295 0.030641
0.311428 0.973887 0.048350 0.031512
0.631051 0.956631 0.051658 0.035572
0.409922 0.393881 0.050663 0.042790
0.187716 0.479418 0.048512 0.030281
0.069247 0.363811 0.044127 0.039578
0.187274 0.557485 0.046365 0.038123
0.612491 0.027339 0.044932 0.037635
0.832091 0.370165 0.057539 0.033061
0.731055 0.550108 0.045686 0.026958
0.834845 0.874829 0.059824 0.047663
0.833898 0.732705 0.054170 0.040845
0.189799 0.593082 0.060171 0.035261
0.080717 0.475589 0.048557 0.037110
0.730339 0.724645 0.052275 0.037466
0.179967 0.073237 0.046282 0.034576
0.308238 0.873120 0.048191 0.028207
0.306261 0.903899 0.042724 0.036430
0.180349 0.031526 0.059376 0.043086
0.728987 0.789486 0.044705 0.026324
0.128141 0.765419 0.047773 0.021431
0.176948 0.163875 0.040723 0.041895
0.625366 0.742749 0.039515 0.034566
0.125983 0.738065 0.040518 0.034218
0.511126 0.067434 0.084146 0.048516
0.624973 0.756860 0.038674 0.034995
0.840525 0.909243 0.050822 0.026652
0.122480 0.792251 0.053851 0.030008
