0.714113 0.795026 0.075639 0.042913
0.175439 0.302289 0.074805 0.038966
0.714747 0.884335 0.067887 0.037968
0.506039 0.710112 0.067158 0.037512
0.284119 0.602461 0.075138 0.044654
0.507563 0.315594 0.063703 0.045110
0.402216 0.629690 0.077024 0.043409
0.508191 0.790148 0.069066 0.039261
0.717918 0.839901 0.065077 0.040553
0.721434 0.450283 0.076809 0.044174
0.394871 0.410038 0.080410 0.038002
0.718328 0.225764 0.069273 0.036816
0.170061 0.646431 0.072045 0.040180
0.288960 0.215413 0.065923 0.042638
0.177496 0.172791 0.064349 0.039811
0.713500 0.358907 0.067039 0.043200
0.507392 0.962383 0.068779 0.038993
0.836508 0.365706 0.077109 0.041215
0.935474 0.498116 0.067490 0.047245
0.182433 0.420208 0.084634 0.045725
0.603147 0.108403 0.071005 0.040787
0.716120 0.501606 0.063277 0.047508
0.395702 0.327809 0.060120 0.039183
0.499624 0.446476 0.076057 0.041389
0.386517 0.191738 0.080334 0.045228
0.508747 0.403446 0.067196 0.043058
0.508341 0.272808 0.065435 0.036641
0.515379 0.919872 0.061986 0.040627
0.501350 0.158401 0.068049 0.050792
0.396484 0.583997 0.068732 0.044328
0.499129 0.570982 0.071881 0.044642
0.399799 0.455222 0.069231 0.046388
0.061687 0.177100 0.085475 0.051116
0.499711 0.620224 0.068048 0.055539
0.175321 0.931065 0.076011 0.035372
0.511814 0.361893 0.068413 0.037102
0.177800 0.373336 0.085354 0.040090
0.608536 0.387585 0.069781 0.047368
0.510116 0.875390 0.066593 0.041466
0.392713 0.285028 0.067405 0.042679
0.718872 0.182738 0.067099 0.044774
0.506086 0.748697 0.052485 0.037404
0.496203 0.114904 0.067019 0.034581
0.832805 0.157711 0.065722 0.041323
0.718599 0.135998 0.061840 0.040323
0.177602 0.603577 0.082600 0.039589
0.831645 0.414126 0.065662 0.044040
0.392798 0.755417 0.065929 0.038730
0.937478 0.451197 0.061668 0.040150
0.613033 0.265305 0.071517 0.045550
0.501441 0.490815 0.069931 0.038949
0.936785 0.672534 0.062102 0.045936
0.387244 0.151910 0.068823 0.034193
0.392505 0.237337 0.067118 0.041149
0.718945 0.090002 0.058368 0.043053
0.504858 0.236368 0.063665 0.037670
0.391528 0.796293 0.057569 0.035223
0.179216 0.216954 0.077397 0.039075
0.613335 0.934800 0.065884 0.039592
0.292636 0.972335 0.079048 0.039088
0.943840 0.313677 0.070640 0.044456
0.289401 0.929897 0.061274 0.045894
0.606057 0.190952 0.059878 0.035148
0.068106 0.128982 0.084711 0.041292
0.290541 0.130233 0.061163 0.046701
0.496599 0.033033 0.070471 0.044236
0.282158 0.644902 0.068441 0.038684
0.299585 0.836028 0.086623 0.041307
0.182171 0.125079 0.085733 0.044875
0.180793 0.557559 0.073412 0.043429
0.832614 0.288222 0.066089 0.034917
0.394356 0.116885 0.074162 0.034537
0.609248 0.481555 0.087118 0.043659
0.713800 0.588943 0.071723 0.035101
0.826688 0.834810 0.068161 0.037559
0.398790 0.929614 0.058422 0.038930
0.393979 0.539802 0.059490 0.038359
0.279633 0.733019 0.079776 0.052324
0.166307 0.785867 0.068431 0.046946
0.170961 0.896212 0.082020 0.036428
0.607047 0.151900 0.058149 0.041548
0.503555 0.199986 0.068542 0.033013
0.716345 0.271182 0.057646 0.047421
0.827260 0.458966 0.058910 0.034627
0.500350 0.669557 0.063901 0.040193
0.616927 0.792965 0.058848 0.041330
0.935791 0.625348 0.061022 0.043987
0.284121 0.787762 0.075231 0.047047
0.607243 0.525107 0.069079 0.040634
0.170762 0.735530 0.074684 0.049409
0.397959 0.499460 0.067970 0.039212
0.392780 0.077204 0.057938 0.039116
0.607036 0.066687 0.060548 0.039455
0.824474 0.247259 0.070722 0.038480
0.392538 0.837906 0.060987 0.044426
0.939434 0.137654 0.071497 0.046755
0.500027 0.528292 0.066143 0.034230
0.398909 0.370154 0.056205 0.039952
0.613795 0.308995 0.062470 0.041744
0.940942 0.184236 0.076013 0.045159
0.284742 0.293116 0.061483 0.049235
0.615719 0.833122 0.051556 0.039350
0.401355 0.885779 0.059881 0.045466
0.180498 0.080761 0.080250 0.042150
0.826295 0.698793 0.068455 0.047615
0.716291 0.404841 0.051976 0.042249
0.509005 0.831965 0.088551 0.041442
0.946153 0.812478 0.068647 0.048745
0.607122 0.027506 0.069337 0.031313
0.936851 0.578771 0.060497 0.040142
0.166992 0.968139 0.059209 0.037565
0.831438 0.656469 0.052131 0.035994
0.936333 0.407224 0.066488 0.040614
0.936027 0.717609 0.059020 0.034744
0.715354 0.040232 0.068628 0.051528
0.400012 0.970520 0.051657 0.040829
0.499687 0.076520 0.065167 0.041915
0.830413 0.326549 0.059576 0.033606
0.067535 0.080842 0.063108 0.052157
0.944544 0.761274 0.064377 0.041842
0.286511 0.172797 0.058754 0.039587
0.833407 0.115187 0.064756 0.038473
0.396225 0.674358 0.055868 0.041699
0.824011 0.752056 0.057299 0.053350
0.285785 0.881020 0.055935 0.042242
0.944994 0.900608 0.070213 0.037434
0.283843 0.510695 0.056082 0.044566
0.713268 0.315538 0.057152 0.040766
0.287734 0.084451 0.053118 0.038194
0.181145 0.470834 0.067220 0.050458
0.716832 0.548440 0.050662 0.037565
0.178205 0.337828 0.069425 0.027474
0.610686 0.619802 0.078682 0.050582
0.832735 0.072641 0.057691 0.048585
0.612687 0.570266 0.058710 0.046559
0.714060 0.925866 0.067845 0.035714
0.281573 0.557206 0.054276 0.045859
0.287652 0.685482 0.057528 0.038127
0.933570 0.091663 0.054425 0.044082
0.833139 0.615338 0.064035 0.043209
0.945855 0.360765 0.058443 0.045124
0.837546 0.954269 0.067908 0.037583
0.395207 0.718272 0.055496 0.037309
0.943301 0.273422 0.065576 0.033246
0.283170 0.465286 0.050515 0.041838
0.714805 0.655754 0.067944 0.042797
0.167789 0.689619 0.058302 0.035932
0.623716 0.969820 0.080202 0.033904
0.832659 0.203488 0.068290 0.045220
0.056569 0.312801 0.075390 0.037823
0.717815 0.709815 0.058660 0.047961
0.939614 0.540713 0.058266 0.036602
0.611280 0.435011 0.053735 0.043113
0.170293 0.513265 0.076297 0.034712
0.066153 0.031337 0.068564 0.044564
0.178748 0.259785 0.058318 0.045803
0.941014 0.858051 0.048710 0.034974
0.168890 0.859827 0.055744 0.029978
0.832336 0.919553 0.047082 0.026274
0.288176 0.252922 0.055573 0.025167
0.717664 0.754771 0.067194 0.027060
0.615946 0.715419 0.063031 0.051808
0.934672 0.044537 0.062413 0.048995
0.720938 0.960873 0.063852 0.037332
0.835324 0.492740 0.059440 0.027810
0.824826 0.798716 0.068506 0.027827
0.830879 0.568331 0.062903 0.049175
0.615223 0.754804 0.047029 0.028324
0.613032 0.224376 0.063148 0.029783
0.941565 0.232683 0.050525 0.044041
0.283554 0.418070 0.046296 0.046535
0.380287 0.033108 0.058771 0.041690
0.165225 0.827690 0.045937 0.032550
0.067678 0.220442 0.066884 0.036654
0.286935 0.038783 0.061167 0.052648
0.608271 0.346145 0.053494 0.030688
0.831351 0.879087 0.040745 0.046470
0.171858 0.035511 0.061821 0.049144
0.825454 0.523656 0.044455 0.024442
0.287664 0.341982 0.060389 0.047347
0.823157 0.030576 0.064056 0.028629
0.059308 0.266173 0.068720 0.052322
0.941722 0.960878 0.062342 0.038591
0.613604 0.880877 0.057526 0.051713
0.613801 0.667878 0.062467 0.043182
0.284983 0.378830 0.047988 0.026745
0.940619 0.942189 0.066981 0.039929
0.065347 0.344410 0.051170 0.026852
0.714837 0.621862 0.058337 0.023983
