0.426932 0.787562 0.064859 0.032273
0.429094 0.204069 0.058221 0.033187
0.522146 0.183814 0.060500 0.031931
0.427896 0.856608 0.055196 0.029497
0.224882 0.879908 0.056620 0.032828
0.518242 0.483328 0.062520 0.036109
0.893782 0.537025 0.061465 0.032147
0.140346 0.343108 0.058390 0.037271
0.706095 0.134640 0.054603 0.036769
0.141915 0.383855 0.067456 0.035602
0.705304 0.335663 0.054260 0.031492
0.431067 0.413668 0.058459 0.035517
0.520818 0.146463 0.064607 0.029660
0.794584 0.911763 0.058231 0.035269
0.891986 0.609056 0.062264 0.030333
0.425227 0.889728 0.051139 0.030472
0.129438 0.862355 0.057816 0.030103
0.429860 0.238322 0.053928 0.035791
0.232199 0.295380 0.062663 0.036098
0.139241 0.456653 0.054823 0.037226
0.705682 0.370517 0.057137 0.030740
0.519166 0.521927 0.057105 0.031902
0.141702 0.497904 0.056421 0.039714
0.432454 0.373046 0.057276 0.037372
0.425159 0.721797 0.056978 0.029026
0.618475 0.397808 0.055652 0.031972
0.800708 0.502407 0.051954 0.035671
0.609691 0.701938 0.054197 0.030485
0.331052 0.144265 0.053926 0.027154
0.234984 0.462055 0.052798 0.028828
0.434015 0.336227 0.062405 0.028388
0.614457 0.508010 0.049879 0.037442
0.233553 0.256288 0.059780 0.036842
0.131948 0.735205 0.061712 0.031668
0.328856 0.656415 0.052587 0.030899
0.520381 0.558905 0.052382 0.034659
0.608063 0.770632 0.052465 0.032797
0.325730 0.746301 0.059434 0.029559
0.899547 0.426828 0.060121 0.043776
0.138724 0.261126 0.056890 0.035404
0.517151 0.690759 0.049572 0.028837
0.710072 0.559807 0.052006 0.030850
0.233833 0.497620 0.052812 0.032816
0.232939 0.332949 0.053053 0.035201
0.616599 0.431938 0.052670 0.029454
0.891712 0.645013 0.054196 0.032365
0.522962 0.377934 0.055000 0.029660
0.229894 0.842686 0.049428 0.034449
0.882144 0.853384 0.051340 0.033162
0.805236 0.293713 0.052422 0.037141
0.323254 0.816579 0.057098 0.027939
0.432217 0.272744 0.058249 0.029266
0.237441 0.190754 0.048956 0.032804
0.236488 0.112774 0.052806 0.028198
0.522365 0.413104 0.053802 0.032954
0.799499 0.603668 0.050041 0.034355
0.139801 0.224737 0.065375 0.031820
0.322112 0.850858 0.044569 0.032140
0.899124 0.348724 0.055026 0.031842
0.327354 0.309332 0.052732 0.038624
0.237574 0.151363 0.050561 0.039406
0.524978 0.312479 0.051424 0.031641
0.326520 0.495357 0.048900 0.044492
0.804724 0.432418 0.047183 0.035081
0.616310 0.362324 0.052227 0.033659
0.795985 0.845173 0.053225 0.027706
0.798034 0.672552 0.060089 0.034648
0.611190 0.572696 0.047444 0.032456
0.613896 0.542473 0.049362 0.026918
0.899902 0.222153 0.049604 0.031453
0.514833 0.729594 0.049849 0.039927
0.707335 0.407357 0.049801 0.037163
0.139962 0.420887 0.051605 0.029358
0.325006 0.272552 0.055265 0.026937
0.323913 0.779818 0.046815 0.032919
0.803044 0.365904 0.055410 0.029111
0.426743 0.452278 0.049894 0.034016
0.899286 0.383192 0.053753 0.032535
0.428408 0.920723 0.055377 0.031947
0.517343 0.843110 0.050320 0.035923
0.612987 0.247075 0.051970 0.041194
0.522495 0.344443 0.053307 0.026085
0.613808 0.671582 0.055071 0.026556
0.792274 0.812222 0.050185 0.029158
0.612730 0.465770 0.049704 0.031789
0.429129 0.599991 0.056892 0.037500
0.424289 0.640626 0.055336 0.042289
0.228682 0.704513 0.055548 0.038270
0.616787 0.170684 0.056576 0.027992
0.328779 0.237874 0.053045 0.035051
0.230880 0.560108 0.045994 0.034885
0.802451 0.464894 0.055608 0.028686
0.327865 0.689123 0.054190 0.032034
0.609871 0.737909 0.049536 0.027229
0.706447 0.208225 0.047957 0.034101
0.882767 0.759242 0.047946 0.025628
0.228984 0.809670 0.057315 0.025555
0.880523 0.790532 0.055379 0.029274
0.704806 0.240746 0.047553 0.031558
0.707787 0.835321 0.049126 0.025864
0.127740 0.893710 0.056979 0.025507
0.513499 0.598788 0.057004 0.031523
0.140035 0.152466 0.049791 0.031677
0.612656 0.641340 0.045983 0.031437
0.139157 0.189432 0.048855 0.033120
0.798905 0.397527 0.051737 0.028044
0.518136 0.805057 0.050678 0.030905
0.133498 0.699363 0.067171 0.032826
0.429145 0.304671 0.057697 0.026288
0.893124 0.573394 0.050181 0.034476
0.326023 0.887258 0.054009 0.030132
0.142116 0.301502 0.047217 0.038318
0.613668 0.896524 0.062286 0.027323
0.432084 0.144910 0.053126 0.032195
0.523705 0.111970 0.050239 0.033930
0.325391 0.456052 0.045942 0.029485
0.330624 0.082489 0.053882 0.028175
0.426701 0.754456 0.051081 0.024516
0.131737 0.767161 0.064254 0.028762
0.618561 0.205516 0.048880 0.038276
0.234364 0.222998 0.054910 0.030521
0.708457 0.092324 0.057158 0.041864
0.710588 0.662535 0.053320 0.032490
0.425819 0.821600 0.048515 0.026315
0.611126 0.607079 0.045869 0.031386
0.890579 0.680927 0.045682 0.035390
0.138454 0.536264 0.048897 0.032942
0.705416 0.734005 0.060807 0.034873
0.521872 0.218821 0.051543 0.032762
0.703848 0.449841 0.053421 0.037379
0.802128 0.533645 0.059819 0.024804
0.901698 0.312611 0.054237 0.034364
0.709270 0.523889 0.052048 0.037360
0.233665 0.529417 0.051119 0.023620
0.881831 0.895287 0.058382 0.042216
0.892285 0.502915 0.043152 0.031810
0.229166 0.776487 0.045530 0.032516
0.331447 0.203233 0.057208 0.027551
0.704471 0.796771 0.045566 0.038461
0.709568 0.591342 0.047878 0.031683
0.616011 0.287226 0.051854 0.034861
0.329476 0.172926 0.043197 0.026868
0.424376 0.491534 0.045895 0.033402
0.235926 0.367464 0.057933 0.024559
0.226530 0.740778 0.046231 0.030931
0.234437 0.428802 0.042383 0.031045
0.130674 0.657148 0.046449 0.042929
0.904877 0.152516 0.041031 0.029764
0.324339 0.386597 0.042026 0.036130
0.608447 0.799857 0.063672 0.026395
0.514658 0.656146 0.045170 0.027932
0.231385 0.397283 0.045223 0.031236
0.327396 0.535728 0.044779 0.031309
0.329709 0.112354 0.045403 0.028443
0.710187 0.626628 0.048072 0.032460
0.139459 0.117212 0.046154 0.033876
0.886829 0.723183 0.045150 0.036477
0.805439 0.254698 0.046638 0.031083
0.805577 0.117939 0.057058 0.030067
0.804962 0.151922 0.045393 0.031637
0.518360 0.447406 0.043437 0.035440
0.325349 0.422048 0.040132 0.031914
0.330099 0.567289 0.044367 0.026319
0.796311 0.875590 0.048489 0.025491
0.805139 0.183409 0.039859 0.029948
0.229705 0.916254 0.057274 0.030243
0.520901 0.080489 0.053943 0.025001
0.517722 0.877100 0.044905 0.029516
0.899010 0.252849 0.043361 0.028967
0.135359 0.614894 0.045431 0.033978
0.521123 0.252942 0.045480 0.027662
0.798714 0.564919 0.044802 0.035940
0.428695 0.115447 0.050658 0.024786
0.802531 0.217570 0.046771 0.038534
0.706500 0.489047 0.042362 0.033008
0.797594 0.750411 0.055042 0.033040
0.521527 0.283768 0.040942 0.025012
0.802501 0.329468 0.043774 0.030137
0.423019 0.527010 0.043351 0.030910
0.329337 0.624711 0.051380 0.027312
0.902187 0.186584 0.046852 0.031540
0.326910 0.718393 0.044352 0.023850
0.900909 0.093063 0.051995 0.036551
0.799397 0.637683 0.058713 0.023784
0.424190 0.684847 0.042779 0.038863
0.134649 0.575849 0.046502 0.036078
0.710989 0.173420 0.057136 0.031430
0.127715 0.922176 0.059417 0.026782
0.515418 0.771310 0.042872 0.035651
0.230564 0.664989 0.042563 0.032099
0.236740 0.081625 0.045932 0.028144
0.707611 0.303327 0.037389 0.027824
0.607052 0.832691 0.043118 0.033637
0.229373 0.600484 0.047535 0.036520
0.233270 0.634493 0.039577 0.026628
0.704394 0.273920 0.041870 0.025901
0.891328 0.469651 0.046248 0.030738
0.901752 0.279594 0.038027 0.026298
0.424448 0.561496 0.041969 0.032142
0.327864 0.348413 0.044469 0.036244
0.129073 0.799493 0.045119 0.027387
0.609591 0.866643 0.037271 0.027805
0.430496 0.085924 0.046729 0.033460
0.136202 0.084334 0.050120 0.027390
0.613789 0.923462 0.051723 0.024754
0.704024 0.866380 0.056422 0.028380
0.904029 0.126548 0.050526 0.023576
0.516775 0.913527 0.045516 0.032311
0.131240 0.828759 0.040244 0.028455
0.700829 0.762295 0.055980 0.023563
0.325277 0.916351 0.042645 0.026580
0.331765 0.595228 0.036798 0.024029
0.796921 0.710255 0.042030 0.033705
0.428578 0.173034 0.047182 0.020736
0.711875 0.698673 0.053217 0.029121
0.617515 0.087262 0.046784 0.035422
0.614796 0.325824 0.062089 0.032600
0.877695 0.821310 0.060337 0.023204
0.517962 0.628465 0.033797 0.026591
0.614830 0.121332 0.039289 0.032419
0.793896 0.778742 0.040681 0.022998
0.806379 0.086037 0.038790 0.031360
0.617008 0.144252 0.044312 0.019837
