0.187659 0.762134 0.058469 0.036516
0.093208 0.558998 0.065217 0.031671
0.386660 0.810842 0.057103 0.036573
0.782084 0.345300 0.059848 0.029613
0.091443 0.748589 0.063354 0.034334
0.388670 0.227845 0.056384 0.031903
0.189044 0.629665 0.057270 0.030023
0.383879 0.657535 0.056995 0.031208
0.778600 0.210093 0.051546 0.028366
0.583403 0.688717 0.054378 0.031034
0.187099 0.837276 0.065500 0.027871
0.193279 0.424815 0.060834 0.034154
0.286150 0.808965 0.052707 0.033756
0.877622 0.147592 0.058773 0.027546
0.680834 0.183012 0.056040 0.034253
0.387965 0.360390 0.057177 0.030734
0.683363 0.477567 0.051358 0.031165
0.287101 0.770720 0.051656 0.027996
0.786223 0.279497 0.060950 0.035723
0.286898 0.384330 0.055510 0.037096
0.087300 0.453658 0.060900 0.029655
0.487171 0.432272 0.050825 0.032984
0.386573 0.428879 0.060340 0.030082
0.685720 0.512244 0.066362 0.031389
0.781264 0.240424 0.065230 0.031016
0.583158 0.765053 0.049434 0.035421
0.287725 0.735936 0.051708 0.030324
0.584689 0.557493 0.057487 0.026604
0.191773 0.532713 0.060226 0.029036
0.576057 0.830171 0.052466 0.025582
0.583493 0.651913 0.046509 0.033629
0.286524 0.228584 0.051223 0.027888
0.187794 0.690761 0.055589 0.028158
0.583651 0.862583 0.060148 0.032371
0.587225 0.171124 0.063501 0.029444
0.781659 0.110097 0.053973 0.029095
0.581765 0.726730 0.051650 0.032006
0.684149 0.444453 0.058231 0.027622
0.585225 0.243246 0.060934 0.030586
0.392199 0.153203 0.052971 0.032593
0.085531 0.318069 0.051173 0.036597
0.193160 0.342357 0.054693 0.031125
0.584475 0.588216 0.059220 0.032521
0.780220 0.177956 0.046450 0.029655
0.187190 0.871336 0.064670 0.031060
0.874570 0.245078 0.057389 0.033402
0.585468 0.082234 0.059483 0.030162
0.393795 0.849704 0.057101 0.028442
0.489586 0.180676 0.053828 0.030513
0.491679 0.214631 0.051399 0.033309
0.287133 0.303671 0.048332 0.037568
0.779932 0.143569 0.051256 0.030280
0.088300 0.487777 0.056974 0.032890
0.191113 0.566445 0.053131 0.031237
0.682217 0.784210 0.058374 0.028140
0.870394 0.208514 0.062096 0.030563
0.874000 0.393098 0.057238 0.032572
0.680729 0.675151 0.059185 0.029962
0.287124 0.164190 0.056758 0.039367
0.387585 0.396898 0.054844 0.032077
0.683875 0.368393 0.052340 0.028328
0.487136 0.251151 0.060070 0.031765
0.188529 0.381367 0.055542 0.037225
0.880863 0.428575 0.052551 0.033351
0.394317 0.261692 0.053238 0.030767
0.089360 0.224231 0.057093 0.029301
0.782729 0.733644 0.048150 0.030953
0.885840 0.897863 0.070738 0.035794
0.095775 0.625601 0.059365 0.029074
0.779475 0.539822 0.058091 0.027476
0.678791 0.751543 0.053603 0.032932
0.196359 0.275518 0.068795 0.030725
0.391749 0.190307 0.046307 0.034582
0.194381 0.499008 0.056271 0.036667
0.683009 0.579008 0.048356 0.033813
0.581263 0.140840 0.063407 0.027181
0.483434 0.803868 0.054228 0.027343
0.779002 0.502288 0.055278 0.035657
0.383914 0.695186 0.047553 0.035670
0.187542 0.801720 0.047262 0.032751
0.385484 0.734429 0.045946 0.031067
0.384186 0.466281 0.048348 0.036906
0.091035 0.788998 0.048485 0.032451
0.783486 0.380053 0.054670 0.029791
0.485457 0.722640 0.045889 0.027815
0.289389 0.672502 0.055284 0.030624
0.582860 0.525175 0.055157 0.028462
0.683259 0.818434 0.057170 0.028895
0.884664 0.839845 0.059247 0.036451
0.586606 0.277988 0.055531 0.032741
0.392482 0.879347 0.053189 0.026798
0.492665 0.358644 0.054250 0.031136
0.584146 0.411871 0.056270 0.032985
0.877080 0.362210 0.059328 0.027170
0.590801 0.208088 0.065021 0.035625
0.486975 0.684160 0.044350 0.033875
0.486490 0.620705 0.053264 0.027598
0.200636 0.186455 0.055211 0.029433
0.389851 0.081658 0.059818 0.031338
0.484068 0.586360 0.049057 0.034757
0.381606 0.769690 0.048732 0.031437
0.782450 0.631557 0.061131 0.032662
0.779784 0.766023 0.051962 0.026855
0.491233 0.396198 0.050373 0.030094
0.091202 0.356274 0.046988 0.028278
0.789134 0.875942 0.061965 0.027041
0.880342 0.465301 0.052081 0.030196
0.882988 0.806365 0.062714 0.027863
0.287478 0.560194 0.068273 0.031649
0.184367 0.661135 0.055698 0.024441
0.385954 0.502365 0.050699 0.026516
0.869962 0.178571 0.053430 0.024738
0.882731 0.734248 0.049231 0.034469
0.091540 0.898090 0.049555 0.032060
0.084032 0.125955 0.054560 0.030748
0.090348 0.592109 0.048477 0.030943
0.095245 0.659590 0.051101 0.030096
0.682344 0.333712 0.045468 0.030464
0.682457 0.296174 0.043606 0.030627
0.587536 0.111902 0.058262 0.025541
0.090154 0.824757 0.059709 0.025861
0.087303 0.419418 0.046320 0.029939
0.094156 0.716551 0.054619 0.026487
0.489080 0.464150 0.054483 0.029296
0.285336 0.598253 0.053816 0.036309
0.389593 0.329003 0.043896 0.030926
0.285888 0.263983 0.050168 0.035758
0.880645 0.668362 0.053649 0.025702
0.584021 0.312505 0.048553 0.031438
0.679128 0.259487 0.046954 0.034208
0.881903 0.501135 0.051056 0.033278
0.777192 0.597089 0.051765 0.025577
0.687941 0.852386 0.053432 0.025422
0.876634 0.285591 0.048459 0.035367
0.491834 0.287102 0.053487 0.029442
0.390215 0.115564 0.045950 0.031944
0.781690 0.699092 0.047545 0.032319
0.287582 0.637679 0.052945 0.032284
0.203561 0.153861 0.046787 0.035520
0.280714 0.840769 0.058441 0.023429
0.486064 0.866359 0.047090 0.028594
0.381760 0.588703 0.048725 0.034322
0.088746 0.191024 0.045760 0.030484
0.779615 0.077625 0.053088 0.025640
0.681662 0.405311 0.041580 0.034690
0.287113 0.199760 0.047588 0.024243
0.583591 0.619935 0.050769 0.028975
0.281819 0.462725 0.048827 0.036459
0.486283 0.650419 0.048097 0.022413
0.495903 0.321616 0.050150 0.030894
0.382338 0.531058 0.059144 0.024617
0.781240 0.799411 0.042910 0.034786
0.680503 0.112774 0.049295 0.032850
0.679417 0.545661 0.054341 0.025578
0.484845 0.549113 0.052951 0.033512
0.688258 0.901101 0.046102 0.030670
0.089096 0.254503 0.052309 0.026264
0.490518 0.835329 0.057257 0.024750
0.874501 0.325759 0.065742 0.036469
0.384406 0.557647 0.052997 0.022624
0.492094 0.117444 0.050254 0.035121
0.487110 0.149647 0.045246 0.029952
0.291285 0.900022 0.066386 0.035096
0.782356 0.839868 0.042865 0.036283
0.280673 0.347229 0.045126 0.030524
0.093199 0.688593 0.062480 0.021136
0.482710 0.751221 0.053069 0.021905
0.490456 0.082608 0.049257 0.033341
0.283569 0.868265 0.050834 0.027804
0.880895 0.574971 0.040999 0.034571
0.583925 0.376711 0.041530 0.029431
0.881324 0.698529 0.047136 0.031009
0.083925 0.090937 0.050123 0.029135
0.789351 0.905280 0.053058 0.029086
0.580852 0.489047 0.042918 0.035163
0.277846 0.528425 0.058966 0.023031
0.678601 0.148220 0.042615 0.032232
0.776153 0.570054 0.055349 0.022731
0.196291 0.307299 0.054709 0.029036
0.585014 0.344311 0.042100 0.029731
0.484838 0.775676 0.045782 0.019692
0.681698 0.220720 0.052891 0.037799
0.385095 0.625036 0.045559 0.029954
0.391792 0.296544 0.051545 0.026610
0.090991 0.158930 0.041345 0.028103
0.292370 0.122001 0.051749 0.038899
0.191491 0.461308 0.049325 0.033628
0.688877 0.875865 0.048320 0.018142
0.086653 0.859785 0.039540 0.035547
0.783138 0.462445 0.051661 0.036031
0.881463 0.608458 0.056462 0.022953
0.881204 0.537004 0.042504 0.033397
0.206939 0.121360 0.039700 0.028383
0.684224 0.643231 0.046127 0.029360
0.784423 0.666210 0.045607 0.030183
0.682325 0.079297 0.055353 0.025039
0.783713 0.417344 0.047603 0.036269
0.783032 0.312765 0.052250 0.021907
0.090174 0.284577 0.055877 0.023249
0.186855 0.596830 0.056729 0.023295
0.487031 0.897219 0.038631 0.026235
0.882218 0.772079 0.045712 0.032587
0.877350 0.082037 0.046394 0.033739
0.581296 0.896933 0.059331 0.026400
0.877219 0.117403 0.037885 0.029782
0.283369 0.426278 0.041147 0.033094
0.186088 0.724509 0.054207 0.028548
0.281031 0.500870 0.048279 0.031938
0.387916 0.905747 0.049789 0.028754
0.292685 0.703375 0.057058 0.022753
0.209137 0.092100 0.051480 0.025676
0.887184 0.868709 0.056810 0.018454
0.085019 0.387657 0.051459 0.022686
0.680669 0.712579 0.040654 0.034822
0.685012 0.611361 0.051967 0.020187
0.186705 0.903617 0.063538 0.024298
0.879388 0.637494 0.053464 0.030101
0.285829 0.086230 0.043995 0.031996
0.580115 0.799402 0.053879 0.023030
0.193762 0.246422 0.048207 0.020955
0.487700 0.497185 0.047551 0.032595
0.194814 0.220848 0.043909 0.028646
0.085125 0.525032 0.069954 0.027163
0.580686 0.449055 0.047000 0.033919
0.490911 0.521219 0.060473 0.013482
0.140177 0.454296 0.021261 0.019179
