0.387125 0.478606 0.070768 0.053324
0.827221 0.538477 0.073794 0.049278
0.829926 0.849405 0.068370 0.049338
0.609662 0.819766 0.097526 0.050763
0.288695 0.779143 0.078020 0.050699
0.496687 0.207996 0.080662 0.049623
0.065830 0.506640 0.081103 0.052130
0.276991 0.728046 0.080533 0.044417
0.607534 0.151115 0.082584 0.050105
0.176532 0.163632 0.080937 0.048888
0.284600 0.406338 0.086071 0.054035
0.191281 0.893322 0.078009 0.050195
0.937742 0.898687 0.071727 0.047358
0.718176 0.167616 0.091109 0.051054
0.172150 0.112751 0.085029 0.041473
0.723745 0.646959 0.074816 0.051884
0.828510 0.288605 0.078505 0.047091
0.826535 0.482479 0.078040 0.051773
0.173041 0.267501 0.082088 0.051319
0.393830 0.877138 0.095058 0.048177
0.388968 0.115972 0.085137 0.049261
0.828603 0.589658 0.072489 0.039699
0.385131 0.378167 0.068466 0.052528
0.177963 0.377334 0.081408 0.050065
0.940043 0.638339 0.074119 0.051090
0.821541 0.341472 0.089002 0.049949
0.078596 0.918027 0.071711 0.046898
0.283397 0.677612 0.073494 0.047531
0.501175 0.740287 0.090427 0.056904
0.502189 0.308467 0.081676 0.044872
0.607985 0.659438 0.084991 0.055381
0.938041 0.941968 0.086721 0.035760
0.603423 0.768169 0.082626 0.045775
0.716796 0.488362 0.086030 0.053255
0.831800 0.900385 0.071594 0.043181
0.931740 0.690762 0.084483 0.042944
0.283730 0.299762 0.083276 0.055578
0.174463 0.213648 0.075877 0.046510
0.399792 0.824806 0.076645 0.048710
0.504707 0.362218 0.076797 0.051080
0.711497 0.437068 0.086288 0.041488
0.504955 0.957203 0.079850 0.050701
0.385632 0.427721 0.083352 0.039813
0.827055 0.795177 0.074044 0.050106
0.717090 0.812455 0.080870 0.050800
0.722785 0.110348 0.081861 0.057341
0.938520 0.843907 0.067032 0.057000
0.389995 0.771762 0.073593 0.050701
0.609076 0.362874 0.080113 0.046071
0.083079 0.965672 0.076688 0.047002
0.939531 0.392411 0.072679 0.050005
0.283244 0.353541 0.084520 0.047899
0.601737 0.259012 0.073269 0.054028
0.178322 0.321565 0.072993 0.052781
0.286324 0.921932 0.077999 0.038666
0.611292 0.919353 0.082320 0.048225
0.389955 0.216605 0.078741 0.048922
0.601041 0.314928 0.074146 0.051336
0.073817 0.561468 0.074613 0.050672
0.177135 0.793259 0.095116 0.058363
0.928683 0.738375 0.086070 0.045462
0.393585 0.682266 0.080840 0.044179
0.073860 0.616301 0.063503 0.047284
0.723034 0.701096 0.082229 0.050743
0.288033 0.193726 0.084984 0.044035
0.178836 0.629802 0.084890 0.050996
0.713697 0.540363 0.077919 0.043656
0.607934 0.715135 0.070970 0.053814
0.939207 0.490275 0.075702 0.045041
0.289115 0.965741 0.077348 0.045140
0.174962 0.485601 0.073520 0.058587
0.825889 0.173409 0.076132 0.054529
0.937373 0.441349 0.070009 0.039502
0.719683 0.593599 0.065065 0.050563
0.716774 0.278931 0.063752 0.049590
0.181150 0.682536 0.073415 0.053176
0.388842 0.534295 0.081142 0.050211
0.502886 0.465230 0.072727 0.055711
0.832101 0.431830 0.074294 0.041397
0.721779 0.385350 0.078291 0.047509
0.935351 0.168609 0.062366 0.047663
0.076216 0.669797 0.072186 0.049016
0.498213 0.153456 0.069095 0.050512
0.289144 0.884136 0.065754 0.031505
0.180269 0.428758 0.082184 0.048057
0.826370 0.233471 0.065786 0.056275
0.931789 0.788037 0.083837 0.042147
0.610249 0.606270 0.070480 0.048792
0.171620 0.060941 0.072759 0.051921
0.725329 0.966508 0.086223 0.044752
0.385974 0.061725 0.088072 0.055849
0.825696 0.745293 0.068546 0.040630
0.716172 0.754393 0.069661 0.054641
0.717653 0.913299 0.091789 0.044176
0.937256 0.222011 0.081191 0.049296
0.279886 0.149137 0.067520 0.045484
0.834557 0.115718 0.071918 0.052303
0.394049 0.724635 0.064407 0.036515
0.605418 0.205459 0.082752 0.054634
0.930438 0.337006 0.091442 0.051944
0.497135 0.522052 0.079182 0.045753
0.282423 0.244040 0.068476 0.050063
0.723041 0.055239 0.074140 0.050018
0.073043 0.828710 0.071960 0.034726
0.177532 0.536849 0.066666 0.043552
0.833214 0.939967 0.071750 0.036759
0.833767 0.057631 0.076212 0.048624
0.502806 0.632776 0.087886 0.053593
0.936309 0.059376 0.080850 0.054245
0.603309 0.417506 0.063145 0.052059
0.612351 0.509073 0.086058 0.043009
0.827579 0.974969 0.087048 0.035321
0.179440 0.735585 0.065418 0.049316
0.078586 0.871685 0.080679 0.040421
0.286107 0.621696 0.068154 0.053364
0.833308 0.387741 0.084985 0.035312
0.277157 0.102956 0.062715 0.035096
0.503929 0.685846 0.080463 0.043159
0.281613 0.836083 0.076443 0.056304
0.617159 0.870538 0.085450 0.046045
0.388183 0.269633 0.072364 0.050505
0.403999 0.965651 0.087269 0.048986
0.064241 0.270030 0.065875 0.060683
0.610914 0.966029 0.079666 0.038679
0.828736 0.695008 0.067514 0.052743
0.176392 0.579123 0.077779 0.041240
0.506082 0.573671 0.085156 0.052515
0.936409 0.115769 0.065043 0.047385
0.178202 0.844776 0.072054 0.043371
0.069466 0.328510 0.095023 0.054484
0.508502 0.797011 0.070166 0.051409
0.393566 0.920480 0.090763 0.037398
0.938163 0.539306 0.069707 0.038327
0.924974 0.282459 0.080827 0.055583
0.071477 0.451174 0.058969 0.052401
0.285295 0.456150 0.070908 0.037795
0.394478 0.632603 0.060478 0.043984
0.607282 0.558997 0.069257 0.044989
0.716733 0.223740 0.068998 0.053960
0.940062 0.975853 0.088913 0.030371
0.074590 0.393544 0.097562 0.052810
0.278831 0.056105 0.066269 0.049999
0.716196 0.331011 0.058332 0.045557
0.282233 0.502114 0.082253 0.049632
0.833103 0.640229 0.063909 0.054352
0.389862 0.321794 0.061659 0.043719
0.058324 0.117227 0.074355 0.039314
0.067431 0.165798 0.078443 0.048377
0.073460 0.722383 0.059626 0.041828
0.934423 0.586106 0.056289 0.045088
0.280524 0.562899 0.082073 0.056431
0.503473 0.412017 0.060065 0.043945
0.599065 0.098558 0.059852 0.052551
0.501927 0.259481 0.055956 0.048382
0.504084 0.049664 0.075343 0.037808
0.605788 0.464406 0.057860 0.037744
0.389679 0.167220 0.056328 0.048313
0.392941 0.585976 0.048964 0.045563
0.606450 0.047779 0.071078 0.040672
0.721523 0.865568 0.049585 0.046450
0.499276 0.900999 0.066848 0.046994
0.061962 0.065507 0.067892 0.058719
0.064498 0.217939 0.067455 0.038525
0.498081 0.100807 0.083580 0.053090
0.502876 0.849402 0.065190 0.049252
0.185941 0.952289 0.083522 0.062217
0.073084 0.782716 0.069395 0.053502
