0.610991 0.925419 0.071859 0.046265
0.719123 0.261969 0.068680 0.034347
0.837399 0.627220 0.071592 0.034128
0.727463 0.426954 0.072191 0.038967
0.510216 0.472231 0.066765 0.039468
0.836853 0.699594 0.067402 0.035430
0.613004 0.151312 0.071438 0.036894
0.399112 0.652479 0.071659 0.038383
0.505788 0.434060 0.059966 0.035748
0.508291 0.387627 0.063903 0.045775
0.064264 0.149906 0.074065 0.040663
0.391762 0.260536 0.066375 0.036984
0.067850 0.876448 0.077268 0.046466
0.396841 0.440276 0.072459 0.043303
0.173158 0.716707 0.066524 0.039448
0.834085 0.312513 0.072957 0.036593
0.952190 0.659774 0.062011 0.038706
0.606846 0.028698 0.068262 0.040554
0.061271 0.109487 0.075728 0.037449
0.827563 0.134648 0.068644 0.037943
0.059265 0.279952 0.059372 0.038766
0.709894 0.072365 0.055815 0.036114
0.621182 0.431088 0.071772 0.037351
0.936881 0.175668 0.069922 0.042400
0.287016 0.740371 0.067157 0.038005
0.391063 0.304622 0.068775 0.043031
0.617692 0.388986 0.075862 0.041478
0.278112 0.286474 0.067797 0.034820
0.285263 0.160123 0.071268 0.038828
0.494442 0.059863 0.079798 0.038230
0.841619 0.502385 0.068141 0.039803
0.502294 0.814816 0.071857 0.036967
0.941012 0.337221 0.065200 0.034826
0.839570 0.587282 0.061880 0.042057
0.287965 0.823123 0.080277 0.045756
0.172750 0.115805 0.059774 0.043498
0.717570 0.143478 0.058171 0.042059
0.711578 0.224411 0.073978 0.033867
0.618786 0.189462 0.069377 0.037786
0.717151 0.031378 0.068964 0.042908
0.168202 0.232663 0.070962 0.036749
0.726191 0.498150 0.064415 0.037126
0.950839 0.493965 0.062772 0.033636
0.063221 0.824517 0.075227 0.050304
0.274132 0.245056 0.061584 0.045990
0.951230 0.701972 0.061628 0.041896
0.398892 0.606106 0.072888 0.046905
0.062808 0.622776 0.070510 0.042493
0.726123 0.337664 0.073523 0.045593
0.485061 0.021112 0.060200 0.034747
0.612163 0.843074 0.071876 0.039832
0.178085 0.677902 0.068692 0.035622
0.508374 0.341619 0.054114 0.041758
0.613506 0.302791 0.074170 0.040992
0.727569 0.297605 0.070126 0.033706
0.835380 0.663985 0.061081 0.032584
0.389585 0.145201 0.061329 0.048264
0.716912 0.186302 0.058721 0.038179
0.390377 0.482009 0.065020 0.034882
0.285514 0.573343 0.066593 0.039801
0.058197 0.920742 0.063285 0.039064
0.729613 0.822831 0.053864 0.041422
0.504256 0.515189 0.059566 0.036657
0.841213 0.743116 0.063264 0.040860
0.174558 0.031093 0.072223 0.042112
0.729898 0.665127 0.073606 0.036008
0.944848 0.260516 0.051818 0.038325
0.727573 0.539495 0.062514 0.043253
0.951704 0.456447 0.057099 0.037874
0.609856 0.471519 0.074401 0.038356
0.510010 0.690145 0.053065 0.048456
0.940338 0.377106 0.058887 0.041980
0.725639 0.463593 0.063059 0.031989
0.726758 0.625183 0.062450 0.040116
0.824166 0.061735 0.052602 0.035349
0.384767 0.098809 0.069261 0.040031
0.510090 0.645067 0.063021 0.040285
0.397604 0.921174 0.062296 0.039969
0.820020 0.024765 0.059320 0.035181
0.944026 0.417471 0.063252 0.035899
0.063602 0.238244 0.059967 0.046156
0.505244 0.216557 0.057688 0.044455
0.279049 0.202186 0.080666 0.036003
0.059162 0.318132 0.077076 0.034060
0.279368 0.121690 0.058702 0.031608
0.281731 0.412325 0.064502 0.038120
0.824754 0.098084 0.056500 0.032391
0.615572 0.966733 0.078321 0.035332
0.610958 0.225182 0.060036 0.031884
0.604041 0.070164 0.062491 0.033476
0.176101 0.157715 0.059014 0.034780
0.827852 0.211279 0.052032 0.032135
0.395880 0.520224 0.052955 0.036506
0.732748 0.782444 0.056242 0.038230
0.171631 0.755073 0.076370 0.029121
0.397073 0.962606 0.083026 0.036184
0.382427 0.191399 0.059316 0.037802
0.949985 0.578186 0.053674 0.042431
0.509852 0.939621 0.062701 0.036122
0.506531 0.771441 0.052029 0.042403
0.837888 0.386232 0.082189 0.033413
0.505791 0.300430 0.055645 0.035305
0.614039 0.262681 0.061783 0.037048
0.835367 0.348747 0.059241 0.030241
0.273554 0.082399 0.059981 0.043270
0.059811 0.575449 0.065136 0.040905
0.180621 0.469927 0.067418 0.041154
0.836550 0.544483 0.053188 0.038620
0.282952 0.661064 0.058744 0.039989
0.616909 0.777724 0.074655 0.032903
0.287490 0.616087 0.057425 0.041548
0.060634 0.194251 0.059930 0.041506
0.285301 0.701665 0.055345 0.036898
0.172053 0.424067 0.084691 0.046221
0.171595 0.912756 0.060039 0.035376
0.184828 0.596436 0.074884 0.047790
0.611811 0.883061 0.055192 0.035208
0.510542 0.553751 0.065942 0.034054
0.829441 0.242574 0.059611 0.027127
0.064380 0.965912 0.059145 0.046113
0.949212 0.740049 0.054235 0.032926
0.057967 0.030811 0.072091 0.044026
0.056432 0.487298 0.058385 0.045097
0.181266 0.830887 0.081365 0.039510
0.291634 0.960597 0.084550 0.043380
0.291656 0.922431 0.076700 0.035549
0.291777 0.527834 0.086105 0.044610
0.281742 0.367606 0.055265 0.040841
0.067247 0.776685 0.069606 0.032501
0.735805 0.908174 0.057225 0.035258
0.396950 0.562347 0.061515 0.038802
0.944625 0.810275 0.054993 0.028746
0.614526 0.669945 0.052019 0.038797
0.178929 0.551794 0.068892 0.036377
0.506207 0.260520 0.046996 0.037205
0.616903 0.628294 0.060699 0.034126
0.397513 0.762824 0.052115 0.038400
0.938044 0.219453 0.058372 0.038218
0.841445 0.815478 0.056879 0.036401
0.065195 0.435773 0.062631 0.048343
0.378763 0.059817 0.047124 0.033250
0.286520 0.326332 0.060366 0.035596
0.715948 0.107021 0.065464 0.025582
0.943530 0.777843 0.052392 0.037756
0.060922 0.072238 0.070610 0.030910
0.841479 0.420103 0.067406 0.032157
0.728705 0.741756 0.049457 0.039272
0.506706 0.899093 0.055316 0.042634
0.399667 0.692730 0.064767 0.029538
0.608914 0.111107 0.057809 0.037571
0.400204 0.884636 0.058763 0.033028
0.833615 0.896062 0.054394 0.040907
0.286102 0.875722 0.063151 0.053455
0.730158 0.700783 0.050285 0.036039
0.938934 0.932344 0.073821 0.054105
0.170845 0.873585 0.064451 0.035438
0.949435 0.534872 0.054261 0.042777
0.505852 0.593524 0.063614 0.047222
0.175613 0.512755 0.054219 0.038918
0.723381 0.383787 0.050143 0.041461
0.170713 0.074118 0.055203 0.036106
0.061080 0.384930 0.051857 0.039733
0.504264 0.732464 0.052019 0.033504
0.399690 0.725219 0.059882 0.034529
0.842179 0.781300 0.054250 0.031726
0.387675 0.226113 0.063343 0.025400
0.169720 0.194591 0.053935 0.031063
0.495344 0.175578 0.051987 0.033167
0.951580 0.619078 0.052231 0.034519
0.615743 0.542354 0.063766 0.043120
0.939281 0.843519 0.049074 0.034699
0.387572 0.393718 0.051037 0.041390
0.271240 0.032057 0.079961 0.050422
0.281651 0.485485 0.050436 0.033621
0.503544 0.854918 0.052277 0.033084
0.939295 0.883240 0.080737 0.038702
0.183254 0.638700 0.066501 0.038719
0.833411 0.275565 0.068666 0.031668
0.616355 0.706692 0.061367 0.031606
0.282750 0.448753 0.053384 0.033430
0.066178 0.736992 0.053513 0.038174
0.837281 0.458714 0.052767 0.040716
0.059608 0.531949 0.057068 0.032806
0.616467 0.345706 0.059206 0.034393
0.278432 0.779421 0.085986 0.036707
0.613437 0.742950 0.088461 0.033289
0.614963 0.808030 0.068775 0.026128
0.725026 0.583816 0.049090 0.039949
0.618797 0.587247 0.068702 0.043791
0.838094 0.973467 0.065959 0.034383
0.174800 0.336309 0.054488 0.040358
0.493570 0.131326 0.053780 0.047320
0.395907 0.842208 0.082195 0.042037
0.933513 0.132702 0.051520 0.033849
0.174514 0.378405 0.054456 0.040556
0.738553 0.868799 0.062911 0.035596
0.389484 0.350238 0.050287 0.045251
0.836627 0.937457 0.050726 0.038515
0.948765 0.299896 0.051579 0.035066
0.382213 0.023432 0.058787 0.036604
0.068484 0.696115 0.053376 0.039201
0.174241 0.792233 0.057733 0.034039
0.511519 0.972797 0.081353 0.029105
0.830208 0.174644 0.050654 0.034420
0.839715 0.852561 0.045451 0.034153
0.065574 0.659371 0.064027 0.027264
0.065816 0.350212 0.057552 0.025051
0.617096 0.505864 0.063117 0.026072
0.175576 0.267969 0.068969 0.034696
0.407349 0.802019 0.091392 0.040856
0.491950 0.093390 0.071528 0.028684
0.179762 0.300428 0.065576 0.028573
0.176076 0.981384 0.073908 0.032973
0.449883 0.555917 0.043374 0.030892
0.172738 0.952741 0.065326 0.042522
0.113234 0.520309 0.034537 0.033924
0.550643 0.089879 0.040434 0.028390
0.741116 0.947278 0.082036 0.035791
