0.824162 0.450912 0.078386 0.051728
0.934138 0.230036 0.079012 0.055347
0.595776 0.503838 0.078938 0.052115
0.709489 0.825957 0.087914 0.049543
0.713555 0.393912 0.086945 0.048509
0.487895 0.684902 0.090068 0.049497
0.713343 0.879672 0.074511 0.052875
0.716448 0.182203 0.082084 0.051634
0.172748 0.378096 0.070244 0.049778
0.827846 0.834264 0.086689 0.051311
0.829679 0.552536 0.090100 0.045849
0.598491 0.332696 0.080545 0.054861
0.719272 0.447292 0.077839 0.052707
0.926844 0.693012 0.080272 0.056474
0.386044 0.493832 0.072475 0.057382
0.826973 0.780014 0.084361 0.049856
0.065614 0.740940 0.082885 0.052331
0.828044 0.231852 0.073855 0.052984
0.829164 0.887006 0.082608 0.045177
0.493171 0.861686 0.078249 0.054196
0.832299 0.117305 0.080454 0.058973
0.705827 0.930324 0.094592 0.040398
0.171163 0.544537 0.069717 0.052045
0.825072 0.668934 0.074281 0.053334
0.385746 0.216383 0.074874 0.051686
0.389299 0.438202 0.073828 0.052717
0.719356 0.342168 0.073299 0.051191
0.934589 0.407695 0.069191 0.055825
0.284114 0.446999 0.078640 0.054345
0.173088 0.594919 0.081599 0.042773
0.940236 0.463700 0.081766 0.050053
0.062051 0.627114 0.072135 0.054266
0.597831 0.793306 0.073496 0.055594
0.599800 0.274085 0.080056 0.056626
0.067218 0.107945 0.078452 0.052900
0.174956 0.703044 0.092508 0.052781
0.592798 0.447447 0.067660 0.056763
0.713847 0.552178 0.083912 0.059077
0.932240 0.169715 0.074986 0.056245
0.938439 0.908408 0.082389 0.052871
0.387100 0.770055 0.068709 0.048174
0.939258 0.520929 0.084978 0.055405
0.278441 0.395833 0.079805 0.038864
0.492038 0.294075 0.071539 0.052014
0.824196 0.397068 0.075897 0.049702
0.177038 0.648638 0.071463 0.050592
0.712085 0.604673 0.081332 0.041986
0.712002 0.498246 0.098757 0.041085
0.173058 0.488004 0.075580 0.053329
0.386012 0.112317 0.073238 0.055864
0.070347 0.906549 0.071681 0.049492
0.387285 0.717680 0.064414 0.050266
0.934403 0.854208 0.067114 0.051227
0.171869 0.273238 0.084445 0.054747
0.177774 0.326986 0.075100 0.046195
0.823794 0.724059 0.068398 0.050846
0.488839 0.118683 0.085551 0.050119
0.069753 0.957796 0.071761 0.046721
0.492322 0.174473 0.074490 0.052681
0.494213 0.806730 0.081941 0.045610
0.067527 0.417684 0.069475 0.052149
0.930751 0.964156 0.078609 0.048712
0.823649 0.934265 0.069721 0.040079
0.376260 0.665504 0.084122 0.043502
0.606514 0.158576 0.082951 0.048746
0.067005 0.852140 0.070532 0.046237
0.388569 0.882393 0.081391 0.043621
0.828565 0.175831 0.068357 0.052340
0.594752 0.890398 0.070322 0.048091
0.491276 0.464100 0.066621 0.056107
0.828886 0.284356 0.072486 0.039403
0.827164 0.608303 0.080153 0.055039
0.718568 0.123374 0.081551 0.061174
0.717800 0.287699 0.081594 0.044345
0.063895 0.207184 0.084831 0.051639
0.494997 0.352031 0.075888 0.054437
0.284288 0.351210 0.070162 0.046070
0.171199 0.431384 0.077654 0.050316
0.064758 0.312754 0.072840 0.050821
0.057294 0.684203 0.079162 0.049776
0.488408 0.063501 0.072146 0.054926
0.601941 0.108426 0.067761 0.044798
0.494807 0.918349 0.090707 0.051820
0.495512 0.969528 0.085461 0.044648
0.383393 0.828077 0.092004 0.060965
0.711974 0.717274 0.076245 0.054296
0.068214 0.362558 0.070868 0.047208
0.712961 0.770542 0.062993 0.052148
0.176745 0.216808 0.069288 0.047332
0.929104 0.632976 0.067312 0.055013
0.487749 0.578248 0.084425 0.059584
0.601459 0.214906 0.073585 0.052260
0.381552 0.967399 0.069317 0.044615
0.821186 0.971393 0.080204 0.037208
0.062507 0.158112 0.053426 0.042993
0.390160 0.925806 0.070134 0.035907
0.283889 0.064497 0.075619 0.055016
0.491785 0.518909 0.066290 0.052172
0.830506 0.058892 0.078828 0.052106
0.713913 0.972017 0.095371 0.040204
0.486946 0.751101 0.068423 0.059448
0.932528 0.293667 0.094204 0.062637
0.276569 0.625319 0.077975 0.046379
0.597465 0.844892 0.073222 0.041337
0.829668 0.340611 0.071706 0.056723
0.062016 0.261131 0.077841 0.046580
0.930857 0.748115 0.071801 0.048148
0.489217 0.635883 0.068376 0.040910
0.274344 0.565436 0.081533 0.050380
0.929011 0.063378 0.068929 0.052748
0.598907 0.388513 0.058484 0.052160
0.386307 0.165683 0.073885 0.036210
0.283337 0.685443 0.064789 0.058918
0.594099 0.732404 0.077176 0.052518
0.598249 0.937844 0.088394 0.040191
0.070089 0.056504 0.077590 0.047284
0.384689 0.325021 0.085635 0.049441
0.386577 0.551936 0.067435 0.053911
0.282118 0.300625 0.069898 0.041022
0.491913 0.406718 0.061150 0.049717
0.598957 0.566698 0.065813 0.060179
0.596105 0.619935 0.066049 0.044449
0.174704 0.167486 0.072251 0.053814
0.717393 0.657927 0.068664 0.053923
0.829979 0.505148 0.056503 0.044840
0.281805 0.256822 0.067856 0.043652
0.935410 0.111940 0.069176 0.043051
0.598753 0.678486 0.068543 0.053593
0.065887 0.573203 0.060002 0.043109
0.384442 0.381453 0.064458 0.053044
0.592995 0.974872 0.073183 0.027586
0.176358 0.753431 0.055023 0.040850
0.932807 0.800682 0.088091 0.052929
0.280353 0.120096 0.061547 0.052480
0.935297 0.576310 0.062134 0.052646
0.935244 0.351592 0.068059 0.051520
0.389709 0.054842 0.077630 0.041696
0.494033 0.231717 0.062649 0.055656
0.718163 0.238508 0.058343 0.049937
0.067319 0.800649 0.074573 0.055262
0.075125 0.519648 0.064761 0.046691
0.176063 0.111733 0.069686 0.047040
0.387782 0.273313 0.057466 0.050939
0.382089 0.601334 0.079353 0.038814
0.182167 0.805965 0.077292 0.048774
0.281378 0.505987 0.070028 0.053803
0.605709 0.057403 0.052443 0.052643
0.711524 0.060219 0.079573 0.053894
0.281276 0.175830 0.089071 0.052857
0.068831 0.471957 0.056766 0.048704
0.068552 0.993180 0.062733 0.013015
0.387537 0.628480 0.055359 0.021752
0.171016 0.993779 0.075007 0.012131
