0.061348 0.475193 0.080163 0.041127
0.065393 0.236409 0.056537 0.036144
0.060101 0.716523 0.087918 0.043437
0.394862 0.278099 0.063588 0.040306
0.065007 0.586418 0.055016 0.036896
0.930637 0.733100 0.058571 0.040923
0.271627 0.421070 0.082846 0.044918
0.171257 0.105993 0.082869 0.041188
0.375026 0.640171 0.077041 0.045239
0.272376 0.334378 0.057676 0.038687
0.163295 0.725197 0.068881 0.036397
0.281559 0.201299 0.060165 0.041108
0.391614 0.240488 0.059198 0.032892
0.064695 0.199018 0.061207 0.040111
0.819011 0.775957 0.064438 0.044558
0.066774 0.162360 0.057425 0.027078
0.823959 0.120518 0.073695 0.041537
0.280223 0.117600 0.081122 0.043412
0.710492 0.322339 0.055512 0.039062
0.063611 0.841122 0.082912 0.036085
0.170932 0.196433 0.056873 0.037971
0.815541 0.818772 0.065167 0.040044
0.060439 0.430800 0.056588 0.043461
0.390652 0.172708 0.061602 0.034788
0.927819 0.818674 0.067576 0.039983
0.066100 0.924688 0.057071 0.036070
0.827970 0.482452 0.057979 0.042918
0.391060 0.206546 0.052454 0.032665
0.270750 0.932921 0.057113 0.037050
0.162215 0.689612 0.066910 0.035231
0.933427 0.645876 0.058124 0.040219
0.390259 0.442225 0.062224 0.034952
0.175490 0.241122 0.066839 0.043973
0.605050 0.220869 0.061661 0.041702
0.163182 0.610843 0.073330 0.042156
0.820989 0.436923 0.066667 0.045307
0.162478 0.762286 0.053178 0.032800
0.060715 0.518216 0.057322 0.038057
0.822997 0.077421 0.061228 0.042887
0.932645 0.687938 0.062848 0.041869
0.065668 0.276997 0.056998 0.042297
0.824569 0.387130 0.060587 0.049108
0.932027 0.862430 0.053395 0.042297
0.814907 0.933753 0.067158 0.040276
0.485912 0.514888 0.056279 0.042810
0.827831 0.303674 0.049719 0.043520
0.174303 0.064549 0.068488 0.037121
0.939773 0.372747 0.052329 0.040870
0.278522 0.160874 0.050454 0.038246
0.388959 0.360785 0.052550 0.039242
0.278204 0.272817 0.060635 0.038089
0.067353 0.803498 0.060246 0.034711
0.389522 0.402037 0.051249 0.043904
0.827824 0.163998 0.056092 0.041898
0.934234 0.774480 0.055300 0.040109
0.068276 0.622799 0.057450 0.037890
0.817128 0.893254 0.071648 0.042189
0.066612 0.390447 0.054473 0.037398
0.064878 0.762654 0.056184 0.041450
0.274826 0.971125 0.057090 0.036711
0.941361 0.415992 0.056391 0.037031
0.066505 0.351029 0.049881 0.039922
0.719382 0.169651 0.056361 0.043106
0.711924 0.362891 0.063173 0.037026
0.273472 0.765561 0.061244 0.042296
0.820908 0.853919 0.065901 0.031305
0.270024 0.894735 0.060094 0.037536
0.495134 0.246858 0.050233 0.039437
0.173463 0.915675 0.055748 0.038112
0.932327 0.942267 0.081197 0.042434
0.064655 0.882795 0.060948 0.046175
0.817270 0.559584 0.075000 0.046146
0.371166 0.757246 0.054578 0.038125
0.377465 0.597026 0.054198 0.038188
0.173407 0.450925 0.050907 0.044149
0.166254 0.652994 0.052770 0.035057
0.611660 0.257479 0.068928 0.033555
0.834927 0.208040 0.051536 0.042516
0.816797 0.735608 0.056012 0.034310
0.609165 0.177550 0.057157 0.034858
0.933870 0.900273 0.059867 0.031665
0.604416 0.416173 0.052679 0.040311
0.066435 0.965936 0.049734 0.044190
0.490560 0.288667 0.048481 0.037452
0.603185 0.371922 0.052270 0.046830
0.268543 0.642430 0.051863 0.039248
0.170863 0.529419 0.050162 0.033382
0.598637 0.627145 0.054643 0.037351
0.595987 0.746284 0.060845 0.045339
0.492657 0.328926 0.057962 0.037250
0.829046 0.343375 0.052406 0.034154
0.287544 0.072191 0.053813 0.043192
0.483231 0.562351 0.066988 0.047872
0.599116 0.582563 0.054340 0.044903
0.271819 0.851237 0.062167 0.043364
0.392686 0.321585 0.048894 0.039859
0.711286 0.435797 0.063252 0.044323
0.935049 0.333261 0.045836 0.034415
0.069098 0.552790 0.050879 0.028734
0.170458 0.369490 0.053721 0.048691
0.066251 0.668789 0.056130 0.043800
0.283393 0.028478 0.061162 0.037765
0.719502 0.082427 0.061942 0.044482
0.826571 0.032506 0.058658 0.042334
0.172423 0.492567 0.051092 0.033941
0.166594 0.799541 0.047833 0.037272
0.709197 0.286843 0.051327 0.030820
0.169924 0.839027 0.052633 0.038428
0.489443 0.473736 0.057847 0.033569
0.262947 0.601753 0.062391 0.037989
0.604029 0.498411 0.055661 0.036482
0.165158 0.567572 0.046698 0.038702
0.591789 0.666369 0.050826 0.037121
0.606965 0.293790 0.056029 0.038604
0.267353 0.561673 0.051471 0.038124
0.826642 0.521058 0.057539 0.032955
0.721607 0.032646 0.061581 0.051169
0.272467 0.810232 0.054922 0.037200
0.373804 0.562137 0.055255 0.031320
0.600340 0.538903 0.054297 0.040803
0.168086 0.285277 0.048608 0.039680
0.378954 0.482946 0.058413 0.047895
0.377527 0.876479 0.048979 0.036256
0.070609 0.313543 0.052829 0.028000
0.489581 0.612431 0.057660 0.044237
0.932652 0.115658 0.049317 0.043518
0.817668 0.659778 0.055496 0.042431
0.591427 0.705495 0.051719 0.033226
0.173019 0.151815 0.044732 0.045910
0.381332 0.913828 0.060619 0.039751
0.933213 0.978020 0.074610 0.030116
0.173350 0.410524 0.048501 0.030010
0.933153 0.299678 0.050964 0.031297
0.817380 0.700187 0.048153 0.037143
0.170481 0.877158 0.052194 0.033460
0.495414 0.206799 0.043739 0.036384
0.711515 0.397049 0.049062 0.032623
0.935817 0.499018 0.054555 0.050329
0.375487 0.840492 0.049342 0.035515
0.268482 0.375577 0.067263 0.038284
0.939362 0.455600 0.054352 0.037463
0.393394 0.140317 0.043113 0.030659
0.933082 0.272723 0.048982 0.029611
0.493209 0.171138 0.045833 0.031697
0.934270 0.234694 0.054210 0.041077
0.933118 0.197203 0.046970 0.035194
0.933410 0.545561 0.053055 0.043229
0.717103 0.211568 0.049491 0.039748
0.708503 0.253363 0.049099 0.038876
0.826038 0.611298 0.053641 0.049093
0.376963 0.799161 0.053575 0.043051
0.485811 0.420150 0.061871 0.045612
0.395502 0.109149 0.047834 0.030449
0.378729 0.526609 0.049681 0.038336
0.812429 0.974108 0.065441 0.040809
0.718388 0.125758 0.045917 0.037997
0.283570 0.236824 0.049018 0.029097
0.275430 0.676569 0.061750 0.025694
0.486748 0.374610 0.051350 0.045756
0.604171 0.457663 0.050276 0.037778
0.066454 0.131604 0.045952 0.032710
0.167727 0.326767 0.050922 0.032863
0.831872 0.256681 0.054103 0.048391
0.169364 0.026324 0.052204 0.033448
0.270998 0.517937 0.051448 0.043922
0.372661 0.718144 0.045844 0.038270
0.931249 0.598514 0.063436 0.050298
0.606193 0.330647 0.050189 0.033976
0.608194 0.142336 0.050756 0.037511
0.070385 0.069708 0.050970 0.025295
0.933815 0.035383 0.050172 0.042885
0.273678 0.721497 0.053095 0.047027
0.069487 0.037541 0.054293 0.039812
0.376652 0.680365 0.051355 0.033003
0.932354 0.156518 0.047027 0.038460
0.384762 0.957699 0.066022 0.041945
0.393444 0.074623 0.045462 0.039787
0.392284 0.033949 0.049103 0.041146
0.276115 0.472692 0.055629 0.048126
0.933970 0.075721 0.048336 0.035632
0.607157 0.108318 0.043530 0.032545
0.495944 0.132338 0.048317 0.040892
0.169772 0.956755 0.044501 0.043200
0.071218 0.100303 0.053982 0.031790
0.282688 0.301179 0.042775 0.018317
0.611057 0.070099 0.043829 0.045232
