0.273821 0.535472 0.062971 0.030545
0.565334 0.685299 0.059566 0.030453
0.759748 0.741331 0.051953 0.034135
0.474596 0.817717 0.055116 0.036715
0.660913 0.736390 0.055629 0.025928
0.854848 0.826942 0.050878 0.032734
0.758271 0.532822 0.054951 0.029957
0.368686 0.682032 0.061258 0.027594
0.766372 0.810031 0.062634 0.033631
0.856282 0.722088 0.065198 0.034389
0.284381 0.822127 0.052391 0.027085
0.276656 0.675564 0.051397 0.030178
0.185577 0.747899 0.052314 0.029432
0.073169 0.435283 0.049462 0.029716
0.844510 0.585702 0.056382 0.026738
0.837052 0.320047 0.059394 0.030009
0.378773 0.911159 0.058268 0.029032
0.359114 0.430074 0.050320 0.031435
0.186001 0.814992 0.059217 0.030623
0.567493 0.719652 0.057907 0.028671
0.662126 0.675666 0.053715 0.029822
0.459394 0.381818 0.053850 0.031882
0.100282 0.804560 0.049658 0.029021
0.473761 0.683842 0.052535 0.027514
0.279099 0.751442 0.046997 0.032043
0.476063 0.749632 0.060248 0.034119
0.194403 0.915708 0.067301 0.028301
0.185892 0.782066 0.050351 0.030602
0.276309 0.610849 0.056334 0.030482
0.859851 0.921006 0.059087 0.031655
0.551471 0.255988 0.049707 0.033209
0.095300 0.835591 0.055146 0.022996
0.463050 0.593752 0.060209 0.028072
0.357973 0.327345 0.049818 0.028793
0.359999 0.469064 0.053073 0.030443
0.085313 0.603750 0.044830 0.028823
0.282220 0.788105 0.053867 0.031752
0.669088 0.803003 0.057604 0.033051
0.361513 0.503751 0.053172 0.028098
0.075255 0.338554 0.051360 0.031856
0.760323 0.875294 0.046804 0.033320
0.087189 0.672378 0.053470 0.024739
0.673474 0.842053 0.061493 0.031273
0.762743 0.636276 0.056233 0.026960
0.480538 0.854768 0.049062 0.026893
0.182235 0.714042 0.052339 0.026738
0.741872 0.226537 0.059449 0.032440
0.363862 0.396577 0.049764 0.026275
0.555403 0.442468 0.052365 0.031064
0.268095 0.500209 0.054211 0.031475
0.846572 0.552719 0.050794 0.029568
0.758306 0.775427 0.050723 0.027776
0.757400 0.567119 0.046927 0.032120
0.177319 0.603284 0.051246 0.026476
0.189656 0.884794 0.053537 0.025619
0.655421 0.482014 0.050832 0.029491
0.562601 0.648282 0.048033 0.030158
0.845371 0.514284 0.046932 0.035839
0.576024 0.868630 0.055656 0.032392
0.187048 0.678680 0.057665 0.029277
0.852370 0.685610 0.057666 0.029130
0.182875 0.638544 0.046040 0.035250
0.369143 0.580345 0.057995 0.032231
0.457946 0.479086 0.053709 0.030961
0.745201 0.370026 0.058425 0.034189
0.099528 0.863476 0.060904 0.023801
0.459016 0.444513 0.047068 0.028835
0.106207 0.933853 0.051989 0.031804
0.742040 0.297638 0.055431 0.033557
0.758565 0.604066 0.049368 0.030722
0.555541 0.354799 0.054223 0.027097
0.363638 0.361511 0.052233 0.032688
0.163992 0.192890 0.057782 0.033086
0.639921 0.152145 0.053170 0.028843
0.174237 0.458410 0.053775 0.026519
0.076640 0.495859 0.056707 0.031031
0.171211 0.352555 0.055197 0.032004
0.567658 0.784686 0.048984 0.029374
0.167775 0.228320 0.052116 0.028054
0.454880 0.289016 0.065400 0.028057
0.644469 0.184358 0.056069 0.028202
0.459541 0.556899 0.045523 0.030955
0.557617 0.478745 0.046784 0.032033
0.663569 0.607046 0.067677 0.032678
0.071294 0.170499 0.057020 0.038906
0.457315 0.347659 0.057136 0.026431
0.749038 0.405688 0.053951 0.033405
0.282607 0.713877 0.060881 0.032511
0.461525 0.519256 0.058098 0.031778
0.085875 0.641200 0.044579 0.033093
0.466612 0.650810 0.047075 0.029707
0.828633 0.184444 0.048006 0.030270
0.557855 0.322545 0.055030 0.034232
0.096605 0.767800 0.052232 0.034846
0.288515 0.892135 0.054751 0.026671
0.847301 0.616866 0.049948 0.026058
0.653074 0.351910 0.054510 0.033345
0.548139 0.186748 0.049057 0.031024
0.858418 0.860281 0.056070 0.025648
0.563565 0.538559 0.044068 0.036082
0.466952 0.782079 0.061045 0.026022
0.367702 0.650100 0.052677 0.025064
0.657483 0.542050 0.051790 0.025925
0.073167 0.370118 0.049495 0.027387
0.104502 0.895803 0.049798 0.030320
0.073861 0.402004 0.054216 0.026458
0.358609 0.200194 0.055076 0.032544
0.275272 0.574334 0.046348 0.032145
0.164388 0.259557 0.056954 0.026243
0.382968 0.781179 0.064025 0.032573
0.266098 0.326677 0.056185 0.033858
0.743953 0.262330 0.058289 0.027629
0.358097 0.231007 0.045798 0.030579
0.164307 0.160830 0.049018 0.031028
0.291753 0.931193 0.051001 0.033858
0.546773 0.222446 0.047435 0.029784
0.265922 0.396489 0.062797 0.027997
0.172109 0.421643 0.043957 0.037875
0.749517 0.462808 0.057974 0.027075
0.826246 0.147063 0.046844 0.029779
0.071382 0.464536 0.059653 0.023493
0.373836 0.816635 0.054158 0.028177
0.656872 0.571098 0.044371 0.027093
0.372169 0.617727 0.048551 0.031816
0.765637 0.908513 0.043850 0.026628
0.844444 0.476040 0.048083 0.029422
0.376914 0.747778 0.062501 0.028581
0.167504 0.318120 0.044190 0.031508
0.836047 0.251118 0.047785 0.034962
0.284664 0.855551 0.042744 0.031534
0.369166 0.540625 0.045881 0.032097
0.182341 0.534933 0.050579 0.035661
0.541426 0.120164 0.054078 0.029194
0.756958 0.704279 0.040235 0.031122
0.266668 0.216816 0.054995 0.031734
0.750897 0.497178 0.047947 0.034135
0.639217 0.116980 0.047048 0.033101
0.846202 0.411181 0.057839 0.030466
0.259244 0.149159 0.050670 0.027395
0.742799 0.334293 0.045323 0.034337
0.069707 0.304517 0.054791 0.025119
0.553756 0.289421 0.056245 0.023220
0.766283 0.843672 0.063817 0.024675
0.456223 0.251000 0.049512 0.034421
0.470761 0.714395 0.048666 0.026717
0.359976 0.264644 0.049640 0.024158
0.648334 0.243604 0.045396 0.033587
0.098648 0.729804 0.071472 0.033231
0.480064 0.888672 0.047044 0.031034
0.557395 0.385097 0.053975 0.024503
0.066503 0.129653 0.048557 0.032935
0.260987 0.182480 0.056126 0.029309
0.266254 0.288019 0.049568 0.034203
0.655513 0.386103 0.062126 0.027296
0.855026 0.791433 0.043998 0.031140
0.663167 0.767040 0.042688 0.028813
0.854679 0.756747 0.041061 0.028120
0.758172 0.668453 0.040570 0.029421
0.457006 0.216861 0.056340 0.027219
0.261811 0.250135 0.047776 0.027762
0.384696 0.876590 0.055009 0.032807
0.655067 0.510754 0.051947 0.027304
0.358302 0.128521 0.048342 0.034709
0.268746 0.362863 0.049043 0.025510
0.566279 0.611941 0.052226 0.031482
0.574102 0.826357 0.047822 0.039872
0.830949 0.285256 0.045034 0.027449
0.454229 0.124404 0.049268 0.031340
0.652997 0.452116 0.039957 0.028407
0.677501 0.886012 0.056267 0.041589
0.547625 0.151921 0.043304 0.026770
0.175929 0.494022 0.046106 0.034074
0.191334 0.850437 0.053898 0.032317
0.080868 0.570697 0.041435 0.028794
0.648107 0.281422 0.058602 0.028779
0.071134 0.205958 0.049602 0.026853
0.072584 0.274545 0.047232 0.032674
0.076506 0.532584 0.044322 0.031473
0.382503 0.941241 0.046204 0.026984
0.179358 0.569542 0.043626 0.025212
0.564600 0.750046 0.037648 0.029708
0.769153 0.936390 0.055256 0.025692
0.555381 0.411077 0.043369 0.023508
0.735576 0.186239 0.048450 0.041669
0.268986 0.464122 0.038235 0.028875
0.067463 0.240266 0.043729 0.027275
0.451744 0.159372 0.040637 0.029305
0.279431 0.429400 0.059489 0.032045
0.835875 0.353765 0.043987 0.031176
0.661340 0.642191 0.038294 0.026809
0.674949 0.927838 0.043465 0.032904
0.457401 0.415017 0.047895 0.019728
0.661351 0.707185 0.046548 0.019327
0.655378 0.313964 0.053034 0.031162
0.273017 0.642276 0.043977 0.026202
0.357756 0.296427 0.040229 0.028734
0.455430 0.317304 0.040458 0.027409
0.746731 0.435339 0.048405 0.021022
0.367618 0.712150 0.043167 0.029514
0.822950 0.113008 0.040015 0.032396
0.468063 0.622159 0.049458 0.018766
0.558830 0.507966 0.040713 0.019534
0.643492 0.212413 0.046943 0.020760
0.734881 0.147281 0.042379 0.027177
0.169837 0.385624 0.042003 0.022411
0.358248 0.165394 0.037669 0.030428
0.165463 0.127142 0.055849 0.026189
0.859751 0.888622 0.048813 0.022220
0.853628 0.649503 0.053222 0.033156
0.841353 0.382086 0.051214 0.020977
0.088160 0.699424 0.055339 0.023839
0.455274 0.187090 0.049993 0.020275
0.832038 0.216136 0.053600 0.023943
0.651536 0.417661 0.043926 0.034047
0.194941 0.944708 0.045786 0.025335
0.561482 0.575250 0.057734 0.027481
0.735201 0.114534 0.045320 0.025404
0.583100 0.928082 0.058727 0.031807
0.847254 0.443454 0.047957 0.029835
0.256351 0.119690 0.042162 0.020458
0.169646 0.287820 0.065854 0.021631
0.378774 0.847173 0.054771 0.019107
0.482764 0.926817 0.056764 0.023913
0.583164 0.904455 0.073040 0.030601
0.596489 0.410087 0.023033 0.017542
