0.058566 0.230750 0.056385 0.034900
0.461665 0.757289 0.066686 0.036498
0.761134 0.811487 0.060585 0.027248
0.660480 0.878375 0.051601 0.030687
0.179981 0.735879 0.058435 0.030000
0.090165 0.831156 0.055760 0.032666
0.180066 0.874779 0.069515 0.035734
0.847861 0.558409 0.064316 0.037553
0.636721 0.207955 0.057738 0.029540
0.643054 0.428562 0.073379 0.031153
0.063146 0.339811 0.053017 0.033435
0.667283 0.910207 0.062902 0.024584
0.763193 0.847048 0.055759 0.029988
0.472671 0.886858 0.054172 0.032443
0.759300 0.751028 0.065550 0.028062
0.081398 0.730739 0.053558 0.028388
0.833828 0.275327 0.060614 0.031337
0.740500 0.349352 0.057853 0.030309
0.659234 0.815848 0.050527 0.031260
0.857862 0.718435 0.058069 0.033057
0.352660 0.341080 0.052907 0.029210
0.655576 0.705994 0.059613 0.034241
0.269644 0.735135 0.053703 0.031325
0.639237 0.282767 0.067915 0.029800
0.847447 0.521231 0.057070 0.027973
0.255597 0.409732 0.061798 0.028159
0.748304 0.543648 0.058079 0.028407
0.761762 0.881934 0.051564 0.024147
0.638425 0.244243 0.051689 0.035257
0.659879 0.779417 0.059740 0.025017
0.752061 0.676985 0.057232 0.032680
0.153606 0.189519 0.053277 0.036671
0.278854 0.912576 0.047225 0.027248
0.741888 0.415698 0.056913 0.035241
0.473474 0.919231 0.052309 0.024372
0.372315 0.882851 0.052846 0.029137
0.364514 0.683776 0.053086 0.028464
0.168456 0.517187 0.055311 0.032846
0.063072 0.301656 0.053178 0.030330
0.839071 0.311477 0.059511 0.029142
0.368463 0.813932 0.056497 0.036127
0.640169 0.348520 0.060272 0.026450
0.456374 0.530010 0.057848 0.031921
0.453153 0.597035 0.054940 0.025843
0.752572 0.604615 0.057496 0.028672
0.092164 0.869154 0.051876 0.024155
0.254794 0.482577 0.059039 0.032696
0.548043 0.560627 0.060009 0.032186
0.061349 0.267077 0.046985 0.027815
0.078310 0.546659 0.052541 0.034576
0.726482 0.173022 0.050213 0.032680
0.270411 0.769519 0.053305 0.025434
0.168827 0.478982 0.051067 0.029246
0.164025 0.409383 0.049787 0.031499
0.067640 0.472597 0.049791 0.033918
0.436239 0.178991 0.055135 0.025096
0.650082 0.637505 0.049633 0.033243
0.737766 0.315075 0.057909 0.025779
0.362267 0.717290 0.061019 0.029130
0.169645 0.446070 0.050061 0.030343
0.371140 0.845454 0.055329 0.025533
0.270092 0.797622 0.053160 0.023687
0.153622 0.230994 0.046943 0.034765
0.078034 0.508551 0.054165 0.029176
0.836974 0.350106 0.055212 0.031992
0.456678 0.564873 0.055492 0.030014
0.845129 0.598457 0.051468 0.027032
0.346150 0.179483 0.051536 0.023956
0.077881 0.580406 0.052451 0.025317
0.755120 0.714777 0.051030 0.028828
0.548478 0.464059 0.060927 0.035465
0.084795 0.691365 0.056622 0.034280
0.171762 0.558287 0.047421 0.033665
0.255474 0.445125 0.053553 0.030120
0.345567 0.209144 0.058552 0.027153
0.752058 0.641971 0.061356 0.025298
0.182446 0.773557 0.048071 0.031920
0.095052 0.908637 0.043736 0.032607
0.374567 0.916038 0.054428 0.030552
0.642582 0.501773 0.058951 0.038686
0.247474 0.243264 0.057169 0.030444
0.268846 0.664990 0.057457 0.030897
0.570868 0.931002 0.042619 0.029683
0.086510 0.791344 0.047092 0.028442
0.645261 0.566999 0.047344 0.031175
0.861260 0.754828 0.062147 0.029482
0.535168 0.170776 0.055519 0.031498
0.741700 0.382341 0.057554 0.025371
0.749089 0.574794 0.059017 0.021390
0.241353 0.151408 0.050817 0.028231
0.263412 0.700342 0.052718 0.027040
0.352246 0.306644 0.053608 0.029201
0.083999 0.761809 0.050205 0.023233
0.176812 0.665065 0.053675 0.028819
0.158426 0.298347 0.046281 0.033087
0.066632 0.435981 0.042077 0.031346
0.851217 0.685036 0.045257 0.026294
0.052683 0.157992 0.049827 0.029425
0.178855 0.701782 0.044639 0.031262
0.850269 0.627640 0.051315 0.026678
0.187572 0.909154 0.040194 0.027633
0.342067 0.147115 0.048745 0.029981
0.668651 0.941579 0.059958 0.028364
0.559896 0.747695 0.056635 0.032212
0.439469 0.146077 0.053851 0.028987
0.150054 0.266553 0.048415 0.023760
0.640867 0.386804 0.057315 0.033895
0.767869 0.911458 0.054109 0.027198
0.745546 0.452750 0.053624 0.027391
0.183811 0.835854 0.053091 0.031636
0.357786 0.441095 0.045351 0.041497
0.566064 0.897058 0.040260 0.029543
0.633236 0.174628 0.049479 0.022157
0.250985 0.284347 0.060173 0.035633
0.543340 0.391063 0.051781 0.032988
0.184720 0.804668 0.050817 0.022151
0.471821 0.849367 0.039093 0.028210
0.654319 0.603167 0.059307 0.025545
0.358801 0.612719 0.051015 0.031713
0.555474 0.648134 0.050157 0.023661
0.457024 0.439656 0.060133 0.030877
0.722156 0.140222 0.058209 0.031109
0.355482 0.480472 0.054182 0.025726
0.253956 0.322213 0.054773 0.033078
0.258400 0.521476 0.051962 0.029382
0.454831 0.496592 0.057484 0.026609
0.364776 0.776990 0.049515 0.030084
0.451294 0.366140 0.055044 0.031247
0.547690 0.496735 0.063314 0.023139
0.733390 0.210816 0.052255 0.035279
0.557620 0.683314 0.051353 0.031651
0.457673 0.717620 0.049052 0.036103
0.550384 0.591661 0.065976 0.023943
0.353395 0.402321 0.044424 0.026783
0.348472 0.274474 0.044551 0.028868
0.171348 0.596131 0.046786 0.026467
0.469348 0.793884 0.048960 0.029109
0.658636 0.743454 0.050365 0.034925
0.244089 0.210870 0.054918 0.029967
0.361787 0.545206 0.050645 0.029298
0.147469 0.153477 0.043927 0.030105
0.057842 0.193316 0.040244 0.030758
0.351517 0.374557 0.050208 0.021909
0.828955 0.196856 0.038503 0.023589
0.454577 0.404086 0.062350 0.028508
0.274784 0.828913 0.043357 0.032661
0.558057 0.716125 0.059722 0.024241
0.533589 0.287577 0.062005 0.031955
0.550133 0.524167 0.065017 0.028020
0.157381 0.336180 0.042541 0.029158
0.379274 0.944702 0.057576 0.023166
0.063264 0.376214 0.039033 0.032353
0.362601 0.578021 0.049477 0.028957
0.852276 0.654727 0.043566 0.020905
0.642615 0.463466 0.065157 0.026920
0.472038 0.946406 0.040171 0.028760
0.735584 0.281877 0.040048 0.027017
0.350279 0.238750 0.042928 0.028558
0.734678 0.249017 0.050025 0.024448
0.827336 0.169136 0.047382 0.023742
0.358806 0.646908 0.050323 0.030634
0.440361 0.212311 0.055128 0.029883
0.261029 0.583268 0.041237 0.034067
0.743195 0.512172 0.045628 0.025913
0.076705 0.608947 0.054966 0.024685
0.839835 0.488225 0.052309 0.027720
0.563614 0.831760 0.050146 0.021252
0.457546 0.682340 0.042650 0.023758
0.356517 0.512651 0.057130 0.025448
0.758750 0.781642 0.040838 0.024933
0.763955 0.942330 0.042031 0.025597
0.161280 0.372095 0.039691 0.030397
0.189186 0.939913 0.038218 0.025618
0.835877 0.388180 0.055965 0.032759
0.753866 0.480311 0.064004 0.025561
0.535892 0.211594 0.056913 0.032509
0.243134 0.178820 0.045110 0.020777
0.454770 0.654655 0.044917 0.020730
0.649231 0.672770 0.043218 0.024831
0.636175 0.317770 0.044332 0.024860
0.437915 0.241052 0.051184 0.022783
0.288378 0.941267 0.045107 0.020880
0.277796 0.861097 0.032887 0.021966
0.633950 0.142597 0.044445 0.028518
0.562904 0.861918 0.051664 0.030674
0.103496 0.939847 0.060052 0.020850
0.263187 0.625443 0.050892 0.032326
0.068936 0.406813 0.049816 0.020361
0.446014 0.274297 0.055672 0.028357
0.172533 0.629083 0.034713 0.029240
0.535406 0.249212 0.041843 0.032702
0.537425 0.351393 0.040490 0.042100
0.557057 0.778682 0.056151 0.019597
0.455967 0.467314 0.057944 0.022527
0.256668 0.353536 0.051568 0.018173
0.833051 0.243484 0.044713 0.020493
0.089259 0.658927 0.054484 0.025079
0.660581 0.847416 0.044506 0.018271
0.541745 0.425983 0.051152 0.025679
0.469731 0.821914 0.053291 0.019989
0.367275 0.747061 0.057088 0.021442
0.454027 0.625768 0.060453 0.020610
0.277262 0.886560 0.035669 0.016502
0.554996 0.619971 0.058248 0.019046
0.448744 0.329382 0.048221 0.024515
0.534646 0.318143 0.051359 0.018907
0.249402 0.380401 0.054017 0.028304
0.450093 0.301106 0.054927 0.020213
0.831209 0.224530 0.046494 0.019213
0.644202 0.536746 0.040161 0.016838
0.564589 0.804156 0.060170 0.018188
0.080308 0.631582 0.045074 0.018586
0.703728 0.847684 0.027903 0.016204
0.259852 0.550684 0.043675 0.017287
0.708021 0.822720 0.022787 0.011055
0.602911 0.849693 0.023429 0.016665
0.818704 0.845364 0.030192 0.018336
0.603765 0.650631 0.025217 0.013417
0.608301 0.821571 0.025418 0.013311
