0.826428 0.294886 0.065778 0.037483
0.489050 0.489718 0.062679 0.040572
0.829406 0.133564 0.075827 0.041386
0.712940 0.856607 0.056401 0.038273
0.828374 0.253152 0.055192 0.044805
0.826977 0.844493 0.082568 0.042554
0.185353 0.937665 0.064753 0.029762
0.599313 0.903174 0.058285 0.034380
0.386475 0.931108 0.057053 0.039449
0.275877 0.941678 0.059380 0.037833
0.599723 0.071371 0.059156 0.039193
0.382923 0.847495 0.057557 0.036298
0.718983 0.739442 0.063736 0.034188
0.167552 0.262470 0.064378 0.037421
0.181216 0.837568 0.051837 0.037477
0.378348 0.813570 0.070557 0.030075
0.941061 0.935827 0.060740 0.035950
0.274807 0.592907 0.053942 0.039555
0.066050 0.145997 0.064199 0.046376
0.942595 0.208279 0.052003 0.039395
0.940989 0.590790 0.054771 0.037452
0.828191 0.800593 0.066845 0.037154
0.591498 0.863585 0.055125 0.038999
0.379525 0.743459 0.062701 0.038616
0.274204 0.638104 0.068971 0.041598
0.171624 0.194198 0.069262 0.036684
0.076366 0.838483 0.053575 0.037422
0.177208 0.758457 0.051795 0.036214
0.379949 0.780526 0.056611 0.036020
0.718697 0.071917 0.064755 0.042893
0.594561 0.747146 0.051216 0.034508
0.179920 0.797855 0.046099 0.038873
0.279488 0.682643 0.054799 0.040537
0.938658 0.629842 0.056853 0.037684
0.718903 0.118858 0.065540 0.048680
0.276272 0.149107 0.057091 0.034202
0.595114 0.710595 0.053806 0.034873
0.938092 0.456981 0.053731 0.037579
0.940930 0.861388 0.059777 0.034799
0.595195 0.597895 0.067356 0.040743
0.936756 0.346252 0.057948 0.044009
0.596614 0.430119 0.053766 0.041145
0.587773 0.348735 0.073494 0.038907
0.710152 0.969066 0.056114 0.042268
0.494847 0.448041 0.052078 0.037154
0.487819 0.135802 0.063325 0.038073
0.712802 0.893098 0.049394 0.032379
0.831318 0.655090 0.062081 0.050209
0.716836 0.440945 0.060679 0.038487
0.386842 0.888847 0.059050 0.041888
0.940762 0.898913 0.061547 0.037267
0.074039 0.323743 0.061737 0.038107
0.388241 0.363958 0.065681 0.039427
0.384240 0.969151 0.064973 0.037498
0.177219 0.306143 0.056258 0.040515
0.718106 0.622851 0.057699 0.041539
0.385302 0.318364 0.060978 0.041859
0.077158 0.936414 0.049921 0.034669
0.713050 0.401666 0.066219 0.033782
0.071668 0.634314 0.060804 0.033756
0.172476 0.427398 0.054420 0.037790
0.942659 0.971454 0.070023 0.032556
0.710894 0.928338 0.046834 0.037837
0.385777 0.437907 0.053068 0.032822
0.827786 0.173202 0.054898 0.038020
0.076936 0.446224 0.055181 0.042871
0.709326 0.812540 0.063656 0.045377
0.830229 0.212119 0.052122 0.036936
0.180175 0.496004 0.055529 0.032787
0.170762 0.155631 0.052121 0.036714
0.936386 0.128953 0.062331 0.037078
0.604249 0.968688 0.071031 0.040779
0.276262 0.722498 0.051752 0.037138
0.275324 0.341965 0.055800 0.040469
0.937657 0.545056 0.054723 0.047566
0.938339 0.498326 0.062459 0.041979
0.078217 0.873457 0.051482 0.032663
0.176701 0.534475 0.068773 0.041171
0.592771 0.307165 0.054014 0.036978
0.826169 0.888150 0.062301 0.041133
0.835698 0.459796 0.056667 0.040220
0.716647 0.705840 0.061473 0.032345
0.938397 0.250329 0.072169 0.042610
0.717579 0.362353 0.057385 0.043432
0.941876 0.826629 0.049720 0.033805
0.067120 0.100566 0.057476 0.040880
0.938698 0.298067 0.058447 0.051288
0.387585 0.403256 0.057222 0.030057
0.183111 0.970342 0.050970 0.034608
0.836687 0.375503 0.073471 0.044207
0.832380 0.503519 0.057566 0.041214
0.265394 0.508241 0.059063 0.041581
0.076242 0.361572 0.063263 0.037037
0.382582 0.512681 0.059616 0.036382
0.385908 0.639934 0.061637 0.034249
0.602399 0.110623 0.059058 0.036545
0.279485 0.794132 0.055215 0.043586
0.712194 0.535801 0.058356 0.042997
0.486629 0.375371 0.057053 0.035857
0.937696 0.167367 0.053197 0.040261
0.720214 0.662452 0.056825 0.036570
0.176197 0.716861 0.045131 0.037296
0.075925 0.599295 0.050386 0.034272
0.174392 0.463199 0.055006 0.032677
0.592939 0.786293 0.050097 0.040520
0.173240 0.348434 0.061051 0.037581
0.275597 0.189773 0.052128 0.037118
0.826857 0.926576 0.067583 0.036901
0.384838 0.473325 0.049704 0.033436
0.485927 0.336768 0.055353 0.039699
0.605700 0.503729 0.067645 0.032948
0.719881 0.318170 0.055777 0.038566
0.717022 0.487271 0.057537 0.048170
0.489060 0.098016 0.060162 0.035392
0.179650 0.905507 0.045306 0.031429
0.943929 0.711392 0.061875 0.043636
0.490932 0.573835 0.054667 0.038211
0.285257 0.833310 0.057284 0.032329
0.599458 0.469175 0.066516 0.029980
0.275786 0.975254 0.058382 0.030472
0.488058 0.960480 0.054064 0.031927
0.493206 0.411700 0.059326 0.030371
0.272247 0.111112 0.051049 0.038587
0.078891 0.403648 0.050128 0.037985
0.380789 0.705128 0.052066 0.035901
0.076246 0.770732 0.044994 0.034219
0.837116 0.543525 0.059689 0.038699
0.069824 0.736241 0.046617 0.033486
0.827973 0.765596 0.057353 0.033704
0.603835 0.146960 0.052178 0.036999
0.383015 0.553584 0.070166 0.031848
0.835335 0.419067 0.058249 0.038141
0.712969 0.577513 0.051619 0.037594
0.078127 0.804792 0.047848 0.032204
0.604432 0.534462 0.058745 0.026741
0.078689 0.519256 0.050794 0.038789
0.277035 0.757700 0.046496 0.030804
0.604236 0.187351 0.051378 0.038765
0.827386 0.335481 0.054142 0.040618
0.178816 0.874143 0.046897 0.031838
0.170988 0.115635 0.052066 0.040032
0.492327 0.614139 0.064387 0.039597
0.490795 0.663354 0.057328 0.048053
0.282623 0.867626 0.046853 0.037177
0.834346 0.064312 0.055803 0.040135
0.592120 0.640982 0.052620 0.036939
0.605018 0.230546 0.049607 0.038904
0.489547 0.061431 0.054864 0.033518
0.937683 0.788182 0.056468 0.045209
0.380606 0.153496 0.066953 0.043737
0.271400 0.427863 0.056302 0.034687
0.716290 0.770812 0.051010 0.030245
0.601517 0.267922 0.052956 0.029934
0.823831 0.963191 0.054876 0.038878
0.830440 0.697983 0.079945 0.034430
0.385325 0.596544 0.054107 0.051498
0.716823 0.275076 0.055316 0.039638
0.596462 0.934023 0.062139 0.024731
0.383594 0.236063 0.062701 0.042135
0.173921 0.602827 0.066068 0.037126
0.720935 0.029774 0.059036 0.042413
0.719986 0.163254 0.058747 0.036041
0.593403 0.825325 0.061927 0.034871
0.068365 0.278864 0.050039 0.045805
0.831528 0.098202 0.048880 0.026752
0.492380 0.178986 0.055062 0.044923
0.176081 0.644734 0.048240 0.043201
0.720224 0.202157 0.054558 0.041392
0.178471 0.683168 0.040641 0.028132
0.934804 0.387977 0.048850 0.038358
0.490109 0.715672 0.055814 0.047624
0.387402 0.109194 0.047805 0.043172
0.275179 0.069637 0.050672 0.036926
0.082233 0.562612 0.066989 0.037288
0.283996 0.904113 0.050640 0.032256
0.275601 0.466045 0.042970 0.039839
0.938482 0.421756 0.047932 0.032059
0.277252 0.029560 0.056285 0.037237
0.384726 0.069396 0.050883 0.035408
0.484515 0.298523 0.049870 0.037256
0.276669 0.551772 0.046292 0.035468
0.081113 0.905464 0.038130 0.026710
0.273291 0.388856 0.049719 0.043163
0.839744 0.611206 0.079653 0.036306
0.487954 0.026010 0.064976 0.034337
0.493165 0.225061 0.048795 0.039562
0.085305 0.970689 0.049233 0.028792
0.269151 0.227043 0.056763 0.033980
0.383220 0.194578 0.050911 0.033915
0.173001 0.229857 0.045077 0.027026
0.061643 0.191456 0.061467 0.040216
0.383758 0.672810 0.077741 0.027949
0.064540 0.232315 0.053011 0.041161
0.833281 0.026408 0.059308 0.034082
0.169667 0.079326 0.049809 0.035907
0.935979 0.085921 0.050021 0.049294
0.171229 0.388549 0.045321 0.037016
0.273020 0.263938 0.042131 0.033768
0.067400 0.704774 0.040244 0.033360
0.832022 0.731145 0.051465 0.035895
0.272926 0.302384 0.049894 0.038446
0.383891 0.277568 0.052668 0.037692
0.497306 0.532469 0.063956 0.039773
0.599924 0.563405 0.054557 0.029241
0.065401 0.062071 0.048268 0.031298
0.605156 0.028905 0.055885 0.040882
0.079560 0.484508 0.043910 0.028220
0.834609 0.579386 0.053104 0.029907
0.593664 0.389147 0.044881 0.038685
0.072328 0.671732 0.042256 0.032282
0.594680 0.675749 0.046704 0.031849
0.941192 0.747348 0.045520 0.032613
0.940678 0.669248 0.041488 0.036047
0.493952 0.765877 0.055698 0.045572
0.170253 0.037421 0.050155 0.042984
0.718553 0.238854 0.086112 0.029676
0.178982 0.568375 0.046028 0.026196
0.065957 0.030083 0.049783 0.032506
0.491098 0.862112 0.051534 0.037334
0.489386 0.262343 0.041517 0.033104
0.940496 0.034742 0.049889 0.048975
0.490764 0.817154 0.047456 0.045114
0.385291 0.030440 0.062957 0.036585
0.487879 0.922386 0.051587 0.037745
0.487488 0.898920 0.046254 0.030080
