0.511646 0.184318 0.071039 0.034734
0.294857 0.252462 0.062581 0.041661
0.186344 0.352863 0.069587 0.043930
0.721067 0.535660 0.067886 0.032117
0.825689 0.303440 0.065968 0.040731
0.506013 0.330222 0.068353 0.039644
0.723791 0.381505 0.064000 0.038636
0.722608 0.264710 0.063720 0.038405
0.603374 0.753334 0.063553 0.036580
0.295355 0.212912 0.061607 0.032982
0.186451 0.133943 0.059729 0.042429
0.514041 0.147505 0.059666 0.036434
0.293214 0.594179 0.071909 0.043268
0.611082 0.458639 0.062552 0.035771
0.513108 0.401182 0.068446 0.039864
0.074788 0.410944 0.062591 0.032767
0.293604 0.142015 0.059245 0.036955
0.721660 0.425049 0.058664 0.041482
0.609185 0.357519 0.059408 0.038176
0.722269 0.499199 0.061200 0.038457
0.066976 0.523064 0.063121 0.042909
0.292328 0.502844 0.085017 0.043054
0.822837 0.265366 0.065843 0.032589
0.392691 0.723699 0.053218 0.042021
0.408581 0.239592 0.079666 0.044205
0.721782 0.341443 0.056390 0.038915
0.504350 0.958191 0.066233 0.043611
0.820528 0.420074 0.067918 0.037844
0.076845 0.374478 0.062643 0.035872
0.183053 0.303034 0.064916 0.047083
0.723587 0.302643 0.052772 0.038332
0.172115 0.771017 0.061964 0.044522
0.189161 0.218758 0.064455 0.041714
0.930744 0.479755 0.057412 0.036950
0.506886 0.255453 0.058891 0.038797
0.412483 0.284500 0.070332 0.044463
0.278200 0.783558 0.057333 0.041124
0.712027 0.693337 0.065047 0.041217
0.286955 0.423389 0.057705 0.036682
0.174581 0.862942 0.070428 0.034412
0.821267 0.145947 0.062494 0.030470
0.611890 0.391030 0.055812 0.031231
0.178030 0.818456 0.070949 0.044068
0.060410 0.810762 0.075379 0.040965
0.409796 0.378655 0.072613 0.036286
0.398650 0.458491 0.075017 0.032657
0.292354 0.333932 0.062428 0.044302
0.821971 0.187177 0.056034 0.042611
0.398589 0.533977 0.057813 0.044308
0.819872 0.530262 0.058766 0.039287
0.385914 0.929186 0.054873 0.042609
0.612514 0.496882 0.053242 0.039882
0.609303 0.538015 0.060902 0.042734
0.614213 0.174087 0.058751 0.043067
0.277487 0.869583 0.064605 0.041820
0.181090 0.395766 0.064140 0.033185
0.396223 0.682913 0.056160 0.033956
0.823088 0.494044 0.060810 0.032111
0.717692 0.572846 0.059585 0.039545
0.298381 0.176775 0.062540 0.034006
0.077103 0.240634 0.064130 0.045307
0.177472 0.722823 0.065625 0.043676
0.932107 0.202413 0.068461 0.031416
0.397213 0.767647 0.065827 0.040251
0.933115 0.105212 0.055717 0.038942
0.825938 0.229159 0.049498 0.036574
0.193215 0.177462 0.071518 0.037351
0.613697 0.132436 0.057159 0.039827
0.294736 0.291625 0.056810 0.034693
0.714390 0.733866 0.062146 0.038759
0.293583 0.546681 0.062976 0.041453
0.400542 0.420312 0.060592 0.043986
0.510077 0.442191 0.060042 0.040268
0.927920 0.444559 0.057717 0.029904
0.825547 0.457996 0.072543 0.037617
0.065984 0.565546 0.070391 0.032680
0.718699 0.650416 0.055990 0.041652
0.722417 0.180942 0.067528 0.038047
0.814923 0.689402 0.062422 0.044188
0.295499 0.099173 0.059801 0.042106
0.286217 0.460445 0.049830 0.037107
0.703963 0.935217 0.058333 0.039035
0.930488 0.278788 0.058422 0.027431
0.069870 0.450642 0.056192 0.041034
0.934974 0.242737 0.065747 0.042018
0.284007 0.689582 0.062145 0.046957
0.605932 0.683070 0.057233 0.035484
0.058217 0.850809 0.075700 0.033604
0.511607 0.364494 0.063025 0.027364
0.516497 0.107289 0.062999 0.040505
0.821422 0.109003 0.071573 0.041557
0.282823 0.737747 0.063906 0.046370
0.615685 0.318450 0.056569 0.033684
0.600173 0.874296 0.074346 0.041328
0.609515 0.424286 0.052164 0.034371
0.182580 0.536536 0.063110 0.040027
0.278981 0.911002 0.053769 0.038486
0.603197 0.792620 0.057363 0.039058
0.515363 0.219244 0.068364 0.035228
0.713069 0.894711 0.063212 0.042083
0.505917 0.632753 0.053711 0.042486
0.814691 0.730284 0.052407 0.032823
0.084875 0.153274 0.058482 0.035435
0.288030 0.639770 0.053856 0.042918
0.934181 0.169758 0.056193 0.030798
0.931483 0.312888 0.056084 0.036965
0.273323 0.957136 0.063365 0.044794
0.600209 0.718329 0.061016 0.035841
0.719823 0.460672 0.050397 0.029697
0.930348 0.550228 0.055138 0.041002
0.709164 0.849480 0.054694 0.041557
0.182404 0.495173 0.052590 0.039278
0.503597 0.482190 0.068325 0.037679
0.412239 0.196421 0.054572 0.037886
0.605999 0.833936 0.059271 0.042699
0.594518 0.975070 0.055634 0.036864
0.403142 0.493168 0.057229 0.035358
0.931289 0.377224 0.052930 0.038948
0.176927 0.581622 0.054131 0.042177
0.715587 0.774978 0.064385 0.039642
0.609474 0.650190 0.059073 0.032342
0.817798 0.644049 0.055424 0.044207
0.188513 0.259095 0.049801 0.039322
0.612903 0.213987 0.049427 0.031007
0.283742 0.826095 0.062711 0.042630
0.388084 0.891743 0.059800 0.034744
0.507392 0.594435 0.066281 0.031800
0.057809 0.773950 0.060703 0.032471
0.501712 0.914414 0.053616 0.043813
0.189794 0.058231 0.066565 0.043257
0.059035 0.891646 0.057849 0.040941
0.936264 0.633676 0.063083 0.038588
0.937014 0.139648 0.053764 0.029229
0.392651 0.854567 0.057523 0.036204
0.413445 0.058679 0.081521 0.047693
0.722478 0.221990 0.050701 0.044554
0.408694 0.333167 0.065972 0.051550
0.615185 0.059602 0.067296 0.042738
0.180121 0.929558 0.066100 0.036734
0.065267 0.485289 0.067183 0.027553
0.705708 0.971160 0.066375 0.031777
0.171334 0.676038 0.056483 0.041455
0.933299 0.513672 0.057102 0.027930
0.816279 0.766528 0.060783 0.037010
0.056590 0.710077 0.053944 0.034695
0.178250 0.629588 0.056187 0.049056
0.715349 0.611990 0.054668 0.036474
0.394876 0.813416 0.054948 0.048674
0.609683 0.248310 0.053521 0.034423
0.932938 0.413958 0.049300 0.031630
0.609993 0.576868 0.051672 0.036961
0.500773 0.712628 0.057137 0.029586
0.054917 0.674161 0.079278 0.029271
0.392651 0.967775 0.060972 0.036375
0.509327 0.563758 0.062910 0.025118
0.078325 0.194639 0.076167 0.042914
0.931416 0.591988 0.047174 0.043575
0.395577 0.641937 0.050727 0.041837
0.609773 0.282639 0.049310 0.033127
0.078174 0.119384 0.054320 0.029466
0.183077 0.965530 0.073993 0.036309
0.619795 0.096359 0.066507 0.027262
0.717129 0.106910 0.047447 0.033081
0.503208 0.675073 0.060152 0.040151
0.291004 0.379391 0.047044 0.037445
0.084112 0.052168 0.062112 0.038135
0.812979 0.603382 0.047044 0.032047
0.609198 0.613898 0.050974 0.037288
0.827272 0.377017 0.088268 0.040943
0.072499 0.335802 0.054378 0.034261
0.503029 0.750229 0.062819 0.043251
0.824902 0.340731 0.055445 0.033197
0.818180 0.569646 0.043432 0.033602
0.495404 0.826649 0.073105 0.055024
0.819949 0.803322 0.046517 0.032627
0.056467 0.963450 0.061315 0.038043
0.713660 0.811337 0.064707 0.029407
0.182039 0.459863 0.051125 0.032290
0.512108 0.061627 0.057794 0.048201
0.596791 0.941312 0.047203 0.030257
0.501259 0.871559 0.055708 0.037518
0.932218 0.344526 0.057248 0.022551
0.175692 0.896539 0.050982 0.030346
0.184407 0.095348 0.048485 0.028759
0.182782 0.430873 0.049499 0.033901
0.067657 0.599039 0.079886 0.028290
0.061278 0.636637 0.047683 0.043649
0.499530 0.785721 0.065821 0.028855
0.605149 0.911093 0.071805 0.025788
0.721345 0.143173 0.064803 0.039605
0.060368 0.930444 0.069128 0.032909
0.506441 0.292433 0.044831 0.029734
0.292818 0.057207 0.057237 0.040999
0.721948 0.066994 0.056254 0.045513
0.084320 0.086816 0.054668 0.024718
0.411169 0.162574 0.050089 0.026418
0.075304 0.294371 0.057385 0.053557
0.936274 0.063363 0.042999 0.036207
0.414550 0.114508 0.073949 0.062767
0.401910 0.574644 0.051048 0.036203
0.399780 0.604802 0.050519 0.033967
0.055071 0.743276 0.048306 0.026908
0.507756 0.528746 0.051270 0.046222
