0.056947 0.854792 0.082517 0.054511
0.933295 0.669308 0.087718 0.049484
0.169397 0.255084 0.083489 0.048722
0.272551 0.484183 0.081797 0.050022
0.930173 0.427457 0.081170 0.048308
0.270427 0.535052 0.083846 0.039188
0.496049 0.470972 0.078827 0.044086
0.056882 0.907262 0.086711 0.044977
0.819225 0.899428 0.084779 0.047913
0.709092 0.855483 0.085189 0.046312
0.821393 0.312862 0.085521 0.054036
0.933211 0.205676 0.075045 0.051205
0.814993 0.843716 0.080255 0.059663
0.712408 0.704198 0.073516 0.055087
0.714648 0.249441 0.077977 0.057290
0.275346 0.853710 0.079807 0.046618
0.927445 0.823565 0.063573 0.047706
0.270176 0.430050 0.086550 0.048836
0.815733 0.563517 0.089242 0.051539
0.163329 0.625625 0.075925 0.048372
0.601930 0.968941 0.074017 0.041753
0.496004 0.523627 0.075286 0.049269
0.922152 0.965529 0.089349 0.047226
0.928298 0.771766 0.085507 0.047656
0.936261 0.319525 0.087239 0.058852
0.500835 0.419881 0.080153 0.047751
0.063902 0.799930 0.076077 0.051961
0.816930 0.615864 0.075464 0.047303
0.059531 0.748717 0.084721 0.044083
0.490492 0.973981 0.079859 0.043309
0.495375 0.266929 0.083240 0.052617
0.172601 0.915519 0.080305 0.048275
0.708657 0.758463 0.071642 0.046600
0.161027 0.727357 0.068198 0.054174
0.611342 0.148684 0.072792 0.059010
0.928595 0.476875 0.083446 0.039937
0.817881 0.366214 0.086437 0.044319
0.707007 0.605284 0.080894 0.048592
0.059287 0.700169 0.095210 0.047125
0.276989 0.802792 0.092017 0.050761
0.714615 0.347688 0.081372 0.051776
0.271627 0.319955 0.085728 0.043283
0.821069 0.459409 0.096097 0.052120
0.055245 0.648211 0.066436 0.050370
0.933893 0.259637 0.081287 0.054229
0.608977 0.094803 0.074262 0.042458
0.493569 0.786926 0.088610 0.042788
0.939377 0.154623 0.083144 0.046743
0.928948 0.872647 0.064068 0.043543
0.504900 0.625282 0.080480 0.051658
0.270891 0.751147 0.091393 0.047535
0.822047 0.150513 0.088534 0.045905
0.162621 0.776456 0.088585 0.043174
0.494067 0.928804 0.077606 0.045502
0.500228 0.154509 0.072711 0.050094
0.816652 0.411161 0.083780 0.039150
0.935288 0.373550 0.078513 0.050936
0.055684 0.497995 0.057979 0.046557
0.600783 0.476820 0.067386 0.052809
0.062828 0.349614 0.063559 0.047388
0.600213 0.925649 0.073644 0.041589
0.825638 0.200503 0.079073 0.046342
0.055963 0.445610 0.066484 0.051325
0.164192 0.863613 0.071227 0.047418
0.822398 0.728533 0.073188 0.047789
0.057669 0.598611 0.070226 0.042952
0.269890 0.375129 0.096133 0.059353
0.059485 0.249704 0.071045 0.056555
0.064388 0.194261 0.073759 0.047475
0.820952 0.254356 0.073248 0.054831
0.056969 0.957719 0.088433 0.052467
0.929399 0.722301 0.076718 0.047335
0.160692 0.676394 0.072443 0.039430
0.166373 0.962543 0.070675 0.042527
0.717312 0.150109 0.070059 0.051491
0.270939 0.699447 0.080446 0.051245
0.162589 0.304160 0.078975 0.043679
0.497226 0.684629 0.078417 0.052223
0.708191 0.401823 0.074331 0.049656
0.166971 0.821011 0.078436 0.040608
0.935076 0.575815 0.080866 0.051694
0.610156 0.206644 0.076851 0.055382
0.496248 0.735867 0.083128 0.051673
0.501064 0.368162 0.071155 0.048483
0.062438 0.101968 0.067534 0.051465
0.166551 0.203441 0.065650 0.049250
0.167465 0.468902 0.064053 0.054468
0.816508 0.782655 0.073205 0.051377
0.928619 0.918317 0.095106 0.041070
0.493248 0.829467 0.080324 0.042119
0.060657 0.301670 0.068666 0.045785
0.810834 0.942376 0.088243 0.036761
0.607825 0.422097 0.068096 0.050678
0.508406 0.100612 0.079266 0.053992
0.165154 0.149299 0.074861 0.054514
0.270204 0.586350 0.072242 0.056633
0.166077 0.523213 0.069935 0.049307
0.817128 0.510506 0.086526 0.049478
0.717113 0.197476 0.066749 0.041650
0.276570 0.644830 0.067982 0.049986
0.060124 0.546920 0.063274 0.046022
0.935773 0.103165 0.074221 0.059788
0.816711 0.672500 0.064917 0.054222
0.714704 0.653290 0.075355 0.039324
0.063351 0.397198 0.074164 0.040117
0.164945 0.415608 0.065537 0.051059
0.275330 0.051956 0.066963 0.031569
0.494424 0.880857 0.076437 0.049993
0.715828 0.096284 0.081264 0.050208
0.502883 0.211241 0.076721 0.052951
0.715175 0.300599 0.072485 0.037262
0.164621 0.098663 0.072714 0.046667
0.165772 0.357402 0.071016 0.057677
0.705464 0.903018 0.059778 0.041247
0.389887 0.104147 0.068294 0.053708
0.936865 0.622542 0.077354 0.036172
0.605517 0.644179 0.102773 0.052390
0.280270 0.273544 0.077678 0.039075
0.931237 0.525792 0.072769 0.046671
0.606046 0.700102 0.072992 0.054743
0.166166 0.571723 0.058886 0.047557
0.060155 0.149137 0.071967 0.036374
0.279930 0.903623 0.083190 0.050314
0.710740 0.502670 0.075318 0.053394
0.705547 0.553721 0.076990 0.046688
0.817325 0.975184 0.092444 0.030839
0.604418 0.530733 0.066695 0.048067
0.277422 0.018361 0.055250 0.031593
0.600934 0.881051 0.078374 0.050458
0.706020 0.450786 0.086812 0.041156
0.284504 0.225894 0.084849 0.052139
0.497871 0.574888 0.085338 0.041606
0.599715 0.587478 0.076861 0.053604
0.609823 0.372346 0.072848 0.036287
0.710445 0.807971 0.058420 0.045047
0.390469 0.156815 0.064005 0.041847
0.609383 0.260112 0.063170 0.047375
0.501615 0.319497 0.057575 0.046476
0.598872 0.829112 0.076256 0.045541
0.392921 0.204919 0.059527 0.046827
0.825554 0.098807 0.062291 0.053027
0.605210 0.759644 0.069789 0.054545
0.707230 0.958023 0.093711 0.059054
0.284331 0.173281 0.074288 0.050474
0.604348 0.320597 0.077283 0.051126
0.280896 0.089712 0.063416 0.041989
