0.802412 0.884522 0.060574 0.030960
0.106925 0.352987 0.056355 0.032248
0.493939 0.826873 0.048774 0.029692
0.515013 0.358321 0.065974 0.034408
0.616149 0.284525 0.055240 0.026480
0.208281 0.355969 0.057251 0.031161
0.489318 0.859460 0.052787 0.025729
0.814408 0.342879 0.055868 0.034947
0.397557 0.571168 0.058126 0.034232
0.518487 0.257739 0.054567 0.028907
0.526562 0.132634 0.057032 0.034022
0.903743 0.549831 0.055347 0.033652
0.921526 0.154848 0.057853 0.032875
0.284148 0.845869 0.054987 0.031129
0.306449 0.482429 0.052901 0.032325
0.618333 0.315872 0.059484 0.031520
0.916661 0.284190 0.049959 0.027600
0.317206 0.294370 0.055004 0.036112
0.707680 0.412632 0.056069 0.030024
0.206185 0.288611 0.055364 0.027497
0.711488 0.447795 0.059275 0.031981
0.806777 0.850382 0.060668 0.028877
0.311810 0.355635 0.055384 0.028671
0.516097 0.290197 0.058322 0.025123
0.303145 0.553315 0.052083 0.036718
0.391781 0.680217 0.050466 0.030683
0.898037 0.868444 0.055778 0.025919
0.302882 0.597217 0.061787 0.036525
0.820423 0.243705 0.050817 0.034290
0.708477 0.377918 0.053887 0.030362
0.821137 0.141636 0.056681 0.031337
0.903026 0.615845 0.054307 0.032911
0.714479 0.315225 0.048518 0.031318
0.606586 0.532617 0.050585 0.029164
0.106560 0.388151 0.053350 0.032621
0.116138 0.137060 0.054307 0.029363
0.595204 0.739378 0.056034 0.027769
0.721912 0.161422 0.062648 0.027772
0.912223 0.378508 0.058876 0.027972
0.921403 0.115050 0.059804 0.039093
0.285709 0.811831 0.050097 0.028814
0.604970 0.648066 0.056174 0.029831
0.511602 0.490311 0.054662 0.029760
0.598081 0.707342 0.052573 0.029089
0.300401 0.634384 0.061883 0.036300
0.209854 0.321512 0.057049 0.026772
0.394959 0.647926 0.050107 0.031667
0.105346 0.604185 0.055223 0.032051
0.607813 0.498531 0.057272 0.030225
0.815973 0.306976 0.042028 0.029206
0.206070 0.517173 0.054080 0.031312
0.514014 0.453920 0.053678 0.033275
0.399836 0.502445 0.056186 0.031183
0.595341 0.774816 0.052331 0.031313
0.496553 0.700578 0.052329 0.028343
0.717215 0.251107 0.055364 0.032689
0.095862 0.824419 0.056191 0.033027
0.622192 0.132998 0.059767 0.028667
0.700053 0.909321 0.054806 0.032944
0.195647 0.748687 0.056227 0.030597
0.895537 0.705148 0.053367 0.029811
0.497822 0.736028 0.060218 0.032894
0.108583 0.458551 0.045982 0.027222
0.802616 0.813686 0.051210 0.033681
0.806012 0.705482 0.050600 0.027672
0.906528 0.446856 0.051837 0.030626
0.401620 0.466108 0.052052 0.026847
0.111384 0.222537 0.050467 0.027759
0.917066 0.253024 0.044206 0.029490
0.712717 0.284007 0.044794 0.025748
0.497918 0.560381 0.054917 0.033318
0.295060 0.672112 0.059957 0.028784
0.412656 0.244851 0.056562 0.029611
0.201271 0.658802 0.052576 0.032385
0.809971 0.476723 0.053389 0.031370
0.700801 0.673806 0.053336 0.032112
0.906662 0.481884 0.048843 0.030798
0.808115 0.611277 0.056313 0.030819
0.514648 0.322427 0.049056 0.026187
0.108038 0.564907 0.056386 0.033245
0.713133 0.482417 0.052971 0.032024
0.618824 0.221072 0.052827 0.030506
0.313764 0.326396 0.047220 0.024248
0.618903 0.253488 0.057557 0.025019
0.417404 0.305742 0.053186 0.027111
0.708103 0.515822 0.051626 0.027089
0.185681 0.876828 0.053992 0.030300
0.195578 0.810903 0.049695 0.031044
0.609185 0.464173 0.055441 0.031221
0.395265 0.719471 0.046523 0.033586
0.900296 0.648192 0.044891 0.027532
0.601213 0.679517 0.054033 0.024366
0.095838 0.759887 0.054790 0.030095
0.807479 0.571507 0.050882 0.029750
0.208458 0.390848 0.061940 0.029932
0.404135 0.432025 0.046479 0.033133
0.318062 0.199889 0.049187 0.033622
0.508032 0.521936 0.058284 0.031273
0.322368 0.102141 0.052361 0.030707
0.813666 0.438687 0.049578 0.033719
0.106559 0.492121 0.047240 0.034948
0.593672 0.809377 0.046253 0.024187
0.897006 0.837204 0.047243 0.030115
0.904690 0.515694 0.053084 0.028055
0.699637 0.777652 0.057849 0.033391
0.108160 0.424938 0.047058 0.032339
0.806058 0.776988 0.057604 0.028371
0.208610 0.104730 0.063087 0.035827
0.395401 0.837713 0.056975 0.032710
0.112469 0.101828 0.063909 0.031237
0.707443 0.551386 0.058337 0.030891
0.807511 0.741373 0.049796 0.036394
0.213884 0.223612 0.053811 0.039394
0.819073 0.277950 0.052757 0.025607
0.310276 0.412737 0.055438 0.027998
0.414463 0.338620 0.053402 0.029657
0.430415 0.104254 0.062204 0.033877
0.393623 0.756094 0.050641 0.026735
0.187381 0.845395 0.051762 0.023146
0.204800 0.426830 0.049586 0.028092
0.807626 0.381488 0.066906 0.034253
0.295236 0.702648 0.054492 0.032552
0.620102 0.164124 0.052497 0.029799
0.388744 0.903462 0.051567 0.029103
0.499743 0.597607 0.051315 0.032371
0.212538 0.140948 0.061499 0.036735
0.595019 0.837254 0.046368 0.028770
0.498852 0.632293 0.051672 0.031589
0.804682 0.509147 0.042326 0.026373
0.700066 0.743055 0.050833 0.023965
0.399421 0.610870 0.062893 0.033260
0.902616 0.581826 0.040323 0.027632
0.206884 0.261414 0.050085 0.021935
0.198267 0.714840 0.045991 0.026226
0.096528 0.727476 0.049767 0.030314
0.492208 0.885969 0.056148 0.021714
0.710118 0.347545 0.042684 0.030028
0.491756 0.796149 0.045801 0.027149
0.104158 0.530704 0.062292 0.029780
0.704015 0.612914 0.052659 0.029861
0.421781 0.176911 0.057489 0.026619
0.104751 0.638380 0.051713 0.029926
0.696655 0.847394 0.051184 0.024122
0.319652 0.138235 0.049958 0.032514
0.304444 0.445219 0.047273 0.030554
0.716582 0.218127 0.045179 0.029585
0.699490 0.814479 0.038959 0.031623
0.700993 0.710582 0.040334 0.032455
0.417938 0.205826 0.043779 0.032126
0.497304 0.665154 0.042696 0.028701
0.106450 0.316012 0.046056 0.035118
0.605311 0.589386 0.052629 0.025426
0.803793 0.916469 0.064265 0.026952
0.317981 0.262537 0.047709 0.030451
0.816835 0.107242 0.052934 0.028578
0.820681 0.205264 0.051184 0.033139
0.808006 0.671836 0.045063 0.027098
0.806885 0.540802 0.043783 0.026524
0.111628 0.249835 0.052649 0.022330
0.589644 0.901792 0.046941 0.036869
0.096792 0.861784 0.041617 0.035079
0.920000 0.190524 0.040250 0.026757
0.613334 0.433020 0.044585 0.025755
0.894965 0.737499 0.054098 0.027575
0.621779 0.104848 0.057021 0.028188
0.699958 0.644244 0.058503 0.022665
0.615832 0.347626 0.039459 0.027698
0.112219 0.278698 0.059872 0.028777
0.388902 0.870735 0.040434 0.024592
0.204941 0.458391 0.041738 0.024069
0.290725 0.883523 0.057109 0.026540
0.620977 0.191868 0.056802 0.022870
0.895495 0.805149 0.045222 0.027050
0.521068 0.224305 0.050646 0.032338
0.398424 0.534609 0.038752 0.026891
0.609373 0.563502 0.054547 0.020743
0.304965 0.516393 0.039454 0.030330
0.602767 0.616409 0.040203 0.026037
0.417085 0.142742 0.046463 0.035398
0.201875 0.622733 0.048033 0.032706
0.290030 0.736924 0.044599 0.032161
0.917411 0.218620 0.039025 0.027526
0.899376 0.774782 0.053119 0.035232
0.612465 0.405748 0.041872 0.026898
0.110931 0.192796 0.042254 0.024313
0.200750 0.589029 0.042910 0.031556
0.910958 0.411864 0.045743 0.030993
0.590768 0.870496 0.049629 0.020182
0.614187 0.375703 0.044864 0.026895
0.096344 0.792248 0.042971 0.026515
0.200235 0.554411 0.047790 0.030626
0.524778 0.191017 0.058221 0.026860
0.317476 0.169911 0.046225 0.019767
0.287800 0.773579 0.042657 0.033077
0.915665 0.349140 0.049125 0.027875
0.406447 0.368638 0.042502 0.027780
0.311301 0.384325 0.039480 0.025082
0.403121 0.396929 0.039373 0.029125
0.413510 0.274819 0.036831 0.025448
0.920067 0.316118 0.060672 0.034141
0.895221 0.901789 0.044121 0.035917
0.722003 0.131843 0.062069 0.025439
0.206322 0.486504 0.033935 0.025448
0.900975 0.676920 0.050404 0.018330
0.705096 0.580693 0.039438 0.024212
0.517056 0.391231 0.068716 0.028469
0.810500 0.410755 0.045571 0.020577
0.293540 0.909009 0.048362 0.024142
0.724739 0.188447 0.051888 0.019137
0.390831 0.805262 0.039520 0.022995
0.520277 0.417589 0.062786 0.032014
0.501280 0.768006 0.059584 0.021391
0.808357 0.642402 0.038254 0.025054
0.194479 0.779123 0.034013 0.024020
0.117220 0.166241 0.036394 0.024073
0.523006 0.165068 0.054225 0.027335
0.391147 0.781611 0.042055 0.017828
0.196216 0.688960 0.037755 0.019730
0.528237 0.100278 0.054535 0.018879
0.700573 0.875560 0.055889 0.029232
0.322456 0.234661 0.052668 0.019136
0.216347 0.181437 0.035255 0.032452
0.819139 0.174473 0.056404 0.021925
0.189220 0.904732 0.044920 0.020714
0.098739 0.898842 0.042268 0.033423
0.727410 0.105471 0.061291 0.020698
0.491429 0.910446 0.045901 0.018274
0.098851 0.681217 0.044030 0.046038
