0.291575 0.608584 0.063988 0.041454
0.930464 0.461194 0.057666 0.038366
0.607084 0.834526 0.078917 0.037515
0.613373 0.304118 0.061117 0.040551
0.503998 0.788455 0.057712 0.035651
0.614239 0.344865 0.066492 0.035148
0.717691 0.927302 0.061943 0.034709
0.493241 0.408369 0.074726 0.040323
0.072690 0.343950 0.063139 0.042121
0.609337 0.876631 0.060363 0.043639
0.707108 0.724160 0.080625 0.042713
0.498108 0.891226 0.052439 0.035018
0.718501 0.451959 0.064274 0.038927
0.613244 0.552848 0.067930 0.040550
0.172739 0.860047 0.062006 0.035902
0.063891 0.639336 0.069429 0.045784
0.390566 0.190554 0.059355 0.037809
0.179610 0.381904 0.067940 0.041112
0.287645 0.654309 0.060587 0.043926
0.069306 0.720600 0.063645 0.032129
0.608813 0.916237 0.068601 0.036460
0.504092 0.677103 0.063914 0.037894
0.389098 0.545416 0.051806 0.037773
0.717734 0.196963 0.066190 0.039023
0.710224 0.303162 0.056139 0.041844
0.826312 0.362592 0.061779 0.039529
0.719428 0.154731 0.053791 0.043705
0.715437 0.265488 0.059824 0.032078
0.823833 0.318199 0.053266 0.039997
0.389631 0.584209 0.051937 0.038912
0.503221 0.752295 0.051555 0.034554
0.064331 0.761857 0.056736 0.042629
0.397784 0.227612 0.066811 0.037070
0.822980 0.447368 0.053442 0.041866
0.716198 0.409598 0.051168 0.037703
0.177540 0.298234 0.058394 0.041557
0.177253 0.541631 0.053929 0.039861
0.716954 0.373233 0.067033 0.033275
0.390981 0.622852 0.053218 0.035989
0.709185 0.600446 0.054903 0.040257
0.066041 0.803496 0.060427 0.035509
0.497648 0.453638 0.070104 0.046177
0.924757 0.339607 0.055965 0.037255
0.719869 0.963374 0.063417 0.036518
0.822432 0.884809 0.054702 0.029891
0.923854 0.382490 0.050421 0.042464
0.392854 0.149850 0.078286 0.038139
0.180050 0.339708 0.054762 0.038888
0.294375 0.374633 0.056111 0.035960
0.924018 0.422077 0.051568 0.032946
0.073600 0.383849 0.052671 0.035268
0.072724 0.116104 0.063266 0.044134
0.495895 0.367829 0.054233 0.039456
0.064373 0.907869 0.049814 0.031632
0.823395 0.405662 0.056482 0.037819
0.823920 0.274600 0.051483 0.040703
0.065986 0.598390 0.052556 0.035167
0.602265 0.794250 0.052648 0.041764
0.063339 0.874534 0.051147 0.033408
0.503138 0.224667 0.066054 0.038804
0.286678 0.416015 0.051321 0.044190
0.282751 0.762748 0.079795 0.039391
0.503294 0.953553 0.052582 0.027371
0.713495 0.490547 0.051062 0.033548
0.070924 0.294703 0.058087 0.049502
0.073621 0.682704 0.054901 0.037594
0.178851 0.900333 0.054791 0.042506
0.498240 0.923425 0.052836 0.029188
0.069657 0.460793 0.056370 0.036800
0.074142 0.421083 0.053671 0.035236
0.068016 0.938986 0.051112 0.031971
0.709331 0.853117 0.051139 0.032537
0.614917 0.381849 0.060314 0.035091
0.498661 0.183344 0.051116 0.033893
0.181913 0.585642 0.056822 0.041722
0.391758 0.109576 0.057235 0.041077
0.614145 0.596386 0.059998 0.035511
0.395032 0.072064 0.053405 0.035497
0.500577 0.827759 0.048351 0.038867
0.711510 0.816399 0.058424 0.039438
0.176301 0.700730 0.057619 0.035605
0.293665 0.566962 0.050813 0.040409
0.710566 0.773537 0.059318 0.048046
0.177626 0.427880 0.056688 0.041068
0.615944 0.512024 0.054853 0.033938
0.502141 0.641452 0.056132 0.031404
0.610037 0.187975 0.055029 0.034934
0.710663 0.888329 0.055194 0.035773
0.177581 0.470544 0.052156 0.041464
0.926944 0.503527 0.055327 0.038720
0.179986 0.739279 0.056267 0.040662
0.501834 0.261623 0.052448 0.035740
0.502290 0.570402 0.058239 0.036703
0.069233 0.243147 0.055994 0.042264
0.712288 0.340987 0.052270 0.026943
0.396748 0.263203 0.058753 0.033950
0.175793 0.784492 0.048013 0.042904
0.288891 0.690925 0.054152 0.031748
0.294096 0.458250 0.051689 0.035180
0.500682 0.145342 0.055463 0.036053
0.715607 0.638715 0.054635 0.029776
0.819118 0.848212 0.046057 0.039673
0.073435 0.161152 0.056751 0.037904
0.724328 0.068551 0.051787 0.042061
0.390489 0.659470 0.048865 0.031391
0.289399 0.298480 0.052449 0.041930
0.390967 0.698752 0.059688 0.041880
0.066324 0.969037 0.063015 0.030961
0.500105 0.533525 0.048516 0.035636
0.713625 0.560792 0.052378 0.037043
0.820943 0.952792 0.050759 0.041805
0.713335 0.680467 0.058089 0.042293
0.502241 0.106584 0.056677 0.042517
0.175807 0.626386 0.050235 0.036267
0.394272 0.335194 0.048659 0.035540
0.606315 0.674101 0.052302 0.039022
0.501900 0.715220 0.051152 0.039850
0.286074 0.920500 0.046587 0.032706
0.822579 0.233337 0.051478 0.039483
0.612073 0.469785 0.051529 0.043352
0.174898 0.224521 0.052776 0.039572
0.602430 0.752712 0.052254 0.037935
0.611508 0.228183 0.055602 0.041813
0.069834 0.075365 0.060167 0.036096
0.927353 0.216285 0.055154 0.041663
0.391007 0.476160 0.051372 0.042000
0.183337 0.104143 0.057496 0.034435
0.289365 0.529458 0.051111 0.034413
0.612204 0.144193 0.051881 0.049936
0.287237 0.885501 0.048452 0.035649
0.930350 0.259844 0.045195 0.037166
0.494299 0.332509 0.059441 0.032067
0.497219 0.299255 0.051686 0.037673
0.180525 0.031445 0.054969 0.039178
0.496269 0.067785 0.060441 0.033110
0.285670 0.253393 0.054230 0.046426
0.601697 0.712827 0.051740 0.038289
0.718595 0.111002 0.061460 0.041532
0.398023 0.745421 0.048556 0.042405
0.500259 0.860459 0.042226 0.024264
0.388936 0.033596 0.053981 0.040277
0.822437 0.192971 0.048910 0.038413
0.289085 0.204403 0.053184 0.042608
0.179828 0.662292 0.048359 0.035981
0.073496 0.201581 0.064125 0.036163
0.063092 0.837611 0.045435 0.032346
0.066831 0.537164 0.054799 0.032656
0.180958 0.069214 0.050948 0.033056
0.718775 0.030006 0.054282 0.036178
0.822024 0.721277 0.052574 0.040872
0.286590 0.723464 0.051161 0.032983
0.497892 0.497690 0.050569 0.038536
0.285634 0.956226 0.046722 0.038227
0.175993 0.822551 0.046549 0.030856
0.816461 0.914321 0.053499 0.027070
0.606335 0.957114 0.050403 0.038456
0.391992 0.436202 0.052942 0.037452
0.926690 0.589390 0.061639 0.038409
0.393039 0.955330 0.059133 0.028723
0.390750 0.509905 0.049115 0.027739
0.394626 0.400369 0.049447 0.036716
0.928183 0.547180 0.049101 0.041962
0.289039 0.493644 0.048120 0.033260
0.613795 0.635204 0.045216 0.035524
0.177907 0.138820 0.049570 0.028451
0.497206 0.030364 0.051658 0.035410
0.715888 0.232794 0.046074 0.028096
0.611336 0.101601 0.047954 0.036370
0.825274 0.155956 0.052677 0.038052
0.398385 0.297111 0.062003 0.037531
0.397536 0.782045 0.045797 0.027693
0.392751 0.811385 0.048172 0.030134
0.826743 0.765937 0.051843 0.044352
0.824382 0.488095 0.050508 0.039393
0.289343 0.338227 0.043214 0.035231
0.502252 0.605597 0.062633 0.033728
0.069405 0.501038 0.062948 0.035355
0.824142 0.681695 0.052294 0.033411
0.292012 0.122040 0.056655 0.040100
0.180665 0.259717 0.052007 0.026174
0.822878 0.561179 0.046965 0.037128
0.606049 0.032744 0.058014 0.038874
0.610802 0.266353 0.048986 0.035736
0.824205 0.526098 0.051440 0.033360
0.178062 0.505530 0.049663 0.029857
0.394118 0.367994 0.048356 0.031685
0.715266 0.523813 0.053373 0.033395
0.390048 0.876084 0.048261 0.045867
0.938269 0.124602 0.057250 0.042558
0.814155 0.606060 0.052326 0.044966
0.177592 0.180562 0.050923 0.048512
0.071169 0.034589 0.046056 0.045341
0.611532 0.067298 0.045820 0.033858
0.289141 0.809134 0.047388 0.045648
0.290794 0.160335 0.046116 0.036358
0.822900 0.808756 0.047200 0.036803
0.287262 0.849330 0.047725 0.036350
0.934334 0.170411 0.052259 0.040809
0.927097 0.299075 0.056977 0.038636
0.826477 0.116075 0.041360 0.031015
0.822999 0.644415 0.049383 0.032851
0.288457 0.039221 0.054543 0.044316
0.288845 0.083164 0.043188 0.037058
0.614481 0.425143 0.056252 0.040622
0.073854 0.565881 0.050155 0.027193
0.386403 0.919035 0.042231 0.037646
0.390746 0.841805 0.044666 0.023991
0.831605 0.030494 0.036061 0.034320
0.186509 0.944998 0.066892 0.044727
0.827579 0.073982 0.040129 0.042786
0.188378 0.967173 0.064010 0.036272
