0.062465 0.352114 0.077863 0.053717
0.836770 0.750481 0.079496 0.051205
0.501939 0.214767 0.094598 0.058491
0.284550 0.497995 0.081669 0.054571
0.726652 0.766570 0.073687 0.057372
0.281722 0.178099 0.074738 0.052610
0.723029 0.227988 0.086793 0.053532
0.504900 0.618822 0.080732 0.047745
0.278434 0.553253 0.073805 0.048812
0.284404 0.764652 0.073312 0.052754
0.610875 0.873329 0.077092 0.046887
0.832620 0.440684 0.085612 0.042572
0.392981 0.339081 0.076774 0.051627
0.386100 0.394356 0.084457 0.050688
0.277989 0.604959 0.080228 0.042668
0.607873 0.266556 0.097095 0.054718
0.171778 0.742616 0.081372 0.053446
0.497676 0.671066 0.089729 0.050554
0.944251 0.791569 0.074437 0.047764
0.065979 0.760094 0.091687 0.049027
0.390390 0.507276 0.080134 0.051210
0.722224 0.172755 0.104290 0.055201
0.183809 0.217359 0.081506 0.044479
0.834072 0.802593 0.069412 0.049401
0.942896 0.222142 0.074470 0.043287
0.179759 0.324787 0.096080 0.059590
0.390765 0.451109 0.080523 0.049749
0.725917 0.433379 0.093908 0.049081
0.068614 0.194550 0.083102 0.050868
0.940450 0.593050 0.079513 0.048331
0.063938 0.705814 0.090378 0.056011
0.839525 0.696420 0.082438 0.050687
0.494608 0.840640 0.080259 0.050418
0.061018 0.552429 0.080254 0.041483
0.836418 0.284808 0.079450 0.046703
0.608683 0.319436 0.076235 0.050477
0.179810 0.268398 0.081657 0.049561
0.176288 0.796487 0.077880 0.044540
0.718725 0.822158 0.077881 0.047722
0.381718 0.833626 0.076658 0.039050
0.177167 0.117614 0.073992 0.051897
0.069948 0.653949 0.086348 0.048482
0.945469 0.844944 0.080645 0.052389
0.607598 0.370184 0.099205 0.046001
0.834139 0.491683 0.088668 0.047085
0.611569 0.915320 0.072323 0.039971
0.835010 0.391150 0.084929 0.047104
0.069289 0.242773 0.086389 0.043605
0.945800 0.646551 0.069519 0.048808
0.731383 0.379043 0.069186 0.048449
0.503054 0.410218 0.066266 0.044473
0.941324 0.943674 0.076645 0.049664
0.833303 0.644940 0.085276 0.043483
0.057571 0.404162 0.088830 0.041093
0.174759 0.379838 0.073143 0.047134
0.941470 0.892438 0.083643 0.041524
0.608217 0.210435 0.079695 0.047881
0.285431 0.390850 0.083257 0.054387
0.606430 0.156356 0.068524 0.049514
0.724790 0.541104 0.078295 0.049150
0.840998 0.198413 0.076952 0.048250
0.838353 0.542594 0.069419 0.050547
0.064236 0.454194 0.086596 0.052266
0.940758 0.539685 0.066774 0.049669
0.061715 0.293464 0.094675 0.052478
0.179827 0.855591 0.091856 0.061638
0.391391 0.566911 0.084956 0.056755
0.283481 0.955208 0.081039 0.043184
0.179050 0.635459 0.074203 0.053627
0.723684 0.876948 0.073231 0.057006
0.614588 0.463062 0.081488 0.045182
0.839871 0.853260 0.063957 0.045939
0.606025 0.716548 0.074954 0.055871
0.067854 0.146943 0.076440 0.042719
0.067143 0.601725 0.082580 0.051507
0.840791 0.595379 0.068755 0.045995
0.605874 0.567661 0.070156 0.050016
0.390535 0.729783 0.094396 0.052294
0.722957 0.484994 0.080849 0.053494
0.185318 0.687311 0.091971 0.045686
0.393523 0.278566 0.068273 0.059575
0.388129 0.781573 0.085269 0.051866
0.280686 0.910397 0.075891 0.047251
0.284710 0.065640 0.078439 0.056359
0.501387 0.889769 0.091882 0.047682
0.725011 0.117738 0.088160 0.054523
0.380773 0.680708 0.084766 0.040732
0.610132 0.517008 0.067605 0.052479
0.726903 0.284247 0.078466 0.052792
0.501373 0.566436 0.060875 0.048654
0.501333 0.460029 0.081851 0.048470
0.501114 0.159944 0.076378 0.036897
0.946134 0.170752 0.071942 0.053968
0.722608 0.599977 0.066867 0.049287
0.604687 0.822215 0.063753 0.046340
0.502217 0.113907 0.063545 0.048681
0.727547 0.332208 0.067808 0.038069
0.279636 0.657079 0.072018 0.052139
0.836572 0.338603 0.081119 0.054855
0.281131 0.444125 0.073208 0.042765
0.941646 0.481569 0.065269 0.055071
0.070939 0.506211 0.079985 0.044911
0.608413 0.107460 0.083527 0.040908
0.178570 0.061857 0.091801 0.052494
0.393557 0.222539 0.072472 0.047572
0.387600 0.882834 0.065540 0.050982
0.283792 0.283033 0.056800 0.038673
0.842035 0.064139 0.073063 0.048060
0.176726 0.431397 0.087028 0.049228
0.721579 0.655815 0.090230 0.052412
0.286473 0.120105 0.092154 0.046728
0.398466 0.059167 0.073967 0.041726
0.499501 0.781899 0.072588 0.055194
0.944482 0.311975 0.075148 0.043977
0.609187 0.615955 0.065321 0.041488
0.282552 0.709367 0.067474 0.049627
0.395727 0.162913 0.065286 0.066523
0.839625 0.242499 0.075438 0.038031
0.041640 0.840756 0.043751 0.037733
0.501425 0.514909 0.065859 0.052569
0.941909 0.368644 0.064183 0.055689
0.837978 0.109906 0.056480 0.037247
0.837069 0.152557 0.062350 0.041482
0.834230 0.906660 0.079267 0.053446
0.498834 0.362319 0.059017 0.048588
0.943220 0.744362 0.063646 0.042526
0.947606 0.117404 0.072017 0.050139
0.719136 0.711135 0.069332 0.050228
0.496474 0.724788 0.062297 0.047289
0.070948 0.103511 0.070693 0.040956
0.395880 0.104365 0.068398 0.037598
0.278859 0.815472 0.060564 0.039937
0.942649 0.424256 0.065717 0.049686
0.175724 0.537659 0.061025 0.045190
0.492682 0.946075 0.092491 0.057060
0.943863 0.694631 0.059374 0.044765
0.608306 0.956457 0.080547 0.038904
0.725135 0.923742 0.070574 0.039026
0.610025 0.660750 0.057477 0.043982
0.947562 0.265237 0.066424 0.033635
0.609980 0.416994 0.077845 0.042166
0.949065 0.065378 0.065488 0.051994
0.390358 0.928184 0.082571 0.036973
0.286670 0.232027 0.072654 0.050414
0.180128 0.170349 0.061119 0.044606
0.499774 0.309408 0.069127 0.040768
0.604697 0.772025 0.065062 0.052737
0.502171 0.063785 0.074251 0.046265
0.503827 0.266830 0.076354 0.035720
0.178283 0.587320 0.060564 0.041773
0.388635 0.627393 0.074604 0.058637
0.285203 0.862105 0.059473 0.043657
0.839252 0.952814 0.080746 0.043250
0.042401 0.805094 0.046520 0.034718
0.093485 0.911668 0.045530 0.035895
0.282494 0.337617 0.063037 0.048935
0.730903 0.063257 0.064457 0.047129
0.612481 0.061409 0.061966 0.042422
0.096082 0.804436 0.040539 0.036038
0.040149 0.909370 0.043280 0.037342
0.385822 0.961166 0.072697 0.036723
0.722097 0.960823 0.090103 0.035129
0.097382 0.838187 0.033609 0.031842
0.175922 0.487221 0.071340 0.046138
0.095618 0.873625 0.038652 0.036061
0.038489 0.875232 0.037722 0.028629
0.092827 0.964407 0.037582 0.024493
0.094977 0.940634 0.034164 0.023042
