0.709191 0.150736 0.068801 0.043128
0.505380 0.375219 0.064647 0.048904
0.602372 0.927063 0.067075 0.048975
0.812740 0.905917 0.076281 0.043027
0.394072 0.877630 0.060929 0.044696
0.823317 0.627964 0.078944 0.048116
0.172600 0.844214 0.069573 0.052699
0.497981 0.865784 0.063531 0.046298
0.602640 0.491648 0.068221 0.053584
0.928426 0.909152 0.080588 0.054150
0.503273 0.468919 0.067925 0.046366
0.176649 0.539476 0.075733 0.048379
0.058634 0.783131 0.068290 0.040974
0.057120 0.448177 0.068215 0.043541
0.392163 0.365353 0.067133 0.046928
0.613456 0.664366 0.068123 0.045041
0.275001 0.893835 0.077258 0.054343
0.269049 0.389558 0.074444 0.047790
0.836281 0.480781 0.069771 0.039108
0.164325 0.785900 0.075368 0.055891
0.942661 0.547184 0.069671 0.039751
0.709403 0.799321 0.070327 0.045001
0.272532 0.687578 0.061013 0.039495
0.933078 0.811211 0.065393 0.042157
0.066321 0.927857 0.063390 0.045000
0.937479 0.115706 0.065799 0.048347
0.174369 0.290533 0.071884 0.046831
0.934330 0.209702 0.070565 0.040479
0.495091 0.956097 0.072287 0.047586
0.602535 0.758582 0.067943 0.042797
0.174582 0.340042 0.076025 0.049368
0.714239 0.934516 0.061918 0.038153
0.710035 0.888129 0.069181 0.049701
0.051675 0.353968 0.074032 0.045540
0.390819 0.278168 0.071036 0.043701
0.498232 0.778621 0.067549 0.047980
0.927466 0.856832 0.064698 0.048565
0.058162 0.132158 0.075692 0.034278
0.942016 0.470832 0.067165 0.042047
0.503199 0.423337 0.059470 0.043600
0.062213 0.170081 0.064278 0.039319
0.383506 0.451624 0.058361 0.047901
0.497303 0.731202 0.065289 0.047292
0.062978 0.880326 0.056342 0.048483
0.268545 0.601685 0.067634 0.042361
0.717055 0.484196 0.072255 0.041188
0.060458 0.305868 0.073348 0.047628
0.828564 0.169675 0.062811 0.048176
0.707503 0.664591 0.078339 0.050849
0.271704 0.646292 0.056351 0.040195
0.060447 0.258423 0.068363 0.042097
0.825998 0.439899 0.068337 0.041869
0.175666 0.442570 0.070369 0.046598
0.393860 0.499008 0.068970 0.043840
0.713935 0.363258 0.077007 0.038129
0.937660 0.164773 0.059979 0.047989
0.059178 0.213585 0.074827 0.045939
0.384728 0.115204 0.073367 0.045387
0.496976 0.909966 0.062012 0.040585
0.272930 0.729333 0.068290 0.038853
0.173906 0.491191 0.065523 0.043273
0.058393 0.532424 0.061418 0.044416
0.606805 0.621184 0.060018 0.040915
0.168424 0.184554 0.070738 0.047019
0.826265 0.583527 0.072508 0.041097
0.273123 0.847318 0.068917 0.040206
0.941517 0.293056 0.066619 0.044261
0.715838 0.321942 0.076945 0.042523
0.830104 0.215566 0.076328 0.041644
0.937275 0.636947 0.069321 0.046024
0.272692 0.806107 0.063813 0.040089
0.053368 0.401672 0.060108 0.044083
0.382149 0.234440 0.060962 0.041372
0.714527 0.972461 0.062314 0.039533
0.166877 0.237504 0.069796 0.053302
0.823951 0.806521 0.066948 0.040672
0.053115 0.488708 0.068478 0.035619
0.827057 0.673379 0.058306 0.043786
0.816843 0.083042 0.063918 0.035944
0.712653 0.403628 0.062497 0.040239
0.832223 0.306179 0.071031 0.035329
0.501819 0.684878 0.071884 0.038439
0.391876 0.321323 0.066819 0.038331
0.393769 0.543286 0.059863 0.037992
0.717526 0.530560 0.078123 0.047653
0.056318 0.090745 0.067550 0.046266
0.938017 0.342603 0.066902 0.043118
0.383649 0.194461 0.065483 0.038304
0.606446 0.402143 0.063554 0.041517
0.066879 0.828648 0.059732 0.047322
0.825871 0.123619 0.065829 0.039130
0.387842 0.830874 0.057890 0.048575
0.600836 0.873862 0.062197 0.055504
0.834547 0.397755 0.069000 0.045187
0.943619 0.508844 0.069031 0.033902
0.273020 0.767729 0.072553 0.036588
0.714015 0.754485 0.077471 0.043779
0.813438 0.038607 0.080551 0.043366
0.932426 0.724005 0.062843 0.048999
0.168772 0.137968 0.069192 0.037776
0.713819 0.576193 0.064060 0.043452
0.506616 0.641801 0.070450 0.041576
0.824920 0.716096 0.067189 0.037369
0.940648 0.384930 0.072160 0.037656
0.713054 0.192698 0.064918 0.037202
0.272045 0.080965 0.065541 0.044356
0.934998 0.250232 0.056089 0.038586
0.387960 0.408133 0.064430 0.035571
0.825524 0.760749 0.057373 0.047913
0.385100 0.702451 0.053418 0.048230
0.379474 0.072011 0.059805 0.042805
0.712664 0.081466 0.058906 0.035679
0.391165 0.926287 0.063402 0.045485
0.606438 0.444190 0.060508 0.041372
0.603469 0.364050 0.063561 0.034555
0.606340 0.319358 0.059716 0.048091
0.386619 0.785697 0.074421 0.042133
0.929151 0.958625 0.078315 0.043658
0.609342 0.710596 0.071138 0.046612
0.942882 0.589915 0.071398 0.043265
0.270672 0.230794 0.065165 0.039257
0.177403 0.391509 0.054532 0.045394
0.610615 0.268742 0.061044 0.049681
0.501735 0.559299 0.057564 0.041055
0.703328 0.711217 0.074573 0.041231
0.711128 0.444594 0.059969 0.039433
0.280931 0.272925 0.079275 0.042009
0.276304 0.437644 0.076225 0.044124
0.597262 0.077695 0.065610 0.052926
0.276560 0.552629 0.060369 0.055001
0.167499 0.736297 0.065185 0.040768
0.270995 0.033519 0.071124 0.049366
0.061428 0.037858 0.067136 0.051724
0.396499 0.577028 0.061820 0.027060
0.478600 0.030067 0.072481 0.043165
0.388145 0.155061 0.063628 0.038436
0.169513 0.892208 0.060684 0.040410
0.613295 0.580745 0.066889 0.041326
0.936837 0.679915 0.078350 0.037315
0.276102 0.491677 0.070430 0.060163
0.934462 0.769831 0.059645 0.042322
0.275502 0.129276 0.062192 0.044880
0.500928 0.821849 0.053128 0.034949
0.387202 0.655663 0.059627 0.044802
0.061679 0.732442 0.067876 0.052960
0.172679 0.637818 0.076452 0.046599
0.054871 0.577306 0.052930 0.042438
0.604394 0.969487 0.066764 0.037895
0.596290 0.030811 0.075032 0.041517
0.606888 0.796719 0.052934 0.031679
0.716682 0.617599 0.056079 0.040197
0.496813 0.321837 0.057222 0.053758
0.167394 0.588969 0.062477 0.045202
0.389989 0.745283 0.055877 0.039473
0.391575 0.611564 0.054918 0.037865
0.607786 0.538168 0.061507 0.039500
0.713888 0.843043 0.061613 0.039272
0.493384 0.264748 0.070180 0.057963
0.374817 0.026718 0.063398 0.039391
0.706333 0.037993 0.057150 0.046052
0.932509 0.072125 0.053700 0.035226
0.158175 0.032160 0.065142 0.037975
0.493518 0.160845 0.055731 0.049723
0.072322 0.971206 0.072911 0.036261
0.064964 0.689409 0.056257 0.032664
0.831542 0.264332 0.056281 0.052943
0.267993 0.180869 0.067615 0.059036
0.828265 0.350401 0.073868 0.050800
0.604149 0.831485 0.058850 0.032454
0.709082 0.113470 0.053111 0.025591
0.271967 0.343600 0.054664 0.040444
0.716230 0.229385 0.074150 0.034125
0.935123 0.032432 0.059882 0.036309
0.488578 0.112657 0.062654 0.046914
0.498552 0.515787 0.053430 0.045450
0.061852 0.656600 0.050082 0.034374
0.172281 0.688153 0.075884 0.047727
0.054194 0.622616 0.056899 0.039205
0.164315 0.099030 0.053801 0.034576
0.491127 0.208670 0.055033 0.045027
0.172886 0.975227 0.079124 0.030184
0.822948 0.956975 0.066330 0.052275
0.169258 0.065134 0.064594 0.028906
0.279700 0.309262 0.062632 0.028319
0.819369 0.856231 0.067244 0.054478
0.606786 0.225780 0.054278 0.040558
0.486457 0.071243 0.059983 0.037644
0.167962 0.935931 0.056749 0.047668
0.941240 0.426100 0.060158 0.043266
0.603332 0.133733 0.065135 0.057526
0.606339 0.183624 0.056840 0.047013
0.396316 0.965773 0.049599 0.029182
0.275886 0.949770 0.075401 0.050878
0.713229 0.267989 0.079553 0.045224
0.498926 0.600520 0.053783 0.041892
0.828425 0.524995 0.067740 0.042890
0.833121 0.544206 0.066344 0.032685
