0.390570 0.640292 0.062763 0.044058
0.164540 0.552614 0.055312 0.036923
0.175076 0.735252 0.067688 0.035600
0.508323 0.762685 0.051279 0.033654
0.169796 0.772333 0.057990 0.037707
0.502926 0.174150 0.058215 0.040822
0.389462 0.154675 0.060053 0.035415
0.733741 0.781177 0.060271 0.032419
0.168657 0.662933 0.056390 0.035866
0.393429 0.297836 0.061256 0.041560
0.165743 0.593005 0.056151 0.039538
0.393610 0.338679 0.056534 0.037603
0.614459 0.809801 0.071951 0.036208
0.729309 0.681151 0.051545 0.037582
0.050927 0.761226 0.055254 0.036765
0.732001 0.747961 0.055007 0.033159
0.716309 0.103505 0.071186 0.041521
0.722653 0.397969 0.053620 0.034467
0.507280 0.797463 0.054874 0.032369
0.062041 0.328273 0.052420 0.042660
0.505901 0.728111 0.047001 0.029094
0.395723 0.381135 0.060370 0.041067
0.827919 0.411965 0.072455 0.038789
0.828379 0.814563 0.054978 0.035007
0.496641 0.136083 0.051638 0.033465
0.389437 0.189271 0.056678 0.032100
0.827018 0.368315 0.057498 0.045254
0.164247 0.627480 0.060669 0.030918
0.502519 0.310149 0.053850 0.036937
0.502335 0.268883 0.060195 0.042787
0.282347 0.835418 0.051195 0.035840
0.391713 0.119443 0.056730 0.033515
0.504394 0.522586 0.054432 0.034517
0.730084 0.715840 0.051494 0.031399
0.164028 0.314932 0.068256 0.040846
0.164859 0.107852 0.076644 0.044044
0.174060 0.811563 0.054048 0.035174
0.722414 0.320552 0.068294 0.038972
0.830723 0.852827 0.064269 0.039364
0.720581 0.359756 0.073464 0.040417
0.828664 0.453936 0.059135 0.040150
0.832100 0.183607 0.061167 0.036699
0.393644 0.796993 0.056834 0.044553
0.826796 0.496792 0.053003 0.038223
0.614925 0.480633 0.052595 0.038846
0.728174 0.433462 0.066706 0.033876
0.387058 0.683969 0.057349 0.038377
0.609547 0.183684 0.049518 0.040218
0.945989 0.397883 0.052361 0.042646
0.063068 0.240558 0.055058 0.037413
0.282475 0.872839 0.048102 0.039339
0.286750 0.718555 0.059299 0.036428
0.944562 0.357336 0.046558 0.036645
0.505219 0.599784 0.054631 0.039226
0.825677 0.319024 0.058525 0.044586
0.724510 0.277931 0.050339 0.041257
0.509918 0.894979 0.052524 0.034909
0.061544 0.369824 0.047361 0.038516
0.508617 0.418928 0.050831 0.037892
0.941578 0.318893 0.050597 0.041663
0.275145 0.158301 0.053545 0.043890
0.502630 0.559268 0.058293 0.039550
0.834582 0.684974 0.050580 0.041845
0.622075 0.667605 0.052172 0.034769
0.504608 0.346188 0.048104 0.035669
0.281459 0.792587 0.052318 0.044649
0.622524 0.598335 0.063735 0.041018
0.398935 0.913557 0.050778 0.035896
0.056864 0.718703 0.050277 0.040507
0.505391 0.635536 0.048865 0.032060
0.390316 0.487012 0.052041 0.037788
0.276834 0.199126 0.054173 0.038301
0.391367 0.222514 0.052292 0.030706
0.616495 0.372311 0.049632 0.039523
0.834188 0.776472 0.048588 0.033971
0.613607 0.444486 0.055158 0.033382
0.286212 0.674482 0.062998 0.041513
0.605149 0.065290 0.052561 0.032403
0.836259 0.608356 0.057292 0.039072
0.612907 0.258753 0.047497 0.034630
0.829845 0.273889 0.054027 0.037529
0.390694 0.562271 0.054254 0.036923
0.830182 0.535673 0.055303 0.034133
0.606321 0.027561 0.053698 0.036813
0.606736 0.103689 0.049911 0.037195
0.063144 0.633900 0.056761 0.037895
0.618649 0.850877 0.048471 0.041452
0.292896 0.631438 0.055927 0.039227
0.833615 0.644765 0.068003 0.037107
0.174050 0.850633 0.056522 0.040265
0.167370 0.515726 0.047611 0.035655
0.614474 0.704785 0.045184 0.035249
0.063301 0.117039 0.057202 0.045609
0.622756 0.890443 0.054177 0.032578
0.391573 0.256578 0.047567 0.039096
0.616907 0.409704 0.046302 0.031487
0.057149 0.852839 0.051604 0.043423
0.832376 0.570726 0.049314 0.039006
0.510373 0.833764 0.052151 0.037350
0.506337 0.381352 0.051189 0.035531
0.281422 0.562210 0.055578 0.042399
0.167968 0.151486 0.053616 0.041440
0.165635 0.196233 0.060939 0.042310
0.166255 0.443793 0.048642 0.038995
0.279224 0.276310 0.049501 0.044989
0.060199 0.199149 0.048266 0.041376
0.724604 0.527789 0.054782 0.036195
0.168374 0.066736 0.055709 0.039804
0.165577 0.235944 0.046639 0.035543
0.065277 0.282798 0.050129 0.037851
0.731803 0.816537 0.050128 0.035152
0.720302 0.205273 0.061758 0.034215
0.518425 0.934493 0.052908 0.041838
0.062863 0.160005 0.052883 0.036662
0.285739 0.752194 0.056904 0.033630
0.389186 0.525267 0.051058 0.037264
0.177465 0.028967 0.054126 0.036570
0.273217 0.112346 0.051259 0.043369
0.722027 0.170081 0.046532 0.030446
0.169191 0.362580 0.049238 0.042740
0.507319 0.458399 0.052292 0.037666
0.938952 0.278120 0.043488 0.035728
0.389520 0.449492 0.049514 0.033956
0.492459 0.061995 0.057520 0.032985
0.613560 0.739359 0.042191 0.031321
0.611333 0.222358 0.043308 0.035979
0.719891 0.063867 0.056120 0.035036
0.062573 0.564281 0.052720 0.036143
0.393219 0.417522 0.046281 0.028219
0.283323 0.518393 0.058690 0.041109
0.834316 0.734066 0.043808 0.044536
0.170695 0.479992 0.051396 0.032303
0.398760 0.878381 0.042530 0.035366
0.179767 0.698382 0.056405 0.035221
0.058373 0.411713 0.052269 0.038365
0.280162 0.432055 0.049340 0.044553
0.162875 0.405121 0.053200 0.038775
0.611100 0.141375 0.048811 0.039185
0.063802 0.597948 0.050795 0.028903
0.503739 0.699223 0.038097 0.030747
0.833184 0.918176 0.058802 0.030692
0.728984 0.647120 0.051436 0.029338
0.940259 0.209490 0.042625 0.038260
0.497628 0.098635 0.049083 0.036179
0.619440 0.518034 0.048010 0.031414
0.055030 0.805005 0.051089 0.047320
0.939072 0.097519 0.066280 0.040793
0.061771 0.674385 0.052956 0.039806
0.273262 0.069222 0.055065 0.038890
0.279567 0.324368 0.067889 0.045442
0.507664 0.222059 0.050759 0.047700
0.287243 0.910821 0.045229 0.032322
0.059860 0.029814 0.049856 0.038361
0.396229 0.839426 0.042369 0.034789
0.724291 0.137634 0.055825 0.027286
0.719546 0.239552 0.071139 0.035325
0.480621 0.028542 0.052686 0.032575
0.388426 0.076855 0.047885 0.043595
0.061345 0.071454 0.047191 0.040222
0.282587 0.475561 0.058759 0.043506
0.175934 0.894714 0.049791 0.046219
0.941335 0.245277 0.041039 0.027451
0.623420 0.554067 0.045426 0.042052
0.729163 0.848945 0.050334 0.025676
0.827214 0.104388 0.045156 0.046678
0.727532 0.586924 0.054898 0.035357
0.830519 0.145944 0.049174 0.034701
0.939754 0.168655 0.047993 0.042297
0.721334 0.030581 0.053660 0.037121
0.966730 0.539904 0.033693 0.023030
0.834733 0.889790 0.048007 0.032272
0.280109 0.236839 0.049165 0.029598
0.965386 0.510896 0.029934 0.027656
0.388592 0.716912 0.043623 0.025345
0.938263 0.129957 0.051799 0.025153
0.962956 0.448829 0.035325 0.027070
0.966818 0.567146 0.034745 0.028543
0.824631 0.020254 0.056283 0.027270
0.615667 0.336601 0.048705 0.027623
0.062135 0.891594 0.051212 0.033005
0.055171 0.526734 0.055420 0.038080
0.836684 0.952615 0.043486 0.035295
0.625708 0.635353 0.039790 0.027571
0.268703 0.030277 0.058006 0.038032
0.393304 0.959744 0.057558 0.051739
0.503857 0.668488 0.038446 0.029994
0.292556 0.946593 0.059453 0.042151
0.387775 0.751592 0.053394 0.039270
0.388632 0.599939 0.068903 0.036318
0.506264 0.492249 0.043286 0.025601
0.386838 0.033060 0.050963 0.045196
0.066557 0.942752 0.071116 0.057546
0.062570 0.489532 0.044806 0.037636
0.064868 0.452231 0.051377 0.035143
0.287513 0.599675 0.046881 0.025889
0.511721 0.863358 0.050268 0.025070
0.826011 0.059502 0.049425 0.043194
0.965088 0.479806 0.029009 0.029555
0.727513 0.557145 0.052425 0.029012
0.777623 0.872814 0.040422 0.027096
0.274108 0.364203 0.052926 0.034622
0.963872 0.595382 0.033626 0.028083
0.612076 0.300154 0.055167 0.043590
0.731523 0.617937 0.042924 0.024499
0.923708 0.488649 0.030777 0.025044
0.630051 0.949633 0.053212 0.038686
0.833069 0.221190 0.061913 0.041731
0.727461 0.491953 0.054943 0.037695
0.924940 0.518998 0.030201 0.031816
0.613475 0.774517 0.050623 0.033352
0.276563 0.393945 0.046905 0.029447
0.160830 0.274800 0.072159 0.036147
0.627732 0.924288 0.052014 0.033444
0.728253 0.884583 0.049709 0.041960
0.929861 0.581727 0.032828 0.027048
0.719888 0.929793 0.066795 0.043080
0.924480 0.455650 0.030572 0.032048
0.925607 0.549453 0.028248 0.025486
0.726985 0.465730 0.055818 0.032792
0.178328 0.938767 0.051650 0.040287
0.830909 0.238945 0.060301 0.035536
0.728066 0.955895 0.060334 0.033298
