0.622915 0.198677 0.064713 0.041549
0.932579 0.233302 0.070994 0.038489
0.294420 0.602833 0.072456 0.039643
0.299298 0.734493 0.063106 0.036113
0.731065 0.805781 0.062451 0.034984
0.302499 0.238929 0.062488 0.035000
0.731131 0.362078 0.071546 0.041194
0.736429 0.225573 0.072607 0.041416
0.937090 0.447786 0.058128 0.037597
0.621785 0.624596 0.064088 0.038473
0.729313 0.766971 0.070366 0.039543
0.408055 0.535328 0.062697 0.035595
0.833123 0.494558 0.069530 0.045763
0.411937 0.170542 0.070164 0.035242
0.622169 0.868898 0.067123 0.042928
0.509183 0.745692 0.059267 0.039378
0.731421 0.180021 0.057051 0.044392
0.931937 0.142228 0.064071 0.046128
0.929970 0.691183 0.062201 0.040157
0.618277 0.737563 0.072061 0.039089
0.520299 0.383668 0.059041 0.031353
0.826470 0.368865 0.063096 0.042323
0.930481 0.190241 0.066797 0.047818
0.516007 0.704824 0.069439 0.040502
0.520125 0.346425 0.062475 0.037186
0.184533 0.852888 0.059626 0.041964
0.616856 0.826177 0.061762 0.037921
0.517746 0.108917 0.079182 0.044979
0.521948 0.224352 0.065297 0.030285
0.939794 0.273271 0.056131 0.037977
0.294732 0.417554 0.064485 0.041525
0.827814 0.077630 0.055366 0.036066
0.515702 0.506218 0.080976 0.046428
0.202946 0.415635 0.069036 0.040417
0.834450 0.449090 0.055103 0.039168
0.295565 0.909246 0.069331 0.042345
0.935291 0.854040 0.073063 0.038854
0.189175 0.634005 0.069756 0.038936
0.730370 0.885715 0.067540 0.042546
0.941362 0.349306 0.058982 0.041778
0.301555 0.336750 0.060414 0.034583
0.729848 0.404127 0.065770 0.038248
0.621716 0.660501 0.077804 0.034096
0.620107 0.238738 0.057413 0.032414
0.826781 0.409813 0.063203 0.039376
0.528175 0.259129 0.069438 0.034594
0.618798 0.355688 0.060897 0.039288
0.303062 0.201221 0.059127 0.038783
0.403725 0.258274 0.061340 0.035632
0.410877 0.652081 0.060679 0.036089
0.071459 0.259546 0.057566 0.045964
0.074732 0.304088 0.052967 0.040733
0.412033 0.089524 0.064925 0.038065
0.834601 0.777412 0.069602 0.037840
0.619509 0.910805 0.063316 0.033217
0.301913 0.373118 0.051111 0.036897
0.626831 0.091233 0.059927 0.048225
0.073834 0.703943 0.065169 0.042423
0.730798 0.323380 0.062482 0.031167
0.732974 0.474540 0.069677 0.042227
0.836869 0.579204 0.058679 0.044468
0.295758 0.861798 0.074035 0.036763
0.071898 0.434951 0.056446 0.040326
0.508947 0.913953 0.069177 0.035607
0.730171 0.672861 0.068360 0.039493
0.076269 0.625985 0.072341 0.035847
0.196329 0.377225 0.071679 0.034374
0.185021 0.894838 0.060092 0.035568
0.831122 0.536950 0.057895 0.038031
0.934150 0.783712 0.057223 0.046095
0.732425 0.136455 0.057531 0.039466
0.930179 0.735910 0.065061 0.044618
0.192811 0.335995 0.054205 0.044207
0.297962 0.161568 0.055049 0.037301
0.074318 0.795987 0.062926 0.045218
0.840864 0.737847 0.067737 0.036005
0.622146 0.696798 0.051753 0.033424
0.620163 0.583542 0.050281 0.038746
0.829751 0.194274 0.065188 0.038648
0.832971 0.156276 0.070028 0.037810
0.411124 0.130020 0.055927 0.038258
0.839392 0.696740 0.054305 0.043622
0.302671 0.271393 0.064677 0.027690
0.300771 0.695673 0.056814 0.038606
0.408118 0.329586 0.055850 0.044172
0.507677 0.665078 0.062866 0.040116
0.190350 0.462390 0.060139 0.044828
0.829385 0.117906 0.065432 0.040969
0.828981 0.260586 0.063733 0.036007
0.511216 0.547284 0.061768 0.034212
0.404379 0.374607 0.059200 0.037956
0.297745 0.464381 0.065244 0.043323
0.836273 0.817746 0.068575 0.042615
0.941198 0.310618 0.071178 0.031969
0.833651 0.296064 0.066613 0.040170
0.303715 0.301816 0.055551 0.029819
0.074528 0.749449 0.057196 0.041414
0.414401 0.457981 0.069273 0.040779
0.189936 0.294535 0.054711 0.035776
0.074635 0.477639 0.053886 0.039092
0.937934 0.488428 0.059723 0.038897
0.730862 0.072526 0.056144 0.039709
0.615701 0.781715 0.060065 0.049010
0.624470 0.158849 0.066753 0.031667
0.935870 0.529796 0.056397 0.043974
0.521952 0.458275 0.054605 0.043763
0.081943 0.941794 0.076390 0.049660
0.408883 0.042193 0.064433 0.048108
0.834195 0.655024 0.059113 0.034650
0.295183 0.648982 0.061113 0.043259
0.075652 0.347806 0.055139 0.039610
0.939632 0.897912 0.068394 0.044414
0.838060 0.864160 0.061700 0.049977
0.410125 0.293165 0.064927 0.027383
0.514886 0.783149 0.057557 0.037453
0.617302 0.955329 0.056416 0.047029
0.298297 0.081308 0.057166 0.044868
0.731460 0.844406 0.055389 0.038093
0.189048 0.260945 0.057722 0.028698
0.622169 0.043288 0.071273 0.043913
0.515458 0.420291 0.057368 0.031908
0.071112 0.091021 0.056884 0.043250
0.614764 0.436439 0.065736 0.039273
0.405420 0.415860 0.050984 0.037620
0.295175 0.780090 0.057757 0.047003
0.299344 0.123038 0.048136 0.036134
0.508745 0.955607 0.062109 0.045722
0.735326 0.541099 0.057799 0.039647
0.622737 0.314643 0.056533 0.041000
0.733124 0.265854 0.068471 0.033305
0.730186 0.034629 0.062199 0.036128
0.932578 0.651782 0.048087 0.033172
0.184348 0.804314 0.060052 0.051639
0.190203 0.042789 0.079573 0.044503
0.620915 0.546058 0.048635 0.035878
0.404711 0.574740 0.069412 0.039455
0.404131 0.498308 0.070551 0.034056
0.073001 0.586920 0.051224 0.039950
0.942171 0.385552 0.061079 0.024105
0.072811 0.135109 0.063158 0.043033
0.407019 0.213964 0.062595 0.048123
0.191159 0.502807 0.058468 0.032254
0.934686 0.572951 0.058474 0.038561
0.186823 0.723774 0.056926 0.038427
0.188066 0.760790 0.065291 0.032665
0.727442 0.719776 0.058103 0.052090
0.631245 0.275392 0.071120 0.040286
0.197501 0.087338 0.073910 0.042569
0.522310 0.153900 0.055548 0.047422
0.614925 0.477639 0.049978 0.039364
0.930102 0.613821 0.056431 0.035272
0.512060 0.824141 0.048215 0.039023
0.733597 0.438571 0.070370 0.025302
0.930010 0.065841 0.050262 0.029520
0.191898 0.134216 0.052762 0.046244
0.303947 0.952859 0.082471 0.044242
0.408161 0.800601 0.062763 0.039279
0.189745 0.218856 0.051111 0.045331
0.620805 0.395714 0.046576 0.038253
0.515206 0.872752 0.074387 0.045645
0.409755 0.614813 0.052499 0.035538
0.932243 0.099694 0.056485 0.033856
0.403600 0.895644 0.052421 0.042429
0.404390 0.848922 0.051933 0.046874
0.181169 0.590838 0.056075 0.041868
0.077775 0.515124 0.049885 0.032766
0.080854 0.840507 0.064647 0.030982
0.189186 0.176752 0.054509 0.036242
0.187718 0.544342 0.060100 0.041143
0.829445 0.036931 0.057123 0.038264
0.523406 0.037410 0.070897 0.035118
0.927041 0.034323 0.061743 0.031094
0.189040 0.680279 0.052228 0.044745
0.520681 0.300999 0.050368 0.044786
0.081165 0.886809 0.056743 0.051822
0.399256 0.763184 0.059882 0.036206
0.834175 0.934031 0.073245 0.038940
0.834064 0.617808 0.048200 0.031728
0.071692 0.042101 0.058291 0.042736
0.073398 0.390378 0.050959 0.036734
0.077248 0.548130 0.056913 0.029379
0.725464 0.932029 0.078149 0.046486
0.075233 0.178810 0.046949 0.040624
0.830960 0.227445 0.057126 0.028434
0.291786 0.505546 0.060256 0.033551
0.725203 0.636450 0.066505 0.029765
0.299471 0.038454 0.062307 0.029323
0.407765 0.695658 0.045173 0.044890
0.292639 0.824488 0.049643 0.035413
0.520292 0.193558 0.046961 0.026669
0.945902 0.952204 0.090117 0.063138
0.830660 0.330997 0.054544 0.029925
0.832680 0.967330 0.069581 0.038190
0.522574 0.070802 0.068027 0.024454
0.733338 0.104850 0.069957 0.025119
0.939247 0.412030 0.050995 0.028715
0.074958 0.215898 0.046611 0.031753
0.834498 0.901030 0.047017 0.024552
0.619466 0.511807 0.045514 0.023195
0.406816 0.946666 0.064391 0.057447
0.072359 0.665660 0.059265 0.030399
0.932995 0.821652 0.058185 0.025399
0.510501 0.619363 0.054595 0.048134
0.412061 0.731603 0.055924 0.023950
0.737736 0.292596 0.063555 0.023974
0.729840 0.590418 0.052064 0.050692
0.630541 0.130710 0.068002 0.024008
0.293731 0.552038 0.051576 0.050759
0.728707 0.968554 0.062099 0.039346
0.513338 0.579854 0.054742 0.025172
0.185446 0.929191 0.055313 0.033468
0.184562 0.959464 0.055817 0.029447
0.732712 0.509921 0.047698 0.025113
