0.261439 0.157076 0.084010 0.050021
0.935425 0.868647 0.076866 0.049133
0.473708 0.603325 0.076423 0.050745
0.158448 0.436795 0.084187 0.040895
0.696794 0.280174 0.082910 0.046505
0.467852 0.179778 0.075059 0.056230
0.581942 0.737631 0.086703 0.046930
0.817063 0.713251 0.093500 0.054907
0.271009 0.799206 0.080463 0.057360
0.168673 0.656536 0.086144 0.045274
0.476821 0.333619 0.081228 0.048376
0.593731 0.948409 0.095284 0.059834
0.589943 0.891150 0.081740 0.051269
0.816485 0.457164 0.081417 0.055956
0.585769 0.437084 0.082209 0.049573
0.821501 0.660438 0.089406 0.042728
0.374304 0.810399 0.085619 0.057899
0.705153 0.451369 0.091437 0.050172
0.920529 0.718350 0.072193 0.052367
0.589041 0.547024 0.079456 0.048816
0.701454 0.917954 0.077917 0.044585
0.375434 0.867118 0.084216 0.052420
0.479643 0.765984 0.078927 0.040617
0.052439 0.129720 0.075011 0.050829
0.922326 0.551860 0.071192 0.053904
0.817791 0.563219 0.083953 0.051704
0.821961 0.905737 0.092513 0.043039
0.706533 0.821070 0.072050 0.046215
0.816062 0.766973 0.087728 0.045469
0.578946 0.183295 0.085683 0.058405
0.267911 0.639348 0.076924 0.040766
0.156890 0.286123 0.077019 0.049604
0.471498 0.658188 0.085770 0.045645
0.152173 0.192156 0.079749 0.047743
0.588557 0.492120 0.069958 0.049407
0.704148 0.504394 0.072220 0.049041
0.924802 0.768605 0.080429 0.042274
0.258675 0.267709 0.072455 0.050281
0.706272 0.720885 0.081732 0.054106
0.484104 0.818792 0.074076 0.055161
0.690233 0.170693 0.089322 0.043568
0.585965 0.834149 0.078138 0.054286
0.270281 0.738138 0.069335 0.050854
0.260446 0.214924 0.060882 0.051108
0.917660 0.174579 0.081311 0.050664
0.160231 0.339477 0.085143 0.049627
0.706547 0.869996 0.067581 0.049229
0.697403 0.561570 0.088964 0.046882
0.916701 0.347298 0.092900 0.052438
0.366194 0.424996 0.083057 0.055100
0.696051 0.119537 0.070239 0.048373
0.171237 0.812164 0.073481 0.050889
0.581928 0.653061 0.072719 0.049253
0.265420 0.590136 0.078140 0.043220
0.586350 0.785241 0.080077 0.041839
0.268560 0.374939 0.078638 0.049316
0.261367 0.539161 0.071257 0.049792
0.926126 0.604703 0.081010 0.047012
0.914574 0.285286 0.089460 0.056268
0.925319 0.447921 0.072644 0.050529
0.818425 0.510368 0.082678 0.039519
0.173313 0.904524 0.086939 0.052725
0.933449 0.658477 0.082272 0.053709
0.154937 0.132387 0.079262 0.062557
0.048881 0.183558 0.077732 0.043452
0.367298 0.131469 0.092724 0.046958
0.916370 0.231162 0.080842 0.050322
0.574479 0.288908 0.078994 0.048639
0.579068 0.068536 0.089145 0.053860
0.053209 0.403681 0.089830 0.060514
0.059341 0.673235 0.086743 0.045551
0.931103 0.816758 0.062914 0.047282
0.060985 0.618928 0.068886 0.052579
0.474657 0.233758 0.083636 0.041292
0.158671 0.707383 0.085176 0.051475
0.478855 0.488930 0.078237 0.048877
0.827210 0.861925 0.077448 0.043004
0.922253 0.499115 0.078027 0.044076
0.929002 0.397255 0.082716 0.041674
0.260447 0.321017 0.077259 0.044932
0.699935 0.771750 0.084108 0.044284
0.162784 0.541092 0.066004 0.044677
0.052240 0.462555 0.090215 0.045796
0.808992 0.065262 0.081752 0.048277
0.480853 0.432354 0.072221 0.050934
0.274150 0.861064 0.079347 0.059786
0.692185 0.227254 0.088468 0.054768
0.264965 0.686616 0.076185 0.044113
0.155855 0.485818 0.067350 0.047404
0.059518 0.727195 0.063526 0.054769
0.366582 0.247299 0.080723 0.054735
0.477923 0.713307 0.069286 0.052977
0.062858 0.842906 0.078085 0.050518
0.923331 0.121907 0.085350 0.048526
0.471160 0.118713 0.072955 0.057218
0.809293 0.245084 0.084046 0.049676
0.363219 0.072624 0.083935 0.061137
0.809626 0.347225 0.092564 0.046884
0.580242 0.238346 0.087995 0.040738
0.374660 0.915550 0.066003 0.037678
0.257850 0.109779 0.070953 0.039500
0.165744 0.599323 0.076891 0.056321
0.263838 0.481303 0.059747 0.053439
0.584614 0.389625 0.074781 0.037320
0.581020 0.600960 0.085917 0.046753
0.584937 0.694909 0.068217 0.033014
0.821566 0.815062 0.056815 0.041433
0.370369 0.962774 0.087562 0.048228
0.051840 0.293508 0.077671 0.051648
0.804632 0.401986 0.078009 0.052673
0.160724 0.238789 0.074040 0.038459
0.372301 0.757515 0.070923 0.043924
0.477749 0.545605 0.060225 0.055032
0.704744 0.616020 0.076957 0.049932
0.932423 0.914467 0.065906 0.034877
0.699472 0.665160 0.071209 0.050063
0.811936 0.122371 0.078015 0.059522
0.155549 0.069626 0.076674 0.055343
0.369919 0.365446 0.062682 0.057053
0.058932 0.237517 0.076087 0.056528
0.175078 0.959703 0.079639 0.046764
0.472214 0.064749 0.091013 0.043181
0.049504 0.073653 0.066943 0.055979
0.693365 0.067983 0.073613 0.055288
0.062201 0.566650 0.070929 0.048734
0.474713 0.383018 0.064524 0.043687
0.271171 0.922509 0.076119 0.053368
0.067429 0.785923 0.077628 0.055744
0.825317 0.948453 0.065462 0.038579
0.053932 0.344661 0.071405 0.047979
0.373948 0.703882 0.061757 0.047185
0.372291 0.306513 0.079041 0.052855
0.053027 0.511054 0.069691 0.048231
0.168274 0.858789 0.058046 0.033400
0.266277 0.426233 0.060940 0.048788
0.264564 0.062796 0.077808 0.040237
0.470872 0.284137 0.059481 0.048017
0.065587 0.970799 0.068062 0.035793
0.812540 0.183672 0.084437 0.053579
0.820210 0.613521 0.050886 0.043838
0.361171 0.185554 0.080347 0.051998
0.066293 0.895023 0.058725 0.047783
0.267327 0.967531 0.083759 0.038335
0.373490 0.649700 0.079149 0.060490
0.576953 0.126455 0.087214 0.056147
0.707317 0.958418 0.073865 0.035958
0.481576 0.881265 0.088772 0.057825
0.159203 0.391639 0.075317 0.031256
0.063968 0.937415 0.055473 0.033844
0.371233 0.484843 0.077255 0.054531
0.582767 0.341006 0.051250 0.047623
0.695415 0.401660 0.081210 0.044861
0.372369 0.590277 0.069418 0.050378
0.167283 0.759547 0.053828 0.047930
0.697651 0.339187 0.067418 0.058918
0.934288 0.951316 0.090305 0.039862
0.922524 0.067151 0.067219 0.058593
0.477093 0.931292 0.080187 0.043420
0.811207 0.297690 0.051283 0.048332
0.370430 0.536512 0.056780 0.038097
0.481957 0.966816 0.071734 0.035237
