0.404632 0.403315 0.067590 0.041784
0.404749 0.272599 0.069279 0.041823
0.843613 0.751358 0.066079 0.050880
0.625298 0.465368 0.069173 0.043959
0.284246 0.880307 0.075001 0.039198
0.745838 0.476669 0.061778 0.046643
0.289575 0.761433 0.080844 0.037960
0.622729 0.669483 0.068377 0.040534
0.510955 0.288154 0.068270 0.044208
0.513314 0.125977 0.077281 0.035285
0.294533 0.375453 0.073371 0.040773
0.288519 0.160224 0.064570 0.043639
0.624657 0.422706 0.061747 0.039817
0.521048 0.841647 0.073860 0.046101
0.949396 0.699217 0.067494 0.035512
0.953591 0.631135 0.073937 0.036517
0.182971 0.592091 0.076851 0.037761
0.185667 0.415097 0.067036 0.039823
0.178683 0.127799 0.083796 0.043100
0.511962 0.088467 0.068361 0.038401
0.736071 0.595672 0.068871 0.035213
0.954797 0.215829 0.062890 0.048455
0.734097 0.667180 0.064315 0.040138
0.178285 0.281503 0.068884 0.039133
0.407149 0.592586 0.068113 0.046029
0.405795 0.471868 0.068557 0.042651
0.629287 0.550665 0.063402 0.042652
0.400007 0.229731 0.061892 0.037781
0.840425 0.391157 0.063607 0.033311
0.064822 0.203991 0.067082 0.035164
0.514738 0.399332 0.058531 0.050013
0.295631 0.715581 0.061153 0.043540
0.056889 0.620294 0.071760 0.052779
0.625716 0.341647 0.066388 0.036517
0.508893 0.756703 0.080201 0.041837
0.834602 0.670262 0.074747 0.043157
0.289355 0.801301 0.068222 0.038174
0.840389 0.143157 0.067448 0.045412
0.737285 0.390927 0.065582 0.042472
0.959384 0.343774 0.058688 0.042594
0.736625 0.554976 0.074560 0.035618
0.289541 0.240460 0.065663 0.048452
0.411117 0.762008 0.075343 0.038365
0.405520 0.191259 0.070336 0.041062
0.410787 0.801685 0.068657 0.042871
0.293053 0.497668 0.069362 0.037284
0.519622 0.445613 0.066776 0.039689
0.619912 0.383206 0.060569 0.036761
0.739932 0.258215 0.072981 0.033772
0.294512 0.582774 0.074532 0.040138
0.066285 0.041941 0.077548 0.055623
0.291331 0.287226 0.063294 0.036582
0.610824 0.124750 0.072024 0.043320
0.838753 0.189979 0.063139 0.047234
0.512508 0.798732 0.057403 0.038277
0.629680 0.508541 0.060269 0.041246
0.727945 0.837414 0.066982 0.046121
0.624924 0.591264 0.065363 0.036344
0.742511 0.434222 0.064741 0.036010
0.175673 0.670171 0.071350 0.046519
0.618074 0.821080 0.079946 0.037224
0.290015 0.419055 0.080093 0.043024
0.175374 0.079770 0.064004 0.048474
0.407148 0.681710 0.063945 0.036364
0.844794 0.873077 0.064506 0.033342
0.181195 0.551668 0.076865 0.040284
0.957123 0.386576 0.066445 0.040335
0.179448 0.716581 0.061819 0.042366
0.624340 0.302353 0.059346 0.039555
0.295603 0.627666 0.059963 0.042334
0.847902 0.908902 0.067233 0.034931
0.837695 0.426450 0.080525 0.033684
0.734668 0.345887 0.063626 0.043071
0.511200 0.606350 0.084347 0.041577
0.056311 0.858325 0.072397 0.054646
0.507095 0.162445 0.070025 0.038281
0.068119 0.362800 0.075417 0.044109
0.512198 0.648020 0.074996 0.038469
0.179859 0.883702 0.072781 0.048845
0.400620 0.148033 0.087210 0.046266
0.521821 0.565128 0.069245 0.035486
0.843104 0.954547 0.069756 0.051872
0.398661 0.107328 0.078181 0.034216
0.613034 0.214570 0.077417 0.040469
0.182220 0.327574 0.068160 0.051905
0.296730 0.329675 0.066549 0.045848
0.953958 0.136152 0.065070 0.039551
0.514584 0.328922 0.064817 0.033009
0.954864 0.263003 0.065609 0.045107
0.179249 0.031444 0.073857 0.043697
0.519216 0.719341 0.070248 0.033471
0.406111 0.923615 0.073187 0.035775
0.287214 0.840751 0.063760 0.037756
0.057860 0.454776 0.061681 0.036935
0.624465 0.708270 0.062768 0.037640
0.285377 0.919843 0.067173 0.038263
0.957461 0.817620 0.056426 0.039860
0.613788 0.171333 0.063537 0.046055
0.294270 0.538120 0.063483 0.041184
0.511162 0.241987 0.056195 0.043818
0.400837 0.545785 0.068831 0.038172
0.182769 0.457360 0.065815 0.043552
0.406068 0.640946 0.056711 0.045945
0.732767 0.631508 0.063285 0.031947
0.511757 0.199980 0.061467 0.034669
0.617822 0.904296 0.066333 0.037900
0.299328 0.671827 0.064628 0.043221
0.065103 0.134114 0.058527 0.038494
0.625242 0.257821 0.066927 0.043992
0.177264 0.969246 0.084524 0.043222
0.279235 0.087636 0.075276 0.038342
0.617446 0.747214 0.053776 0.042104
0.407904 0.882817 0.066628 0.043793
0.960579 0.556174 0.060170 0.047227
0.945767 0.047726 0.077423 0.048082
0.177520 0.168269 0.081333 0.035799
0.186996 0.505277 0.067280 0.049816
0.408427 0.963209 0.076035 0.043516
0.399796 0.071716 0.061435 0.037414
0.841525 0.591681 0.069344 0.051881
0.621427 0.784519 0.067139 0.030142
0.838235 0.240147 0.060402 0.047386
0.411532 0.721289 0.056466 0.042025
0.289773 0.460710 0.062070 0.038163
0.176624 0.760849 0.057951 0.043937
0.059060 0.091814 0.069085 0.043009
0.734321 0.880698 0.051879 0.037855
0.742201 0.517960 0.058033 0.035403
0.057395 0.321837 0.056148 0.032952
0.956176 0.173036 0.065046 0.032100
0.069351 0.170030 0.072380 0.027695
0.056411 0.732851 0.085097 0.043139
0.732860 0.920155 0.061549 0.035175
0.958985 0.594912 0.069161 0.033747
0.626590 0.629956 0.058512 0.032744
0.848880 0.708612 0.068639 0.031284
0.735358 0.965103 0.079627 0.044960
0.952938 0.664802 0.063989 0.031473
0.846460 0.833266 0.067245 0.043416
0.621246 0.037594 0.080752 0.040408
0.836903 0.313898 0.060978 0.041469
0.288604 0.961714 0.075204 0.043825
0.953772 0.956990 0.066423 0.042381
0.838201 0.353452 0.052751 0.037202
0.519148 0.487229 0.061881 0.042586
0.949305 0.093321 0.055122 0.039629
0.291173 0.199936 0.070754 0.029688
0.404476 0.357128 0.059831 0.046962
0.184780 0.629056 0.067395 0.031611
0.957665 0.305064 0.063227 0.030383
0.836862 0.503383 0.066416 0.041170
0.515695 0.526160 0.059392 0.036903
0.059228 0.808538 0.062426 0.037865
0.958805 0.735155 0.054734 0.032651
0.844110 0.794019 0.071175 0.031156
0.279219 0.041989 0.065831 0.047876
0.404055 0.510231 0.082280 0.032091
0.959602 0.510053 0.056787 0.042639
0.520477 0.964940 0.061644 0.046567
0.405685 0.313653 0.059737 0.036120
0.181255 0.209842 0.064127 0.045750
0.058081 0.570739 0.058505 0.042484
0.835936 0.094911 0.061999 0.044730
0.615662 0.080653 0.083792 0.043201
0.414625 0.841746 0.064701 0.036071
0.960476 0.432151 0.059989 0.048235
0.958258 0.774353 0.049934 0.043120
0.184739 0.374098 0.061067 0.039416
0.733980 0.217404 0.055513 0.048864
0.392079 0.033648 0.065150 0.038973
0.054803 0.910930 0.062886 0.047609
0.510928 0.042660 0.065279 0.047658
0.410306 0.438006 0.071621 0.025926
0.723677 0.040163 0.074600 0.042973
0.957506 0.862534 0.056150 0.044406
0.735093 0.736902 0.055502 0.035672
0.516705 0.686936 0.057602 0.035334
0.064969 0.965572 0.079397 0.049462
0.179285 0.927135 0.063480 0.039319
0.841272 0.543808 0.056010 0.040924
0.180464 0.801052 0.082991 0.035979
0.958564 0.474004 0.072830 0.031660
0.953401 0.911491 0.051875 0.047722
0.527170 0.361238 0.068400 0.024043
0.513416 0.888506 0.055172 0.043809
0.517876 0.926145 0.063785 0.029531
0.621709 0.860444 0.055696 0.042665
0.735443 0.703080 0.047738 0.025675
0.180715 0.247418 0.054012 0.027410
0.064150 0.493658 0.055823 0.039783
0.064214 0.411884 0.062876 0.050246
0.173570 0.837516 0.069186 0.036954
0.729650 0.089912 0.061570 0.047345
0.056754 0.770768 0.055855 0.033556
0.841719 0.462897 0.054010 0.038219
0.731734 0.135809 0.067980 0.042210
0.839501 0.044888 0.054661 0.047225
0.845773 0.277222 0.069362 0.025192
0.735909 0.299268 0.065522 0.043971
0.061187 0.529764 0.052641 0.036966
0.064699 0.286908 0.052651 0.028107
0.289775 0.121808 0.058347 0.025832
0.624625 0.955656 0.072498 0.060082
0.736768 0.173879 0.070088 0.035305
0.839910 0.632010 0.049531 0.025377
0.064630 0.251183 0.070937 0.046860
0.061510 0.671037 0.068198 0.046897
0.733917 0.790951 0.064311 0.045099
0.061802 0.692025 0.069672 0.040762
0.737813 0.775005 0.065955 0.042875
