0.709118 0.755456 0.089403 0.052213
0.594810 0.494411 0.078456 0.052717
0.705479 0.484589 0.098574 0.058488
0.818707 0.098169 0.081520 0.050756
0.934253 0.206319 0.080505 0.046515
0.385280 0.966319 0.083911 0.050994
0.274929 0.215556 0.086587 0.049203
0.821835 0.195462 0.075517 0.044808
0.828399 0.790337 0.087241 0.048486
0.821679 0.247242 0.076467 0.046541
0.171544 0.723504 0.076777 0.052924
0.387609 0.483070 0.084250 0.046708
0.172163 0.826480 0.064246 0.050241
0.385293 0.325710 0.077297 0.054111
0.814882 0.046424 0.081723 0.050263
0.386503 0.861667 0.089671 0.051638
0.603138 0.874008 0.079280 0.047408
0.489759 0.258115 0.079807 0.046178
0.272709 0.272082 0.083371 0.054779
0.708399 0.326971 0.088034 0.050682
0.819361 0.146308 0.078945 0.040778
0.935807 0.618264 0.073491 0.049011
0.483661 0.471042 0.075832 0.055111
0.935645 0.154895 0.089960 0.051035
0.719931 0.955155 0.078975 0.052108
0.601701 0.921780 0.079263 0.043386
0.710259 0.590245 0.082724 0.051407
0.937709 0.770299 0.080406 0.042973
0.711638 0.646222 0.087386 0.049651
0.827213 0.739850 0.074817 0.049060
0.830337 0.841122 0.074884 0.046313
0.276035 0.478336 0.073936 0.052565
0.077084 0.965156 0.084356 0.048102
0.169572 0.464457 0.077468 0.050270
0.389222 0.700792 0.078375 0.049750
0.705886 0.700263 0.081667 0.049698
0.385212 0.433494 0.065299 0.043211
0.059839 0.531893 0.092691 0.052333
0.375878 0.106587 0.087594 0.053369
0.590597 0.379767 0.077838 0.058358
0.271303 0.323463 0.074429 0.042481
0.925017 0.258353 0.082775 0.048963
0.176413 0.665043 0.078005 0.051726
0.278398 0.374850 0.078450 0.051396
0.380831 0.807877 0.072327 0.046324
0.703422 0.052294 0.082239 0.055243
0.386067 0.914288 0.073549 0.048118
0.591342 0.169117 0.072662 0.052867
0.709316 0.378703 0.070887 0.048992
0.279614 0.964882 0.078293 0.050012
0.488397 0.364729 0.065453 0.055712
0.383671 0.381721 0.068453 0.052357
0.706313 0.215666 0.080300 0.056033
0.935613 0.361762 0.076843 0.045669
0.938464 0.721996 0.061563 0.044636
0.170280 0.613654 0.086830 0.041955
0.491150 0.903071 0.085221 0.045310
0.174322 0.774775 0.057667 0.045717
0.372045 0.051448 0.070261 0.050334
0.825077 0.298228 0.066407 0.050027
0.492795 0.569501 0.088592 0.056233
0.491447 0.416659 0.080091 0.046135
0.163367 0.154284 0.088665 0.047021
0.060182 0.370628 0.080777 0.054575
0.171554 0.879176 0.066967 0.046867
0.172561 0.412184 0.085441 0.045138
0.703706 0.273392 0.078532 0.054394
0.589100 0.112413 0.069554 0.052314
0.932374 0.566101 0.066921 0.047882
0.711609 0.537768 0.083532 0.043434
0.589941 0.050494 0.069430 0.053859
0.830418 0.888046 0.066235 0.041862
0.596543 0.658752 0.080214 0.045832
0.704012 0.158374 0.078203 0.048566
0.488457 0.846526 0.091476 0.060931
0.158453 0.053593 0.075905 0.051950
0.166997 0.309873 0.069651 0.043359
0.378096 0.594275 0.068499 0.055110
0.935016 0.515429 0.055558 0.048754
0.931554 0.464372 0.067160 0.051001
0.938217 0.307950 0.069547 0.045580
0.275480 0.876712 0.093257 0.048038
0.824627 0.567805 0.071426 0.053360
0.075264 0.915372 0.080949 0.046084
0.936468 0.671588 0.068802 0.045897
0.171908 0.361838 0.080159 0.052424
0.704382 0.809164 0.081528 0.045699
0.059736 0.591258 0.096367 0.058305
0.587919 0.546170 0.081469 0.040597
0.828767 0.511412 0.079214 0.050653
0.709493 0.432145 0.071763 0.045478
0.052448 0.263789 0.085747 0.040243
0.928903 0.412342 0.074291 0.048120
0.822648 0.409978 0.073908 0.050021
0.268679 0.052742 0.089689 0.052938
0.825701 0.681437 0.067282 0.055016
0.268772 0.160506 0.068408 0.048790
0.610742 0.966742 0.089693 0.040741
0.590085 0.327975 0.066315 0.044065
0.593121 0.711275 0.072453 0.054811
0.060489 0.211157 0.081869 0.052647
0.057115 0.315200 0.079421 0.049034
0.276969 0.703157 0.061735 0.047923
0.488955 0.151197 0.071679 0.053338
0.067946 0.810152 0.085604 0.045579
0.589983 0.224763 0.068138 0.052838
0.164013 0.259531 0.069849 0.042734
0.062658 0.478415 0.078147 0.049976
0.375928 0.156005 0.071989 0.038846
0.488506 0.628457 0.072818 0.052526
0.285783 0.919113 0.069847 0.037813
0.173342 0.513760 0.083134 0.036705
0.828280 0.964657 0.072884 0.041212
0.383180 0.756271 0.075161 0.055729
0.832826 0.927818 0.075668 0.033092
0.589814 0.439685 0.061614 0.048637
0.064899 0.755966 0.088445 0.055103
0.067660 0.863028 0.065275 0.051742
0.599891 0.601904 0.066493 0.057287
0.268666 0.105625 0.065480 0.051197
0.489956 0.520677 0.074881 0.036035
0.063730 0.424849 0.093951 0.052034
0.175874 0.968055 0.074258 0.042584
0.489461 0.781563 0.071472 0.056534
0.382367 0.537641 0.074057 0.051418
0.275682 0.427716 0.078539 0.044036
0.280311 0.759541 0.059244 0.051866
0.909569 0.845745 0.042155 0.034610
0.053730 0.158871 0.063633 0.050395
0.822966 0.461055 0.071822 0.045350
0.708742 0.107437 0.065316 0.050915
0.275646 0.650762 0.062333 0.051884
0.167806 0.207440 0.070135 0.053448
0.490483 0.733555 0.070163 0.033222
0.963321 0.880324 0.045263 0.032685
0.596955 0.823529 0.080437 0.051874
0.826892 0.621758 0.059590 0.050823
0.055035 0.106945 0.056854 0.048514
0.062269 0.700297 0.074847 0.050923
0.485724 0.310112 0.063905 0.048623
0.486043 0.205073 0.065646 0.049492
0.380109 0.209722 0.067934 0.058801
0.376750 0.272093 0.080552 0.046136
0.485343 0.099370 0.063969 0.047688
0.492800 0.685203 0.063363 0.057522
0.912660 0.810109 0.040615 0.032443
0.823972 0.354118 0.070857 0.056250
0.492953 0.956099 0.070596 0.055139
0.929219 0.102816 0.072163 0.046628
0.956365 0.812405 0.039146 0.032930
0.589922 0.278438 0.059906 0.045919
0.714515 0.862902 0.066876 0.050788
0.912524 0.884092 0.044140 0.038590
0.380444 0.648227 0.062519 0.046747
0.281288 0.817505 0.085302 0.057686
0.174797 0.924932 0.062535 0.040473
0.057301 0.647907 0.071580 0.051238
0.961563 0.847857 0.032912 0.029328
0.718488 0.908303 0.073055 0.034738
0.598081 0.768555 0.073007 0.053776
0.165564 0.105836 0.058243 0.047265
0.274960 0.533417 0.078858 0.048267
0.051879 0.053425 0.064984 0.053865
0.963211 0.912824 0.036302 0.032493
0.172414 0.562976 0.054486 0.043246
0.484234 0.047174 0.056043 0.044861
0.276551 0.598352 0.061321 0.042680
