0.178365 0.810125 0.066929 0.039366
0.615623 0.523761 0.066436 0.044009
0.507921 0.860050 0.074162 0.038580
0.718469 0.332420 0.067660 0.038290
0.724601 0.856803 0.060840 0.039050
0.285883 0.141834 0.067520 0.042906
0.175858 0.850303 0.066079 0.034763
0.284265 0.914672 0.060386 0.052470
0.832343 0.658351 0.068225 0.040862
0.171927 0.422341 0.058938 0.044166
0.512924 0.546373 0.062524 0.041249
0.725066 0.736145 0.060344 0.036403
0.286313 0.185368 0.062771 0.040533
0.504160 0.626425 0.071215 0.036449
0.624912 0.885589 0.065164 0.035678
0.068205 0.385358 0.053633 0.036728
0.175662 0.378399 0.067402 0.038834
0.395656 0.366089 0.066523 0.040899
0.503706 0.702505 0.061004 0.034828
0.726477 0.814879 0.053438 0.040005
0.064203 0.598661 0.055798 0.039725
0.615035 0.767660 0.057902 0.038945
0.291387 0.827358 0.053408 0.040806
0.395439 0.926559 0.061392 0.033782
0.607670 0.249776 0.058627 0.032689
0.385831 0.259649 0.073880 0.042569
0.607555 0.369895 0.056893 0.042157
0.838037 0.929923 0.054541 0.032341
0.399183 0.822918 0.052280 0.036045
0.835358 0.179820 0.066149 0.044964
0.504756 0.029596 0.061895 0.045627
0.169507 0.078772 0.072929 0.049958
0.726087 0.897145 0.070686 0.040861
0.386034 0.215533 0.062060 0.042070
0.178515 0.250190 0.054861 0.038871
0.727595 0.226708 0.067456 0.037316
0.508091 0.504775 0.053948 0.039962
0.504109 0.072741 0.058168 0.037067
0.623721 0.851247 0.066191 0.031498
0.511299 0.463557 0.060582 0.038965
0.171770 0.769943 0.055150 0.038844
0.825959 0.064352 0.063948 0.036967
0.727518 0.773909 0.052891 0.035120
0.171103 0.691918 0.060662 0.036900
0.831291 0.294233 0.063230 0.043775
0.505876 0.149145 0.056421 0.030414
0.505437 0.897354 0.054534 0.031112
0.607000 0.659934 0.071670 0.036157
0.073809 0.455163 0.058707 0.033873
0.298825 0.783731 0.062243 0.034631
0.066235 0.643153 0.057100 0.044108
0.824199 0.508688 0.058617 0.038991
0.399285 0.744735 0.072450 0.036442
0.507495 0.820808 0.055326 0.035650
0.387696 0.569359 0.071599 0.041374
0.949921 0.450007 0.052116 0.040299
0.173360 0.335604 0.070888 0.041526
0.619785 0.922781 0.061828 0.037502
0.287987 0.412630 0.059135 0.039582
0.829781 0.334320 0.059179 0.028669
0.177793 0.648285 0.058820 0.046900
0.948044 0.567166 0.059911 0.035230
0.395868 0.784812 0.053392 0.037283
0.609125 0.327734 0.054985 0.036547
0.171936 0.124288 0.057627 0.037369
0.284258 0.266143 0.058577 0.039502
0.831114 0.740878 0.068453 0.044811
0.612196 0.477409 0.058998 0.040515
0.834801 0.137511 0.064086 0.036641
0.279007 0.057004 0.062585 0.035172
0.610356 0.286917 0.053022 0.038415
0.293593 0.620901 0.076380 0.038864
0.176773 0.885563 0.070178 0.031580
0.504966 0.386254 0.054497 0.043073
0.827751 0.545479 0.060531 0.035121
0.170670 0.029926 0.064086 0.043781
0.505568 0.424896 0.057905 0.033457
0.940467 0.680501 0.062053 0.034779
0.611870 0.437482 0.060822 0.035269
0.728788 0.701174 0.048603 0.032659
0.714381 0.026792 0.065185 0.039120
0.178279 0.167651 0.055696 0.044754
0.509430 0.587655 0.051731 0.035810
0.393523 0.893231 0.048464 0.030877
0.389545 0.489979 0.069822 0.042138
0.509954 0.780006 0.051624 0.037253
0.298492 0.745965 0.071740 0.042000
0.292879 0.225424 0.073201 0.035863
0.722517 0.191240 0.059602 0.033654
0.948382 0.412592 0.052150 0.033906
0.615751 0.809615 0.059448 0.046666
0.076960 0.269558 0.054616 0.044579
0.387844 0.133160 0.067012 0.040496
0.720492 0.260467 0.059460 0.034857
0.064630 0.556699 0.051279 0.040268
0.610606 0.620361 0.060527 0.039589
0.827418 0.585425 0.050827 0.038275
0.948991 0.927179 0.047277 0.036835
0.391369 0.296771 0.050923 0.032933
0.946810 0.604667 0.048912 0.037504
0.723769 0.509242 0.052635 0.038433
0.174852 0.554740 0.085236 0.039566
0.941168 0.806748 0.065868 0.037994
0.502666 0.113128 0.056984 0.040121
0.280864 0.096947 0.053585 0.038582
0.948395 0.891742 0.050667 0.036631
0.837175 0.894806 0.046971 0.036316
0.288626 0.541951 0.068503 0.038668
0.292260 0.867797 0.055069 0.036116
0.619974 0.959638 0.074536 0.040051
0.946126 0.378429 0.049686 0.034761
0.827153 0.473008 0.053279 0.029422
0.077102 0.886963 0.065423 0.036036
0.829667 0.440305 0.050226 0.039155
0.386802 0.412450 0.076836 0.042252
0.502417 0.664642 0.050843 0.036466
0.715593 0.069394 0.053295 0.040467
0.946936 0.139337 0.053120 0.040736
0.171856 0.728088 0.055283 0.034615
0.945695 0.719156 0.056978 0.040492
0.719259 0.146325 0.053098 0.044724
0.831480 0.367065 0.052551 0.035397
0.954363 0.489662 0.049416 0.037141
0.170698 0.921636 0.052254 0.036166
0.173524 0.473381 0.053687 0.052310
0.951179 0.529542 0.054213 0.035772
0.724693 0.438222 0.066181 0.042124
0.287871 0.661104 0.062064 0.037947
0.727561 0.663297 0.045098 0.042603
0.836774 0.962789 0.061587 0.034142
0.507079 0.740422 0.057663 0.033555
0.837792 0.784131 0.051058 0.039939
0.828713 0.024461 0.048672 0.037378
0.388905 0.530796 0.060955 0.035446
0.069960 0.188435 0.056745 0.035767
0.283891 0.495459 0.077646 0.049793
0.504701 0.341033 0.052342 0.038423
0.069423 0.227672 0.050739 0.035873
0.721281 0.106300 0.046741 0.032787
0.722509 0.295693 0.050774 0.033152
0.177967 0.291987 0.049674 0.041498
0.943437 0.763339 0.056250 0.043393
0.396904 0.859813 0.045878 0.033763
0.508145 0.967465 0.074721 0.037798
0.070203 0.724520 0.067320 0.045433
0.294273 0.581897 0.051448 0.036877
0.724751 0.370610 0.053816 0.039551
0.502711 0.258156 0.047133 0.035525
0.948011 0.963052 0.050321 0.033070
0.391933 0.328300 0.059014 0.026626
0.070391 0.842360 0.053471 0.042968
0.619025 0.692027 0.060844 0.026464
0.177762 0.211215 0.046677 0.035867
0.503412 0.219340 0.047580 0.040246
0.397697 0.670704 0.052040 0.034557
0.942252 0.339963 0.065302 0.042180
0.830767 0.401894 0.044673 0.032988
0.065933 0.686864 0.053517 0.033911
0.282919 0.451387 0.045359 0.031643
0.391959 0.963445 0.060599 0.036838
0.613402 0.725975 0.065514 0.041032
0.609596 0.213042 0.053562 0.036739
0.073319 0.518520 0.047186 0.032412
0.946709 0.643632 0.045642 0.034464
0.943811 0.261925 0.051504 0.033523
0.828420 0.253017 0.057557 0.035452
0.067917 0.151643 0.048531 0.036208
0.829526 0.099746 0.046422 0.034518
0.835017 0.698934 0.059150 0.034320
0.510641 0.298430 0.058807 0.043123
0.610903 0.404707 0.063325 0.025266
0.831967 0.859621 0.052710 0.032568
0.831090 0.620761 0.046069 0.032856
0.174999 0.962101 0.054138 0.040337
0.506241 0.181195 0.047958 0.034246
0.937955 0.297032 0.063512 0.041398
0.182254 0.599824 0.050898 0.046258
0.393088 0.606959 0.071925 0.033511
0.830316 0.219558 0.053977 0.036864
0.070430 0.422396 0.041154 0.030061
0.942432 0.848777 0.062890 0.044364
0.068470 0.347732 0.041139 0.036097
0.384061 0.081592 0.054858 0.053526
0.177189 0.515744 0.055564 0.034835
0.951126 0.177767 0.061516 0.032307
0.064336 0.029132 0.071796 0.044982
0.726814 0.587225 0.048493 0.033858
0.942798 0.065204 0.050432 0.034404
0.727255 0.402304 0.065624 0.026505
0.063524 0.769086 0.047095 0.036223
0.944218 0.221313 0.045353 0.043666
0.605483 0.177957 0.043174 0.035782
0.506998 0.932374 0.053738 0.035199
0.285388 0.337741 0.051476 0.035414
0.724676 0.472621 0.045961 0.030305
0.605987 0.142200 0.044852 0.033842
0.292092 0.701632 0.092646 0.041193
0.283571 0.374390 0.046748 0.034221
0.380785 0.029330 0.055657 0.047199
0.831627 0.824312 0.046088 0.036859
0.065429 0.804144 0.042289 0.032942
0.395558 0.708047 0.042142 0.033997
0.727311 0.623471 0.043776 0.034460
0.387885 0.173638 0.056491 0.039818
0.072423 0.311486 0.043100 0.033375
0.286060 0.303149 0.058304 0.035473
0.281842 0.962738 0.043157 0.036218
0.070764 0.488897 0.039617 0.029826
0.392953 0.449923 0.059720 0.033764
0.606317 0.057586 0.043704 0.032203
0.943415 0.026334 0.042443 0.042696
0.276208 0.023824 0.053932 0.028905
0.608190 0.099759 0.055414 0.046546
0.394741 0.639077 0.050223 0.029357
0.945378 0.101117 0.045556 0.035169
0.612745 0.574960 0.054797 0.049947
0.064929 0.081272 0.061016 0.051637
0.608686 0.022663 0.039448 0.034022
0.720942 0.549540 0.041640 0.041231
0.067517 0.113985 0.050104 0.038211
0.717171 0.940278 0.059404 0.044200
0.082038 0.980375 0.062047 0.023856
0.717003 0.961382 0.064433 0.040101
0.071154 0.925390 0.045763 0.033941
0.078040 0.953729 0.064155 0.036406
