0.507995 0.302162 0.075651 0.044335
0.404804 0.447337 0.071218 0.043083
0.617893 0.359822 0.066383 0.035463
0.612838 0.446258 0.073567 0.052250
0.410673 0.273387 0.064387 0.035432
0.071220 0.446618 0.073337 0.040522
0.299825 0.089009 0.064217 0.042206
0.827675 0.901270 0.065424 0.045532
0.291396 0.634455 0.069813 0.040775
0.297031 0.205529 0.072844 0.042392
0.931199 0.226705 0.072636 0.037411
0.512719 0.526665 0.069340 0.041525
0.823701 0.266503 0.067427 0.044837
0.618233 0.399001 0.060774 0.038455
0.837995 0.126686 0.064711 0.045760
0.620376 0.118270 0.072682 0.038204
0.293693 0.164822 0.073429 0.033441
0.068339 0.488092 0.066067 0.038408
0.408646 0.320977 0.064192 0.049932
0.402999 0.368770 0.062177 0.039883
0.507939 0.621475 0.064473 0.046660
0.294449 0.456792 0.070265 0.039601
0.727078 0.332267 0.068008 0.046968
0.730643 0.237981 0.072611 0.042535
0.404482 0.488875 0.067475 0.040306
0.185433 0.121147 0.063235 0.043524
0.186649 0.290236 0.079322 0.034521
0.730982 0.284719 0.076494 0.046456
0.507710 0.572415 0.071769 0.045720
0.929350 0.187047 0.062667 0.040726
0.609104 0.642322 0.074262 0.042066
0.826845 0.175256 0.069621 0.044818
0.395776 0.852195 0.071586 0.037117
0.292051 0.332834 0.060897 0.039193
0.296982 0.246615 0.061362 0.034131
0.619149 0.321809 0.058780 0.039289
0.184605 0.567560 0.069497 0.039692
0.608422 0.827463 0.078135 0.048290
0.397985 0.805411 0.068469 0.051568
0.292075 0.040512 0.081949 0.048487
0.410058 0.147399 0.078039 0.040249
0.289641 0.376144 0.072972 0.039595
0.066803 0.232406 0.079654 0.038595
0.066845 0.400492 0.057095 0.042701
0.409208 0.530911 0.055328 0.039649
0.826628 0.311176 0.064188 0.037496
0.831870 0.082904 0.071582 0.041823
0.283636 0.894522 0.073059 0.045282
0.939500 0.632404 0.069517 0.036447
0.507384 0.674052 0.064511 0.043607
0.290444 0.809187 0.078389 0.050722
0.938854 0.394915 0.075652 0.050502
0.728236 0.158372 0.061788 0.035741
0.502594 0.862252 0.076326 0.040451
0.288530 0.287994 0.066267 0.041593
0.179745 0.367034 0.072155 0.034088
0.184455 0.072110 0.059180 0.044286
0.831294 0.221018 0.065074 0.042374
0.720367 0.554427 0.080693 0.054800
0.619937 0.159338 0.074960 0.041320
0.726660 0.116950 0.061311 0.044790
0.618616 0.077317 0.061173 0.038805
0.934447 0.587292 0.072576 0.053212
0.828606 0.563106 0.062677 0.044464
0.294421 0.418420 0.078801 0.036376
0.064898 0.150148 0.070021 0.038006
0.175929 0.168977 0.088110 0.045506
0.831318 0.609105 0.071928 0.045490
0.718992 0.501795 0.082684 0.048482
0.930985 0.802670 0.061795 0.038819
0.717912 0.786469 0.066991 0.040023
0.510071 0.347751 0.071113 0.041986
0.830641 0.392079 0.066223 0.043160
0.184492 0.328062 0.063747 0.036946
0.509263 0.037400 0.070878 0.044826
0.616969 0.240797 0.061563 0.036159
0.285411 0.713804 0.069345 0.040313
0.929703 0.886160 0.079812 0.046813
0.935120 0.091760 0.057540 0.046938
0.934352 0.141833 0.055015 0.048395
0.514795 0.173275 0.070120 0.043787
0.286657 0.756964 0.073318 0.044354
0.501953 0.810850 0.067520 0.056086
0.830519 0.655281 0.060726 0.046000
0.066004 0.530141 0.055666 0.043389
0.178687 0.480412 0.078671 0.042884
0.606207 0.781042 0.066607 0.041885
0.712779 0.863474 0.067487 0.049939
0.499766 0.258926 0.063667 0.040115
0.512008 0.395442 0.063068 0.050268
0.720360 0.646490 0.066183 0.045238
0.292757 0.591233 0.073561 0.042480
0.931341 0.347459 0.069976 0.038583
0.721010 0.419164 0.068015 0.037782
0.931539 0.711836 0.068814 0.044750
0.179976 0.215753 0.056963 0.040605
0.062770 0.275414 0.066617 0.045502
0.404488 0.229173 0.059632 0.046537
0.063536 0.622513 0.073195 0.040652
0.623634 0.199775 0.064541 0.040677
0.720260 0.602736 0.082834 0.040992
0.187687 0.728966 0.067002 0.045067
0.408965 0.186781 0.072175 0.034968
0.061240 0.107569 0.054453 0.039529
0.511805 0.215740 0.054602 0.038503
0.179129 0.885376 0.084103 0.048042
0.931970 0.488673 0.071605 0.048779
0.064158 0.356817 0.049497 0.040004
0.926910 0.756736 0.060361 0.043199
0.618148 0.035042 0.062361 0.041820
0.065438 0.890906 0.068474 0.040386
0.061834 0.317760 0.069557 0.032859
0.606017 0.732749 0.060962 0.053380
0.302598 0.130196 0.071739 0.032872
0.508600 0.076212 0.062881 0.033889
0.616797 0.278929 0.063551 0.042847
0.397167 0.891722 0.058489 0.037915
0.825565 0.433331 0.061259 0.035986
0.612909 0.562094 0.063400 0.050836
0.828686 0.726672 0.063105 0.032435
0.723164 0.076735 0.061195 0.032564
0.285338 0.852169 0.071277 0.036431
0.404538 0.406830 0.049775 0.033443
0.069274 0.576151 0.060065 0.036383
0.828580 0.352232 0.065980 0.035274
0.061368 0.192669 0.059319 0.038514
0.506507 0.758951 0.054888 0.041221
0.514390 0.124487 0.075004 0.050773
0.410405 0.035926 0.066101 0.041225
0.716255 0.691761 0.068208 0.041615
0.182331 0.522693 0.063513 0.045131
0.609617 0.874629 0.076404 0.037745
0.383618 0.753652 0.068496 0.046580
0.183622 0.436904 0.066571 0.033819
0.185889 0.253914 0.057054 0.030940
0.719865 0.740543 0.079509 0.047484
0.407770 0.576264 0.060021 0.049581
0.729246 0.196501 0.060435 0.041765
0.506336 0.970107 0.065663 0.034615
0.929017 0.273767 0.057105 0.051649
0.605961 0.921656 0.061008 0.047300
0.410263 0.104470 0.083998 0.041812
0.289939 0.499312 0.055987 0.045172
0.725120 0.376577 0.056728 0.040322
0.927670 0.042439 0.072830 0.047817
0.719280 0.038106 0.064604 0.042988
0.612853 0.603365 0.062514 0.030643
0.072390 0.661822 0.065427 0.032206
0.062616 0.069030 0.058526 0.033945
0.723693 0.457109 0.065316 0.036608
0.926548 0.930450 0.063733 0.041350
0.179603 0.610151 0.062606 0.032736
0.180338 0.685808 0.076127 0.034874
0.826544 0.764729 0.054254 0.035784
0.289144 0.546292 0.051045 0.043569
0.395908 0.668681 0.054651 0.041890
0.824246 0.693540 0.061562 0.031199
0.611247 0.684477 0.060470 0.035908
0.512122 0.445139 0.055403 0.051992
0.505320 0.716570 0.053196 0.036463
0.514428 0.487796 0.059292 0.027675
0.828453 0.478091 0.054804 0.050885
0.829559 0.037622 0.062514 0.043434
0.059024 0.029992 0.085851 0.039504
0.931792 0.440429 0.059726 0.040285
0.176950 0.929245 0.063187 0.034850
0.614886 0.488187 0.064044 0.033278
0.179901 0.648871 0.063448 0.037708
0.071294 0.925979 0.065020 0.028136
0.395040 0.708666 0.054009 0.035429
0.290093 0.673508 0.066500 0.035580
0.280558 0.945525 0.082213 0.047843
0.402613 0.623286 0.060063 0.046762
0.612033 0.963902 0.077085 0.034850
0.827553 0.521986 0.061882 0.033781
0.823502 0.852114 0.056092 0.045604
0.933909 0.669185 0.050518 0.038121
0.180941 0.032467 0.054301 0.033704
0.399548 0.933624 0.065386 0.041443
0.929904 0.313065 0.066172 0.031107
0.719919 0.821617 0.063182 0.028304
0.065721 0.841482 0.063372 0.054155
0.073435 0.701428 0.066491 0.038677
0.717653 0.957523 0.086657 0.052027
0.065723 0.744756 0.056082 0.043696
0.178038 0.833001 0.055190 0.044411
0.179591 0.403601 0.073745 0.033175
0.064435 0.788039 0.057106 0.041154
0.503057 0.903657 0.049348 0.042299
0.613713 0.520076 0.063957 0.032623
0.830386 0.804919 0.054050 0.043876
0.718827 0.910019 0.058370 0.041363
0.411313 0.071072 0.073133 0.023710
0.930219 0.535426 0.051342 0.042089
0.823680 0.942636 0.069748 0.032402
0.505638 0.937095 0.055470 0.030610
0.930908 0.844147 0.063559 0.029516
0.079328 0.960569 0.082778 0.035630
0.181169 0.778994 0.050837 0.046219
0.176354 0.961879 0.067528 0.032126
0.828731 0.971358 0.078393 0.037337
0.922399 0.968675 0.081600 0.033960
0.406279 0.961299 0.080449 0.032569
