0.873480 0.857703 0.061827 0.031263
0.476026 0.857910 0.054031 0.032432
0.162469 0.315318 0.060810 0.032709
0.564001 0.303444 0.057081 0.033037
0.670849 0.876780 0.063311 0.031960
0.864432 0.253174 0.057688 0.027815
0.168708 0.692877 0.065204 0.035575
0.166656 0.807637 0.059634 0.039489
0.866243 0.573215 0.053448 0.032461
0.160488 0.278624 0.057822 0.034210
0.258074 0.610009 0.070992 0.035591
0.669725 0.584981 0.057482 0.031052
0.866363 0.422616 0.054110 0.029608
0.767402 0.746976 0.065678 0.027748
0.565663 0.180514 0.061869 0.030593
0.769287 0.836736 0.051949 0.034383
0.469041 0.648529 0.055929 0.039534
0.671226 0.715547 0.061980 0.031532
0.566138 0.440016 0.054401 0.039611
0.162541 0.241314 0.058107 0.031952
0.863983 0.285375 0.051384 0.029084
0.367506 0.368810 0.060425 0.031492
0.260699 0.687001 0.054291 0.032586
0.565250 0.400183 0.070568 0.032462
0.861947 0.166648 0.051483 0.030909
0.666028 0.231243 0.052723 0.031199
0.767291 0.444099 0.056681 0.028069
0.868870 0.696703 0.047437 0.035021
0.662517 0.198837 0.058976 0.024254
0.367234 0.712414 0.067004 0.030802
0.572040 0.680567 0.057743 0.026254
0.669921 0.380191 0.067126 0.033371
0.769210 0.601005 0.054447 0.028730
0.472510 0.687908 0.053745 0.028994
0.573731 0.745010 0.055216 0.032499
0.769622 0.658942 0.056792 0.030643
0.265191 0.908783 0.065353 0.026706
0.164183 0.848805 0.052381 0.033918
0.770295 0.628635 0.053891 0.026245
0.673623 0.471443 0.062145 0.029914
0.369854 0.800605 0.048662 0.033549
0.261137 0.758673 0.049199 0.025401
0.663105 0.171144 0.055010 0.025746
0.473057 0.787171 0.048998 0.036513
0.369552 0.611435 0.055913 0.035856
0.669353 0.681566 0.052270 0.029248
0.260432 0.649331 0.065569 0.034991
0.872760 0.733421 0.056246 0.025799
0.562818 0.144765 0.050648 0.031196
0.458387 0.186106 0.065293 0.032145
0.563671 0.267625 0.060164 0.029587
0.163544 0.766626 0.069720 0.035912
0.768575 0.502194 0.059168 0.027642
0.163143 0.148099 0.052536 0.033323
0.576364 0.566274 0.063922 0.028712
0.360206 0.233670 0.050067 0.029068
0.576723 0.811893 0.058590 0.030071
0.359749 0.300160 0.048188 0.034009
0.467121 0.388361 0.054152 0.032296
0.566447 0.339249 0.056376 0.029366
0.866603 0.763374 0.051992 0.027610
0.167728 0.355098 0.055124 0.039418
0.767735 0.569058 0.059251 0.030091
0.365971 0.679051 0.057974 0.025328
0.463787 0.479714 0.053684 0.026339
0.575627 0.779147 0.049726 0.029179
0.164189 0.887232 0.051092 0.035145
0.372204 0.870036 0.055795 0.035256
0.765308 0.323529 0.054446 0.027074
0.761639 0.242279 0.052371 0.027899
0.467613 0.356064 0.050896 0.032121
0.265993 0.852522 0.049592 0.030511
0.464337 0.247773 0.055599 0.035927
0.359508 0.265876 0.057994 0.025774
0.869168 0.889703 0.048852 0.026068
0.666871 0.649561 0.058560 0.025622
0.958149 0.676204 0.047647 0.026040
0.671191 0.342876 0.049435 0.034654
0.958956 0.211821 0.049917 0.029571
0.573855 0.711645 0.056844 0.026251
0.771843 0.693956 0.050586 0.030630
0.261436 0.820382 0.047985 0.029481
0.575287 0.846255 0.045412 0.031463
0.368591 0.930690 0.061979 0.032530
0.871292 0.823146 0.050053 0.029302
0.169440 0.431160 0.053709 0.037019
0.670077 0.618766 0.052695 0.028842
0.376130 0.835532 0.076372 0.029769
0.959014 0.708384 0.045908 0.031155
0.960600 0.535873 0.044099 0.032217
0.862581 0.226766 0.049489 0.024982
0.573707 0.534954 0.052297 0.026755
0.364859 0.332474 0.049431 0.031121
0.166327 0.210928 0.050389 0.025512
0.563850 0.212717 0.050465 0.031000
0.957156 0.592189 0.050721 0.026319
0.267433 0.881763 0.056779 0.027390
0.762252 0.134990 0.050929 0.025786
0.166660 0.539928 0.051580 0.035444
0.469491 0.824162 0.045901 0.028692
0.760851 0.188330 0.063392 0.024652
0.764139 0.353027 0.055064 0.024009
0.572858 0.502930 0.048889 0.032667
0.669105 0.306085 0.049432 0.036645
0.465009 0.512362 0.054047 0.031226
0.167124 0.466839 0.051506 0.032272
0.863980 0.197166 0.042617 0.028734
0.475207 0.749171 0.043733 0.032455
0.576053 0.880480 0.051337 0.026043
0.861239 0.137267 0.052042 0.024374
0.674234 0.804008 0.049335 0.026047
0.472826 0.608638 0.046633 0.030270
0.358927 0.201192 0.060237 0.024577
0.962691 0.346803 0.041435 0.034454
0.768792 0.777660 0.049979 0.027673
0.362939 0.472722 0.048751 0.026935
0.766483 0.382750 0.039236 0.030740
0.474003 0.574581 0.063179 0.028056
0.869778 0.661038 0.051668 0.031478
0.963012 0.382900 0.039709 0.030167
0.770173 0.474030 0.049903 0.025509
0.261234 0.540756 0.052493 0.032575
0.364772 0.505256 0.063141 0.027902
0.267307 0.418952 0.057692 0.031353
0.571910 0.652478 0.045677 0.023858
0.956128 0.776555 0.052977 0.033379
0.961451 0.501865 0.040798 0.026724
0.459747 0.116828 0.061752 0.034031
0.867367 0.387294 0.045306 0.031326
0.864519 0.629585 0.050387 0.027309
0.960924 0.415344 0.045012 0.024407
0.962964 0.244065 0.041771 0.030792
0.958922 0.566061 0.044389 0.024531
0.262338 0.786576 0.043133 0.027139
0.258308 0.175451 0.050970 0.028622
0.162414 0.180686 0.045086 0.028345
0.767322 0.415414 0.045027 0.025027
0.357506 0.143528 0.059443 0.032464
0.670333 0.439772 0.050864 0.022754
0.867516 0.791335 0.042071 0.028409
0.867975 0.507371 0.043023 0.024743
0.956469 0.905681 0.052243 0.026434
0.870965 0.536864 0.055817 0.030826
0.773800 0.536465 0.054677 0.036157
0.367228 0.646601 0.045606 0.030691
0.369526 0.900445 0.050089 0.022225
0.760419 0.213527 0.052226 0.023531
0.361015 0.406144 0.046260 0.031798
0.466031 0.283861 0.050607 0.030784
0.463052 0.321789 0.046330 0.033864
0.875046 0.919651 0.060386 0.031253
0.961107 0.742321 0.042034 0.028023
0.668940 0.748060 0.043043 0.025308
0.475458 0.889740 0.048140 0.024989
0.164788 0.393969 0.052079 0.027399
0.166605 0.729410 0.040721 0.029504
0.664329 0.142558 0.050355 0.024826
0.960864 0.622095 0.043734 0.025432
0.959094 0.649701 0.045233 0.022060
0.365833 0.438529 0.049269 0.027256
0.266164 0.319067 0.049693 0.030545
0.963784 0.277260 0.038898 0.031044
0.366276 0.574569 0.061603 0.030248
0.460802 0.151527 0.054723 0.027738
0.756767 0.272897 0.051012 0.026771
0.472062 0.717939 0.050198 0.023495
0.166702 0.599738 0.062964 0.033436
0.763691 0.162777 0.046458 0.021901
0.962550 0.472310 0.042274 0.024349
0.670263 0.412237 0.050729 0.024622
0.570041 0.474598 0.062763 0.023822
0.961501 0.811871 0.041798 0.029913
0.568516 0.597074 0.046675 0.027021
0.865933 0.317028 0.040776 0.029046
0.962275 0.874368 0.040800 0.031588
0.963272 0.442156 0.038264 0.027013
0.365302 0.538415 0.050102 0.031911
0.262293 0.351211 0.060662 0.025632
0.166513 0.927163 0.045998 0.032134
0.671372 0.553556 0.045082 0.027195
0.963253 0.311206 0.038063 0.028945
0.963260 0.115574 0.041441 0.024034
0.261069 0.574712 0.040387 0.029207
0.166788 0.570926 0.045758 0.020671
0.256026 0.143451 0.045187 0.022765
0.260146 0.113837 0.045436 0.030890
0.358170 0.111364 0.067830 0.026311
0.663190 0.112703 0.046324 0.029527
0.469255 0.544082 0.043547 0.025412
0.265273 0.724187 0.049352 0.033545
0.666908 0.267247 0.044109 0.034791
0.772209 0.908433 0.047960 0.027900
0.569812 0.367136 0.054242 0.022296
0.261344 0.237593 0.041149 0.033310
0.262757 0.475010 0.046721 0.026486
0.961565 0.843189 0.039903 0.024740
0.357655 0.174150 0.052702 0.022029
0.572466 0.624007 0.039993 0.026227
0.770351 0.805546 0.038542 0.020785
0.768265 0.720014 0.055296 0.021308
0.264537 0.380403 0.040258 0.033008
0.265132 0.936935 0.052690 0.025739
0.671267 0.774905 0.038492 0.025960
0.467651 0.423591 0.043726 0.031384
0.673145 0.837863 0.039974 0.032386
0.557923 0.113477 0.055161 0.028016
0.573197 0.909697 0.069884 0.023859
0.865203 0.603183 0.044154 0.019291
0.261285 0.506266 0.054705 0.026585
0.966320 0.179562 0.035762 0.026819
0.869473 0.456364 0.063634 0.026315
0.264422 0.446727 0.043136 0.024548
0.168304 0.501823 0.038026 0.031342
0.454221 0.215347 0.057568 0.021169
0.964079 0.144333 0.038769 0.031204
0.860761 0.109924 0.042317 0.024803
0.961373 0.932804 0.036632 0.023723
0.477575 0.934577 0.044607 0.021832
0.257948 0.206162 0.044443 0.024199
0.261167 0.266876 0.040920 0.025555
0.366815 0.766311 0.058846 0.026475
0.476293 0.913109 0.046310 0.016488
0.773380 0.934502 0.059331 0.026885
0.167483 0.634633 0.048439 0.030425
0.762411 0.296387 0.038984 0.019991
0.559428 0.240432 0.047287 0.018630
0.762281 0.108711 0.042877 0.023009
0.264086 0.290747 0.040826 0.022393
0.868372 0.479959 0.044934 0.023851
0.869005 0.350071 0.049008 0.030481
0.466920 0.450775 0.039695 0.026606
0.574324 0.934554 0.051499 0.025527
0.772179 0.874424 0.045660 0.032317
0.167109 0.657488 0.058500 0.028818
0.668187 0.522483 0.063236 0.028367
0.666820 0.507614 0.062943 0.034583
0.363902 0.742691 0.050246 0.021949
0.159054 0.114313 0.045907 0.024974
0.674846 0.911787 0.058707 0.033795
0.232967 0.060062 0.026792 0.017776
0.317533 0.838808 0.030693 0.014004
0.676391 0.934562 0.051175 0.023297
0.323243 0.866446 0.034311 0.016833
