0.139012 0.145581 0.065943 0.039397
0.141440 0.280031 0.068159 0.034901
0.331580 0.399534 0.057786 0.028271
0.620480 0.685138 0.063800 0.032850
0.428966 0.223327 0.065033 0.034219
0.428920 0.363216 0.057775 0.035128
0.121515 0.744790 0.061316 0.039154
0.429088 0.440156 0.058606 0.034463
0.232753 0.483919 0.054075 0.028270
0.233492 0.109233 0.053415 0.028139
0.627586 0.316120 0.052600 0.036892
0.238021 0.356791 0.057633 0.030733
0.232584 0.142729 0.061303 0.035542
0.522261 0.206489 0.058611 0.032016
0.428578 0.123977 0.052242 0.031026
0.141864 0.071867 0.067170 0.035265
0.328835 0.504422 0.053901 0.034622
0.334830 0.329610 0.053347 0.030651
0.331197 0.470457 0.055914 0.028833
0.140319 0.313552 0.059829 0.028205
0.227531 0.735346 0.060119 0.036632
0.427785 0.401982 0.052478 0.031451
0.523249 0.726977 0.056524 0.032205
0.323656 0.696275 0.048730 0.036240
0.140972 0.376352 0.058969 0.026968
0.628059 0.141047 0.049035 0.036678
0.234349 0.520569 0.047588 0.033508
0.236500 0.271646 0.050146 0.036084
0.145113 0.345464 0.065343 0.028119
0.325638 0.543421 0.060103 0.033924
0.524418 0.281605 0.050892 0.033316
0.631131 0.202737 0.051780 0.030850
0.903655 0.396525 0.052378 0.031429
0.815019 0.133447 0.049455 0.033186
0.630374 0.277191 0.051956 0.030030
0.530663 0.487722 0.053055 0.037507
0.525995 0.241722 0.047517 0.034045
0.525768 0.588331 0.050329 0.030524
0.236336 0.315311 0.059698 0.043531
0.331894 0.367692 0.048132 0.029450
0.127780 0.907917 0.053180 0.033255
0.130322 0.601089 0.054597 0.037450
0.331417 0.433938 0.043773 0.034184
0.421087 0.765964 0.048765 0.034041
0.905457 0.196357 0.046990 0.027069
0.817905 0.384270 0.050110 0.027741
0.431668 0.476290 0.064932 0.029300
0.526746 0.651390 0.054111 0.031210
0.323409 0.767603 0.050920 0.029155
0.429038 0.286330 0.050741 0.034797
0.142038 0.107419 0.053796 0.033137
0.137406 0.411067 0.053868 0.036120
0.720996 0.103331 0.049184 0.029419
0.333808 0.266222 0.061231 0.026959
0.130343 0.527431 0.045444 0.033252
0.421520 0.805312 0.056881 0.037507
0.122538 0.874022 0.052857 0.026281
0.897884 0.530079 0.050238 0.031688
0.816343 0.282631 0.052900 0.029735
0.807071 0.665748 0.052910 0.028561
0.332344 0.579275 0.057088 0.033585
0.223921 0.773059 0.053658 0.031692
0.120324 0.811633 0.050067 0.035896
0.419464 0.735008 0.046617 0.025367
0.528455 0.762855 0.059848 0.028391
0.622313 0.410949 0.049752 0.030810
0.622241 0.445588 0.052977 0.029580
0.224623 0.806796 0.055484 0.031016
0.336852 0.236284 0.066533 0.026692
0.526310 0.799806 0.053320 0.035718
0.720437 0.200990 0.049039 0.032216
0.225170 0.839213 0.060485 0.026791
0.805534 0.634269 0.044540 0.027317
0.814168 0.207375 0.050402 0.042831
0.327149 0.655463 0.049447 0.031549
0.124546 0.675847 0.050101 0.032722
0.533549 0.104145 0.045046 0.036144
0.237739 0.583760 0.054557 0.033061
0.529891 0.553846 0.044011 0.030567
0.625585 0.241458 0.045427 0.034871
0.231046 0.620016 0.049851 0.034107
0.335302 0.203976 0.052439 0.035694
0.528235 0.356407 0.056444 0.030209
0.721432 0.133968 0.051500 0.026022
0.814225 0.350992 0.053154 0.028583
0.526796 0.176236 0.050601 0.023034
0.141470 0.206616 0.063078 0.025183
0.721651 0.169537 0.054380 0.033615
0.234936 0.551550 0.059483 0.026211
0.721935 0.297274 0.048848 0.029615
0.901646 0.491787 0.048089 0.032931
0.627829 0.349828 0.056405 0.027399
0.325467 0.617523 0.045757 0.040235
0.899174 0.455959 0.047112 0.031503
0.627636 0.650193 0.056683 0.030872
0.723514 0.265122 0.050078 0.029468
0.124760 0.638669 0.050716 0.029192
0.220289 0.899207 0.048361 0.035311
0.231969 0.654444 0.056381 0.028862
0.908000 0.126885 0.049355 0.034046
0.422833 0.701800 0.051889 0.032047
0.426002 0.661376 0.055414 0.034809
0.816593 0.099227 0.052239 0.024141
0.811804 0.248938 0.056797 0.033567
0.617693 0.772310 0.044836 0.031540
0.812322 0.538181 0.046841 0.028201
0.531165 0.522902 0.052483 0.026141
0.526865 0.320242 0.045142 0.035636
0.528297 0.621137 0.049651 0.025071
0.141476 0.240252 0.046370 0.036016
0.120784 0.708108 0.051581 0.031550
0.321990 0.733714 0.041293 0.031251
0.811443 0.479081 0.046928 0.030854
0.325250 0.805036 0.056196 0.036578
0.318636 0.884106 0.047024 0.038107
0.902533 0.359802 0.045537 0.031777
0.815202 0.168040 0.056630 0.028548
0.334777 0.296631 0.045247 0.025620
0.726214 0.232203 0.056018 0.026885
0.895013 0.826420 0.050578 0.032536
0.813928 0.448100 0.053139 0.022974
0.229621 0.449005 0.049292 0.035782
0.625248 0.580071 0.043785 0.031235
0.802008 0.734829 0.040016 0.030585
0.425548 0.159271 0.041560 0.028930
0.132382 0.492471 0.052928 0.027944
0.339377 0.076875 0.051483 0.042689
0.232208 0.236361 0.043010 0.031837
0.804066 0.570105 0.049047 0.025183
0.629965 0.103316 0.044678 0.028928
0.330814 0.166789 0.042770 0.031555
0.525697 0.143891 0.050617 0.033311
0.132224 0.564073 0.051686 0.027734
0.622866 0.510335 0.043291 0.033858
0.804708 0.601034 0.041427 0.028792
0.423659 0.546185 0.052885 0.033061
0.528939 0.688021 0.048997 0.034440
0.623355 0.720213 0.048429 0.030363
0.895193 0.629776 0.046847 0.038299
0.624821 0.546118 0.048727 0.029441
0.124607 0.779496 0.055491 0.025859
0.426079 0.325291 0.045585 0.034151
0.528854 0.445950 0.051482 0.032871
0.623815 0.615334 0.043653 0.030525
0.133213 0.453093 0.050240 0.036670
0.899276 0.594592 0.048209 0.027972
0.332197 0.112376 0.055097 0.026384
0.816777 0.418127 0.039682 0.030589
0.896216 0.668683 0.049965 0.030668
0.813435 0.315830 0.040203 0.028867
0.726823 0.383119 0.047977 0.030904
0.888620 0.910733 0.040946 0.030898
0.519906 0.905153 0.052289 0.039246
0.911790 0.288200 0.047553 0.032429
0.630690 0.073634 0.050074 0.031727
0.226456 0.691384 0.043589 0.037017
0.889744 0.790404 0.040849 0.029480
0.908307 0.227950 0.037151 0.028937
0.423947 0.255412 0.053911 0.021396
0.430989 0.510176 0.052905 0.027945
0.804309 0.698645 0.037984 0.032796
0.230137 0.414455 0.038729 0.030052
0.898912 0.429519 0.041944 0.022900
0.802974 0.817621 0.045540 0.037761
0.716123 0.072416 0.051431 0.022080
0.887642 0.758602 0.040883 0.026616
0.797293 0.851300 0.040036 0.026899
0.627723 0.173472 0.047595 0.021490
0.233367 0.204106 0.040189 0.026744
0.622244 0.905486 0.059594 0.026277
0.798697 0.880291 0.041089 0.025935
0.422846 0.866784 0.049567 0.029667
0.617776 0.809536 0.045502 0.036775
0.906720 0.323262 0.041896 0.030991
0.524053 0.387729 0.060588 0.024283
0.618497 0.846436 0.044112 0.028089
0.235286 0.386433 0.052752 0.021644
0.422330 0.895029 0.061651 0.029104
0.318586 0.915328 0.043833 0.024370
0.890285 0.883172 0.052917 0.021967
0.908665 0.165159 0.040862 0.025719
0.143779 0.178540 0.057087 0.020268
0.808304 0.509066 0.041254 0.019619
0.235193 0.176664 0.045846 0.020777
0.627594 0.378813 0.042007 0.029187
0.424795 0.070134 0.052479 0.023540
0.428979 0.094491 0.048348 0.019922
0.800967 0.910665 0.050096 0.026459
0.889288 0.856175 0.049658 0.023845
0.335157 0.137303 0.056152 0.019975
0.620847 0.745043 0.046412 0.019993
0.906302 0.086047 0.041102 0.036005
0.236226 0.073314 0.038651 0.035622
0.127725 0.844238 0.052750 0.019872
0.890653 0.700453 0.038095 0.029574
0.520589 0.836045 0.052729 0.030725
0.894308 0.729175 0.047007 0.022799
0.720955 0.447452 0.047980 0.032020
0.423615 0.586947 0.039991 0.037655
0.427201 0.189338 0.043983 0.024613
0.220382 0.868166 0.043185 0.021915
0.619272 0.876151 0.061350 0.022819
0.531290 0.413762 0.058047 0.021948
0.423516 0.623316 0.050736 0.036960
0.907458 0.255534 0.038754 0.021983
0.319829 0.844877 0.036800 0.030097
0.899795 0.561817 0.034976 0.026809
0.722308 0.416044 0.034085 0.028996
0.534580 0.071044 0.050845 0.020578
0.627836 0.477392 0.052520 0.031915
0.801223 0.773203 0.051014 0.032935
0.721818 0.326522 0.040528 0.018902
0.723991 0.350399 0.036630 0.024892
0.519684 0.864860 0.055306 0.027530
0.822020 0.072422 0.049337 0.019216
0.422579 0.918310 0.047678 0.019027
0.421383 0.838387 0.053000 0.024229
