0.269456 0.696529 0.079471 0.049114
0.381849 0.846217 0.083432 0.054571
0.264467 0.115022 0.083958 0.054347
0.172839 0.923935 0.071789 0.048577
0.052418 0.115817 0.074898 0.058597
0.484069 0.231102 0.077916 0.051699
0.173572 0.870994 0.069665 0.050108
0.379878 0.788699 0.082575 0.050984
0.271976 0.580523 0.075692 0.049972
0.831832 0.627913 0.078496 0.051011
0.066945 0.815657 0.082315 0.051852
0.937202 0.279599 0.087709 0.051021
0.277112 0.855777 0.082463 0.050254
0.376617 0.261342 0.082748 0.051708
0.373235 0.320098 0.086241 0.056215
0.597179 0.225569 0.078644 0.046242
0.484122 0.667257 0.073672 0.052826
0.162070 0.160672 0.088630 0.059068
0.713931 0.154394 0.078216 0.048917
0.823937 0.253258 0.080488 0.051269
0.599776 0.833941 0.090893 0.050206
0.061370 0.973277 0.073557 0.040317
0.163099 0.104650 0.076904 0.049886
0.270891 0.292171 0.081202 0.057843
0.269699 0.465270 0.079470 0.053656
0.059889 0.390548 0.080777 0.044848
0.706228 0.103166 0.092772 0.044166
0.374979 0.485808 0.083977 0.047050
0.593170 0.549419 0.087765 0.047286
0.480909 0.118570 0.074978 0.054652
0.484502 0.897168 0.087973 0.054029
0.827961 0.572164 0.072611 0.049648
0.163401 0.483758 0.092736 0.057730
0.065088 0.653140 0.069116 0.049382
0.603785 0.330268 0.083555 0.055109
0.830740 0.518105 0.074566 0.048183
0.719875 0.888857 0.074737 0.046491
0.723005 0.836667 0.081823 0.054576
0.940141 0.441062 0.077517 0.053371
0.934142 0.170753 0.074848 0.056126
0.172464 0.971311 0.086938 0.040791
0.055503 0.055964 0.088618 0.055056
0.376629 0.733300 0.085377 0.049192
0.713372 0.052592 0.079511 0.047151
0.835363 0.873308 0.075741 0.047253
0.068024 0.876086 0.074948 0.058327
0.826317 0.310078 0.083854 0.052476
0.165082 0.428059 0.081747 0.048840
0.480750 0.341364 0.080475 0.049556
0.935556 0.228442 0.083156 0.047392
0.376992 0.680699 0.084896 0.047635
0.828567 0.921534 0.068748 0.037140
0.831437 0.365473 0.086479 0.049658
0.718520 0.675980 0.088479 0.046494
0.601707 0.494277 0.077159 0.053527
0.273862 0.804758 0.081871 0.046164
0.935565 0.810741 0.073590 0.037949
0.939012 0.710920 0.079628 0.040035
0.278326 0.906988 0.073200 0.048539
0.270626 0.405793 0.072014 0.057473
0.594670 0.174943 0.067986 0.050129
0.168959 0.721154 0.081800 0.050186
0.940729 0.107915 0.073217 0.054715
0.174258 0.816742 0.071492 0.047250
0.484556 0.175924 0.083613 0.053262
0.164964 0.275158 0.072513 0.045405
0.055350 0.175806 0.072757 0.055826
0.488942 0.613546 0.067098 0.045926
0.486949 0.841490 0.074919 0.049714
0.061088 0.708629 0.086655 0.054099
0.830374 0.466483 0.084815 0.046408
0.164770 0.376370 0.060920 0.048252
0.055990 0.339074 0.069125 0.047370
0.267394 0.638527 0.081664 0.056265
0.836488 0.779884 0.089581 0.045615
0.373711 0.104091 0.071266 0.045177
0.942143 0.385927 0.083457 0.051669
0.937081 0.663254 0.069458 0.046686
0.486389 0.516275 0.084593 0.041364
0.937917 0.334038 0.073671 0.044801
0.724385 0.781271 0.079445 0.047005
0.173642 0.771003 0.074302 0.037445
0.940566 0.954150 0.073537 0.042302
0.709665 0.258866 0.080705 0.056998
0.378605 0.628866 0.079215 0.043213
0.275162 0.232157 0.078727 0.053925
0.709108 0.319402 0.067756 0.053562
0.161038 0.054314 0.073546 0.051215
0.278300 0.960660 0.077149 0.055034
0.598441 0.886691 0.076940 0.048661
0.834418 0.684382 0.081996 0.053925
0.056546 0.600524 0.081744 0.041044
0.370994 0.583195 0.063715 0.038626
0.716934 0.204479 0.084370 0.045483
0.832906 0.163345 0.078551 0.040911
0.934045 0.605810 0.069435 0.051728
0.830073 0.205658 0.073441 0.041230
0.595780 0.276794 0.069280 0.050044
0.169787 0.601012 0.073241 0.052198
0.715596 0.936353 0.079984 0.043298
0.377436 0.154639 0.087049 0.050500
0.373244 0.054340 0.079512 0.046671
0.606247 0.384954 0.086816 0.049404
0.711041 0.577444 0.079908 0.048573
0.940135 0.761848 0.062827 0.051132
0.372531 0.538116 0.070553 0.040318
0.599174 0.438917 0.071795 0.055300
0.172677 0.544961 0.071038 0.054589
0.482224 0.286942 0.092620 0.047285
0.059825 0.438828 0.068836 0.040523
0.824625 0.059773 0.089397 0.060025
0.484156 0.058136 0.080051 0.054282
0.710962 0.374402 0.079199 0.051660
0.067860 0.928842 0.070965 0.045233
0.057313 0.234560 0.075788 0.053402
0.714073 0.523950 0.079622 0.053585
0.374494 0.207540 0.075579 0.053176
0.487908 0.724671 0.073798 0.057208
0.055674 0.286797 0.066863 0.044335
0.485465 0.565789 0.065129 0.041059
0.591496 0.119301 0.066915 0.054566
0.269810 0.525730 0.084422 0.057862
0.493913 0.785673 0.085506 0.052531
0.935671 0.908766 0.081752 0.048595
0.828803 0.115763 0.081364 0.043233
0.168900 0.222164 0.071414 0.054565
0.063642 0.762034 0.074694 0.041453
0.171040 0.663599 0.075444 0.058480
0.934538 0.051731 0.064318 0.046596
0.055964 0.547242 0.063121 0.045144
0.602418 0.968386 0.101646 0.041593
0.488987 0.397002 0.076457 0.054567
0.597792 0.605274 0.071370 0.049959
0.383776 0.903131 0.078057 0.053840
0.831090 0.964835 0.056926 0.043351
0.936972 0.552764 0.061903 0.040764
0.828923 0.733427 0.065895 0.040410
0.263497 0.058705 0.062230 0.050973
0.719858 0.422963 0.071298 0.040503
0.165451 0.326990 0.064418 0.045027
0.717892 0.626755 0.062147 0.046798
0.267283 0.350412 0.078191 0.047985
0.061467 0.490151 0.066014 0.050255
0.602970 0.786350 0.078817 0.041209
0.943578 0.858565 0.086526 0.048651
0.484390 0.946867 0.080325 0.045860
0.373711 0.431746 0.083040 0.051514
0.594626 0.058371 0.076994 0.056340
0.598949 0.712820 0.063850 0.054079
0.382952 0.961976 0.067107 0.055732
0.717658 0.729124 0.064532 0.050042
0.595317 0.659449 0.071283 0.049304
0.830765 0.417595 0.058313 0.046711
0.938474 0.499369 0.075056 0.053617
0.274200 0.753147 0.058597 0.052166
0.717513 0.970877 0.095531 0.034121
0.831479 0.825930 0.056420 0.041173
0.381005 0.375319 0.080812 0.043733
0.483502 0.460705 0.057202 0.056800
0.713713 0.470820 0.090916 0.049312
0.603134 0.929467 0.050102 0.035989
0.267967 0.173116 0.062666 0.055744
0.488565 0.972434 0.072879 0.035686
