0.504912 0.211241 0.062354 0.040808
0.826714 0.210555 0.062904 0.030835
0.821985 0.573825 0.073037 0.040847
0.172569 0.358532 0.067665 0.043480
0.174036 0.103630 0.062360 0.041774
0.616390 0.104118 0.065087 0.038643
0.276465 0.199783 0.070384 0.046044
0.821218 0.529991 0.056846 0.037567
0.390842 0.180314 0.061434 0.035333
0.394403 0.140835 0.066171 0.038937
0.506469 0.969538 0.074087 0.042359
0.717271 0.869616 0.053079 0.032407
0.824018 0.652217 0.070175 0.039698
0.824383 0.384819 0.070398 0.040146
0.509018 0.098716 0.070797 0.041884
0.940410 0.321746 0.053879 0.036936
0.282195 0.757496 0.071820 0.041508
0.398191 0.671914 0.056736 0.035638
0.502392 0.058178 0.056786 0.036027
0.718212 0.166070 0.051508 0.033147
0.391221 0.096634 0.081339 0.039576
0.504195 0.888514 0.064334 0.044691
0.068910 0.259998 0.055960 0.043271
0.172215 0.280947 0.058707 0.037034
0.727853 0.651520 0.053619 0.036645
0.721395 0.555077 0.057656 0.034114
0.932280 0.826323 0.066147 0.039857
0.280215 0.800157 0.059493 0.042022
0.824196 0.850081 0.066292 0.040660
0.398455 0.635140 0.052260 0.033636
0.279752 0.873852 0.051931 0.035821
0.508914 0.846001 0.058253 0.038404
0.929587 0.908347 0.061792 0.037004
0.938160 0.256333 0.054413 0.036624
0.172057 0.704283 0.051275 0.036708
0.928944 0.107268 0.059563 0.035969
0.940135 0.471495 0.056442 0.039286
0.173979 0.443228 0.064149 0.033490
0.930030 0.218515 0.063937 0.035105
0.615676 0.142230 0.057395 0.034281
0.721924 0.689730 0.062111 0.037747
0.494249 0.285487 0.054195 0.042473
0.716474 0.129829 0.048922 0.034429
0.939362 0.690522 0.060358 0.037716
0.818385 0.812029 0.051590 0.033750
0.065797 0.888497 0.054704 0.036222
0.067263 0.388367 0.060755 0.045289
0.823127 0.917784 0.059986 0.039918
0.504583 0.702688 0.061648 0.034971
0.504550 0.625370 0.063976 0.035201
0.392482 0.281444 0.055570 0.036558
0.826958 0.175328 0.057911 0.034711
0.175134 0.403766 0.058761 0.045333
0.065301 0.306699 0.055093 0.041189
0.390359 0.059091 0.061723 0.037266
0.397731 0.875620 0.054163 0.037570
0.164636 0.027097 0.062134 0.039518
0.939231 0.358592 0.057349 0.036712
0.720955 0.906053 0.052251 0.035420
0.068592 0.060951 0.059595 0.042650
0.174175 0.143708 0.048502 0.036082
0.175200 0.775548 0.053992 0.041387
0.940333 0.512766 0.062227 0.039965
0.176307 0.739024 0.063988 0.032545
0.073626 0.345595 0.061929 0.037347
0.282679 0.282386 0.054113 0.045636
0.065434 0.142461 0.054753 0.044374
0.821236 0.456265 0.058856 0.038439
0.288839 0.609823 0.049003 0.042519
0.070313 0.221685 0.054281 0.030764
0.937845 0.184498 0.059466 0.031444
0.283747 0.909913 0.054797 0.037812
0.923405 0.868367 0.078752 0.041046
0.276240 0.839070 0.057719 0.032933
0.398077 0.538774 0.058311 0.032259
0.176928 0.318797 0.055150 0.035765
0.287163 0.684570 0.053546 0.033973
0.502107 0.440089 0.067270 0.037970
0.613196 0.462917 0.053561 0.033381
0.826896 0.728438 0.050567 0.038901
0.501150 0.516148 0.077187 0.035026
0.397334 0.951003 0.059943 0.042856
0.498292 0.665574 0.056112 0.041848
0.503489 0.774412 0.063782 0.036727
0.068030 0.433594 0.055616 0.043503
0.611956 0.244947 0.053044 0.041629
0.502712 0.588370 0.065508 0.037536
0.717211 0.458272 0.045698 0.033722
0.285395 0.326879 0.056456 0.040252
0.400896 0.711943 0.062593 0.043332
0.174337 0.664212 0.058088 0.038188
0.825244 0.347370 0.047563 0.032762
0.172742 0.065756 0.052057 0.032475
0.824933 0.956665 0.051811 0.033327
0.724751 0.772838 0.052284 0.035045
0.928298 0.068386 0.053161 0.036587
0.611027 0.322087 0.057120 0.033869
0.820538 0.770958 0.049374 0.040169
0.712081 0.421477 0.045925 0.032807
0.724975 0.837921 0.047421 0.031485
0.401556 0.912119 0.062668 0.034787
0.507266 0.928630 0.051590 0.036827
0.395911 0.324115 0.054189 0.044501
0.170624 0.177600 0.051531 0.032827
0.498551 0.247689 0.050545 0.032457
0.616449 0.427205 0.053084 0.037909
0.279615 0.071953 0.053082 0.041580
0.828950 0.140776 0.045217 0.033498
0.066239 0.102857 0.056236 0.039506
0.936989 0.729524 0.071889 0.036751
0.825901 0.613729 0.052009 0.034582
0.504767 0.477638 0.052166 0.039499
0.723408 0.586212 0.049852 0.029584
0.068516 0.185159 0.048850 0.034908
0.173990 0.814174 0.056721 0.030607
0.827357 0.690176 0.049282 0.033841
0.284258 0.567277 0.049485 0.039313
0.942964 0.575011 0.054734 0.037108
0.824644 0.279078 0.054179 0.037693
0.281663 0.243351 0.052636 0.032972
0.064630 0.676881 0.053290 0.042484
0.065056 0.631837 0.052337 0.042848
0.170970 0.929171 0.050310 0.041640
0.620849 0.882307 0.050431 0.039283
0.824408 0.494283 0.052106 0.031041
0.826377 0.068378 0.060865 0.034914
0.825282 0.107122 0.048385 0.038068
0.930952 0.790360 0.063158 0.031810
0.067816 0.589879 0.064189 0.035509
0.943356 0.612515 0.052756 0.033852
0.614230 0.175074 0.051355 0.031467
0.614961 0.840303 0.051342 0.044186
0.277322 0.029541 0.058962 0.040701
0.171200 0.964973 0.053972 0.030213
0.506494 0.140770 0.048857 0.035476
0.724272 0.806299 0.045962 0.032060
0.824739 0.242840 0.050205 0.030693
0.499201 0.023684 0.057305 0.032421
0.282420 0.950782 0.050834 0.039343
0.397880 0.753233 0.043593 0.036341
0.607200 0.727055 0.083548 0.039662
0.718384 0.492282 0.042387 0.031591
0.507454 0.808918 0.046764 0.033679
0.284760 0.718575 0.048732 0.033422
0.174249 0.849193 0.052072 0.035154
0.401023 0.468555 0.054582 0.029731
0.070613 0.557905 0.056125 0.028869
0.286947 0.648619 0.051613 0.035210
0.714168 0.232917 0.046614 0.036594
0.826025 0.313747 0.043542 0.035497
0.390580 0.023554 0.050270 0.030821
0.711547 0.096190 0.044691 0.033631
0.725109 0.617210 0.043470 0.029299
0.617429 0.955202 0.065005 0.035921
0.063365 0.855083 0.044550 0.033876
0.722264 0.937208 0.043119 0.030197
0.392295 0.789337 0.048367 0.032084
0.397411 0.364723 0.044722 0.033707
0.282980 0.366914 0.048211 0.033505
0.397894 0.431201 0.045144 0.042208
0.614219 0.388462 0.050866 0.035053
0.395708 0.830413 0.049662 0.046887
0.933322 0.027802 0.052692 0.037947
0.283348 0.154279 0.052060 0.040774
0.712785 0.027680 0.050718 0.036515
0.497454 0.323083 0.047133 0.033224
0.933301 0.146480 0.043894 0.040990
0.175481 0.520620 0.048730 0.043952
0.064100 0.743813 0.049951 0.034818
0.497760 0.355723 0.051369 0.034371
0.396036 0.604741 0.054276 0.027012
0.626562 0.919983 0.060176 0.035152
0.062453 0.925070 0.053027 0.035752
0.505659 0.737682 0.049240 0.034066
0.717490 0.313278 0.046916 0.033854
0.613288 0.799075 0.050738 0.035918
0.711196 0.356171 0.051757 0.039793
0.720514 0.522088 0.043760 0.027510
0.612907 0.060299 0.046902 0.042805
0.495784 0.549055 0.059693 0.038527
0.283869 0.524307 0.051777 0.041019
0.061117 0.712212 0.051723 0.032115
0.064101 0.958070 0.047953 0.033635
0.942285 0.288477 0.057554 0.022666
0.930319 0.948377 0.051951 0.039413
0.939234 0.393543 0.059793 0.030669
0.822167 0.422324 0.046841 0.030560
0.608673 0.765216 0.064339 0.036563
0.826187 0.885688 0.051686 0.025489
0.285734 0.480590 0.047314 0.042483
0.169272 0.211651 0.043899 0.033555
0.614211 0.206227 0.042372 0.030669
0.168558 0.246451 0.045196 0.030440
0.819903 0.031160 0.049565 0.042265
0.071918 0.526689 0.052041 0.035596
0.284102 0.446945 0.048412 0.026728
0.941874 0.647255 0.047879 0.038982
0.174991 0.478864 0.056430 0.038648
0.283182 0.113448 0.060529 0.037654
0.616165 0.499375 0.056873 0.035839
0.392129 0.245994 0.042668 0.030844
0.615709 0.686453 0.048979 0.039357
0.614754 0.572725 0.046044 0.045419
0.722826 0.732890 0.045962 0.042131
0.401616 0.394998 0.050742 0.027431
0.613389 0.534127 0.047290 0.028721
0.725612 0.965236 0.044841 0.029153
0.617129 0.615030 0.044156 0.032656
0.717064 0.199788 0.045389 0.024883
0.614125 0.651211 0.059195 0.034724
0.399816 0.502596 0.043170 0.036829
0.611201 0.354257 0.044697 0.031772
0.074394 0.023642 0.054489 0.027655
0.714094 0.061879 0.042688 0.032678
0.710647 0.391607 0.040054 0.024338
0.613039 0.021444 0.041984 0.029173
0.169079 0.887111 0.049164 0.038870
0.939483 0.544982 0.064524 0.020191
0.391347 0.216737 0.040563 0.029323
0.062458 0.820043 0.046174 0.037274
0.612708 0.285730 0.040431 0.035922
0.717724 0.272339 0.040240 0.037802
0.941310 0.430256 0.087360 0.041020
0.501152 0.173637 0.045291 0.029994
0.937185 0.761105 0.048256 0.025742
0.175048 0.620599 0.055846 0.045225
0.397281 0.572165 0.043830 0.033088
0.287866 0.408012 0.054060 0.045231
0.501100 0.398716 0.054363 0.046977
0.068489 0.483246 0.045607 0.050494
0.065274 0.778627 0.058802 0.037675
0.177787 0.567374 0.055483 0.048192
