0.597079 0.501705 0.080840 0.053295
0.166955 0.319179 0.074452 0.055336
0.602387 0.171694 0.089559 0.057026
0.382010 0.163657 0.084212 0.050531
0.170996 0.656239 0.088568 0.048830
0.384210 0.109456 0.079234 0.055899
0.600236 0.441649 0.077257 0.055373
0.704754 0.856057 0.078646 0.052050
0.171358 0.602973 0.080824 0.050210
0.169109 0.377567 0.084740 0.054596
0.383391 0.593849 0.085557 0.050909
0.602844 0.280573 0.090496 0.059403
0.483999 0.390219 0.077320 0.048301
0.170983 0.813930 0.076693 0.042418
0.834041 0.611254 0.082041 0.057649
0.596707 0.554275 0.081354 0.042113
0.489067 0.224111 0.068708 0.046371
0.376744 0.433838 0.093719 0.052602
0.063921 0.107208 0.073949 0.052255
0.384650 0.214578 0.091208 0.048541
0.373696 0.490046 0.078516 0.052735
0.826537 0.443845 0.069341 0.053935
0.483501 0.753150 0.085308 0.048751
0.600714 0.713513 0.079143 0.046459
0.822972 0.498653 0.071885 0.047118
0.708566 0.913110 0.085574 0.054957
0.386628 0.054829 0.074644 0.047269
0.484531 0.496196 0.081846 0.049930
0.717224 0.366924 0.081384 0.052059
0.930669 0.760809 0.083330 0.056786
0.934023 0.395489 0.071338 0.058800
0.490289 0.443612 0.070757 0.050631
0.065635 0.161307 0.069095 0.052805
0.598277 0.661673 0.068975 0.054705
0.375828 0.542734 0.083273 0.043387
0.706453 0.798010 0.086942 0.061912
0.064674 0.846305 0.066372 0.047451
0.270928 0.355640 0.077986 0.050896
0.938334 0.700011 0.076322 0.058483
0.170447 0.544852 0.071064 0.049979
0.935492 0.223307 0.081720 0.055231
0.272688 0.232574 0.075953 0.044610
0.172411 0.204706 0.066737 0.046277
0.067012 0.489481 0.075834 0.043238
0.710373 0.648385 0.079544 0.051067
0.928814 0.642408 0.069053 0.052578
0.930966 0.538099 0.077533 0.050504
0.486745 0.334448 0.074185 0.054012
0.594932 0.831421 0.072866 0.047191
0.062966 0.898330 0.081290 0.051015
0.938657 0.276105 0.074224 0.043768
0.377712 0.916147 0.090772 0.045215
0.063796 0.377021 0.073025 0.054429
0.829160 0.235051 0.076538 0.057768
0.712802 0.594847 0.081368 0.045008
0.166627 0.764776 0.060295 0.051076
0.601437 0.113386 0.079594 0.059569
0.066354 0.215179 0.075113 0.050260
0.376967 0.756805 0.073169 0.044645
0.491107 0.805757 0.080424 0.048710
0.485519 0.704603 0.089659 0.048857
0.718037 0.543232 0.066622 0.053378
0.170765 0.867189 0.065052 0.059047
0.817653 0.961852 0.091755 0.054932
0.716936 0.205752 0.077193 0.058276
0.489428 0.170683 0.068500 0.054173
0.268873 0.782339 0.082664 0.051812
0.372786 0.866902 0.081008 0.045553
0.826610 0.786056 0.076590 0.050898
0.066190 0.536149 0.072401 0.042353
0.491613 0.855802 0.087579 0.047911
0.066764 0.436721 0.070430 0.055489
0.494119 0.550127 0.080947 0.049978
0.926432 0.814794 0.077004 0.048487
0.383530 0.273722 0.075782 0.058827
0.825010 0.839902 0.074475 0.046109
0.068228 0.053444 0.073623 0.052030
0.492483 0.058471 0.085015 0.059012
0.064550 0.583352 0.091187 0.050682
0.270527 0.411661 0.075336 0.053175
0.380898 0.705975 0.082648 0.044958
0.717224 0.428573 0.073506 0.059787
0.172876 0.154422 0.067428 0.045911
0.270343 0.950765 0.075162 0.056452
0.718437 0.487171 0.076141 0.052610
0.382903 0.813007 0.065164 0.052299
0.605190 0.054944 0.086231 0.053859
0.825670 0.731029 0.071193 0.049344
0.061934 0.747824 0.072556 0.047932
0.491300 0.598634 0.072306 0.044242
0.606406 0.225447 0.085205 0.040299
0.723672 0.097259 0.080456 0.046974
0.062334 0.323189 0.061347 0.049337
0.068867 0.692802 0.072190 0.052505
0.588209 0.881238 0.081109 0.045297
0.928039 0.920385 0.090236 0.046456
0.269409 0.521596 0.083041 0.047710
0.939436 0.334321 0.067938 0.058573
0.269744 0.726585 0.077425 0.051905
0.379990 0.652103 0.083890 0.055443
0.712588 0.962604 0.087606 0.040973
0.174616 0.437507 0.073234 0.054998
0.173525 0.491162 0.077004 0.053233
0.822759 0.901032 0.073061 0.057005
0.593442 0.927218 0.081258 0.045284
0.830473 0.554161 0.067080 0.055071
0.601893 0.607369 0.073194 0.050146
0.488612 0.652201 0.075744 0.052519
0.493795 0.117553 0.074010 0.055118
0.281845 0.172962 0.080532 0.058325
0.169485 0.711374 0.061454 0.048043
0.827733 0.335315 0.069905 0.035849
0.725105 0.147377 0.095521 0.050733
0.278016 0.052920 0.068701 0.047589
0.941436 0.169787 0.068471 0.044637
0.492698 0.277374 0.070493 0.052678
0.071094 0.268316 0.070771 0.049436
0.171977 0.260668 0.061671 0.053438
0.605758 0.388928 0.080839 0.039952
0.936463 0.447215 0.072159 0.034767
0.829935 0.386501 0.065185 0.054450
0.938481 0.490624 0.067879 0.040708
0.932099 0.964724 0.090861 0.039826
0.273465 0.884247 0.083320 0.062703
0.930754 0.869127 0.058284 0.048840
0.065001 0.798199 0.052514 0.044248
0.833976 0.117900 0.078737 0.060341
0.833041 0.175794 0.077135 0.055076
0.167140 0.966625 0.066707 0.039995
0.717832 0.700034 0.057839 0.046936
0.719223 0.745342 0.076923 0.034421
0.718265 0.313636 0.063907 0.047660
0.275094 0.831671 0.081620 0.037295
0.827589 0.289095 0.052962 0.046099
0.384597 0.963748 0.082908 0.046154
0.720254 0.262026 0.067568 0.053882
0.827875 0.672652 0.070247 0.057477
0.277942 0.573919 0.066840 0.047576
0.166669 0.924747 0.059465 0.044174
0.596000 0.967035 0.086419 0.036014
0.279432 0.109228 0.070274 0.056834
0.482422 0.959730 0.089763 0.051186
0.596680 0.773907 0.068435 0.061341
0.376148 0.377820 0.075267 0.059662
0.936294 0.589715 0.080441 0.038885
0.599998 0.337573 0.061459 0.051409
0.830985 0.060087 0.067495 0.056240
0.066506 0.636366 0.061099 0.052562
0.940368 0.051857 0.070349 0.046380
0.940749 0.112276 0.069082 0.064508
0.062551 0.940725 0.077955 0.035923
0.487688 0.904113 0.056344 0.048402
0.273339 0.467772 0.055273 0.049009
0.183521 0.057157 0.092220 0.057308
0.387399 0.323761 0.075780 0.039440
0.175898 0.106596 0.054566 0.044796
0.721526 0.050315 0.082775 0.041965
0.275423 0.291301 0.077729 0.060363
0.272037 0.674944 0.063923 0.049216
0.276031 0.628012 0.073251 0.049925
0.069317 0.972607 0.093702 0.034919
