0.580335 0.856321 0.066042 0.038530
0.698049 0.699579 0.061044 0.037263
0.477956 0.702432 0.069833 0.039633
0.808098 0.959664 0.067983 0.039106
0.697449 0.787263 0.063490 0.047030
0.703231 0.868177 0.058340 0.037985
0.932813 0.842577 0.069732 0.042835
0.698995 0.739567 0.064841 0.040954
0.369960 0.760512 0.058950 0.038808
0.377026 0.219875 0.069776 0.043081
0.943251 0.340904 0.063998 0.035725
0.810873 0.922100 0.055359 0.036092
0.700130 0.909551 0.061076 0.043105
0.821544 0.490076 0.073182 0.039552
0.581401 0.618659 0.062897 0.043637
0.936692 0.379246 0.061700 0.037648
0.369030 0.382325 0.067216 0.032724
0.579946 0.752731 0.070287 0.041129
0.586961 0.895541 0.058863 0.039058
0.707684 0.347736 0.069282 0.048445
0.601705 0.266337 0.055679 0.034841
0.368183 0.718169 0.061622 0.042707
0.943581 0.423614 0.053762 0.045041
0.828805 0.311518 0.084391 0.048523
0.715446 0.136071 0.058736 0.037530
0.575541 0.703845 0.059084 0.048236
0.944956 0.466078 0.057222 0.037237
0.827964 0.264927 0.064954 0.038579
0.704970 0.614858 0.054846 0.043417
0.821334 0.447464 0.060850 0.041952
0.942719 0.230450 0.057884 0.040272
0.148205 0.943108 0.049795 0.032785
0.821086 0.711336 0.054555 0.037983
0.480759 0.857127 0.057649 0.036451
0.935549 0.883807 0.051030 0.035793
0.583491 0.789236 0.060073 0.029596
0.266278 0.319108 0.060325 0.039171
0.371447 0.799625 0.056265 0.037246
0.934443 0.917277 0.060293 0.032527
0.938550 0.605978 0.052471 0.041902
0.584740 0.820294 0.059128 0.030136
0.164049 0.214428 0.075867 0.043504
0.813727 0.885579 0.050765 0.032570
0.710188 0.538404 0.063727 0.037366
0.714513 0.062680 0.061094 0.040573
0.717785 0.212429 0.064135 0.039594
0.597252 0.345857 0.049934 0.032130
0.048862 0.723573 0.074315 0.042219
0.715171 0.099960 0.059395 0.033194
0.369368 0.838070 0.053237 0.036323
0.267664 0.360312 0.062175 0.037722
0.059510 0.529121 0.054715 0.039847
0.933011 0.764226 0.071085 0.043329
0.592224 0.417576 0.054524 0.039602
0.936005 0.951401 0.055605 0.035322
0.822913 0.752467 0.074535 0.041795
0.935625 0.803070 0.057484 0.034924
0.939382 0.646163 0.053102 0.038177
0.251217 0.926716 0.069058 0.037568
0.834546 0.186993 0.054950 0.036987
0.475322 0.814200 0.061987 0.051535
0.700077 0.830431 0.051123 0.033948
0.159049 0.481054 0.056571 0.046034
0.256518 0.618805 0.069222 0.042282
0.711768 0.258049 0.054778 0.042828
0.380105 0.178501 0.055461 0.039599
0.705452 0.657123 0.059320 0.041530
0.381103 0.136729 0.074543 0.040960
0.475206 0.531231 0.057385 0.042687
0.363199 0.627495 0.075376 0.039607
0.170650 0.121140 0.051673 0.042857
0.821066 0.531515 0.058407 0.040577
0.376250 0.096862 0.060864 0.038218
0.270778 0.077374 0.070056 0.042521
0.268166 0.405118 0.072353 0.047455
0.579094 0.659982 0.055858 0.035900
0.823114 0.358061 0.059073 0.043649
0.586071 0.380660 0.066714 0.033754
0.583553 0.933336 0.057022 0.035704
0.057581 0.639254 0.063952 0.044298
0.818612 0.572265 0.052245 0.039667
0.365457 0.672308 0.058966 0.042448
0.711375 0.301720 0.066979 0.038333
0.256100 0.844876 0.056639 0.049074
0.940272 0.271933 0.062944 0.040309
0.370649 0.960747 0.059488 0.044723
0.160889 0.684854 0.061996 0.040987
0.369652 0.877088 0.055046 0.038220
0.824207 0.403170 0.051082 0.044754
0.940193 0.532324 0.047022 0.038505
0.837023 0.029562 0.079289 0.041253
0.491964 0.187571 0.053928 0.037999
0.828482 0.224529 0.075588 0.036671
0.836558 0.103033 0.057484 0.044097
0.145929 0.976144 0.058281 0.032569
0.371092 0.505113 0.069877 0.045713
0.486401 0.251290 0.061718 0.029194
0.589559 0.486530 0.063294 0.045748
0.272815 0.446129 0.058004 0.035785
0.377800 0.258368 0.055768 0.032327
0.611397 0.146525 0.061115 0.036641
0.837029 0.146803 0.054344 0.040312
0.704038 0.974201 0.062325 0.032647
0.060603 0.278048 0.051513 0.033731
0.590966 0.531437 0.055523 0.039044
0.266071 0.155073 0.066108 0.046917
0.171518 0.166802 0.051182 0.045347
0.057842 0.104386 0.058471 0.043174
0.172699 0.073867 0.055851 0.045682
0.490255 0.108091 0.071604 0.034589
0.064007 0.311276 0.049971 0.035588
0.063313 0.245665 0.050983 0.028758
0.056029 0.680492 0.056119 0.037343
0.057712 0.839486 0.049851 0.033392
0.065184 0.350365 0.051601 0.039175
0.053015 0.060318 0.056756 0.042116
0.477833 0.574207 0.071616 0.045951
0.265894 0.524606 0.054033 0.044987
0.255254 0.571394 0.078864 0.048982
0.375728 0.296779 0.065300 0.043230
0.159072 0.403261 0.061635 0.040105
0.255258 0.750580 0.060342 0.045609
0.476225 0.488403 0.060632 0.037998
0.495832 0.067873 0.052980 0.044697
0.056920 0.597234 0.051107 0.039310
0.256563 0.700545 0.057485 0.054429
0.608314 0.107133 0.062470 0.044736
0.941658 0.568867 0.048348 0.030293
0.057508 0.485778 0.050822 0.045209
0.490899 0.027618 0.062293 0.036808
0.494937 0.145382 0.052192 0.042218
0.057239 0.803948 0.050571 0.038346
0.061783 0.390503 0.046807 0.042082
0.364573 0.590493 0.061097 0.035464
0.599890 0.307377 0.047408 0.043925
0.061080 0.211139 0.048579 0.037290
0.269885 0.482343 0.059369 0.037268
0.706666 0.467603 0.050034 0.036415
0.476184 0.659008 0.047875 0.044425
0.060123 0.145121 0.047547 0.037866
0.063871 0.435247 0.051668 0.044840
0.373952 0.343227 0.050733 0.045630
0.153477 0.442060 0.050765 0.033548
0.578202 0.969048 0.078457 0.039888
0.702616 0.393998 0.056414 0.043505
0.054772 0.766681 0.049852 0.037923
0.268215 0.275332 0.051821 0.043034
0.706808 0.574432 0.044679 0.032666
0.940689 0.306652 0.051719 0.032918
0.609685 0.181621 0.048823 0.028740
0.385281 0.061233 0.063337 0.040192
0.817247 0.854294 0.049521 0.029087
0.948567 0.190622 0.045799 0.036301
0.255152 0.963118 0.052020 0.034549
0.063042 0.563303 0.056199 0.026785
0.946896 0.083388 0.057329 0.042743
0.368157 0.423465 0.055516 0.043677
0.479543 0.370976 0.050033 0.038070
0.275285 0.033162 0.059676 0.043476
0.369036 0.550091 0.056901 0.041639
0.706095 0.502871 0.049670 0.037161
0.588291 0.572817 0.045180 0.041331
0.257517 0.796063 0.058489 0.044425
0.948063 0.123543 0.050726 0.038646
0.614771 0.062968 0.064638 0.042557
0.715639 0.173026 0.044546 0.035858
0.270410 0.234528 0.058056 0.036188
0.060149 0.952572 0.050189 0.048781
0.062235 0.905229 0.046912 0.043709
0.482637 0.288199 0.059657 0.044410
0.267450 0.115318 0.056546 0.034860
0.939762 0.723655 0.057648 0.032863
0.253941 0.889041 0.046655 0.035239
0.937880 0.686734 0.044175 0.037041
0.175315 0.028811 0.061135 0.039271
0.491250 0.220148 0.046384 0.030822
0.258721 0.657608 0.060270 0.034190
0.155866 0.762644 0.066967 0.041368
0.158254 0.288374 0.046044 0.038591
0.818655 0.789828 0.054579 0.025425
0.368613 0.461921 0.054433 0.036679
0.945010 0.498647 0.047664 0.023473
0.822136 0.645739 0.043695 0.024666
0.159356 0.723582 0.047300 0.032006
0.477675 0.742391 0.055581 0.033244
0.819518 0.822694 0.046464 0.037346
0.157253 0.364876 0.050276 0.029832
0.369368 0.917699 0.099215 0.038817
0.151080 0.872741 0.043815 0.031053
0.704759 0.944473 0.058218 0.026967
0.950818 0.157144 0.049580 0.032358
0.716393 0.026373 0.053675 0.029360
0.157066 0.252214 0.054478 0.032871
0.826277 0.673645 0.054608 0.034044
0.479111 0.411940 0.052525 0.040829
0.592228 0.449895 0.056381 0.025225
0.706004 0.433358 0.042831 0.033283
0.484204 0.331350 0.042057 0.036153
0.063477 0.178218 0.042006 0.023758
0.158761 0.798836 0.057022 0.029734
0.153688 0.524551 0.051295 0.036079
0.477503 0.915937 0.051879 0.031847
0.835130 0.067354 0.053016 0.031973
0.154749 0.642205 0.051982 0.042241
0.942186 0.038187 0.048121 0.045164
0.154040 0.836099 0.045202 0.038935
0.149758 0.906705 0.049141 0.034401
0.062358 0.872984 0.055871 0.024515
0.478720 0.889653 0.050981 0.027082
0.823073 0.612673 0.060732 0.037289
0.157373 0.326342 0.041802 0.033658
0.480642 0.450236 0.052337 0.036264
0.481727 0.617670 0.057466 0.032061
0.063069 0.022848 0.052722 0.026576
0.608108 0.210502 0.048509 0.032360
0.387260 0.024798 0.069757 0.027767
0.480791 0.773011 0.050398 0.025086
0.272625 0.198669 0.048581 0.035755
0.156154 0.602009 0.047846 0.039907
0.606506 0.230810 0.046034 0.029428
0.613759 0.024530 0.079485 0.031859
0.483118 0.951655 0.060329 0.035497
0.158246 0.562540 0.044735 0.038170
0.483172 0.966914 0.053791 0.038329
