0.161176 0.778176 0.078933 0.050162
0.395799 0.328000 0.074929 0.053621
0.389468 0.744881 0.082861 0.050803
0.053951 0.319181 0.078084 0.049098
0.059821 0.474772 0.078307 0.047786
0.056742 0.219708 0.085504 0.049555
0.400567 0.430753 0.082877 0.049535
0.833525 0.051884 0.074457 0.049563
0.390365 0.378159 0.081645 0.047335
0.831740 0.426874 0.073084 0.043188
0.724061 0.216336 0.076770 0.054958
0.504985 0.524594 0.091188 0.048871
0.937220 0.762409 0.080056 0.046292
0.383279 0.795461 0.090479 0.042083
0.722559 0.441816 0.085801 0.047689
0.505182 0.324122 0.077253 0.047800
0.612085 0.323864 0.074010 0.045495
0.835305 0.152818 0.073793 0.047530
0.838362 0.478895 0.083142 0.048699
0.164740 0.926502 0.087529 0.045046
0.942640 0.812988 0.090590 0.047928
0.833472 0.533499 0.084501 0.050922
0.395825 0.157112 0.076990 0.046947
0.829483 0.587596 0.091901 0.054048
0.943114 0.955857 0.092089 0.052401
0.719125 0.903621 0.081183 0.048039
0.833209 0.325078 0.086119 0.055168
0.609902 0.374408 0.068912 0.050358
0.720285 0.492661 0.078670 0.050013
0.274548 0.734447 0.084352 0.057968
0.049111 0.166391 0.072817 0.050366
0.832158 0.694173 0.074623 0.047665
0.049352 0.424208 0.081183 0.043020
0.505745 0.473490 0.078533 0.050475
0.058993 0.631648 0.075297 0.052141
0.385320 0.587383 0.084118 0.040130
0.836289 0.264578 0.086506 0.056721
0.617486 0.269902 0.080161 0.055006
0.169411 0.278589 0.091461 0.047785
0.508194 0.160283 0.081970 0.052505
0.170156 0.381731 0.085609 0.048148
0.938835 0.215881 0.078909 0.048782
0.831707 0.378644 0.078417 0.043246
0.617425 0.903478 0.080317 0.046428
0.271446 0.290883 0.084890 0.052009
0.271458 0.888392 0.087966 0.042549
0.721752 0.793678 0.072577 0.048495
0.613455 0.958272 0.085900 0.060058
0.619799 0.215400 0.083161 0.046327
0.507292 0.932709 0.084958 0.040827
0.165413 0.327773 0.072393 0.045305
0.394172 0.689171 0.080361 0.047803
0.386275 0.205996 0.087290 0.041383
0.940717 0.861531 0.087035 0.045703
0.941523 0.711916 0.069443 0.052689
0.268114 0.790059 0.082380 0.044893
0.166197 0.681698 0.087138 0.045721
0.614099 0.112013 0.083807 0.056855
0.502218 0.685723 0.096185 0.050979
0.168934 0.434644 0.076486 0.048222
0.942075 0.509970 0.085088 0.048903
0.718215 0.739791 0.067400 0.050523
0.276928 0.453506 0.078613 0.049768
0.938128 0.561575 0.076849 0.050684
0.388666 0.937417 0.084753 0.037029
0.834227 0.640127 0.075511 0.048697
0.607058 0.628670 0.078205 0.053843
0.172981 0.634748 0.087287 0.042810
0.609930 0.810864 0.075735 0.048389
0.939087 0.460305 0.070956 0.046068
0.389055 0.847761 0.067806 0.049449
0.502663 0.629204 0.090927 0.058905
0.391855 0.637308 0.067735 0.050770
0.607997 0.687434 0.070349 0.053690
0.502978 0.886059 0.083192 0.045909
0.943988 0.312376 0.084109 0.042129
0.939713 0.410105 0.070756 0.050210
0.170321 0.223970 0.073791 0.053795
0.729553 0.163991 0.081589 0.040975
0.051113 0.730124 0.071683 0.057950
0.727010 0.275047 0.071533 0.056759
0.941221 0.611390 0.075996 0.041015
0.051769 0.891851 0.077215 0.049500
0.163365 0.830218 0.074522 0.045561
0.053277 0.576677 0.085239 0.042836
0.508208 0.267871 0.079003 0.056679
0.387667 0.488519 0.083856 0.059745
0.504919 0.837326 0.077366 0.037882
0.393074 0.264530 0.083473 0.067604
0.829913 0.955269 0.080299 0.049876
0.614932 0.470047 0.073457 0.042004
0.937724 0.359208 0.071403 0.039930
0.941071 0.107115 0.067926 0.050454
0.720958 0.957777 0.083065 0.055475
0.392818 0.895207 0.067615 0.040833
0.612672 0.053778 0.091462 0.050054
0.058350 0.270372 0.068878 0.039052
0.162932 0.163816 0.071949 0.053084
0.278620 0.676118 0.076050 0.047511
0.830661 0.748139 0.068355 0.046944
0.835069 0.207474 0.072023 0.054345
0.724981 0.334025 0.076126 0.055837
0.833765 0.907070 0.088276 0.041585
0.498747 0.790131 0.066235 0.045521
0.939711 0.161142 0.067310 0.049294
0.726729 0.117160 0.070321 0.044824
0.056069 0.372786 0.068789 0.047855
0.278179 0.346854 0.070883 0.052932
0.715926 0.390453 0.082428 0.052022
0.617004 0.572483 0.072876 0.051188
0.507598 0.573890 0.071550 0.042935
0.159680 0.589036 0.070381 0.045690
0.274157 0.119321 0.087567 0.052202
0.617897 0.519170 0.076144 0.045148
0.944342 0.908476 0.079209 0.034238
0.721434 0.542668 0.071292 0.043561
0.507226 0.051095 0.087747 0.052024
0.945123 0.659304 0.064751 0.046366
0.721395 0.687429 0.076874 0.043943
0.164579 0.728902 0.074633 0.043244
0.718893 0.589966 0.074145 0.046052
0.502776 0.971668 0.086213 0.037231
0.720243 0.637523 0.069126 0.044722
0.157957 0.487214 0.074641 0.045110
0.279338 0.173417 0.080807 0.047648
0.163092 0.053648 0.072962 0.046378
0.049456 0.838223 0.063847 0.046144
0.269263 0.932799 0.097867 0.041799
0.497886 0.373784 0.081930 0.043431
0.394743 0.107706 0.067794 0.044911
0.611941 0.858927 0.073339 0.036455
0.051247 0.109281 0.072882 0.051948
0.504649 0.105519 0.059507 0.049351
0.271849 0.508220 0.068005 0.047863
0.830305 0.100981 0.060809 0.040180
0.167038 0.108121 0.082399 0.055530
0.721949 0.849254 0.091037 0.054538
0.272902 0.230227 0.075223 0.062007
0.277218 0.401517 0.065782 0.046143
0.506465 0.737930 0.064492 0.041809
0.504039 0.420002 0.064619 0.040193
0.274379 0.616864 0.072346 0.062947
0.167052 0.878661 0.062287 0.042128
0.058735 0.678852 0.064570 0.033201
0.054556 0.786517 0.068918 0.049055
0.277858 0.555391 0.067202 0.042215
0.615616 0.423423 0.070721 0.035771
0.059550 0.053676 0.082805 0.049986
0.616607 0.749845 0.071294 0.061337
0.942855 0.266860 0.061431 0.044722
0.273780 0.841826 0.053027 0.046385
0.941412 0.055202 0.068164 0.053483
0.834147 0.801317 0.069324 0.053103
0.056512 0.950685 0.083768 0.049191
0.056416 0.526115 0.083991 0.048513
0.616670 0.166503 0.056960 0.046519
0.163754 0.966245 0.097034 0.035023
0.162632 0.538820 0.058347 0.049249
0.504525 0.212007 0.060309 0.045795
0.726848 0.059228 0.067724 0.063181
0.393188 0.543370 0.054509 0.039413
0.271702 0.061120 0.081800 0.060269
0.389329 0.970744 0.086081 0.032787
0.827674 0.862372 0.078881 0.044026
0.398426 0.054064 0.050861 0.051938
0.277705 0.968076 0.093359 0.036576
