0.709121 0.732438 0.071517 0.039879
0.394051 0.144702 0.059987 0.040802
0.382698 0.668653 0.053592 0.034852
0.270656 0.858202 0.062815 0.035399
0.270951 0.678841 0.053432 0.032392
0.827500 0.174444 0.071700 0.041200
0.167821 0.793898 0.065750 0.041326
0.272167 0.643792 0.050988 0.036169
0.505008 0.103506 0.059465 0.034681
0.596128 0.803596 0.057727 0.036289
0.505341 0.207339 0.055225 0.037546
0.278183 0.427899 0.051194 0.036461
0.483900 0.821052 0.065309 0.039079
0.064501 0.557921 0.056794 0.038963
0.941560 0.270856 0.056866 0.041511
0.268798 0.894969 0.053653 0.035110
0.479457 0.732966 0.071177 0.040837
0.483104 0.777933 0.058446 0.044903
0.277824 0.354723 0.051532 0.033201
0.607679 0.286042 0.050619 0.038711
0.285197 0.154337 0.056640 0.041927
0.818288 0.469538 0.061286 0.040492
0.712439 0.658341 0.057999 0.034235
0.704632 0.803753 0.060643 0.033996
0.394860 0.187685 0.053810 0.042533
0.280411 0.465713 0.061046 0.033384
0.494249 0.649869 0.051847 0.033836
0.171750 0.178883 0.051810 0.033310
0.506060 0.168656 0.051936 0.037907
0.271688 0.933247 0.053994 0.033440
0.829041 0.909966 0.054127 0.033160
0.279978 0.317455 0.050232 0.038842
0.392035 0.102955 0.052185 0.035493
0.828800 0.212974 0.061633 0.033752
0.268458 0.819587 0.052815 0.040005
0.062239 0.705005 0.069614 0.035020
0.707067 0.621659 0.059260 0.034637
0.382732 0.735782 0.050627 0.038914
0.280747 0.197619 0.054829 0.036784
0.708006 0.769212 0.061313 0.030581
0.384899 0.471410 0.056749 0.038572
0.063994 0.485716 0.056404 0.037378
0.278450 0.390723 0.050377 0.035784
0.067823 0.815189 0.052799 0.037863
0.505758 0.067810 0.058944 0.032028
0.062616 0.851731 0.055964 0.034102
0.595220 0.765557 0.053586 0.035642
0.832180 0.247112 0.057982 0.036905
0.941885 0.313750 0.059780 0.042144
0.486657 0.901458 0.069647 0.034443
0.946262 0.231589 0.049251 0.034062
0.487415 0.690831 0.063591 0.040506
0.061982 0.890635 0.050558 0.036814
0.723170 0.109792 0.057554 0.033454
0.275674 0.607588 0.058658 0.033287
0.598423 0.530978 0.066103 0.034726
0.703198 0.578217 0.064755 0.047830
0.937238 0.523008 0.052897 0.037256
0.065441 0.635332 0.052880 0.032513
0.498138 0.284642 0.062298 0.046607
0.380891 0.634070 0.050660 0.034344
0.824202 0.281601 0.062767 0.033557
0.382547 0.535641 0.047101 0.032854
0.377290 0.914805 0.051800 0.037457
0.927881 0.876158 0.066433 0.034926
0.595984 0.945124 0.052493 0.034605
0.378644 0.852224 0.049981 0.032496
0.271991 0.742918 0.047236 0.035744
0.270146 0.708821 0.045108 0.028948
0.494637 0.538081 0.049051 0.037312
0.488649 0.862046 0.049764 0.041566
0.594654 0.646276 0.048396 0.042760
0.602358 0.458323 0.058161 0.039368
0.166339 0.721943 0.055904 0.036341
0.935333 0.691032 0.048084 0.044703
0.497176 0.332844 0.069253 0.042033
0.822244 0.351877 0.056496 0.035646
0.594900 0.727070 0.052885 0.036183
0.822162 0.840771 0.061848 0.034309
0.165226 0.902445 0.050868 0.035655
0.061424 0.274657 0.059259 0.040127
0.496610 0.502615 0.052409 0.031751
0.929708 0.915996 0.049695 0.038109
0.710035 0.870863 0.050833 0.038085
0.381664 0.701993 0.049966 0.027415
0.932663 0.780819 0.047899 0.041527
0.826224 0.062977 0.069970 0.039651
0.720289 0.147713 0.050540 0.041445
0.159431 0.940085 0.055323 0.037029
0.604187 0.248899 0.051701 0.033828
0.596599 0.606160 0.048906 0.035553
0.718988 0.424995 0.055427 0.032895
0.720810 0.357684 0.055620 0.039468
0.060974 0.742307 0.060505 0.038968
0.831828 0.942939 0.052173 0.031472
0.168499 0.329797 0.063030 0.037033
0.396748 0.225325 0.051751 0.034704
0.505527 0.243526 0.051614 0.033981
0.168888 0.251800 0.053865 0.040186
0.062920 0.314842 0.053482 0.031986
0.497457 0.468354 0.056803 0.033277
0.062577 0.237525 0.062853 0.031698
0.612526 0.107994 0.055609 0.031250
0.613035 0.139894 0.053187 0.032798
0.391321 0.261930 0.051783 0.036148
0.269712 0.778949 0.048367 0.034785
0.828475 0.135063 0.054061 0.034077
0.273767 0.967173 0.057698 0.036759
0.484553 0.939060 0.054473 0.035916
0.497850 0.374337 0.051108 0.039518
0.716013 0.692564 0.050626 0.035745
0.384035 0.816295 0.051411 0.036689
0.591882 0.908217 0.047250 0.037510
0.169309 0.757452 0.055692 0.031845
0.381988 0.431419 0.069096 0.039112
0.720323 0.459166 0.055746 0.035396
0.822312 0.807512 0.052545 0.031549
0.281297 0.498683 0.063394 0.029128
0.716434 0.496727 0.055735 0.039962
0.281231 0.240120 0.055873 0.035796
0.282070 0.070284 0.053612 0.041539
0.938408 0.737214 0.051715 0.039275
0.496467 0.409248 0.045542 0.028600
0.492320 0.574886 0.051319 0.037200
0.063447 0.092977 0.053014 0.037567
0.821251 0.719848 0.046402 0.034552
0.709053 0.946445 0.056707 0.031310
0.166716 0.371052 0.051882 0.039501
0.935691 0.562940 0.051141 0.040360
0.492224 0.614806 0.048299 0.036483
0.596364 0.839067 0.056265 0.028853
0.596111 0.569363 0.048145 0.039496
0.504791 0.135961 0.051874 0.025335
0.386649 0.394755 0.050734 0.032020
0.721429 0.186795 0.045425 0.032063
0.719520 0.247826 0.048139 0.033635
0.943958 0.197092 0.049597 0.033254
0.592335 0.688766 0.053667 0.037877
0.172335 0.213409 0.052962 0.032647
0.485504 0.972105 0.062388 0.028481
0.822186 0.684011 0.044992 0.035745
0.393726 0.065879 0.047294 0.034196
0.163510 0.410207 0.055297 0.037791
0.065635 0.670529 0.052231 0.031434
0.174853 0.141570 0.049006 0.040241
0.158131 0.973669 0.051472 0.033109
0.950697 0.086720 0.053893 0.038396
0.388791 0.361360 0.047387 0.032192
0.613754 0.176634 0.051790 0.036644
0.065327 0.395755 0.055451 0.053736
0.947289 0.156609 0.048567 0.042482
0.389328 0.326343 0.045956 0.037366
0.161444 0.685441 0.050960 0.035650
0.180107 0.106151 0.061520 0.030986
0.935783 0.646092 0.056486 0.042548
0.160457 0.497056 0.055770 0.041009
0.285781 0.111051 0.050441 0.038710
0.819031 0.647809 0.046273 0.034439
0.064345 0.778155 0.046326 0.030935
0.938134 0.420694 0.043696 0.033792
0.603064 0.374818 0.057689 0.042391
0.939498 0.457660 0.047108 0.036602
0.708601 0.910779 0.050440 0.039107
0.378132 0.882129 0.053628 0.025084
0.601443 0.494979 0.048073 0.034071
0.934494 0.816952 0.045569 0.028089
0.495215 0.438225 0.044729 0.030728
0.067708 0.445496 0.056018 0.039675
0.720522 0.217241 0.044929 0.029862
0.163724 0.537049 0.056049 0.040060
0.066902 0.597647 0.050627 0.039463
0.168808 0.292344 0.049348 0.040052
0.604236 0.329971 0.049928 0.043708
0.930726 0.957850 0.046163 0.038691
0.823113 0.753172 0.059052 0.032480
0.594717 0.872240 0.046621 0.034333
0.383869 0.504103 0.046478 0.027637
0.063749 0.055341 0.054269 0.033442
0.817564 0.427138 0.057996 0.038343
0.599461 0.976846 0.062314 0.031237
0.827194 0.101959 0.057148 0.035582
0.827752 0.876330 0.045533 0.032690
0.833557 0.974427 0.049912 0.032577
0.278439 0.279828 0.041546 0.035407
0.710380 0.535857 0.045772 0.035661
0.723749 0.032527 0.048508 0.043016
0.164572 0.574488 0.050228 0.033564
0.066524 0.201983 0.052145 0.033930
0.064223 0.926535 0.047045 0.027190
0.822736 0.388748 0.044111 0.035133
0.068706 0.171032 0.043007 0.027793
0.065598 0.350309 0.058040 0.036424
0.177240 0.027335 0.080627 0.043734
0.612765 0.067729 0.052947 0.048723
0.383775 0.567949 0.042032 0.029844
0.832872 0.027115 0.051478 0.032423
0.389612 0.293869 0.044347 0.027729
0.947775 0.121031 0.041692 0.027648
0.824522 0.571382 0.047823 0.024576
0.946670 0.052069 0.041369 0.030387
0.068126 0.521303 0.048421 0.027550
0.378949 0.777138 0.066019 0.037865
0.603029 0.418447 0.048285 0.041759
0.376277 0.958999 0.045885 0.041533
0.936953 0.491017 0.039356 0.028570
0.609177 0.214387 0.041772 0.034242
0.820651 0.537895 0.047794 0.040426
0.936493 0.387229 0.040199 0.032005
0.276651 0.534915 0.063183 0.043810
0.719108 0.284020 0.045107 0.036099
0.382462 0.600607 0.039388 0.032994
0.156854 0.452114 0.071573 0.042967
0.616641 0.024458 0.051073 0.030233
0.397953 0.028637 0.050467 0.037644
0.282249 0.027427 0.053694 0.039845
0.826404 0.315484 0.048969 0.035968
0.934071 0.602488 0.049819 0.033033
0.505878 0.028289 0.041062 0.042909
0.820453 0.504346 0.040692 0.024604
0.062049 0.022546 0.051563 0.034939
0.182116 0.071027 0.047582 0.039683
0.721894 0.393209 0.048001 0.027401
0.070256 0.133885 0.041076 0.043412
0.716295 0.320988 0.045138 0.035671
0.165897 0.609874 0.047057 0.034775
0.067063 0.960072 0.044783 0.034000
0.164039 0.868469 0.039970 0.031976
0.167352 0.833076 0.042641 0.034241
0.706294 0.836813 0.050900 0.025527
0.713339 0.974011 0.052971 0.023551
0.934723 0.844074 0.039148 0.024965
0.160017 0.648361 0.048947 0.038647
0.946693 0.024605 0.040406 0.023251
0.939737 0.354596 0.038143 0.034461
0.724973 0.074574 0.048832 0.036471
0.823464 0.607277 0.044046 0.043700
0.273709 0.575477 0.051081 0.030346
0.826651 0.779291 0.053730 0.024711
