0.499534 0.294471 0.073727 0.052689
0.173062 0.226999 0.068307 0.046724
0.381669 0.169697 0.081675 0.047362
0.712358 0.955497 0.085188 0.049603
0.385933 0.253001 0.083132 0.042522
0.500675 0.729472 0.084442 0.048989
0.600285 0.077100 0.077090 0.041089
0.820845 0.754296 0.070116 0.044736
0.385711 0.122942 0.077679 0.041264
0.718609 0.396493 0.057662 0.039393
0.383991 0.212020 0.083227 0.037090
0.933350 0.369332 0.064207 0.047432
0.936007 0.286988 0.066605 0.034202
0.606020 0.217175 0.062004 0.042734
0.822580 0.610674 0.075711 0.041767
0.822524 0.705719 0.070347 0.047321
0.823570 0.841318 0.077845 0.039540
0.056637 0.251377 0.066516 0.047103
0.498012 0.589921 0.068335 0.047909
0.935292 0.416159 0.070053 0.041459
0.386397 0.868890 0.069869 0.052360
0.062666 0.121203 0.075393 0.043590
0.604194 0.170296 0.073686 0.046248
0.275267 0.596357 0.071025 0.047831
0.704685 0.853952 0.091632 0.049474
0.600420 0.441309 0.065681 0.044541
0.717972 0.227528 0.067179 0.035988
0.268488 0.877727 0.084711 0.049793
0.276208 0.207637 0.082344 0.047318
0.275409 0.452281 0.067788 0.041745
0.937793 0.248800 0.076998 0.040486
0.602523 0.395187 0.065480 0.045171
0.504384 0.635436 0.079215 0.043077
0.059653 0.301042 0.066145 0.047911
0.386577 0.580118 0.075195 0.047753
0.277945 0.686776 0.075072 0.049026
0.605439 0.630681 0.070695 0.043568
0.173995 0.366099 0.073126 0.049462
0.714382 0.516558 0.075262 0.043868
0.830140 0.269912 0.057419 0.039097
0.597308 0.263398 0.077108 0.042192
0.923990 0.911733 0.075856 0.038892
0.492698 0.874009 0.074435 0.041385
0.493404 0.244924 0.063635 0.040863
0.490920 0.969384 0.069580 0.043140
0.382036 0.631491 0.073441 0.047925
0.277845 0.547500 0.071036 0.050217
0.819662 0.798131 0.058600 0.041110
0.171108 0.273390 0.072416 0.039850
0.825521 0.516307 0.076236 0.052263
0.164842 0.805279 0.076674 0.042571
0.718116 0.437071 0.071029 0.036790
0.718328 0.266236 0.065325 0.037828
0.386571 0.345387 0.068183 0.053880
0.271992 0.162555 0.063026 0.041375
0.708641 0.769741 0.064054 0.042237
0.382093 0.080374 0.080073 0.041440
0.928105 0.834010 0.076292 0.048051
0.824356 0.565256 0.069331 0.042811
0.167986 0.666941 0.070122 0.047243
0.278399 0.498632 0.064931 0.046783
0.937317 0.499784 0.058960 0.038507
0.930115 0.137814 0.076852 0.042393
0.275931 0.256651 0.068863 0.047179
0.055587 0.347571 0.066439 0.046623
0.596324 0.485539 0.073481 0.040408
0.607230 0.968764 0.082125 0.043541
0.605069 0.788114 0.070213 0.040416
0.049270 0.399399 0.082206 0.055012
0.063987 0.074672 0.067443 0.046058
0.925206 0.955939 0.088655 0.046390
0.819450 0.655921 0.062748 0.048368
0.168213 0.171990 0.061689 0.056198
0.937194 0.325146 0.055847 0.038400
0.926882 0.706841 0.078886 0.034851
0.388725 0.297154 0.067981 0.038884
0.496872 0.828526 0.065944 0.045738
0.275971 0.119563 0.066502 0.041985
0.932547 0.179490 0.056581 0.038324
0.489368 0.781100 0.069772 0.048695
0.601705 0.879171 0.068621 0.049202
0.383981 0.726959 0.086591 0.050316
0.379847 0.918572 0.063867 0.042926
0.061377 0.163667 0.078893 0.039661
0.273486 0.299462 0.064260 0.036939
0.494496 0.920279 0.064022 0.051910
0.277236 0.398730 0.074617 0.056303
0.279294 0.642177 0.067483 0.043045
0.169813 0.511865 0.075225 0.050388
0.718008 0.184003 0.063125 0.050159
0.497518 0.161674 0.066085 0.039202
0.930725 0.669537 0.058953 0.040005
0.705102 0.726161 0.062922 0.039569
0.382204 0.678377 0.084352 0.043322
0.829973 0.310213 0.052984 0.040893
0.711945 0.682653 0.061374 0.043666
0.607579 0.302428 0.067759 0.036194
0.713423 0.309797 0.060707 0.045890
0.716864 0.354287 0.057838 0.037098
0.923334 0.873421 0.068822 0.030745
0.386434 0.820630 0.072354 0.041719
0.828143 0.155169 0.059053 0.048799
0.497835 0.341401 0.066801 0.043089
0.604409 0.746468 0.063064 0.040239
0.605814 0.554353 0.068832 0.037290
0.500736 0.202425 0.072849 0.040655
0.381733 0.532655 0.065442 0.047099
0.160796 0.078532 0.084569 0.038343
0.603510 0.035421 0.066890 0.034986
0.930761 0.581877 0.068658 0.045993
0.497025 0.117591 0.064242 0.044141
0.932453 0.745177 0.069594 0.038239
0.268871 0.073754 0.067307 0.047627
0.165727 0.319871 0.061806 0.040713
0.490935 0.076227 0.058148 0.040696
0.603028 0.345425 0.056278 0.048017
0.937875 0.537264 0.056774 0.035630
0.163905 0.618384 0.065111 0.048559
0.279625 0.343509 0.059385 0.049485
0.930383 0.091151 0.072208 0.049392
0.496834 0.681337 0.070074 0.045620
0.169666 0.416182 0.059544 0.047327
0.167476 0.120349 0.060901 0.042057
0.494794 0.441775 0.067646 0.050616
0.719934 0.134050 0.062832 0.049465
0.935573 0.458635 0.061427 0.044024
0.261745 0.928351 0.071862 0.051315
0.273875 0.737366 0.059554 0.049814
0.273985 0.780305 0.068060 0.037831
0.829753 0.110561 0.059562 0.037828
0.604691 0.670847 0.078848 0.031922
0.055213 0.204950 0.089178 0.042119
0.170156 0.463815 0.068111 0.041787
0.157954 0.901506 0.090646 0.048003
0.606172 0.122982 0.055369 0.044324
0.171977 0.764231 0.072114 0.034891
0.163637 0.563822 0.064796 0.053174
0.703939 0.905000 0.056062 0.048114
0.714815 0.559445 0.058570 0.042718
0.932847 0.787234 0.063853 0.042638
0.499273 0.541736 0.064177 0.044546
0.824563 0.926972 0.066748 0.045468
0.166116 0.853641 0.063719 0.046380
0.386103 0.775715 0.068470 0.044799
0.821854 0.965511 0.085525 0.034702
0.603307 0.926112 0.081814 0.042010
0.495470 0.494398 0.066999 0.049702
0.388093 0.396187 0.067670 0.044971
0.269231 0.026313 0.073074 0.038766
0.600174 0.707114 0.063163 0.035333
0.718769 0.638555 0.074833 0.039220
0.385770 0.440031 0.062555 0.041437
0.383377 0.032982 0.059948 0.043286
0.931574 0.041401 0.081080 0.042752
0.603355 0.830855 0.062242 0.040065
0.600074 0.588737 0.076435 0.032454
0.829351 0.459569 0.083541 0.058364
0.382437 0.484993 0.062224 0.040871
0.927651 0.212960 0.063875 0.030133
0.048533 0.458148 0.066471 0.051817
0.704895 0.808886 0.057993 0.033285
0.167564 0.034020 0.056098 0.048420
0.712753 0.601245 0.083007 0.038639
0.824945 0.075233 0.060985 0.029779
0.498529 0.389845 0.073526 0.054194
0.269843 0.973085 0.078859 0.036954
0.816754 0.882771 0.054558 0.041262
0.831326 0.233044 0.055886 0.034999
0.711869 0.474917 0.056592 0.035367
0.718254 0.086307 0.054404 0.041613
0.487180 0.032552 0.059831 0.040987
0.377548 0.962756 0.055116 0.039606
0.065672 0.027622 0.067404 0.032959
0.831662 0.408136 0.064500 0.039319
0.170882 0.719749 0.060426 0.053026
0.829304 0.198878 0.051598 0.036799
0.598368 0.520890 0.052846 0.030390
0.929899 0.625754 0.076093 0.040008
0.152127 0.952785 0.064430 0.055346
0.825095 0.037755 0.051055 0.046726
0.835491 0.359569 0.072885 0.050534
0.263613 0.824606 0.064525 0.051526
0.711263 0.040840 0.045809 0.046877
