0.385408 0.422600 0.072027 0.044073
0.506743 0.239517 0.061525 0.041753
0.931267 0.471019 0.066426 0.034393
0.824080 0.499142 0.058301 0.034605
0.399804 0.252442 0.064078 0.039437
0.935342 0.320235 0.067106 0.036772
0.603622 0.502876 0.066683 0.044530
0.490586 0.839487 0.074915 0.053266
0.727406 0.303519 0.073204 0.041384
0.277528 0.521310 0.066632 0.038336
0.822990 0.277358 0.060386 0.038776
0.715520 0.550636 0.076476 0.040778
0.605275 0.550404 0.072323 0.046269
0.828257 0.319366 0.066368 0.042076
0.939213 0.435988 0.065356 0.033305
0.933938 0.654572 0.058314 0.038107
0.729335 0.224164 0.063220 0.041756
0.609094 0.429182 0.068157 0.040375
0.619002 0.196614 0.063392 0.041352
0.279289 0.075368 0.067437 0.041106
0.601968 0.838502 0.067803 0.036601
0.161655 0.396474 0.064471 0.045234
0.934365 0.615988 0.057847 0.032119
0.274025 0.272616 0.062952 0.041786
0.936694 0.356791 0.064502 0.032254
0.502082 0.131107 0.057834 0.040387
0.163580 0.158223 0.056089 0.039234
0.720395 0.263493 0.061400 0.036432
0.618883 0.272516 0.072294 0.032281
0.932569 0.579161 0.053676 0.037788
0.278878 0.360956 0.070199 0.042767
0.395628 0.211327 0.071247 0.041844
0.165931 0.075948 0.065048 0.038845
0.935829 0.502883 0.060093 0.028511
0.603539 0.629858 0.069976 0.046159
0.165169 0.530203 0.070358 0.041237
0.056042 0.360763 0.059420 0.041189
0.395631 0.293672 0.067324 0.040265
0.941857 0.119663 0.063246 0.036233
0.379453 0.926255 0.060044 0.039523
0.061308 0.233942 0.061371 0.034131
0.939907 0.158506 0.065066 0.037437
0.382768 0.558596 0.066813 0.044519
0.052939 0.311057 0.062046 0.046714
0.498805 0.470491 0.060541 0.038945
0.384681 0.470929 0.067784 0.044043
0.276982 0.227260 0.056998 0.039445
0.166857 0.875659 0.074703 0.039902
0.718610 0.592390 0.073370 0.041515
0.817302 0.897550 0.058309 0.039805
0.163292 0.832170 0.066232 0.042056
0.817184 0.854369 0.055927 0.041493
0.277192 0.315252 0.068372 0.041136
0.055598 0.804183 0.057872 0.041006
0.505655 0.289419 0.066000 0.051363
0.488962 0.917504 0.063569 0.044283
0.831753 0.760667 0.077291 0.044608
0.281350 0.186372 0.067885 0.032529
0.606015 0.353095 0.074432 0.047755
0.727862 0.183135 0.079124 0.038821
0.164238 0.653316 0.063033 0.043991
0.505716 0.168513 0.055713 0.036246
0.278253 0.116157 0.062569 0.035928
0.378001 0.648802 0.059702 0.042438
0.938552 0.811511 0.067681 0.038050
0.819272 0.462950 0.070309 0.036797
0.377975 0.849340 0.057736 0.040328
0.162704 0.117599 0.060654 0.038713
0.163285 0.571952 0.074115 0.042535
0.380807 0.886610 0.061738 0.033647
0.493047 0.760671 0.053992 0.037447
0.491051 0.724311 0.072899 0.034462
0.824987 0.679952 0.054493 0.037139
0.614982 0.237176 0.065187 0.032567
0.158001 0.954631 0.064952 0.044780
0.279801 0.032093 0.071980 0.043327
0.389673 0.337202 0.068084 0.041517
0.611036 0.716020 0.070049 0.042999
0.512900 0.086730 0.060573 0.042388
0.489613 0.687382 0.061095 0.035528
0.396841 0.165051 0.070229 0.044930
0.829044 0.208665 0.055389 0.037110
0.612407 0.308786 0.055586 0.037162
0.717384 0.797953 0.060250 0.038530
0.710763 0.843477 0.052542 0.042827
0.268099 0.775387 0.057796 0.043779
0.720271 0.635458 0.057080 0.042804
0.500569 0.510323 0.059548 0.038323
0.721050 0.511621 0.066371 0.038730
0.498461 0.393964 0.059164 0.037137
0.600202 0.758737 0.054661 0.039787
0.830656 0.718117 0.069368 0.038301
0.725147 0.110298 0.070207 0.043166
0.381932 0.513400 0.057699 0.040110
0.156912 0.735664 0.063649 0.043040
0.712344 0.678538 0.055761 0.040164
0.717032 0.344042 0.069465 0.039698
0.486681 0.650889 0.058322 0.038007
0.163775 0.246282 0.055499 0.043491
0.708932 0.884533 0.056175 0.035894
0.046004 0.882821 0.051903 0.038187
0.383091 0.604008 0.052583 0.040136
0.265975 0.827188 0.067401 0.051992
0.501259 0.431258 0.054560 0.033208
0.714264 0.717899 0.055395 0.035764
0.605000 0.589825 0.081032 0.030359
0.063710 0.076836 0.059299 0.037961
0.275137 0.607793 0.059510 0.039059
0.047231 0.402584 0.057965 0.042161
0.938907 0.773214 0.063155 0.037060
0.601383 0.798852 0.050458 0.036732
0.053686 0.590577 0.059497 0.037155
0.704384 0.924740 0.062140 0.040739
0.049493 0.505731 0.060846 0.043129
0.056819 0.194918 0.050971 0.036292
0.832677 0.170597 0.056674 0.039434
0.061696 0.116231 0.051964 0.041079
0.158385 0.354426 0.051077 0.036230
0.706186 0.964576 0.070316 0.035944
0.495047 0.581843 0.058532 0.035172
0.932290 0.397385 0.053041 0.043947
0.167228 0.030741 0.058319 0.047599
0.826342 0.430153 0.062917 0.029250
0.942585 0.080601 0.051204 0.038564
0.394282 0.121670 0.059365 0.037077
0.272787 0.733288 0.052576 0.037704
0.609275 0.674129 0.070719 0.039340
0.825237 0.636900 0.060034 0.041383
0.608777 0.464744 0.060751 0.028169
0.394178 0.076598 0.054133 0.048695
0.722865 0.146387 0.063384 0.032826
0.273856 0.478169 0.055069 0.040317
0.825111 0.569616 0.053826 0.031736
0.615149 0.157196 0.082180 0.033598
0.933250 0.888098 0.066203 0.030434
0.167203 0.487610 0.068391 0.044966
0.491385 0.795844 0.062076 0.028403
0.052932 0.918889 0.057236 0.027198
0.269459 0.879727 0.052143 0.046036
0.488812 0.877868 0.061213 0.028941
0.719279 0.028936 0.063420 0.040317
0.822477 0.938247 0.060658 0.037664
0.492707 0.959786 0.065254 0.039835
0.831032 0.243003 0.057976 0.030303
0.933077 0.691160 0.047039 0.034014
0.823059 0.535156 0.049922 0.035669
0.617059 0.033502 0.074053 0.047213
0.721038 0.414543 0.072172 0.044140
0.382533 0.690508 0.063003 0.039982
0.387612 0.380606 0.064301 0.036733
0.050433 0.634569 0.061338 0.046762
0.159437 0.913837 0.062594 0.033651
0.393914 0.029646 0.053859 0.046055
0.047756 0.680599 0.051992 0.040596
0.722387 0.068857 0.058108 0.035549
0.380100 0.728347 0.053049 0.038104
0.165731 0.784280 0.074251 0.045612
0.604945 0.972210 0.068263 0.031040
0.931200 0.968142 0.056777 0.042739
0.057179 0.270392 0.060820 0.027774
0.609220 0.394928 0.062222 0.032310
0.935991 0.731544 0.062667 0.041950
0.604473 0.906593 0.076825 0.034291
0.164831 0.286398 0.056977 0.036702
0.930241 0.924768 0.053100 0.040676
0.377670 0.809633 0.054178 0.040369
0.494036 0.548440 0.057052 0.029434
0.933298 0.538923 0.048910 0.039848
0.828233 0.068409 0.056502 0.036700
0.715048 0.757739 0.050287 0.040745
0.268377 0.920140 0.059034 0.031183
0.062237 0.154965 0.048969 0.033597
0.828384 0.359687 0.061866 0.037311
0.161523 0.694958 0.052548 0.037732
0.269915 0.440383 0.065760 0.036066
0.939335 0.036794 0.054918 0.043845
0.163819 0.200376 0.067674 0.042240
0.051808 0.954371 0.050309 0.040768
0.378502 0.768874 0.050751 0.040962
0.501001 0.203054 0.060525 0.025758
0.824435 0.028805 0.056336 0.037734
0.163701 0.612127 0.056522 0.036124
0.277293 0.150508 0.080977 0.034166
0.836638 0.135731 0.069884 0.031704
0.378710 0.964958 0.052955 0.036086
0.163186 0.442973 0.049682 0.043405
0.615713 0.074562 0.074861 0.032068
0.825934 0.602121 0.054367 0.028215
0.718336 0.379195 0.062772 0.029842
0.508284 0.036486 0.061073 0.054203
0.815264 0.808012 0.045676 0.046347
0.615134 0.119122 0.053832 0.046491
0.047367 0.722315 0.048421 0.037108
0.502999 0.346257 0.055806 0.052756
0.061477 0.031556 0.054339 0.044566
0.929942 0.240121 0.054819 0.025450
0.160189 0.320091 0.044960 0.029370
0.594673 0.941425 0.061909 0.027381
0.721083 0.476806 0.069935 0.025843
0.049692 0.441326 0.045345 0.032936
0.494901 0.617759 0.057529 0.032054
0.052651 0.763332 0.049474 0.039899
0.936220 0.272175 0.061486 0.037114
0.273505 0.563815 0.050665 0.043320
0.931843 0.202936 0.050347 0.047576
0.055594 0.844390 0.070650 0.027797
0.271365 0.957188 0.051574 0.040331
0.828455 0.102990 0.048672 0.035373
0.720587 0.450137 0.076149 0.029720
0.272151 0.698387 0.066429 0.030751
0.049869 0.548837 0.046830 0.038202
0.826456 0.397219 0.047698 0.037813
0.596583 0.873742 0.055977 0.027102
0.046817 0.470886 0.047022 0.023731
0.933426 0.850164 0.057178 0.039586
0.273923 0.400305 0.060738 0.036601
0.269903 0.649162 0.058894 0.032395
0.829313 0.974410 0.060033 0.034441
0.270671 0.666001 0.062797 0.039332
