0.611287 0.318515 0.092353 0.057992
0.500568 0.631436 0.088700 0.055004
0.503080 0.796229 0.076139 0.054068
0.933046 0.299557 0.091436 0.043855
0.825482 0.670351 0.085156 0.051455
0.714452 0.268098 0.078774 0.060188
0.176048 0.376836 0.072165 0.049276
0.498845 0.303507 0.076884 0.052229
0.497502 0.572051 0.080051 0.058912
0.504846 0.740111 0.073867 0.052954
0.939671 0.089649 0.077849 0.049900
0.606899 0.494681 0.084785 0.056145
0.399311 0.705527 0.071745 0.053833
0.389381 0.866886 0.076721 0.058269
0.715846 0.100908 0.068197 0.052578
0.181028 0.429710 0.073081 0.051807
0.497255 0.685103 0.090406 0.050462
0.391815 0.757811 0.079636 0.044495
0.070788 0.249352 0.071113 0.044701
0.608255 0.696049 0.076540 0.056943
0.503887 0.905566 0.071345 0.055374
0.823263 0.728525 0.080093 0.058245
0.285248 0.741217 0.082799 0.044471
0.176473 0.265056 0.068693 0.058300
0.280320 0.897118 0.079975 0.045959
0.394312 0.538799 0.085263 0.051771
0.505919 0.849989 0.079265 0.050630
0.061106 0.305672 0.087088 0.056554
0.391748 0.479967 0.071335 0.057775
0.389772 0.423891 0.080555 0.041962
0.721498 0.326814 0.081245 0.052927
0.818680 0.564203 0.081029 0.049266
0.284896 0.796116 0.081248 0.054027
0.936675 0.903131 0.066337 0.045373
0.717484 0.780268 0.068830 0.057391
0.713388 0.947553 0.078869 0.048096
0.389568 0.370061 0.073219 0.054423
0.067429 0.202089 0.077120 0.047015
0.281489 0.262703 0.085564 0.043703
0.606320 0.549389 0.074856 0.043384
0.830573 0.290792 0.079605 0.047649
0.608743 0.795441 0.080911 0.046861
0.073141 0.518616 0.068581 0.051536
0.283763 0.847990 0.073868 0.047743
0.718917 0.676976 0.083998 0.047970
0.279766 0.641322 0.071936 0.047200
0.930832 0.471945 0.084907 0.055263
0.933605 0.189979 0.091293 0.056984
0.818794 0.616521 0.080580 0.044452
0.936974 0.248962 0.088139 0.053360
0.174984 0.326170 0.075692 0.050948
0.933578 0.579031 0.084453 0.047439
0.721150 0.381748 0.090783 0.045881
0.819051 0.836065 0.076530 0.053012
0.610968 0.146889 0.075726 0.051861
0.281991 0.691035 0.075016 0.040948
0.821272 0.140923 0.084333 0.053225
0.286040 0.371574 0.083898 0.055343
0.604492 0.436023 0.081336 0.052738
0.716473 0.212358 0.088108 0.046480
0.714222 0.156493 0.069112 0.055457
0.713234 0.557362 0.078366 0.056943
0.068111 0.572113 0.079894 0.048029
0.609346 0.202544 0.071387 0.050328
0.933209 0.689931 0.070643 0.050135
0.937192 0.527288 0.069787 0.050938
0.824410 0.450290 0.071577 0.054304
0.282109 0.949949 0.069131 0.050662
0.280158 0.209750 0.067572 0.046986
0.603746 0.747620 0.081067 0.042201
0.605580 0.598485 0.073881 0.045032
0.064497 0.367092 0.068255 0.053301
0.499152 0.245481 0.073900 0.055477
0.283585 0.477276 0.070774 0.048962
0.718243 0.728430 0.068197 0.042127
0.936672 0.035798 0.074940 0.051478
0.076902 0.897658 0.089372 0.050518
0.499630 0.461396 0.073915 0.049952
0.715764 0.839257 0.065370 0.050868
0.935718 0.952621 0.083194 0.049888
0.399227 0.198524 0.074630 0.047077
0.934193 0.849004 0.073240 0.055597
0.069593 0.846305 0.073005 0.051190
0.400277 0.040352 0.078049 0.049514
0.931666 0.742916 0.069188 0.048458
0.936554 0.633069 0.080820 0.048731
0.616525 0.378703 0.079038 0.051345
0.394255 0.147256 0.070795 0.051738
0.067758 0.468352 0.067641 0.046806
0.613300 0.855245 0.083023 0.061083
0.609782 0.259546 0.065258 0.054254
0.174643 0.478975 0.054366 0.045941
0.394560 0.094255 0.065957 0.051393
0.395929 0.599283 0.065914 0.057657
0.827328 0.084869 0.076520 0.040624
0.394931 0.919320 0.074139 0.040628
0.609858 0.906460 0.067351 0.041332
0.612292 0.091327 0.058293 0.051449
0.396631 0.309863 0.075576 0.054128
0.715236 0.438495 0.077025 0.063333
0.392337 0.808680 0.075263 0.053420
0.717695 0.620688 0.065950 0.058969
0.714803 0.891567 0.058594 0.050614
0.611038 0.646191 0.078175 0.040915
0.392833 0.651888 0.060989 0.046800
0.287203 0.315954 0.088756 0.052050
0.176912 0.208997 0.066064 0.046436
0.502258 0.094106 0.056579 0.049380
0.281217 0.157508 0.062878 0.052936
0.281717 0.102231 0.063583 0.054986
0.828841 0.036852 0.071609 0.050013
0.824336 0.241298 0.065364 0.043258
0.824286 0.507412 0.061933 0.054146
0.933557 0.137810 0.065393 0.039624
0.608709 0.038800 0.078254 0.048860
0.719600 0.041252 0.073522 0.059521
0.504481 0.193277 0.075113 0.044235
0.717683 0.498876 0.069311 0.051777
0.822662 0.885843 0.085512 0.038574
0.821823 0.784828 0.077991 0.043335
0.176250 0.538616 0.082147 0.061925
0.177795 0.596411 0.059336 0.046753
0.815559 0.392335 0.075206 0.057291
0.499508 0.514341 0.061924 0.050883
0.933095 0.792888 0.061061 0.044571
0.071665 0.420691 0.056457 0.046628
0.830065 0.943746 0.090809 0.057037
0.282287 0.045590 0.074477 0.055360
0.391002 0.956676 0.074766 0.040035
0.284743 0.525033 0.076216 0.038990
0.394759 0.251302 0.058272 0.049971
0.825428 0.339306 0.063373 0.042665
0.497697 0.409577 0.059729 0.045687
0.173321 0.047862 0.090039 0.061218
0.499699 0.146486 0.070098 0.047690
0.285521 0.427089 0.053783 0.043589
0.185499 0.653065 0.086110 0.057824
0.176867 0.109422 0.066992 0.058348
0.074557 0.152793 0.077337 0.050982
0.932566 0.354430 0.075867 0.051890
0.074735 0.790918 0.060859 0.050274
0.498485 0.954594 0.062884 0.038121
0.075283 0.735803 0.061305 0.054367
0.178260 0.159025 0.067500 0.039764
0.929191 0.414172 0.082429 0.058363
0.824340 0.197293 0.048475 0.047815
0.502245 0.041348 0.072203 0.054108
0.073919 0.684026 0.055346 0.039765
0.076127 0.102621 0.062037 0.047556
0.500712 0.361015 0.049351 0.048259
0.615090 0.950683 0.082635 0.045704
0.071158 0.630080 0.070846 0.053241
0.288016 0.583173 0.073726 0.060341
