0.806053 0.745173 0.062430 0.029108
0.089514 0.666107 0.065052 0.038557
0.508666 0.725911 0.061324 0.038558
0.807048 0.448124 0.061935 0.031429
0.806258 0.338457 0.062181 0.035785
0.805316 0.810026 0.062981 0.029598
0.805745 0.412189 0.057024 0.028588
0.897448 0.486021 0.052947 0.034903
0.896239 0.384745 0.055372 0.035539
0.402758 0.644828 0.059293 0.029728
0.894188 0.752954 0.059401 0.030666
0.603857 0.609169 0.057554 0.028841
0.599324 0.372564 0.054072 0.033894
0.714630 0.789690 0.063597 0.028830
0.403738 0.775478 0.074737 0.034988
0.092407 0.551977 0.054014 0.035858
0.607511 0.871849 0.057714 0.025128
0.803229 0.483221 0.057554 0.026750
0.802195 0.377901 0.058403 0.029696
0.897563 0.879491 0.056435 0.028925
0.712720 0.757193 0.056393 0.027755
0.605281 0.841062 0.053730 0.028462
0.895727 0.350892 0.055134 0.026489
0.406902 0.334921 0.060169 0.032266
0.404554 0.860796 0.058465 0.036109
0.896957 0.524659 0.050206 0.028930
0.504157 0.688084 0.053240 0.028804
0.704372 0.207903 0.058453 0.025217
0.401528 0.608139 0.070898 0.032097
0.699054 0.239836 0.050448 0.028856
0.195128 0.308918 0.052213 0.025303
0.894908 0.626465 0.059924 0.028832
0.897519 0.558991 0.054404 0.029689
0.797891 0.133193 0.056913 0.027431
0.709634 0.823111 0.052975 0.032400
0.504460 0.587269 0.050319 0.034606
0.704993 0.305761 0.047274 0.028977
0.898284 0.716868 0.048482 0.034137
0.598901 0.206014 0.058051 0.029445
0.896393 0.819851 0.056134 0.028924
0.499064 0.287800 0.065824 0.036485
0.709968 0.856964 0.051457 0.025516
0.703956 0.495957 0.048452 0.031549
0.597654 0.336362 0.057994 0.027954
0.899169 0.420904 0.050225 0.029130
0.193765 0.721325 0.048681 0.034784
0.603498 0.267657 0.051011 0.030313
0.194292 0.341897 0.064243 0.029701
0.507736 0.625811 0.065648 0.029961
0.196011 0.791593 0.055823 0.037014
0.701278 0.391875 0.058455 0.033849
0.803507 0.681387 0.049341 0.024622
0.500269 0.253453 0.058951 0.026717
0.897660 0.851699 0.055611 0.022709
0.401230 0.368553 0.056341 0.027682
0.095096 0.514665 0.055255 0.028261
0.398763 0.236406 0.056915 0.033044
0.504393 0.549280 0.056695 0.029861
0.599865 0.131525 0.060617 0.031071
0.397006 0.127232 0.053024 0.029273
0.606860 0.735628 0.055285 0.030513
0.094593 0.874053 0.074268 0.030905
0.195540 0.835783 0.070487 0.031292
0.704228 0.428480 0.059928 0.030293
0.898058 0.199920 0.050149 0.031058
0.610360 0.798968 0.049660 0.035737
0.094449 0.805780 0.059986 0.031839
0.805671 0.540845 0.059410 0.033322
0.503150 0.512770 0.061122 0.032698
0.600053 0.169694 0.053124 0.030280
0.505781 0.857895 0.042031 0.029057
0.292941 0.187424 0.049846 0.034952
0.398220 0.272405 0.058972 0.029422
0.800099 0.241772 0.047073 0.027600
0.191470 0.185116 0.050178 0.025617
0.193770 0.413572 0.047054 0.030341
0.806419 0.575208 0.064089 0.029654
0.493109 0.096911 0.056718 0.028576
0.096860 0.842095 0.059844 0.028347
0.094854 0.377463 0.053435 0.041758
0.894809 0.161501 0.050766 0.031446
0.195830 0.683151 0.044882 0.028281
0.503591 0.823582 0.052350 0.030931
0.493723 0.133311 0.050251 0.030485
0.091270 0.592375 0.051009 0.034086
0.400193 0.495269 0.052056 0.027815
0.504684 0.657752 0.049050 0.023047
0.397406 0.203623 0.056750 0.024326
0.707831 0.635845 0.051413 0.033267
0.700153 0.334614 0.051540 0.022414
0.093980 0.418991 0.053674 0.038243
0.193932 0.645366 0.050670 0.034482
0.199157 0.583889 0.064415 0.028843
0.896067 0.321604 0.047592 0.028168
0.203345 0.451216 0.062967 0.029733
0.806056 0.712532 0.052864 0.023002
0.702410 0.360629 0.051109 0.021362
0.606440 0.696543 0.044807 0.030048
0.807762 0.777164 0.061530 0.024259
0.193108 0.247961 0.053275 0.024820
0.096686 0.198140 0.048126 0.031287
0.195262 0.378509 0.054643 0.028424
0.699961 0.460188 0.055773 0.027905
0.710807 0.725758 0.043832 0.029720
0.189809 0.870096 0.066845 0.026432
0.192669 0.905377 0.055588 0.031793
0.896008 0.785668 0.044804 0.030033
0.897977 0.680698 0.052309 0.023285
0.700580 0.140081 0.052821 0.030798
0.409201 0.817961 0.053784 0.036830
0.498094 0.358709 0.048670 0.034752
0.190240 0.153410 0.054752 0.027464
0.194451 0.756341 0.047073 0.024621
0.595253 0.465374 0.057423 0.025593
0.401689 0.571178 0.048880 0.034586
0.600530 0.302477 0.041102 0.029205
0.596568 0.497618 0.047154 0.035269
0.094162 0.162007 0.047766 0.034930
0.894496 0.268466 0.051139 0.022729
0.803341 0.612306 0.059130 0.035158
0.406588 0.706487 0.050812 0.026401
0.095254 0.483982 0.053119 0.024506
0.702899 0.566423 0.051270 0.031698
0.896809 0.237050 0.054143 0.026729
0.605865 0.640761 0.061609 0.022433
0.093146 0.339364 0.047215 0.025224
0.496262 0.222488 0.046443 0.024559
0.601246 0.410787 0.050112 0.031620
0.699941 0.273311 0.042831 0.028351
0.895922 0.451041 0.056757 0.022593
0.805624 0.842659 0.042915 0.029419
0.304618 0.227791 0.066662 0.038949
0.714633 0.892075 0.056676 0.033203
0.598942 0.097408 0.054400 0.027418
0.709836 0.693957 0.043152 0.029548
0.095155 0.238281 0.055937 0.039400
0.703445 0.174317 0.048570 0.030458
0.600512 0.537243 0.047084 0.035027
0.091708 0.628823 0.050580 0.032672
0.094008 0.453077 0.047899 0.026567
0.186618 0.218831 0.054368 0.031178
0.505177 0.896426 0.044824 0.032450
0.402472 0.401535 0.059035 0.032273
0.802111 0.902360 0.041316 0.027350
0.804691 0.275854 0.055811 0.032979
0.501818 0.438941 0.047730 0.032471
0.602035 0.576282 0.046219 0.026260
0.705687 0.528920 0.042645 0.031083
0.901026 0.907002 0.049882 0.023179
0.398518 0.167117 0.060309 0.039743
0.894077 0.595027 0.044187 0.026694
0.797574 0.186633 0.042717 0.023694
0.509518 0.792876 0.058063 0.023521
0.094281 0.131170 0.059953 0.024067
0.190558 0.122262 0.046083 0.025123
0.898920 0.294725 0.050787 0.019908
0.398569 0.094061 0.061669 0.027123
0.095855 0.307204 0.043890 0.030043
0.402953 0.531482 0.058951 0.030672
0.803914 0.874187 0.041826 0.026734
0.198496 0.514698 0.052311 0.032505
0.800847 0.213643 0.058278 0.024074
0.405798 0.676905 0.037000 0.025192
0.801674 0.099436 0.057199 0.028660
0.508717 0.764048 0.046199 0.024174
0.606983 0.902791 0.049901 0.027323
0.614394 0.766221 0.055485 0.019513
0.095823 0.276950 0.038638 0.030548
0.093098 0.766992 0.040406 0.036785
0.192631 0.095703 0.048480 0.026815
0.895783 0.125791 0.037784 0.031398
0.808008 0.511880 0.056087 0.021241
0.193607 0.614926 0.050244 0.020347
0.713708 0.665421 0.060507 0.021129
0.088529 0.702562 0.046380 0.028027
0.497865 0.324972 0.063920 0.027108
0.596673 0.437837 0.057338 0.021141
0.799740 0.160640 0.039901 0.023790
0.495663 0.193253 0.037131 0.025820
0.897963 0.653403 0.053396 0.017899
0.602336 0.236011 0.038300 0.024004
0.098518 0.907847 0.064578 0.033211
0.198953 0.482118 0.037112 0.023244
0.197926 0.276910 0.054384 0.026053
0.395553 0.304051 0.064861 0.022936
0.808966 0.305699 0.059442 0.019847
0.501023 0.475659 0.050758 0.034007
0.406876 0.738006 0.062647 0.030847
0.493336 0.166429 0.044032 0.025464
0.697263 0.101704 0.038953 0.035997
0.296147 0.150803 0.060723 0.027809
0.200771 0.551412 0.058074 0.022161
0.609099 0.667751 0.059930 0.020451
0.400259 0.898325 0.045681 0.028445
0.500387 0.401248 0.040060 0.036114
0.801929 0.649288 0.047055 0.030651
0.092605 0.730430 0.038887 0.025117
0.097944 0.098180 0.042927 0.030952
0.413684 0.445310 0.080965 0.050505
0.701450 0.599392 0.047747 0.029154
0.294333 0.118350 0.036119 0.021153
0.896569 0.096902 0.048376 0.018771
0.289823 0.095556 0.040212 0.017992
0.438286 0.195155 0.022114 0.015894
