0.723949 0.446984 0.060347 0.037757
0.073570 0.889855 0.054830 0.040260
0.830573 0.472657 0.063406 0.039809
0.612604 0.236385 0.061471 0.037926
0.384294 0.223304 0.052704 0.034633
0.615389 0.196627 0.056173 0.034423
0.073133 0.536577 0.057670 0.035496
0.065628 0.232560 0.053348 0.037744
0.499052 0.208086 0.077513 0.043255
0.489683 0.545774 0.066006 0.036859
0.169014 0.909642 0.071297 0.040694
0.270580 0.847170 0.056047 0.042835
0.174506 0.510894 0.066582 0.035349
0.380991 0.777225 0.082316 0.040634
0.275691 0.297088 0.053450 0.041345
0.073411 0.816019 0.058770 0.036849
0.497886 0.369828 0.056476 0.036782
0.378248 0.440128 0.056914 0.034673
0.496543 0.583361 0.051883 0.034558
0.390474 0.144872 0.065481 0.042688
0.614161 0.342280 0.075259 0.042126
0.174759 0.716810 0.058203 0.042356
0.607579 0.433205 0.058166 0.038953
0.382048 0.297381 0.058808 0.038297
0.378549 0.523061 0.060703 0.032462
0.385783 0.185585 0.045077 0.036888
0.394630 0.060749 0.058431 0.041887
0.166343 0.257318 0.053046 0.032552
0.173963 0.671730 0.054374 0.041672
0.941853 0.225900 0.064386 0.036842
0.492667 0.438973 0.060928 0.040886
0.071245 0.850801 0.054648 0.034120
0.279261 0.470323 0.058909 0.041081
0.275743 0.512389 0.062904 0.042099
0.720207 0.405952 0.053579 0.036994
0.385900 0.259176 0.062802 0.029279
0.839593 0.706442 0.078001 0.038129
0.069110 0.306493 0.051688 0.039491
0.274324 0.060791 0.053356 0.038483
0.072364 0.346546 0.050026 0.038182
0.492638 0.330370 0.052432 0.037839
0.172992 0.219542 0.055281 0.038965
0.382613 0.337689 0.052917 0.039272
0.936896 0.677736 0.057763 0.043739
0.605319 0.636012 0.053462 0.037262
0.278220 0.428346 0.064051 0.038451
0.495603 0.653784 0.068766 0.033943
0.166839 0.179106 0.054100 0.035277
0.940973 0.110439 0.064792 0.038540
0.497385 0.166521 0.063559 0.037412
0.496799 0.249491 0.052799 0.036471
0.723617 0.558009 0.057915 0.032678
0.836000 0.212561 0.057267 0.029239
0.943933 0.567842 0.061167 0.035794
0.611820 0.558834 0.060122 0.047143
0.616027 0.155317 0.051145 0.045523
0.073840 0.575968 0.059269 0.037826
0.937539 0.416246 0.055492 0.040156
0.826382 0.318882 0.073139 0.038572
0.940234 0.496224 0.049483 0.039694
0.075288 0.928968 0.059856 0.037723
0.072010 0.728383 0.051841 0.039122
0.169930 0.865537 0.055673 0.041394
0.080087 0.616193 0.050878 0.041330
0.602168 0.756541 0.056752 0.034719
0.496319 0.403866 0.048135 0.028889
0.496536 0.507317 0.054768 0.035014
0.725544 0.189913 0.054470 0.036437
0.481962 0.905326 0.058599 0.042208
0.721944 0.631825 0.060916 0.043147
0.487218 0.865341 0.053051 0.034512
0.179111 0.025669 0.068557 0.035070
0.939049 0.639468 0.065758 0.037603
0.490812 0.799214 0.064189 0.038611
0.176143 0.823369 0.051273 0.039189
0.615647 0.110433 0.053385 0.039897
0.380924 0.585274 0.049402 0.032160
0.726847 0.147993 0.068063 0.042509
0.605122 0.599464 0.050769 0.037757
0.611260 0.387248 0.064972 0.044953
0.072878 0.772838 0.054760 0.045565
0.831804 0.511351 0.062026 0.037027
0.065084 0.191669 0.051894 0.039387
0.715599 0.751858 0.057084 0.035669
0.720748 0.592373 0.063627 0.034882
0.940021 0.267183 0.053807 0.043245
0.276537 0.733242 0.053177 0.039719
0.832871 0.249418 0.056285 0.035421
0.378234 0.616038 0.057474 0.030561
0.722400 0.487658 0.052722 0.037757
0.271168 0.555075 0.050831 0.041597
0.496798 0.290138 0.053191 0.041300
0.940798 0.456206 0.046345 0.035598
0.938205 0.719042 0.053710 0.039079
0.275535 0.923512 0.044948 0.038340
0.377359 0.734598 0.074553 0.044687
0.600317 0.906824 0.059277 0.034685
0.940636 0.755757 0.053226 0.032677
0.720923 0.265780 0.047074 0.042105
0.607672 0.792921 0.058869 0.036850
0.377439 0.483583 0.050557 0.044009
0.175257 0.627933 0.048286 0.038173
0.496650 0.619712 0.053329 0.035013
0.826677 0.028161 0.066477 0.038747
0.939357 0.533896 0.048960 0.034592
0.074918 0.499959 0.048026 0.033282
0.930363 0.901866 0.067266 0.035462
0.834094 0.664947 0.061856 0.041875
0.830624 0.584937 0.047933 0.033611
0.605089 0.475424 0.074235 0.044855
0.835660 0.103682 0.072917 0.040038
0.389012 0.102621 0.055326 0.040663
0.380927 0.687545 0.055727 0.047203
0.168289 0.109456 0.049621 0.039215
0.070875 0.061919 0.059577 0.033806
0.943006 0.035808 0.060135 0.038543
0.831532 0.406490 0.053640 0.034262
0.274576 0.387307 0.045197 0.041392
0.939395 0.603309 0.048629 0.033545
0.499392 0.128022 0.058230 0.038197
0.493908 0.474219 0.049516 0.028933
0.607013 0.830171 0.069218 0.035968
0.377067 0.405607 0.044060 0.032451
0.274051 0.773063 0.057710 0.040322
0.167102 0.291969 0.053949 0.035548
0.281331 0.103165 0.053248 0.042864
0.610865 0.067103 0.064969 0.043079
0.724312 0.368205 0.051875 0.037467
0.937001 0.789397 0.055824 0.037335
0.275658 0.885589 0.044782 0.032157
0.282513 0.964121 0.061155 0.037900
0.598718 0.969606 0.051114 0.035491
0.068746 0.269538 0.048283 0.030513
0.072106 0.384710 0.044015 0.036011
0.723949 0.332133 0.047571 0.032876
0.380970 0.858984 0.063006 0.042792
0.383091 0.647500 0.073021 0.030751
0.834853 0.178529 0.043580 0.029244
0.720911 0.228705 0.052361 0.033967
0.272655 0.627361 0.055851 0.039807
0.834013 0.142506 0.055529 0.040385
0.276975 0.150190 0.056245 0.044439
0.169601 0.758159 0.046817 0.034865
0.934597 0.865172 0.046919 0.033348
0.941095 0.378012 0.044341 0.028011
0.169086 0.145464 0.064638 0.027956
0.718856 0.787417 0.053011 0.029054
0.073400 0.461231 0.046475 0.041076
0.826626 0.282458 0.056256 0.029501
0.165530 0.368110 0.058687 0.031620
0.274816 0.224906 0.046558 0.034494
0.937070 0.186649 0.060042 0.035313
0.609220 0.719335 0.050899 0.039060
0.828663 0.623347 0.052327 0.038825
0.075303 0.656754 0.043393 0.032144
0.939728 0.151348 0.068132 0.039970
0.273818 0.189732 0.048761 0.035482
0.065206 0.149666 0.047222 0.037985
0.940581 0.313122 0.050296 0.044033
0.161823 0.330296 0.057770 0.042444
0.273294 0.693021 0.058820 0.038531
0.718728 0.673333 0.068761 0.042408
0.607914 0.517773 0.051376 0.037964
0.073748 0.966992 0.048113 0.038220
0.713113 0.866422 0.071705 0.039197
0.172489 0.587365 0.050561 0.041681
0.383480 0.818127 0.061094 0.039622
0.723465 0.068925 0.046377 0.041859
0.713766 0.945601 0.066053 0.030389
0.169138 0.066581 0.056854 0.042446
0.073735 0.690836 0.041794 0.033611
0.502875 0.089993 0.054864 0.034007
0.275399 0.342585 0.048491 0.043864
0.379788 0.373454 0.043251 0.030382
0.489163 0.690942 0.047182 0.038779
0.602308 0.937568 0.050973 0.025934
0.277310 0.023869 0.047075 0.032287
0.714809 0.907789 0.057820 0.044418
0.716361 0.712657 0.051054 0.037674
0.273221 0.593490 0.061079 0.034163
0.715073 0.824789 0.056720 0.045787
0.615614 0.025523 0.052913 0.037679
0.940249 0.349040 0.043731 0.025859
0.831912 0.437270 0.051551 0.026316
0.935846 0.936616 0.047417 0.034953
0.498366 0.058507 0.055318 0.033665
0.379129 0.555100 0.047109 0.027900
0.607395 0.676617 0.051814 0.045170
0.492408 0.833209 0.054984 0.027655
0.170385 0.470272 0.053251 0.043293
0.722809 0.109594 0.043976 0.034078
0.722774 0.975002 0.063490 0.029894
0.273767 0.808170 0.051371 0.032302
0.495175 0.757729 0.068239 0.044153
0.614068 0.274095 0.053645 0.032999
0.828164 0.066250 0.048259 0.035234
0.169964 0.945401 0.066631 0.028423
0.274241 0.660074 0.054598 0.026732
0.493168 0.023012 0.070739 0.033847
0.940872 0.973510 0.075029 0.036198
0.066330 0.105761 0.046821 0.044769
0.939721 0.073372 0.053958 0.035147
0.603025 0.869050 0.043759 0.038756
0.723101 0.302899 0.045469 0.027802
0.482992 0.954736 0.063978 0.051095
0.072362 0.422836 0.040215 0.034664
0.938805 0.826711 0.052214 0.034768
0.174682 0.789838 0.046839 0.028169
0.832139 0.365765 0.049403 0.048786
0.067360 0.024311 0.054506 0.035447
0.392051 0.928111 0.062364 0.036821
0.840591 0.742095 0.072397 0.035541
0.169277 0.400861 0.056438 0.034155
0.613315 0.304475 0.060356 0.033757
0.831987 0.549336 0.044124 0.035546
0.493703 0.722494 0.068041 0.027604
0.169477 0.432071 0.069877 0.026686
0.276394 0.259410 0.053978 0.033749
0.385732 0.897689 0.048068 0.034139
0.383515 0.965684 0.046108 0.037697
0.398494 0.024899 0.047301 0.028518
0.721349 0.524486 0.057194 0.034214
0.720927 0.028899 0.053810 0.036934
0.175160 0.975323 0.051692 0.029179
0.171915 0.549955 0.065246 0.033518
