0.827904 0.748412 0.064605 0.043083
0.710910 0.370978 0.065247 0.042599
0.939761 0.896981 0.054509 0.036216
0.944610 0.195220 0.057304 0.041904
0.587706 0.839374 0.060702 0.044035
0.933113 0.690452 0.071557 0.045745
0.713074 0.732966 0.059511 0.036216
0.478595 0.728768 0.070373 0.042126
0.830122 0.670942 0.052228 0.039948
0.833553 0.135211 0.059335 0.038808
0.706611 0.693306 0.054250 0.039776
0.941459 0.860306 0.054368 0.036602
0.062842 0.667293 0.055421 0.034455
0.491330 0.164690 0.056991 0.044163
0.829033 0.790978 0.052883 0.040828
0.828963 0.176100 0.073534 0.041899
0.261875 0.824351 0.065242 0.043392
0.267448 0.295243 0.061493 0.036607
0.939590 0.643388 0.053717 0.044861
0.162528 0.901211 0.062992 0.041305
0.268133 0.217280 0.076854 0.040808
0.829535 0.512369 0.056109 0.041544
0.376953 0.394809 0.078446 0.041561
0.715278 0.572930 0.058143 0.038353
0.932949 0.735965 0.063588 0.042871
0.948373 0.933027 0.068757 0.033719
0.489777 0.649064 0.060620 0.040810
0.590524 0.918246 0.054227 0.038129
0.589192 0.880990 0.051764 0.036945
0.164208 0.291355 0.058589 0.037949
0.592221 0.798126 0.049420 0.036109
0.273619 0.479341 0.066939 0.036322
0.827566 0.861270 0.053235 0.038040
0.834801 0.335007 0.060721 0.039541
0.941356 0.152743 0.052550 0.041148
0.271248 0.634898 0.067721 0.039738
0.062856 0.291854 0.053190 0.039035
0.493264 0.207999 0.056975 0.038422
0.713129 0.767941 0.050706 0.037481
0.938848 0.780093 0.064816 0.044630
0.939063 0.069725 0.057720 0.040613
0.827277 0.377666 0.062284 0.042784
0.585819 0.583934 0.062648 0.038343
0.369246 0.434985 0.057979 0.038583
0.493319 0.528808 0.058585 0.041799
0.942529 0.236635 0.056013 0.039151
0.058845 0.553547 0.050995 0.045724
0.597381 0.459640 0.059939 0.036736
0.382819 0.239593 0.059562 0.043668
0.486362 0.569320 0.055819 0.032778
0.832611 0.250324 0.083918 0.042220
0.489402 0.313553 0.055489 0.042625
0.590546 0.622041 0.052860 0.040389
0.934752 0.437470 0.056974 0.037803
0.719052 0.328927 0.067319 0.040155
0.057925 0.595328 0.048658 0.036408
0.935755 0.476575 0.056769 0.037097
0.266930 0.865699 0.059899 0.037920
0.592325 0.956277 0.050112 0.037833
0.058454 0.631995 0.047836 0.030908
0.825415 0.828041 0.053963 0.031713
0.485724 0.606327 0.054976 0.040206
0.159546 0.157334 0.048950 0.038282
0.061830 0.250979 0.050418 0.040832
0.710517 0.656122 0.052344 0.035102
0.060519 0.383532 0.054818 0.040772
0.060928 0.707684 0.051651 0.041890
0.057619 0.423549 0.050357 0.039253
0.168428 0.947429 0.059861 0.045352
0.714514 0.490401 0.079651 0.036565
0.832252 0.707979 0.047800 0.034498
0.936843 0.602409 0.052163 0.031516
0.937485 0.516961 0.054457 0.043506
0.273654 0.177302 0.050585 0.035656
0.593133 0.716592 0.050065 0.030548
0.056124 0.951936 0.064095 0.040169
0.059125 0.337432 0.060184 0.048303
0.605889 0.193516 0.061679 0.045382
0.710719 0.804605 0.049573 0.035107
0.935817 0.278961 0.054235 0.043634
0.592847 0.542288 0.057511 0.040455
0.714270 0.951338 0.076115 0.041888
0.592939 0.661535 0.046714 0.034406
0.724202 0.255424 0.065178 0.034035
0.489843 0.119182 0.056151 0.042384
0.058447 0.464381 0.054205 0.038894
0.063291 0.910702 0.053314 0.038421
0.273633 0.138649 0.058235 0.039976
0.372929 0.509337 0.054988 0.041462
0.374406 0.838722 0.063628 0.034631
0.715010 0.136488 0.082849 0.045602
0.381330 0.318207 0.062863 0.036630
0.391415 0.031044 0.060268 0.044521
0.059588 0.506697 0.049388 0.043839
0.061294 0.872574 0.046040 0.035597
0.062076 0.203757 0.053382 0.047197
0.715505 0.451329 0.047279 0.036649
0.593763 0.500015 0.058634 0.045912
0.933334 0.397565 0.049318 0.042105
0.477132 0.959768 0.049452 0.034544
0.274663 0.099973 0.065867 0.037499
0.719184 0.027899 0.061812 0.044030
0.268411 0.331196 0.051991 0.034156
0.368332 0.730452 0.050762 0.038901
0.931417 0.354155 0.052108 0.039279
0.379661 0.281025 0.058835 0.038681
0.267668 0.519048 0.048191 0.040280
0.378164 0.354986 0.057749 0.035097
0.270125 0.255760 0.053899 0.035132
0.271967 0.442128 0.060793 0.039155
0.830686 0.442431 0.051620 0.034969
0.610156 0.077518 0.062496 0.043235
0.490166 0.389071 0.057497 0.043114
0.938561 0.823502 0.052065 0.038658
0.601234 0.149069 0.070961 0.039705
0.480477 0.772979 0.053892 0.041055
0.370861 0.767195 0.051259 0.037092
0.376201 0.590402 0.053842 0.035784
0.479873 0.688007 0.057788 0.038962
0.158559 0.759372 0.053506 0.038073
0.833169 0.633206 0.055093 0.038506
0.704318 0.841776 0.057460 0.040359
0.599014 0.369896 0.056561 0.044634
0.715448 0.412345 0.049507 0.040125
0.940707 0.561727 0.055750 0.042950
0.826848 0.970402 0.063891 0.039487
0.933148 0.027913 0.052661 0.037791
0.938513 0.110822 0.049208 0.041864
0.835436 0.092240 0.051680 0.044525
0.374825 0.802157 0.049545 0.035546
0.274116 0.712775 0.060326 0.038907
0.162753 0.332770 0.073329 0.040634
0.270011 0.560538 0.050203 0.040124
0.170658 0.512465 0.055141 0.041752
0.718084 0.066224 0.050471 0.033900
0.491983 0.274609 0.055705 0.033726
0.270911 0.063545 0.057535 0.035266
0.832641 0.555525 0.049883 0.044186
0.708257 0.879429 0.051233 0.036476
0.273299 0.673412 0.071900 0.036450
0.383610 0.197424 0.050748 0.039395
0.490236 0.350750 0.051037 0.035203
0.837234 0.053508 0.063066 0.037083
0.162183 0.861713 0.045497 0.036561
0.382410 0.151552 0.055210 0.050198
0.169005 0.557795 0.050228 0.042229
0.947664 0.966216 0.062996 0.031845
0.606053 0.232198 0.047311 0.033284
0.472900 0.898351 0.057068 0.032374
0.169721 0.473345 0.053912 0.036705
0.154004 0.791290 0.049816 0.028068
0.376224 0.551452 0.055004 0.041658
0.831956 0.412470 0.056154 0.027983
0.367563 0.690819 0.056713 0.037613
0.370029 0.472540 0.056328 0.035808
0.477386 0.856325 0.056837 0.047894
0.161973 0.115162 0.047296 0.046039
0.828018 0.938489 0.058715 0.031179
0.271216 0.403797 0.052758 0.035245
0.720579 0.098080 0.060129 0.033581
0.828321 0.473475 0.046939 0.031399
0.488678 0.493377 0.054429 0.029963
0.272402 0.751698 0.056589 0.044475
0.604488 0.114314 0.056269 0.033226
0.060799 0.118153 0.048604 0.042312
0.164259 0.072367 0.048450 0.039418
0.057245 0.747969 0.048748 0.038897
0.603409 0.272677 0.052873 0.044544
0.386839 0.110774 0.049689 0.034320
0.831432 0.293646 0.060143 0.046785
0.709869 0.912797 0.055255 0.033582
0.269752 0.596690 0.044121 0.034226
0.386724 0.073931 0.047840 0.040540
0.267458 0.903458 0.058596 0.034954
0.719568 0.221664 0.055092 0.037451
0.374074 0.625266 0.049701 0.034083
0.832096 0.595509 0.052610 0.036553
0.374562 0.960596 0.067274 0.040392
0.718736 0.291416 0.050206 0.038440
0.609418 0.030062 0.055214 0.045660
0.063763 0.160079 0.045535 0.038604
0.373446 0.921928 0.045534 0.037956
0.372805 0.879489 0.054103 0.042260
0.719612 0.181746 0.055965 0.049100
0.269844 0.369620 0.051962 0.037870
0.162692 0.245861 0.048265 0.043165
0.932611 0.318154 0.042859 0.033660
0.594025 0.416649 0.048954 0.047785
0.170041 0.438723 0.051709 0.037086
0.060060 0.809609 0.038646 0.034191
0.834098 0.214026 0.062011 0.031827
0.824049 0.901573 0.056549 0.044801
0.488055 0.079225 0.057314 0.038460
0.165039 0.033548 0.064641 0.040959
0.491127 0.243612 0.041756 0.030190
0.269821 0.963495 0.055574 0.031641
0.163047 0.603706 0.046522 0.044522
0.710199 0.614961 0.059560 0.049071
0.161004 0.713657 0.055288 0.050021
0.834076 0.021856 0.065123 0.027959
0.160425 0.642483 0.054050 0.034027
0.480267 0.813132 0.050436 0.038655
0.058448 0.839939 0.043007 0.031015
0.158880 0.199695 0.069869 0.042236
0.475160 0.928741 0.046619 0.030814
0.595077 0.689674 0.045363 0.023549
0.157506 0.826170 0.053191 0.037132
0.370623 0.656090 0.038519 0.033207
0.169145 0.406169 0.050675 0.031483
0.486211 0.036323 0.059555 0.048637
0.065637 0.074060 0.048264 0.039638
0.590281 0.755617 0.053647 0.046892
0.269530 0.787358 0.048290 0.029484
0.269358 0.025226 0.046072 0.034617
0.165974 0.674592 0.054091 0.029552
0.272845 0.932680 0.060499 0.030898
0.059585 0.778148 0.042160 0.028135
0.602305 0.320136 0.059217 0.047415
0.488452 0.435319 0.065009 0.050406
0.063671 0.034554 0.044116 0.037940
0.176532 0.370069 0.074074 0.044066
0.712377 0.536134 0.052973 0.040118
0.493155 0.451781 0.067473 0.043233
