0.948705 0.472168 0.058400 0.043069
0.396673 0.795077 0.067540 0.041161
0.396798 0.523588 0.056223 0.043695
0.391641 0.410517 0.060471 0.035684
0.838393 0.910867 0.069569 0.041894
0.178035 0.917355 0.061690 0.047825
0.059844 0.121462 0.061733 0.042972
0.394361 0.336541 0.054833 0.040023
0.946441 0.178207 0.046525 0.037581
0.393346 0.484134 0.057116 0.029910
0.070445 0.833616 0.066299 0.042328
0.611345 0.429896 0.069378 0.038251
0.395479 0.260998 0.052018 0.039171
0.293832 0.893017 0.057697 0.041068
0.168542 0.757822 0.056344 0.041459
0.944688 0.219159 0.055577 0.040499
0.945338 0.916343 0.065537 0.039918
0.510030 0.162478 0.057198 0.035726
0.841021 0.866825 0.053239 0.040906
0.393923 0.449322 0.053942 0.034101
0.615486 0.311310 0.056296 0.039460
0.506759 0.379322 0.049689 0.038594
0.833475 0.303014 0.049264 0.034309
0.616155 0.109226 0.058820 0.043319
0.502631 0.304042 0.053512 0.036155
0.833254 0.378785 0.049443 0.038753
0.065304 0.749159 0.060935 0.049656
0.833614 0.340957 0.049395 0.036615
0.505813 0.195475 0.049106 0.030984
0.828485 0.192131 0.058895 0.046704
0.398025 0.220540 0.048355 0.036116
0.501539 0.231606 0.050474 0.038455
0.167878 0.683901 0.050788 0.043334
0.945044 0.140106 0.050698 0.038747
0.502301 0.970928 0.059733 0.040872
0.621588 0.152731 0.048739 0.037439
0.945161 0.515016 0.053751 0.040069
0.172232 0.301982 0.055313 0.040310
0.290919 0.934384 0.054275 0.038443
0.402328 0.836651 0.053379 0.036131
0.061356 0.209302 0.052463 0.039718
0.077867 0.878145 0.053121 0.043012
0.060282 0.079209 0.047513 0.042425
0.396659 0.950729 0.057269 0.041882
0.614721 0.351633 0.055421 0.035298
0.501805 0.490807 0.057154 0.043863
0.504303 0.340297 0.047916 0.038217
0.395863 0.374903 0.049556 0.037740
0.165825 0.341172 0.059094 0.039770
0.614773 0.391149 0.049808 0.037461
0.394480 0.182181 0.049933 0.037286
0.172697 0.490881 0.050913 0.039013
0.621435 0.188256 0.049345 0.030644
0.173289 0.722413 0.052047 0.029380
0.173689 0.260333 0.051437 0.040787
0.503410 0.930469 0.050711 0.039445
0.946470 0.955988 0.053937 0.038841
0.286534 0.971172 0.057786 0.033201
0.170754 0.215091 0.053987 0.042628
0.170617 0.610152 0.052612 0.032311
0.174123 0.801920 0.062897 0.044289
0.396090 0.296408 0.049820 0.034908
0.833619 0.415251 0.057181 0.028496
0.395078 0.031008 0.052713 0.037001
0.831299 0.027368 0.056690 0.035130
0.065342 0.667624 0.076061 0.037213
0.725059 0.345695 0.054158 0.034950
0.280324 0.852193 0.073034 0.037733
0.169698 0.172555 0.046562 0.040990
0.947159 0.399807 0.055585 0.032606
0.398606 0.566363 0.049664 0.040802
0.952309 0.670880 0.051863 0.039451
0.733433 0.216127 0.076278 0.041489
0.283996 0.362046 0.052692 0.036333
0.504831 0.561586 0.051116 0.040249
0.946772 0.876275 0.055480 0.041468
0.611152 0.271343 0.053524 0.042832
0.724227 0.261136 0.057279 0.047060
0.072264 0.794349 0.055502 0.035772
0.500759 0.895352 0.053175 0.035576
0.840757 0.539998 0.061204 0.047690
0.060888 0.165582 0.057567 0.038803
0.180593 0.963322 0.058315 0.042848
0.946111 0.308576 0.051699 0.042321
0.168832 0.573150 0.047144 0.040786
0.946678 0.433302 0.044001 0.030140
0.832300 0.265055 0.050846 0.035633
0.600233 0.909145 0.055267 0.046549
0.283626 0.173755 0.049307 0.030985
0.284476 0.130574 0.052029 0.045297
0.172407 0.129485 0.056752 0.042401
0.616066 0.504539 0.050637 0.037919
0.601674 0.824547 0.056800 0.046514
0.609652 0.710907 0.052074 0.037368
0.835054 0.064182 0.054390 0.036524
0.496364 0.858700 0.053388 0.041792
0.940983 0.029733 0.050639 0.037460
0.075525 0.953449 0.050207 0.045735
0.942116 0.102054 0.051733 0.039706
0.952925 0.630255 0.054557 0.038232
0.289769 0.485654 0.048519 0.039836
0.171871 0.644974 0.042752 0.031972
0.069223 0.333328 0.054403 0.039330
0.068975 0.374708 0.042726 0.036850
0.399247 0.909640 0.048027 0.034151
0.397304 0.755296 0.056707 0.033420
0.168091 0.378833 0.051647 0.036599
0.622138 0.068214 0.047536 0.036419
0.611924 0.631605 0.054158 0.043114
0.832216 0.144148 0.048814 0.043605
0.290197 0.449862 0.055398 0.030133
0.395881 0.140365 0.049259 0.041752
0.500247 0.267249 0.049412 0.035738
0.841871 0.953554 0.050399 0.038832
0.396818 0.096935 0.052382 0.043196
0.170227 0.531644 0.046701 0.039420
0.609385 0.781320 0.049796 0.038724
0.720781 0.307898 0.055191 0.041689
0.282559 0.742489 0.045014 0.048905
0.840840 0.747427 0.052839 0.041711
0.066769 0.446554 0.048500 0.040685
0.170972 0.455426 0.046372 0.030484
0.729714 0.382144 0.052009 0.038081
0.064080 0.250224 0.055509 0.041006
0.497580 0.698788 0.050897 0.044611
0.949124 0.586774 0.052076 0.041551
0.840726 0.663277 0.049634 0.039640
0.278032 0.603243 0.045296 0.037728
0.287602 0.526898 0.047557 0.039499
0.278526 0.691393 0.057694 0.046446
0.068605 0.562901 0.046408 0.037388
0.613577 0.468086 0.049859 0.034170
0.174077 0.041520 0.052310 0.040489
0.602452 0.864867 0.050305 0.036129
0.835514 0.451589 0.055248 0.037949
0.283799 0.315917 0.044432 0.045793
0.941128 0.064923 0.047132 0.036220
0.831330 0.231767 0.050873 0.030416
0.283454 0.788786 0.048081 0.034739
0.504714 0.448076 0.045802 0.033442
0.065790 0.291689 0.052013 0.042266
0.180722 0.873355 0.049475 0.037878
0.733356 0.179617 0.049120 0.027589
0.280766 0.642914 0.048780 0.039189
0.731901 0.143200 0.046908 0.040333
0.065556 0.524852 0.048156 0.037042
0.064988 0.484852 0.047461 0.038604
0.950178 0.709670 0.045206 0.036337
0.287038 0.212024 0.049150 0.044261
0.616171 0.546988 0.051006 0.039577
0.067544 0.703478 0.049407 0.036949
0.402766 0.874265 0.049720 0.038900
0.069402 0.626712 0.041449 0.041139
0.839175 0.624881 0.050491 0.037586
0.060236 0.038074 0.043468 0.037457
0.166815 0.417010 0.051279 0.047674
0.171953 0.086002 0.061726 0.044898
0.832869 0.100777 0.050672 0.036791
0.840318 0.827535 0.045291 0.034485
0.945199 0.354666 0.065687 0.044337
0.076592 0.915642 0.049372 0.031793
0.611873 0.672539 0.045964 0.037668
0.838117 0.705850 0.045336 0.039154
0.504908 0.416723 0.040271 0.028451
0.947536 0.549565 0.054379 0.028940
0.945261 0.264505 0.052779 0.044219
0.506685 0.608291 0.048277 0.041617
0.944498 0.799896 0.050692 0.044951
0.725539 0.030260 0.048371 0.037871
0.495682 0.776727 0.043863 0.041131
0.398606 0.610401 0.059389 0.042890
0.947551 0.751332 0.057929 0.049597
0.839312 0.789895 0.047304 0.037789
0.070446 0.410425 0.045119 0.027670
0.286496 0.821520 0.051324 0.026682
0.494834 0.818757 0.049093 0.035443
0.398169 0.651001 0.042365 0.040867
0.605537 0.955021 0.049357 0.039180
0.501428 0.655361 0.050635 0.041515
0.284168 0.566853 0.040732 0.029325
0.495358 0.739565 0.050238 0.037335
0.614601 0.588427 0.043382 0.040453
0.610750 0.745659 0.047562 0.027795
0.281631 0.040962 0.055567 0.044941
0.397554 0.062702 0.045004 0.027208
0.177876 0.842003 0.053742 0.027456
0.732359 0.102661 0.049025 0.036557
0.836736 0.492702 0.053295 0.043468
0.502443 0.526162 0.047647 0.029897
0.727189 0.069258 0.049343 0.033393
0.394140 0.696705 0.065004 0.049845
0.284460 0.404946 0.055899 0.045661
0.946524 0.837319 0.048863 0.036961
0.840884 0.584374 0.054764 0.037436
0.621905 0.030232 0.042198 0.036421
0.285342 0.083665 0.049349 0.042718
0.512989 0.082469 0.059767 0.039165
0.616157 0.224603 0.061556 0.044131
0.511978 0.121980 0.055734 0.044921
0.507403 0.041074 0.064177 0.049873
0.283762 0.268037 0.047095 0.046109
0.073929 0.593984 0.044570 0.026125
