0.708451 0.604354 0.069763 0.043663
0.823277 0.384902 0.065030 0.036670
0.277610 0.596219 0.064067 0.041079
0.934242 0.758768 0.058770 0.039988
0.717230 0.353398 0.059578 0.035885
0.278880 0.699248 0.051207 0.036972
0.277020 0.735625 0.058582 0.033847
0.392291 0.527534 0.068042 0.035734
0.388740 0.568102 0.062070 0.040929
0.604778 0.646803 0.062500 0.038972
0.272310 0.885830 0.062896 0.040114
0.933377 0.674019 0.065696 0.044254
0.502166 0.142523 0.061061 0.036299
0.271761 0.809228 0.072270 0.048039
0.279183 0.240375 0.074205 0.040677
0.279548 0.955839 0.060038 0.038185
0.166198 0.546186 0.052878 0.041971
0.604436 0.431243 0.062742 0.038321
0.280586 0.479062 0.057930 0.038957
0.821301 0.579624 0.063673 0.039432
0.825426 0.468449 0.062631 0.044567
0.056404 0.532795 0.060880 0.040492
0.495438 0.334262 0.066612 0.038439
0.924117 0.908720 0.066375 0.041406
0.504600 0.257194 0.072666 0.039808
0.274715 0.662124 0.067739 0.035921
0.174789 0.354747 0.058816 0.039036
0.483796 0.794000 0.054729 0.034502
0.494939 0.489013 0.060133 0.037014
0.824194 0.424252 0.055959 0.041357
0.495799 0.412056 0.057129 0.039270
0.602889 0.725770 0.052247 0.035295
0.273042 0.849035 0.054985 0.032095
0.274978 0.138054 0.053664 0.038558
0.389192 0.346893 0.052320 0.037460
0.278475 0.284714 0.071338 0.042079
0.934712 0.366008 0.058726 0.049158
0.612016 0.572884 0.050664 0.036414
0.281607 0.556240 0.051977 0.034985
0.720153 0.390597 0.054721 0.035177
0.930394 0.829148 0.051772 0.033088
0.389861 0.491617 0.053663 0.034234
0.717442 0.269451 0.068286 0.045962
0.495994 0.450752 0.052235 0.036162
0.939368 0.631312 0.061977 0.037005
0.934948 0.717476 0.052670 0.039017
0.605110 0.610887 0.072194 0.035216
0.825004 0.192964 0.056440 0.040862
0.286066 0.439641 0.065754 0.036347
0.174353 0.665364 0.056627 0.039694
0.048352 0.833758 0.056713 0.042245
0.498504 0.185633 0.057471 0.044255
0.498715 0.103345 0.054622 0.037215
0.281835 0.517612 0.051360 0.034958
0.713362 0.769215 0.048388 0.037554
0.810780 0.665711 0.062599 0.042920
0.822097 0.539310 0.054078 0.037731
0.930114 0.458219 0.054032 0.033024
0.059207 0.196847 0.059873 0.036389
0.376649 0.973847 0.061003 0.035924
0.714601 0.728703 0.051336 0.037450
0.489776 0.672287 0.051654 0.037065
0.164243 0.460171 0.054884 0.037553
0.374031 0.912178 0.053366 0.034086
0.392881 0.640292 0.057164 0.041778
0.605149 0.885178 0.055466 0.036016
0.941281 0.529056 0.053163 0.034395
0.060173 0.489210 0.048275 0.044203
0.283475 0.329651 0.059599 0.045867
0.605216 0.687308 0.054284 0.038059
0.933266 0.125951 0.062821 0.033560
0.057612 0.955689 0.062216 0.042470
0.606177 0.766023 0.054288 0.039766
0.385753 0.383305 0.050895 0.027024
0.376328 0.798042 0.060915 0.043738
0.603153 0.845328 0.053075 0.041275
0.171666 0.794472 0.058053 0.033796
0.384456 0.146531 0.062591 0.037328
0.824587 0.092718 0.055222 0.040853
0.491684 0.829746 0.050599 0.036598
0.390556 0.413999 0.054992 0.034127
0.377631 0.232676 0.063671 0.044504
0.377864 0.875766 0.048223 0.040002
0.492591 0.868110 0.051058 0.038040
0.818671 0.919661 0.055555 0.035928
0.942747 0.564940 0.057733 0.029072
0.925711 0.865372 0.052344 0.039088
0.165998 0.500769 0.059611 0.041637
0.062540 0.021850 0.061705 0.032289
0.708469 0.558846 0.050979 0.042831
0.168173 0.588395 0.058260 0.035199
0.495346 0.905471 0.053141 0.037070
0.610579 0.497675 0.051817 0.036071
0.933538 0.492475 0.057856 0.035235
0.502865 0.296338 0.049609 0.038197
0.715158 0.691072 0.048801 0.035809
0.384850 0.307785 0.051534 0.037584
0.489853 0.754942 0.046444 0.040220
0.162206 0.871914 0.050635 0.039383
0.050035 0.792473 0.045201 0.037884
0.049166 0.754340 0.044048 0.033939
0.051649 0.877292 0.084946 0.040184
0.172243 0.625432 0.057832 0.037329
0.812899 0.878937 0.049446 0.044335
0.271976 0.768830 0.055043 0.030726
0.280187 0.099305 0.050864 0.030777
0.171921 0.708176 0.051072 0.043733
0.381206 0.271635 0.051543 0.031552
0.280644 0.201805 0.047979 0.031633
0.285138 0.400254 0.069398 0.039860
0.278286 0.063870 0.053055 0.039633
0.709055 0.810701 0.059636 0.042657
0.612571 0.534508 0.050411 0.034408
0.060278 0.258670 0.051936 0.039296
0.924876 0.952426 0.055778 0.039953
0.715712 0.110634 0.059656 0.033207
0.379107 0.943115 0.048096 0.027646
0.822139 0.954802 0.060329 0.037045
0.821510 0.154346 0.050167 0.033146
0.606215 0.148064 0.060379 0.044234
0.815280 0.835722 0.051166 0.039174
0.926485 0.091653 0.054488 0.030071
0.715964 0.650508 0.058771 0.042123
0.062507 0.158821 0.049198 0.035564
0.166496 0.389912 0.054951 0.031272
0.379444 0.838432 0.049323 0.037130
0.499138 0.373354 0.049902 0.038163
0.288452 0.365194 0.059434 0.025601
0.605453 0.919622 0.052792 0.033490
0.710865 0.513187 0.056922 0.047191
0.937713 0.323575 0.057262 0.036596
0.602910 0.352383 0.050246 0.035302
0.604648 0.804547 0.047189 0.035621
0.928763 0.058980 0.047022 0.034889
0.155164 0.939960 0.048599 0.029050
0.385110 0.686801 0.060171 0.046163
0.818427 0.346225 0.050390 0.037853
0.931253 0.156687 0.052628 0.029994
0.819006 0.273878 0.048850 0.037842
0.166686 0.273810 0.055955 0.035111
0.489897 0.632737 0.048347 0.037083
0.495365 0.592004 0.055324 0.040039
0.387274 0.069551 0.051212 0.035630
0.169218 0.314701 0.059846 0.041363
0.606547 0.391400 0.051741 0.038727
0.719861 0.433030 0.049791 0.041927
0.388001 0.453753 0.046154 0.040031
0.500565 0.062177 0.056668 0.040355
0.056594 0.914844 0.049928 0.034000
0.929388 0.795315 0.046640 0.031314
0.388430 0.604807 0.046607 0.029760
0.281796 0.172267 0.054447 0.028267
0.059038 0.323370 0.050402 0.033051
0.388427 0.107873 0.047111 0.041498
0.060095 0.408475 0.050243 0.043959
0.384455 0.187031 0.059803 0.043596
0.820437 0.234447 0.047077 0.038417
0.603963 0.315596 0.053831 0.038562
0.708529 0.977852 0.055710 0.027616
0.937335 0.597197 0.046630 0.029766
0.060465 0.448965 0.050834 0.036013
0.503399 0.223487 0.059309 0.024707
0.163873 0.832759 0.048263 0.034706
0.153909 0.969869 0.054783 0.031915
0.061795 0.058929 0.051133 0.038425
0.712937 0.070336 0.051148 0.045635
0.714063 0.313753 0.052980 0.040834
0.489724 0.713676 0.050300 0.039875
0.708831 0.851887 0.068176 0.038672
0.609411 0.218594 0.048805 0.032288
0.060363 0.366138 0.046167 0.040911
0.056616 0.574898 0.046193 0.042270
0.063300 0.226622 0.050138 0.023653
0.161705 0.237467 0.052540 0.038532
0.933054 0.186646 0.051209 0.033081
0.826432 0.053090 0.047584 0.037008
0.052892 0.652612 0.048533 0.040924
0.493415 0.555956 0.044093 0.031734
0.710085 0.028542 0.049599 0.036402
0.715741 0.471821 0.042530 0.033800
0.817317 0.621721 0.046095 0.041266
0.166847 0.755480 0.045297 0.042607
0.713705 0.181859 0.047035 0.033532
0.166881 0.424163 0.045364 0.034653
0.171241 0.022612 0.052533 0.033765
0.497319 0.522840 0.045334 0.031949
0.048786 0.692887 0.044492 0.033634
0.163094 0.119418 0.047390 0.036606
0.810926 0.711382 0.051342 0.039884
0.925874 0.416451 0.070431 0.044483
0.277001 0.920085 0.057792 0.029938
0.380201 0.028771 0.067857 0.045602
0.826389 0.126185 0.047993 0.023527
0.163160 0.162805 0.050691 0.043164
0.815140 0.791041 0.041007 0.044067
0.817323 0.308614 0.040629 0.031021
0.607714 0.251543 0.047863 0.032753
0.060515 0.096437 0.041356 0.034270
0.055625 0.614061 0.042522 0.034390
0.603281 0.958291 0.038535 0.039763
0.709991 0.148396 0.045053 0.034720
0.603887 0.281723 0.044299 0.030095
0.929195 0.028053 0.043226 0.027900
0.715786 0.221996 0.048810 0.042409
0.279615 0.023675 0.051955 0.033726
0.163188 0.083107 0.052838 0.034866
0.063050 0.291694 0.044940 0.032534
0.163142 0.200559 0.045967 0.035591
0.158701 0.907163 0.044910 0.031163
0.060622 0.126559 0.038917 0.026863
0.609290 0.466454 0.051347 0.030903
0.048537 0.722180 0.038781 0.028949
0.824179 0.506757 0.045781 0.027610
0.608299 0.061836 0.046942 0.037585
0.276509 0.628330 0.049523 0.027318
0.709159 0.887914 0.037472 0.028913
0.612891 0.186372 0.047290 0.030522
0.702539 0.948983 0.040615 0.031529
0.929929 0.215442 0.050706 0.029387
0.610452 0.103018 0.047297 0.040703
0.166426 0.053515 0.044426 0.025253
0.605622 0.025876 0.049749 0.034163
0.493618 0.967689 0.053200 0.037667
0.704588 0.920384 0.035308 0.027563
0.826707 0.022992 0.044812 0.019423
0.492363 0.939496 0.041867 0.026357
0.932606 0.250251 0.053272 0.038699
0.812480 0.748894 0.047253 0.038751
0.942955 0.288456 0.063621 0.032518
0.500879 0.024911 0.061839 0.035854
0.387859 0.725963 0.065307 0.032128
0.382436 0.753577 0.062731 0.043861
