0.201872 0.727634 0.056227 0.033546
0.522808 0.367900 0.065120 0.034439
0.640654 0.642277 0.062150 0.041942
0.418894 0.539855 0.059436 0.039884
0.946189 0.666701 0.063653 0.041193
0.750321 0.709125 0.062941 0.040273
0.643452 0.823066 0.060827 0.033737
0.841802 0.702075 0.069276 0.037825
0.184536 0.144192 0.055676 0.038891
0.411202 0.339912 0.058384 0.036977
0.937409 0.097996 0.058772 0.037767
0.419399 0.731883 0.060792 0.038288
0.202825 0.862050 0.066035 0.034782
0.843192 0.548931 0.058665 0.033999
0.947589 0.584483 0.055398 0.039455
0.539197 0.916446 0.053416 0.035024
0.951623 0.858915 0.060370 0.042132
0.621679 0.152219 0.070513 0.045976
0.195777 0.397705 0.050468 0.034044
0.645836 0.860491 0.055316 0.029918
0.298626 0.476053 0.054762 0.031886
0.298263 0.258765 0.060130 0.042148
0.943601 0.472832 0.058475 0.043390
0.946675 0.381223 0.067209 0.052104
0.088188 0.859173 0.051649 0.038157
0.076670 0.633523 0.059227 0.038179
0.188990 0.297246 0.059779 0.034575
0.954765 0.779271 0.056745 0.033654
0.523915 0.326687 0.055711 0.036813
0.730745 0.460465 0.067447 0.047796
0.735307 0.583189 0.065096 0.046732
0.299308 0.509025 0.051367 0.031950
0.418474 0.500507 0.057222 0.034666
0.082174 0.397546 0.053634 0.039507
0.429945 0.813223 0.052698 0.036034
0.750047 0.831735 0.058167 0.038077
0.625457 0.308101 0.050137 0.040637
0.304059 0.579040 0.065074 0.036167
0.298290 0.302031 0.058835 0.037903
0.629596 0.484155 0.062720 0.036034
0.741460 0.628526 0.054410 0.032636
0.536746 0.762226 0.067570 0.041120
0.199851 0.579484 0.078396 0.041743
0.081314 0.439596 0.052282 0.039524
0.398353 0.113699 0.052853 0.035107
0.850303 0.884556 0.052182 0.034243
0.203657 0.822657 0.049315 0.038751
0.514570 0.195173 0.067458 0.039382
0.841997 0.626527 0.052537 0.042262
0.941038 0.292148 0.054843 0.037856
0.844463 0.447532 0.058163 0.032681
0.397095 0.073394 0.064446 0.037426
0.834301 0.290445 0.055956 0.037298
0.315632 0.728042 0.055346 0.041550
0.929364 0.021318 0.055610 0.037468
0.200671 0.759636 0.053508 0.028306
0.196670 0.653992 0.052449 0.038529
0.411968 0.411073 0.051391 0.033157
0.845007 0.369351 0.052899 0.040211
0.541284 0.799382 0.061966 0.026551
0.530780 0.650320 0.076167 0.039787
0.943923 0.512418 0.049977 0.037848
0.950034 0.740951 0.046044 0.035102
0.742343 0.915635 0.052858 0.041856
0.196830 0.471353 0.046540 0.029843
0.419627 0.579866 0.053683 0.037381
0.068191 0.186849 0.065048 0.037585
0.522509 0.510568 0.051602 0.032181
0.851359 0.781323 0.050566 0.040631
0.196705 0.691810 0.049904 0.034783
0.637224 0.712206 0.052995 0.036283
0.063264 0.072447 0.056261 0.038213
0.195467 0.503324 0.047957 0.033189
0.300786 0.339807 0.052206 0.032771
0.533104 0.951610 0.067349 0.034789
0.841655 0.328553 0.052055 0.032039
0.946035 0.548002 0.047907 0.031624
0.311810 0.647044 0.048514 0.033461
0.399249 0.149762 0.049303 0.033543
0.428342 0.926094 0.050432 0.038223
0.952444 0.816844 0.047331 0.034889
0.640527 0.600335 0.051704 0.036555
0.831525 0.141644 0.061484 0.033750
0.938352 0.137324 0.047928 0.039641
0.420588 0.691050 0.051290 0.038670
0.849423 0.953392 0.059348 0.032295
0.299254 0.411543 0.051936 0.035981
0.198231 0.896464 0.049092 0.030669
0.185020 0.184055 0.048534 0.039433
0.295814 0.133810 0.064536 0.039282
0.844255 0.411306 0.046649 0.035982
0.424453 0.886129 0.054720 0.039359
0.832506 0.179806 0.057444 0.037309
0.853858 0.739836 0.059021 0.031260
0.186749 0.259454 0.058421 0.036876
0.313871 0.687088 0.052214 0.038399
0.197123 0.540500 0.053126 0.033716
0.301852 0.445660 0.057668 0.024202
0.300464 0.543677 0.047254 0.030710
0.084266 0.818244 0.047743 0.036200
0.525763 0.545934 0.049672 0.032705
0.646064 0.894553 0.047960 0.031305
0.410879 0.375604 0.048285 0.034598
0.827080 0.021839 0.053013 0.036867
0.183676 0.067178 0.052227 0.040533
0.944656 0.333379 0.050084 0.038763
0.082396 0.519786 0.046492 0.033845
0.533143 0.692895 0.054088 0.038643
0.940323 0.179911 0.050138 0.039376
0.625184 0.109606 0.055761 0.032288
0.080546 0.562652 0.048151 0.045042
0.719516 0.025402 0.058563 0.038032
0.645410 0.754345 0.050556 0.041298
0.204681 0.790059 0.058527 0.025262
0.532360 0.725826 0.049652 0.027294
0.948493 0.704928 0.043549 0.033577
0.308450 0.916342 0.055594 0.036578
0.308566 0.612779 0.050970 0.032107
0.090106 0.893432 0.053157 0.025183
0.062486 0.032207 0.063363 0.042452
0.829812 0.102002 0.052227 0.042518
0.949294 0.428218 0.056926 0.039751
0.193812 0.332350 0.045670 0.030345
0.724940 0.138150 0.054118 0.036903
0.833368 0.254254 0.048142 0.031759
0.081677 0.478991 0.049365 0.034915
0.539563 0.831871 0.045045 0.033232
0.747394 0.749726 0.065706 0.037123
0.625465 0.266639 0.050786 0.035779
0.733336 0.217052 0.051384 0.041785
0.198056 0.435125 0.051388 0.038434
0.509952 0.107820 0.051653 0.033506
0.937288 0.059588 0.047161 0.038054
0.097435 0.954661 0.067150 0.030839
0.635306 0.560096 0.054521 0.036026
0.403991 0.182125 0.060668 0.026151
0.420655 0.618107 0.052449 0.035439
0.734649 0.413952 0.052702 0.038085
0.071549 0.257081 0.055330 0.036192
0.408420 0.216497 0.058794 0.035534
0.736313 0.536821 0.047259 0.038366
0.640393 0.936069 0.057485 0.045195
0.624775 0.193594 0.050460 0.035655
0.508821 0.069505 0.049867 0.038795
0.847700 0.665722 0.048849 0.029632
0.185133 0.221366 0.046383 0.032591
0.827950 0.060799 0.049944 0.038768
0.527017 0.405235 0.062683 0.032423
0.940145 0.254168 0.043108 0.033508
0.506609 0.028315 0.050889 0.041913
0.634971 0.520697 0.044709 0.037471
0.828974 0.220268 0.050640 0.038641
0.849116 0.921164 0.048279 0.032839
0.199341 0.364168 0.049803 0.027168
0.397159 0.031422 0.055976 0.042154
0.064945 0.111261 0.047391 0.037681
0.731496 0.371052 0.051649 0.041440
0.069744 0.149622 0.054463 0.032396
0.417683 0.652633 0.055420 0.032867
0.079944 0.360080 0.050303 0.033051
0.719041 0.063162 0.052493 0.037095
0.630256 0.412434 0.054777 0.044395
0.646461 0.790408 0.052775 0.024190
0.082537 0.715666 0.055354 0.035016
0.842699 0.511754 0.042794 0.030977
0.528605 0.581575 0.067433 0.039181
0.409040 0.295994 0.048260 0.042592
0.745496 0.667210 0.043259 0.038314
0.523209 0.475838 0.043645 0.034431
0.727904 0.176907 0.049184 0.039073
0.627472 0.344565 0.043888 0.029395
0.958505 0.936539 0.048221 0.036170
0.073556 0.294851 0.045798 0.034348
0.308359 0.800316 0.051151 0.035761
0.738162 0.499456 0.054868 0.027794
0.204745 0.954122 0.051552 0.027609
0.517456 0.443098 0.049425 0.036128
0.729410 0.330994 0.040821 0.037561
0.520643 0.283212 0.047607 0.045065
0.413050 0.455135 0.046443 0.044280
0.076610 0.221294 0.056374 0.026772
0.743286 0.875254 0.051982 0.039156
0.188893 0.104899 0.044593 0.034337
0.720653 0.101037 0.055662 0.033496
0.847326 0.849414 0.044396 0.032604
0.624083 0.071053 0.050661 0.040853
0.308371 0.767141 0.043864 0.029662
0.294250 0.095483 0.044605 0.031993
0.729802 0.258141 0.045838 0.034326
0.201683 0.925815 0.048755 0.030982
0.844242 0.584842 0.041334 0.032140
0.643096 0.679061 0.051954 0.025115
0.299984 0.375839 0.066975 0.034680
0.084109 0.675182 0.064364 0.040226
0.423781 0.848659 0.048010 0.028631
0.844829 0.480982 0.044266 0.029027
0.083253 0.783046 0.040360 0.031268
0.407489 0.254854 0.047531 0.036060
0.520074 0.237384 0.052167 0.041042
0.515655 0.151924 0.047612 0.045562
0.846852 0.818071 0.046297 0.031039
0.076486 0.328022 0.047106 0.029318
0.195393 0.619086 0.046989 0.032083
0.742809 0.952651 0.044356 0.030381
0.306508 0.879765 0.042450 0.037276
0.078921 0.599799 0.044807 0.027964
0.623387 0.231008 0.043687 0.034653
0.089283 0.924158 0.040199 0.029376
0.294019 0.213755 0.051321 0.038228
0.531852 0.614967 0.047649 0.027100
0.940503 0.219170 0.039689 0.033655
0.083333 0.750047 0.039728 0.030406
0.290995 0.065574 0.051936 0.024505
0.748187 0.789560 0.054857 0.044311
0.629603 0.375752 0.051946 0.024201
0.950021 0.901384 0.056127 0.038593
0.729447 0.293471 0.038481 0.032835
0.306155 0.839955 0.041873 0.035273
0.311032 0.953981 0.058516 0.038084
0.293713 0.031965 0.046721 0.038293
0.424436 0.774216 0.058178 0.036788
0.631204 0.451780 0.044636 0.028777
0.178368 0.026528 0.054156 0.033870
0.621483 0.027287 0.039929 0.043752
0.295058 0.173734 0.047366 0.036768
0.537877 0.873826 0.054659 0.047332
0.434040 0.958516 0.057035 0.024772
0.950623 0.625455 0.049375 0.036845
