0.726093 0.309479 0.062903 0.036232
0.174566 0.631381 0.059850 0.039869
0.063786 0.371689 0.057448 0.037452
0.171903 0.894870 0.061081 0.041378
0.708493 0.108168 0.068145 0.043818
0.501129 0.510656 0.056140 0.036802
0.173472 0.445671 0.056740 0.040227
0.495184 0.147866 0.059748 0.041930
0.507404 0.548202 0.059979 0.036771
0.279345 0.733425 0.057339 0.038077
0.495475 0.275380 0.054573 0.041271
0.507638 0.703174 0.061030 0.039250
0.603781 0.272621 0.057503 0.037313
0.496182 0.470792 0.057152 0.040970
0.280824 0.774450 0.065355 0.041156
0.603320 0.235193 0.051565 0.037246
0.934581 0.075091 0.065574 0.043616
0.596895 0.154190 0.077515 0.044193
0.379922 0.114550 0.063093 0.036473
0.496644 0.191976 0.057989 0.043619
0.613370 0.629660 0.052461 0.035607
0.068333 0.789941 0.052928 0.043731
0.712856 0.747383 0.077853 0.041060
0.503901 0.897318 0.067416 0.033532
0.507414 0.783501 0.076820 0.039224
0.510645 0.859452 0.054424 0.038342
0.824731 0.470324 0.068014 0.040621
0.496394 0.233781 0.052598 0.036342
0.821375 0.425222 0.057347 0.042544
0.065845 0.748537 0.048031 0.039228
0.069036 0.833240 0.053651 0.038944
0.937470 0.911256 0.055818 0.039124
0.828113 0.510498 0.055835 0.037755
0.817696 0.350798 0.074628 0.035786
0.178612 0.673700 0.049511 0.038699
0.279191 0.579001 0.064105 0.041035
0.597917 0.073458 0.056930 0.036063
0.504721 0.934657 0.054957 0.037846
0.067279 0.157947 0.068475 0.036930
0.172685 0.761043 0.064376 0.040013
0.394632 0.720022 0.053568 0.045084
0.495687 0.316633 0.052639 0.039568
0.282695 0.192109 0.071578 0.038583
0.508685 0.745683 0.055534 0.037666
0.272687 0.390835 0.064881 0.045365
0.826009 0.192059 0.052276 0.036852
0.714593 0.464762 0.060483 0.038827
0.946034 0.533856 0.052983 0.030334
0.943205 0.569949 0.051415 0.038915
0.064342 0.081880 0.066537 0.041926
0.179731 0.717691 0.053013 0.041496
0.612499 0.556886 0.057047 0.039952
0.601532 0.395769 0.076826 0.042869
0.174016 0.484296 0.062274 0.031745
0.716016 0.154209 0.060951 0.043847
0.613689 0.846546 0.051885 0.032345
0.944055 0.368610 0.056522 0.038632
0.716921 0.427558 0.063408 0.030024
0.717265 0.581703 0.054548 0.041785
0.397736 0.866045 0.058187 0.037443
0.283085 0.272128 0.049720 0.038516
0.509658 0.822513 0.057396 0.035191
0.716507 0.626315 0.054216 0.036780
0.611595 0.518223 0.063009 0.032876
0.169309 0.159184 0.059519 0.043639
0.604259 0.197620 0.052698 0.036300
0.828103 0.552528 0.059246 0.038445
0.830668 0.769819 0.054675 0.039091
0.283159 0.969994 0.050897 0.039066
0.716761 0.505478 0.054681 0.036917
0.597554 0.111753 0.053633 0.041265
0.498272 0.356782 0.074845 0.039215
0.507673 0.626476 0.058399 0.039155
0.604086 0.312347 0.060931 0.040191
0.398120 0.967255 0.057407 0.041456
0.942179 0.646103 0.050998 0.039896
0.171968 0.329380 0.056186 0.040019
0.942865 0.205491 0.058205 0.045103
0.267893 0.073152 0.071027 0.045859
0.827995 0.686779 0.053498 0.042614
0.064469 0.673459 0.048116 0.040510
0.607413 0.813835 0.057255 0.034962
0.829346 0.639598 0.063740 0.047975
0.391002 0.637841 0.056681 0.033630
0.940226 0.157960 0.062730 0.044644
0.386060 0.246103 0.054860 0.043916
0.281124 0.853036 0.065376 0.036468
0.721422 0.389194 0.058951 0.042349
0.277084 0.310923 0.057782 0.037195
0.725595 0.272161 0.053401 0.036431
0.067378 0.874609 0.052152 0.043653
0.399104 0.902802 0.055900 0.031897
0.386948 0.154221 0.061547 0.041383
0.070633 0.944130 0.049906 0.032424
0.171387 0.519423 0.052468 0.037279
0.826790 0.154856 0.050695 0.038697
0.829265 0.963390 0.053994 0.037963
0.710694 0.029708 0.055246 0.039721
0.721548 0.235408 0.055348 0.037697
0.069470 0.197328 0.050490 0.037740
0.283676 0.928198 0.053734 0.035536
0.613435 0.773939 0.051860 0.044327
0.825115 0.274291 0.055278 0.031815
0.829692 0.810799 0.055436 0.042561
0.067598 0.711715 0.049149 0.030240
0.063688 0.463100 0.059928 0.051744
0.716403 0.703208 0.051034 0.040764
0.174654 0.200375 0.059034 0.031798
0.826236 0.311270 0.051223 0.042267
0.506053 0.665817 0.055548 0.033883
0.175074 0.236056 0.053561 0.040539
0.610266 0.594795 0.051249 0.030073
0.614000 0.962943 0.060121 0.040191
0.488842 0.032599 0.066938 0.042735
0.939117 0.609173 0.048237 0.033150
0.069228 0.292199 0.054255 0.046172
0.939613 0.248275 0.050785 0.034342
0.944197 0.330879 0.050124 0.031030
0.718480 0.665028 0.055095 0.031163
0.615811 0.698365 0.049589 0.030694
0.615343 0.665851 0.047642 0.030035
0.175091 0.848720 0.048381 0.042963
0.831516 0.728149 0.059449 0.037519
0.826642 0.387222 0.048969 0.032476
0.718423 0.540792 0.051510 0.030615
0.721664 0.958806 0.056011 0.039201
0.599047 0.353545 0.074477 0.040954
0.829062 0.926972 0.052624 0.029213
0.597054 0.033391 0.056768 0.043493
0.825929 0.234853 0.051693 0.045629
0.067232 0.629600 0.049576 0.036315
0.070966 0.240728 0.047997 0.045944
0.711235 0.067309 0.054292 0.032177
0.064254 0.413458 0.054638 0.044037
0.615281 0.732229 0.050524 0.036979
0.936645 0.033027 0.063336 0.039523
0.390045 0.286009 0.050129 0.037117
0.935506 0.116302 0.066534 0.036354
0.504217 0.585657 0.046743 0.036783
0.830219 0.595058 0.045762 0.042325
0.173247 0.369563 0.056895 0.042911
0.719629 0.348697 0.049777 0.038683
0.171774 0.592310 0.058252 0.033593
0.070141 0.976912 0.058301 0.032356
0.170879 0.076476 0.059595 0.039228
0.389910 0.531885 0.044238 0.029282
0.389961 0.601746 0.055339 0.034204
0.946933 0.464733 0.047258 0.039783
0.939388 0.758717 0.057709 0.043955
0.275607 0.497930 0.073672 0.041392
0.720831 0.196021 0.047886 0.035371
0.822488 0.081160 0.052082 0.038222
0.065237 0.120509 0.064067 0.035102
0.165213 0.118358 0.054706 0.041125
0.943739 0.501632 0.043606 0.030764
0.392376 0.563775 0.058229 0.034745
0.282579 0.815850 0.047048 0.033217
0.170670 0.283972 0.069653 0.050318
0.389184 0.764389 0.056720 0.042261
0.275095 0.148156 0.055160 0.044256
0.932910 0.953116 0.053541 0.042299
0.173276 0.556058 0.046114 0.035305
0.176763 0.804192 0.042213 0.041003
0.275358 0.348484 0.047078 0.038559
0.283048 0.232779 0.043978 0.036321
0.610765 0.885265 0.047099 0.043537
0.380820 0.071863 0.051159 0.040031
0.494941 0.423935 0.055572 0.045966
0.714688 0.821792 0.049755 0.036151
0.944088 0.718262 0.054840 0.033532
0.072752 0.911761 0.051524 0.027063
0.944978 0.431705 0.042280 0.030120
0.392272 0.200098 0.070709 0.043611
0.946260 0.402744 0.046731 0.025916
0.282128 0.666330 0.051827 0.030640
0.282527 0.698220 0.045409 0.029804
0.277100 0.537423 0.060945 0.038673
0.065928 0.513952 0.053231 0.044801
0.171667 0.033278 0.052291 0.042520
0.942591 0.803411 0.049630 0.044032
0.503125 0.972986 0.046570 0.039022
0.946324 0.679939 0.054474 0.031297
0.069678 0.333147 0.044011 0.032291
0.272947 0.113451 0.063670 0.029387
0.599024 0.436237 0.082981 0.035568
0.282975 0.432517 0.052948 0.035593
0.281315 0.890982 0.043096 0.039768
0.609580 0.475954 0.059970 0.042994
0.827680 0.036709 0.051364 0.047258
0.176508 0.406105 0.053049 0.034123
0.064196 0.039163 0.062172 0.044525
0.941417 0.288240 0.049836 0.043148
0.830113 0.856476 0.059274 0.045611
0.493949 0.106985 0.056183 0.038687
0.938378 0.850114 0.057970 0.044007
0.715797 0.785630 0.041654 0.030268
0.400602 0.932492 0.049949 0.026200
0.390833 0.675171 0.050453 0.038997
0.393382 0.496106 0.045443 0.039928
0.386363 0.420549 0.051875 0.049527
0.378677 0.032346 0.046351 0.037767
0.268458 0.029989 0.053246 0.036477
0.282618 0.461583 0.053487 0.028346
0.829050 0.897746 0.044385 0.026685
0.389020 0.461082 0.051266 0.032963
0.493476 0.073323 0.053904 0.037597
0.393350 0.364603 0.046664 0.034131
0.716350 0.855141 0.043918 0.033630
0.064761 0.594111 0.038046 0.034328
0.824996 0.116101 0.045090 0.033060
0.396573 0.825144 0.084827 0.047583
0.275543 0.624915 0.059284 0.044860
0.612903 0.924447 0.054102 0.032766
0.065506 0.557917 0.042281 0.034036
0.719700 0.919798 0.041145 0.036160
0.165733 0.957845 0.072382 0.049137
0.388241 0.325353 0.054210 0.042282
0.718681 0.887851 0.037179 0.030133
0.397971 0.806137 0.089104 0.036449
0.496798 0.392342 0.057122 0.030349
0.941255 0.878964 0.038155 0.022421
0.170041 0.927654 0.062117 0.023590
