0.393101 0.460559 0.057635 0.036304
0.054602 0.871853 0.064421 0.042723
0.504679 0.345551 0.056452 0.039467
0.388082 0.581136 0.073604 0.046144
0.278498 0.859847 0.070693 0.042753
0.832377 0.141693 0.070805 0.041766
0.503667 0.303509 0.068400 0.040352
0.168282 0.222210 0.062586 0.039021
0.169181 0.429803 0.060995 0.039092
0.171762 0.177389 0.082572 0.041266
0.172099 0.263464 0.061879 0.040290
0.170805 0.103920 0.060319 0.039101
0.168397 0.306999 0.057846 0.038792
0.170640 0.351732 0.069111 0.041086
0.059808 0.915849 0.062138 0.041790
0.278563 0.159441 0.065438 0.045752
0.732837 0.387497 0.058833 0.038297
0.280674 0.450113 0.067267 0.043738
0.169933 0.519306 0.061768 0.038835
0.388372 0.333774 0.061892 0.036284
0.060443 0.345021 0.062099 0.041460
0.282916 0.491276 0.058466 0.038295
0.391535 0.536034 0.073473 0.043051
0.061175 0.165888 0.052776 0.040328
0.730802 0.469660 0.067705 0.040735
0.057477 0.634750 0.061879 0.044992
0.730066 0.628360 0.066394 0.036020
0.062136 0.264854 0.070096 0.049507
0.614101 0.879555 0.054298 0.033128
0.056645 0.547401 0.054050 0.037842
0.280814 0.272000 0.071154 0.050995
0.172956 0.770755 0.056286 0.041238
0.728938 0.203801 0.055740 0.038374
0.284867 0.934364 0.070208 0.037350
0.610213 0.916039 0.062018 0.035925
0.505665 0.782839 0.057711 0.040873
0.387833 0.293152 0.063828 0.042096
0.833631 0.306847 0.061057 0.040567
0.172416 0.927181 0.068435 0.041024
0.945521 0.672928 0.053629 0.040151
0.171983 0.886381 0.052811 0.039198
0.059518 0.432404 0.053961 0.040267
0.512586 0.146325 0.051524 0.038483
0.282438 0.811142 0.058068 0.048389
0.730932 0.902781 0.057896 0.043315
0.617904 0.160984 0.061425 0.037494
0.165910 0.563895 0.050143 0.044691
0.057694 0.471780 0.054952 0.037714
0.164083 0.692768 0.069980 0.040655
0.830503 0.185922 0.064983 0.042429
0.939025 0.465094 0.058123 0.043770
0.065206 0.212274 0.056286 0.045589
0.393530 0.829187 0.071664 0.040535
0.052466 0.683131 0.068236 0.044822
0.056071 0.508052 0.060124 0.037447
0.054975 0.825802 0.056784 0.040643
0.833561 0.515324 0.057068 0.042591
0.278524 0.109611 0.067345 0.051781
0.826468 0.096850 0.055131 0.046461
0.172730 0.814595 0.055284 0.038910
0.615900 0.082761 0.057231 0.037019
0.282208 0.602100 0.054822 0.038742
0.839167 0.628256 0.061679 0.039148
0.502215 0.428907 0.058025 0.036864
0.057836 0.587474 0.054278 0.037519
0.506015 0.386658 0.051689 0.040668
0.282481 0.728025 0.047905 0.033469
0.279943 0.199600 0.055604 0.029301
0.943543 0.371382 0.053106 0.041244
0.721124 0.121109 0.054820 0.042265
0.392643 0.375219 0.068588 0.044714
0.826065 0.840961 0.068791 0.040909
0.942145 0.549144 0.062647 0.050306
0.827375 0.265634 0.056245 0.041152
0.504875 0.825236 0.059780 0.044114
0.509224 0.229061 0.058832 0.043854
0.060486 0.387229 0.053816 0.039150
0.938904 0.090054 0.050298 0.044188
0.386615 0.422280 0.056510 0.039176
0.938309 0.416886 0.056191 0.049740
0.728103 0.734509 0.049274 0.032574
0.732197 0.701376 0.057484 0.033221
0.605194 0.956600 0.064243 0.045071
0.284929 0.765270 0.055308 0.037492
0.942104 0.634721 0.055410 0.036162
0.499846 0.910042 0.051625 0.036405
0.282114 0.646330 0.062216 0.046627
0.502141 0.741085 0.064551 0.042099
0.056759 0.962934 0.057559 0.040800
0.513951 0.186533 0.053001 0.038030
0.276507 0.065714 0.069274 0.031339
0.942855 0.593792 0.055356 0.039109
0.391577 0.787268 0.058022 0.042860
0.941601 0.212046 0.053814 0.044710
0.389487 0.171362 0.070741 0.049558
0.062383 0.126245 0.052049 0.030163
0.722844 0.163755 0.054056 0.037853
0.730010 0.592922 0.054364 0.037035
0.835781 0.553040 0.053809 0.030841
0.382539 0.039585 0.057087 0.048076
0.172007 0.848671 0.051291 0.033802
0.619417 0.200529 0.054346 0.043029
0.382762 0.085139 0.057266 0.039837
0.732066 0.949439 0.072063 0.045321
0.839286 0.588756 0.053221 0.038941
0.396390 0.495696 0.060712 0.031481
0.170591 0.607492 0.050452 0.039757
0.614421 0.352821 0.046481 0.033794
0.733165 0.666728 0.049112 0.038365
0.730041 0.769370 0.049870 0.038787
0.504046 0.536252 0.051331 0.036772
0.942233 0.133093 0.054908 0.039232
0.733527 0.427880 0.050396 0.039111
0.279617 0.562123 0.051380 0.035477
0.617090 0.646275 0.054200 0.035698
0.836971 0.715645 0.053553 0.039014
0.834386 0.396488 0.050877 0.047048
0.062410 0.310342 0.054397 0.029747
0.273527 0.406290 0.054043 0.042698
0.729308 0.242420 0.047672 0.035853
0.944477 0.296423 0.048101 0.029503
0.728837 0.835911 0.059722 0.030891
0.621582 0.245793 0.056247 0.040817
0.175961 0.139759 0.061976 0.024937
0.724647 0.282527 0.061892 0.045143
0.730755 0.349745 0.051550 0.034387
0.832313 0.797594 0.051193 0.044336
0.947065 0.714258 0.059169 0.044069
0.941178 0.260383 0.049848 0.041354
0.834064 0.438581 0.055558 0.032578
0.614640 0.539776 0.051868 0.040148
0.504022 0.269752 0.054832 0.025390
0.167960 0.734698 0.062782 0.028215
0.832015 0.227437 0.047649 0.033982
0.611365 0.578323 0.050389 0.036883
0.280266 0.968439 0.056324 0.032769
0.616269 0.612366 0.046490 0.030833
0.504645 0.498833 0.050859 0.036008
0.727513 0.551385 0.060897 0.047184
0.507083 0.462758 0.049591 0.031396
0.506496 0.972585 0.063543 0.031511
0.274738 0.362780 0.051491 0.047689
0.501128 0.034049 0.060964 0.037659
0.505147 0.698071 0.062400 0.038665
0.838717 0.753734 0.055697 0.037761
0.280859 0.529266 0.048490 0.034331
0.720083 0.080661 0.050042 0.036723
0.939222 0.917103 0.057709 0.031077
0.612858 0.506043 0.059056 0.030604
0.610685 0.721954 0.049825 0.041484
0.500001 0.577150 0.048629 0.042665
0.946299 0.754080 0.047272 0.035840
0.392902 0.216837 0.057076 0.035539
0.731661 0.508129 0.049118 0.034211
0.729850 0.805610 0.045545 0.031988
0.838376 0.673454 0.059391 0.043758
0.941081 0.505338 0.054221 0.034738
0.389561 0.740020 0.049413 0.046727
0.614377 0.040679 0.048466 0.044374
0.942223 0.041900 0.053053 0.043495
0.501498 0.655777 0.057459 0.036236
0.281567 0.231905 0.047431 0.028823
0.615032 0.388212 0.052677 0.038524
0.395557 0.947133 0.065842 0.031081
0.061567 0.091608 0.046712 0.036306
0.611626 0.815029 0.046701 0.040564
0.500941 0.618271 0.047644 0.036850
0.942767 0.790008 0.056158 0.037703
0.059563 0.047370 0.052222 0.048132
0.500255 0.869738 0.047895 0.042893
0.055582 0.734982 0.052653 0.047365
0.276121 0.318598 0.047506 0.035795
0.393148 0.617380 0.050717 0.030689
0.510025 0.071480 0.069973 0.036311
0.173846 0.389249 0.045088 0.033343
0.945935 0.170423 0.042874 0.033730
0.391177 0.654810 0.049955 0.046734
0.946555 0.331421 0.049792 0.033169
0.055315 0.782101 0.043839 0.042901
0.729252 0.319604 0.043968 0.026716
0.389623 0.875718 0.066774 0.047988
0.172246 0.035373 0.050129 0.037142
0.166018 0.650064 0.074891 0.040833
0.615460 0.768474 0.059175 0.048748
0.281127 0.692003 0.045352 0.036889
0.280419 0.899277 0.048755 0.030019
0.274199 0.034131 0.058368 0.028950
0.722780 0.039220 0.069411 0.038013
0.727430 0.867682 0.077159 0.028165
0.163070 0.473360 0.057156 0.045618
0.614727 0.682674 0.042127 0.037485
0.167355 0.964628 0.045976 0.031691
0.392028 0.915273 0.052412 0.031619
0.172863 0.068164 0.049266 0.029452
0.615381 0.317216 0.045932 0.036741
0.502545 0.942927 0.047263 0.032863
0.937843 0.832514 0.055535 0.049275
0.391406 0.251071 0.064477 0.034129
0.618348 0.284911 0.045105 0.032324
0.394425 0.973936 0.071737 0.033577
0.619265 0.472665 0.058527 0.036493
0.838140 0.474471 0.066364 0.036104
0.616869 0.432509 0.061356 0.048637
0.611360 0.848201 0.046648 0.028303
0.391905 0.698617 0.042408 0.035483
0.835134 0.350264 0.063427 0.044510
0.511383 0.106539 0.064010 0.037644
0.938450 0.880279 0.050919 0.044970
0.828745 0.045012 0.051896 0.048509
0.824443 0.942408 0.056102 0.037501
0.940509 0.957160 0.047204 0.043694
0.827522 0.904434 0.051689 0.040674
0.826225 0.972191 0.061115 0.043950
0.389490 0.124525 0.051826 0.039479
0.632094 0.119495 0.092472 0.035763
0.827650 0.880480 0.050260 0.036749
