0.179404 0.187922 0.077703 0.040459
0.836278 0.217134 0.062086 0.040453
0.719999 0.494122 0.062871 0.033544
0.257883 0.919007 0.064551 0.040962
0.269923 0.644458 0.061902 0.036344
0.598175 0.482428 0.076108 0.039039
0.061516 0.274619 0.075364 0.040706
0.617627 0.133135 0.062239 0.036828
0.839197 0.175485 0.062501 0.038869
0.708641 0.724049 0.058417 0.039650
0.718506 0.292433 0.060072 0.038839
0.291776 0.246920 0.059699 0.027968
0.183851 0.146392 0.058860 0.040253
0.604632 0.446591 0.068036 0.033639
0.717331 0.531833 0.062939 0.036886
0.716095 0.377247 0.055659 0.037586
0.181423 0.225370 0.056626 0.032386
0.280782 0.370756 0.068031 0.042691
0.502157 0.554399 0.057109 0.045118
0.271463 0.605245 0.056691 0.039481
0.390338 0.273041 0.063638 0.045003
0.053541 0.757626 0.082198 0.042909
0.163517 0.513329 0.069506 0.044778
0.837025 0.674819 0.056075 0.033413
0.840493 0.135418 0.057587 0.040777
0.714988 0.569946 0.051648 0.037036
0.064751 0.466449 0.055454 0.040004
0.066226 0.422929 0.052938 0.041251
0.510037 0.128956 0.056996 0.030436
0.504308 0.092168 0.063018 0.040918
0.943672 0.906864 0.046753 0.031969
0.069347 0.083192 0.050674 0.033000
0.277821 0.680536 0.074550 0.037347
0.506493 0.303058 0.050554 0.033325
0.842599 0.639152 0.064488 0.037916
0.837978 0.709677 0.052396 0.036693
0.179046 0.297279 0.074198 0.037887
0.711965 0.870789 0.060159 0.037776
0.384922 0.489464 0.078149 0.038903
0.064861 0.912419 0.057216 0.040290
0.070232 0.382529 0.061862 0.037985
0.059218 0.800521 0.057837 0.038550
0.939101 0.828258 0.057944 0.044735
0.600061 0.333412 0.062385 0.039330
0.067589 0.192883 0.066982 0.046235
0.942670 0.743436 0.049046 0.035788
0.837019 0.821101 0.052836 0.039777
0.186888 0.260057 0.058982 0.036934
0.837106 0.747776 0.052478 0.036220
0.511062 0.268650 0.054564 0.034725
0.715936 0.452831 0.049055 0.042259
0.952525 0.191395 0.050059 0.034106
0.373620 0.792127 0.055688 0.037581
0.389226 0.565219 0.062053 0.038349
0.070168 0.233508 0.051801 0.035139
0.390042 0.527344 0.066057 0.036287
0.612991 0.212525 0.057723 0.037012
0.718480 0.335502 0.051143 0.042688
0.500434 0.478576 0.056832 0.041455
0.288944 0.281813 0.050567 0.035330
0.615176 0.172670 0.054687 0.041733
0.057747 0.613353 0.064164 0.055130
0.510482 0.163214 0.048618 0.038445
0.614201 0.096204 0.059472 0.035255
0.164859 0.587924 0.056623 0.033801
0.395479 0.136043 0.050727 0.036200
0.495638 0.645445 0.057937 0.040516
0.272310 0.791457 0.054433 0.036000
0.063053 0.871707 0.055017 0.036317
0.290304 0.211697 0.051861 0.038234
0.270514 0.958893 0.058954 0.033865
0.294132 0.172671 0.054596 0.038810
0.276088 0.753630 0.057990 0.039729
0.953975 0.115211 0.055800 0.037382
0.834532 0.323517 0.054012 0.033034
0.156135 0.626475 0.085701 0.043660
0.607442 0.410225 0.051139 0.037686
0.941607 0.412930 0.062451 0.043215
0.588009 0.855799 0.061754 0.032752
0.505012 0.028171 0.067948 0.042733
0.733253 0.137688 0.050247 0.035851
0.731259 0.102491 0.051460 0.032942
0.600958 0.372365 0.049234 0.038701
0.479046 0.909929 0.057700 0.039017
0.377282 0.923429 0.062374 0.036147
0.274778 0.564423 0.050403 0.037887
0.481211 0.872254 0.065386 0.036683
0.156376 0.706376 0.063843 0.038880
0.591123 0.922499 0.065216 0.039909
0.833700 0.783678 0.050434 0.033821
0.061012 0.835555 0.058549 0.031009
0.377695 0.829321 0.059951 0.035309
0.943589 0.784178 0.052174 0.041658
0.293589 0.137033 0.054631 0.034566
0.067611 0.048714 0.049530 0.034935
0.062927 0.510904 0.059022 0.048719
0.072325 0.152245 0.056546 0.033562
0.507368 0.233144 0.047459 0.037478
0.940225 0.940194 0.049715 0.033117
0.280170 0.456181 0.057224 0.041052
0.721822 0.413116 0.056304 0.033852
0.393993 0.353890 0.062279 0.045420
0.157493 0.743390 0.058075 0.041768
0.833531 0.597139 0.061406 0.043380
0.392411 0.170762 0.046008 0.033230
0.600858 0.294828 0.059020 0.038042
0.710559 0.684637 0.049976 0.036803
0.510778 0.372523 0.062548 0.035260
0.295294 0.103920 0.064544 0.032913
0.601142 0.521424 0.063473 0.041300
0.065459 0.346940 0.077267 0.034692
0.513032 0.197767 0.050508 0.032347
0.592116 0.886234 0.049386 0.027361
0.279684 0.414052 0.062014 0.040774
0.066082 0.314919 0.062870 0.030835
0.836828 0.553617 0.045530 0.041585
0.499581 0.602118 0.051957 0.043921
0.935919 0.871385 0.045476 0.038584
0.061571 0.665908 0.056699 0.044784
0.483107 0.948671 0.063950 0.039348
0.508260 0.337055 0.044990 0.034051
0.395893 0.231160 0.047686 0.034918
0.388536 0.607829 0.053955 0.046403
0.945892 0.371205 0.045053 0.037078
0.055906 0.710613 0.075355 0.046994
0.706769 0.909172 0.047699 0.038463
0.709281 0.763842 0.048350 0.036150
0.392097 0.452893 0.044661 0.030997
0.289606 0.323399 0.053377 0.043697
0.950704 0.075213 0.053345 0.036171
0.378034 0.962438 0.054175 0.037426
0.262768 0.879556 0.047664 0.033490
0.962162 0.154723 0.069547 0.038696
0.075491 0.117623 0.051401 0.036245
0.503543 0.515027 0.049348 0.034086
0.623351 0.026090 0.057127 0.035412
0.834938 0.519554 0.045983 0.025266
0.157272 0.668805 0.067483 0.040861
0.590743 0.819605 0.046943 0.034541
0.942387 0.300023 0.060871 0.042488
0.163615 0.552626 0.051429 0.033868
0.393425 0.313606 0.052425 0.030431
0.495071 0.711552 0.062167 0.038209
0.730998 0.062626 0.070985 0.043053
0.729545 0.170543 0.043566 0.031475
0.061246 0.955618 0.060733 0.039876
0.940054 0.455006 0.049867 0.037768
0.057089 0.559696 0.067956 0.044864
0.946604 0.573261 0.050447 0.043512
0.611168 0.255360 0.049291 0.043180
0.704982 0.974687 0.050549 0.030027
0.944958 0.489146 0.051604 0.035635
0.159811 0.785529 0.052055 0.042617
0.399204 0.098144 0.051302 0.040652
0.706666 0.944390 0.050059 0.033285
0.277142 0.717415 0.051733 0.036196
0.506695 0.408102 0.064205 0.037846
0.947512 0.528329 0.053258 0.043316
0.276420 0.495994 0.048180 0.033687
0.951906 0.034452 0.049510 0.040442
0.375796 0.753078 0.051650 0.038388
0.833251 0.487331 0.051352 0.032619
0.165920 0.864500 0.054660 0.041716
0.166459 0.364254 0.058620 0.033842
0.833646 0.862234 0.056016 0.041121
0.180797 0.102042 0.057515 0.045013
0.832467 0.289858 0.041208 0.033919
0.831210 0.357014 0.047059 0.029237
0.828356 0.387894 0.058709 0.031156
0.594896 0.712319 0.051552 0.037951
0.379134 0.687714 0.043866 0.037198
0.832132 0.459331 0.043048 0.026068
0.713500 0.804938 0.047970 0.040273
0.943073 0.659968 0.046834 0.028446
0.172731 0.333213 0.060862 0.024446
0.389294 0.395384 0.048924 0.032718
0.843374 0.028616 0.051811 0.039575
0.378988 0.720730 0.055749 0.028209
0.943377 0.699476 0.050925 0.046171
0.155878 0.946318 0.073184 0.048379
0.382281 0.861381 0.052802 0.027538
0.376077 0.892527 0.057667 0.031884
0.298396 0.072324 0.044922 0.026869
0.163693 0.825709 0.043454 0.034400
0.945735 0.260739 0.046242 0.034989
0.621262 0.062052 0.046070 0.033911
0.944813 0.337518 0.041255 0.033361
0.842959 0.068083 0.045647 0.037741
0.275845 0.529446 0.043507 0.030128
0.166092 0.902166 0.050277 0.035554
0.399789 0.059107 0.049982 0.039403
0.716718 0.256682 0.058299 0.034527
0.268957 0.822063 0.055596 0.024753
0.595411 0.751705 0.043461 0.037115
0.162879 0.401100 0.066030 0.041263
0.593998 0.786311 0.045956 0.034202
0.490662 0.811618 0.050338 0.039268
0.711486 0.610472 0.048092 0.041302
0.589659 0.962005 0.059369 0.036246
0.946184 0.225687 0.048870 0.033386
0.395375 0.201094 0.044697 0.023633
0.166850 0.441457 0.053516 0.041864
0.837662 0.253645 0.042836 0.033059
0.505342 0.439933 0.047753 0.035167
0.070859 0.019279 0.047960 0.024500
0.711541 0.647420 0.046633 0.036199
0.942516 0.969217 0.056904 0.030480
0.264953 0.848829 0.048305 0.028536
0.598229 0.676021 0.050070 0.031381
0.727812 0.196909 0.041562 0.026331
0.838044 0.966135 0.043998 0.039829
0.845117 0.101989 0.041320 0.024608
0.730409 0.025436 0.050094 0.031773
0.495131 0.679976 0.048679 0.026743
0.403575 0.022500 0.042883 0.033515
0.489776 0.842997 0.040918 0.024756
0.493852 0.745730 0.057038 0.038161
0.601765 0.596804 0.054933 0.040709
0.394892 0.424025 0.048068 0.023137
0.493880 0.774318 0.048401 0.026781
0.942006 0.614123 0.044530 0.033875
0.720918 0.227120 0.055560 0.034900
0.507711 0.058729 0.054426 0.028774
0.183959 0.057117 0.059913 0.034023
0.168598 0.476029 0.047797 0.024399
0.595562 0.638495 0.053296 0.044503
0.830281 0.424259 0.045975 0.039264
0.603806 0.558918 0.056076 0.038483
0.384378 0.649705 0.051502 0.036897
0.713931 0.838913 0.037396 0.026447
0.835559 0.925833 0.042678 0.035541
0.837648 0.895812 0.044641 0.026112
0.185355 0.025749 0.056270 0.038378
0.299454 0.037802 0.051976 0.042959
0.942908 0.634977 0.041666 0.024237
