0.279754 0.377542 0.076002 0.055507
0.825647 0.577566 0.071725 0.053132
0.167713 0.472846 0.069830 0.043165
0.397107 0.347376 0.081031 0.043199
0.400175 0.564918 0.073833 0.043345
0.170909 0.587109 0.089711 0.047438
0.602996 0.690147 0.070568 0.049953
0.056068 0.451304 0.067267 0.045456
0.504271 0.253151 0.063116 0.039475
0.499416 0.395992 0.071498 0.039982
0.283245 0.850704 0.086118 0.051387
0.169324 0.875754 0.087625 0.053434
0.718743 0.913762 0.069455 0.047234
0.173037 0.253690 0.070578 0.037678
0.720178 0.541833 0.066782 0.050132
0.931599 0.646277 0.073662 0.041567
0.170825 0.817686 0.070774 0.051498
0.389750 0.916794 0.076853 0.047222
0.380567 0.127557 0.073367 0.051321
0.503912 0.680047 0.072769 0.045439
0.285358 0.675489 0.069555 0.045844
0.055791 0.741069 0.071270 0.043092
0.063396 0.189991 0.061776 0.045163
0.389648 0.295260 0.079136 0.053791
0.387425 0.246592 0.074183 0.044559
0.285655 0.724077 0.075088 0.048066
0.399863 0.476605 0.078327 0.039146
0.610415 0.283539 0.073910 0.042530
0.272057 0.320855 0.066779 0.051380
0.602995 0.077443 0.079370 0.040203
0.062091 0.091043 0.066142 0.043478
0.172030 0.527726 0.073170 0.056804
0.168095 0.297650 0.070380 0.049911
0.058183 0.501695 0.079179 0.048318
0.606038 0.738791 0.077755 0.044341
0.605722 0.329127 0.068078 0.048131
0.397103 0.392275 0.081890 0.042390
0.605453 0.876831 0.069796 0.042048
0.825624 0.524233 0.082823 0.037653
0.506926 0.437091 0.073768 0.039627
0.612118 0.238794 0.074623 0.045883
0.933335 0.220053 0.067480 0.036528
0.066602 0.140667 0.068455 0.052097
0.167532 0.422636 0.078081 0.047700
0.055838 0.640726 0.070165 0.043955
0.715928 0.672197 0.065190 0.042315
0.718240 0.491144 0.071486 0.042819
0.828916 0.221083 0.073074 0.049114
0.274689 0.268174 0.071689 0.047742
0.053429 0.786369 0.067396 0.041081
0.609982 0.420639 0.072059 0.041583
0.281609 0.622857 0.072994 0.054806
0.939116 0.600134 0.076226 0.047774
0.715543 0.825174 0.063191 0.041408
0.281148 0.477335 0.053869 0.044517
0.827508 0.484581 0.073639 0.037888
0.400964 0.646886 0.063958 0.038411
0.928600 0.177588 0.072703 0.041940
0.513220 0.959690 0.092463 0.059705
0.504757 0.865306 0.077980 0.041635
0.169140 0.122970 0.069625 0.034029
0.399761 0.519850 0.074144 0.043608
0.935149 0.510006 0.068746 0.037772
0.502952 0.599067 0.081683 0.040160
0.276706 0.565352 0.077197 0.050289
0.936320 0.688458 0.061763 0.036624
0.606104 0.149198 0.081284 0.042758
0.823559 0.394088 0.067895 0.046318
0.165767 0.083437 0.077846 0.042198
0.048265 0.309715 0.069265 0.052149
0.399710 0.962878 0.085160 0.045386
0.508301 0.816368 0.067221 0.052503
0.931675 0.343015 0.077893 0.037425
0.817281 0.964837 0.073242 0.041740
0.612497 0.829752 0.066039 0.049953
0.711566 0.200945 0.059881 0.051786
0.825697 0.882920 0.065633 0.040137
0.051358 0.879193 0.062080 0.051239
0.503235 0.723712 0.070804 0.033904
0.603281 0.915175 0.070281 0.035657
0.400129 0.740174 0.067617 0.037471
0.277212 0.090389 0.075096 0.051665
0.926138 0.891066 0.068566 0.043283
0.502441 0.767289 0.081694 0.047650
0.058246 0.550247 0.063648 0.043039
0.603204 0.507569 0.067654 0.044191
0.397154 0.607597 0.064471 0.035894
0.493547 0.207901 0.081479 0.047485
0.505207 0.302133 0.083600 0.048852
0.504969 0.482672 0.073649 0.041822
0.168817 0.345503 0.055951 0.041628
0.172655 0.679188 0.063372 0.041671
0.164611 0.037297 0.083997 0.047298
0.392194 0.823864 0.066214 0.036274
0.166101 0.725709 0.069689 0.046522
0.056458 0.229622 0.063999 0.031877
0.397680 0.435540 0.088972 0.040653
0.719913 0.753301 0.051922 0.035715
0.939801 0.467205 0.063331 0.044404
0.286380 0.222464 0.071727 0.036471
0.397019 0.694263 0.059223 0.048746
0.283254 0.769757 0.070748 0.040479
0.282977 0.519660 0.077467 0.036184
0.940157 0.553278 0.071994 0.046342
0.933542 0.385443 0.058408 0.044993
0.170819 0.215344 0.075053 0.039788
0.934553 0.845367 0.059896 0.047099
0.395999 0.783186 0.074295 0.042358
0.815087 0.134355 0.069052 0.038209
0.932455 0.796762 0.054142 0.044248
0.823232 0.175493 0.074035 0.040014
0.816137 0.749002 0.064367 0.047138
0.281417 0.430949 0.062336 0.046794
0.269142 0.035455 0.080319 0.045167
0.051124 0.929224 0.060450 0.046705
0.712634 0.094337 0.072015 0.053275
0.602518 0.642059 0.073562 0.040411
0.159291 0.964457 0.084020 0.055080
0.505493 0.637292 0.063968 0.035776
0.272361 0.135052 0.066663 0.036227
0.817655 0.923523 0.073471 0.039305
0.169343 0.166699 0.068286 0.051525
0.176313 0.771750 0.075413 0.035776
0.503879 0.524838 0.070015 0.043532
0.821166 0.627288 0.059160 0.044861
0.280525 0.179848 0.081777 0.048253
0.384770 0.038045 0.078829 0.043676
0.719197 0.961749 0.077391 0.046182
0.937380 0.756013 0.058042 0.032641
0.713669 0.868283 0.070165 0.035648
0.824695 0.047430 0.067826 0.051946
0.818409 0.093773 0.068145 0.037710
0.060882 0.265413 0.073365 0.034202
0.511039 0.906582 0.083608 0.043686
0.821463 0.312438 0.081359 0.050050
0.825434 0.440556 0.054585 0.040418
0.821260 0.265927 0.060906 0.036142
0.932401 0.258917 0.049978 0.037317
0.605739 0.958362 0.067070 0.043679
0.710202 0.042352 0.073565 0.043351
0.719866 0.786828 0.052781 0.030814
0.390129 0.079650 0.063928 0.039902
0.391602 0.201415 0.081144 0.042941
0.932508 0.091054 0.055636 0.040461
0.715634 0.148449 0.060232 0.048489
0.603443 0.551129 0.061536 0.035871
0.281544 0.909894 0.087598 0.058779
0.610850 0.192851 0.058700 0.041309
0.052057 0.827862 0.067027 0.035311
0.279802 0.807384 0.069211 0.032282
0.934325 0.134379 0.057739 0.042639
0.931167 0.300027 0.055251 0.041581
0.721376 0.588369 0.054993 0.038533
0.826067 0.353091 0.077690 0.031432
0.395684 0.869416 0.061358 0.041730
0.720337 0.446736 0.058743 0.036598
0.711550 0.373650 0.053923 0.042325
0.720173 0.628334 0.050734 0.038931
0.602660 0.782716 0.054188 0.038891
0.822191 0.672167 0.056150 0.040311
0.058500 0.042706 0.064710 0.047850
0.716595 0.249450 0.055515 0.044012
0.721592 0.714468 0.051238 0.039576
0.823985 0.708486 0.069017 0.027785
0.053861 0.595763 0.048458 0.040055
0.935823 0.426966 0.057848 0.029906
0.505111 0.350895 0.072017 0.043177
0.611517 0.461121 0.062395 0.036682
0.050053 0.353210 0.055044 0.030878
0.498373 0.044884 0.064656 0.055321
0.603074 0.595251 0.054250 0.048951
0.493397 0.091564 0.075802 0.029824
0.611446 0.377392 0.062355 0.046984
0.161195 0.919618 0.076373 0.033813
0.598215 0.034204 0.057609 0.039491
0.168793 0.635625 0.066179 0.046279
0.053339 0.690103 0.050521 0.049800
0.491026 0.125326 0.086459 0.037010
0.933483 0.723644 0.048490 0.028657
0.502346 0.162511 0.067021 0.037985
0.505516 0.562317 0.058643 0.031194
0.922490 0.968984 0.056188 0.043445
0.047212 0.973422 0.067659 0.034846
0.715078 0.327002 0.056487 0.049171
0.607609 0.112747 0.063044 0.027966
0.932476 0.044247 0.053544 0.041386
0.717012 0.412148 0.047865 0.028597
0.386008 0.165622 0.056239 0.025126
0.169960 0.382066 0.047790 0.025393
0.926540 0.931026 0.051889 0.032470
0.819083 0.791032 0.052089 0.029229
0.713999 0.286253 0.054998 0.028686
0.280315 0.963082 0.082404 0.045775
0.053531 0.396472 0.058765 0.052399
0.821079 0.841418 0.045608 0.042726
