0.669670 0.326112 0.062690 0.030085
0.671232 0.359148 0.055817 0.030402
0.487842 0.894748 0.059734 0.034659
0.176918 0.832134 0.064376 0.036941
0.366948 0.443131 0.061775 0.029914
0.877814 0.609009 0.061315 0.039105
0.268653 0.397629 0.061433 0.029267
0.467007 0.430194 0.061539 0.029984
0.357573 0.244349 0.058200 0.030160
0.573718 0.409970 0.056479 0.031732
0.584518 0.668764 0.054865 0.032839
0.866944 0.397355 0.070220 0.031982
0.269445 0.461299 0.057527 0.033995
0.681530 0.720209 0.053520 0.034048
0.779792 0.648843 0.065634 0.026462
0.955653 0.295091 0.051863 0.032853
0.376576 0.745392 0.058640 0.034332
0.764542 0.243962 0.062163 0.032456
0.869487 0.467273 0.055741 0.031715
0.668417 0.395782 0.053238 0.033592
0.685522 0.816544 0.052783 0.035181
0.965495 0.674870 0.054349 0.028860
0.583496 0.634948 0.053451 0.028314
0.572794 0.316527 0.059215 0.032633
0.863483 0.338092 0.051311 0.033904
0.277381 0.644074 0.051344 0.032637
0.957616 0.364266 0.057619 0.027400
0.590381 0.847299 0.054373 0.030467
0.685645 0.852661 0.051714 0.029001
0.786380 0.773554 0.055081 0.030310
0.875538 0.530805 0.062453 0.031817
0.275331 0.610873 0.052604 0.027400
0.171637 0.495705 0.053510 0.034539
0.574822 0.378443 0.058354 0.025255
0.663693 0.238360 0.061353 0.025995
0.571085 0.282199 0.051541 0.030348
0.879378 0.777160 0.057302 0.031369
0.160075 0.289530 0.058812 0.037402
0.967224 0.706430 0.052956 0.030425
0.478132 0.552169 0.055971 0.032579
0.574804 0.465841 0.061916 0.028043
0.592645 0.812342 0.066385 0.029884
0.797720 0.890847 0.055649 0.029038
0.375185 0.710001 0.052703 0.030424
0.871872 0.431998 0.066000 0.029667
0.761057 0.201869 0.050693 0.040599
0.457896 0.254832 0.061698 0.028910
0.959889 0.422576 0.058940 0.026177
0.964073 0.613460 0.056308 0.034957
0.472535 0.460845 0.071652 0.028592
0.861673 0.299495 0.052119 0.033991
0.284149 0.778517 0.051099 0.030961
0.773266 0.442112 0.058163 0.033090
0.772466 0.479976 0.054797 0.031589
0.384569 0.864619 0.050368 0.031059
0.270236 0.425923 0.056015 0.028471
0.483486 0.624064 0.054699 0.034017
0.478717 0.693921 0.046953 0.026602
0.374708 0.677878 0.054631 0.026390
0.880640 0.674342 0.055096 0.029677
0.686408 0.884095 0.055132 0.025654
0.379980 0.621770 0.054342 0.029609
0.959591 0.330141 0.044529 0.032514
0.358538 0.213650 0.054170 0.030642
0.357868 0.185029 0.062004 0.025476
0.468305 0.366717 0.049934 0.030667
0.176831 0.722220 0.057423 0.031433
0.160412 0.253961 0.054963 0.027646
0.880841 0.738076 0.051355 0.039556
0.286689 0.814642 0.059344 0.029721
0.784964 0.741028 0.054244 0.027338
0.369770 0.476864 0.057810 0.028539
0.154721 0.157894 0.057845 0.029262
0.956670 0.189573 0.063391 0.029094
0.363949 0.410991 0.058262 0.026872
0.179624 0.795378 0.053163 0.029975
0.681788 0.655835 0.052541 0.030994
0.362310 0.276991 0.061708 0.027863
0.879797 0.809109 0.048208 0.032458
0.884583 0.845729 0.051689 0.033424
0.662734 0.266106 0.048608 0.027068
0.881373 0.886235 0.049762 0.031405
0.379102 0.781324 0.055614 0.028781
0.776886 0.584893 0.042599 0.026874
0.577577 0.497418 0.048587 0.027194
0.579554 0.557095 0.046025 0.029783
0.158617 0.221089 0.048654 0.032576
0.875593 0.567569 0.057063 0.033086
0.173491 0.460178 0.053690 0.028068
0.680390 0.752931 0.043208 0.029364
0.159816 0.188253 0.059008 0.030920
0.362484 0.379515 0.046626 0.029891
0.458552 0.221209 0.049215 0.035890
0.761785 0.278468 0.049429 0.026914
0.568796 0.349118 0.046386 0.027130
0.174375 0.556234 0.068970 0.030160
0.479197 0.586607 0.051701 0.032216
0.957201 0.393467 0.054457 0.023532
0.584643 0.781294 0.055985 0.025343
0.779920 0.678748 0.049426 0.026787
0.485603 0.827789 0.050838 0.026052
0.567231 0.229950 0.053258 0.025289
0.662006 0.208841 0.048505 0.026663
0.451884 0.156495 0.048610 0.028764
0.777650 0.552104 0.047527 0.032326
0.790545 0.805115 0.062929 0.025474
0.690782 0.916731 0.054814 0.030495
0.684232 0.784317 0.060728 0.024956
0.273125 0.525306 0.051139 0.029356
0.957838 0.571308 0.045267 0.035602
0.184338 0.908126 0.065876 0.037237
0.184922 0.868506 0.051913 0.031078
0.170114 0.526549 0.052622 0.023832
0.260601 0.196706 0.062522 0.027543
0.792772 0.919319 0.048231 0.028907
0.962060 0.535042 0.047234 0.030512
0.283265 0.845100 0.050869 0.032044
0.664413 0.294821 0.048241 0.024810
0.357360 0.155796 0.060205 0.028773
0.173348 0.616766 0.049129 0.034710
0.680558 0.622087 0.051951 0.028045
0.488515 0.861213 0.047529 0.033111
0.466436 0.398089 0.044791 0.027306
0.964905 0.745825 0.049199 0.029826
0.363306 0.312737 0.053776 0.030999
0.880139 0.919735 0.056881 0.030204
0.277484 0.552476 0.055613 0.026634
0.778229 0.615108 0.044629 0.029556
0.575084 0.526885 0.056116 0.026137
0.178764 0.761051 0.049615 0.031649
0.662128 0.122885 0.049069 0.031187
0.560907 0.145811 0.060024 0.026410
0.483340 0.761680 0.051320 0.029916
0.562788 0.202926 0.044108 0.024258
0.960102 0.492799 0.047992 0.042059
0.279039 0.749524 0.042764 0.023891
0.772041 0.515488 0.048258 0.032333
0.163924 0.370790 0.051889 0.026760
0.663824 0.179861 0.065299 0.025987
0.769386 0.369205 0.061080 0.030682
0.771280 0.404424 0.052929 0.032314
0.962258 0.644505 0.045541 0.025097
0.481795 0.793728 0.046395 0.032847
0.783587 0.709014 0.044661 0.027430
0.757684 0.309620 0.051734 0.031149
0.457982 0.187239 0.066146 0.027926
0.758344 0.162228 0.050859 0.032093
0.260639 0.282946 0.064194 0.032282
0.480460 0.661569 0.048747 0.037717
0.265772 0.335519 0.044188 0.028697
0.577114 0.583899 0.048983 0.025728
0.583167 0.751582 0.051159 0.028168
0.364382 0.345659 0.051020 0.030521
0.373013 0.558868 0.047270 0.030512
0.461682 0.336763 0.050992 0.026596
0.959948 0.453593 0.048208 0.027296
0.659437 0.151582 0.048276 0.024232
0.483511 0.727400 0.059301 0.033094
0.575506 0.440694 0.049170 0.022237
0.596164 0.916607 0.065392 0.044215
0.944856 0.156979 0.060724 0.024569
0.849792 0.157024 0.053447 0.025037
0.870432 0.499445 0.060027 0.022541
0.678925 0.685531 0.044189 0.030556
0.565433 0.254909 0.046364 0.020516
0.849414 0.125321 0.048347 0.032218
0.451656 0.124640 0.049075 0.030801
0.290800 0.882786 0.048055 0.037512
0.276757 0.580970 0.041637 0.027823
0.168872 0.430309 0.039448 0.032080
0.954796 0.260839 0.054242 0.028817
0.859857 0.367527 0.061321 0.022603
0.168471 0.400288 0.041518 0.028586
0.374379 0.590119 0.051751 0.024866
0.389885 0.920439 0.056894 0.031768
0.466541 0.492217 0.058758 0.026853
0.860774 0.259515 0.052250 0.032067
0.266784 0.365566 0.040711 0.031296
0.164878 0.320639 0.060343 0.023920
0.374202 0.504090 0.063597 0.023329
0.379205 0.650973 0.060152 0.022375
0.561764 0.175382 0.048491 0.028950
0.276371 0.722374 0.050954 0.022483
0.679508 0.566137 0.055549 0.025427
0.759214 0.125793 0.052050 0.030903
0.261934 0.129824 0.055592 0.034864
0.381682 0.810851 0.042858 0.028253
0.876808 0.704593 0.049439 0.020657
0.956217 0.124048 0.065087 0.033050
0.259719 0.254070 0.052339 0.028013
0.174637 0.586991 0.057565 0.022883
0.476976 0.519496 0.041812 0.026071
0.176478 0.684388 0.038748 0.033578
0.680488 0.592422 0.052065 0.030705
0.295583 0.922751 0.054249 0.032479
0.463812 0.285096 0.065964 0.024100
0.592822 0.878250 0.036119 0.024870
0.676972 0.527365 0.054657 0.040762
0.876741 0.641021 0.048341 0.025255
0.266682 0.225696 0.069512 0.028784
0.677213 0.468775 0.051505 0.029988
0.970355 0.824247 0.042220 0.030418
0.155395 0.127063 0.043503 0.024966
0.953824 0.223877 0.062379 0.032167
0.180058 0.650928 0.052225 0.020737
0.966635 0.785630 0.042234 0.036355
0.276941 0.494683 0.055111 0.029635
0.585315 0.723242 0.047263 0.024326
0.164129 0.344977 0.063498 0.023454
0.461801 0.309374 0.043638 0.022451
0.791358 0.835533 0.050046 0.028882
0.373427 0.530440 0.066030 0.023005
0.673896 0.493001 0.061243 0.022072
0.354010 0.125892 0.047920 0.029418
0.585270 0.608558 0.053514 0.019707
0.263247 0.164064 0.042080 0.033086
0.970816 0.886720 0.043476 0.031030
0.765503 0.337731 0.039598 0.024699
0.389274 0.892315 0.059208 0.021839
0.858037 0.227451 0.037983 0.024252
0.673215 0.428537 0.055811 0.029693
0.585930 0.698509 0.041761 0.019519
0.278915 0.699608 0.048287 0.021688
0.278804 0.674516 0.039787 0.023247
0.794775 0.865004 0.050739 0.019527
0.856905 0.204978 0.036613 0.018942
0.973553 0.918982 0.051005 0.027942
0.267297 0.310169 0.056911 0.021542
0.558667 0.120494 0.038732 0.022206
0.968794 0.855184 0.034901 0.024456
0.494150 0.927498 0.058212 0.023155
0.382222 0.836115 0.048720 0.019231
0.849178 0.180427 0.051892 0.020607
0.516599 0.783557 0.018577 0.013317
