0.492539 0.603160 0.062473 0.041640
0.712206 0.872160 0.057952 0.039144
0.486320 0.896982 0.061111 0.041342
0.715032 0.671577 0.067415 0.037458
0.715405 0.596502 0.064404 0.038789
0.073727 0.156810 0.069325 0.043707
0.185319 0.308969 0.058495 0.031557
0.717300 0.635588 0.062192 0.033722
0.184115 0.275201 0.054625 0.032729
0.281867 0.313217 0.063182 0.046345
0.827784 0.850617 0.068967 0.037606
0.286429 0.225182 0.062210 0.038189
0.280510 0.501523 0.063597 0.039145
0.391524 0.318459 0.060790 0.037771
0.715501 0.939429 0.055700 0.033143
0.377873 0.671973 0.059046 0.042263
0.930889 0.606926 0.062326 0.040301
0.715094 0.386983 0.074508 0.040600
0.830713 0.266305 0.063420 0.038970
0.277179 0.749645 0.063804 0.037130
0.387701 0.245785 0.065734 0.037615
0.178935 0.920494 0.061596 0.032782
0.392172 0.282288 0.064414 0.033027
0.484970 0.934419 0.058604 0.029691
0.282742 0.111588 0.057286 0.038648
0.072237 0.826133 0.065712 0.039742
0.271928 0.957918 0.069828 0.033900
0.279682 0.149115 0.062595 0.037130
0.276890 0.853690 0.047255 0.033622
0.183243 0.158511 0.056064 0.038032
0.598025 0.595842 0.053721 0.036080
0.927863 0.561412 0.062036 0.045883
0.273594 0.889306 0.055140 0.033589
0.077634 0.711806 0.067030 0.033812
0.715012 0.554896 0.063432 0.040592
0.602384 0.153464 0.060514 0.042360
0.828976 0.735061 0.064860 0.036161
0.080430 0.748582 0.054810 0.037385
0.081830 0.786121 0.056819 0.038957
0.276689 0.546228 0.067493 0.044769
0.825005 0.342838 0.074608 0.045067
0.593030 0.793489 0.053851 0.037380
0.604136 0.384315 0.073428 0.043746
0.171181 0.846524 0.075935 0.039493
0.074688 0.358344 0.055767 0.038103
0.373234 0.814234 0.059034 0.035349
0.713844 0.797234 0.056102 0.029242
0.594217 0.754812 0.051873 0.035863
0.074153 0.197889 0.060566 0.034383
0.081417 0.558182 0.059026 0.041112
0.719052 0.473683 0.059038 0.042461
0.828181 0.612836 0.066812 0.037711
0.389246 0.359221 0.063547 0.041139
0.486351 0.855522 0.048495 0.034507
0.176942 0.418011 0.063802 0.042803
0.713111 0.907385 0.050540 0.031168
0.390052 0.117501 0.061059 0.041754
0.827850 0.386919 0.069088 0.040845
0.725199 0.231796 0.073358 0.034636
0.276772 0.031615 0.071928 0.049741
0.714745 0.514917 0.058721 0.038532
0.837803 0.469440 0.068969 0.045057
0.834488 0.812378 0.069331 0.036140
0.071671 0.111028 0.064158 0.037111
0.385201 0.205558 0.052483 0.039600
0.075732 0.280067 0.051941 0.041751
0.374745 0.779553 0.070770 0.032249
0.719957 0.273054 0.069106 0.045599
0.720901 0.830887 0.066575 0.039384
0.500711 0.344519 0.060299 0.040062
0.078780 0.477047 0.056985 0.039304
0.271659 0.668939 0.070018 0.041386
0.171745 0.884524 0.050620 0.033731
0.168332 0.612282 0.052395 0.036093
0.273494 0.923439 0.053323 0.035254
0.280478 0.386434 0.051322 0.036350
0.592393 0.874964 0.076806 0.041628
0.832604 0.926533 0.058468 0.034576
0.829081 0.889239 0.063176 0.036570
0.719068 0.073044 0.061564 0.041713
0.495634 0.154098 0.057040 0.039772
0.389603 0.162006 0.060107 0.045170
0.835566 0.966475 0.067179 0.045226
0.067862 0.071264 0.057840 0.039683
0.373286 0.877819 0.055438 0.029172
0.172519 0.738764 0.072940 0.033297
0.929789 0.272311 0.049376 0.030993
0.927716 0.515604 0.054690 0.041730
0.931077 0.683196 0.056846 0.044377
0.372928 0.975222 0.054651 0.034703
0.592172 0.712519 0.058027 0.041932
0.383246 0.473119 0.065585 0.034375
0.175601 0.772182 0.053440 0.032049
0.721536 0.429580 0.058898 0.039307
0.173968 0.539690 0.053180 0.037945
0.380976 0.712261 0.073474 0.032287
0.273467 0.789400 0.053554 0.038496
0.831412 0.696196 0.059792 0.040468
0.606549 0.106860 0.060033 0.044363
0.377654 0.940815 0.055901 0.035226
0.072191 0.236463 0.062646 0.039500
0.827869 0.062647 0.068834 0.032098
0.496199 0.562529 0.062221 0.034928
0.179707 0.197698 0.052597 0.038102
0.379188 0.625502 0.058287 0.041088
0.075277 0.435703 0.057451 0.038526
0.833919 0.772915 0.058747 0.038522
0.177502 0.498593 0.050061 0.041056
0.177820 0.460120 0.047476 0.035752
0.081413 0.516050 0.061749 0.037103
0.175865 0.677555 0.055039 0.033970
0.070189 0.867176 0.057399 0.042707
0.591574 0.831817 0.052032 0.038263
0.607659 0.196834 0.063935 0.043887
0.392926 0.072788 0.071485 0.045173
0.932577 0.066227 0.060594 0.047476
0.935449 0.392134 0.052635 0.031181
0.182547 0.376216 0.057603 0.040796
0.281885 0.422855 0.058683 0.036841
0.497641 0.384339 0.053998 0.038056
0.604330 0.562440 0.061876 0.030045
0.828586 0.098554 0.063286 0.038979
0.595117 0.635432 0.055207 0.041671
0.073118 0.397851 0.046689 0.037159
0.075015 0.673872 0.053547 0.036970
0.930319 0.308690 0.045606 0.036483
0.720443 0.029048 0.070372 0.039643
0.938686 0.428441 0.053506 0.038338
0.499382 0.260485 0.066864 0.035456
0.285656 0.267272 0.058662 0.039257
0.828883 0.574669 0.074720 0.035229
0.490806 0.967284 0.077083 0.038012
0.075049 0.321094 0.053437 0.032931
0.608344 0.063171 0.057762 0.042483
0.486747 0.648599 0.092783 0.043455
0.381536 0.511863 0.051895 0.041476
0.281861 0.460657 0.053096 0.040379
0.933304 0.644037 0.053266 0.029814
0.713553 0.970825 0.048353 0.029851
0.494666 0.300324 0.056779 0.038774
0.490460 0.424477 0.048995 0.040189
0.827165 0.303145 0.061455 0.035884
0.484778 0.819821 0.053296 0.035774
0.714213 0.712077 0.086370 0.040028
0.832827 0.507697 0.052033 0.031807
0.829537 0.426607 0.064781 0.039254
0.927624 0.774353 0.055454 0.039893
0.933192 0.179426 0.046681 0.036654
0.483044 0.780820 0.055962 0.042964
0.067566 0.027576 0.061115 0.041399
0.080702 0.604762 0.054127 0.043199
0.270605 0.630202 0.069286 0.037603
0.378674 0.746653 0.053895 0.035476
0.069997 0.931030 0.052965 0.030582
0.274328 0.822467 0.044397 0.026439
0.598496 0.525913 0.056291 0.036538
0.932304 0.112183 0.062898 0.044341
0.381330 0.439294 0.056656 0.036247
0.284140 0.186371 0.050317 0.038362
0.372954 0.908476 0.055254 0.030922
0.175737 0.957558 0.049862 0.035879
0.928022 0.241165 0.044482 0.030922
0.174103 0.576546 0.053741 0.030798
0.504532 0.115361 0.054492 0.035999
0.485739 0.736056 0.063031 0.038596
0.285200 0.352311 0.050082 0.030764
0.829030 0.181817 0.067706 0.041236
0.489356 0.493627 0.059362 0.030918
0.283276 0.072780 0.050215 0.033144
0.597244 0.488108 0.049518 0.037397
0.489050 0.462100 0.057029 0.031493
0.180029 0.116410 0.048507 0.042119
0.724286 0.112376 0.060629 0.035985
0.183045 0.028029 0.065522 0.045171
0.183212 0.236641 0.050925 0.038674
0.375116 0.848139 0.045812 0.028233
0.388316 0.028853 0.053478 0.041261
0.713610 0.758642 0.056990 0.046898
0.593171 0.935666 0.059484 0.029342
0.937019 0.468592 0.050410 0.042954
0.489242 0.694901 0.059501 0.045259
0.182423 0.341720 0.065187 0.024620
0.170860 0.646505 0.048795 0.028647
0.610472 0.263227 0.059331 0.034706
0.826970 0.139017 0.058276 0.043779
0.933669 0.842168 0.060954 0.029378
0.717701 0.317886 0.056147 0.043871
0.832466 0.224002 0.055020 0.042208
0.183096 0.073062 0.049362 0.040338
0.936582 0.350243 0.049314 0.045381
0.074731 0.960272 0.055631 0.028103
0.828332 0.654741 0.048575 0.041842
0.932036 0.731269 0.049586 0.044054
0.378022 0.555337 0.051612 0.040938
0.179482 0.805506 0.045932 0.033045
0.495111 0.526973 0.050389 0.035023
0.829979 0.541896 0.064968 0.035591
0.721296 0.186821 0.058911 0.049746
0.594244 0.964894 0.056265 0.028664
0.069619 0.902467 0.050025 0.026987
0.595154 0.675471 0.057996 0.032056
0.373827 0.588361 0.058917 0.031846
0.608301 0.300674 0.072840 0.043872
0.176697 0.708271 0.051318 0.024584
0.719712 0.352496 0.050760 0.026852
0.594975 0.909421 0.057924 0.024254
0.501665 0.190956 0.062766 0.033446
0.604461 0.343897 0.047994 0.035344
0.931110 0.809822 0.052449 0.028201
0.930758 0.026649 0.054958 0.028952
0.727105 0.144929 0.057978 0.027655
0.607170 0.026592 0.046804 0.032660
0.610996 0.232791 0.054053 0.024937
0.492563 0.053896 0.081041 0.041588
0.274076 0.710155 0.044613 0.039534
0.080700 0.641175 0.047895 0.027034
0.825376 0.027381 0.051899 0.031350
0.281265 0.590524 0.037932 0.039282
0.496752 0.222225 0.064555 0.039994
0.930472 0.212268 0.041271 0.028191
0.649888 0.516814 0.048524 0.038590
0.931624 0.148553 0.048995 0.026119
0.930769 0.908093 0.074708 0.034615
0.931751 0.949716 0.052443 0.041480
0.595513 0.453878 0.045323 0.030645
0.504035 0.084361 0.054316 0.023356
0.599430 0.425700 0.049646 0.036069
0.504072 0.021777 0.053884 0.023328
0.385619 0.400047 0.074702 0.039550
0.928857 0.875206 0.070910 0.032999
