0.503542 0.235308 0.065768 0.034594
0.281940 0.702489 0.075900 0.041714
0.174422 0.125729 0.065337 0.044363
0.400009 0.696411 0.073478 0.041643
0.720560 0.236498 0.066525 0.033992
0.507513 0.540674 0.070401 0.038945
0.171439 0.546507 0.070637 0.038861
0.404934 0.903942 0.086638 0.047752
0.065580 0.412145 0.073918 0.038562
0.174534 0.174208 0.064241 0.044270
0.400509 0.857278 0.077099 0.043332
0.502045 0.192732 0.068810 0.041270
0.396539 0.429564 0.066885 0.043033
0.509426 0.700361 0.066893 0.034347
0.279783 0.080005 0.060362 0.038850
0.175894 0.683786 0.067299 0.040866
0.295893 0.828609 0.075344 0.044961
0.171434 0.083988 0.060998 0.033282
0.509485 0.792626 0.072489 0.043264
0.503781 0.362993 0.066269 0.037888
0.512485 0.837996 0.068153 0.038663
0.286467 0.445084 0.072477 0.033455
0.278353 0.122050 0.062325 0.036479
0.388197 0.148398 0.078756 0.034437
0.276914 0.747372 0.070182 0.035809
0.290783 0.241878 0.071698 0.038157
0.180169 0.214814 0.076243 0.037490
0.176017 0.463314 0.068308 0.045616
0.388204 0.113791 0.070911 0.036350
0.394964 0.305773 0.074514 0.040382
0.058675 0.251359 0.073673 0.034936
0.504898 0.327040 0.060313 0.030056
0.514883 0.881105 0.083337 0.042368
0.291281 0.404639 0.066628 0.035778
0.510764 0.623579 0.073505 0.047968
0.508066 0.405767 0.083317 0.042086
0.280668 0.484181 0.077968 0.035769
0.396340 0.346208 0.073821 0.038047
0.073686 0.170347 0.074285 0.043110
0.175451 0.727343 0.059321 0.040431
0.714353 0.359233 0.072203 0.044687
0.062035 0.784240 0.072354 0.040752
0.720398 0.624816 0.058805 0.040727
0.288683 0.325730 0.071352 0.035676
0.928539 0.186213 0.074901 0.035042
0.719842 0.477892 0.057659 0.037876
0.710342 0.865931 0.067668 0.042758
0.617901 0.344684 0.065677 0.047880
0.820006 0.425048 0.068840 0.042062
0.177508 0.255645 0.059675 0.044254
0.394918 0.510185 0.081546 0.036061
0.388624 0.075834 0.067022 0.035863
0.613324 0.606874 0.067066 0.037739
0.178074 0.330974 0.069800 0.041418
0.052375 0.693132 0.064614 0.047706
0.611521 0.258808 0.056985 0.036511
0.174911 0.898063 0.070222 0.042433
0.393262 0.221179 0.059113 0.042724
0.172238 0.041872 0.069012 0.042581
0.392798 0.471186 0.072929 0.034192
0.272090 0.656443 0.077155 0.046190
0.612673 0.389463 0.073192 0.038683
0.608858 0.560951 0.060436 0.047807
0.181680 0.372559 0.064846 0.038513
0.510476 0.745593 0.061206 0.047331
0.932712 0.223479 0.072275 0.033566
0.059238 0.829258 0.063265 0.042269
0.508202 0.498220 0.075557 0.039530
0.617728 0.734542 0.060682 0.044634
0.280442 0.204393 0.065435 0.038824
0.821834 0.379963 0.074710 0.038951
0.059939 0.741064 0.075341 0.040222
0.292956 0.365594 0.067345 0.038004
0.055101 0.874079 0.058589 0.045762
0.391267 0.262507 0.087079 0.036510
0.507006 0.266231 0.064309 0.026939
0.067927 0.090972 0.056327 0.044953
0.719039 0.200311 0.070892 0.034977
0.286162 0.163239 0.059298 0.040717
0.827479 0.334850 0.060314 0.041169
0.288325 0.286935 0.067767 0.043662
0.387168 0.549135 0.062449 0.038652
0.062105 0.288707 0.062298 0.032946
0.396008 0.767875 0.062211 0.037643
0.169054 0.590463 0.059260 0.043221
0.292207 0.871824 0.076708 0.036555
0.608145 0.075822 0.070230 0.033204
0.616085 0.297226 0.062284 0.040030
0.066402 0.213919 0.062342 0.040495
0.611109 0.818840 0.080904 0.043161
0.933507 0.152520 0.065900 0.031624
0.921869 0.261746 0.072883 0.032877
0.824968 0.293477 0.066455 0.031090
0.617205 0.689965 0.061725 0.039044
0.281792 0.038363 0.072852 0.037135
0.390678 0.383262 0.075879 0.038415
0.175364 0.415937 0.060376 0.041078
0.507279 0.665046 0.067826 0.030475
0.397155 0.733590 0.050483 0.029006
0.171896 0.638974 0.064284 0.048257
0.717423 0.163675 0.059390 0.031893
0.719180 0.554985 0.050398 0.037641
0.711404 0.918041 0.061063 0.047757
0.511161 0.296323 0.068204 0.030441
0.612157 0.474949 0.055383 0.041048
0.280144 0.560340 0.057770 0.042296
0.278266 0.607405 0.065125 0.044978
0.614800 0.432278 0.055490 0.038781
0.183136 0.292423 0.074388 0.029573
0.057347 0.645180 0.057614 0.040950
0.063405 0.566445 0.067000 0.039457
0.497363 0.582593 0.067112 0.035137
0.386217 0.182389 0.073067 0.029639
0.388368 0.033606 0.072735 0.036457
0.061398 0.326434 0.053711 0.036335
0.922812 0.546058 0.056966 0.036533
0.171739 0.850707 0.076167 0.044513
0.495195 0.148898 0.052631 0.037682
0.390490 0.590664 0.055835 0.041273
0.167817 0.507048 0.061462 0.039861
0.720306 0.664863 0.051291 0.035792
0.713430 0.403769 0.069877 0.039071
0.284573 0.786857 0.080004 0.034538
0.922648 0.627473 0.080151 0.040154
0.717617 0.744688 0.054979 0.039281
0.063987 0.528079 0.069320 0.039015
0.922073 0.507048 0.051801 0.042607
0.066072 0.368293 0.058417 0.039535
0.065327 0.487322 0.058211 0.034008
0.818406 0.204889 0.060648 0.030833
0.607676 0.111984 0.053519 0.036455
0.819300 0.248906 0.050046 0.045630
0.717738 0.440824 0.054079 0.029830
0.055509 0.605195 0.057311 0.030212
0.617664 0.858014 0.054477 0.030894
0.928927 0.463641 0.061867 0.040610
0.495985 0.108376 0.056393 0.041196
0.714140 0.273271 0.055621 0.033809
0.611641 0.516426 0.052478 0.035552
0.612207 0.218528 0.053426 0.035642
0.715343 0.701877 0.047267 0.036064
0.060363 0.915433 0.074053 0.030554
0.814525 0.125973 0.059592 0.043470
0.715236 0.127946 0.049508 0.034063
0.717647 0.312399 0.058757 0.042442
0.923414 0.670753 0.054885 0.038075
0.929744 0.587087 0.061136 0.038486
0.397292 0.628285 0.077891 0.026951
0.612640 0.035124 0.065787 0.038395
0.609979 0.182279 0.051153 0.030864
0.171674 0.806463 0.050706 0.035136
0.815546 0.169404 0.047113 0.033560
0.925215 0.423597 0.048985 0.031277
0.712118 0.821881 0.057828 0.035549
0.170293 0.770035 0.051759 0.035279
0.615180 0.898362 0.054895 0.042901
0.289676 0.915074 0.078826 0.042919
0.931526 0.117143 0.056957 0.035136
0.609108 0.147315 0.051223 0.033385
0.398007 0.809799 0.061807 0.046838
0.927644 0.387420 0.051020 0.034610
0.720467 0.588839 0.058252 0.024865
0.393515 0.657861 0.058349 0.028789
0.071415 0.045081 0.071641 0.044187
0.062541 0.451056 0.049009 0.033916
0.929151 0.345751 0.059212 0.040935
0.617949 0.648772 0.053420 0.041742
0.708949 0.047850 0.051078 0.044368
0.411269 0.942868 0.080272 0.032206
0.718324 0.517059 0.045818 0.035521
0.715361 0.090232 0.051463 0.033619
0.070057 0.132094 0.062898 0.025449
0.614054 0.941280 0.058771 0.037564
0.065205 0.951748 0.053697 0.044618
0.928911 0.079143 0.041674 0.034144
0.278991 0.520702 0.087018 0.031948
0.406402 0.976617 0.054708 0.035019
0.499287 0.450416 0.074507 0.046408
0.172029 0.940996 0.060828 0.039611
0.498768 0.036204 0.053223 0.039278
0.507266 0.070979 0.084974 0.026781
0.712421 0.782623 0.041570 0.033381
0.929185 0.712872 0.046435 0.038724
0.294077 0.952639 0.077255 0.039688
0.929251 0.040647 0.046995 0.036433
0.616497 0.775800 0.067751 0.033757
0.515238 0.918506 0.073753 0.032115
0.931754 0.300814 0.074888 0.037407
0.517789 0.948010 0.083817 0.027623
