0.813387 0.221436 0.069317 0.041529
0.484228 0.746659 0.070102 0.037446
0.064540 0.640281 0.061014 0.043105
0.061816 0.243092 0.061881 0.041408
0.378203 0.720193 0.063883 0.040090
0.375956 0.680017 0.066506 0.035487
0.592837 0.347070 0.071685 0.040890
0.705561 0.660140 0.075600 0.049594
0.175912 0.402039 0.063069 0.040717
0.387090 0.121231 0.071305 0.040170
0.377649 0.762148 0.074990 0.037593
0.485084 0.622614 0.066362 0.046788
0.379616 0.475722 0.068712 0.044298
0.703706 0.256858 0.071723 0.038924
0.065221 0.076205 0.062137 0.041361
0.809119 0.490575 0.063948 0.046170
0.063166 0.684922 0.060920 0.041686
0.484397 0.668335 0.061363 0.039415
0.062606 0.359297 0.061205 0.038207
0.919953 0.346458 0.087809 0.055121
0.173993 0.673832 0.066910 0.041433
0.810644 0.769435 0.066105 0.046328
0.175152 0.446656 0.067379 0.043931
0.061587 0.521550 0.067326 0.036333
0.800205 0.902726 0.059122 0.044445
0.589636 0.582525 0.059770 0.040417
0.807826 0.064844 0.066346 0.038853
0.915881 0.667100 0.069590 0.039960
0.696125 0.866016 0.069641 0.044846
0.599869 0.246405 0.062087 0.037436
0.174176 0.315582 0.075915 0.041943
0.809068 0.025583 0.074274 0.039346
0.172301 0.849399 0.068367 0.050809
0.717510 0.177232 0.073017 0.041858
0.914498 0.709450 0.082289 0.039798
0.924971 0.293613 0.069037 0.043118
0.177068 0.538046 0.070642 0.043461
0.807338 0.812272 0.065763 0.034856
0.274553 0.110494 0.066154 0.046402
0.804835 0.856521 0.084562 0.045668
0.172868 0.717788 0.063321 0.040257
0.485287 0.194937 0.059277 0.035283
0.268597 0.883025 0.083165 0.052796
0.919926 0.179091 0.078421 0.042625
0.274990 0.030004 0.069538 0.047018
0.918436 0.513177 0.068104 0.041210
0.066767 0.159738 0.052303 0.039141
0.378994 0.284530 0.059904 0.043801
0.918194 0.472948 0.066153 0.036610
0.062392 0.725702 0.063447 0.034813
0.910617 0.107698 0.061827 0.034845
0.808550 0.447739 0.069811 0.033420
0.069979 0.809683 0.063181 0.044813
0.177646 0.490200 0.059010 0.040943
0.173983 0.630376 0.058254 0.041676
0.175691 0.358665 0.074249 0.041029
0.173337 0.245859 0.074521 0.035750
0.703012 0.569672 0.059917 0.042614
0.268407 0.631804 0.061443 0.039444
0.807195 0.148618 0.070146 0.033763
0.805379 0.107887 0.062104 0.043898
0.276997 0.590571 0.070004 0.039077
0.379439 0.204068 0.079317 0.042772
0.709035 0.339971 0.077793 0.039241
0.176655 0.205731 0.062773 0.039700
0.703243 0.612066 0.064867 0.041533
0.275629 0.476886 0.070357 0.048162
0.808899 0.267593 0.058215 0.043355
0.805598 0.311555 0.062905 0.040944
0.600675 0.120040 0.059953 0.036359
0.482137 0.578476 0.063837 0.034225
0.275906 0.435423 0.056135 0.029735
0.168212 0.113184 0.083352 0.045124
0.492018 0.234182 0.068009 0.036376
0.488191 0.155890 0.069740 0.039120
0.172574 0.759459 0.060807 0.043052
0.487253 0.273444 0.053181 0.040063
0.476735 0.708106 0.066479 0.033034
0.698793 0.776922 0.064120 0.040150
0.599401 0.851766 0.071407 0.041572
0.593156 0.505582 0.061752 0.036804
0.498121 0.458034 0.068299 0.043145
0.388597 0.161434 0.071352 0.035090
0.487054 0.537774 0.058074 0.040417
0.071475 0.902474 0.059191 0.045367
0.164398 0.160355 0.062166 0.047376
0.809772 0.407010 0.051106 0.042739
0.385064 0.329388 0.075020 0.044265
0.700457 0.408225 0.081262 0.040602
0.811744 0.723909 0.064215 0.040654
0.914258 0.794666 0.076179 0.039983
0.172203 0.585272 0.064675 0.049196
0.486518 0.358357 0.083211 0.048378
0.581962 0.704381 0.069850 0.047242
0.595076 0.432414 0.075817 0.035273
0.070563 0.029919 0.069333 0.044827
0.490708 0.077713 0.055557 0.046596
0.067036 0.119117 0.055193 0.037634
0.067152 0.765318 0.061681 0.037540
0.382532 0.641863 0.070475 0.035685
0.393212 0.515833 0.069365 0.034541
0.585126 0.657876 0.055614 0.041597
0.919590 0.833795 0.070935 0.037995
0.590480 0.543631 0.074965 0.031470
0.069665 0.854910 0.055601 0.041609
0.063310 0.562496 0.056853 0.043024
0.602541 0.079071 0.057370 0.040973
0.272647 0.522756 0.060469 0.043801
0.702698 0.025784 0.069934 0.044293
0.058262 0.285844 0.058430 0.042858
0.493733 0.497819 0.074093 0.034510
0.811940 0.684366 0.058679 0.037240
0.270444 0.712357 0.064171 0.044421
0.923199 0.253015 0.062018 0.033485
0.812427 0.359050 0.062640 0.049607
0.917056 0.030594 0.062264 0.041526
0.913766 0.071096 0.054668 0.035679
0.718732 0.102681 0.066798 0.044260
0.916925 0.559325 0.059353 0.042840
0.596252 0.471574 0.068022 0.040144
0.810026 0.184363 0.054377 0.028407
0.596724 0.390333 0.052275 0.045600
0.274421 0.357843 0.054342 0.044129
0.170674 0.802312 0.054862 0.036620
0.285942 0.238897 0.059060 0.042431
0.379625 0.243062 0.064925 0.034207
0.596785 0.294962 0.076184 0.055167
0.708211 0.217415 0.075996 0.035622
0.698753 0.818113 0.061373 0.042543
0.384115 0.427077 0.065006 0.049731
0.588162 0.809293 0.080834 0.041274
0.484126 0.955583 0.069130 0.042352
0.602996 0.030545 0.071155 0.047290
0.376311 0.805553 0.050546 0.043596
0.813825 0.536139 0.065313 0.041719
0.375638 0.849016 0.054353 0.042024
0.489915 0.119315 0.056475 0.034671
0.493094 0.408719 0.066754 0.048870
0.065126 0.601574 0.058486 0.029200
0.705669 0.737141 0.086757 0.039942
0.917922 0.905060 0.065757 0.039615
0.478721 0.875294 0.050154 0.042137
0.814429 0.640682 0.056646 0.044612
0.916389 0.956867 0.095131 0.055482
0.702323 0.525116 0.056922 0.040754
0.709421 0.063234 0.063376 0.031210
0.699179 0.909511 0.059897 0.040241
0.282373 0.157684 0.055976 0.042961
0.478897 0.916822 0.052706 0.036113
0.262799 0.669477 0.062267 0.030993
0.911453 0.141447 0.073540 0.028741
0.489309 0.314887 0.055451 0.038672
0.482413 0.784727 0.065483 0.030049
0.171832 0.068047 0.051374 0.039970
0.269540 0.198041 0.078538 0.034973
0.379062 0.053874 0.072319 0.041254
0.275524 0.280029 0.066808 0.040047
0.271013 0.932587 0.054582 0.043903
0.586383 0.895076 0.072266 0.040007
0.708053 0.485593 0.073785 0.031734
0.383001 0.603708 0.062830 0.038771
0.059138 0.433347 0.063248 0.046942
0.061401 0.200246 0.049145 0.040098
0.268474 0.758521 0.053463 0.046276
0.483045 0.825567 0.062071 0.047733
0.925183 0.398557 0.069745 0.048475
0.585625 0.620131 0.050176 0.029329
0.592068 0.967170 0.078573 0.035074
0.918341 0.217726 0.056042 0.033844
0.062686 0.480626 0.049264 0.040427
0.915654 0.438830 0.070478 0.028685
0.271447 0.800379 0.071236 0.034944
0.703741 0.299383 0.058725 0.041355
0.713701 0.961223 0.070206 0.051622
0.165489 0.898981 0.058710 0.041723
0.277097 0.316056 0.054140 0.034971
0.490747 0.031782 0.069089 0.044968
0.601449 0.210138 0.060165 0.027612
0.717821 0.138912 0.068485 0.028580
0.070175 0.947213 0.053060 0.042610
0.924729 0.868712 0.068082 0.029186
0.169548 0.027632 0.063683 0.036769
0.591493 0.930900 0.079013 0.037009
0.912818 0.629390 0.053799 0.032331
0.374330 0.889263 0.053068 0.034936
0.177985 0.279877 0.069651 0.025680
0.924734 0.750895 0.070707 0.037420
0.812766 0.587881 0.065708 0.057896
0.600742 0.153329 0.052099 0.027853
0.061802 0.324702 0.046861 0.025842
0.586216 0.745041 0.074927 0.032242
0.277256 0.836604 0.074721 0.037824
0.585903 0.776211 0.079570 0.027802
0.705769 0.373764 0.059626 0.027814
0.272198 0.069928 0.055196 0.031786
0.059076 0.393987 0.055480 0.021299
0.277121 0.399679 0.054273 0.038849
0.277702 0.968599 0.062716 0.033859
0.701394 0.448488 0.063337 0.039747
0.269241 0.556865 0.052315 0.021166
0.166105 0.947371 0.053320 0.053562
0.921440 0.598252 0.071815 0.028086
0.388161 0.019230 0.057380 0.026363
0.387225 0.376275 0.052712 0.046669
0.709968 0.701528 0.083244 0.026945
0.809542 0.941239 0.065931 0.029933
0.809088 0.970047 0.065971 0.041361
0.385825 0.087913 0.056537 0.021909
0.387710 0.558830 0.063001 0.046710
0.383265 0.960222 0.073280 0.034105
0.374018 0.930452 0.059325 0.041504
