0.173833 0.101932 0.083670 0.053616
0.601680 0.703752 0.088979 0.058868
0.063456 0.255804 0.082838 0.050177
0.275337 0.267713 0.069500 0.054114
0.381654 0.700645 0.088396 0.043753
0.606222 0.592535 0.093880 0.051533
0.826119 0.169553 0.087899 0.061456
0.718290 0.370178 0.076316 0.055091
0.379402 0.215533 0.086688 0.048694
0.065857 0.596371 0.089701 0.055245
0.387412 0.379014 0.078388 0.052886
0.381078 0.438541 0.072831 0.055595
0.597471 0.332490 0.073226 0.056139
0.712085 0.540443 0.085677 0.056617
0.173554 0.375949 0.076902 0.051143
0.277160 0.383045 0.086140 0.051985
0.056839 0.313291 0.092668 0.056964
0.384642 0.319836 0.073923 0.057122
0.494958 0.790171 0.083045 0.052916
0.271858 0.439384 0.076263 0.051964
0.174733 0.809362 0.096474 0.052532
0.830972 0.816897 0.074493 0.055684
0.063235 0.536743 0.086367 0.056189
0.492015 0.296363 0.085511 0.043537
0.489426 0.523355 0.083966 0.062894
0.718224 0.706418 0.070038 0.052005
0.065571 0.478054 0.089796 0.049901
0.931399 0.375409 0.091699 0.057134
0.387125 0.103150 0.082671 0.052878
0.712791 0.765232 0.076453 0.051723
0.380680 0.045962 0.082625 0.056372
0.384735 0.159764 0.076336 0.055432
0.493868 0.842777 0.086542 0.048608
0.495621 0.091051 0.068921 0.052206
0.274044 0.770877 0.069795 0.052127
0.172030 0.632821 0.079446 0.050175
0.059940 0.200696 0.072740 0.057761
0.927374 0.437144 0.077710 0.055082
0.272963 0.155260 0.070879 0.051419
0.061250 0.374435 0.076685 0.050955
0.607316 0.647029 0.079370 0.052287
0.827783 0.108123 0.082938 0.053806
0.496162 0.404054 0.077557 0.051394
0.602170 0.762514 0.082120 0.048489
0.718013 0.264179 0.083618 0.057241
0.066794 0.831074 0.073683 0.052286
0.169669 0.322100 0.077667 0.047997
0.929962 0.317056 0.083556 0.050897
0.276631 0.605652 0.078354 0.045537
0.491295 0.349705 0.071733 0.045870
0.063270 0.774390 0.067088 0.048769
0.176639 0.914842 0.084248 0.046850
0.602328 0.821604 0.069901 0.059967
0.383723 0.757737 0.071668 0.058566
0.598517 0.430237 0.085588 0.052156
0.059303 0.138661 0.082505 0.052788
0.382280 0.603754 0.075606 0.044707
0.721096 0.816798 0.089210 0.047765
0.602653 0.154835 0.082866 0.052333
0.709141 0.596402 0.076346 0.048841
0.610929 0.541462 0.076808 0.052370
0.065434 0.882295 0.075846 0.041804
0.928549 0.816038 0.063077 0.051098
0.824397 0.047355 0.076979 0.061157
0.716672 0.427664 0.069203 0.049627
0.177568 0.753451 0.081336 0.053242
0.494557 0.462078 0.080989 0.054150
0.934724 0.495432 0.075136 0.051640
0.166160 0.266442 0.077470 0.059030
0.929889 0.873794 0.073973 0.054318
0.274852 0.492739 0.080810 0.045118
0.931464 0.209242 0.076173 0.053908
0.931672 0.708459 0.076789 0.054096
0.494308 0.192046 0.088267 0.046266
0.177267 0.863969 0.075487 0.049364
0.718345 0.866964 0.072440 0.048036
0.173837 0.159020 0.075572 0.049984
0.172479 0.525470 0.076221 0.045608
0.385892 0.870318 0.072694 0.053087
0.389687 0.265743 0.084690 0.044054
0.603395 0.098725 0.079309 0.048749
0.172540 0.579927 0.069107 0.050337
0.487026 0.242913 0.079636 0.049674
0.827455 0.703697 0.076652 0.050282
0.823503 0.333654 0.078815 0.050561
0.174968 0.474556 0.077686 0.046994
0.390169 0.920478 0.072249 0.042458
0.490929 0.686680 0.075537 0.043026
0.826956 0.487255 0.066306 0.054363
0.830219 0.431004 0.075542 0.050857
0.608154 0.484352 0.080300 0.050264
0.717055 0.958005 0.078698 0.051229
0.273703 0.660888 0.067349 0.054653
0.597673 0.881915 0.083286 0.056296
0.711731 0.047271 0.077892 0.058003
0.269930 0.044440 0.072209 0.051056
0.594889 0.274731 0.070906 0.052184
0.171898 0.043974 0.073707 0.055727
0.384830 0.493652 0.062096 0.049911
0.825509 0.280202 0.060706 0.051361
0.274056 0.099332 0.082999 0.049472
0.928213 0.652601 0.081224 0.050221
0.491474 0.739181 0.067028 0.041659
0.490838 0.583678 0.070011 0.048152
0.823645 0.648343 0.067725 0.049768
0.175678 0.692983 0.061063 0.059342
0.274677 0.210888 0.063677 0.054849
0.273093 0.715910 0.057624 0.045230
0.725571 0.912380 0.082237 0.039394
0.826241 0.597516 0.059699 0.047373
0.932660 0.105060 0.077329 0.041342
0.597682 0.382021 0.067712 0.042566
0.925254 0.595952 0.068583 0.051974
0.931310 0.154301 0.075172 0.041476
0.490595 0.634950 0.074566 0.041845
0.178729 0.964093 0.078179 0.048756
0.824903 0.544109 0.059496 0.053310
0.386333 0.815544 0.069249 0.053235
0.278956 0.822859 0.087386 0.046088
0.064961 0.041618 0.099624 0.052572
0.064204 0.089395 0.080703 0.040942
0.933559 0.759748 0.055586 0.048999
0.824870 0.877197 0.056685 0.046421
0.605213 0.968234 0.078598 0.039580
0.491670 0.143936 0.067794 0.041891
0.937109 0.960954 0.076580 0.040448
0.280495 0.931593 0.070193 0.041744
0.713080 0.205389 0.068401 0.055538
0.282793 0.880254 0.070003 0.051982
0.174071 0.211472 0.073308 0.040652
0.288431 0.970537 0.076135 0.037818
0.065846 0.664579 0.067958 0.065686
0.061529 0.925702 0.077300 0.039269
0.714004 0.483427 0.064138 0.049453
0.938406 0.922074 0.078427 0.039862
0.601481 0.929522 0.068663 0.040652
0.386099 0.650830 0.073429 0.046145
0.826968 0.925097 0.069085 0.038281
0.063721 0.721435 0.061605 0.042823
0.386547 0.965521 0.068727 0.042109
0.501240 0.892347 0.069401 0.046828
0.067472 0.969834 0.068029 0.043123
0.928249 0.543633 0.061258 0.038183
0.495434 0.039195 0.074332 0.047239
0.713804 0.319567 0.064552 0.039337
0.928612 0.049561 0.080010 0.064678
0.174233 0.424973 0.076723 0.032767
0.831472 0.759606 0.050864 0.050730
0.715628 0.151922 0.051160 0.043054
0.719860 0.651455 0.075260 0.051913
0.597946 0.216101 0.054631 0.055497
0.275952 0.551576 0.070253 0.058497
0.824958 0.383661 0.051147 0.038827
0.066750 0.425981 0.050735 0.046363
0.825606 0.224502 0.054383 0.040005
0.499942 0.967423 0.084253 0.035812
0.387203 0.549717 0.074409 0.055398
0.828401 0.963110 0.067468 0.037228
0.502245 0.935216 0.077698 0.038815
0.600368 0.042564 0.057877 0.047002
0.930468 0.264901 0.050025 0.048595
0.715532 0.103389 0.054394 0.049789
0.278310 0.326307 0.075903 0.055653
