0.829910 0.171236 0.060513 0.034419
0.935263 0.846344 0.064452 0.040613
0.945435 0.516399 0.058237 0.038802
0.383124 0.343462 0.068816 0.040671
0.940771 0.391414 0.061463 0.035281
0.821140 0.747742 0.056319 0.034347
0.375438 0.773397 0.060674 0.039407
0.600190 0.319187 0.056065 0.034227
0.599714 0.356416 0.051389 0.039208
0.698723 0.972481 0.059454 0.034389
0.703878 0.936181 0.060999 0.036678
0.603011 0.167285 0.062068 0.043244
0.273992 0.288602 0.056134 0.038187
0.603816 0.123614 0.061332 0.038699
0.708807 0.248878 0.051816 0.041935
0.705220 0.822124 0.060257 0.038829
0.939724 0.887116 0.066851 0.038275
0.599142 0.032771 0.068035 0.041036
0.941834 0.320123 0.052239 0.039541
0.703933 0.175108 0.065898 0.044731
0.268339 0.329943 0.059214 0.043348
0.938457 0.623706 0.053171 0.031537
0.817907 0.861663 0.051514 0.037916
0.703785 0.293249 0.066213 0.042233
0.264703 0.738173 0.063587 0.043414
0.273907 0.248972 0.054339 0.036836
0.815694 0.507770 0.059325 0.034868
0.603186 0.209947 0.059043 0.042955
0.943589 0.430832 0.058382 0.043202
0.948155 0.473763 0.058523 0.041287
0.931861 0.971171 0.064011 0.037974
0.829136 0.205223 0.049964 0.032645
0.493250 0.508376 0.066287 0.035212
0.388693 0.260193 0.049434 0.039433
0.280351 0.174963 0.063857 0.033197
0.263309 0.695776 0.054781 0.040660
0.818304 0.899132 0.052622 0.037371
0.939957 0.556479 0.049430 0.034050
0.819312 0.577135 0.071337 0.035228
0.821222 0.712073 0.058585 0.034976
0.590410 0.641390 0.050321 0.036263
0.597175 0.516261 0.059207 0.038703
0.816612 0.645761 0.070777 0.038417
0.938075 0.805408 0.056795 0.032049
0.274516 0.210922 0.056928 0.039917
0.937880 0.657288 0.047990 0.032846
0.385222 0.133630 0.061394 0.042166
0.380073 0.874025 0.056004 0.036281
0.816442 0.934908 0.051173 0.037089
0.371463 0.732023 0.070009 0.041924
0.384941 0.217076 0.058903 0.042759
0.938390 0.694076 0.049252 0.038198
0.372113 0.810756 0.057006 0.032232
0.701307 0.704749 0.063143 0.035339
0.601705 0.078166 0.058956 0.050309
0.278190 0.062219 0.053439 0.033233
0.828773 0.237799 0.053063 0.030175
0.489033 0.468891 0.057524 0.039831
0.484584 0.792095 0.056097 0.038968
0.485805 0.424655 0.059684 0.042854
0.706787 0.099274 0.074717 0.033979
0.696721 0.899377 0.064474 0.036514
0.702248 0.780802 0.053638 0.044635
0.702512 0.861357 0.049623 0.035904
0.388260 0.094979 0.066909 0.034870
0.819704 0.367340 0.071706 0.041938
0.944449 0.237206 0.049784 0.037425
0.939020 0.033993 0.055799 0.038387
0.940185 0.590352 0.051138 0.030980
0.823595 0.609550 0.065752 0.030775
0.816869 0.970881 0.058297 0.035696
0.270864 0.441215 0.050068 0.035540
0.267690 0.372944 0.050979 0.037189
0.497032 0.188651 0.052732 0.038036
0.492034 0.227020 0.053160 0.036798
0.486796 0.330267 0.061434 0.045112
0.829630 0.134031 0.046255 0.035701
0.265931 0.542303 0.056353 0.034655
0.934967 0.930965 0.052631 0.044057
0.708297 0.525174 0.052534 0.049834
0.265025 0.779307 0.049106 0.037935
0.600157 0.286119 0.054262 0.026022
0.584870 0.944315 0.058826 0.031833
0.710745 0.134565 0.051089 0.034759
0.937592 0.768375 0.053375 0.038745
0.278363 0.028255 0.058515 0.032885
0.066735 0.217686 0.056085 0.036875
0.822947 0.030399 0.055105 0.038684
0.062482 0.177406 0.053854 0.037307
0.946339 0.276061 0.046920 0.037111
0.484075 0.756976 0.056409 0.036799
0.712682 0.031096 0.054079 0.042601
0.602079 0.250344 0.055377 0.039992
0.599221 0.552876 0.052085 0.028096
0.491277 0.147282 0.074185 0.042891
0.585083 0.973345 0.061005 0.026327
0.283385 0.099056 0.055303 0.036195
0.822575 0.543564 0.055158 0.029254
0.940833 0.355109 0.046349 0.029629
0.815679 0.474007 0.047474 0.034239
0.711387 0.479583 0.060893 0.040226
0.060481 0.434736 0.051946 0.036549
0.938204 0.730348 0.050272 0.036095
0.938475 0.116184 0.050942 0.046499
0.390538 0.032552 0.053691 0.040559
0.279549 0.137878 0.059086 0.043157
0.594427 0.477408 0.049494 0.034953
0.266998 0.658317 0.048902 0.032581
0.271216 0.507899 0.048206 0.032532
0.269967 0.813813 0.052255 0.033659
0.596850 0.398437 0.052899 0.041733
0.707523 0.335217 0.048124 0.039012
0.064908 0.287792 0.050184 0.033385
0.067762 0.508241 0.053118 0.038698
0.819351 0.680370 0.070920 0.030978
0.592538 0.440886 0.050631 0.039186
0.069585 0.254502 0.054562 0.031032
0.068168 0.549886 0.050145 0.041920
0.587098 0.722160 0.044962 0.043896
0.487075 0.861148 0.050356 0.038935
0.270482 0.407338 0.047217 0.034347
0.824177 0.319268 0.051562 0.049094
0.705661 0.740499 0.048752 0.038252
0.581575 0.814163 0.056263 0.029786
0.944301 0.161084 0.057461 0.037156
0.708100 0.213088 0.053363 0.027640
0.385221 0.389456 0.054915 0.050240
0.487353 0.541182 0.055689 0.026451
0.063657 0.473489 0.052902 0.034126
0.386856 0.957458 0.054936 0.046301
0.709789 0.570535 0.052664 0.042248
0.819537 0.439302 0.049110 0.035607
0.942146 0.074707 0.051585 0.036623
0.479539 0.721541 0.052524 0.030638
0.068933 0.670244 0.052128 0.041545
0.816273 0.789679 0.057137 0.048216
0.267154 0.580314 0.050482 0.041552
0.820745 0.827899 0.053892 0.025287
0.710612 0.408619 0.046908 0.036022
0.486380 0.824961 0.050793 0.028367
0.168414 0.034119 0.057377 0.042204
0.826865 0.274179 0.057040 0.037652
0.381623 0.435270 0.057048 0.042847
0.706170 0.608797 0.050879 0.035416
0.479930 0.939141 0.056346 0.040708
0.488256 0.378360 0.052692 0.048117
0.483114 0.899076 0.074343 0.038122
0.825081 0.101873 0.047392 0.030532
0.587734 0.679969 0.049951 0.038993
0.268391 0.848851 0.046732 0.035802
0.706468 0.442629 0.046433 0.034404
0.383187 0.911454 0.049293 0.039317
0.708792 0.373893 0.046279 0.036515
0.703420 0.645056 0.049940 0.037658
0.703676 0.675118 0.052958 0.026162
0.824795 0.068896 0.045890 0.036169
0.497909 0.113679 0.060471 0.030418
0.378576 0.478187 0.050130 0.040834
0.593271 0.606759 0.048208 0.028175
0.060206 0.625743 0.073319 0.044293
0.596203 0.581516 0.046941 0.029481
0.377036 0.842938 0.060163 0.028371
0.375125 0.517393 0.051266 0.040952
0.374134 0.618128 0.054057 0.037800
0.485454 0.974547 0.047528 0.031779
0.713207 0.067390 0.045183 0.029344
0.584119 0.911985 0.050038 0.035771
0.822050 0.405039 0.051062 0.032316
0.062504 0.322677 0.045651 0.034124
0.377069 0.656482 0.047384 0.035141
0.483861 0.580374 0.054514 0.050281
0.480639 0.678225 0.065382 0.053946
0.167926 0.073324 0.043772 0.029880
0.382841 0.300414 0.057843 0.039931
0.584981 0.843626 0.040725 0.028784
0.063779 0.137076 0.049986 0.038493
0.372853 0.586256 0.048562 0.028636
0.059754 0.355775 0.041440 0.034562
0.944356 0.200801 0.045329 0.033402
0.492956 0.260524 0.043974 0.028520
0.273716 0.879631 0.053911 0.028432
0.586049 0.761008 0.041486 0.030309
0.376319 0.555224 0.045914 0.035520
0.065643 0.588228 0.048697 0.028498
0.376052 0.692032 0.053675 0.037784
0.387745 0.066656 0.046816 0.028550
0.265424 0.620814 0.042913 0.039268
0.583431 0.875817 0.044185 0.036980
0.585575 0.785517 0.055270 0.026183
0.385214 0.175657 0.057838 0.039493
0.490026 0.289786 0.048336 0.032553
0.483735 0.627438 0.045587 0.042266
0.272029 0.929138 0.038734 0.029648
0.497822 0.076366 0.052681 0.048210
0.056542 0.103162 0.050825 0.034386
0.270032 0.903332 0.048589 0.025516
0.168483 0.107973 0.051509 0.039662
0.498546 0.028213 0.040848 0.034240
0.054490 0.393989 0.041636 0.042065
0.062593 0.067811 0.042124 0.036473
0.270079 0.474965 0.065283 0.031618
0.064855 0.024980 0.042095 0.042212
0.276012 0.972391 0.041824 0.031370
