0.072504 0.219983 0.070927 0.043883
0.623347 0.224615 0.061189 0.033583
0.615860 0.189931 0.066766 0.032443
0.417205 0.933942 0.066791 0.038955
0.096274 0.699130 0.064330 0.037943
0.524396 0.882502 0.062406 0.040153
0.843297 0.509457 0.065547 0.037802
0.186330 0.176494 0.061109 0.039619
0.728012 0.095555 0.057291 0.039471
0.620937 0.548426 0.055398 0.034895
0.187851 0.319352 0.055985 0.035513
0.741533 0.765011 0.069306 0.040941
0.949898 0.505581 0.070220 0.038709
0.739732 0.808606 0.067836 0.038550
0.303519 0.882080 0.060982 0.037096
0.309488 0.921102 0.060223 0.037642
0.846212 0.815096 0.064497 0.040824
0.098468 0.858389 0.055082 0.037378
0.527045 0.925354 0.058238 0.041416
0.953982 0.634141 0.072049 0.044093
0.961343 0.936279 0.054720 0.033042
0.405514 0.309477 0.061291 0.044172
0.624827 0.633527 0.060431 0.044207
0.305195 0.560671 0.054576 0.037308
0.414369 0.972261 0.060548 0.035439
0.069178 0.127769 0.059915 0.046915
0.097157 0.737078 0.057002 0.036892
0.516002 0.586024 0.054723 0.034217
0.618325 0.413747 0.050840 0.038309
0.950545 0.464488 0.055917 0.036146
0.307314 0.799762 0.067552 0.043909
0.414256 0.895551 0.058013 0.037508
0.625498 0.586719 0.048375 0.038554
0.958943 0.811269 0.059739 0.035658
0.736573 0.598730 0.056598 0.037461
0.304138 0.843088 0.057659 0.039137
0.096166 0.777352 0.060306 0.037789
0.620313 0.125527 0.056436 0.033740
0.837089 0.353167 0.066483 0.034432
0.412631 0.599283 0.061920 0.032737
0.615475 0.376432 0.051597 0.032751
0.410819 0.856462 0.053782 0.042987
0.959974 0.587218 0.052126 0.042889
0.621027 0.452211 0.050277 0.037561
0.413670 0.771223 0.058762 0.037125
0.181551 0.136267 0.063928 0.036023
0.402926 0.153521 0.063553 0.042008
0.732808 0.639931 0.066364 0.036789
0.100419 0.897185 0.054885 0.039070
0.850184 0.935047 0.049902 0.029406
0.964226 0.897535 0.048956 0.040684
0.943560 0.174818 0.059446 0.037054
0.626925 0.675495 0.049640 0.035409
0.945787 0.353842 0.056952 0.038259
0.841918 0.467977 0.050297 0.044569
0.521555 0.156560 0.060732 0.035435
0.518618 0.509527 0.049647 0.036111
0.514119 0.230867 0.051228 0.035217
0.402727 0.108679 0.050514 0.041411
0.629323 0.933920 0.064440 0.033607
0.945314 0.284030 0.049275 0.031744
0.299868 0.250810 0.055634 0.043593
0.198951 0.795027 0.058376 0.040018
0.098832 0.938955 0.051899 0.040094
0.202572 0.878702 0.061239 0.040595
0.201311 0.755276 0.080178 0.039730
0.731439 0.428154 0.051582 0.043102
0.078101 0.454877 0.070839 0.037929
0.964471 0.853054 0.049357 0.044094
0.829309 0.023797 0.060947 0.037966
0.082295 0.497139 0.053606 0.042074
0.627995 0.789054 0.049829 0.036364
0.418700 0.686023 0.078318 0.044126
0.739587 0.969522 0.062808 0.033421
0.191828 0.964876 0.070624 0.038000
0.514504 0.395680 0.052213 0.046442
0.185028 0.215770 0.059195 0.030663
0.729283 0.518306 0.060772 0.033437
0.198505 0.921620 0.059761 0.045223
0.617632 0.158542 0.048860 0.025453
0.948920 0.316794 0.046264 0.032526
0.620641 0.086830 0.050270 0.042201
0.064105 0.084718 0.059704 0.039205
0.733589 0.558440 0.051644 0.037874
0.411017 0.350811 0.059489 0.036364
0.944509 0.134502 0.052723 0.041775
0.960438 0.772518 0.053934 0.034954
0.957470 0.545272 0.057515 0.035732
0.185843 0.355152 0.053923 0.032046
0.833813 0.241431 0.053482 0.037888
0.845256 0.740512 0.074862 0.038085
0.633229 0.828557 0.054542 0.035163
0.195106 0.716810 0.069725 0.037094
0.849631 0.587744 0.051145 0.039595
0.197346 0.679702 0.063132 0.034934
0.941945 0.216225 0.059578 0.042591
0.184968 0.066391 0.058918 0.031771
0.733116 0.381470 0.057348 0.044781
0.202891 0.836305 0.050934 0.038405
0.401437 0.068868 0.052402 0.037910
0.516273 0.267525 0.050892 0.035049
0.297740 0.335809 0.051863 0.038883
0.830222 0.130208 0.050323 0.033677
0.097281 0.655489 0.047940 0.041013
0.183652 0.032399 0.058277 0.037242
0.096313 0.817548 0.050352 0.040278
0.419247 0.639677 0.061873 0.045073
0.525256 0.798977 0.052554 0.037150
0.412497 0.516768 0.056628 0.041769
0.514846 0.195053 0.061771 0.033972
0.528348 0.754756 0.067552 0.044357
0.202312 0.639317 0.069007 0.044673
0.310500 0.601608 0.057788 0.036939
0.959168 0.707138 0.044769 0.032263
0.528551 0.839790 0.054246 0.037655
0.735454 0.717808 0.050151 0.043609
0.072606 0.264572 0.054826 0.043350
0.314484 0.962423 0.063225 0.040027
0.411057 0.429199 0.049919 0.045296
0.188338 0.471966 0.055598 0.037882
0.312522 0.718289 0.060250 0.037209
0.290217 0.199310 0.052416 0.048283
0.742479 0.931403 0.043842 0.041285
0.307158 0.757637 0.048784 0.037125
0.831914 0.058726 0.049191 0.030348
0.726211 0.168743 0.045962 0.034993
0.515677 0.438024 0.057011 0.039017
0.831045 0.093237 0.052370 0.038925
0.296584 0.295072 0.049297 0.036827
0.096599 0.614944 0.051621 0.036510
0.309387 0.641957 0.048214 0.037430
0.184144 0.284155 0.044697 0.032837
0.071296 0.174553 0.055642 0.040637
0.062711 0.040534 0.071199 0.043066
0.189025 0.428885 0.047969 0.041934
0.722706 0.253844 0.051404 0.040602
0.199530 0.592125 0.051100 0.043410
0.520988 0.660039 0.048208 0.041569
0.962023 0.969774 0.065211 0.034901
0.306689 0.678867 0.049632 0.030941
0.191833 0.545120 0.052314 0.043478
0.517632 0.306405 0.053110 0.041530
0.409719 0.386949 0.049972 0.036106
0.416089 0.813529 0.051583 0.039314
0.837953 0.388647 0.050627 0.033915
0.846229 0.700676 0.058847 0.033852
0.305288 0.491311 0.055347 0.036359
0.415772 0.559177 0.052850 0.040243
0.627460 0.711474 0.046941 0.033564
0.301080 0.450095 0.046926 0.035562
0.949580 0.391075 0.046052 0.030807
0.293586 0.412334 0.069231 0.038226
0.621271 0.312041 0.051362 0.036027
0.853022 0.965735 0.047956 0.030677
0.721036 0.300919 0.061803 0.045815
0.628752 0.896654 0.051395 0.040193
0.304596 0.525332 0.045988 0.032542
0.833562 0.165019 0.045576 0.035911
0.622089 0.486652 0.045234 0.026773
0.846282 0.549652 0.048872 0.037215
0.531705 0.966372 0.060087 0.038101
0.838419 0.425180 0.056748 0.036499
0.837141 0.315538 0.045289 0.033015
0.948063 0.252913 0.049127 0.027832
0.515206 0.117618 0.056516 0.035761
0.192006 0.391441 0.058332 0.029928
0.956750 0.672043 0.049162 0.030736
0.188991 0.507400 0.054278 0.029801
0.519511 0.548831 0.045982 0.038058
0.519694 0.350664 0.056778 0.039412
0.727244 0.133393 0.041029 0.032763
0.742207 0.850732 0.070373 0.040232
0.737359 0.893213 0.047868 0.031129
0.086836 0.538364 0.051548 0.036252
0.845639 0.893436 0.044040 0.044665
0.416500 0.729493 0.053880 0.036580
0.298412 0.374443 0.077638 0.033700
0.098044 0.976487 0.048848 0.034738
0.947720 0.096506 0.053680 0.032489
0.956124 0.741781 0.054223 0.027608
0.728457 0.208943 0.053443 0.040265
0.403705 0.262890 0.047864 0.047149
0.185167 0.100074 0.065058 0.031365
0.067925 0.361192 0.057410 0.043961
0.843271 0.852823 0.044155 0.030961
0.524555 0.706376 0.048962 0.049753
0.835218 0.278405 0.042450 0.029738
0.727698 0.058634 0.040867 0.031957
0.629105 0.749727 0.052333 0.036638
0.626428 0.515781 0.049114 0.024982
0.949014 0.426519 0.046606 0.033277
0.851642 0.775591 0.056935 0.033523
0.081275 0.410517 0.057564 0.045271
0.619449 0.345014 0.044275 0.026906
0.186155 0.249844 0.042691 0.033962
0.629848 0.967468 0.058258 0.032214
0.945624 0.058504 0.058557 0.043799
0.399862 0.028047 0.049766 0.038227
0.289969 0.033236 0.055581 0.040422
0.400611 0.194091 0.060941 0.033395
0.727688 0.023067 0.044319 0.033394
0.739945 0.675814 0.060548 0.031890
0.295676 0.110429 0.050592 0.035092
0.513183 0.024728 0.055784 0.026720
0.832899 0.202311 0.043434 0.031919
0.730791 0.340454 0.048320 0.030733
0.514911 0.084311 0.056575 0.033616
0.294166 0.151665 0.045353 0.038990
0.847933 0.626857 0.045277 0.031311
0.407660 0.475008 0.049515 0.040218
0.071526 0.312706 0.050486 0.049779
0.630194 0.860765 0.044085 0.029699
0.520239 0.623298 0.042128 0.029923
0.844999 0.663939 0.045776 0.037151
0.292877 0.073159 0.049677 0.034420
0.087947 0.576086 0.049543 0.037994
0.730617 0.477896 0.043311 0.046757
0.512745 0.052960 0.047794 0.026609
0.403050 0.224687 0.051032 0.025969
0.942548 0.022231 0.040079 0.027843
0.623014 0.018581 0.051236 0.025701
0.617347 0.050650 0.059292 0.024119
0.520166 0.474560 0.058873 0.026754
0.623666 0.268546 0.060904 0.047500
