0.308782 0.820291 0.062458 0.034624
0.796685 0.208244 0.052241 0.027624
0.513608 0.306492 0.054992 0.035294
0.126027 0.584334 0.057857 0.028493
0.788750 0.816619 0.054969 0.028610
0.125173 0.420627 0.061598 0.039161
0.318758 0.519146 0.061538 0.031269
0.326363 0.303828 0.058899 0.029542
0.231051 0.231411 0.061972 0.031592
0.132277 0.347162 0.053619 0.028384
0.516763 0.231834 0.049925 0.032587
0.885723 0.622139 0.063792 0.030464
0.318065 0.685482 0.060498 0.034814
0.321113 0.194347 0.059450 0.029942
0.517058 0.269179 0.055964 0.029588
0.880903 0.782180 0.052692 0.026754
0.226655 0.324105 0.053608 0.030170
0.696073 0.677827 0.057261 0.033788
0.223039 0.428918 0.060670 0.037721
0.699074 0.192012 0.054236 0.031596
0.901807 0.218390 0.058090 0.033157
0.692111 0.603194 0.053449 0.031984
0.118422 0.700887 0.052744 0.038255
0.901730 0.295012 0.050909 0.037263
0.796539 0.509690 0.054047 0.032051
0.790183 0.709933 0.056232 0.030140
0.697798 0.718932 0.058385 0.035005
0.224403 0.392309 0.055314 0.026186
0.413864 0.734972 0.056920 0.035072
0.601883 0.442361 0.049897 0.027292
0.607026 0.229169 0.055266 0.032450
0.321763 0.378325 0.053701 0.034729
0.126325 0.554233 0.054812 0.024361
0.323790 0.339561 0.051466 0.033961
0.513081 0.197612 0.049544 0.027103
0.126279 0.380854 0.055302 0.026977
0.693955 0.786492 0.050578 0.027806
0.790369 0.638445 0.050340 0.035371
0.319946 0.418168 0.053610 0.032454
0.321140 0.456005 0.052973 0.029062
0.120003 0.838210 0.059673 0.030409
0.893179 0.483402 0.050473 0.036487
0.798363 0.396594 0.051983 0.035419
0.696292 0.472875 0.053863 0.026969
0.795899 0.315413 0.056576 0.034620
0.408567 0.771059 0.058180 0.027914
0.323723 0.583806 0.050208 0.029966
0.133645 0.315301 0.058063 0.028661
0.137844 0.164081 0.052748 0.029619
0.414112 0.404564 0.063976 0.036812
0.118117 0.805947 0.051057 0.030672
0.420010 0.157407 0.046565 0.029649
0.406021 0.513781 0.049633 0.029916
0.515142 0.342856 0.055388 0.026976
0.327652 0.134538 0.052247 0.028498
0.702393 0.133612 0.052390 0.030290
0.906935 0.152594 0.055962 0.037567
0.514812 0.414260 0.048047 0.038732
0.700404 0.316396 0.054424 0.027880
0.795492 0.171055 0.047519 0.037587
0.122497 0.617274 0.051724 0.037094
0.603515 0.299418 0.049622 0.036755
0.517982 0.377416 0.058000 0.025978
0.419411 0.245497 0.059914 0.029668
0.506366 0.602904 0.066549 0.034713
0.900503 0.255023 0.056591 0.030572
0.694001 0.507896 0.045026 0.033235
0.125142 0.525063 0.053157 0.031700
0.796978 0.241633 0.052143 0.026374
0.221424 0.766136 0.067457 0.029111
0.876843 0.882469 0.053576 0.030057
0.895142 0.370896 0.050277 0.033053
0.503098 0.708105 0.050366 0.037100
0.416894 0.217647 0.047544 0.023420
0.414538 0.304003 0.052521 0.026291
0.223433 0.728503 0.053440 0.043107
0.788849 0.851860 0.047802 0.031516
0.407772 0.542112 0.056062 0.024537
0.889186 0.586822 0.052758 0.030148
0.217407 0.687060 0.051170 0.030298
0.705678 0.284022 0.051831 0.027978
0.312371 0.783883 0.050374 0.027949
0.217025 0.836938 0.045896 0.036252
0.896608 0.409944 0.052060 0.033986
0.237061 0.136087 0.060253 0.031256
0.795653 0.356988 0.049165 0.036683
0.136350 0.279773 0.060410 0.033792
0.318149 0.649517 0.052120 0.028385
0.217397 0.872675 0.045461 0.027221
0.412698 0.276317 0.056171 0.024732
0.607736 0.193712 0.047900 0.032354
0.600870 0.473741 0.047994 0.027553
0.505732 0.900687 0.061277 0.030684
0.314597 0.854419 0.058126 0.024321
0.500999 0.744638 0.051043 0.025951
0.414528 0.366882 0.047624 0.027842
0.142957 0.194103 0.067941 0.027427
0.595136 0.875614 0.050483 0.028069
0.224012 0.357878 0.045587 0.029402
0.117352 0.774179 0.046811 0.026469
0.122331 0.740461 0.047107 0.032502
0.224592 0.506173 0.057236 0.044054
0.509897 0.528002 0.050309 0.030878
0.897086 0.446410 0.047120 0.030161
0.418945 0.189133 0.046439 0.026264
0.796043 0.274340 0.050809 0.033823
0.694638 0.639042 0.045770 0.033646
0.700709 0.162418 0.055876 0.023376
0.226134 0.288463 0.051190 0.024837
0.219166 0.464997 0.050934 0.025535
0.126166 0.899527 0.056941 0.038307
0.792515 0.575513 0.055301 0.024322
0.889612 0.518360 0.050257 0.028349
0.797663 0.470108 0.050348 0.033203
0.596805 0.573454 0.047179 0.033617
0.502880 0.638567 0.045705 0.030993
0.882108 0.687186 0.062640 0.030271
0.700604 0.101611 0.051222 0.026717
0.409604 0.636499 0.051387 0.034906
0.902418 0.110724 0.054846 0.031233
0.218423 0.547678 0.048779 0.031274
0.781369 0.908732 0.046847 0.029180
0.124075 0.662195 0.058779 0.038616
0.701050 0.225107 0.053369 0.025087
0.138672 0.095125 0.050724 0.028505
0.604688 0.369994 0.044619 0.034287
0.693410 0.822418 0.041648 0.029278
0.702006 0.253624 0.050580 0.024342
0.219809 0.901933 0.055938 0.032581
0.232084 0.099536 0.051330 0.035418
0.315912 0.722542 0.043581 0.026896
0.792924 0.675168 0.050318 0.027422
0.789247 0.780960 0.046081 0.034106
0.692384 0.540173 0.051134 0.022261
0.504985 0.670338 0.052218 0.024546
0.878727 0.813407 0.051365 0.029628
0.691845 0.857674 0.040808 0.029453
0.514786 0.494081 0.053323 0.024846
0.126124 0.463087 0.043594 0.032479
0.597501 0.730107 0.051227 0.028726
0.693546 0.568799 0.044822 0.027880
0.795497 0.435284 0.049427 0.028055
0.137297 0.126943 0.040704 0.033005
0.219255 0.586789 0.049284 0.039545
0.509521 0.164902 0.041576 0.029502
0.409908 0.804951 0.045507 0.031526
0.608780 0.158767 0.046901 0.029537
0.788290 0.605932 0.046111 0.025022
0.317126 0.615715 0.040725 0.030696
0.324695 0.227124 0.041898 0.025848
0.328072 0.162847 0.052013 0.026774
0.504069 0.871652 0.059957 0.026591
0.224076 0.624678 0.053247 0.029310
0.410969 0.478964 0.040403 0.030448
0.696846 0.436975 0.048031 0.032832
0.515193 0.130690 0.051387 0.030166
0.410439 0.672655 0.048511 0.027210
0.507739 0.564951 0.050966 0.030388
0.780533 0.883054 0.049632 0.020746
0.904982 0.187879 0.053348 0.023000
0.317447 0.890935 0.058282 0.042803
0.312870 0.752601 0.046304 0.026291
0.318526 0.552839 0.055444 0.024948
0.884414 0.657059 0.053141 0.029724
0.320764 0.487267 0.056487 0.023959
0.695459 0.752998 0.037603 0.027655
0.607564 0.128049 0.061105 0.023143
0.322168 0.261998 0.042289 0.035851
0.604106 0.407259 0.046661 0.029287
0.411951 0.336449 0.039319 0.031409
0.235412 0.169599 0.048875 0.032058
0.502385 0.840511 0.044247 0.033892
0.410347 0.701409 0.043296 0.024486
0.515249 0.098121 0.052860 0.026451
0.416898 0.598581 0.055447 0.030720
0.601089 0.504566 0.055091 0.022604
0.596519 0.536717 0.048102 0.031225
0.413359 0.569201 0.054836 0.022468
0.880665 0.717514 0.047466 0.023944
0.604831 0.263423 0.040995 0.027032
0.606801 0.337034 0.044269 0.024891
0.405877 0.872085 0.038879 0.028112
0.695701 0.395999 0.047297 0.039052
0.799361 0.135942 0.043502 0.025096
0.221151 0.655896 0.049904 0.027559
0.229695 0.199664 0.045597 0.028331
0.217892 0.799872 0.043816 0.029304
0.322897 0.100458 0.054980 0.030772
0.514520 0.457015 0.041320 0.034762
0.126121 0.491722 0.041444 0.023707
0.900550 0.333594 0.040186 0.029229
0.134346 0.246381 0.044819 0.025165
0.416805 0.441648 0.050680 0.032491
0.225503 0.262245 0.041447 0.024336
0.789070 0.745221 0.040036 0.031172
0.605051 0.100498 0.046051 0.023237
0.593894 0.798103 0.036313 0.029287
0.593911 0.641563 0.043320 0.018212
0.690384 0.894234 0.045417 0.031684
0.596018 0.763353 0.036006 0.028729
0.795329 0.544081 0.036085 0.025933
0.599623 0.697229 0.047611 0.026031
0.597462 0.666868 0.036523 0.024392
0.133212 0.220760 0.047703 0.020590
0.420615 0.125405 0.050974 0.028193
0.118990 0.865748 0.048954 0.022239
0.596311 0.611380 0.035748 0.032456
0.800648 0.103954 0.050105 0.025191
0.407271 0.841477 0.038795 0.027696
0.697989 0.352242 0.040319 0.033363
0.877417 0.749025 0.049961 0.029892
0.501504 0.775091 0.043516 0.027261
0.598309 0.904065 0.033598 0.023594
0.502257 0.804556 0.032287 0.025389
0.420087 0.095255 0.037834 0.023365
0.405559 0.905330 0.037950 0.026194
0.596094 0.836313 0.042473 0.035447
0.890548 0.551351 0.050842 0.029110
0.881497 0.909846 0.037559 0.021942
0.877991 0.849869 0.043348 0.030066
0.732252 0.751892 0.020854 0.016140
