0.934744 0.228401 0.057055 0.032942
0.922057 0.736691 0.059808 0.037391
0.817490 0.786405 0.055578 0.037112
0.721912 0.697383 0.053936 0.036061
0.924984 0.924207 0.060691 0.034220
0.932201 0.304381 0.062687 0.042996
0.928123 0.890879 0.063295 0.031906
0.928603 0.070912 0.070644 0.042207
0.494409 0.802744 0.054313 0.039935
0.936544 0.346842 0.051803 0.035851
0.817958 0.864595 0.049277 0.031280
0.922967 0.697118 0.053076 0.039763
0.498315 0.432901 0.063213 0.045242
0.817068 0.108467 0.064890 0.036837
0.718411 0.777334 0.051986 0.034542
0.817620 0.900299 0.043778 0.037618
0.278339 0.786334 0.053753 0.041532
0.828155 0.383117 0.051713 0.040462
0.935369 0.192228 0.049028 0.036202
0.285708 0.068959 0.058726 0.040703
0.819196 0.304400 0.057786 0.040605
0.709526 0.242953 0.054238 0.037520
0.287455 0.328800 0.051703 0.043857
0.925775 0.778694 0.054528 0.041412
0.599949 0.629550 0.060347 0.045820
0.277944 0.863873 0.058184 0.040493
0.928220 0.586070 0.050368 0.041846
0.926267 0.662771 0.051070 0.028274
0.819256 0.934700 0.044495 0.032083
0.817858 0.828955 0.047419 0.039170
0.605387 0.580460 0.066931 0.047212
0.931340 0.508174 0.050631 0.043831
0.060088 0.820282 0.060863 0.044929
0.178472 0.659594 0.055669 0.039076
0.926905 0.819280 0.053742 0.033976
0.932765 0.263626 0.050541 0.037001
0.710898 0.060794 0.047281 0.034416
0.392130 0.107609 0.052460 0.042136
0.821268 0.027720 0.051693 0.044276
0.070217 0.118931 0.065384 0.041575
0.929660 0.959824 0.054626 0.036535
0.718043 0.661226 0.050010 0.032043
0.711478 0.159860 0.051625 0.035014
0.817974 0.591742 0.061780 0.042399
0.605153 0.737788 0.051020 0.034455
0.503197 0.518860 0.057994 0.038715
0.820066 0.070997 0.055628 0.040034
0.177736 0.832099 0.051545 0.036274
0.709723 0.285934 0.049852 0.047873
0.717512 0.872152 0.051894 0.032460
0.934088 0.384555 0.051405 0.030503
0.931825 0.116919 0.055543 0.044327
0.174419 0.743979 0.056029 0.041023
0.930558 0.159377 0.050988 0.032628
0.602780 0.065348 0.054819 0.041770
0.496960 0.721980 0.047149 0.036572
0.607263 0.106862 0.053974 0.038699
0.498226 0.846511 0.052488 0.042484
0.814918 0.543527 0.061725 0.047527
0.718487 0.737511 0.049401 0.040449
0.607511 0.197179 0.057204 0.040074
0.071592 0.432367 0.053962 0.045383
0.713931 0.837590 0.060269 0.030241
0.605763 0.353329 0.056143 0.040120
0.502301 0.958720 0.050490 0.039920
0.287310 0.109303 0.050165 0.039314
0.819711 0.190225 0.051599 0.033411
0.605859 0.811465 0.049693 0.033596
0.712194 0.549963 0.048859 0.037487
0.280338 0.825971 0.049907 0.035992
0.595307 0.024392 0.070048 0.040400
0.601257 0.151533 0.048604 0.045407
0.502282 0.595567 0.047881 0.040871
0.930579 0.464110 0.056066 0.034616
0.707816 0.201891 0.052045 0.047265
0.072729 0.516495 0.055175 0.037521
0.498382 0.762167 0.051325 0.037223
0.719422 0.466209 0.048647 0.040650
0.605583 0.774921 0.045570 0.037055
0.711161 0.023675 0.056891 0.032800
0.706234 0.905730 0.078132 0.040459
0.825185 0.344364 0.047503 0.037498
0.066993 0.194890 0.051468 0.038557
0.175625 0.869949 0.053927 0.036454
0.817195 0.150130 0.053351 0.041505
0.279050 0.452825 0.065109 0.046319
0.716751 0.809780 0.069069 0.025883
0.927819 0.627801 0.054947 0.035999
0.497513 0.477363 0.055395 0.041551
0.927580 0.424467 0.053081 0.042965
0.605488 0.705471 0.050077 0.030460
0.276950 0.547607 0.061118 0.049683
0.495721 0.064860 0.049412 0.043879
0.606744 0.432883 0.045778 0.040320
0.717860 0.623916 0.053203 0.041622
0.824909 0.262289 0.051900 0.041574
0.498397 0.886921 0.049115 0.033120
0.705792 0.097822 0.072098 0.039706
0.610879 0.843247 0.051121 0.031837
0.601157 0.671235 0.047917 0.034930
0.278415 0.597086 0.053251 0.046939
0.611664 0.913471 0.058703 0.035049
0.174258 0.702393 0.055001 0.044587
0.713250 0.328353 0.042833 0.034722
0.604494 0.394193 0.050746 0.038995
0.391678 0.066548 0.048099 0.039119
0.066265 0.744081 0.045906 0.038783
0.714522 0.941251 0.047090 0.032602
0.174947 0.944926 0.060132 0.030341
0.497881 0.105921 0.046581 0.040946
0.498595 0.556058 0.046521 0.034390
0.928905 0.026295 0.050403 0.042377
0.711699 0.587039 0.046182 0.035345
0.276408 0.499672 0.054253 0.045087
0.609466 0.878419 0.068534 0.035765
0.820450 0.632076 0.049925 0.037409
0.499447 0.389920 0.052635 0.035571
0.174198 0.619974 0.051160 0.039963
0.606496 0.237305 0.050460 0.032250
0.497454 0.633406 0.052766 0.030876
0.504115 0.320213 0.054454 0.044172
0.276669 0.745374 0.045992 0.039292
0.929623 0.855500 0.048681 0.036391
0.823566 0.464765 0.046308 0.038758
0.285600 0.281799 0.062031 0.046715
0.070642 0.355751 0.054397 0.036199
0.174682 0.788392 0.055212 0.045186
0.817798 0.708383 0.048126 0.045139
0.818091 0.666125 0.051309 0.033468
0.499270 0.270729 0.055159 0.048677
0.286538 0.238125 0.056287 0.040326
0.498518 0.921664 0.043000 0.034173
0.066039 0.664263 0.048688 0.038953
0.066948 0.321596 0.047907 0.034986
0.285347 0.407489 0.056351 0.042257
0.072781 0.961329 0.058388 0.035539
0.064643 0.156853 0.050827 0.037818
0.601888 0.315848 0.048348 0.037179
0.176391 0.908770 0.048360 0.041745
0.282191 0.198040 0.052096 0.039794
0.386629 0.179823 0.061700 0.037055
0.615596 0.976035 0.071078 0.032910
0.064835 0.284958 0.045624 0.042774
0.276319 0.153331 0.069526 0.045860
0.501096 0.227612 0.049516 0.036055
0.388797 0.146236 0.045427 0.033147
0.602535 0.276834 0.056037 0.043465
0.065992 0.780323 0.048136 0.034586
0.498273 0.023413 0.045010 0.033915
0.495357 0.187327 0.050898 0.043598
0.281013 0.669805 0.046717 0.035123
0.071448 0.392822 0.046932 0.035060
0.067580 0.705849 0.049981 0.036990
0.065915 0.921865 0.050985 0.038611
0.932171 0.548214 0.058177 0.031501
0.604158 0.504237 0.057391 0.036851
0.275938 0.904732 0.058843 0.041380
0.714185 0.511429 0.050635 0.042272
0.493243 0.147362 0.048478 0.040125
0.717440 0.389703 0.045289 0.031747
0.826710 0.424629 0.043297 0.040295
0.280362 0.705387 0.048710 0.034132
0.820682 0.967295 0.045518 0.034360
0.719544 0.973457 0.056330 0.035606
0.717808 0.360751 0.039066 0.026684
0.822188 0.502144 0.043848 0.029724
0.287056 0.370106 0.052502 0.037378
0.386243 0.215761 0.062358 0.034325
0.170628 0.192069 0.051365 0.042114
0.173992 0.459284 0.054380 0.047793
0.609072 0.946156 0.067831 0.031077
0.174113 0.538200 0.054354 0.038425
0.075556 0.554263 0.052045 0.037812
0.608363 0.538466 0.049581 0.030820
0.170092 0.284096 0.055906 0.041373
0.502088 0.359467 0.042696 0.027341
0.605244 0.470221 0.042340 0.032295
0.064641 0.238669 0.044922 0.041559
0.175663 0.577075 0.055865 0.041817
0.071253 0.475278 0.058927 0.042238
0.277733 0.636668 0.049756 0.032552
0.172918 0.415111 0.051823 0.043089
0.171608 0.324923 0.055737 0.040312
0.717042 0.425403 0.053134 0.039065
0.166965 0.368702 0.058919 0.048922
0.173809 0.067231 0.048324 0.040333
0.393870 0.024365 0.046302 0.037965
0.714766 0.129609 0.050655 0.022366
0.821651 0.750082 0.064484 0.031912
0.173859 0.025528 0.049109 0.039709
0.174325 0.146629 0.050196 0.044356
0.066857 0.626562 0.036427 0.034363
0.820282 0.226055 0.046744 0.032631
0.069880 0.590068 0.043117 0.037922
0.280279 0.975115 0.049971 0.027024
0.279129 0.942003 0.047088 0.037476
0.069277 0.027409 0.050385 0.042000
0.071926 0.069298 0.044717 0.045374
0.173146 0.236455 0.042414 0.045902
0.500056 0.672833 0.049809 0.048425
0.175983 0.973921 0.045415 0.028904
0.283693 0.025655 0.051471 0.041360
0.176035 0.104593 0.046322 0.037869
0.067019 0.871119 0.053999 0.054904
0.178576 0.499859 0.060299 0.034121
