0.179004 0.276351 0.062266 0.042738
0.065980 0.154676 0.066935 0.039330
0.396191 0.495693 0.067115 0.043121
0.066740 0.572266 0.057796 0.041361
0.616207 0.264835 0.056718 0.037465
0.614436 0.308599 0.065661 0.043467
0.931420 0.390151 0.058495 0.042167
0.724874 0.351819 0.066320 0.040256
0.290719 0.403923 0.063936 0.050371
0.725189 0.104244 0.061587 0.038164
0.821930 0.789651 0.070581 0.040042
0.175343 0.765489 0.051176 0.032421
0.391779 0.537821 0.071156 0.038937
0.178073 0.575358 0.060860 0.034770
0.927163 0.102449 0.071352 0.031577
0.396731 0.579229 0.058084 0.041150
0.292645 0.226271 0.076470 0.039868
0.931840 0.539009 0.067033 0.039580
0.288008 0.739543 0.057212 0.041886
0.398715 0.375349 0.060396 0.039261
0.928832 0.273696 0.058106 0.030762
0.724762 0.172537 0.062945 0.032495
0.933249 0.760344 0.054739 0.035092
0.398844 0.211816 0.072150 0.035630
0.615209 0.147979 0.057505 0.033629
0.293790 0.577448 0.071946 0.042666
0.932421 0.238543 0.063225 0.035607
0.927457 0.137662 0.074598 0.037003
0.401266 0.658369 0.068003 0.038864
0.825897 0.242158 0.069937 0.038205
0.173919 0.725495 0.059352 0.039267
0.503492 0.243841 0.071521 0.044720
0.182248 0.469391 0.064738 0.042875
0.494435 0.776926 0.071624 0.043802
0.619074 0.186136 0.068421 0.041917
0.496913 0.930852 0.065077 0.036894
0.289323 0.310635 0.061080 0.045510
0.178122 0.075082 0.063394 0.039809
0.403664 0.249348 0.066569 0.034573
0.174856 0.654951 0.054407 0.039103
0.821485 0.749835 0.080708 0.037782
0.288045 0.698082 0.061811 0.038052
0.178778 0.155672 0.058850 0.034493
0.496442 0.733070 0.070719 0.043953
0.182294 0.428023 0.060022 0.036102
0.505702 0.195797 0.076540 0.045714
0.933882 0.797763 0.053452 0.036494
0.394809 0.081292 0.067941 0.046663
0.286545 0.779029 0.054749 0.035844
0.286005 0.865637 0.067532 0.035134
0.290428 0.536367 0.072957 0.037753
0.824156 0.639293 0.077270 0.035580
0.291961 0.952216 0.063996 0.045333
0.935314 0.312364 0.059067 0.042557
0.823065 0.281080 0.070609 0.038961
0.398353 0.416508 0.070861 0.038264
0.726691 0.426118 0.076025 0.041021
0.830832 0.907708 0.061077 0.038565
0.501284 0.608529 0.054964 0.038550
0.069196 0.311578 0.052072 0.033097
0.401308 0.789529 0.072704 0.040799
0.058155 0.197994 0.052297 0.038584
0.826687 0.201311 0.057109 0.036655
0.502067 0.110191 0.062643 0.037392
0.394860 0.748390 0.067599 0.039556
0.606935 0.527062 0.066656 0.033171
0.181905 0.195005 0.062753 0.035571
0.182715 0.317891 0.058721 0.033807
0.604800 0.613058 0.070253 0.039367
0.396432 0.619140 0.057591 0.038194
0.727355 0.243181 0.073327 0.036249
0.290071 0.657986 0.053369 0.038744
0.931241 0.725533 0.057878 0.031052
0.718894 0.582141 0.069146 0.043281
0.069810 0.449264 0.054881 0.038807
0.182069 0.117629 0.053840 0.038778
0.287382 0.904744 0.062649 0.037596
0.934682 0.866485 0.063512 0.034081
0.068673 0.613705 0.057097 0.034810
0.937099 0.832935 0.065882 0.032293
0.718271 0.871852 0.060504 0.035610
0.826532 0.102316 0.073768 0.031700
0.824469 0.562141 0.064593 0.044379
0.175264 0.390168 0.063423 0.032473
0.065999 0.273096 0.062605 0.038079
0.394182 0.912371 0.060293 0.033073
0.389699 0.869696 0.065193 0.042204
0.616782 0.355588 0.077621 0.044941
0.604847 0.907831 0.065036 0.041462
0.064761 0.113384 0.052722 0.036292
0.727324 0.206442 0.067859 0.035801
0.709718 0.708844 0.077345 0.042405
0.829609 0.316934 0.072189 0.030746
0.497269 0.893884 0.065209 0.034683
0.821743 0.713161 0.054625 0.030210
0.613241 0.112357 0.055539 0.034463
0.822316 0.445680 0.078804 0.046209
0.075519 0.951104 0.061695 0.045604
0.932746 0.904908 0.055798 0.042554
0.925392 0.202307 0.053384 0.033274
0.611926 0.682885 0.063453 0.031526
0.291763 0.494908 0.061361 0.041761
0.400569 0.285360 0.059149 0.036000
0.284702 0.073182 0.065969 0.031661
0.933098 0.461513 0.059355 0.037862
0.067906 0.745287 0.052084 0.038975
0.077444 0.905252 0.055964 0.039779
0.830911 0.866434 0.063579 0.041377
0.066726 0.699473 0.053804 0.042813
0.611872 0.073073 0.049983 0.039193
0.715996 0.664260 0.050330 0.041682
0.820126 0.134587 0.066202 0.030256
0.069728 0.655931 0.056173 0.035057
0.721790 0.468870 0.069128 0.039568
0.935853 0.498766 0.053409 0.037058
0.722710 0.062916 0.065485 0.042342
0.396643 0.330470 0.056158 0.042625
0.177031 0.689945 0.059153 0.028417
0.722740 0.139325 0.060339 0.030187
0.825332 0.676949 0.061983 0.038745
0.065371 0.492814 0.051535 0.042455
0.933206 0.352271 0.061400 0.033016
0.826049 0.488509 0.077380 0.038772
0.062877 0.378177 0.050590 0.032909
0.064936 0.073892 0.052599 0.036084
0.504970 0.442100 0.068182 0.035667
0.289739 0.356790 0.066039 0.040078
0.822757 0.357844 0.061163 0.046046
0.396743 0.702934 0.049619 0.043829
0.506218 0.282667 0.062886 0.032800
0.501573 0.066938 0.063748 0.046943
0.827396 0.601229 0.058784 0.033548
0.294043 0.184056 0.057629 0.035834
0.178750 0.798787 0.050982 0.032586
0.825984 0.402420 0.053980 0.038613
0.502820 0.569705 0.053552 0.036864
0.715853 0.622801 0.054631 0.036096
0.067322 0.345891 0.054032 0.026622
0.723223 0.389977 0.065048 0.031475
0.065355 0.533972 0.052183 0.027437
0.611575 0.438745 0.058307 0.037825
0.824135 0.165628 0.076511 0.029486
0.609073 0.031295 0.065994 0.038272
0.286874 0.449535 0.054561 0.037675
0.499166 0.354742 0.049066 0.041195
0.501248 0.853136 0.061450 0.039647
0.071203 0.787061 0.060972 0.042232
0.933698 0.691607 0.048776 0.032640
0.714504 0.786473 0.065693 0.044243
0.497192 0.968994 0.065389 0.038305
0.717765 0.314259 0.049268 0.033064
0.289179 0.618103 0.050075 0.039545
0.291820 0.266426 0.070476 0.039002
0.931290 0.172429 0.063977 0.027085
0.720614 0.278017 0.057066 0.030658
0.395841 0.168696 0.061876 0.047827
0.282305 0.823214 0.068348 0.044209
0.717201 0.831325 0.055339 0.041580
0.607400 0.567778 0.057327 0.043913
0.712533 0.538760 0.066052 0.040376
0.073662 0.863764 0.050325 0.040282
0.720405 0.913726 0.057431 0.043548
0.930867 0.583143 0.055002 0.044418
0.187016 0.871784 0.065807 0.026773
0.189474 0.964454 0.060117 0.036191
0.182292 0.354399 0.052747 0.030347
0.603943 0.869608 0.067324 0.030948
0.604477 0.483214 0.058188 0.047904
0.182718 0.616754 0.055865 0.039600
0.715768 0.746764 0.061444 0.030384
0.606514 0.722366 0.062046 0.046029
0.827558 0.827995 0.081876 0.032221
0.934035 0.659381 0.051183 0.032596
0.925813 0.034269 0.082030 0.041346
0.601119 0.802911 0.057791 0.039416
0.496832 0.818397 0.060542 0.029181
0.289220 0.106164 0.066900 0.034015
0.933614 0.623867 0.078503 0.036170
0.499268 0.690068 0.055016 0.034848
0.827146 0.943187 0.057387 0.030279
0.605262 0.765766 0.076590 0.039817
0.499077 0.651489 0.062796 0.043208
0.066648 0.413719 0.050543 0.025320
0.941813 0.429184 0.065709 0.030834
0.824592 0.068165 0.055776 0.032568
0.173219 0.033554 0.074011 0.036301
0.394989 0.827969 0.065498 0.036329
0.821761 0.032112 0.065715 0.040816
0.074601 0.825583 0.058117 0.035279
0.291382 0.146621 0.047681 0.037520
0.501905 0.316459 0.050734 0.035249
0.063882 0.235795 0.053025 0.031994
0.508652 0.528904 0.070755 0.042234
0.183874 0.541100 0.043627 0.031810
0.720449 0.960928 0.058428 0.048449
0.395493 0.956071 0.056308 0.054548
0.401348 0.455211 0.073667 0.028924
0.823228 0.522685 0.082583 0.030206
0.180598 0.835879 0.044707 0.040169
0.929423 0.071158 0.067004 0.026518
0.605067 0.649257 0.065355 0.029180
0.724622 0.503351 0.077176 0.028864
0.606812 0.839096 0.067762 0.028286
0.284633 0.034431 0.053767 0.036176
0.390694 0.035559 0.072612 0.037870
0.833890 0.975939 0.071566 0.033098
0.183543 0.509926 0.044275 0.028386
0.502224 0.484961 0.069307 0.044687
0.715382 0.025250 0.064229 0.029184
0.611393 0.225350 0.069831 0.037200
0.498416 0.027788 0.061005 0.027773
0.609005 0.948265 0.062042 0.040965
0.391024 0.123533 0.053950 0.031443
0.932572 0.945562 0.053647 0.034768
0.609798 0.399405 0.065034 0.038639
0.183042 0.929390 0.049171 0.031337
0.182506 0.233110 0.083167 0.033672
0.191879 0.902054 0.071280 0.022920
0.501113 0.400055 0.064650 0.042292
0.498007 0.149603 0.086262 0.040307
0.060331 0.035199 0.047248 0.029927
0.617399 0.979189 0.079953 0.023347
0.939357 0.975311 0.067484 0.027850
