0.704747 0.752110 0.071493 0.041056
0.485668 0.593343 0.063232 0.041293
0.591303 0.307002 0.065397 0.039890
0.276308 0.204972 0.068160 0.046929
0.927227 0.760187 0.054730 0.042541
0.825417 0.275306 0.081661 0.044895
0.929047 0.672606 0.051154 0.039573
0.928918 0.213327 0.057351 0.038770
0.929094 0.870588 0.053272 0.028620
0.819401 0.693535 0.051571 0.035697
0.378854 0.099643 0.056747 0.035443
0.274366 0.155306 0.069160 0.050514
0.813241 0.815395 0.058596 0.031661
0.819714 0.732562 0.056115 0.038569
0.376435 0.548142 0.057689 0.042301
0.473826 0.853761 0.059262 0.036994
0.931462 0.944267 0.054262 0.031130
0.701932 0.671266 0.052471 0.041021
0.580225 0.930788 0.060114 0.037679
0.701617 0.886695 0.050735 0.035534
0.172708 0.515712 0.058798 0.043975
0.482594 0.481952 0.057763 0.035925
0.815221 0.477491 0.058219 0.035815
0.172833 0.863125 0.060205 0.038092
0.702996 0.710669 0.057996 0.037829
0.072621 0.190497 0.054519 0.039603
0.163607 0.141356 0.065341 0.038594
0.929250 0.360045 0.072123 0.039143
0.582235 0.967149 0.054904 0.034539
0.480171 0.442786 0.059097 0.036321
0.579682 0.893131 0.049275 0.038748
0.700807 0.922246 0.051070 0.032927
0.588614 0.624563 0.059247 0.049995
0.479295 0.253762 0.065970 0.028260
0.474305 0.813209 0.053337 0.040669
0.829189 0.232718 0.069073 0.039081
0.824270 0.189374 0.065083 0.046775
0.479285 0.677660 0.063383 0.044039
0.806716 0.920291 0.060453 0.032528
0.485738 0.552968 0.053959 0.035539
0.595987 0.346914 0.056077 0.034028
0.717376 0.155784 0.057384 0.039591
0.377284 0.174854 0.059008 0.045295
0.380401 0.024907 0.063854 0.037766
0.373360 0.681257 0.077910 0.038554
0.929468 0.975162 0.055868 0.029468
0.929299 0.252916 0.051133 0.039089
0.470497 0.891129 0.052918 0.033042
0.374478 0.220196 0.056462 0.041268
0.583080 0.551578 0.052269 0.035985
0.704502 0.851093 0.063337 0.034811
0.275466 0.108658 0.055381 0.041199
0.378535 0.134330 0.058345 0.032696
0.267058 0.250532 0.068867 0.039028
0.376095 0.506136 0.052408 0.036401
0.824733 0.319976 0.055161 0.037862
0.163245 0.102790 0.049057 0.038354
0.932571 0.427853 0.064234 0.037959
0.714975 0.074251 0.055281 0.039466
0.818424 0.618662 0.045986 0.042747
0.165192 0.065022 0.050886 0.032629
0.713219 0.195795 0.051755 0.034743
0.478524 0.404885 0.052392 0.035701
0.706659 0.628012 0.056453 0.039389
0.704490 0.447213 0.060665 0.033094
0.598013 0.071711 0.059215 0.030507
0.483138 0.179207 0.058234 0.035296
0.477203 0.769295 0.054107 0.042661
0.813009 0.777867 0.050926 0.042643
0.810943 0.884732 0.056558 0.036745
0.827121 0.144884 0.057656 0.038742
0.078212 0.895847 0.057558 0.037611
0.168200 0.466722 0.069524 0.047354
0.819811 0.436820 0.057286 0.040850
0.933725 0.129726 0.052588 0.036180
0.579540 0.811032 0.051193 0.037809
0.589642 0.703245 0.052688 0.040881
0.371499 0.803037 0.051930 0.034352
0.482210 0.289125 0.056662 0.038595
0.705165 0.588248 0.054231 0.036413
0.933655 0.321791 0.048148 0.037201
0.704302 0.515410 0.059986 0.036270
0.378266 0.471449 0.051626 0.036175
0.481995 0.218259 0.047871 0.035178
0.067607 0.567321 0.059249 0.041325
0.482706 0.635597 0.053806 0.036056
0.268290 0.416175 0.053935 0.043079
0.818485 0.658154 0.052817 0.028663
0.714221 0.233897 0.056071 0.039280
0.375871 0.264251 0.055457 0.042137
0.081592 0.933229 0.053115 0.034748
0.478041 0.327931 0.048443 0.035322
0.821321 0.514523 0.052966 0.035300
0.928342 0.840454 0.042133 0.029028
0.470282 0.923851 0.051358 0.031979
0.375474 0.640983 0.057123 0.037220
0.821804 0.398390 0.055244 0.033881
0.702657 0.959120 0.056553 0.040944
0.378627 0.433301 0.051222 0.040742
0.833710 0.072813 0.057273 0.037649
0.476078 0.725179 0.050416 0.046616
0.270042 0.370443 0.052937 0.040653
0.068331 0.653140 0.056184 0.048752
0.930537 0.716779 0.049825 0.038720
0.930952 0.529798 0.047752 0.035195
0.826498 0.108639 0.053423 0.032487
0.075856 0.858980 0.053063 0.037002
0.479283 0.366949 0.047926 0.038444
0.809779 0.955632 0.048980 0.036260
0.930352 0.171950 0.044632 0.039412
0.178020 0.902238 0.055903 0.036781
0.818261 0.583991 0.048145 0.026408
0.592513 0.381813 0.050458 0.033611
0.077574 0.778751 0.057739 0.032445
0.712776 0.278583 0.065674 0.047895
0.071642 0.228173 0.049514 0.033352
0.170420 0.424623 0.067069 0.036004
0.715037 0.114818 0.057712 0.043678
0.067429 0.609101 0.055260 0.037639
0.589913 0.666819 0.051785 0.029715
0.711137 0.322676 0.053602 0.031069
0.074010 0.156204 0.051690 0.029188
0.925518 0.631389 0.046724 0.037405
0.275841 0.066086 0.049759 0.044700
0.699209 0.481596 0.055045 0.032574
0.593733 0.036049 0.065759 0.037469
0.593580 0.142232 0.066320 0.040854
0.371629 0.724259 0.055438 0.045701
0.484765 0.074476 0.052592 0.040490
0.069139 0.527810 0.056095 0.037601
0.258319 0.764467 0.062028 0.038067
0.931098 0.498250 0.047126 0.029288
0.585710 0.584993 0.053039 0.028661
0.704248 0.550970 0.056031 0.034234
0.479226 0.145764 0.047414 0.033010
0.934638 0.395894 0.057589 0.026062
0.383516 0.062529 0.046150 0.034528
0.714160 0.036605 0.055961 0.036228
0.265640 0.293182 0.059779 0.041679
0.175155 0.827872 0.046976 0.029044
0.262120 0.863217 0.054477 0.029234
0.822264 0.360764 0.048741 0.041589
0.169496 0.386208 0.055466 0.040929
0.487110 0.517242 0.045242 0.032554
0.369165 0.880438 0.055683 0.039458
0.073313 0.700041 0.049411 0.043476
0.591525 0.420991 0.048186 0.040206
0.817730 0.849745 0.049961 0.030131
0.592146 0.182766 0.051854 0.041752
0.585240 0.513109 0.048503 0.036830
0.925675 0.805693 0.049028 0.036639
0.930647 0.465398 0.046604 0.033341
0.925563 0.568336 0.049556 0.039309
0.088547 0.965632 0.057992 0.033626
0.580884 0.851771 0.047850 0.038426
0.366347 0.765265 0.059477 0.035940
0.067423 0.068209 0.052828 0.038963
0.704434 0.401457 0.052231 0.048054
0.706838 0.790645 0.060238 0.027500
0.591831 0.229716 0.044611 0.045350
0.828077 0.036061 0.061254 0.033603
0.931152 0.288328 0.043725 0.029815
0.076706 0.815938 0.058893 0.041340
0.927497 0.904098 0.043539 0.037734
0.065815 0.028011 0.048906 0.037380
0.596843 0.266963 0.047502 0.027712
0.586502 0.467178 0.048559 0.048023
0.268418 0.584749 0.045008 0.036805
0.818062 0.550786 0.067799 0.033636
0.365882 0.841118 0.045901 0.036448
0.268066 0.693671 0.053294 0.039905
0.705781 0.357604 0.053509 0.036623
0.925830 0.599504 0.050405 0.026416
0.269139 0.659014 0.050113 0.032328
0.593578 0.106000 0.055336 0.036879
0.074664 0.262875 0.042712 0.039736
0.268106 0.624756 0.047024 0.034488
0.268828 0.330899 0.048065 0.037196
0.267849 0.463207 0.049846 0.049170
0.374769 0.393880 0.056923 0.041329
0.580328 0.772727 0.048960 0.030749
0.707476 0.819364 0.048629 0.024291
0.935138 0.088086 0.045188 0.044292
0.170171 0.188683 0.046896 0.045840
0.377163 0.309184 0.044658 0.042415
0.075810 0.739886 0.043618 0.037263
0.370421 0.918711 0.054025 0.041377
0.265781 0.729579 0.047085 0.029946
0.068944 0.491068 0.059090 0.038095
0.165199 0.306292 0.051346 0.038264
0.262680 0.830059 0.047170 0.029957
0.479778 0.030742 0.045790 0.043547
0.935429 0.041042 0.054140 0.043716
0.267533 0.895535 0.049469 0.029176
0.073809 0.306667 0.046393 0.044822
0.377346 0.351125 0.046694 0.037484
0.275790 0.955424 0.059545 0.040754
0.380042 0.594072 0.054331 0.048004
0.269847 0.543927 0.044889 0.037492
0.171421 0.269654 0.052685 0.036758
0.262542 0.922795 0.063305 0.027013
0.481751 0.111997 0.041687 0.032847
0.168813 0.345269 0.046851 0.038187
0.260777 0.798846 0.043067 0.031911
0.171491 0.232104 0.041548 0.033734
0.270705 0.027072 0.048764 0.030069
0.074407 0.400771 0.048354 0.039127
0.180027 0.937036 0.041785 0.031323
0.267851 0.509674 0.050251 0.035880
0.175340 0.593829 0.049333 0.043739
0.171117 0.556631 0.046449 0.029301
0.074215 0.355752 0.047322 0.038700
0.581268 0.742322 0.039400 0.031815
0.171739 0.639872 0.053349 0.044627
0.473213 0.955419 0.051773 0.024481
0.171739 0.798183 0.039076 0.027618
0.168761 0.028996 0.041452 0.035106
0.167333 0.724034 0.049878 0.041239
0.173151 0.766433 0.039477 0.031625
0.183030 0.964807 0.043506 0.022360
0.168544 0.681595 0.045735 0.035398
0.071917 0.108563 0.045598 0.039758
0.075744 0.452235 0.038275 0.033194
0.373097 0.957625 0.045197 0.031356
