0.715326 0.908600 0.061443 0.034779
0.069607 0.248171 0.062637 0.035932
0.930681 0.797004 0.056050 0.036187
0.930861 0.904421 0.054528 0.031956
0.825535 0.446490 0.055251 0.037852
0.716157 0.872366 0.054037 0.032413
0.826364 0.367746 0.054401 0.037736
0.826623 0.718500 0.057106 0.033337
0.280959 0.685518 0.061869 0.035668
0.824444 0.406069 0.056968 0.039326
0.823558 0.679477 0.052767 0.040940
0.072553 0.354665 0.063732 0.038589
0.503589 0.167783 0.071115 0.038125
0.603363 0.528379 0.060862 0.040854
0.827892 0.327810 0.047944 0.036631
0.289225 0.279225 0.067705 0.034941
0.073218 0.209676 0.060708 0.038134
0.711252 0.527484 0.054099 0.043558
0.388436 0.737090 0.067707 0.038754
0.826390 0.555725 0.060741 0.046507
0.939304 0.680831 0.049288 0.036622
0.166899 0.720119 0.068578 0.042295
0.495471 0.248647 0.058976 0.041239
0.069249 0.477006 0.059972 0.048361
0.282440 0.650043 0.065814 0.036112
0.072785 0.287146 0.055962 0.038385
0.716014 0.834689 0.050748 0.039493
0.715574 0.259900 0.063285 0.034530
0.170950 0.796515 0.056280 0.040511
0.286863 0.242906 0.053527 0.034229
0.935891 0.834955 0.050140 0.035087
0.495063 0.498051 0.049306 0.031792
0.390370 0.279476 0.053691 0.033324
0.284055 0.480015 0.051221 0.036252
0.835265 0.134471 0.055998 0.034843
0.067551 0.560895 0.071016 0.038815
0.069862 0.398699 0.059109 0.046012
0.182544 0.338400 0.070198 0.034074
0.186645 0.183362 0.055403 0.040177
0.287150 0.316299 0.054363 0.034858
0.284061 0.521231 0.054232 0.043365
0.936183 0.418613 0.057592 0.039044
0.932176 0.494853 0.060355 0.044963
0.710692 0.977718 0.054241 0.031718
0.592481 0.945617 0.053135 0.031979
0.715012 0.566790 0.058157 0.034585
0.932925 0.868629 0.043571 0.035556
0.828477 0.265185 0.045493 0.029012
0.715663 0.484829 0.050622 0.041104
0.183834 0.301259 0.054098 0.038882
0.384935 0.821186 0.054533 0.041343
0.274674 0.754779 0.059111 0.041706
0.282629 0.400606 0.056814 0.045999
0.718073 0.943492 0.048796 0.034997
0.713027 0.675839 0.048116 0.038099
0.280013 0.609163 0.052296 0.042728
0.382503 0.777402 0.052415 0.039935
0.935628 0.607711 0.046341 0.035863
0.937984 0.759434 0.052205 0.038232
0.935394 0.720328 0.049377 0.040274
0.714970 0.411729 0.055527 0.043714
0.601571 0.570178 0.084599 0.038859
0.715125 0.792229 0.058680 0.042854
0.171482 0.759421 0.048815 0.032484
0.167951 0.875567 0.068646 0.044274
0.610657 0.416221 0.063841 0.037085
0.936292 0.643008 0.044883 0.034334
0.498045 0.290750 0.059322 0.043383
0.708516 0.711519 0.060132 0.032228
0.718844 0.370665 0.059328 0.034547
0.282181 0.441721 0.052235 0.036438
0.935215 0.453754 0.059313 0.035612
0.184445 0.140821 0.052164 0.042306
0.511405 0.061459 0.060089 0.042592
0.500760 0.206890 0.060213 0.040485
0.933846 0.536005 0.062223 0.036811
0.826051 0.513412 0.061594 0.035684
0.596607 0.807953 0.053325 0.038870
0.485165 0.891766 0.051487 0.033323
0.606907 0.485679 0.054401 0.040950
0.174545 0.834959 0.055432 0.037804
0.599115 0.768751 0.053686 0.040555
0.391009 0.497965 0.058590 0.035473
0.497872 0.330648 0.054891 0.040129
0.934364 0.115975 0.056439 0.044470
0.590780 0.975926 0.051440 0.028257
0.498354 0.535520 0.055550 0.038837
0.074019 0.829252 0.054151 0.034164
0.072203 0.758094 0.055289 0.036701
0.494964 0.368160 0.061610 0.034088
0.282945 0.355567 0.059045 0.043514
0.393756 0.354261 0.046952 0.037763
0.499800 0.464244 0.056486 0.036454
0.279548 0.566502 0.052338 0.040237
0.488168 0.706363 0.061647 0.044365
0.595950 0.727354 0.059453 0.039523
0.604733 0.381058 0.065402 0.031879
0.821522 0.758763 0.066180 0.042331
0.936004 0.264854 0.050379 0.032271
0.379520 0.859950 0.065252 0.036422
0.936722 0.572463 0.044724 0.032156
0.513103 0.024187 0.052037 0.033257
0.487537 0.857420 0.047743 0.034964
0.390502 0.461777 0.044693 0.033758
0.829848 0.230926 0.045517 0.034416
0.719072 0.108181 0.058795 0.032639
0.506043 0.130407 0.049907 0.034600
0.827244 0.801576 0.055091 0.034999
0.720308 0.073306 0.051956 0.035861
0.833672 0.097768 0.049141 0.035560
0.830562 0.481823 0.058502 0.030453
0.825416 0.637598 0.054994 0.038104
0.379161 0.934682 0.057572 0.035978
0.184026 0.221327 0.049398 0.036479
0.597145 0.606216 0.057841 0.031523
0.294270 0.130070 0.059108 0.032953
0.074622 0.103842 0.062571 0.032721
0.074948 0.066828 0.067613 0.040555
0.376124 0.898238 0.066853 0.039303
0.712186 0.605524 0.045466 0.042177
0.176450 0.065474 0.054107 0.041723
0.594048 0.881737 0.056724 0.033123
0.936600 0.187825 0.070034 0.047010
0.938089 0.337926 0.053642 0.033845
0.288155 0.064620 0.055562 0.034635
0.387300 0.702138 0.054556 0.033295
0.825636 0.945250 0.054619 0.027708
0.064632 0.641164 0.052460 0.036556
0.489073 0.924704 0.050273 0.033265
0.595385 0.644618 0.059130 0.041825
0.488190 0.815824 0.053734 0.041166
0.181283 0.417062 0.079101 0.038375
0.064707 0.599809 0.055797 0.037621
0.174086 0.597829 0.050191 0.039839
0.829430 0.167358 0.045272 0.032346
0.594868 0.844835 0.055665 0.037308
0.607992 0.449752 0.048218 0.033490
0.389192 0.665591 0.045207 0.042507
0.827246 0.908874 0.047223 0.042377
0.392087 0.316047 0.044814 0.034913
0.937208 0.229428 0.041431 0.031415
0.396144 0.392309 0.058454 0.038909
0.937547 0.073808 0.058259 0.040408
0.929628 0.934996 0.043458 0.029222
0.940015 0.030378 0.060859 0.047413
0.392416 0.246268 0.051253 0.034718
0.378763 0.971657 0.061152 0.039857
0.830898 0.294300 0.047504 0.027323
0.509893 0.097865 0.049593 0.032008
0.719397 0.295404 0.052237 0.036896
0.822722 0.597509 0.045446 0.034416
0.066317 0.676623 0.046212 0.037915
0.613092 0.286546 0.053111 0.044891
0.615875 0.158648 0.053494 0.049257
0.172602 0.637700 0.052625 0.040746
0.070247 0.521101 0.054973 0.035667
0.595919 0.686726 0.051456 0.039225
0.178849 0.103353 0.052801 0.032474
0.712523 0.749207 0.056095 0.041771
0.078284 0.027222 0.055516 0.037616
0.715716 0.641283 0.050467 0.027257
0.276019 0.836987 0.046465 0.040002
0.589183 0.914767 0.069556 0.024307
0.487607 0.659759 0.063165 0.044641
0.828197 0.198610 0.041350 0.026617
0.715795 0.448905 0.049121 0.029062
0.832240 0.061466 0.050980 0.036752
0.828341 0.869313 0.043557 0.032612
0.296102 0.164142 0.056310 0.039687
0.065866 0.864314 0.052055 0.035890
0.072328 0.794998 0.045126 0.033266
0.490815 0.618542 0.057526 0.040735
0.283446 0.719009 0.048891 0.032450
0.064363 0.940234 0.044854 0.040463
0.618761 0.112640 0.045437 0.038152
0.277471 0.796485 0.045310 0.036384
0.825443 0.973034 0.051453 0.030347
0.174211 0.678321 0.042315 0.035447
0.172492 0.917975 0.049016 0.037299
0.932607 0.964934 0.053691 0.033247
0.177680 0.376440 0.050335 0.039764
0.268220 0.958461 0.050048 0.035078
0.494539 0.576683 0.048063 0.043177
0.173498 0.527060 0.061457 0.042200
0.288983 0.098626 0.047540 0.033133
0.387234 0.539858 0.050181 0.043062
0.485201 0.965172 0.047443 0.040929
0.620060 0.351754 0.056789 0.024885
0.067882 0.717771 0.053291 0.044889
0.395220 0.064854 0.049306 0.037293
0.073709 0.319549 0.048793 0.028046
0.181135 0.261218 0.054177 0.039873
0.716387 0.146393 0.067945 0.044330
0.617303 0.325118 0.062786 0.029127
0.833035 0.025198 0.052493 0.038569
0.074112 0.170223 0.049068 0.037677
0.072486 0.438448 0.061202 0.029014
0.392085 0.098966 0.050265 0.032718
0.177582 0.486345 0.050979 0.039598
0.290573 0.204692 0.048299 0.040544
0.615283 0.211798 0.057984 0.044032
0.615557 0.249005 0.050833 0.026707
0.388619 0.623999 0.049305 0.039814
0.388837 0.581238 0.042863 0.039165
0.391855 0.137108 0.049347 0.042224
0.727994 0.029273 0.055095 0.048146
0.074781 0.136262 0.046375 0.032321
0.935589 0.299630 0.038907 0.037728
0.289256 0.026833 0.049141 0.037474
0.396517 0.025303 0.048835 0.036696
0.268134 0.879949 0.066455 0.039549
0.488239 0.779063 0.039223 0.033608
0.070150 0.974268 0.049293 0.027418
0.179418 0.954799 0.048703 0.034131
0.181709 0.024033 0.042867 0.035371
0.065387 0.900037 0.052097 0.038298
0.393364 0.425308 0.043761 0.032161
0.177928 0.451530 0.043088 0.029574
0.491312 0.745757 0.046382 0.035332
0.495189 0.402768 0.052474 0.035017
0.716064 0.192481 0.047756 0.044532
0.937677 0.150486 0.050372 0.024812
0.620978 0.031802 0.060615 0.050225
0.828327 0.835674 0.037422 0.029580
0.620439 0.075015 0.046961 0.035047
0.716872 0.340068 0.052006 0.027267
0.390725 0.179387 0.040461 0.034456
0.717175 0.227498 0.040715 0.024005
0.390774 0.214272 0.038549 0.029857
0.173168 0.563486 0.042748 0.027392
0.931749 0.378926 0.039567 0.036057
0.271874 0.922059 0.047701 0.040941
0.501769 0.430838 0.066799 0.029749
