0.507663 0.566826 0.077707 0.056512
0.726609 0.200754 0.092044 0.052107
0.511253 0.242870 0.087107 0.056711
0.832851 0.420173 0.081508 0.050386
0.833483 0.841159 0.076722 0.055405
0.615381 0.233345 0.086235 0.056082
0.834400 0.365205 0.084582 0.050029
0.721650 0.104395 0.081048 0.046966
0.293389 0.816197 0.087960 0.044651
0.937310 0.353109 0.079515 0.053553
0.942233 0.663621 0.080261 0.052448
0.940812 0.413757 0.074051 0.049352
0.718246 0.477445 0.072697 0.046051
0.067425 0.856792 0.085826 0.046040
0.836217 0.780623 0.073344 0.055484
0.941882 0.718726 0.070902 0.048684
0.942178 0.878519 0.067567 0.051146
0.508826 0.823999 0.080099 0.059502
0.935345 0.293541 0.084914 0.060536
0.286958 0.448705 0.074329 0.055727
0.938183 0.231643 0.080349 0.054295
0.511705 0.766690 0.083046 0.048051
0.938605 0.468493 0.074553 0.048957
0.402798 0.455670 0.073720 0.051888
0.397043 0.618186 0.096591 0.049498
0.827080 0.207780 0.079259 0.047983
0.726982 0.837713 0.078629 0.044906
0.617696 0.490797 0.087861 0.048569
0.065210 0.553013 0.075420 0.049057
0.507500 0.297573 0.082190 0.045470
0.826536 0.261145 0.074987 0.050260
0.069326 0.601709 0.083921 0.048150
0.395180 0.279165 0.081836 0.048277
0.725449 0.633624 0.080984 0.057358
0.174071 0.554437 0.089113 0.049734
0.171719 0.224408 0.072312 0.050990
0.066684 0.804458 0.085633 0.046797
0.168368 0.444782 0.084618 0.057391
0.066998 0.966777 0.094260 0.053024
0.617836 0.708869 0.070299 0.045205
0.626212 0.813915 0.076838 0.045186
0.614577 0.176006 0.073440 0.053770
0.945620 0.774725 0.067957 0.053405
0.825060 0.312269 0.074380 0.044412
0.829900 0.621719 0.068560 0.050723
0.511713 0.668629 0.068173 0.050293
0.835088 0.893307 0.074836 0.043654
0.829769 0.154939 0.074353 0.048099
0.404296 0.113805 0.085944 0.049213
0.181843 0.883669 0.085298 0.052301
0.177145 0.604549 0.083827 0.047449
0.616026 0.341660 0.076183 0.051235
0.282871 0.668723 0.076445 0.045715
0.938663 0.825736 0.072494 0.041410
0.509331 0.618384 0.074782 0.041668
0.724092 0.580138 0.080076 0.046673
0.293091 0.765005 0.070367 0.053015
0.062432 0.444509 0.084253 0.053374
0.399865 0.969903 0.075480 0.041070
0.938831 0.561184 0.082774 0.041203
0.511258 0.888875 0.067864 0.054222
0.507718 0.348492 0.079348 0.044803
0.728927 0.369935 0.085801 0.056742
0.509073 0.509397 0.078621 0.049722
0.501325 0.452123 0.079120 0.055934
0.063811 0.910903 0.086680 0.049641
0.280327 0.281803 0.084003 0.049618
0.833149 0.472387 0.091813 0.049047
0.284053 0.503948 0.066274 0.046548
0.510957 0.064222 0.082349 0.054223
0.512261 0.941164 0.084856 0.043463
0.727657 0.790713 0.064493 0.046836
0.179261 0.502468 0.090969 0.050723
0.281398 0.393468 0.073223 0.049069
0.941880 0.925066 0.061643 0.037188
0.396215 0.398410 0.062271 0.059019
0.067663 0.331801 0.071021 0.054682
0.936132 0.172573 0.076262 0.057688
0.619600 0.440303 0.071815 0.048084
0.946132 0.965621 0.076260 0.042666
0.721079 0.527797 0.061926 0.046819
0.830256 0.725572 0.061633 0.047934
0.282064 0.171150 0.066927 0.059409
0.280017 0.911899 0.083045 0.047670
0.717556 0.313833 0.076946 0.050580
0.401614 0.926120 0.075207 0.043199
0.727493 0.687293 0.071504 0.046195
0.623402 0.961902 0.074247 0.042681
0.509520 0.180492 0.077895 0.057266
0.060865 0.695736 0.093826 0.045686
0.281018 0.610753 0.071774 0.059657
0.722436 0.054499 0.082575 0.044166
0.398695 0.514803 0.067095 0.053469
0.171965 0.665130 0.067342 0.058300
0.286549 0.554632 0.071634 0.044181
0.614264 0.765448 0.061554 0.047721
0.402565 0.826359 0.072109 0.047242
0.619397 0.116868 0.069206 0.050958
0.171890 0.383940 0.078117 0.051602
0.727936 0.152844 0.074928 0.036260
0.397317 0.225217 0.063835 0.052138
0.625347 0.915924 0.062586 0.047145
0.615627 0.540918 0.061326 0.047310
0.291812 0.967187 0.095106 0.046438
0.833555 0.105643 0.069174 0.040901
0.061757 0.389761 0.072593 0.048420
0.506223 0.397511 0.062381 0.041850
0.291085 0.715286 0.077684 0.036922
0.618802 0.593521 0.055353 0.047843
0.832403 0.570973 0.054677 0.047567
0.404125 0.774687 0.082987 0.042308
0.172904 0.973923 0.076150 0.036715
0.511841 0.715233 0.064799 0.038476
0.285223 0.863986 0.073262 0.040659
0.060125 0.166872 0.062790 0.049914
0.285907 0.227605 0.071527 0.048629
0.720739 0.426427 0.067795 0.049346
0.061540 0.218809 0.070656 0.050274
0.941344 0.112809 0.075233 0.053816
0.727109 0.893580 0.083811 0.055271
0.830285 0.674993 0.063118 0.045387
0.939153 0.058365 0.084928 0.054245
0.165034 0.119383 0.063163 0.052554
0.178605 0.827281 0.061496 0.052564
0.178761 0.934303 0.089071 0.042869
0.508283 0.976943 0.082131 0.035703
0.062603 0.062263 0.081999 0.048059
0.168820 0.332635 0.062122 0.050497
0.619756 0.286099 0.083633 0.045190
0.947655 0.607999 0.060674 0.044935
0.398850 0.569080 0.076016 0.040180
0.722578 0.740673 0.063003 0.049353
0.622345 0.865245 0.062293 0.047296
0.177499 0.773957 0.060407 0.048063
0.169771 0.278806 0.063634 0.050328
0.403616 0.061024 0.074618 0.052634
0.831869 0.058777 0.069517 0.051124
0.734387 0.959127 0.088090 0.056613
0.829207 0.522410 0.065632 0.044760
0.724758 0.259199 0.076472 0.053696
0.283759 0.338102 0.072574 0.051607
0.511509 0.121741 0.074112 0.046365
0.067296 0.751471 0.086566 0.053979
0.620972 0.391052 0.070316 0.035889
0.401280 0.671380 0.066927 0.046754
0.161543 0.064625 0.068626 0.053763
0.059519 0.115553 0.062526 0.054029
0.168778 0.170282 0.066146 0.046915
0.401246 0.878105 0.064535 0.049380
0.612733 0.655478 0.068202 0.055266
0.940889 0.517908 0.047663 0.040534
0.613832 0.061843 0.064411 0.052197
0.398156 0.722837 0.050244 0.044104
0.175900 0.724510 0.060630 0.046279
0.067474 0.499789 0.074902 0.049355
0.283945 0.067575 0.062201 0.056240
0.064320 0.274892 0.083966 0.053909
0.400132 0.169991 0.076984 0.050825
0.397755 0.336682 0.064902 0.057709
0.287802 0.118369 0.077446 0.035749
0.841197 0.955019 0.105397 0.059302
0.064867 0.648911 0.067347 0.038056
