0.937471 0.721015 0.062689 0.038241
0.059475 0.292373 0.064614 0.044163
0.058785 0.410315 0.063409 0.045222
0.273901 0.632073 0.062518 0.042675
0.280970 0.203086 0.068853 0.039387
0.059143 0.454700 0.073250 0.042135
0.059527 0.933419 0.057439 0.031501
0.507175 0.860361 0.060697 0.038468
0.275631 0.474944 0.061217 0.036671
0.055916 0.831934 0.056165 0.041333
0.609857 0.509423 0.065336 0.044411
0.283605 0.281802 0.064272 0.049425
0.276514 0.588459 0.067054 0.038756
0.937434 0.890957 0.052540 0.044309
0.063634 0.540536 0.061464 0.047558
0.054227 0.203733 0.056484 0.044302
0.822978 0.923087 0.062802 0.039808
0.823607 0.619361 0.055443 0.036967
0.940505 0.685382 0.057988 0.032405
0.940940 0.806094 0.069795 0.041938
0.832450 0.407066 0.059081 0.043168
0.954161 0.247317 0.065918 0.047532
0.274318 0.550057 0.065761 0.038237
0.494915 0.456629 0.070874 0.043629
0.057195 0.331979 0.060159 0.036600
0.717323 0.429707 0.054045 0.044462
0.398464 0.670501 0.059607 0.037985
0.060446 0.900115 0.053132 0.036251
0.056445 0.249152 0.062540 0.038475
0.393004 0.626305 0.059992 0.041733
0.058711 0.718243 0.057640 0.041875
0.819041 0.878434 0.065340 0.047487
0.938959 0.847957 0.053415 0.040200
0.153702 0.957585 0.051569 0.041615
0.396919 0.821185 0.066839 0.043590
0.824565 0.575614 0.056255 0.046700
0.275739 0.432561 0.057037 0.043440
0.281512 0.072449 0.050614 0.034589
0.394404 0.349776 0.054243 0.037180
0.162619 0.240268 0.058247 0.048675
0.507608 0.823496 0.055856 0.035669
0.391045 0.455340 0.057842 0.043624
0.943195 0.491602 0.049600 0.041976
0.611916 0.553391 0.062898 0.039736
0.155334 0.918223 0.052870 0.035354
0.941204 0.651574 0.048581 0.036457
0.065349 0.634912 0.056394 0.040495
0.495246 0.409903 0.052220 0.043177
0.283122 0.909547 0.060028 0.037133
0.393774 0.503702 0.056206 0.049592
0.173286 0.416703 0.052892 0.045540
0.388492 0.118133 0.053628 0.040954
0.058983 0.790473 0.059056 0.034924
0.282600 0.240899 0.065807 0.027804
0.716030 0.718200 0.054401 0.039241
0.066741 0.496143 0.056931 0.039910
0.279138 0.673163 0.059686 0.036544
0.167306 0.284690 0.053043 0.037729
0.064798 0.588509 0.057923 0.044690
0.287439 0.165415 0.045086 0.033129
0.168977 0.367969 0.054998 0.045419
0.275855 0.511437 0.050139 0.034681
0.941345 0.570860 0.064716 0.029700
0.064314 0.677783 0.055897 0.040044
0.945984 0.294718 0.058941 0.033357
0.279014 0.834262 0.051748 0.039108
0.394696 0.383824 0.072255 0.029121
0.284926 0.134127 0.049508 0.031050
0.612991 0.326785 0.056136 0.043763
0.823912 0.756996 0.051631 0.043322
0.063598 0.966358 0.065355 0.035033
0.166664 0.325804 0.049353 0.039803
0.826773 0.445905 0.071464 0.029565
0.937555 0.931096 0.050939 0.036378
0.055167 0.756739 0.049754 0.034548
0.398392 0.778880 0.058474 0.040047
0.505071 0.900360 0.055585 0.037388
0.718818 0.760485 0.053590 0.035402
0.505879 0.790191 0.064065 0.033566
0.824422 0.106665 0.058089 0.042868
0.395012 0.274888 0.048028 0.043399
0.938932 0.611431 0.051502 0.043146
0.615120 0.462966 0.058846 0.048536
0.717480 0.913613 0.054469 0.041109
0.718402 0.796871 0.047068 0.033182
0.058459 0.160916 0.049551 0.040187
0.158367 0.881339 0.053582 0.040737
0.402661 0.911511 0.061196 0.052665
0.395808 0.582732 0.048164 0.037721
0.945265 0.335365 0.055098 0.044702
0.821185 0.964775 0.051624 0.040269
0.612258 0.597683 0.047763 0.044578
0.284275 0.788899 0.063475 0.044772
0.941449 0.761372 0.046627 0.037252
0.393060 0.314615 0.051519 0.034252
0.824297 0.153090 0.050163 0.044369
0.724515 0.316193 0.061494 0.035962
0.395901 0.545642 0.051326 0.032354
0.945497 0.535387 0.053882 0.037283
0.498118 0.362136 0.055547 0.046394
0.169293 0.029856 0.053966 0.040028
0.502268 0.264937 0.054294 0.043850
0.285888 0.710573 0.064849 0.037979
0.827681 0.662318 0.051823 0.042706
0.283956 0.104668 0.049245 0.031111
0.169605 0.104968 0.056135 0.039841
0.716038 0.870122 0.045859 0.040740
0.400958 0.739990 0.058534 0.037081
0.943491 0.378126 0.049031 0.036949
0.821071 0.799706 0.052444 0.037272
0.279319 0.033551 0.060643 0.041885
0.169808 0.611182 0.064622 0.049499
0.055434 0.868462 0.054938 0.029211
0.718458 0.679627 0.040871 0.035419
0.722590 0.391333 0.052840 0.031554
0.280175 0.871495 0.046740 0.035497
0.714165 0.518177 0.054650 0.047177
0.827753 0.710671 0.048264 0.043208
0.502636 0.944580 0.057087 0.051115
0.395538 0.232967 0.051154 0.035876
0.619841 0.371646 0.050931 0.038832
0.947552 0.203610 0.049579 0.028644
0.060197 0.368153 0.054091 0.037340
0.501222 0.311698 0.069251 0.048092
0.287150 0.955690 0.053755 0.041607
0.823065 0.836464 0.047532 0.032760
0.939768 0.966587 0.055489 0.038402
0.714204 0.034195 0.045359 0.039011
0.942209 0.452293 0.047256 0.037992
0.716950 0.473179 0.057521 0.040205
0.610957 0.242885 0.049711 0.035903
0.613514 0.172796 0.048514 0.039577
0.170391 0.722018 0.049392 0.038033
0.167232 0.192045 0.048660 0.043125
0.166916 0.068450 0.055585 0.030494
0.169307 0.148368 0.047715 0.044312
0.277310 0.380611 0.064305 0.056812
0.614178 0.071239 0.058162 0.034498
0.281513 0.327955 0.053545 0.039062
0.718327 0.148849 0.058227 0.045786
0.610983 0.716658 0.046060 0.040339
0.827112 0.519336 0.054480 0.052340
0.402864 0.863294 0.058370 0.038056
0.395341 0.416587 0.051103 0.034329
0.719752 0.356117 0.048326 0.038607
0.165857 0.462653 0.057956 0.045267
0.054617 0.114643 0.052236 0.048747
0.057835 0.026187 0.046335 0.039901
0.719267 0.102836 0.065946 0.041594
0.388227 0.198866 0.048669 0.034841
0.718121 0.191996 0.051532 0.043055
0.498396 0.188684 0.058049 0.036230
0.935561 0.112967 0.053131 0.040739
0.718552 0.067109 0.055298 0.029347
0.614513 0.638495 0.053656 0.036107
0.615672 0.414352 0.059449 0.046576
0.390528 0.033333 0.053484 0.040682
0.405033 0.963551 0.055715 0.042416
0.715421 0.830426 0.049090 0.036884
0.286271 0.748885 0.062512 0.036992
0.612918 0.282553 0.051213 0.043354
0.947922 0.414507 0.045551 0.033862
0.495541 0.503728 0.061987 0.048053
0.390194 0.159373 0.046887 0.041079
0.389391 0.074753 0.051743 0.039933
0.722108 0.235830 0.051271 0.040332
0.059319 0.067831 0.048629 0.040627
0.505688 0.641639 0.058247 0.038426
0.724180 0.279034 0.055667 0.035128
0.170511 0.562974 0.059414 0.048120
0.826915 0.068627 0.044219 0.034349
0.500385 0.118921 0.047141 0.028285
0.611618 0.675806 0.047494 0.037322
0.828961 0.295262 0.045607 0.038753
0.826141 0.201124 0.046944 0.041245
0.498565 0.545756 0.054415 0.035827
0.830099 0.248483 0.046980 0.047954
0.170861 0.655672 0.051315 0.037856
0.613004 0.208548 0.039708 0.031468
0.501556 0.151426 0.056593 0.039717
0.166498 0.513331 0.061491 0.051366
0.405064 0.706240 0.042691 0.031047
0.162690 0.846035 0.044192 0.029774
0.171976 0.687103 0.054386 0.032974
0.829840 0.477672 0.051563 0.026512
0.164824 0.813569 0.048938 0.034820
0.501497 0.581087 0.043782 0.036519
0.507261 0.679658 0.057162 0.041426
0.497950 0.082560 0.052559 0.043081
0.621615 0.795559 0.049416 0.038874
0.719578 0.641938 0.038891 0.035583
0.830057 0.364303 0.049666 0.044290
0.508779 0.751878 0.041195 0.041039
0.614019 0.757641 0.052887 0.033081
0.612786 0.032850 0.048080 0.037990
0.498828 0.225636 0.056331 0.030586
0.717896 0.565226 0.044023 0.045073
0.512019 0.715449 0.045970 0.030721
0.717080 0.967649 0.077423 0.048906
0.499281 0.035958 0.050025 0.044167
0.611745 0.948738 0.052645 0.045336
0.936546 0.030060 0.045663 0.038770
0.169745 0.767088 0.047186 0.048559
0.502121 0.611727 0.045537 0.024507
0.828297 0.033888 0.046052 0.037113
0.614214 0.106202 0.043432 0.037947
0.935777 0.070530 0.044139 0.037015
0.718727 0.603646 0.044247 0.029424
0.615182 0.843278 0.047018 0.051761
0.614611 0.138759 0.043582 0.026041
0.613038 0.902002 0.055261 0.048871
0.945123 0.160230 0.047204 0.045671
0.830973 0.329061 0.034577 0.023455
