0.521926 0.181740 0.064145 0.037829
0.645898 0.850190 0.064070 0.042781
0.637991 0.762987 0.056985 0.035446
0.138000 0.157538 0.062355 0.030718
0.533209 0.810743 0.065357 0.030887
0.834383 0.686218 0.060982 0.031037
0.142521 0.234103 0.065070 0.039295
0.245983 0.661378 0.059163 0.035192
0.351158 0.836916 0.055366 0.040269
0.743987 0.831027 0.056621 0.033987
0.629898 0.422755 0.055965 0.029465
0.828710 0.283967 0.057155 0.033438
0.925499 0.787515 0.055208 0.037838
0.734247 0.386328 0.064992 0.027890
0.846820 0.834657 0.049561 0.032893
0.734479 0.607909 0.062978 0.029110
0.840037 0.720972 0.052039 0.030690
0.443266 0.842683 0.057425 0.032645
0.645244 0.888126 0.068693 0.027576
0.437825 0.485741 0.054238 0.026733
0.741702 0.761928 0.051769 0.033977
0.523477 0.219159 0.055312 0.026352
0.627251 0.244599 0.056641 0.036393
0.924940 0.648074 0.051596 0.037290
0.250194 0.770869 0.052367 0.030471
0.739317 0.726130 0.052029 0.035746
0.245255 0.701266 0.056481 0.035725
0.639908 0.652994 0.056047 0.031795
0.918716 0.183337 0.052339 0.033654
0.933586 0.397333 0.064550 0.030501
0.343944 0.765392 0.059722 0.031081
0.534599 0.639276 0.059755 0.027862
0.138166 0.122955 0.058594 0.033895
0.236542 0.215824 0.057530 0.034069
0.624306 0.321783 0.054935 0.036962
0.731829 0.492524 0.064113 0.030882
0.251895 0.846801 0.059987 0.036723
0.843295 0.757809 0.048511 0.034945
0.149636 0.346213 0.059937 0.036708
0.439338 0.691351 0.063461 0.034013
0.731070 0.319942 0.060835 0.027328
0.441232 0.730574 0.057808 0.034875
0.246058 0.557085 0.051998 0.035408
0.152970 0.865768 0.057033 0.040363
0.534654 0.776043 0.059641 0.032291
0.342203 0.728873 0.048131 0.030358
0.935868 0.489673 0.056500 0.029781
0.421827 0.209719 0.051623 0.039766
0.148264 0.628485 0.052573 0.031245
0.240452 0.290597 0.055648 0.043323
0.328571 0.152578 0.057917 0.033552
0.636043 0.802868 0.056470 0.036637
0.731763 0.569351 0.054498 0.036949
0.441821 0.802968 0.048441 0.034981
0.843558 0.892407 0.052710 0.031961
0.745220 0.685801 0.052373 0.032334
0.536471 0.847042 0.059954 0.031520
0.527324 0.341919 0.053858 0.039298
0.739589 0.645959 0.052868 0.036233
0.526912 0.382489 0.055858 0.030817
0.926958 0.864105 0.051249 0.033612
0.329106 0.280254 0.055899 0.035127
0.934689 0.522245 0.052225 0.029982
0.933361 0.328569 0.056373 0.033891
0.920699 0.120400 0.059098 0.026721
0.825244 0.322225 0.051903 0.029043
0.743615 0.795847 0.052891 0.025919
0.336678 0.624463 0.060120 0.037724
0.150208 0.665971 0.066859 0.032869
0.236222 0.112266 0.058978 0.028006
0.141170 0.194237 0.055894 0.033185
0.149217 0.708825 0.052317 0.038170
0.924395 0.221439 0.053503 0.037046
0.345287 0.796906 0.054950 0.029290
0.149806 0.386289 0.059474 0.035232
0.249551 0.806131 0.050383 0.029101
0.251261 0.595420 0.049403 0.033814
0.145167 0.594604 0.058085 0.026595
0.533036 0.604068 0.052797 0.038060
0.929090 0.259955 0.053499 0.034582
0.829270 0.358453 0.051276 0.035774
0.836248 0.540600 0.051445 0.035036
0.841270 0.796291 0.050517 0.028407
0.329637 0.246228 0.058750 0.024267
0.240717 0.332443 0.056647 0.036790
0.530819 0.489901 0.051000 0.039339
0.520844 0.146840 0.064770 0.024441
0.716858 0.120143 0.050160 0.031219
0.151282 0.751951 0.053083 0.039499
0.728077 0.191752 0.061682 0.037580
0.144451 0.274553 0.053665 0.037207
0.731172 0.353152 0.055738 0.026705
0.331002 0.217253 0.056448 0.025970
0.622665 0.207716 0.053152 0.028832
0.928062 0.825736 0.048107 0.033215
0.729208 0.460229 0.055308 0.030471
0.719152 0.155194 0.059745 0.028215
0.437021 0.518484 0.056363 0.027881
0.632786 0.520245 0.059907 0.028286
0.928673 0.294722 0.057168 0.026013
0.328227 0.188205 0.061033 0.029634
0.438060 0.582055 0.052333 0.028016
0.530107 0.299067 0.051088 0.033471
0.437214 0.613788 0.049854 0.024795
0.341071 0.659650 0.061216 0.029775
0.625529 0.358124 0.057214 0.027040
0.535909 0.670925 0.053346 0.026372
0.534239 0.560503 0.049198 0.034112
0.827844 0.249068 0.055353 0.032708
0.147094 0.486709 0.064105 0.026999
0.637121 0.554709 0.052216 0.032507
0.238662 0.144058 0.062278 0.026320
0.243172 0.441105 0.061741 0.033399
0.827495 0.434784 0.056442 0.032399
0.526242 0.256790 0.052468 0.041327
0.923643 0.085507 0.050352 0.033191
0.431204 0.393167 0.062242 0.030426
0.332277 0.463277 0.053455 0.039096
0.730098 0.422194 0.056191 0.032169
0.640839 0.723983 0.049045 0.032426
0.744934 0.869789 0.053685 0.028013
0.326462 0.119607 0.058214 0.027647
0.929930 0.748019 0.052515 0.033403
0.534224 0.704092 0.045448 0.037127
0.157120 0.901732 0.053084 0.029220
0.141472 0.310560 0.061946 0.027093
0.838826 0.621397 0.045951 0.033344
0.334891 0.343532 0.056906 0.036419
0.633455 0.485018 0.048674 0.028723
0.345455 0.694222 0.053759 0.033416
0.342600 0.581342 0.052281 0.037125
0.446447 0.765712 0.047008 0.032437
0.424359 0.247070 0.055062 0.026929
0.832113 0.498068 0.047148 0.037438
0.733161 0.528560 0.047505 0.030087
0.145180 0.558075 0.048581 0.034276
0.821944 0.174116 0.043540 0.030118
0.155138 0.933073 0.055030 0.029907
0.341167 0.541409 0.055516 0.039041
0.431566 0.453231 0.053898 0.026575
0.248669 0.516038 0.049401 0.042725
0.726547 0.286290 0.049548 0.027473
0.150535 0.791716 0.048080 0.030316
0.144970 0.454801 0.047919 0.026121
0.840901 0.581507 0.049021 0.033904
0.245765 0.628464 0.047893 0.024860
0.931551 0.363389 0.063436 0.026258
0.534590 0.451817 0.061038 0.027477
0.628743 0.388965 0.061589 0.025217
0.239982 0.175728 0.059700 0.033115
0.821573 0.084094 0.058969 0.032312
0.421475 0.166913 0.048800 0.035455
0.150723 0.827046 0.044782 0.031682
0.517612 0.117168 0.053153 0.025124
0.334468 0.421645 0.052442 0.035194
0.349760 0.905847 0.050798 0.027391
0.923329 0.151730 0.062018 0.025424
0.634558 0.619902 0.043412 0.028385
0.536342 0.745027 0.044755 0.030703
0.424043 0.306133 0.053363 0.028732
0.530155 0.524941 0.053670 0.027186
0.443836 0.649684 0.052317 0.035798
0.234945 0.251799 0.062627 0.024803
0.630498 0.281658 0.055783 0.028314
0.518516 0.083496 0.056039 0.033049
0.928643 0.581329 0.044758 0.027357
0.241409 0.369143 0.064509 0.029379
0.825063 0.211142 0.049245 0.038280
0.541833 0.904422 0.057711 0.029241
0.450554 0.929714 0.049901 0.030054
0.827410 0.396818 0.045223 0.030172
0.137187 0.085825 0.057885 0.032885
0.837933 0.653438 0.041210 0.023837
0.149648 0.520085 0.050241 0.026624
0.932616 0.902888 0.044004 0.032531
0.242720 0.476278 0.053834 0.027701
0.718083 0.085430 0.052565 0.032065
0.619905 0.125432 0.053447 0.031427
0.430771 0.349346 0.051144 0.045577
0.251259 0.886241 0.044376 0.034482
0.642872 0.689836 0.062505 0.024673
0.729992 0.226952 0.059299 0.027055
0.521526 0.418893 0.059683 0.027122
0.928098 0.712024 0.042265 0.024030
0.437656 0.549601 0.039522 0.027522
0.842517 0.865082 0.042992 0.020761
0.335329 0.503394 0.045135 0.031901
0.823466 0.117094 0.055876 0.024438
0.930978 0.457286 0.042373 0.026125
0.822593 0.143937 0.046394 0.020835
0.419464 0.132708 0.052154 0.027000
0.434269 0.423992 0.039519 0.024959
0.923987 0.684072 0.044093 0.020126
0.445721 0.875741 0.059733 0.023186
0.148647 0.422504 0.039192 0.027929
0.624100 0.088721 0.061798 0.033559
0.237684 0.405567 0.056888 0.034291
0.448370 0.902466 0.058143 0.022271
0.929102 0.552101 0.045453 0.019939
0.726634 0.254959 0.034089 0.025811
0.428243 0.274445 0.054439 0.021835
0.346757 0.874070 0.053757 0.031381
0.927866 0.610710 0.034225 0.024599
0.745014 0.921736 0.058508 0.029998
0.932824 0.428866 0.037052 0.023570
0.247792 0.737661 0.043725 0.028919
0.632620 0.454851 0.033451 0.026267
0.334639 0.382815 0.043447 0.032701
0.327008 0.088057 0.050901 0.033433
0.548556 0.932360 0.066896 0.023913
0.252042 0.925672 0.058221 0.030430
0.329150 0.311762 0.055752 0.021843
0.236225 0.084956 0.044841 0.021877
0.420291 0.103364 0.042861 0.024455
0.634953 0.166548 0.075981 0.044152
0.541070 0.877188 0.053237 0.019431
0.645231 0.920747 0.052199 0.028838
0.633917 0.587464 0.050378 0.022430
0.420879 0.077739 0.045210 0.019609
0.825923 0.466820 0.044568 0.020214
0.745068 0.896003 0.052541 0.020233
0.843052 0.925039 0.057878 0.029676
0.351433 0.929249 0.036221 0.019345
0.873774 0.649440 0.026700 0.016249
