0.939335 0.170525 0.058076 0.036234
0.935679 0.808916 0.067620 0.042064
0.820615 0.914182 0.066770 0.034304
0.593816 0.366132 0.060238 0.043800
0.933440 0.734732 0.058351 0.034712
0.819785 0.839909 0.058916 0.035291
0.596151 0.281522 0.058500 0.040792
0.705132 0.916630 0.055127 0.038861
0.705804 0.841167 0.058377 0.034081
0.486465 0.776742 0.064580 0.040792
0.589147 0.754497 0.054530 0.038302
0.480285 0.890507 0.059820 0.036391
0.933350 0.386499 0.056686 0.037316
0.828081 0.292708 0.055529 0.038093
0.933857 0.466294 0.066195 0.034941
0.819222 0.501085 0.065389 0.039222
0.592913 0.410318 0.056108 0.042574
0.936980 0.426911 0.061921 0.042196
0.717430 0.110281 0.061060 0.036473
0.379896 0.784688 0.060477 0.034578
0.931899 0.654866 0.063130 0.042134
0.587421 0.869568 0.053740 0.040365
0.276138 0.176555 0.049789 0.032488
0.598887 0.065244 0.062755 0.041397
0.480048 0.928334 0.050068 0.037125
0.817632 0.190547 0.064854 0.037513
0.379855 0.715585 0.055675 0.034803
0.076171 0.557124 0.053658 0.036675
0.379252 0.559043 0.055749 0.041044
0.483446 0.850423 0.053581 0.039041
0.703554 0.877543 0.047710 0.036433
0.825861 0.152259 0.047206 0.036338
0.596363 0.322687 0.050809 0.039251
0.599135 0.175837 0.064810 0.032369
0.715670 0.068463 0.066101 0.048328
0.171805 0.595596 0.057857 0.042221
0.820110 0.800274 0.053152 0.038750
0.932085 0.292954 0.054568 0.030817
0.697365 0.602238 0.070303 0.041937
0.074767 0.480749 0.062529 0.038751
0.076431 0.519926 0.053051 0.035754
0.715986 0.148839 0.054093 0.037251
0.699429 0.805314 0.049408 0.033459
0.587322 0.829676 0.053057 0.036375
0.168119 0.406506 0.057450 0.039097
0.488867 0.162515 0.051870 0.034565
0.590270 0.679548 0.048399 0.036368
0.702384 0.771755 0.050446 0.032497
0.591368 0.494202 0.052840 0.044605
0.824853 0.226840 0.054017 0.032246
0.375953 0.824262 0.052466 0.038948
0.075446 0.681031 0.062290 0.039363
0.713524 0.298117 0.050636 0.045172
0.936234 0.697261 0.055445 0.037967
0.587893 0.716977 0.046045 0.036089
0.937105 0.611989 0.061298 0.038300
0.712383 0.260012 0.057462 0.029610
0.177520 0.202769 0.050899 0.037832
0.935283 0.352038 0.052714 0.031270
0.166353 0.367265 0.061532 0.035687
0.178037 0.240923 0.055233 0.030997
0.932965 0.254082 0.056899 0.042731
0.832502 0.334458 0.062302 0.039218
0.067435 0.100517 0.054091 0.041065
0.067426 0.277763 0.053102 0.032342
0.713278 0.185425 0.063041 0.033030
0.599907 0.023727 0.061155 0.036783
0.067869 0.797680 0.061798 0.029857
0.713627 0.222225 0.061441 0.043034
0.598563 0.244564 0.050702 0.032905
0.817172 0.757227 0.051356 0.043792
0.827789 0.086690 0.053156 0.032595
0.280942 0.342132 0.051972 0.033352
0.275863 0.208424 0.048173 0.029844
0.582760 0.906896 0.064862 0.030258
0.597480 0.210704 0.058010 0.032875
0.592097 0.452212 0.057604 0.036775
0.172710 0.920036 0.047023 0.030553
0.071146 0.315237 0.052497 0.039184
0.703169 0.523987 0.058443 0.044744
0.594263 0.536123 0.059346 0.038440
0.583249 0.792994 0.051616 0.037496
0.485695 0.737960 0.056510 0.033830
0.278565 0.484539 0.051610 0.037970
0.589733 0.578563 0.055045 0.039793
0.939734 0.768296 0.058564 0.031267
0.823548 0.259456 0.050763 0.031613
0.824151 0.462030 0.060325 0.035222
0.072629 0.720761 0.055502 0.039606
0.486563 0.200167 0.068298 0.040457
0.596260 0.143063 0.048360 0.032742
0.820467 0.876898 0.052768 0.035526
0.583303 0.939191 0.061858 0.036260
0.820381 0.946224 0.060999 0.027220
0.385961 0.184796 0.053766 0.037371
0.174404 0.166317 0.044247 0.029863
0.173391 0.447353 0.050149 0.038253
0.703955 0.485727 0.059433 0.030625
0.709643 0.339226 0.054097 0.037791
0.936609 0.103929 0.048239 0.037155
0.934928 0.322622 0.050704 0.028783
0.073403 0.762467 0.060475 0.039985
0.825462 0.661841 0.052723 0.038378
0.376311 0.931912 0.068270 0.035867
0.936965 0.915262 0.048664 0.037010
0.381785 0.641806 0.054839 0.039983
0.587902 0.641750 0.050988 0.035951
0.699472 0.663911 0.058854 0.031692
0.588129 0.971253 0.054542 0.031049
0.934020 0.211665 0.065053 0.043636
0.933570 0.879484 0.053733 0.036454
0.599587 0.104806 0.062232 0.040952
0.487493 0.023096 0.065781 0.036161
0.493732 0.058238 0.055983 0.036436
0.695531 0.696475 0.055081 0.034646
0.171964 0.637060 0.051945 0.036389
0.170312 0.973277 0.054444 0.031324
0.818965 0.567637 0.058684 0.030405
0.071706 0.599430 0.052881 0.042515
0.065760 0.353073 0.050469 0.031048
0.375214 0.359706 0.056919 0.040976
0.825709 0.118767 0.044327 0.030905
0.278382 0.968560 0.052262 0.041663
0.174664 0.521193 0.048923 0.031018
0.381551 0.258829 0.045860 0.031429
0.703141 0.957424 0.054176 0.040342
0.380521 0.750467 0.046808 0.035802
0.821012 0.709619 0.051662 0.049240
0.176291 0.279629 0.055725 0.040951
0.374905 0.896813 0.048447 0.034036
0.704204 0.418429 0.050046 0.045190
0.821800 0.627629 0.050477 0.029636
0.173326 0.671817 0.048093 0.032889
0.269421 0.708011 0.068910 0.037742
0.706964 0.377086 0.053256 0.035552
0.824581 0.021315 0.050879 0.030976
0.712406 0.023806 0.058485 0.039014
0.277753 0.631841 0.052010 0.037312
0.488062 0.128235 0.052253 0.035215
0.937194 0.137373 0.052672 0.028102
0.378186 0.458646 0.059546 0.032248
0.490951 0.277289 0.049811 0.037652
0.825833 0.054255 0.044216 0.032850
0.063588 0.059569 0.050523 0.038816
0.377515 0.142373 0.063712 0.044226
0.938251 0.535261 0.051370 0.040099
0.488715 0.239593 0.048267 0.034975
0.375481 0.862054 0.045007 0.035198
0.282935 0.023900 0.057329 0.040021
0.381560 0.224585 0.044065 0.037337
0.376853 0.290250 0.048948 0.035277
0.272593 0.591295 0.061540 0.041063
0.170813 0.745188 0.051930 0.042282
0.378471 0.323821 0.049329 0.032212
0.275488 0.446706 0.048073 0.035200
0.481278 0.701781 0.063771 0.036216
0.486253 0.962619 0.053395 0.031802
0.171168 0.104790 0.046419 0.032309
0.175847 0.555500 0.055379 0.034922
0.936599 0.573946 0.056401 0.032292
0.700942 0.564160 0.049493 0.036634
0.069683 0.386124 0.043587 0.034376
0.171831 0.706357 0.048503 0.034855
0.171088 0.887216 0.045671 0.034546
0.824230 0.537304 0.056641 0.032273
0.489470 0.541959 0.055615 0.046224
0.280171 0.270779 0.048638 0.037411
0.384452 0.678957 0.054921 0.035008
0.065227 0.179548 0.049728 0.037541
0.173849 0.134870 0.041907 0.028022
0.278677 0.306775 0.050919 0.031415
0.275887 0.669610 0.046607 0.033675
0.174644 0.483929 0.048819 0.035814
0.489301 0.350559 0.047978 0.036921
0.378408 0.600893 0.052944 0.035318
0.280554 0.068892 0.053072 0.045628
0.067981 0.141919 0.051195 0.038976
0.486406 0.463488 0.049664 0.041044
0.698492 0.732630 0.058449 0.040524
0.276667 0.412084 0.051603 0.034785
0.276545 0.550577 0.046943 0.034824
0.279864 0.377933 0.053793 0.036409
0.939785 0.844546 0.053731 0.025587
0.277876 0.239574 0.046142 0.027976
0.483642 0.663363 0.048267 0.035145
0.938178 0.063119 0.057693 0.044734
0.378051 0.427872 0.044353 0.030856
0.483904 0.391172 0.056530 0.039129
0.171101 0.853379 0.046423 0.031480
0.069877 0.895444 0.047588 0.037700
0.377942 0.493854 0.052146 0.029731
0.707476 0.454026 0.051719 0.025539
0.277728 0.113298 0.052702 0.041272
0.377947 0.397663 0.043576 0.034159
0.380443 0.524026 0.042766 0.031621
0.941678 0.499640 0.061901 0.030837
0.375897 0.965775 0.051598 0.031816
0.073710 0.445959 0.050109 0.028441
0.826588 0.974052 0.061270 0.029540
0.387304 0.097299 0.048467 0.046556
0.074504 0.929381 0.049055 0.034662
0.481472 0.814756 0.044694 0.031103
0.171872 0.946839 0.040277 0.023181
0.823631 0.597246 0.043186 0.028910
0.938353 0.023281 0.049175 0.034848
0.489779 0.312807 0.048039 0.034489
0.491841 0.094974 0.046554 0.033308
0.172747 0.324453 0.045946 0.046038
0.274388 0.890389 0.048922 0.026408
0.821728 0.426096 0.057353 0.038138
0.278792 0.147472 0.044999 0.026371
0.072129 0.642825 0.048147 0.035822
0.168266 0.816936 0.063343 0.041749
0.830693 0.372140 0.044536 0.031788
0.074662 0.963086 0.044068 0.035336
0.068641 0.022638 0.045133 0.031690
0.279767 0.518058 0.050675 0.026665
0.170844 0.782743 0.057037 0.033443
0.070916 0.862582 0.046516 0.029633
0.065247 0.830210 0.056553 0.035431
0.067439 0.241903 0.044388 0.036176
0.487046 0.591006 0.045559 0.047542
0.171597 0.071372 0.046912 0.034226
0.271439 0.820235 0.045729 0.037500
0.489520 0.501342 0.052269 0.034520
0.271750 0.857196 0.046647 0.037033
0.483511 0.630228 0.041285 0.031535
0.270889 0.926843 0.047301 0.041760
0.385080 0.058394 0.057231 0.032752
0.392967 0.022758 0.051406 0.038154
0.592918 0.611404 0.044054 0.022674
0.697529 0.635904 0.044884 0.028131
0.071251 0.417313 0.045718 0.026015
0.487239 0.424292 0.044246 0.033190
0.273699 0.776650 0.043144 0.043005
0.067218 0.213935 0.042357 0.029704
0.941603 0.948742 0.059980 0.031935
0.941437 0.973852 0.058483 0.034069
0.276184 0.740876 0.042392 0.029332
0.178317 0.029383 0.051399 0.043265
0.827660 0.396557 0.038782 0.017331
