0.602957 0.248273 0.064369 0.038519
0.718506 0.178857 0.073153 0.036367
0.942312 0.224933 0.068426 0.036680
0.280472 0.220653 0.075874 0.039475
0.501331 0.284143 0.072776 0.031990
0.505574 0.379966 0.073202 0.041967
0.287607 0.183746 0.063400 0.031674
0.603755 0.331217 0.056980 0.036469
0.837977 0.569527 0.075369 0.037678
0.395086 0.270412 0.069414 0.042752
0.504414 0.220501 0.061511 0.031070
0.836783 0.303322 0.070541 0.038267
0.720216 0.247532 0.059478 0.028691
0.406994 0.936515 0.065495 0.033845
0.058646 0.089477 0.072479 0.039826
0.939338 0.423679 0.076178 0.037064
0.174471 0.262462 0.076898 0.037386
0.284275 0.497482 0.064331 0.041727
0.179659 0.378328 0.067356 0.039416
0.401755 0.347775 0.069052 0.034883
0.073550 0.457821 0.071532 0.038449
0.291036 0.540812 0.059623 0.038997
0.601326 0.290107 0.059571 0.041552
0.492723 0.075698 0.070074 0.040744
0.399852 0.312368 0.077344 0.038185
0.290324 0.301029 0.068057 0.038238
0.833681 0.527776 0.061097 0.038585
0.288414 0.262324 0.070962 0.039665
0.055290 0.723101 0.079487 0.037278
0.283901 0.458581 0.072286 0.030954
0.384994 0.116044 0.079788 0.037366
0.508348 0.888984 0.067311 0.046765
0.505547 0.425026 0.057270 0.044695
0.404418 0.774187 0.066702 0.040912
0.614375 0.579922 0.073777 0.048082
0.828162 0.459525 0.063505 0.033132
0.509851 0.471034 0.084490 0.040150
0.710418 0.106746 0.073575 0.040257
0.718675 0.143489 0.067194 0.030793
0.179556 0.224001 0.065282 0.034799
0.618139 0.772681 0.074032 0.039842
0.828289 0.182710 0.076449 0.037910
0.943020 0.554711 0.067616 0.040040
0.942089 0.464705 0.055308 0.041831
0.179619 0.302053 0.054862 0.037390
0.936158 0.313785 0.055840 0.041384
0.293413 0.692008 0.067132 0.037601
0.715069 0.305521 0.066751 0.035089
0.182424 0.421120 0.057000 0.037090
0.831622 0.227438 0.072437 0.041212
0.408323 0.851209 0.074872 0.040116
0.606478 0.177956 0.069891 0.040018
0.288125 0.731265 0.064974 0.039612
0.405450 0.687793 0.063201 0.038181
0.489786 0.154329 0.065602 0.032394
0.939102 0.149508 0.069221 0.028660
0.720955 0.215416 0.053599 0.030364
0.174145 0.075651 0.064528 0.041436
0.938918 0.268747 0.059072 0.046055
0.295632 0.650162 0.055141 0.040532
0.609319 0.445994 0.066998 0.040864
0.383197 0.077319 0.056110 0.034581
0.597600 0.108557 0.053684 0.030829
0.184174 0.533373 0.075877 0.038736
0.605158 0.368484 0.077685 0.032836
0.287643 0.578242 0.059878 0.028712
0.839036 0.610865 0.054523 0.039760
0.834553 0.694380 0.080109 0.041568
0.613120 0.533265 0.081622 0.044517
0.403531 0.410349 0.056055 0.033434
0.181539 0.339146 0.073303 0.032160
0.066718 0.413957 0.065008 0.041564
0.498978 0.116507 0.065462 0.039108
0.940712 0.186100 0.056261 0.036356
0.498877 0.252370 0.053146 0.029620
0.612219 0.697740 0.066098 0.042108
0.487693 0.035538 0.078136 0.038610
0.512790 0.628087 0.070404 0.034015
0.600845 0.075654 0.053625 0.032396
0.941846 0.745535 0.065835 0.039168
0.407642 0.728870 0.056407 0.040500
0.296855 0.341581 0.070002 0.038209
0.391470 0.152122 0.078671 0.032723
0.291477 0.383838 0.065235 0.040372
0.614778 0.489177 0.072499 0.044616
0.606127 0.405032 0.057088 0.037951
0.947425 0.633684 0.054152 0.034621
0.827078 0.142135 0.064479 0.034336
0.176885 0.156041 0.073014 0.038221
0.936019 0.113730 0.059037 0.033897
0.178367 0.746393 0.083807 0.039876
0.176669 0.702767 0.081758 0.042543
0.945217 0.509766 0.058557 0.046455
0.286698 0.909533 0.060462 0.046352
0.182016 0.620785 0.058064 0.040029
0.609752 0.212736 0.074187 0.027089
0.925648 0.079489 0.059943 0.032647
0.405789 0.812698 0.066560 0.035009
0.498856 0.187087 0.061553 0.034548
0.292922 0.609941 0.052193 0.033316
0.063484 0.248763 0.068307 0.032179
0.510720 0.741379 0.069920 0.037303
0.942782 0.594881 0.054973 0.038366
0.397302 0.230945 0.052475 0.029196
0.828245 0.491120 0.063481 0.027824
0.051886 0.683899 0.061054 0.037613
0.172937 0.034592 0.060704 0.036337
0.405278 0.649301 0.053855 0.036498
0.832525 0.268243 0.066917 0.027844
0.183257 0.460041 0.071518 0.038319
0.945060 0.705903 0.061778 0.033987
0.177437 0.496956 0.062334 0.031611
0.058340 0.211075 0.053025 0.039932
0.062652 0.842531 0.056146 0.046023
0.503605 0.701383 0.058775 0.034727
0.942567 0.386976 0.064317 0.032281
0.278852 0.072205 0.061821 0.032080
0.059058 0.646678 0.072346 0.035171
0.601480 0.138582 0.055612 0.028565
0.615022 0.734020 0.060119 0.031075
0.614690 0.859738 0.056306 0.042841
0.718356 0.362339 0.070912 0.035291
0.937432 0.829174 0.071229 0.042171
0.286834 0.425231 0.059226 0.035340
0.826897 0.108315 0.052982 0.031949
0.283537 0.110221 0.055652 0.035573
0.942938 0.669078 0.067060 0.029636
0.504727 0.556522 0.062551 0.036184
0.403728 0.610844 0.045366 0.036385
0.062463 0.495764 0.056050 0.036934
0.060165 0.129716 0.062874 0.036347
0.400721 0.566972 0.068685 0.043755
0.377198 0.037796 0.059958 0.041829
0.509357 0.592511 0.059372 0.038681
0.721241 0.274818 0.057719 0.023520
0.719256 0.400857 0.057021 0.041201
0.836743 0.375845 0.060271 0.041192
0.283708 0.148816 0.057957 0.038356
0.940899 0.786210 0.057512 0.036525
0.404413 0.896083 0.055636 0.046638
0.926564 0.042006 0.056751 0.037718
0.403484 0.485474 0.057374 0.039118
0.409281 0.972595 0.060774 0.034313
0.838692 0.650690 0.051176 0.038327
0.183803 0.901649 0.064821 0.044831
0.062650 0.528390 0.049226 0.026239
0.501622 0.517005 0.062961 0.045461
0.401205 0.448203 0.060694 0.036077
0.184757 0.661463 0.064919 0.039506
0.295605 0.799640 0.052718 0.039022
0.596824 0.039089 0.060072 0.038708
0.289995 0.836967 0.054302 0.029671
0.064361 0.606153 0.060699 0.044089
0.177712 0.116225 0.057396 0.036804
0.615695 0.814096 0.058371 0.043965
0.399748 0.525491 0.059439 0.036542
0.935986 0.353817 0.055245 0.032568
0.296802 0.868731 0.062934 0.032180
0.057428 0.170740 0.053726 0.038412
0.056354 0.760990 0.052093 0.037336
0.061349 0.883575 0.050328 0.035097
0.614354 0.900662 0.054680 0.038707
0.187825 0.575872 0.061880 0.047310
0.503839 0.775556 0.060133 0.031931
0.064354 0.561875 0.048795 0.039480
0.057872 0.798282 0.048816 0.032331
0.178915 0.817099 0.065601 0.040840
0.186502 0.782113 0.072156 0.028437
0.509450 0.846483 0.053525 0.038161
0.837408 0.338293 0.064193 0.025979
0.509555 0.663477 0.052158 0.034890
0.064582 0.332159 0.058494 0.039383
0.062556 0.288419 0.060419 0.043423
0.509567 0.809803 0.055264 0.036239
0.395843 0.191445 0.059750 0.045580
0.619077 0.939816 0.060174 0.038540
0.400677 0.379644 0.048350 0.027241
0.059801 0.043854 0.063434 0.047139
0.288397 0.960116 0.071045 0.052117
0.510785 0.931893 0.056978 0.037153
0.511689 0.967019 0.071541 0.040664
0.836592 0.740288 0.046660 0.045256
0.060103 0.919224 0.048822 0.034749
0.611941 0.653108 0.054106 0.044295
0.285594 0.036402 0.067356 0.033874
0.179899 0.190043 0.052232 0.030172
0.067579 0.373906 0.064011 0.033375
0.823570 0.073201 0.043197 0.029590
0.294796 0.767395 0.052583 0.030097
0.834421 0.419718 0.043640 0.039926
0.822478 0.036010 0.050427 0.033914
0.063059 0.966138 0.059578 0.048604
0.617516 0.973126 0.062389 0.031102
0.186740 0.858847 0.053254 0.039144
0.508961 0.339782 0.071890 0.035766
0.612829 0.618418 0.060127 0.030558
0.182610 0.945842 0.080993 0.039357
0.504580 0.318730 0.063338 0.035184
0.719076 0.334740 0.061928 0.021286
0.187354 0.975060 0.082327 0.029289
0.243767 0.807147 0.031355 0.027028
0.241211 0.759141 0.022864 0.018460
