0.059679 0.417704 0.067765 0.056323
0.816677 0.378721 0.076190 0.056205
0.928900 0.393135 0.075075 0.051994
0.924115 0.505636 0.089799 0.059617
0.377993 0.752429 0.074619 0.052369
0.813759 0.105772 0.086451 0.050765
0.708083 0.865759 0.066567 0.058137
0.172679 0.912157 0.086775 0.048895
0.706301 0.552760 0.087364 0.047190
0.703145 0.386988 0.079425 0.053529
0.074677 0.894402 0.078307 0.038174
0.918874 0.053590 0.073655 0.058308
0.923976 0.112394 0.100780 0.055148
0.368812 0.153927 0.076096 0.051954
0.932267 0.449256 0.086331 0.052227
0.257043 0.106959 0.073987 0.045680
0.922995 0.168707 0.083267 0.054096
0.812373 0.049984 0.098012 0.055152
0.702047 0.443298 0.096827 0.051254
0.924343 0.230349 0.077583 0.060561
0.822373 0.814379 0.077503 0.046912
0.706026 0.330531 0.073270 0.050847
0.704273 0.052913 0.078058 0.055487
0.589581 0.778589 0.088749 0.060136
0.582384 0.278096 0.064505 0.061423
0.160141 0.216968 0.082232 0.053005
0.367584 0.375321 0.077693 0.051729
0.823769 0.759353 0.078313 0.053436
0.590238 0.172278 0.092082 0.053573
0.070165 0.750460 0.084115 0.049955
0.363300 0.316760 0.084255 0.052144
0.819030 0.643652 0.089354 0.045564
0.585202 0.500770 0.084878 0.048074
0.166691 0.641190 0.066979 0.051096
0.697949 0.118011 0.081580 0.061225
0.477603 0.104524 0.080061 0.045937
0.367160 0.260217 0.079630 0.057183
0.367849 0.428838 0.087443 0.046804
0.374510 0.809045 0.077774 0.052723
0.700786 0.605688 0.084260 0.045463
0.703611 0.173599 0.083292 0.052091
0.271996 0.608322 0.079224 0.048899
0.377152 0.697415 0.076954 0.044042
0.818162 0.539059 0.079804 0.050540
0.826571 0.863214 0.090711 0.043735
0.362396 0.204390 0.076591 0.044565
0.591791 0.553363 0.077346 0.048552
0.817231 0.159139 0.081409 0.049638
0.057680 0.526113 0.088244 0.050487
0.059081 0.310321 0.068917 0.047548
0.581650 0.115403 0.093542 0.053107
0.372873 0.484359 0.079997 0.055323
0.824616 0.699541 0.067243 0.055420
0.065059 0.639322 0.075536 0.049069
0.267422 0.658067 0.074001 0.043638
0.703843 0.274405 0.070643 0.057461
0.594945 0.721402 0.085567 0.049409
0.825787 0.910266 0.074937 0.050371
0.593826 0.888106 0.074887 0.052332
0.932034 0.335665 0.081584 0.054261
0.247771 0.057046 0.084283 0.053414
0.057446 0.364736 0.063502 0.047189
0.819352 0.959141 0.076826 0.045849
0.161572 0.429437 0.070121 0.050312
0.935384 0.891009 0.081784 0.047680
0.268193 0.708495 0.072680 0.042753
0.056740 0.222610 0.073277 0.038528
0.816401 0.273479 0.070050 0.054997
0.814502 0.481906 0.081927 0.055678
0.472876 0.054399 0.076826 0.051067
0.170406 0.805953 0.071387 0.053842
0.598218 0.833896 0.083115 0.047596
0.264662 0.453012 0.074527 0.047832
0.815957 0.217090 0.073135 0.052609
0.058157 0.584732 0.070842 0.050978
0.585119 0.339954 0.078402 0.050716
0.256700 0.259643 0.080736 0.043339
0.368830 0.545516 0.074878 0.052564
0.259045 0.311101 0.075079 0.049841
0.373323 0.648930 0.085157 0.045314
0.173662 0.959926 0.082929 0.042362
0.705314 0.222063 0.088812 0.040607
0.261096 0.360315 0.063790 0.041570
0.066545 0.695726 0.070046 0.056762
0.925978 0.284970 0.073284 0.038862
0.076656 0.933366 0.069439 0.036402
0.166854 0.537090 0.080463 0.042062
0.072411 0.852037 0.076418 0.049529
0.705251 0.810679 0.072056 0.047535
0.708530 0.755871 0.072686 0.059387
0.708118 0.501004 0.075093 0.054342
0.160506 0.485469 0.069416 0.052900
0.707775 0.654039 0.059253 0.043623
0.057463 0.112305 0.072719 0.046325
0.599241 0.969352 0.100237 0.038676
0.380019 0.867173 0.080267 0.056947
0.166371 0.588906 0.071775 0.046296
0.589940 0.665092 0.074748 0.053579
0.265298 0.558767 0.070347 0.044684
0.595747 0.932392 0.068372 0.036742
0.711495 0.918720 0.064912 0.043927
0.702103 0.704244 0.064410 0.045970
0.257227 0.161472 0.072670 0.048373
0.169283 0.859778 0.072561 0.050797
0.823995 0.429316 0.074212 0.039219
0.272404 0.959247 0.070924 0.043640
0.581148 0.396328 0.081699 0.057751
0.057439 0.263647 0.057195 0.036824
0.934905 0.560143 0.088754 0.040725
0.591749 0.608364 0.066269 0.054951
0.936564 0.607500 0.072434 0.041338
0.075041 0.800634 0.076458 0.042589
0.270891 0.757566 0.067623 0.053652
0.262462 0.407310 0.059527 0.038585
0.274035 0.867640 0.063427 0.047570
0.275947 0.815600 0.066687 0.052708
0.156932 0.159450 0.065223 0.055568
0.815197 0.323984 0.080289 0.041286
0.717004 0.961427 0.071583 0.041882
0.932384 0.836887 0.075544 0.054347
0.938909 0.778608 0.077257 0.060031
0.939532 0.721881 0.081227 0.047185
0.938434 0.962192 0.072875 0.043200
0.274585 0.914534 0.064413 0.043351
0.166128 0.749230 0.064256 0.051557
0.169636 0.694000 0.057983 0.051446
0.820739 0.591693 0.052996 0.048840
0.059321 0.167767 0.063022 0.059204
0.054293 0.473626 0.077968 0.047463
0.940103 0.664051 0.077390 0.061211
0.478976 0.158693 0.085296 0.052181
0.584859 0.222581 0.054016 0.041354
0.160256 0.060286 0.067760 0.054760
0.156632 0.269557 0.066357 0.042394
0.587600 0.452862 0.054182 0.047028
0.579108 0.057041 0.073553 0.059709
0.080291 0.966939 0.083361 0.032479
0.936795 0.929280 0.078321 0.031733
0.364078 0.103825 0.070647 0.048848
0.157808 0.109302 0.053033 0.040565
0.266581 0.509235 0.054536 0.054023
0.160899 0.380053 0.053114 0.041745
0.256913 0.212373 0.051069 0.048480
0.161176 0.320043 0.061700 0.053157
0.376781 0.601846 0.049926 0.044827
0.058437 0.060817 0.050124 0.052931
