0.405415 0.697003 0.072730 0.039440
0.723167 0.221398 0.070919 0.041070
0.618014 0.315356 0.059298 0.032128
0.506839 0.553493 0.058744 0.034720
0.403480 0.247637 0.064209 0.040711
0.400718 0.321273 0.065598 0.038010
0.942762 0.651635 0.058378 0.042945
0.617565 0.132051 0.057816 0.039351
0.614571 0.279293 0.054157 0.037588
0.937926 0.802772 0.053177 0.036030
0.396517 0.836327 0.069660 0.042709
0.399231 0.522014 0.054151 0.038900
0.065243 0.115782 0.069052 0.043074
0.498034 0.155142 0.053359 0.038763
0.503982 0.782888 0.054175 0.037309
0.612533 0.884898 0.064449 0.041540
0.719922 0.097835 0.053723 0.038346
0.399859 0.174053 0.056197 0.033327
0.501318 0.267074 0.066481 0.041154
0.720166 0.179700 0.058748 0.037573
0.180204 0.306664 0.062104 0.035303
0.612736 0.806771 0.069081 0.033557
0.287183 0.627483 0.061073 0.039980
0.714174 0.745271 0.059332 0.036537
0.401414 0.560987 0.049670 0.031634
0.939560 0.282658 0.056993 0.032712
0.939209 0.840195 0.053863 0.032107
0.721510 0.646878 0.052792 0.038752
0.288196 0.774299 0.053509 0.038209
0.718758 0.781469 0.061677 0.035489
0.832280 0.399787 0.055348 0.030876
0.402885 0.285329 0.053982 0.030632
0.825536 0.211763 0.058185 0.039364
0.940251 0.521817 0.050890 0.039471
0.612599 0.661946 0.053138 0.031927
0.941260 0.561464 0.054101 0.036040
0.293348 0.307386 0.054683 0.040883
0.060770 0.683503 0.065654 0.042671
0.396149 0.389466 0.062760 0.037594
0.719788 0.524953 0.058545 0.043172
0.498613 0.743787 0.056246 0.034794
0.174851 0.341027 0.061531 0.034142
0.180739 0.234758 0.055568 0.036240
0.499359 0.707476 0.055843 0.036144
0.288280 0.077958 0.069047 0.032998
0.398797 0.485306 0.050140 0.028162
0.724461 0.333857 0.047990 0.035601
0.496131 0.191563 0.058542 0.030582
0.288728 0.587865 0.051418 0.038874
0.835089 0.435722 0.061767 0.035963
0.833391 0.135795 0.048101 0.038321
0.613164 0.434477 0.049329 0.037749
0.938106 0.360389 0.050180 0.039232
0.935116 0.733120 0.056523 0.039309
0.509681 0.589523 0.056326 0.032874
0.615863 0.241106 0.050930 0.032764
0.833724 0.472718 0.047620 0.035091
0.284165 0.114772 0.065515 0.037643
0.721259 0.140046 0.050269 0.040845
0.173928 0.615869 0.050866 0.039988
0.499347 0.115199 0.052451 0.036579
0.292858 0.817491 0.057612 0.039774
0.934108 0.402542 0.060081 0.043097
0.172077 0.534662 0.053765 0.041080
0.724433 0.413007 0.059612 0.036646
0.176385 0.574663 0.053385 0.035496
0.944377 0.604013 0.048265 0.042267
0.826670 0.673525 0.063766 0.036050
0.290881 0.393132 0.054719 0.040790
0.400287 0.209975 0.049216 0.033433
0.171299 0.154416 0.071229 0.039354
0.287871 0.464960 0.054326 0.037608
0.063820 0.640608 0.062301 0.041875
0.397632 0.766243 0.055355 0.036114
0.403672 0.658988 0.048305 0.032072
0.056144 0.804279 0.068010 0.041045
0.288075 0.550297 0.048469 0.035030
0.079516 0.598620 0.058525 0.035898
0.832159 0.097635 0.051666 0.037126
0.936455 0.952748 0.053457 0.034350
0.401579 0.624769 0.047183 0.034797
0.399430 0.099467 0.055473 0.038840
0.935458 0.155260 0.048431 0.043913
0.941999 0.691798 0.067642 0.034192
0.610707 0.587460 0.042860 0.036058
0.611612 0.844277 0.058652 0.036381
0.409929 0.969573 0.062931 0.037137
0.935986 0.079155 0.057148 0.038114
0.401952 0.933811 0.056704 0.035553
0.397808 0.137243 0.047077 0.037712
0.608889 0.471317 0.052375 0.030198
0.175534 0.197642 0.054989 0.036394
0.829258 0.362008 0.067039 0.040515
0.400868 0.452710 0.045174 0.032533
0.720313 0.609811 0.048440 0.031728
0.615652 0.200676 0.058969 0.040036
0.072068 0.522495 0.051267 0.039300
0.829438 0.060469 0.068606 0.037719
0.181743 0.746307 0.057581 0.045019
0.288564 0.352404 0.052905 0.043216
0.719686 0.852994 0.048435 0.034615
0.175655 0.797543 0.058755 0.045685
0.173843 0.386648 0.056532 0.047852
0.725364 0.264531 0.053706 0.041257
0.827121 0.508692 0.067385 0.028574
0.293216 0.860124 0.056124 0.040032
0.509106 0.444715 0.052091 0.033327
0.613210 0.965629 0.053214 0.037400
0.399818 0.732594 0.055571 0.030216
0.939031 0.320509 0.049612 0.039251
0.067723 0.243128 0.072835 0.047279
0.177655 0.658121 0.054327 0.041026
0.609784 0.508964 0.046137 0.039528
0.071742 0.480552 0.053792 0.039785
0.061949 0.931223 0.055794 0.043807
0.831317 0.545222 0.048654 0.037744
0.063930 0.035178 0.059854 0.037448
0.506473 0.035908 0.056150 0.038787
0.615722 0.738712 0.049666 0.037182
0.725847 0.373056 0.045238 0.039333
0.176542 0.437199 0.058947 0.045951
0.397961 0.872648 0.063917 0.030214
0.610156 0.549060 0.044942 0.035959
0.288573 0.666866 0.051708 0.034394
0.400707 0.901536 0.066934 0.030361
0.502400 0.861631 0.051070 0.040027
0.502986 0.307345 0.050895 0.032864
0.723952 0.482429 0.045456 0.035713
0.940690 0.196633 0.049515 0.039434
0.500881 0.822395 0.046371 0.035646
0.504495 0.077514 0.048918 0.037944
0.064975 0.401572 0.049605 0.042993
0.287195 0.703474 0.043926 0.036194
0.934851 0.117262 0.046777 0.031663
0.717834 0.061026 0.058622 0.031803
0.060846 0.758473 0.051887 0.039855
0.513791 0.625222 0.054885 0.042062
0.065728 0.074101 0.056307 0.037544
0.177300 0.272683 0.050307 0.027175
0.507370 0.474627 0.049135 0.025614
0.938812 0.447187 0.049282 0.040844
0.826132 0.635569 0.061197 0.038824
0.720727 0.818102 0.046760 0.033524
0.505761 0.412815 0.044613 0.027903
0.507725 0.901733 0.046979 0.036048
0.180073 0.844493 0.059891 0.044085
0.618837 0.392171 0.052726 0.043767
0.830394 0.173759 0.045624 0.032721
0.290819 0.507950 0.051875 0.044467
0.172916 0.487211 0.049076 0.040940
0.177825 0.701154 0.051499 0.041245
0.067937 0.441056 0.050445 0.036362
0.175806 0.927716 0.052387 0.034554
0.508879 0.338976 0.050763 0.034793
0.938692 0.880565 0.052196 0.041794
0.176616 0.113537 0.056182 0.043252
0.065142 0.972595 0.055701 0.036481
0.831147 0.711460 0.087807 0.037902
0.065635 0.360959 0.052512 0.037280
0.399756 0.354993 0.052395 0.029613
0.935604 0.918545 0.043227 0.031224
0.719362 0.882689 0.045752 0.028759
0.288844 0.155418 0.051074 0.037909
0.179687 0.965097 0.053007 0.036913
0.394968 0.033116 0.061433 0.034829
0.611092 0.626113 0.044846 0.033259
0.070486 0.156746 0.049256 0.034459
0.288409 0.737555 0.044171 0.028405
0.939610 0.485388 0.045276 0.027928
0.831473 0.247640 0.044094 0.027303
0.935384 0.240608 0.059807 0.044470
0.399832 0.422222 0.042922 0.024816
0.616316 0.773613 0.041483 0.030602
0.833812 0.791433 0.041121 0.039172
0.831412 0.319275 0.051979 0.041005
0.509980 0.667459 0.046517 0.041201
0.502472 0.377102 0.059672 0.041811
0.722146 0.570479 0.055971 0.040948
0.177870 0.887601 0.043817 0.039600
0.726536 0.447846 0.042295 0.031354
0.402161 0.591963 0.043516 0.027218
0.613471 0.095247 0.042276 0.032276
0.720562 0.911621 0.049092 0.025812
0.400532 0.800207 0.045479 0.027662
0.938443 0.768762 0.043243 0.030403
0.508647 0.512306 0.044009 0.042493
0.834201 0.752070 0.051879 0.039330
0.716171 0.031055 0.057901 0.033374
0.290760 0.036692 0.058547 0.047583
0.290265 0.267479 0.050697 0.034752
0.060894 0.723253 0.047281 0.029794
0.827731 0.957338 0.052605 0.033682
0.613017 0.063752 0.044724 0.032845
0.293261 0.429805 0.045360 0.026394
0.616476 0.166233 0.043000 0.025764
0.612193 0.032039 0.045058 0.031547
0.719759 0.683270 0.040657 0.029155
0.933331 0.037897 0.047440 0.044239
0.719444 0.713203 0.043369 0.030648
0.832095 0.280405 0.049187 0.038374
0.499499 0.226320 0.051356 0.040548
0.074004 0.562538 0.042988 0.033134
0.295661 0.901799 0.053536 0.044278
0.724137 0.300901 0.052246 0.026094
0.832736 0.590163 0.046219 0.050253
0.718036 0.941480 0.079818 0.031117
0.721780 0.970072 0.066752 0.033069
0.824990 0.028595 0.058600 0.030294
0.612568 0.699213 0.051750 0.038084
0.830503 0.917451 0.045401 0.036398
0.396633 0.066315 0.049124 0.028191
0.177583 0.073887 0.050476 0.040776
0.067901 0.286775 0.046246 0.035608
0.288031 0.232985 0.042529 0.030789
0.614262 0.350176 0.057254 0.037758
0.067899 0.198222 0.045744 0.042418
0.290306 0.192567 0.054487 0.039611
0.069704 0.324460 0.045300 0.034383
0.830125 0.884438 0.037049 0.028209
0.063083 0.849367 0.056872 0.037468
0.611762 0.925035 0.055218 0.037446
0.295583 0.968138 0.064666 0.039412
0.062537 0.888353 0.047071 0.034988
0.510663 0.963651 0.072314 0.051225
0.179347 0.034121 0.049388 0.031891
0.294643 0.939948 0.054531 0.035660
0.511235 0.944434 0.065602 0.046753
0.835825 0.823311 0.047334 0.023750
0.108751 0.840028 0.048617 0.035842
0.850417 0.848784 0.074837 0.039664
