0.509104 0.341368 0.061927 0.041441
0.397573 0.450499 0.056253 0.036260
0.514865 0.296789 0.065228 0.041689
0.509408 0.900939 0.074783 0.042083
0.623086 0.312115 0.059412 0.043415
0.836445 0.883961 0.064547 0.040173
0.182995 0.773018 0.061928 0.043657
0.936855 0.533689 0.055129 0.038606
0.622600 0.400820 0.077053 0.040599
0.520136 0.487877 0.060487 0.034823
0.184980 0.883662 0.067920 0.030634
0.184167 0.289017 0.065234 0.040443
0.515008 0.453240 0.050914 0.029515
0.624687 0.356265 0.060072 0.041897
0.399580 0.570451 0.057751 0.041236
0.936115 0.574238 0.061770 0.038232
0.075730 0.935478 0.063160 0.035569
0.513410 0.251599 0.051111 0.044514
0.395361 0.270569 0.054680 0.039279
0.732145 0.860183 0.056475 0.037077
0.401808 0.410282 0.050709 0.037780
0.515502 0.109463 0.058698 0.040746
0.619613 0.106740 0.060560 0.034913
0.944871 0.653399 0.061296 0.041145
0.074071 0.493648 0.069213 0.043059
0.623520 0.217397 0.063818 0.036498
0.940536 0.740815 0.049227 0.034778
0.832492 0.639656 0.064054 0.044056
0.620515 0.567873 0.078478 0.042099
0.184588 0.656743 0.076296 0.042768
0.297610 0.779772 0.065366 0.042532
0.514130 0.561338 0.048375 0.039337
0.195161 0.577049 0.066302 0.034228
0.512777 0.746321 0.062469 0.036706
0.514358 0.417930 0.052561 0.036553
0.834735 0.517444 0.055617 0.040897
0.514043 0.708791 0.049272 0.035723
0.404556 0.789216 0.078211 0.038276
0.834083 0.796215 0.058062 0.046238
0.934949 0.440614 0.063417 0.044283
0.295188 0.920141 0.061548 0.034089
0.620276 0.139982 0.054633 0.033073
0.191339 0.245112 0.055895 0.043711
0.831464 0.752107 0.053856 0.036268
0.187941 0.540345 0.064194 0.042340
0.624243 0.913181 0.056810 0.038359
0.512836 0.814902 0.066357 0.048109
0.069727 0.737397 0.056763 0.041528
0.072534 0.408773 0.056220 0.043565
0.186389 0.698334 0.061150 0.034992
0.934618 0.698707 0.071361 0.045997
0.836740 0.475339 0.053521 0.038298
0.938958 0.251779 0.062446 0.038566
0.185047 0.734523 0.050189 0.032545
0.734566 0.279327 0.058150 0.041673
0.943115 0.842043 0.051926 0.042790
0.618900 0.262043 0.069471 0.048506
0.072820 0.068772 0.058283 0.039141
0.409761 0.971487 0.064532 0.033111
0.725285 0.447385 0.050165 0.044428
0.189741 0.957396 0.064059 0.042145
0.398137 0.308206 0.051681 0.038079
0.396286 0.144146 0.052618 0.038771
0.399653 0.523836 0.054894 0.047418
0.515948 0.381677 0.044519 0.033367
0.836764 0.841468 0.052535 0.040005
0.075390 0.970604 0.060594 0.033330
0.395483 0.068825 0.059758 0.041027
0.628244 0.789698 0.061549 0.039734
0.730474 0.656374 0.051404 0.038041
0.939909 0.613934 0.067365 0.038164
0.517384 0.157228 0.060483 0.048985
0.519171 0.598362 0.063308 0.034355
0.730814 0.367514 0.051154 0.039893
0.183426 0.918244 0.061399 0.036280
0.296699 0.883089 0.050916 0.039443
0.068833 0.112385 0.058442 0.043158
0.184436 0.616552 0.054865 0.041307
0.734971 0.774692 0.055064 0.040134
0.400295 0.606645 0.051882 0.028929
0.829793 0.052595 0.051870 0.034407
0.621766 0.493894 0.060381 0.039580
0.394431 0.026469 0.066628 0.038343
0.514867 0.859064 0.049605 0.039349
0.832397 0.211060 0.058646 0.044456
0.400943 0.484465 0.046560 0.031671
0.191502 0.852651 0.055412 0.029009
0.073117 0.571883 0.050402 0.039619
0.832889 0.438282 0.052239 0.033809
0.733446 0.694451 0.049622 0.036739
0.517654 0.069082 0.059014 0.040340
0.516293 0.940444 0.052367 0.036248
0.730731 0.406511 0.053547 0.034094
0.184751 0.333278 0.055727 0.041707
0.297170 0.962118 0.058932 0.044436
0.295879 0.394463 0.063525 0.041641
0.516319 0.667332 0.047227 0.044278
0.071637 0.693631 0.055563 0.042467
0.080507 0.866795 0.056008 0.027423
0.627755 0.960354 0.074981 0.051908
0.073098 0.157399 0.062235 0.046532
0.397429 0.106012 0.053403 0.035189
0.400585 0.373982 0.045630 0.033024
0.072243 0.828040 0.051171 0.045259
0.831022 0.086833 0.051718 0.035433
0.839291 0.950597 0.053297 0.036697
0.071462 0.451616 0.051919 0.042349
0.830060 0.716785 0.047088 0.034601
0.621071 0.177187 0.045850 0.036532
0.625751 0.677216 0.053016 0.041227
0.408406 0.937705 0.065076 0.035181
0.940679 0.401582 0.047700 0.031794
0.942427 0.959393 0.049730 0.035045
0.303932 0.692468 0.063315 0.043774
0.072478 0.782654 0.055885 0.043729
0.186574 0.816745 0.050019 0.042250
0.406196 0.829695 0.056396 0.042366
0.398594 0.229849 0.050407 0.039017
0.733328 0.189453 0.059974 0.044112
0.516845 0.972486 0.052772 0.031131
0.941427 0.883604 0.046750 0.031825
0.939558 0.058920 0.051144 0.039842
0.943792 0.138678 0.050891 0.037837
0.517648 0.205828 0.051548 0.042908
0.614316 0.070684 0.052648 0.037775
0.078126 0.317892 0.053710 0.046549
0.938408 0.488856 0.045038 0.046647
0.733515 0.069079 0.059278 0.036692
0.835900 0.919445 0.057664 0.027644
0.939548 0.920894 0.046698 0.039481
0.733299 0.731345 0.044873 0.040324
0.624639 0.447979 0.049186 0.046222
0.518431 0.523851 0.050770 0.031166
0.946958 0.804835 0.053070 0.029378
0.942004 0.213027 0.049700 0.038240
0.404175 0.872946 0.054952 0.044585
0.727084 0.236457 0.058069 0.044864
0.614328 0.030582 0.056709 0.042376
0.836891 0.399363 0.054144 0.044288
0.296872 0.437805 0.059641 0.040964
0.833164 0.020765 0.053517 0.029912
0.396025 0.186566 0.047459 0.043629
0.073464 0.363925 0.047688 0.041953
0.626463 0.875464 0.052885 0.034127
0.188822 0.376400 0.058145 0.041493
0.294019 0.821030 0.078319 0.041223
0.297676 0.736384 0.052346 0.042678
0.403304 0.671217 0.047393 0.034651
0.940144 0.364155 0.053708 0.040278
0.076746 0.534577 0.046507 0.035503
0.939598 0.287281 0.044300 0.034168
0.295531 0.524710 0.050742 0.044730
0.187459 0.459082 0.048662 0.042827
0.515102 0.632838 0.050604 0.028635
0.072328 0.659625 0.043760 0.028238
0.398247 0.343606 0.046743 0.028110
0.296075 0.479727 0.054588 0.040139
0.833068 0.593292 0.055556 0.044896
0.404154 0.637824 0.047602 0.032515
0.941771 0.100438 0.051207 0.037699
0.193271 0.498960 0.056147 0.039832
0.189773 0.416284 0.055109 0.038732
0.941665 0.175991 0.044759 0.033386
0.727667 0.028011 0.043456 0.044120
0.510757 0.029479 0.054993 0.044440
0.730438 0.563271 0.048628 0.043001
0.187389 0.129624 0.041614 0.031698
0.189215 0.200767 0.046630 0.037338
0.734065 0.325181 0.056354 0.041712
0.736071 0.935442 0.054826 0.032034
0.297412 0.161620 0.054553 0.039330
0.942188 0.323495 0.052656 0.039016
0.078750 0.238302 0.046985 0.034006
0.627116 0.753616 0.051851 0.032767
0.408113 0.907168 0.053448 0.028592
0.298631 0.566901 0.043658 0.038452
0.831875 0.680813 0.045310 0.032808
0.830329 0.352625 0.057768 0.045265
0.621585 0.719775 0.056933 0.037964
0.402861 0.709320 0.050579 0.039669
0.733757 0.143724 0.044928 0.041899
0.829978 0.130410 0.050187 0.051148
0.736767 0.818123 0.048803 0.043468
0.625983 0.609111 0.043540 0.035411
0.074534 0.200753 0.048855 0.036763
0.296698 0.121678 0.049228 0.040370
0.069717 0.029270 0.054051 0.034796
0.731082 0.901595 0.057534 0.038856
0.295729 0.074626 0.048821 0.047812
0.732270 0.485919 0.060131 0.028409
0.940242 0.021384 0.041843 0.032962
0.513198 0.777047 0.050971 0.028363
0.832617 0.172385 0.053790 0.027774
0.298259 0.202185 0.054493 0.035001
0.836195 0.554177 0.053750 0.034023
0.299948 0.273540 0.056097 0.040097
0.629829 0.528278 0.052165 0.033166
0.832440 0.253482 0.046278 0.039947
0.294672 0.354762 0.058186 0.039554
0.735147 0.618011 0.050780 0.036309
0.833316 0.304137 0.045445 0.047134
0.072172 0.619015 0.058741 0.045832
0.189595 0.160860 0.054022 0.035379
0.299907 0.236703 0.049849 0.035697
0.305057 0.604638 0.060014 0.031893
0.729152 0.519640 0.062324 0.045704
0.627152 0.639968 0.043679 0.031247
0.296492 0.645122 0.053380 0.042167
0.732076 0.104941 0.048503 0.032771
0.402843 0.748138 0.041119 0.040446
0.076248 0.899800 0.056514 0.034954
0.299381 0.849856 0.054575 0.023439
0.190533 0.059617 0.049790 0.042019
0.943500 0.775068 0.061296 0.027725
0.736864 0.964353 0.055381 0.030927
0.292589 0.029546 0.050750 0.039960
0.187767 0.098572 0.040804 0.032265
0.075695 0.274851 0.045781 0.038635
0.631670 0.830149 0.043816 0.042382
0.186932 0.024003 0.050542 0.029189
0.300462 0.315083 0.071941 0.040862
