0.624457 0.935965 0.064575 0.031068
0.930867 0.302556 0.059294 0.046075
0.523255 0.927628 0.058759 0.040347
0.509135 0.812280 0.062565 0.032281
0.619833 0.839004 0.063175 0.037156
0.931880 0.599344 0.060049 0.042034
0.933948 0.346928 0.061134 0.039853
0.618150 0.801831 0.051708 0.033525
0.817712 0.227413 0.057508 0.038859
0.931509 0.639786 0.064563 0.036370
0.933652 0.915690 0.054784 0.040639
0.177639 0.393621 0.063011 0.044692
0.931491 0.390938 0.065519 0.047203
0.933339 0.680207 0.054151 0.041899
0.714110 0.485081 0.059896 0.038979
0.926678 0.138765 0.059918 0.035040
0.512714 0.775374 0.052775 0.038122
0.396015 0.770156 0.055924 0.040753
0.931229 0.099055 0.048493 0.038489
0.507974 0.734986 0.058679 0.039007
0.398379 0.732907 0.055735 0.035290
0.609859 0.493025 0.067569 0.043477
0.503417 0.694538 0.054304 0.040602
0.821443 0.266023 0.049279 0.035243
0.829969 0.696147 0.059793 0.035958
0.832565 0.924617 0.054485 0.038551
0.934028 0.435265 0.053384 0.040994
0.940265 0.519403 0.055555 0.040727
0.171856 0.219609 0.055664 0.040076
0.182445 0.595754 0.082869 0.043872
0.719559 0.559936 0.072908 0.041460
0.714783 0.442625 0.052986 0.043419
0.937453 0.476312 0.059782 0.039969
0.519303 0.966336 0.059357 0.039255
0.496254 0.479873 0.053869 0.040292
0.501161 0.396250 0.055744 0.037127
0.182295 0.346647 0.061851 0.046841
0.933705 0.254008 0.050601 0.040826
0.392782 0.662872 0.061775 0.040863
0.827034 0.659382 0.052981 0.040066
0.931774 0.956809 0.068221 0.039124
0.389656 0.497330 0.057036 0.045123
0.725310 0.889722 0.064552 0.036507
0.721527 0.847965 0.054404 0.043314
0.831421 0.734431 0.053201 0.035856
0.623871 0.902293 0.064014 0.034528
0.493564 0.356516 0.055069 0.040770
0.728561 0.682413 0.063066 0.041450
0.390617 0.538913 0.067637 0.039393
0.721596 0.953520 0.059207 0.042496
0.182647 0.553367 0.064975 0.042108
0.712544 0.149795 0.054723 0.040617
0.934854 0.803842 0.057776 0.039134
0.400791 0.810220 0.051382 0.041093
0.618379 0.872623 0.056786 0.027108
0.070193 0.591059 0.057911 0.040170
0.824392 0.885066 0.058083 0.038646
0.937419 0.722491 0.052910 0.041562
0.065542 0.327046 0.047245 0.043862
0.626756 0.972033 0.066229 0.038892
0.602179 0.378289 0.076679 0.047627
0.700207 0.033262 0.067106 0.041150
0.722340 0.804179 0.050698 0.038592
0.709412 0.076403 0.066553 0.043123
0.064607 0.753791 0.058949 0.048303
0.519632 0.887418 0.050267 0.037269
0.400808 0.914514 0.056772 0.040029
0.607377 0.034752 0.058338 0.042920
0.497330 0.561922 0.071461 0.049094
0.072696 0.956098 0.055890 0.046161
0.834456 0.961495 0.050943 0.033563
0.183390 0.643995 0.070091 0.046480
0.179672 0.463129 0.060267 0.037975
0.275175 0.033752 0.060008 0.040716
0.064143 0.805346 0.060350 0.050949
0.494493 0.273064 0.063550 0.052258
0.401000 0.849327 0.047970 0.038445
0.388169 0.241950 0.060430 0.042576
0.938787 0.841887 0.047038 0.031119
0.937561 0.876289 0.055385 0.036640
0.498771 0.436695 0.055908 0.039549
0.825869 0.804632 0.063722 0.044690
0.392596 0.409946 0.072562 0.047819
0.488415 0.186376 0.058833 0.037571
0.714928 0.192060 0.051602 0.042956
0.815283 0.307405 0.055396 0.040153
0.830126 0.767611 0.053761 0.030539
0.173251 0.257457 0.053292 0.038092
0.932873 0.558400 0.048372 0.037689
0.610124 0.686182 0.062496 0.036076
0.495311 0.648685 0.062521 0.049050
0.300981 0.959315 0.061789 0.043258
0.074017 0.549243 0.054711 0.041558
0.605688 0.246080 0.055312 0.043186
0.184017 0.739821 0.055473 0.049717
0.064305 0.372530 0.052982 0.044186
0.275473 0.272225 0.054342 0.042613
0.286851 0.351996 0.053549 0.039202
0.724503 0.764413 0.047101 0.040850
0.516708 0.849410 0.049771 0.036923
0.602286 0.117457 0.063823 0.038544
0.493968 0.071102 0.050249 0.041893
0.290968 0.429141 0.051981 0.038996
0.718359 0.521051 0.057702 0.033609
0.298755 0.795040 0.051824 0.044326
0.731084 0.645050 0.055058 0.033733
0.501184 0.517510 0.056103 0.035110
0.069801 0.633377 0.053530 0.037632
0.820212 0.189308 0.046537 0.035971
0.390315 0.200505 0.059269 0.034564
0.930384 0.062696 0.042221 0.034131
0.612620 0.535106 0.063128 0.039568
0.186724 0.966606 0.057908 0.037795
0.179505 0.298540 0.057669 0.043927
0.713182 0.319948 0.052264 0.042173
0.298112 0.841968 0.058819 0.047143
0.294747 0.706292 0.057651 0.041203
0.602787 0.159016 0.071162 0.042610
0.073463 0.914827 0.047107 0.035040
0.172266 0.069618 0.053553 0.039905
0.719665 0.363673 0.057261 0.039812
0.601690 0.333827 0.067017 0.044015
0.389723 0.161949 0.060654 0.045254
0.823594 0.847590 0.050982 0.034677
0.288183 0.390414 0.049766 0.038707
0.173407 0.181969 0.044590 0.033554
0.064214 0.675144 0.055255 0.042227
0.606990 0.290778 0.065308 0.046982
0.064876 0.115715 0.055733 0.037506
0.817766 0.104776 0.050149 0.035835
0.281061 0.071565 0.047572 0.034708
0.174555 0.145616 0.051917 0.037307
0.931913 0.178252 0.046805 0.037331
0.068797 0.712627 0.058737 0.035699
0.396523 0.618188 0.054862 0.044244
0.491404 0.318826 0.053548 0.037244
0.398338 0.699555 0.046286 0.027800
0.493642 0.146645 0.047507 0.036903
0.180791 0.691833 0.054834 0.046553
0.280512 0.224437 0.055101 0.045527
0.611973 0.458944 0.064754 0.027252
0.606835 0.077118 0.052831 0.042426
0.815878 0.025492 0.055925 0.036342
0.608762 0.648534 0.048048 0.038007
0.723166 0.918274 0.068514 0.026134
0.070672 0.158821 0.054735 0.042551
0.182888 0.783914 0.053061 0.039122
0.295416 0.917462 0.061862 0.042072
0.822740 0.411925 0.051205 0.037829
0.065898 0.238691 0.047100 0.049657
0.831590 0.613784 0.050404 0.040123
0.832882 0.523870 0.056577 0.041678
0.940865 0.762383 0.051275 0.036180
0.189267 0.824469 0.051738 0.043160
0.932744 0.215076 0.043630 0.037348
0.402145 0.955300 0.039623 0.035807
0.717790 0.400400 0.060963 0.032314
0.820479 0.063314 0.050378 0.041712
0.720446 0.230824 0.045837 0.033952
0.610891 0.421472 0.054161 0.038250
0.065433 0.285240 0.046628 0.038644
0.709347 0.113068 0.051899 0.034168
0.172762 0.108671 0.050196 0.038183
0.927886 0.026654 0.055009 0.029630
0.495459 0.224322 0.053671 0.040265
0.499234 0.606260 0.050891 0.038630
0.391355 0.577973 0.054666 0.035927
0.061057 0.074840 0.053587 0.038437
0.612209 0.201929 0.081085 0.045880
0.065603 0.033522 0.051681 0.041518
0.176731 0.506652 0.060640 0.048144
0.392309 0.454676 0.052312 0.038579
0.179405 0.431032 0.046220 0.028133
0.289900 0.473761 0.054358 0.038377
0.062639 0.418790 0.051201 0.039946
0.189741 0.897706 0.041989 0.034679
0.297051 0.882548 0.046846 0.033652
0.281333 0.312209 0.056426 0.038865
0.819020 0.361234 0.068622 0.057613
0.400340 0.881892 0.041923 0.027532
0.611592 0.724539 0.053353 0.040827
0.393151 0.364095 0.060280 0.035812
0.609483 0.574419 0.063038 0.043751
0.300692 0.559643 0.057033 0.036857
0.300934 0.749510 0.058414 0.041674
0.287096 0.157647 0.048362 0.040848
0.067604 0.847914 0.056164 0.036697
0.189833 0.863347 0.042059 0.033276
0.069415 0.196752 0.047148 0.029508
0.490362 0.109816 0.045453 0.033192
0.496332 0.031165 0.052623 0.035074
0.189528 0.931858 0.051822 0.034850
0.729281 0.602107 0.052378 0.046739
0.823739 0.481855 0.068003 0.043680
0.618685 0.767068 0.049603 0.038040
0.298006 0.665752 0.051251 0.038621
0.069052 0.880306 0.050744 0.037928
0.714433 0.272995 0.049172 0.046044
0.072400 0.506208 0.047875 0.043706
0.171972 0.029075 0.048081 0.035957
0.388103 0.117202 0.048205 0.042930
0.818195 0.150864 0.049737 0.038863
0.065894 0.461962 0.056922 0.046024
0.829171 0.569671 0.048486 0.043194
0.392680 0.284172 0.056403 0.038070
0.287733 0.111586 0.053385 0.044913
0.295618 0.595718 0.048886 0.034335
0.610191 0.613098 0.048028 0.036381
0.728922 0.724364 0.044967 0.037835
0.290472 0.514468 0.051133 0.047449
0.822557 0.448597 0.049900 0.028846
0.296200 0.628965 0.052427 0.038805
0.382750 0.076504 0.049630 0.041209
0.387019 0.032847 0.038897 0.038336
0.394528 0.323939 0.076030 0.043309
0.287157 0.188803 0.037415 0.020604
