0.501397 0.111502 0.086837 0.055321
0.604157 0.389153 0.092394 0.056343
0.822880 0.542688 0.078396 0.050767
0.603338 0.331292 0.088560 0.051922
0.394050 0.255812 0.082102 0.050996
0.385190 0.568295 0.096283 0.055322
0.384809 0.863582 0.090126 0.050228
0.273155 0.567890 0.081436 0.056846
0.172662 0.890019 0.076735 0.054205
0.714401 0.523517 0.086729 0.047643
0.389300 0.105619 0.080926 0.054144
0.928597 0.682686 0.091450 0.055791
0.932356 0.324043 0.094360 0.050035
0.274084 0.505317 0.091859 0.060975
0.392347 0.966601 0.094130 0.047454
0.825228 0.312271 0.081685 0.048756
0.167828 0.491569 0.071658 0.047772
0.605452 0.553678 0.090283 0.056734
0.606618 0.611817 0.082216 0.053222
0.070793 0.873286 0.068932 0.050574
0.825246 0.597590 0.083241 0.050631
0.280711 0.331183 0.082895 0.052239
0.278780 0.215778 0.091124 0.061689
0.177001 0.834882 0.077814 0.048414
0.391367 0.745041 0.069747 0.053104
0.495806 0.860752 0.077380 0.045832
0.275203 0.795048 0.074631 0.057242
0.934796 0.622969 0.074003 0.056962
0.492229 0.585034 0.084024 0.051819
0.938087 0.267724 0.070445 0.051157
0.065559 0.332185 0.087791 0.052338
0.715094 0.327482 0.083023 0.054350
0.606327 0.156440 0.075687 0.056884
0.710934 0.918108 0.077654 0.044315
0.498415 0.166184 0.074423 0.046775
0.385966 0.512918 0.079108 0.049317
0.601380 0.275795 0.074238 0.056071
0.607912 0.216387 0.090104 0.055298
0.071321 0.099783 0.082266 0.053247
0.384122 0.310505 0.078954 0.047358
0.708990 0.810202 0.084925 0.050629
0.828624 0.366528 0.073608 0.052345
0.071329 0.276123 0.091001 0.050507
0.710106 0.868233 0.089334 0.053253
0.821335 0.748130 0.087212 0.053034
0.281622 0.444836 0.076737 0.056277
0.164283 0.548006 0.073204 0.053711
0.285402 0.156221 0.093152 0.051934
0.384312 0.458507 0.073356 0.051109
0.822900 0.693244 0.085722 0.045376
0.926880 0.879310 0.074161 0.041505
0.392312 0.363925 0.075424 0.047202
0.281211 0.847838 0.075834 0.048145
0.170297 0.691016 0.077578 0.046650
0.280734 0.900377 0.074792 0.046630
0.503239 0.265483 0.079492 0.049455
0.069003 0.727374 0.079030 0.051741
0.607155 0.779451 0.077167 0.057059
0.282061 0.737795 0.070683 0.045388
0.712056 0.471790 0.084095 0.046503
0.933010 0.109122 0.086091 0.052684
0.927000 0.781835 0.075912 0.046212
0.496181 0.318241 0.081910 0.051269
0.175412 0.782182 0.075142 0.047337
0.391405 0.804886 0.077435 0.059675
0.607512 0.498430 0.069924 0.044911
0.168479 0.641451 0.074685 0.042227
0.494251 0.422217 0.084459 0.041306
0.715591 0.578760 0.068929 0.049249
0.496008 0.754439 0.071401 0.043539
0.273936 0.684523 0.073757 0.048402
0.934980 0.163986 0.075354 0.049164
0.597624 0.927458 0.074339 0.040641
0.706948 0.754941 0.101761 0.052656
0.824536 0.208809 0.096046 0.059062
0.170624 0.165372 0.068206 0.056424
0.489450 0.477719 0.086937 0.057608
0.606396 0.716609 0.068237 0.057948
0.494597 0.372332 0.078404 0.052756
0.491032 0.806974 0.069349 0.051392
0.819552 0.870687 0.068997 0.046546
0.071938 0.608389 0.072126 0.047781
0.383668 0.686707 0.085356 0.057104
0.608116 0.051329 0.087060 0.056271
0.610306 0.663758 0.086196 0.044657
0.393634 0.048810 0.075203 0.053061
0.068042 0.923574 0.068265 0.046756
0.602269 0.447072 0.067492 0.054024
0.386661 0.914785 0.063287 0.049512
0.387411 0.409601 0.072400 0.036574
0.814869 0.913137 0.069661 0.037313
0.498288 0.911567 0.086564 0.042851
0.717215 0.155526 0.074848 0.061279
0.928602 0.962824 0.075391 0.043105
0.922558 0.832238 0.068337 0.051528
0.719758 0.100317 0.067710 0.039117
0.170723 0.104487 0.062557 0.048625
0.716388 0.428284 0.079494 0.038536
0.166654 0.274147 0.063188 0.042991
0.938173 0.511913 0.066061 0.057717
0.276933 0.385547 0.069485 0.051441
0.824524 0.486545 0.065647 0.051138
0.173062 0.052288 0.057592 0.052070
0.067542 0.158851 0.083828 0.058644
0.074970 0.046283 0.074064 0.050303
0.832214 0.148826 0.088391 0.059096
0.063049 0.970942 0.067699 0.044072
0.503237 0.633041 0.078809 0.040736
0.813781 0.957853 0.077539 0.047877
0.063737 0.665598 0.091578 0.057585
0.067040 0.218607 0.065306 0.059423
0.706731 0.963654 0.069501 0.044271
0.825452 0.262287 0.077077 0.038213
0.718109 0.050997 0.063991 0.052286
0.072499 0.391080 0.080893 0.058199
0.391113 0.201306 0.077058 0.050312
0.491769 0.534534 0.072034 0.041805
0.604076 0.836022 0.065048 0.049333
0.926593 0.921058 0.074184 0.038336
0.717389 0.382044 0.069924 0.051990
0.498066 0.960379 0.072573 0.050067
0.712076 0.273359 0.068758 0.054812
0.278059 0.051217 0.082376 0.052902
0.939698 0.047550 0.089161 0.055471
0.820297 0.045972 0.073013 0.044127
0.708558 0.216177 0.084045 0.050562
0.169098 0.438168 0.056057 0.053680
0.173982 0.737159 0.068332 0.034206
0.497425 0.216635 0.062697 0.043925
0.941675 0.568936 0.075593 0.045740
0.938489 0.215882 0.077789 0.041334
0.076729 0.824560 0.074091 0.037294
0.164375 0.224114 0.077187 0.051864
0.169443 0.937366 0.060525 0.034747
0.928709 0.733638 0.062714 0.042759
0.274915 0.275613 0.092143 0.056793
0.067364 0.552852 0.082064 0.060401
0.271163 0.626421 0.077499 0.054762
0.504758 0.052010 0.073764 0.054993
0.819279 0.810505 0.070109 0.065284
0.717576 0.631219 0.073823 0.047758
0.602164 0.965442 0.064911 0.038645
0.932989 0.447527 0.083039 0.053073
0.280582 0.104956 0.060859 0.046718
0.068304 0.490400 0.054666 0.047497
0.720073 0.691288 0.080776 0.047129
0.601664 0.884514 0.052808 0.040668
0.068967 0.442303 0.055097 0.040842
0.826496 0.420640 0.066684 0.049428
0.392189 0.154856 0.048059 0.039627
0.169654 0.328480 0.066682 0.055815
0.282392 0.949497 0.081686 0.045454
0.609800 0.101667 0.058144 0.042043
0.831239 0.093110 0.076091 0.049018
0.168208 0.387299 0.068037 0.038809
0.069784 0.780741 0.057183 0.048299
0.389012 0.625668 0.072143 0.054833
0.826993 0.647436 0.049848 0.038533
0.172084 0.598014 0.044673 0.037985
0.936569 0.385423 0.067413 0.059458
0.495877 0.692531 0.086819 0.062562
0.165181 0.974870 0.097510 0.040214
0.282553 0.968052 0.088255 0.043369
