0.293005 0.422146 0.064868 0.036143
0.288520 0.292996 0.066050 0.042976
0.398001 0.629628 0.072130 0.044444
0.290792 0.380520 0.060059 0.044262
0.296892 0.603139 0.060229 0.038919
0.940174 0.569056 0.073333 0.043184
0.737599 0.671222 0.063285 0.037116
0.735111 0.629363 0.056375 0.044498
0.619069 0.330506 0.074545 0.047466
0.631062 0.822005 0.076680 0.042161
0.622655 0.406453 0.075427 0.038167
0.080735 0.689690 0.071319 0.039943
0.067658 0.209281 0.056612 0.040049
0.618566 0.240818 0.069472 0.037198
0.291694 0.335973 0.056214 0.038395
0.281103 0.102279 0.072656 0.046515
0.737413 0.496389 0.054673 0.039312
0.393934 0.084109 0.066695 0.038984
0.187125 0.740728 0.057224 0.041597
0.394046 0.263305 0.066205 0.038327
0.512817 0.649618 0.058380 0.042345
0.739307 0.713260 0.051293 0.043272
0.403669 0.420091 0.088311 0.045964
0.620882 0.199748 0.060792 0.039221
0.623693 0.282502 0.056863 0.044984
0.390099 0.038870 0.064977 0.047488
0.740264 0.757440 0.063411 0.040967
0.733469 0.457080 0.052003 0.035489
0.945310 0.525519 0.058771 0.039728
0.745628 0.835430 0.060638 0.040577
0.296905 0.530548 0.064917 0.033873
0.287639 0.146591 0.056886 0.042567
0.075242 0.642764 0.073301 0.047878
0.409761 0.748522 0.053418 0.033776
0.629808 0.862895 0.071617 0.037743
0.418214 0.865410 0.052585 0.043575
0.284760 0.252493 0.050772 0.030741
0.081092 0.937845 0.072056 0.033690
0.718019 0.152429 0.064525 0.043800
0.285842 0.219131 0.054217 0.037739
0.516428 0.692092 0.053698 0.042656
0.504212 0.073623 0.058716 0.040701
0.065728 0.169259 0.054458 0.041777
0.732382 0.383070 0.052426 0.041551
0.943276 0.615871 0.058654 0.041218
0.623921 0.480753 0.064817 0.034688
0.080523 0.869902 0.051278 0.038276
0.839010 0.433878 0.061025 0.042786
0.946664 0.405472 0.051320 0.035887
0.732987 0.590581 0.054087 0.033597
0.504509 0.113865 0.055700 0.037850
0.947418 0.188335 0.054741 0.035980
0.178419 0.184437 0.071498 0.043361
0.183834 0.423097 0.057957 0.043000
0.183790 0.863635 0.056239 0.042043
0.508993 0.540511 0.061061 0.035325
0.070064 0.250337 0.057290 0.040430
0.408046 0.470130 0.069254 0.049429
0.946059 0.154080 0.055843 0.032423
0.080739 0.905795 0.056621 0.030894
0.401128 0.548369 0.054890 0.037823
0.419543 0.904873 0.051243 0.035196
0.621597 0.644053 0.054200 0.041974
0.517503 0.736225 0.051452 0.039048
0.181038 0.696112 0.069703 0.048283
0.401881 0.304755 0.061004 0.038249
0.175781 0.113977 0.062139 0.047278
0.833545 0.270616 0.052521 0.036707
0.946526 0.226502 0.052436 0.031688
0.510858 0.576595 0.056989 0.039990
0.182077 0.223308 0.069136 0.034614
0.735470 0.422043 0.048356 0.033272
0.403574 0.346186 0.054882 0.039482
0.734729 0.264569 0.053836 0.044833
0.077626 0.729827 0.063756 0.035755
0.514963 0.893793 0.054178 0.040535
0.066968 0.040417 0.065607 0.043144
0.502537 0.033257 0.050965 0.037678
0.623084 0.745744 0.057511 0.035885
0.519514 0.808489 0.053702 0.033472
0.628893 0.781143 0.052482 0.039957
0.513644 0.849309 0.051172 0.046506
0.620394 0.445920 0.045947 0.034101
0.289008 0.461825 0.056172 0.038700
0.838133 0.144941 0.057096 0.031081
0.300581 0.566867 0.052261 0.034181
0.625931 0.709850 0.054863 0.031137
0.617321 0.077491 0.054861 0.045204
0.190255 0.465386 0.056666 0.039997
0.622579 0.598019 0.056484 0.049010
0.281744 0.031049 0.053571 0.032909
0.097076 0.973801 0.066867 0.036089
0.174579 0.340224 0.050900 0.042544
0.946555 0.480883 0.047369 0.045174
0.524403 0.773218 0.060851 0.036617
0.735933 0.911176 0.050415 0.034103
0.737804 0.877952 0.054909 0.032509
0.302241 0.847481 0.056151 0.044318
0.502197 0.383877 0.053784 0.045863
0.944074 0.664322 0.057713 0.049994
0.178888 0.262855 0.049083 0.038615
0.071049 0.292244 0.051414 0.037760
0.943781 0.257513 0.047279 0.031936
0.514162 0.612899 0.051310 0.031853
0.623473 0.372053 0.051455 0.031275
0.739172 0.529241 0.056772 0.028049
0.506746 0.300235 0.060401 0.039999
0.833912 0.227815 0.044090 0.039708
0.285111 0.063503 0.057665 0.029741
0.421627 0.965826 0.064822 0.035804
0.625511 0.679701 0.051402 0.033371
0.066982 0.085269 0.052205 0.043066
0.511008 0.469600 0.072373 0.033292
0.503484 0.155338 0.051913 0.040239
0.292620 0.496646 0.045733 0.032750
0.407845 0.712769 0.047117 0.037324
0.412470 0.786938 0.055740 0.038820
0.507325 0.430437 0.052132 0.048271
0.830412 0.312088 0.056347 0.040721
0.297791 0.805348 0.066563 0.042947
0.398624 0.158716 0.044101 0.029177
0.504947 0.192786 0.049331 0.036614
0.285732 0.185019 0.044239 0.030513
0.395060 0.222885 0.050634 0.035772
0.510964 0.339225 0.059017 0.040392
0.396882 0.124395 0.044869 0.034303
0.942813 0.368980 0.043723 0.034919
0.716732 0.034461 0.058179 0.042300
0.066574 0.127293 0.048702 0.039174
0.624590 0.516168 0.051355 0.036249
0.734892 0.312540 0.080525 0.043416
0.834734 0.185632 0.045981 0.042726
0.946449 0.442574 0.045095 0.030861
0.749405 0.796661 0.053060 0.030406
0.082948 0.595771 0.055079 0.040083
0.741092 0.947619 0.051517 0.038103
0.299661 0.704783 0.056948 0.033048
0.631086 0.959407 0.050399 0.034611
0.626949 0.552277 0.053748 0.040582
0.403560 0.674844 0.054847 0.038142
0.306200 0.891982 0.051723 0.042376
0.628480 0.161222 0.072916 0.038058
0.613560 0.032615 0.054456 0.039633
0.077449 0.833151 0.049378 0.032575
0.184648 0.815796 0.050240 0.048632
0.185837 0.776322 0.053869 0.025653
0.722052 0.221650 0.066442 0.040786
0.190297 0.505246 0.057799 0.041185
0.830407 0.356294 0.053991 0.041163
0.403703 0.509144 0.065061 0.038348
0.395064 0.190322 0.046444 0.033183
0.079317 0.506676 0.050334 0.034027
0.834840 0.394453 0.054748 0.038481
0.419136 0.937158 0.045050 0.025138
0.301622 0.766405 0.047364 0.035612
0.943347 0.329037 0.045164 0.046083
0.736055 0.558288 0.045352 0.028330
0.302530 0.735426 0.051490 0.029100
0.408071 0.380719 0.048777 0.031008
0.176836 0.067512 0.046477 0.043943
0.187270 0.614528 0.049838 0.036269
0.416793 0.824077 0.046057 0.034822
0.718128 0.076326 0.047031 0.040516
0.074995 0.331828 0.053859 0.040842
0.173996 0.300443 0.049827 0.034232
0.940151 0.120423 0.044954 0.036249
0.726516 0.188817 0.055093 0.031541
0.717624 0.113978 0.044967 0.033451
0.188262 0.545219 0.047969 0.036228
0.503908 0.227048 0.045823 0.034171
0.941459 0.027652 0.038594 0.032545
0.834134 0.106655 0.065765 0.046675
0.402227 0.586445 0.044249 0.034951
0.504987 0.262855 0.047315 0.035153
0.186647 0.651271 0.050696 0.033908
0.943728 0.289879 0.039046 0.031024
0.177936 0.380751 0.044026 0.038177
0.077703 0.767823 0.039836 0.034879
0.733885 0.348855 0.059400 0.026960
0.631375 0.900068 0.047205 0.031781
0.939418 0.062227 0.039821 0.036329
0.186334 0.580112 0.047034 0.037069
0.509707 0.502497 0.056499 0.033230
0.306433 0.968552 0.047836 0.033075
0.938732 0.090781 0.038941 0.025087
0.077381 0.403765 0.051608 0.047766
0.177916 0.151431 0.052169 0.027927
0.297310 0.658165 0.057327 0.053587
0.077931 0.549679 0.067727 0.048899
0.175092 0.030523 0.049058 0.034436
0.631709 0.930804 0.037416 0.025748
0.200182 0.968444 0.044957 0.025991
0.199058 0.948141 0.042269 0.025737
0.074631 0.448304 0.046013 0.040670
0.617746 0.119739 0.056643 0.039188
0.519021 0.954289 0.076312 0.044569
0.076369 0.801928 0.041598 0.034461
0.193655 0.909854 0.051378 0.044505
0.517529 0.934171 0.065137 0.041858
0.076572 0.367010 0.036238 0.023914
0.302846 0.931387 0.044829 0.038758
0.079862 0.477600 0.040367 0.024438
