0.828270 0.349468 0.063624 0.031288
0.831057 0.139598 0.065149 0.031082
0.641102 0.265985 0.054337 0.034064
0.917369 0.301896 0.051825 0.036719
0.417927 0.760782 0.050752 0.034353
0.823114 0.719072 0.055998 0.029909
0.908118 0.683308 0.049145 0.033084
0.729142 0.410727 0.063576 0.028894
0.543382 0.331190 0.055592 0.035593
0.520358 0.791871 0.053252 0.032885
0.351709 0.245437 0.057653 0.031156
0.830608 0.272216 0.050652 0.035413
0.718239 0.826162 0.048545 0.034542
0.741219 0.182344 0.054858 0.034541
0.143134 0.727650 0.052144 0.034016
0.542591 0.259171 0.045957 0.026615
0.730312 0.473672 0.054713 0.031561
0.823975 0.385966 0.055054 0.036102
0.231029 0.887201 0.062542 0.024723
0.540999 0.404587 0.051379 0.035355
0.829918 0.311677 0.049876 0.037069
0.727495 0.509037 0.048793 0.033702
0.539014 0.367547 0.057379 0.035944
0.541432 0.292488 0.053851 0.029932
0.820141 0.755387 0.046304 0.033143
0.247476 0.259894 0.053403 0.038664
0.154102 0.280992 0.055233 0.036493
0.833537 0.203415 0.052756 0.030178
0.521516 0.865129 0.054725 0.025432
0.821411 0.650264 0.050683 0.034638
0.625246 0.571132 0.054440 0.031131
0.729518 0.350978 0.054621 0.029001
0.233129 0.783630 0.057792 0.035095
0.142823 0.838254 0.062832 0.029586
0.233740 0.822496 0.051260 0.034307
0.437158 0.365255 0.053613 0.029567
0.338769 0.457591 0.052029 0.030385
0.913047 0.398523 0.052557 0.031027
0.239586 0.603701 0.053791 0.036511
0.328855 0.586010 0.059618 0.036217
0.634457 0.421806 0.060449 0.028420
0.821338 0.549428 0.063800 0.029965
0.718789 0.862010 0.053374 0.031863
0.718512 0.893411 0.054647 0.029205
0.820272 0.583711 0.050341 0.031122
0.228510 0.859071 0.054956 0.026110
0.536772 0.482908 0.064857 0.040928
0.832922 0.171475 0.050598 0.029804
0.350787 0.180987 0.050501 0.030173
0.144205 0.875573 0.058555 0.031515
0.907618 0.618676 0.047158 0.031842
0.530240 0.522240 0.058965 0.033763
0.916171 0.366007 0.053308 0.030665
0.436939 0.334144 0.055174 0.025540
0.727864 0.545081 0.050980 0.030982
0.738097 0.216537 0.059651 0.034430
0.545729 0.165844 0.063410 0.033546
0.726893 0.583750 0.052759 0.034589
0.907699 0.773621 0.049226 0.033567
0.918179 0.243313 0.047797 0.031166
0.349604 0.280474 0.052377 0.032763
0.330134 0.549298 0.051927 0.029515
0.420390 0.659213 0.064418 0.031480
0.437307 0.300089 0.046992 0.032914
0.444546 0.264984 0.051589 0.029336
0.517081 0.895857 0.050091 0.029939
0.535979 0.441148 0.060030 0.031107
0.614088 0.867972 0.049679 0.034340
0.539111 0.228217 0.046768 0.029068
0.825338 0.473315 0.050506 0.035609
0.522436 0.730770 0.053305 0.025802
0.419152 0.798483 0.049033 0.038589
0.423196 0.871446 0.063270 0.029599
0.143133 0.691502 0.055712 0.030804
0.254998 0.189454 0.059762 0.030241
0.150960 0.405214 0.062066 0.028577
0.424560 0.693223 0.064826 0.031177
0.812680 0.885355 0.050592 0.026498
0.833316 0.236997 0.051082 0.031495
0.532268 0.581361 0.050794 0.033728
0.631233 0.334175 0.048295 0.031975
0.143910 0.908777 0.050921 0.032549
0.444619 0.205155 0.045520 0.032652
0.640664 0.203183 0.058073 0.023942
0.909622 0.556037 0.046568 0.032577
0.349907 0.142728 0.049639 0.033589
0.348093 0.353849 0.057329 0.030513
0.919043 0.211148 0.050385 0.029039
0.739310 0.142994 0.049882 0.033183
0.916036 0.460156 0.050656 0.029161
0.429683 0.464692 0.046743 0.033166
0.156537 0.318095 0.054844 0.033871
0.730491 0.316650 0.051506 0.031320
0.529409 0.670332 0.057309 0.026620
0.622207 0.641082 0.050323 0.024192
0.529830 0.639723 0.062628 0.027221
0.151045 0.208570 0.054132 0.024647
0.818177 0.615560 0.044598 0.028633
0.641402 0.171876 0.041904 0.032631
0.329945 0.655132 0.050332 0.036546
0.921637 0.145821 0.048496 0.034929
0.435281 0.399544 0.047268 0.033451
0.518728 0.829597 0.043456 0.034945
0.241006 0.714843 0.054487 0.026945
0.916422 0.494170 0.046288 0.031129
0.252362 0.222399 0.048575 0.031749
0.817861 0.817617 0.048714 0.031586
0.242250 0.680504 0.049236 0.039909
0.522161 0.698991 0.049364 0.029459
0.907419 0.867220 0.048475 0.028709
0.342234 0.422396 0.050257 0.030141
0.640521 0.230737 0.041518 0.029361
0.633234 0.366868 0.044635 0.024859
0.146787 0.659921 0.057912 0.028549
0.237771 0.641684 0.051502 0.027388
0.337988 0.488281 0.051884 0.028073
0.154133 0.240067 0.044969 0.036331
0.149326 0.504084 0.052563 0.026702
0.623501 0.606605 0.050006 0.035522
0.718376 0.730099 0.044015 0.032902
0.331784 0.695046 0.054703 0.030910
0.915312 0.336187 0.042867 0.029913
0.433000 0.543532 0.055724 0.029479
0.616073 0.671860 0.053931 0.029896
0.347884 0.318433 0.047330 0.036309
0.331092 0.622046 0.056294 0.027319
0.618020 0.795484 0.046844 0.034357
0.153831 0.178369 0.043821 0.030580
0.819974 0.686026 0.045837 0.027139
0.720559 0.694688 0.042441 0.030716
0.429850 0.433625 0.049368 0.024687
0.837250 0.107875 0.059056 0.027321
0.736313 0.253510 0.042665 0.033196
0.635825 0.298629 0.049842 0.031283
0.820500 0.512181 0.046517 0.035160
0.142041 0.805896 0.056326 0.023315
0.644735 0.135192 0.048657 0.033148
0.907381 0.740683 0.052231 0.025710
0.545467 0.134457 0.060117 0.025906
0.145954 0.594500 0.052804 0.029767
0.725580 0.441869 0.043299 0.027598
0.446636 0.141821 0.057435 0.025931
0.427417 0.573183 0.050385 0.024847
0.239142 0.533036 0.046978 0.035443
0.325863 0.790649 0.043122 0.030883
0.631224 0.512101 0.051369 0.025181
0.142329 0.770160 0.047447 0.038967
0.246437 0.417584 0.051797 0.027010
0.347461 0.212183 0.042133 0.029035
0.908636 0.714949 0.050178 0.022763
0.613741 0.830993 0.042847 0.029640
0.725493 0.615741 0.045142 0.032091
0.544558 0.197010 0.052214 0.029809
0.250599 0.323156 0.048365 0.032125
0.156806 0.108419 0.065252 0.032109
0.523298 0.758555 0.054988 0.022789
0.624626 0.730667 0.047274 0.031522
0.352621 0.107845 0.059361 0.028248
0.919358 0.270486 0.052837 0.024197
0.717853 0.790424 0.038407 0.030596
0.826550 0.418203 0.057641 0.026077
0.738144 0.285567 0.046140 0.029019
0.720570 0.654495 0.041173 0.037032
0.741976 0.110076 0.051585 0.029043
0.326614 0.906476 0.048568 0.036914
0.730779 0.379651 0.037800 0.026317
0.631345 0.539024 0.051555 0.022950
0.633841 0.391958 0.053495 0.022323
0.633262 0.485983 0.052355 0.022228
0.815483 0.849766 0.046517 0.027238
0.909554 0.526111 0.050512 0.025582
0.919976 0.113277 0.052072 0.027735
0.809193 0.915814 0.058626 0.028432
0.908083 0.587945 0.054379 0.022431
0.417808 0.837691 0.040257 0.032977
0.243500 0.451494 0.051324 0.032159
0.238327 0.569030 0.042813 0.029480
0.631122 0.455033 0.045940 0.034443
0.152828 0.144456 0.047795 0.032422
0.715514 0.922511 0.045508 0.027803
0.445204 0.171318 0.041866 0.028763
0.921964 0.178826 0.044294 0.025276
0.149031 0.438894 0.048068 0.034489
0.423331 0.628798 0.046719 0.031516
0.245955 0.489376 0.046386 0.036217
0.819161 0.786737 0.053378 0.023195
0.328327 0.726693 0.040581 0.029215
0.325287 0.756934 0.040956 0.028360
0.237214 0.747787 0.044194 0.032883
0.325426 0.863329 0.046709 0.032099
0.908596 0.650451 0.038701 0.033223
0.233784 0.916213 0.056669 0.027045
0.445755 0.111199 0.060470 0.034276
0.333703 0.519762 0.040621 0.028462
0.144603 0.628151 0.039567 0.030620
0.442748 0.236530 0.052862 0.023405
0.323944 0.826445 0.047085 0.027110
0.907725 0.920887 0.045809 0.030025
0.244129 0.385887 0.038585 0.029534
0.151697 0.351759 0.044236 0.031419
0.344395 0.388454 0.042264 0.034120
0.912062 0.429180 0.039185 0.025416
0.908564 0.895307 0.057173 0.020959
0.250723 0.106473 0.054636 0.026876
0.904089 0.806691 0.039950 0.027733
0.623178 0.698938 0.036361 0.025580
0.429370 0.504929 0.042633 0.038951
0.246624 0.355443 0.037645 0.030109
0.418295 0.899398 0.045660 0.020654
0.906259 0.835742 0.036571 0.027103
0.428825 0.598280 0.050392 0.021229
0.530937 0.550937 0.051898 0.020326
0.824295 0.443783 0.047982 0.021410
0.150052 0.380213 0.046414 0.021991
0.643753 0.107216 0.050192 0.022044
0.716618 0.761738 0.051918 0.021420
0.146428 0.535505 0.040717 0.024414
0.527962 0.612065 0.052756 0.019405
0.254430 0.136148 0.044203 0.027772
0.245936 0.293108 0.054755 0.025349
0.421297 0.920741 0.053638 0.020275
0.257097 0.159900 0.044493 0.020120
0.145473 0.562335 0.039623 0.028389
0.620256 0.762605 0.038003 0.025304
0.548560 0.106666 0.047710 0.024422
0.665275 0.033353 0.048504 0.040715
0.421658 0.724900 0.054879 0.033081
0.146794 0.474314 0.041019 0.029045
0.620238 0.906363 0.063873 0.038770
0.524910 0.922387 0.065233 0.018892
