0.124302 0.383455 0.064772 0.038337
0.587994 0.760281 0.070624 0.034528
0.221840 0.355566 0.055369 0.029992
0.404453 0.741127 0.060709 0.034230
0.223349 0.424963 0.061258 0.030764
0.400015 0.778701 0.060581 0.033616
0.288209 0.836637 0.058425 0.026792
0.106727 0.662300 0.066134 0.029854
0.220638 0.390306 0.053317 0.031701
0.778604 0.682416 0.055737 0.034702
0.129434 0.314994 0.058896 0.031587
0.124527 0.347337 0.057832 0.025220
0.606765 0.506486 0.052584 0.033453
0.122217 0.460404 0.062166 0.033904
0.521188 0.232008 0.060823 0.029769
0.313420 0.513888 0.060411 0.030443
0.894292 0.336523 0.060549 0.030683
0.232639 0.124241 0.058252 0.036702
0.325756 0.338540 0.058497 0.033619
0.771735 0.848336 0.054482 0.032269
0.322339 0.298841 0.058247 0.033847
0.506015 0.530936 0.060845 0.027343
0.864161 0.807106 0.052620 0.027440
0.294572 0.806074 0.058386 0.026201
0.616676 0.229441 0.056389 0.030497
0.801912 0.335158 0.054877 0.031399
0.804990 0.301527 0.052889 0.026564
0.607761 0.411975 0.065841 0.030837
0.135873 0.211607 0.054017 0.036637
0.783263 0.643258 0.059316 0.033163
0.894307 0.305467 0.048575 0.026786
0.881183 0.441097 0.053592 0.033508
0.431752 0.130623 0.058057 0.027661
0.124365 0.424599 0.054545 0.033000
0.398624 0.814699 0.064171 0.030504
0.419344 0.305979 0.050637 0.032768
0.332728 0.150523 0.056035 0.031691
0.221163 0.458369 0.050462 0.033198
0.097565 0.735055 0.056425 0.032916
0.861448 0.839883 0.059303 0.028300
0.424574 0.246138 0.060564 0.029623
0.879645 0.478951 0.056927 0.030291
0.615468 0.340454 0.051197 0.030104
0.227602 0.214381 0.051215 0.034202
0.798484 0.398659 0.052103 0.031702
0.317843 0.409562 0.047267 0.036117
0.716938 0.199099 0.049652 0.028124
0.596089 0.722320 0.054338 0.030610
0.506519 0.468931 0.056095 0.029838
0.227755 0.257546 0.061108 0.040587
0.590726 0.836075 0.058622 0.035461
0.109384 0.627407 0.057454 0.027295
0.320324 0.442820 0.052730 0.029410
0.889459 0.406928 0.055237 0.027801
0.495174 0.704008 0.056225 0.022966
0.115300 0.533385 0.048798 0.033420
0.400965 0.700550 0.052403 0.035547
0.501574 0.639914 0.048565 0.033504
0.330974 0.186591 0.055155 0.032908
0.416655 0.376492 0.060583 0.034478
0.496020 0.736113 0.053242 0.034019
0.420539 0.340134 0.061818 0.027942
0.404755 0.667299 0.051764 0.027054
0.504060 0.563731 0.051502 0.030876
0.130771 0.277221 0.051179 0.027925
0.138852 0.149150 0.058095 0.030290
0.870365 0.744549 0.050536 0.026066
0.409590 0.635362 0.050510 0.030679
0.782865 0.610037 0.044540 0.026521
0.197367 0.764905 0.049116 0.036521
0.111620 0.595695 0.051209 0.027998
0.799114 0.432864 0.051929 0.031896
0.326046 0.264145 0.060957 0.029353
0.225862 0.321375 0.054636 0.028138
0.412992 0.603052 0.058785 0.024029
0.709664 0.321219 0.052768 0.023907
0.308121 0.616609 0.048815 0.028446
0.133530 0.247391 0.051401 0.025794
0.889991 0.373403 0.049668 0.030226
0.720626 0.129690 0.049797 0.025385
0.585567 0.799595 0.056844 0.037906
0.882682 0.582985 0.048756 0.037514
0.617216 0.301752 0.044568 0.033115
0.713405 0.233747 0.046290 0.033619
0.623991 0.118535 0.050623 0.028544
0.617280 0.266503 0.055819 0.027943
0.899560 0.173329 0.048651 0.029433
0.313839 0.475789 0.045976 0.032825
0.807206 0.137971 0.047410 0.032573
0.105189 0.697737 0.049309 0.033077
0.295000 0.774524 0.059667 0.031182
0.514809 0.324241 0.042125 0.030218
0.878509 0.615780 0.050633 0.024062
0.787534 0.577215 0.048549 0.030760
0.791566 0.539299 0.048625 0.034849
0.417450 0.476500 0.058137 0.026127
0.206345 0.689360 0.055248 0.031822
0.597562 0.640076 0.046122 0.030198
0.899174 0.138910 0.044422 0.028011
0.410369 0.536911 0.053779 0.025381
0.865669 0.774792 0.051805 0.025992
0.091703 0.833688 0.049294 0.026443
0.875728 0.676137 0.060995 0.028969
0.418939 0.439177 0.049432 0.038839
0.515418 0.355393 0.050285 0.023618
0.775334 0.779186 0.042466 0.032251
0.873437 0.711822 0.051830 0.036085
0.718864 0.162485 0.043568 0.032905
0.099252 0.775483 0.056527 0.038085
0.896121 0.271291 0.044328 0.030331
0.209897 0.628085 0.048309 0.028312
0.604340 0.540672 0.053141 0.026385
0.292002 0.861947 0.060422 0.019707
0.692222 0.723478 0.052582 0.033649
0.612055 0.471133 0.052436 0.027783
0.898840 0.107204 0.046491 0.028549
0.526333 0.126858 0.049275 0.023318
0.801069 0.367017 0.058114 0.024926
0.678470 0.802417 0.045706 0.035442
0.516750 0.293192 0.051713 0.023081
0.708696 0.412696 0.051420 0.030372
0.614560 0.189736 0.058089 0.039548
0.493535 0.771064 0.054561 0.033703
0.706887 0.383444 0.043538 0.029169
0.714234 0.266062 0.053882 0.022886
0.596511 0.680268 0.051997 0.044023
0.708644 0.351592 0.050467 0.024120
0.423968 0.187726 0.044208 0.028451
0.504498 0.500461 0.058515 0.022130
0.792764 0.499468 0.043622 0.032750
0.518791 0.265073 0.058677 0.023282
0.310284 0.581671 0.048180 0.030312
0.489838 0.832227 0.057413 0.027283
0.203388 0.726094 0.044329 0.032409
0.775035 0.746503 0.045268 0.029781
0.320094 0.373644 0.045388 0.031028
0.238148 0.087764 0.060203 0.031376
0.294320 0.886480 0.060448 0.024836
0.700588 0.519345 0.044331 0.033513
0.807355 0.173336 0.043761 0.029571
0.678046 0.840087 0.042511 0.030046
0.113615 0.567187 0.055778 0.023970
0.774494 0.815351 0.045763 0.026518
0.139184 0.180906 0.051043 0.020810
0.802497 0.270882 0.039470 0.029641
0.899901 0.240582 0.054139 0.023073
0.587841 0.873581 0.050157 0.033084
0.097707 0.868175 0.061950 0.040409
0.499956 0.673774 0.053935 0.030187
0.807860 0.205319 0.040014 0.029851
0.877234 0.545584 0.043286 0.027861
0.522995 0.156862 0.043455 0.030387
0.719016 0.098308 0.045279 0.030771
0.601302 0.604128 0.046331 0.027919
0.333534 0.116551 0.045638 0.030860
0.392527 0.848720 0.044573 0.030359
0.678901 0.877650 0.044840 0.031716
0.510583 0.424513 0.046577 0.041069
0.874728 0.644282 0.048404 0.025612
0.423096 0.273210 0.040944 0.026346
0.682260 0.761621 0.054133 0.035586
0.793723 0.466681 0.043128 0.029260
0.485128 0.868416 0.041738 0.034877
0.777204 0.884196 0.059143 0.032057
0.208280 0.658218 0.049191 0.023989
0.601448 0.571829 0.041440 0.026297
0.512771 0.384702 0.039183 0.029080
0.410202 0.569776 0.039152 0.031986
0.811546 0.101339 0.045884 0.030966
0.306328 0.650831 0.040624 0.033905
0.330418 0.226386 0.048023 0.039082
0.201138 0.797070 0.049716 0.020026
0.697491 0.616153 0.049299 0.030083
0.607795 0.442094 0.060072 0.023194
0.780042 0.715691 0.044822 0.028194
0.525448 0.094640 0.040846 0.029896
0.698783 0.476223 0.047354 0.035137
0.425951 0.159659 0.046559 0.019905
0.223538 0.292872 0.047947 0.020577
0.234465 0.156912 0.065360 0.024155
0.695286 0.554326 0.041353 0.028834
0.414947 0.405408 0.047103 0.019881
0.899062 0.209658 0.040094 0.033087
0.504506 0.601137 0.040399 0.032857
0.118658 0.497205 0.038132 0.033798
0.615968 0.375624 0.037210 0.031423
0.302569 0.708896 0.039592 0.025140
0.093885 0.805762 0.045205 0.021103
0.299865 0.742158 0.045037 0.030696
0.140822 0.113458 0.043244 0.032454
0.877585 0.512766 0.039986 0.026819
0.704405 0.442822 0.049201 0.023108
0.493656 0.802577 0.040154 0.024048
0.432024 0.095286 0.044883 0.037449
0.332735 0.086159 0.043037 0.027908
0.312705 0.549819 0.050873 0.031429
0.690726 0.672105 0.049029 0.024965
0.230655 0.184662 0.053860 0.022371
0.711203 0.293777 0.047424 0.024730
0.303216 0.682621 0.038835 0.019482
0.409471 0.506380 0.034573 0.025312
0.806577 0.237300 0.041898 0.027889
0.423271 0.217776 0.041442 0.023900
0.690751 0.643138 0.036902 0.023362
0.620725 0.150931 0.038413 0.029151
0.692300 0.583181 0.038228 0.026737
0.624737 0.091450 0.042084 0.019417
0.218543 0.538280 0.042752 0.029591
0.218181 0.499346 0.063641 0.043211
0.214785 0.571639 0.045513 0.028249
0.522610 0.196361 0.040589 0.035003
0.197825 0.863299 0.057984 0.040105
0.143924 0.080859 0.036375 0.022401
0.198333 0.825430 0.043975 0.028546
0.859106 0.875616 0.047055 0.034165
0.211753 0.600839 0.043735 0.019321
0.690275 0.693536 0.039771 0.019594
0.395189 0.876800 0.043792 0.019463
