0.834384 0.841235 0.067864 0.036416
0.396363 0.556985 0.059976 0.033207
0.717539 0.343838 0.059351 0.037676
0.506949 0.234240 0.058338 0.033931
0.299005 0.684736 0.051239 0.031182
0.292151 0.502213 0.069535 0.035577
0.510549 0.709822 0.057640 0.037038
0.174009 0.159314 0.057614 0.039191
0.615972 0.298261 0.053971 0.038299
0.502051 0.523703 0.065842 0.038037
0.504457 0.563133 0.071579 0.035016
0.838246 0.879396 0.056285 0.037981
0.182470 0.396950 0.051266 0.035909
0.406272 0.215315 0.062424 0.041974
0.512638 0.811334 0.052218 0.036048
0.077703 0.684394 0.053564 0.038655
0.716957 0.923669 0.053262 0.035145
0.406787 0.819759 0.065996 0.035761
0.403314 0.300189 0.063170 0.035943
0.298085 0.796071 0.055936 0.039623
0.719186 0.185566 0.057966 0.035011
0.081186 0.834134 0.054520 0.030643
0.074830 0.608670 0.056816 0.038715
0.509026 0.849646 0.058206 0.036815
0.182382 0.284745 0.053557 0.037884
0.507084 0.484216 0.051790 0.036414
0.613400 0.256979 0.056363 0.040251
0.613025 0.434438 0.055444 0.039549
0.403703 0.659467 0.053957 0.031636
0.293010 0.259076 0.058352 0.040529
0.289057 0.332026 0.060201 0.035723
0.938525 0.432811 0.058137 0.037189
0.404499 0.260780 0.052059 0.038432
0.828217 0.715479 0.062326 0.041527
0.937126 0.290631 0.070248 0.033096
0.401982 0.889027 0.066514 0.038734
0.936707 0.172321 0.055708 0.036791
0.938791 0.535696 0.053698 0.039008
0.179597 0.238127 0.051681 0.044822
0.720839 0.855671 0.066806 0.039938
0.401669 0.754129 0.056171 0.030516
0.614723 0.334387 0.052085 0.029744
0.720436 0.482948 0.059103 0.039315
0.503913 0.408010 0.050639 0.039170
0.068797 0.261279 0.053726 0.037924
0.186698 0.732937 0.052244 0.040189
0.506630 0.639924 0.059392 0.039729
0.930143 0.213571 0.072991 0.044153
0.187598 0.854561 0.051032 0.039026
0.181920 0.120893 0.061019 0.035868
0.087612 0.868256 0.055668 0.037088
0.821825 0.060489 0.062767 0.037663
0.824250 0.247163 0.057436 0.035265
0.402910 0.174055 0.050445 0.039759
0.719375 0.779092 0.060084 0.040202
0.300510 0.719206 0.052991 0.034927
0.075294 0.412396 0.059635 0.040858
0.180563 0.360963 0.048826 0.032747
0.721273 0.302992 0.053079 0.040774
0.608639 0.731830 0.055933 0.034053
0.186644 0.775710 0.070905 0.041063
0.299448 0.755878 0.058465 0.036907
0.074461 0.568568 0.052063 0.038252
0.297921 0.578086 0.046618 0.039140
0.507847 0.884385 0.052348 0.031984
0.071230 0.302735 0.050536 0.040796
0.932618 0.326608 0.060502 0.036243
0.613229 0.622432 0.059698 0.036855
0.610355 0.794100 0.061237 0.035026
0.504056 0.326090 0.054858 0.041443
0.077249 0.345750 0.061949 0.034382
0.184056 0.472516 0.050701 0.038645
0.181568 0.434061 0.049365 0.029246
0.409065 0.967372 0.054421 0.039445
0.831613 0.757790 0.055023 0.042183
0.285930 0.109004 0.077152 0.040403
0.836649 0.914827 0.048885 0.032459
0.288111 0.149854 0.053824 0.037727
0.507631 0.128037 0.065230 0.035335
0.406802 0.363880 0.072693 0.034931
0.717126 0.701201 0.061462 0.038214
0.065676 0.103798 0.054958 0.035223
0.612375 0.364697 0.058574 0.030988
0.504042 0.600800 0.054985 0.038196
0.822613 0.101728 0.052499 0.039215
0.406158 0.927784 0.059173 0.037835
0.509111 0.675482 0.054644 0.032133
0.503922 0.919266 0.067743 0.036123
0.828094 0.639954 0.050650 0.037199
0.842512 0.946926 0.058206 0.028680
0.511081 0.027650 0.062073 0.038947
0.176409 0.196347 0.052106 0.033150
0.181474 0.077901 0.052572 0.043786
0.824399 0.676588 0.050525 0.034850
0.944884 0.677556 0.046716 0.033007
0.720709 0.106700 0.056642 0.039586
0.400832 0.786398 0.052301 0.031756
0.826384 0.570648 0.075154 0.039869
0.185151 0.687001 0.054646 0.044608
0.503884 0.447687 0.047323 0.035366
0.290587 0.187818 0.045258 0.039551
0.718509 0.741128 0.049671 0.039811
0.078580 0.725906 0.047516 0.037131
0.406119 0.852741 0.051541 0.030869
0.080370 0.766257 0.048329 0.032921
0.186066 0.597212 0.055505 0.044841
0.935497 0.396577 0.051463 0.037011
0.180346 0.325039 0.048217 0.036141
0.939490 0.573425 0.067598 0.033428
0.829060 0.209957 0.051708 0.039089
0.512428 0.063338 0.057549 0.032483
0.615280 0.396732 0.047336 0.031556
0.721769 0.610543 0.056279 0.036319
0.298038 0.615359 0.042158 0.032261
0.184680 0.643632 0.049535 0.038725
0.508798 0.777741 0.044554 0.030583
0.176464 0.034348 0.070095 0.044058
0.827561 0.491040 0.058265 0.037841
0.616434 0.142853 0.054899 0.037296
0.943506 0.869907 0.048931 0.036374
0.082190 0.800124 0.048439 0.031620
0.294545 0.538967 0.055582 0.034978
0.721763 0.146889 0.052560 0.039114
0.398011 0.522813 0.046629 0.033728
0.402607 0.446168 0.051444 0.042056
0.939258 0.254582 0.057638 0.037841
0.935372 0.470720 0.050508 0.037266
0.401809 0.624414 0.043578 0.034142
0.069147 0.142738 0.048960 0.035273
0.940951 0.713583 0.053029 0.036404
0.835432 0.800695 0.052103 0.039289
0.718257 0.066430 0.051349 0.037751
0.935488 0.065293 0.054514 0.039268
0.403261 0.723048 0.040363 0.026358
0.294503 0.918771 0.052309 0.040854
0.944467 0.829460 0.043975 0.040036
0.511162 0.166310 0.052587 0.037890
0.615617 0.923690 0.052982 0.039255
0.831340 0.530219 0.057433 0.039685
0.297260 0.880471 0.051435 0.037556
0.828041 0.377560 0.052591 0.045107
0.614970 0.212743 0.043477 0.042948
0.940695 0.905376 0.047471 0.034077
0.183520 0.892440 0.052200 0.030836
0.403567 0.692092 0.042012 0.031909
0.611558 0.831974 0.049403 0.039851
0.611801 0.473444 0.070380 0.037308
0.292510 0.296462 0.044815 0.031632
0.827104 0.422400 0.051102 0.041234
0.718781 0.817672 0.050433 0.032090
0.718615 0.962297 0.061473 0.039121
0.935718 0.645012 0.064240 0.031861
0.720532 0.441759 0.052319 0.040182
0.187083 0.930506 0.047472 0.041689
0.612982 0.586989 0.048135 0.033448
0.940030 0.609370 0.048997 0.036562
0.507135 0.201930 0.043855 0.028805
0.398916 0.486960 0.048872 0.035790
0.826226 0.458007 0.067612 0.026473
0.718111 0.890630 0.044363 0.030632
0.824183 0.024719 0.070745 0.032989
0.402988 0.030052 0.058873 0.035681
0.076814 0.488881 0.055133 0.038136
0.087393 0.903643 0.054130 0.034739
0.291047 0.366617 0.056007 0.032896
0.718996 0.380018 0.046175 0.033026
0.069151 0.221076 0.044656 0.035670
0.831563 0.328943 0.055961 0.046338
0.510456 0.745334 0.045264 0.031631
0.511512 0.094905 0.066128 0.031074
0.616640 0.877820 0.051489 0.049140
0.822817 0.140159 0.057643 0.033402
0.396654 0.592860 0.050963 0.029537
0.290153 0.222190 0.056641 0.025541
0.828187 0.173907 0.051637 0.034862
0.941397 0.970654 0.056836 0.033698
0.937707 0.028075 0.058753 0.035744
0.721710 0.655780 0.051624 0.049248
0.610102 0.698537 0.050458 0.032950
0.939776 0.939628 0.041827 0.033232
0.836005 0.976313 0.070807 0.030638
0.725086 0.570435 0.047585 0.042835
0.194784 0.815902 0.051048 0.034620
0.613434 0.660277 0.048502 0.038659
0.628063 0.102722 0.086714 0.039626
0.069307 0.181708 0.041055 0.031604
0.608523 0.551656 0.048696 0.038453
0.827972 0.284321 0.049271 0.039664
0.190143 0.968561 0.045482 0.034370
0.294531 0.466705 0.046066 0.031442
0.938412 0.503026 0.050030 0.025888
0.938114 0.360793 0.047264 0.034002
0.503320 0.367948 0.047772 0.035089
0.720659 0.263704 0.045440 0.035502
0.619532 0.028207 0.059871 0.036402
0.930555 0.101016 0.060173 0.030326
0.072472 0.377854 0.052211 0.023582
0.399380 0.132198 0.050477 0.041533
0.832174 0.607004 0.050029 0.028306
0.608764 0.513420 0.047543 0.038521
0.945713 0.787745 0.049950 0.040945
0.722733 0.223988 0.056903 0.039200
0.934486 0.134013 0.047077 0.036667
0.721109 0.027015 0.059745 0.038705
0.078797 0.450401 0.043413 0.032055
0.404317 0.333051 0.050712 0.027115
0.181254 0.555978 0.060630 0.034035
0.620414 0.065635 0.057676 0.034140
0.614448 0.177624 0.050440 0.027360
0.293254 0.034199 0.061715 0.044201
0.078641 0.645223 0.039497 0.030376
0.403504 0.064946 0.048452 0.030092
0.403591 0.094803 0.051278 0.033309
0.291503 0.072136 0.063227 0.028777
0.091804 0.964361 0.045720 0.042653
0.720953 0.409961 0.044801 0.024531
0.506868 0.279862 0.051187 0.047008
0.068440 0.031594 0.063642 0.033893
0.295807 0.959783 0.048496 0.041986
0.510613 0.949601 0.052110 0.023881
0.296754 0.837920 0.051219 0.045282
0.612885 0.763898 0.049051 0.025776
0.406141 0.403132 0.082857 0.041274
0.622449 0.963907 0.046422 0.030572
0.090576 0.933469 0.042787 0.028071
0.069148 0.067842 0.044764 0.029814
0.510419 0.974740 0.054229 0.031263
0.085817 0.527469 0.070265 0.035914
0.723122 0.525037 0.058063 0.043528
0.198110 0.514321 0.092831 0.043132
0.296734 0.649591 0.057605 0.033180
0.944446 0.749813 0.054047 0.035817
0.290395 0.428503 0.047884 0.040036
0.289003 0.406813 0.052492 0.043330
