0.850252 0.372079 0.059793 0.032773
0.559513 0.208580 0.061432 0.029854
0.438818 0.865058 0.058880 0.033467
0.545048 0.572088 0.059322 0.029168
0.436446 0.828408 0.056647 0.030864
0.353506 0.234043 0.060167 0.036082
0.243163 0.797414 0.063242 0.028513
0.852060 0.408755 0.059563 0.029708
0.243435 0.677929 0.053037 0.034239
0.644334 0.662571 0.059482 0.034781
0.242631 0.835767 0.062400 0.031933
0.150227 0.769675 0.056169 0.035641
0.246743 0.560631 0.054529 0.035983
0.243350 0.637995 0.060545 0.035412
0.841045 0.889501 0.056193 0.034181
0.447857 0.693156 0.071566 0.039474
0.351938 0.378866 0.060007 0.038250
0.053530 0.703994 0.056588 0.030318
0.348662 0.872711 0.056103 0.029323
0.354397 0.300912 0.070806 0.031757
0.338648 0.790508 0.056549 0.032370
0.556909 0.172656 0.052908 0.036122
0.445951 0.470492 0.061485 0.029346
0.843074 0.856939 0.057911 0.027957
0.144392 0.843485 0.050906 0.034484
0.850843 0.445855 0.053899 0.035304
0.851878 0.339235 0.062356 0.030126
0.151494 0.733436 0.056795 0.032316
0.550630 0.460249 0.057870 0.034170
0.547802 0.423274 0.053025 0.034981
0.264741 0.197807 0.065649 0.032118
0.147069 0.585636 0.051373 0.034607
0.553590 0.348816 0.061794 0.034325
0.754133 0.453164 0.052379 0.035025
0.252793 0.410736 0.059932 0.029096
0.649423 0.508470 0.054027 0.034852
0.454738 0.259245 0.061307 0.031882
0.842782 0.726812 0.053931 0.033199
0.751563 0.854441 0.062140 0.031762
0.062963 0.128865 0.056636 0.029252
0.054614 0.371933 0.051111 0.038838
0.546854 0.502343 0.056891 0.037959
0.746994 0.755050 0.061957 0.034547
0.552310 0.384144 0.056098 0.033113
0.341349 0.594626 0.052814 0.030527
0.562051 0.133309 0.055056 0.038787
0.349198 0.487844 0.063523 0.035622
0.446955 0.509503 0.052637 0.036014
0.059914 0.841235 0.058962 0.030514
0.453188 0.356088 0.057685 0.033830
0.340685 0.755090 0.063332 0.030648
0.245333 0.598983 0.050635 0.030440
0.148489 0.697317 0.049245 0.035447
0.341772 0.830714 0.055355 0.038602
0.258017 0.293994 0.057825 0.033146
0.541585 0.781022 0.066486 0.035973
0.343763 0.559588 0.046514 0.031013
0.152497 0.410793 0.051754 0.029486
0.151841 0.443914 0.062132 0.028683
0.352682 0.339937 0.058107 0.036648
0.054354 0.806797 0.047512 0.027411
0.856739 0.233515 0.049719 0.030763
0.435786 0.732170 0.054192 0.034855
0.847735 0.485171 0.051372 0.035610
0.653524 0.216679 0.071706 0.033979
0.648634 0.586038 0.049041 0.037164
0.335861 0.690533 0.065668 0.033841
0.242755 0.875605 0.055102 0.037521
0.342899 0.527949 0.053866 0.026861
0.155074 0.315856 0.058198 0.031537
0.438347 0.648745 0.062467 0.038771
0.058314 0.878128 0.053985 0.029835
0.846004 0.822480 0.057766 0.028456
0.647467 0.809598 0.056255 0.036363
0.346649 0.416210 0.052798 0.029950
0.261151 0.162807 0.060791 0.026586
0.650588 0.624441 0.052009 0.035978
0.849897 0.600869 0.054501 0.028512
0.541125 0.714148 0.057920 0.027352
0.652471 0.358819 0.051147 0.036186
0.558035 0.244495 0.049393 0.038858
0.648466 0.734889 0.054764 0.033252
0.054113 0.329940 0.047854 0.034713
0.149304 0.476817 0.064714 0.027508
0.358173 0.137975 0.059029 0.030447
0.454868 0.394050 0.058209 0.032169
0.056495 0.443178 0.053054 0.034706
0.545031 0.606776 0.055595 0.033268
0.748827 0.602036 0.054708 0.036189
0.843399 0.787015 0.058799 0.031537
0.339520 0.627009 0.064074 0.027612
0.436548 0.768031 0.047276 0.032175
0.750543 0.522160 0.052308 0.030930
0.252209 0.447954 0.051569 0.035995
0.860536 0.160037 0.049200 0.035126
0.050584 0.670128 0.050392 0.032368
0.556293 0.281441 0.052044 0.033225
0.661432 0.133892 0.053440 0.040432
0.538220 0.818426 0.053574 0.038020
0.145621 0.662420 0.050293 0.031898
0.244716 0.739376 0.064628 0.026223
0.540957 0.678407 0.047547 0.037077
0.447043 0.433828 0.055119 0.032499
0.645090 0.700624 0.061938 0.034434
0.756781 0.124853 0.052767 0.034878
0.753612 0.386812 0.051779 0.031982
0.660249 0.177826 0.056777 0.034886
0.539096 0.862205 0.057932 0.038403
0.454906 0.224605 0.059175 0.027149
0.143983 0.909388 0.062469 0.030160
0.055835 0.577387 0.055825 0.024760
0.536667 0.743435 0.055753 0.025605
0.751867 0.419108 0.049275 0.028521
0.059122 0.257906 0.053493 0.043118
0.056672 0.737142 0.055406 0.032079
0.750659 0.720811 0.055359 0.028325
0.855099 0.270765 0.060640 0.038671
0.061997 0.218248 0.058215 0.027645
0.453852 0.321302 0.054800 0.032159
0.145956 0.876496 0.062636 0.025208
0.754734 0.354290 0.050459 0.034068
0.151452 0.543128 0.054059 0.040214
0.860831 0.198359 0.053352 0.032276
0.753473 0.560611 0.046223 0.034035
0.053476 0.549450 0.046224 0.027307
0.651569 0.466925 0.047551 0.037206
0.145063 0.625959 0.050261 0.032837
0.651814 0.433062 0.050749 0.028605
0.448750 0.167294 0.057131 0.030231
0.055327 0.606860 0.042662 0.029397
0.247374 0.520955 0.042874 0.032302
0.544731 0.539644 0.052306 0.027154
0.443139 0.549156 0.057266 0.036142
0.660106 0.253648 0.073794 0.032884
0.846882 0.564657 0.050795 0.034234
0.356866 0.200652 0.057003 0.026920
0.843638 0.691314 0.046524 0.030939
0.758414 0.158832 0.072297 0.028023
0.753579 0.888732 0.056409 0.031110
0.245711 0.711805 0.063156 0.026085
0.154050 0.126667 0.064147 0.033669
0.261312 0.128896 0.054426 0.030160
0.251187 0.336333 0.064220 0.038215
0.250053 0.486568 0.057021 0.033281
0.749871 0.489832 0.053685 0.024809
0.750332 0.634048 0.060984 0.026137
0.649928 0.547843 0.056049 0.031717
0.756654 0.319723 0.057659 0.035090
0.752252 0.922446 0.056139 0.029939
0.542572 0.639340 0.044307 0.031052
0.060157 0.914795 0.053898 0.033707
0.345119 0.451380 0.048951 0.032688
0.156945 0.160922 0.050674 0.025028
0.362377 0.171335 0.059245 0.026853
0.341760 0.656082 0.063951 0.027535
0.537000 0.897892 0.062667 0.032092
0.653485 0.882292 0.058432 0.028597
0.848943 0.524033 0.046406 0.034355
0.654082 0.289351 0.060460 0.033482
0.358623 0.097903 0.052091 0.036436
0.844849 0.634642 0.064299 0.028043
0.844445 0.755913 0.061326 0.024072
0.359915 0.269117 0.057248 0.027772
0.459346 0.097200 0.059390 0.034790
0.756177 0.247570 0.065794 0.028292
0.656153 0.096320 0.057376 0.032427
0.056098 0.772429 0.042763 0.031994
0.860791 0.125399 0.046228 0.034214
0.753405 0.666300 0.064451 0.028682
0.342203 0.724028 0.054331 0.022326
0.846375 0.922876 0.057311 0.029147
0.157073 0.250224 0.047674 0.028037
0.158294 0.217827 0.056208 0.023384
0.147121 0.804828 0.051681 0.034742
0.056851 0.297728 0.049713 0.023334
0.057149 0.185418 0.040921 0.025311
0.851637 0.307104 0.050179 0.031374
0.152679 0.376507 0.044877 0.028351
0.437309 0.798812 0.048464 0.021874
0.453991 0.133524 0.046566 0.033346
0.756099 0.283788 0.054611 0.039350
0.438613 0.896338 0.054629 0.024676
0.152844 0.279461 0.041392 0.026560
0.056714 0.411789 0.051123 0.026384
0.436578 0.615633 0.061511 0.028033
0.744142 0.789673 0.053288 0.029843
0.748520 0.820117 0.041865 0.028130
0.850822 0.661852 0.057430 0.021995
0.646910 0.768049 0.044734 0.029241
0.648430 0.320686 0.054441 0.033199
0.154025 0.189520 0.041962 0.028870
0.438909 0.586467 0.059002 0.028981
0.260588 0.098161 0.055360 0.031203
0.259267 0.259327 0.042155 0.025509
0.247396 0.766865 0.062993 0.026018
0.148486 0.505348 0.046522 0.025282
0.654018 0.912439 0.065185 0.028607
0.346031 0.913504 0.054170 0.039937
0.560059 0.094979 0.049263 0.033264
0.655919 0.399115 0.065435 0.032135
0.155592 0.095197 0.043277 0.027622
0.258238 0.232195 0.043041 0.023326
0.059274 0.158888 0.034438 0.024974
0.753167 0.693473 0.054857 0.021072
0.249075 0.374606 0.064880 0.035833
0.055064 0.516566 0.038518 0.025289
0.652809 0.848190 0.053699 0.038382
0.758568 0.094035 0.050661 0.028259
0.860534 0.094906 0.047510 0.028142
0.753844 0.190751 0.064449 0.030672
0.052313 0.636461 0.036857 0.021738
0.454095 0.293081 0.053775 0.025325
0.455477 0.194650 0.038085 0.023857
0.556360 0.314668 0.057036 0.023018
0.758699 0.216696 0.067510 0.027588
0.057327 0.480577 0.040373 0.035319
0.060417 0.095543 0.040007 0.031925
0.153604 0.348223 0.037519 0.026406
0.447356 0.923024 0.067955 0.024989
0.543223 0.926114 0.063878 0.023679
