0.366981 0.384387 0.067360 0.035732
0.776086 0.317975 0.063092 0.037803
0.871502 0.279695 0.057637 0.033400
0.774249 0.461420 0.056438 0.031308
0.870543 0.775209 0.073513 0.035561
0.474260 0.307107 0.055727 0.030836
0.773493 0.169977 0.062473 0.029641
0.168935 0.269270 0.057672 0.031728
0.868918 0.110629 0.069377 0.034037
0.668533 0.223636 0.056817 0.033917
0.666799 0.630394 0.050142 0.030181
0.361228 0.681477 0.058634 0.031983
0.870453 0.817207 0.058370 0.036986
0.467484 0.845560 0.055424 0.029131
0.872800 0.886007 0.056438 0.025604
0.172000 0.621708 0.050105 0.036040
0.670503 0.665413 0.056092 0.029868
0.175820 0.794866 0.065272 0.032592
0.774938 0.837821 0.053804 0.036942
0.177001 0.443965 0.061911 0.029115
0.085656 0.857231 0.051674 0.028934
0.669515 0.799252 0.052242 0.035162
0.469861 0.515625 0.060375 0.034447
0.177562 0.656641 0.057859 0.026927
0.871698 0.479314 0.049145 0.032804
0.873079 0.854461 0.061399 0.028361
0.169281 0.378032 0.044664 0.031223
0.772553 0.533497 0.051855 0.033759
0.673026 0.319652 0.058086 0.028949
0.468284 0.914898 0.062039 0.037390
0.176087 0.482418 0.054574 0.038817
0.266364 0.746768 0.054541 0.032595
0.471540 0.582796 0.055187 0.029298
0.871534 0.697138 0.053246 0.032622
0.872207 0.243274 0.052819 0.033651
0.079870 0.429468 0.051913 0.032757
0.181152 0.864248 0.061509 0.031661
0.472712 0.701672 0.064433 0.031348
0.363535 0.422608 0.060165 0.035889
0.081127 0.574376 0.052953 0.029477
0.873818 0.208614 0.057633 0.029439
0.668203 0.700675 0.050114 0.030727
0.471009 0.383140 0.056890 0.042344
0.774797 0.276516 0.054589 0.040078
0.868737 0.584005 0.060286 0.029319
0.666956 0.492268 0.051119 0.037299
0.170239 0.342984 0.059034 0.031808
0.773783 0.239755 0.057812 0.034544
0.765521 0.572181 0.051310 0.035641
0.774629 0.358037 0.054900 0.032306
0.370133 0.283660 0.056318 0.028202
0.770239 0.798114 0.054956 0.031271
0.273075 0.886179 0.057942 0.029468
0.270275 0.509594 0.058291 0.029179
0.076043 0.366302 0.055803 0.028293
0.083193 0.647200 0.054119 0.024307
0.669148 0.529469 0.046941 0.026638
0.176567 0.685856 0.056389 0.025714
0.874140 0.141803 0.064892 0.027000
0.673215 0.836713 0.059525 0.031006
0.471453 0.273338 0.049437 0.032753
0.269575 0.109928 0.056107 0.030243
0.473416 0.239669 0.048461 0.030422
0.366196 0.159585 0.048073 0.033676
0.462926 0.806119 0.051665 0.036612
0.473422 0.341966 0.052774 0.031045
0.176165 0.307339 0.049612 0.033941
0.268557 0.577348 0.054002 0.031134
0.570006 0.268823 0.054421 0.033536
0.771301 0.080633 0.058176 0.031413
0.676023 0.870468 0.065863 0.030844
0.473995 0.420408 0.057723 0.031615
0.472134 0.151029 0.047781 0.032401
0.473528 0.737707 0.058678 0.032975
0.363149 0.884933 0.053805 0.030662
0.669588 0.385085 0.050561 0.028995
0.770597 0.764523 0.058747 0.030014
0.362290 0.524583 0.050175 0.036366
0.775502 0.875794 0.049699 0.029823
0.082064 0.611888 0.042824 0.038424
0.871956 0.175274 0.050188 0.032011
0.180204 0.722358 0.052008 0.041487
0.671253 0.764312 0.058472 0.028400
0.167471 0.412350 0.057030 0.024006
0.871296 0.515721 0.063441 0.031594
0.767157 0.702460 0.048729 0.029295
0.667160 0.449889 0.044627 0.035243
0.775752 0.390680 0.053335 0.027790
0.362704 0.192121 0.046819 0.029985
0.357569 0.777703 0.048084 0.031919
0.268370 0.383564 0.043038 0.028888
0.870666 0.550507 0.053904 0.031432
0.474441 0.112923 0.053054 0.039019
0.873992 0.658710 0.055791 0.040112
0.272178 0.246179 0.050255 0.037884
0.671139 0.415087 0.052673 0.030746
0.471739 0.184292 0.048947 0.029785
0.772621 0.496477 0.058767 0.032944
0.673204 0.732019 0.048519 0.023004
0.772337 0.203249 0.063581 0.032152
0.171921 0.759168 0.057085 0.027691
0.091880 0.912434 0.052761 0.029659
0.367663 0.226224 0.051272 0.030444
0.165410 0.233660 0.052771 0.034709
0.087603 0.819934 0.042723 0.031593
0.168845 0.084827 0.055731 0.035944
0.083268 0.536617 0.047332 0.034483
0.358643 0.622830 0.047422 0.025902
0.265471 0.658158 0.043095 0.025316
0.570821 0.193691 0.057749 0.030140
0.173141 0.582699 0.040874 0.032606
0.177046 0.517354 0.059302 0.028506
0.270130 0.314137 0.055025 0.031386
0.670204 0.288942 0.047982 0.026297
0.270832 0.686896 0.054626 0.029248
0.367465 0.083187 0.054543 0.029110
0.466873 0.767925 0.060243 0.029896
0.085498 0.761195 0.055962 0.026812
0.669873 0.595939 0.050214 0.031432
0.182201 0.896306 0.046754 0.027318
0.779086 0.913020 0.071383 0.033187
0.765255 0.730803 0.043241 0.027368
0.176171 0.125363 0.053973 0.038650
0.089654 0.883024 0.053259 0.022444
0.868579 0.445210 0.044482 0.028839
0.268654 0.715860 0.059058 0.027074
0.360093 0.813791 0.044676 0.030680
0.076220 0.244518 0.047919 0.033953
0.569284 0.303100 0.060338 0.033295
0.361472 0.590897 0.041536 0.029435
0.773635 0.425675 0.046807 0.034890
0.572952 0.129622 0.067644 0.033215
0.084291 0.502743 0.053963 0.025193
0.473706 0.454298 0.050808 0.030108
0.669729 0.112736 0.057471 0.032454
0.359393 0.649163 0.040114 0.028401
0.263895 0.782889 0.060278 0.028097
0.869704 0.343652 0.061099 0.023883
0.672176 0.259053 0.043474 0.030466
0.172275 0.166315 0.057780 0.033999
0.267621 0.210228 0.043175 0.030152
0.362277 0.458500 0.048615 0.031125
0.870497 0.377415 0.051791 0.033143
0.668850 0.558105 0.047227 0.029873
0.360120 0.712198 0.060288 0.024182
0.267488 0.853647 0.045860 0.032180
0.270982 0.544272 0.055187 0.033691
0.264874 0.442194 0.044677 0.026726
0.169732 0.548719 0.047994 0.025169
0.365132 0.919235 0.051109 0.031120
0.871233 0.735393 0.043017 0.034206
0.671882 0.352632 0.050153 0.025234
0.088115 0.788616 0.054438 0.024517
0.671575 0.151380 0.052134 0.031601
0.268584 0.604041 0.048905 0.023206
0.078665 0.284399 0.040642 0.034154
0.078237 0.326468 0.048285 0.040514
0.073814 0.113535 0.044284 0.027688
0.264560 0.816245 0.043879 0.031248
0.082124 0.673331 0.058133 0.024523
0.468487 0.878939 0.041746 0.031728
0.472435 0.669739 0.051023 0.028729
0.870969 0.314064 0.057749 0.029399
0.266416 0.281739 0.042618 0.029165
0.767865 0.605011 0.056683 0.025975
0.080289 0.467640 0.040137 0.032326
0.361047 0.742325 0.058458 0.030252
0.766745 0.636962 0.053359 0.029995
0.081391 0.701178 0.045654 0.021335
0.269239 0.176690 0.059501 0.029904
0.869882 0.619656 0.052072 0.032397
0.266080 0.629154 0.037805 0.023555
0.077777 0.398855 0.055484 0.024552
0.472343 0.614590 0.048595 0.024158
0.368773 0.343825 0.044517 0.033819
0.083445 0.729745 0.040780 0.027532
0.269829 0.142338 0.054529 0.031422
0.362421 0.255199 0.048634 0.020457
0.075563 0.082383 0.048177 0.027976
0.468128 0.211731 0.048996 0.019499
0.870393 0.411787 0.041950 0.028145
0.672507 0.185503 0.043343 0.034556
0.876518 0.914522 0.046603 0.030119
0.468469 0.550310 0.041992 0.027086
0.771177 0.140030 0.048013 0.026927
0.474074 0.483423 0.052933 0.022563
0.871463 0.076938 0.060951 0.025163
0.565345 0.230617 0.036631 0.032991
0.269543 0.079209 0.049935 0.023631
0.176618 0.829265 0.048853 0.028503
0.366765 0.121245 0.041323 0.035736
0.771470 0.110462 0.050082 0.027758
0.569182 0.087714 0.044833 0.041735
0.266880 0.411295 0.037546 0.025693
0.568483 0.161734 0.040453 0.027790
0.272890 0.920267 0.054573 0.029705
0.572182 0.341736 0.042109 0.036570
0.366345 0.559300 0.053007 0.021599
0.270516 0.475290 0.059692 0.032780
0.360396 0.489043 0.048029 0.020790
0.664496 0.080950 0.053427 0.026597
0.078324 0.204067 0.040092 0.037273
0.473196 0.078598 0.045391 0.025673
0.077093 0.171970 0.046280 0.026129
0.765552 0.668089 0.041473 0.027264
0.671859 0.902297 0.059149 0.027608
0.365081 0.849685 0.061836 0.032797
0.078452 0.141962 0.040903 0.025637
0.270289 0.350352 0.057955 0.033038
0.675132 0.926175 0.054801 0.023051
0.172450 0.198813 0.053291 0.032674
0.178410 0.922223 0.058306 0.020956
0.467700 0.642479 0.036808 0.020219
0.370108 0.312157 0.055345 0.020256
0.406081 0.312224 0.035367 0.025694
