0.933265 0.341609 0.096725 0.059469
0.390259 0.529070 0.072493 0.052798
0.191081 0.305337 0.077369 0.050392
0.724328 0.252879 0.075399 0.051558
0.825731 0.458434 0.072675 0.047904
0.506487 0.315334 0.074990 0.050451
0.613964 0.252054 0.078344 0.051253
0.395070 0.419278 0.081836 0.050692
0.384934 0.580394 0.079432 0.043001
0.612899 0.308322 0.076930 0.045876
0.714134 0.604929 0.068755 0.051172
0.279523 0.674513 0.083022 0.053713
0.373286 0.837427 0.071672 0.048494
0.289263 0.357016 0.070454 0.050523
0.188076 0.252914 0.065457 0.047564
0.506539 0.527124 0.076675 0.054632
0.724247 0.409662 0.080718 0.047347
0.064522 0.693971 0.072567 0.043224
0.724308 0.305225 0.074242 0.044548
0.283040 0.620147 0.075631 0.046836
0.401353 0.257323 0.076156 0.053673
0.616021 0.410883 0.084518 0.047869
0.293666 0.303609 0.078823 0.046048
0.075974 0.433342 0.085550 0.049432
0.491968 0.749258 0.081004 0.047211
0.831949 0.354263 0.067532 0.050021
0.512000 0.205364 0.076049 0.054560
0.181254 0.559324 0.067656 0.046808
0.179929 0.461255 0.071783 0.041458
0.065262 0.594655 0.071785 0.053186
0.085353 0.140079 0.085108 0.047541
0.301206 0.149180 0.078390 0.044290
0.073480 0.332299 0.070170 0.047876
0.514755 0.152387 0.077575 0.048146
0.281589 0.568593 0.072484 0.048555
0.061889 0.741465 0.089532 0.045671
0.282336 0.517740 0.068944 0.046555
0.501166 0.636915 0.088885 0.054766
0.493644 0.845010 0.084724 0.044486
0.391818 0.473341 0.070103 0.049008
0.290901 0.251539 0.077622 0.051962
0.294818 0.196868 0.067078 0.046017
0.488014 0.892435 0.076866 0.044337
0.182868 0.358357 0.064461 0.046355
0.496224 0.693885 0.072928 0.052711
0.082987 0.186742 0.079642 0.042216
0.614997 0.558395 0.073274 0.053699
0.065118 0.882014 0.085576 0.044526
0.405317 0.149309 0.076359 0.047153
0.622380 0.153201 0.072851 0.049791
0.734473 0.154678 0.078443 0.049098
0.078618 0.283841 0.076870 0.041570
0.185680 0.409623 0.075285 0.046357
0.505688 0.370176 0.066119 0.053375
0.405043 0.202530 0.062762 0.052453
0.404284 0.312343 0.071117 0.048605
0.289694 0.414430 0.070854 0.049104
0.073735 0.382654 0.074317 0.044352
0.831492 0.509549 0.078525 0.046866
0.942119 0.239873 0.084834 0.048672
0.191385 0.201057 0.064506 0.049644
0.506038 0.425434 0.069443 0.047816
0.488729 0.975138 0.069947 0.034600
0.059415 0.788864 0.071223 0.046713
0.830421 0.404507 0.056666 0.046389
0.486550 0.937638 0.069127 0.040162
0.837675 0.157991 0.079008 0.053333
0.507404 0.258644 0.076646 0.051929
0.837188 0.298071 0.072560 0.054556
0.603444 0.720162 0.068332 0.048854
0.498936 0.582478 0.082513 0.051067
0.286872 0.466872 0.067944 0.049800
0.401222 0.364012 0.055960 0.050558
0.179215 0.508046 0.057445 0.046984
0.722168 0.458436 0.068312 0.047802
0.721587 0.552385 0.067947 0.045936
0.714725 0.656422 0.059148 0.049720
0.615492 0.357391 0.055811 0.050235
0.060031 0.648802 0.061751 0.044327
0.716845 0.765881 0.075035 0.048385
0.842061 0.104718 0.074346 0.046014
0.069264 0.536307 0.061675 0.050123
0.729161 0.202669 0.068013 0.036158
0.079573 0.236673 0.059394 0.049501
0.391776 0.744008 0.080720 0.051204
0.180266 0.608381 0.062818 0.040217
0.711882 0.712062 0.070190 0.050538
0.063346 0.836448 0.060876 0.042529
0.834012 0.241515 0.061971 0.048182
0.609405 0.613926 0.070665 0.049055
0.381619 0.793167 0.063850 0.036177
0.040062 0.966100 0.047289 0.037960
0.520621 0.103584 0.072141 0.049036
0.292955 0.100811 0.074430 0.049492
0.723338 0.356325 0.060035 0.052880
0.408960 0.100155 0.073362 0.045441
0.604575 0.769363 0.079674 0.049577
0.937800 0.286684 0.066744 0.039459
0.604583 0.665742 0.059224 0.051490
0.615425 0.461036 0.066212 0.048671
0.071527 0.484627 0.055915 0.048365
0.630495 0.102141 0.074262 0.045600
0.087227 0.093734 0.068348 0.040544
0.391784 0.884926 0.082034 0.038314
0.620782 0.199946 0.063483 0.041858
0.611627 0.507909 0.050516 0.039780
0.492775 0.798891 0.053585 0.043731
0.948004 0.081985 0.077050 0.046910
0.039185 0.928026 0.045862 0.035318
0.939065 0.182372 0.056906 0.052927
0.180290 0.658236 0.084321 0.056198
0.088908 0.961838 0.046038 0.040529
0.733083 0.104680 0.070575 0.047408
0.940088 0.128842 0.063425 0.048176
0.381137 0.628762 0.089490 0.050072
0.197955 0.098998 0.068198 0.046258
0.390370 0.686779 0.056094 0.050272
0.279583 0.726876 0.056602 0.043937
0.720872 0.503057 0.054516 0.039917
0.503177 0.471544 0.063348 0.048494
0.086673 0.923541 0.034195 0.028015
0.836788 0.201497 0.073415 0.017974
0.281149 0.780154 0.061954 0.049802
0.192284 0.150953 0.078031 0.050220
0.632706 0.021485 0.035893 0.025376
0.630224 0.047597 0.026619 0.023637
