0.828871 0.853457 0.072224 0.034192
0.940659 0.826369 0.076449 0.041901
0.943157 0.434585 0.067159 0.037820
0.486945 0.639774 0.079834 0.045766
0.278943 0.844576 0.072362 0.037913
0.829079 0.433437 0.059586 0.041233
0.824204 0.696742 0.051629 0.038164
0.274911 0.771982 0.065612 0.031775
0.825131 0.306778 0.060841 0.041502
0.826080 0.347676 0.054305 0.035598
0.826307 0.266659 0.060694 0.035368
0.279772 0.806768 0.066255 0.032351
0.944164 0.644830 0.059192 0.039853
0.942600 0.604813 0.059110 0.036591
0.709682 0.446266 0.065362 0.037218
0.275416 0.222525 0.063204 0.031821
0.275553 0.885109 0.066573 0.039320
0.703567 0.964153 0.074951 0.044000
0.940180 0.478230 0.058047 0.040726
0.485993 0.520279 0.076040 0.035769
0.594078 0.509262 0.064104 0.045584
0.707885 0.180077 0.086057 0.040623
0.827437 0.145182 0.057789 0.041677
0.826730 0.104184 0.062178 0.038796
0.943050 0.350307 0.053890 0.039298
0.938542 0.713653 0.071923 0.032936
0.276727 0.592096 0.070918 0.038328
0.697614 0.832000 0.072893 0.042850
0.943647 0.116920 0.059094 0.042400
0.075074 0.714257 0.064032 0.034855
0.706359 0.222248 0.066335 0.041897
0.067083 0.754217 0.072801 0.042403
0.822550 0.891984 0.055308 0.036536
0.705761 0.878692 0.072895 0.042960
0.078935 0.841176 0.060940 0.038012
0.938660 0.160292 0.064532 0.042099
0.936834 0.207527 0.067276 0.043812
0.609655 0.145621 0.056516 0.040187
0.934852 0.523975 0.072076 0.043761
0.822508 0.929511 0.055596 0.035349
0.378267 0.312907 0.067056 0.041309
0.165124 0.844046 0.054579 0.036933
0.941403 0.786483 0.055323 0.035659
0.941723 0.391923 0.051364 0.038815
0.711167 0.724069 0.058917 0.040159
0.826648 0.659687 0.053301 0.032535
0.602926 0.864143 0.072014 0.035046
0.599930 0.828437 0.056619 0.028201
0.375516 0.522955 0.056984 0.047340
0.828133 0.739690 0.082624 0.041531
0.823608 0.388515 0.056311 0.040939
0.708252 0.371940 0.060302 0.032501
0.592706 0.583984 0.067567 0.039652
0.827496 0.818880 0.056734 0.030034
0.180186 0.766019 0.065242 0.036965
0.938332 0.075314 0.053975 0.040338
0.279498 0.924971 0.068032 0.037035
0.709055 0.640905 0.053655 0.036820
0.940888 0.750098 0.064673 0.035616
0.384903 0.569796 0.071417 0.045509
0.706705 0.765022 0.054475 0.040538
0.279282 0.964700 0.066156 0.037527
0.278651 0.363217 0.055961 0.039059
0.278435 0.506649 0.058393 0.042613
0.075637 0.798446 0.060620 0.043350
0.173908 0.727079 0.063472 0.035787
0.391059 0.655213 0.068738 0.046644
0.278956 0.188258 0.057489 0.034331
0.711324 0.066916 0.060371 0.045638
0.936745 0.892655 0.078582 0.037694
0.494129 0.483448 0.056580 0.031853
0.274272 0.432232 0.060408 0.043478
0.279159 0.257848 0.054098 0.033739
0.942430 0.566075 0.055174 0.035553
0.162399 0.259177 0.066429 0.042250
0.168560 0.804771 0.052488 0.035128
0.500225 0.177748 0.055699 0.033921
0.059205 0.324480 0.061106 0.037931
0.060412 0.181194 0.055423 0.040490
0.829052 0.783228 0.049158 0.040641
0.599815 0.703194 0.058526 0.034329
0.166129 0.352885 0.066967 0.046656
0.707031 0.921191 0.062371 0.040298
0.711903 0.683680 0.051769 0.038224
0.494433 0.402809 0.051582 0.043440
0.593736 0.797431 0.051296 0.035602
0.501233 0.216429 0.054437 0.036961
0.594330 0.625412 0.057198 0.038435
0.504386 0.250653 0.061465 0.028317
0.273405 0.740437 0.064561 0.032729
0.710941 0.408069 0.047946 0.035276
0.065674 0.583369 0.062216 0.040019
0.175862 0.690668 0.063987 0.034873
0.594118 0.751695 0.058298 0.052231
0.173945 0.115572 0.058398 0.042617
0.276837 0.551074 0.051854 0.041789
0.819649 0.558128 0.064355 0.027596
0.825030 0.229385 0.048328 0.038301
0.828283 0.477157 0.053502 0.039391
0.935283 0.279053 0.064997 0.038899
0.708551 0.603357 0.052845 0.036300
0.716490 0.109140 0.049878 0.034226
0.389734 0.226566 0.049857 0.040648
0.823393 0.589788 0.053098 0.033481
0.271431 0.673497 0.057675 0.036289
0.277064 0.709637 0.065026 0.029785
0.492436 0.446470 0.054979 0.038404
0.168543 0.586774 0.076661 0.035618
0.825819 0.519060 0.054730 0.041221
0.167231 0.304957 0.052004 0.044265
0.611182 0.222509 0.054133 0.040807
0.712012 0.484120 0.056296 0.034763
0.064768 0.400002 0.062182 0.039462
0.824772 0.187128 0.054813 0.042395
0.279170 0.152759 0.046613 0.032226
0.065854 0.220628 0.057730 0.036541
0.824391 0.966387 0.050498 0.035502
0.383643 0.269999 0.050835 0.038828
0.829739 0.064282 0.051913 0.038735
0.390545 0.185094 0.054000 0.039207
0.499233 0.281407 0.048440 0.033401
0.060690 0.363241 0.066998 0.036485
0.168305 0.652404 0.063521 0.036382
0.495175 0.561094 0.054868 0.045391
0.715750 0.562391 0.060813 0.040367
0.603912 0.386189 0.055680 0.034705
0.605328 0.344604 0.058736 0.048482
0.282986 0.076280 0.048462 0.044517
0.597091 0.462590 0.056813 0.044319
0.281302 0.291322 0.048676 0.030926
0.384323 0.440530 0.049935 0.034796
0.275998 0.633103 0.054131 0.039987
0.382157 0.356417 0.058291 0.040138
0.388531 0.610420 0.055862 0.038007
0.281233 0.116928 0.052698 0.037719
0.493561 0.686989 0.054552 0.045494
0.390905 0.149797 0.052663 0.026895
0.611604 0.185328 0.051520 0.033175
0.599229 0.422583 0.052190 0.033264
0.065460 0.544257 0.052042 0.037804
0.284985 0.030479 0.056807 0.044988
0.279526 0.323825 0.046981 0.036705
0.382448 0.477501 0.050068 0.038883
0.060899 0.474525 0.052803 0.039769
0.938945 0.031546 0.052109 0.044720
0.493346 0.599648 0.052033 0.030490
0.611281 0.264413 0.049979 0.039174
0.064368 0.142050 0.061480 0.032099
0.169794 0.396842 0.059004 0.039086
0.942419 0.968068 0.050251 0.034784
0.173398 0.076192 0.055202 0.034992
0.829183 0.026577 0.051321 0.035452
0.594340 0.664715 0.045315 0.036855
0.060717 0.437656 0.051534 0.033532
0.934918 0.246192 0.051396 0.027703
0.607722 0.301847 0.053270 0.033689
0.495110 0.353819 0.067922 0.049980
0.717259 0.025194 0.057810 0.036238
0.610120 0.105410 0.052508 0.036272
0.062475 0.030760 0.090493 0.047061
0.940662 0.930287 0.056198 0.040819
0.169605 0.549011 0.050777 0.035610
0.703811 0.798674 0.054964 0.025744
0.497731 0.140988 0.048027 0.039828
0.067908 0.927338 0.062580 0.050035
0.170739 0.506798 0.049733 0.044390
0.275512 0.469767 0.048624 0.028332
0.067441 0.105218 0.055739 0.036181
0.165854 0.889654 0.050479 0.050029
0.059677 0.258488 0.043037 0.034823
0.168945 0.621046 0.052315 0.025353
0.074365 0.879568 0.054750 0.039404
0.611408 0.070649 0.052072 0.034737
0.944842 0.681535 0.052381 0.025944
0.601109 0.548411 0.057827 0.031298
0.496198 0.104877 0.043626 0.035691
0.711412 0.143403 0.047721 0.024859
0.164770 0.186888 0.051388 0.034388
0.058715 0.289755 0.046914 0.030531
0.391341 0.111948 0.061067 0.046106
0.496855 0.314586 0.043873 0.029230
0.174933 0.032368 0.054254 0.047985
0.709002 0.264327 0.047524 0.038710
0.174479 0.436846 0.052618 0.038894
0.073067 0.683862 0.046753 0.023024
0.071249 0.968338 0.055445 0.033266
0.496173 0.069327 0.045899 0.034045
0.169626 0.152269 0.060880 0.032929
0.277747 0.396716 0.047042 0.023242
0.708689 0.335503 0.059652 0.035747
0.070431 0.653641 0.044805 0.035204
0.175096 0.471616 0.048961 0.026115
0.941707 0.315959 0.060807 0.025977
0.827804 0.624120 0.044205 0.033013
0.065907 0.508564 0.043989 0.032929
0.723403 0.521958 0.081585 0.039761
0.161706 0.931550 0.066920 0.033790
0.062909 0.620979 0.046638 0.029125
0.061487 0.071212 0.052448 0.029592
0.165679 0.219493 0.050204 0.035875
0.158570 0.965364 0.071269 0.041389
0.614097 0.029327 0.044710 0.041067
0.944769 0.861781 0.060683 0.022476
0.381529 0.399856 0.048414 0.042252
0.500725 0.031193 0.041132 0.037632
0.711740 0.301891 0.060890 0.037176
