0.696338 0.832230 0.062554 0.036653
0.697774 0.656216 0.060582 0.033291
0.695099 0.383256 0.053047 0.033768
0.791423 0.559181 0.055481 0.030925
0.695980 0.221462 0.061415 0.026282
0.503773 0.356892 0.063792 0.036238
0.314256 0.306793 0.053900 0.034730
0.502486 0.769781 0.060185 0.039143
0.505358 0.282448 0.053832 0.030031
0.401276 0.144872 0.052580 0.028033
0.407315 0.391490 0.055229 0.037004
0.208802 0.392856 0.061191 0.037999
0.879460 0.313449 0.060704 0.032534
0.794315 0.724173 0.059152 0.030906
0.695465 0.286044 0.059514 0.031929
0.312624 0.516884 0.058455 0.031452
0.789116 0.331991 0.047801 0.030359
0.503071 0.489685 0.049570 0.031040
0.793820 0.690909 0.049966 0.030456
0.793027 0.658488 0.049077 0.031194
0.791932 0.168475 0.053214 0.032272
0.696933 0.517547 0.058314 0.033282
0.794155 0.432825 0.059706 0.028758
0.312280 0.206475 0.053601 0.029898
0.598187 0.382066 0.053379 0.029713
0.506675 0.141755 0.057758 0.026902
0.503553 0.729916 0.053116 0.033860
0.698311 0.692356 0.054799 0.036295
0.884930 0.495750 0.051829 0.027229
0.787287 0.593927 0.051016 0.028818
0.394607 0.674724 0.061701 0.038296
0.601362 0.226994 0.054631 0.030229
0.695424 0.758944 0.051650 0.031441
0.792817 0.821758 0.052891 0.031626
0.397763 0.712808 0.053405 0.032291
0.406796 0.354639 0.055243 0.034799
0.303329 0.852797 0.054069 0.027983
0.318219 0.240342 0.059022 0.030505
0.504539 0.425828 0.059772 0.027764
0.596065 0.507886 0.051967 0.028976
0.504656 0.662432 0.051698 0.031317
0.503873 0.694601 0.053750 0.031182
0.399985 0.746672 0.056909 0.029686
0.600632 0.626335 0.049672 0.027864
0.879102 0.173370 0.052592 0.028394
0.407911 0.547693 0.059565 0.030981
0.695754 0.142771 0.051139 0.025981
0.506714 0.320628 0.047445 0.033805
0.788814 0.296953 0.055657 0.033735
0.790991 0.363034 0.050819 0.030372
0.888701 0.860950 0.051095 0.029573
0.888299 0.429537 0.057939 0.028430
0.503589 0.392759 0.051325 0.031228
0.209952 0.314996 0.049630 0.030487
0.600805 0.847150 0.047197 0.028328
0.596717 0.593355 0.047526 0.034199
0.696592 0.551692 0.049462 0.032982
0.881959 0.207517 0.041206 0.030269
0.506722 0.249255 0.046667 0.029477
0.508389 0.220466 0.054398 0.029120
0.504412 0.873088 0.047744 0.033409
0.500610 0.807501 0.048255 0.030117
0.792043 0.499943 0.046389 0.033281
0.789196 0.755974 0.044681 0.027846
0.887131 0.607389 0.043958 0.033689
0.600044 0.906944 0.047758 0.025556
0.307952 0.886722 0.046008 0.032946
0.601947 0.192362 0.044828 0.031036
0.883135 0.242103 0.058942 0.031499
0.698377 0.590647 0.045876 0.039686
0.880217 0.145628 0.040551 0.028673
0.307980 0.711160 0.057566 0.034063
0.595640 0.294087 0.046927 0.024340
0.596645 0.478223 0.051077 0.025397
0.404477 0.821298 0.050587 0.031974
0.599314 0.656552 0.047718 0.029743
0.794939 0.399845 0.053318 0.037935
0.888063 0.464616 0.046266 0.031965
0.888339 0.825269 0.046321 0.031572
0.789508 0.231759 0.042050 0.028445
0.891807 0.890713 0.051217 0.027244
0.215977 0.214450 0.050389 0.030773
0.603103 0.418961 0.050530 0.037888
0.501472 0.904585 0.044402 0.025626
0.697128 0.249953 0.053144 0.034263
0.213964 0.148665 0.049479 0.031061
0.118499 0.684107 0.049189 0.034873
0.304444 0.638084 0.053648 0.029423
0.695154 0.727257 0.053738 0.026797
0.791191 0.529940 0.045172 0.023824
0.602379 0.136174 0.052032 0.029574
0.791319 0.625581 0.055114 0.028960
0.306488 0.785654 0.050507 0.031057
0.212339 0.431213 0.053501 0.029773
0.312613 0.270411 0.049156 0.030141
0.111230 0.149792 0.056046 0.030694
0.307002 0.608415 0.053437 0.025062
0.878518 0.113239 0.052349 0.031741
0.694428 0.622845 0.048835 0.026150
0.505140 0.456443 0.043532 0.030518
0.596822 0.261501 0.050653 0.036039
0.123829 0.856903 0.052914 0.030664
0.795763 0.857755 0.046207 0.033437
0.887680 0.790412 0.049154 0.031296
0.308274 0.672966 0.051457 0.033985
0.214674 0.463016 0.056762 0.029650
0.116313 0.756817 0.053046 0.032843
0.399820 0.781250 0.046681 0.038470
0.310231 0.169591 0.049349 0.034685
0.798762 0.897886 0.048105 0.035537
0.881287 0.276304 0.046835 0.034531
0.503288 0.551952 0.042471 0.029398
0.312330 0.443809 0.052139 0.031444
0.503068 0.521466 0.042256 0.029559
0.401011 0.857465 0.051426 0.028203
0.791370 0.786538 0.050971 0.031387
0.500775 0.838233 0.058215 0.027931
0.698962 0.868190 0.052266 0.027187
0.213861 0.350457 0.053899 0.036542
0.595328 0.322351 0.042082 0.029005
0.311588 0.576999 0.046361 0.031782
0.887711 0.694082 0.046423 0.029610
0.600231 0.877384 0.038612 0.028521
0.888728 0.662849 0.052370 0.025943
0.407969 0.289861 0.041649 0.029479
0.605994 0.754464 0.049965 0.038652
0.791596 0.464279 0.042578 0.031863
0.316435 0.480034 0.045393 0.033317
0.120076 0.646463 0.046903 0.038030
0.405911 0.233791 0.041501 0.032844
0.698806 0.111058 0.046269 0.033040
0.600721 0.785770 0.051372 0.025663
0.790347 0.200911 0.040679 0.030310
0.213462 0.533381 0.051121 0.030752
0.692939 0.316975 0.050002 0.033540
0.787355 0.262736 0.047680 0.030741
0.603052 0.717344 0.052006 0.029177
0.601467 0.688166 0.051959 0.030687
0.405599 0.175978 0.057722 0.029228
0.116864 0.265473 0.047623 0.032700
0.692206 0.415739 0.041583 0.030373
0.699419 0.902062 0.051850 0.032972
0.601805 0.815492 0.043030 0.031095
0.694262 0.481085 0.043765 0.029317
0.210712 0.115764 0.047221 0.033493
0.403917 0.637889 0.053033 0.030532
0.598740 0.449962 0.051012 0.024926
0.506098 0.170947 0.041991 0.029130
0.313909 0.341198 0.048415 0.030648
0.404965 0.890726 0.040590 0.035662
0.312266 0.111229 0.048496 0.027947
0.697133 0.195906 0.047378 0.019737
0.789280 0.135808 0.055289 0.028383
0.216613 0.497102 0.043693 0.033731
0.887900 0.720749 0.052877 0.026765
0.119461 0.423125 0.052435 0.033061
0.407889 0.202794 0.046033 0.023900
0.694903 0.450760 0.042009 0.033845
0.408592 0.928416 0.061030 0.032395
0.511096 0.111727 0.045710 0.032214
0.306924 0.820266 0.044208 0.027727
0.880915 0.345402 0.043254 0.023568
0.311249 0.140567 0.048063 0.023904
0.120314 0.720135 0.045591 0.033519
0.886702 0.575057 0.052832 0.027960
0.314496 0.372678 0.059792 0.030134
0.120869 0.821851 0.042403 0.031333
0.125250 0.892162 0.046357 0.030857
0.704157 0.933700 0.054090 0.034910
0.506339 0.934644 0.060884 0.028348
0.212654 0.180380 0.038226 0.028261
0.406047 0.511272 0.047494 0.034898
0.214372 0.247061 0.039377 0.024720
0.116350 0.385269 0.047517 0.032827
0.602497 0.163401 0.045763 0.022731
0.693705 0.347601 0.043351 0.028106
0.401203 0.474880 0.043257 0.029893
0.500523 0.584843 0.046793 0.027778
0.118387 0.534416 0.055719 0.034648
0.888189 0.752179 0.038704 0.031651
0.506403 0.195914 0.043349 0.020957
0.694676 0.169549 0.038520 0.028952
0.500291 0.621992 0.044611 0.042227
0.696628 0.794397 0.037402 0.033577
0.311298 0.547487 0.053620 0.022760
0.114754 0.231735 0.058374 0.029410
0.305737 0.915724 0.052699 0.020787
0.114197 0.118384 0.045220 0.033417
0.800507 0.934219 0.045267 0.028936
0.212117 0.276527 0.041168 0.033027
0.312403 0.406896 0.040898 0.035818
0.120588 0.322784 0.049550 0.027607
0.404202 0.112939 0.051121 0.028825
0.120884 0.790511 0.041137 0.028601
0.886429 0.402179 0.051219 0.020281
0.307482 0.748897 0.048378 0.033520
0.119819 0.459740 0.038876 0.034497
0.606751 0.935201 0.038718 0.026109
0.115716 0.570103 0.045229 0.032913
0.890635 0.637117 0.049171 0.018876
0.600623 0.106801 0.053045 0.024154
0.112981 0.178895 0.037513 0.030504
0.403065 0.578987 0.039866 0.024455
0.407921 0.317408 0.037840 0.028731
0.410921 0.263500 0.048025 0.019727
0.113850 0.605720 0.037463 0.034414
0.402047 0.445976 0.040141 0.021006
0.598749 0.539208 0.056093 0.028274
0.891931 0.916858 0.044825 0.024502
0.122818 0.927824 0.039406 0.033473
0.895807 0.939730 0.050283 0.022371
0.598185 0.350642 0.035039 0.028344
0.120026 0.498118 0.042978 0.036370
0.309939 0.939573 0.054378 0.023555
0.403052 0.605499 0.035202 0.026599
0.790592 0.109484 0.043436 0.022132
0.215276 0.564872 0.040816 0.026637
0.120155 0.295451 0.046863 0.020972
0.883594 0.525892 0.042725 0.030299
0.599273 0.563595 0.049944 0.022443
0.883982 0.375058 0.044277 0.030195
0.112965 0.208363 0.038518 0.023574
0.401038 0.422581 0.038428 0.018484
0.118407 0.349795 0.040858 0.028402
0.884915 0.548957 0.043101 0.019764
