0.122213 0.651888 0.062186 0.036534
0.506465 0.823821 0.064422 0.034150
0.632279 0.345674 0.072003 0.039351
0.224011 0.615270 0.057661 0.028171
0.641347 0.198285 0.061897 0.032189
0.126130 0.690697 0.063703 0.031309
0.716345 0.884859 0.061637 0.031960
0.718617 0.486692 0.067242 0.034416
0.813882 0.583674 0.057005 0.029571
0.803974 0.860490 0.056528 0.037675
0.834775 0.117708 0.055494 0.029196
0.716115 0.816138 0.057731 0.039137
0.627524 0.384786 0.063398 0.035654
0.329162 0.479575 0.051143 0.029658
0.709148 0.853138 0.052000 0.028215
0.514305 0.753716 0.056970 0.027671
0.829657 0.291492 0.056671 0.030392
0.411827 0.744175 0.065345 0.033974
0.522624 0.497728 0.055598 0.028572
0.613988 0.730482 0.056955 0.033206
0.634217 0.229882 0.057897 0.035222
0.816332 0.548322 0.056508 0.030940
0.421933 0.677943 0.066692 0.035350
0.911203 0.584568 0.051317 0.028135
0.622077 0.562120 0.060347 0.030797
0.120514 0.874934 0.055086 0.028499
0.444594 0.142056 0.058469 0.030629
0.726914 0.323098 0.053054 0.028895
0.218441 0.879102 0.054580 0.026979
0.633830 0.304079 0.058010 0.034980
0.922224 0.320822 0.061352 0.027951
0.538335 0.282468 0.057079 0.031006
0.216376 0.821469 0.057667 0.029322
0.239210 0.142446 0.047737 0.028889
0.726156 0.381635 0.058317 0.026858
0.314560 0.846594 0.068387 0.026650
0.521566 0.558144 0.048433 0.032463
0.629315 0.420441 0.051722 0.033755
0.131205 0.401877 0.054330 0.035920
0.637918 0.268496 0.054565 0.037675
0.311195 0.775516 0.050473 0.028858
0.737552 0.121148 0.052655 0.033204
0.240422 0.173403 0.058710 0.029455
0.128493 0.505796 0.054643 0.027022
0.415099 0.777592 0.059062 0.026449
0.520653 0.659775 0.061372 0.029285
0.530671 0.400014 0.056067 0.034853
0.903076 0.736171 0.055097 0.029331
0.918278 0.512756 0.050446 0.029844
0.924148 0.225519 0.054955 0.030961
0.310204 0.812150 0.060000 0.030689
0.720909 0.447801 0.050376 0.030041
0.915096 0.549412 0.055334 0.031436
0.830123 0.258664 0.052386 0.027415
0.413227 0.809290 0.050491 0.026898
0.825076 0.322988 0.053758 0.028887
0.907773 0.618396 0.048616 0.030080
0.898719 0.874974 0.049986 0.034099
0.218464 0.720254 0.066308 0.032911
0.827798 0.354167 0.053821 0.026561
0.221429 0.583762 0.045088 0.027928
0.221365 0.646378 0.054279 0.028186
0.310108 0.744404 0.055479 0.026011
0.905528 0.705337 0.050442 0.027074
0.829207 0.384268 0.058407 0.025958
0.411763 0.839595 0.052309 0.028087
0.133356 0.364806 0.051759 0.028353
0.120177 0.810867 0.052268 0.030203
0.318069 0.572530 0.053107 0.025911
0.121109 0.580452 0.050799 0.025556
0.331466 0.449052 0.052691 0.029512
0.713769 0.772889 0.046961 0.033400
0.829361 0.418098 0.065919 0.031564
0.925509 0.149525 0.044141 0.033112
0.822785 0.452362 0.057054 0.031500
0.230889 0.318325 0.050353 0.033057
0.925762 0.287500 0.054167 0.029994
0.726415 0.413521 0.053997 0.027910
0.727378 0.288806 0.045524 0.033121
0.330081 0.420008 0.054313 0.026458
0.225640 0.453726 0.055782 0.028667
0.214166 0.790925 0.048345 0.029696
0.136607 0.327525 0.044845 0.031465
0.224095 0.683716 0.049283 0.034956
0.615584 0.660175 0.061545 0.030333
0.326987 0.539885 0.059240 0.029895
0.918167 0.381261 0.052718 0.033547
0.436498 0.203808 0.050771 0.027963
0.512424 0.788582 0.047886 0.029741
0.642871 0.124418 0.050621 0.029107
0.315274 0.712920 0.053135 0.031454
0.717022 0.656210 0.053323 0.029448
0.314716 0.605323 0.051739 0.026960
0.240729 0.109768 0.049903 0.029117
0.810111 0.615227 0.046805 0.026286
0.412083 0.900895 0.062475 0.030147
0.314191 0.676812 0.062262 0.035450
0.336202 0.323964 0.057050 0.027944
0.344681 0.115840 0.056882 0.025871
0.140609 0.182298 0.050617 0.029090
0.535683 0.366784 0.054897 0.026171
0.915760 0.420002 0.046848 0.035107
0.717629 0.694630 0.056290 0.037208
0.238402 0.277878 0.047827 0.037168
0.328747 0.510201 0.057531 0.023340
0.422675 0.637544 0.065802 0.034381
0.737848 0.183917 0.057267 0.031078
0.125489 0.542889 0.049703 0.037883
0.612922 0.849961 0.052053 0.023695
0.228309 0.421218 0.054573 0.029353
0.513211 0.722356 0.048766 0.026922
0.717792 0.619390 0.056868 0.042344
0.733494 0.216468 0.060627 0.030037
0.817700 0.515451 0.054372 0.026733
0.142492 0.115798 0.053422 0.026502
0.240731 0.241469 0.058172 0.027175
0.521913 0.594391 0.048154 0.027984
0.341118 0.144114 0.045844 0.027337
0.915268 0.482296 0.042460 0.029220
0.623137 0.485385 0.059149 0.024109
0.211730 0.852032 0.046083 0.024314
0.229819 0.349683 0.053016 0.029014
0.431625 0.355075 0.046988 0.031922
0.818372 0.485250 0.057063 0.024477
0.440401 0.109996 0.046496 0.028509
0.523076 0.466393 0.053746 0.026229
0.644345 0.159043 0.044741 0.033816
0.413354 0.711146 0.060856 0.024506
0.331733 0.357307 0.046692 0.030081
0.408320 0.870234 0.047487 0.027728
0.611762 0.878139 0.056671 0.023261
0.123326 0.612927 0.041763 0.031205
0.340253 0.264010 0.064226 0.028645
0.832188 0.188415 0.052500 0.034302
0.902470 0.837957 0.047469 0.029676
0.534662 0.186710 0.048720 0.039598
0.122650 0.748092 0.058637 0.023500
0.127932 0.471034 0.044523 0.032157
0.222947 0.550943 0.044617 0.028416
0.123553 0.777070 0.047659 0.026645
0.424568 0.539000 0.049643 0.030100
0.917728 0.349575 0.052994 0.022262
0.903265 0.802373 0.053699 0.027918
0.901494 0.769950 0.054713 0.027783
0.904205 0.673930 0.040845 0.029826
0.513080 0.860114 0.044227 0.022892
0.115109 0.844510 0.038325 0.025664
0.139125 0.236937 0.060524 0.023983
0.736139 0.154577 0.064265 0.025640
0.618834 0.634031 0.045758 0.023178
0.811353 0.648640 0.049605 0.028358
0.727680 0.251965 0.050638 0.034780
0.538558 0.114359 0.051401 0.033830
0.141030 0.150679 0.044376 0.033635
0.436683 0.233605 0.061925 0.025990
0.715424 0.577542 0.038849 0.029714
0.338645 0.172318 0.055194 0.024804
0.343127 0.233211 0.061585 0.027563
0.137837 0.211096 0.052739 0.023096
0.526433 0.527925 0.056343 0.024151
0.534280 0.247855 0.046209 0.033991
0.725488 0.351994 0.040573 0.024156
0.607890 0.821337 0.043211 0.028684
0.217149 0.756705 0.050168 0.032387
0.220312 0.482879 0.064397 0.027078
0.135009 0.296606 0.047953 0.022075
0.922272 0.187496 0.045583 0.033736
0.614322 0.693270 0.054834 0.032740
0.318257 0.639704 0.038243 0.028510
0.421947 0.573412 0.053814 0.029218
0.315063 0.904067 0.072506 0.028607
0.332534 0.388987 0.043210 0.026084
0.228871 0.387130 0.049920 0.035759
0.613759 0.906920 0.065710 0.030642
0.317633 0.875815 0.073071 0.027016
0.240234 0.208526 0.051317 0.030575
0.123007 0.900365 0.057007 0.023927
0.808061 0.759790 0.050396 0.023230
0.533993 0.218260 0.060374 0.023403
0.618371 0.601839 0.044951 0.035973
0.428071 0.320539 0.041513 0.032999
0.807722 0.731304 0.042769 0.024139
0.530070 0.434309 0.042751 0.028924
0.339458 0.202861 0.046662 0.032650
0.425243 0.604661 0.050223 0.022227
0.428684 0.390001 0.041128 0.033391
0.126971 0.438736 0.053881 0.025703
0.919849 0.452760 0.050437 0.020850
0.622573 0.511246 0.051399 0.020656
0.627020 0.454190 0.057544 0.029195
0.714688 0.733064 0.036771 0.031840
0.735738 0.083901 0.050765 0.026132
0.136373 0.266689 0.043264 0.028008
0.612468 0.761451 0.050004 0.019622
0.513488 0.907964 0.050677 0.026120
0.536202 0.326407 0.057071 0.045045
0.609001 0.787569 0.042376 0.027870
0.923014 0.257083 0.038685 0.023389
0.830156 0.224747 0.054269 0.031305
0.900111 0.909765 0.042472 0.030327
0.516130 0.691584 0.041320 0.027476
0.718893 0.519016 0.043667 0.028241
0.829926 0.150588 0.047596 0.031604
0.622928 0.534046 0.047978 0.019225
0.806310 0.789508 0.036774 0.031511
0.930886 0.090537 0.046109 0.030030
0.433051 0.288673 0.052847 0.026241
0.802002 0.820889 0.038344 0.026584
0.714510 0.914783 0.056568 0.025095
0.214880 0.903933 0.044962 0.022252
0.243182 0.081593 0.041186 0.028772
0.426863 0.462406 0.038050 0.026862
0.518239 0.625663 0.067616 0.032368
0.904190 0.646118 0.042795 0.018975
0.427576 0.428301 0.047678 0.035749
0.142821 0.082773 0.043788 0.033753
0.537011 0.149216 0.046938 0.029889
0.928753 0.119926 0.052244 0.021249
0.715888 0.548157 0.041013 0.026250
0.222889 0.515158 0.038539 0.031928
0.642288 0.090218 0.043624 0.035453
0.803466 0.902659 0.049598 0.027096
0.341549 0.084780 0.051366 0.028128
0.334986 0.292233 0.047073 0.025556
0.422824 0.500579 0.052490 0.036493
0.546117 0.082812 0.046786 0.024491
0.120334 0.720948 0.039323 0.024033
0.834084 0.087426 0.050468 0.026548
0.442465 0.173926 0.055850 0.024514
0.447647 0.079029 0.058730 0.020669
0.516945 0.883416 0.049617 0.021207
0.438525 0.261959 0.071727 0.024815
0.812735 0.703467 0.045605 0.024834
0.812006 0.683561 0.048943 0.032526
0.155833 0.847533 0.019405 0.017462
