0.718232 0.747739 0.066495 0.038590
0.831352 0.679832 0.076100 0.037467
0.834963 0.568974 0.068480 0.040530
0.388757 0.184767 0.062792 0.039662
0.835917 0.458895 0.056727 0.037800
0.952261 0.503777 0.053703 0.035816
0.951560 0.428713 0.057991 0.034439
0.960219 0.612098 0.062090 0.040253
0.727421 0.873572 0.072273 0.033149
0.077243 0.208730 0.063586 0.040918
0.959827 0.903494 0.068589 0.035021
0.727166 0.703292 0.056332 0.042121
0.953229 0.465619 0.060334 0.035402
0.836018 0.107228 0.064943 0.044460
0.502341 0.663858 0.065776 0.037231
0.720901 0.785823 0.058846 0.036364
0.836819 0.418296 0.054268 0.038400
0.962829 0.761402 0.062532 0.032964
0.721977 0.425314 0.063023 0.036856
0.837196 0.528216 0.057875 0.036452
0.831089 0.789630 0.078118 0.039686
0.604276 0.496447 0.060794 0.034078
0.955510 0.652832 0.055940 0.038707
0.280400 0.255219 0.063397 0.043932
0.290991 0.707036 0.062646 0.040879
0.176825 0.296825 0.060584 0.043059
0.956255 0.726379 0.059389 0.034301
0.497027 0.883387 0.051206 0.034724
0.939497 0.242812 0.070560 0.043334
0.396709 0.774640 0.056860 0.038752
0.724745 0.829253 0.060820 0.047871
0.399243 0.896741 0.063802 0.042075
0.604881 0.571870 0.054240 0.039701
0.829852 0.305679 0.058763 0.032762
0.962030 0.799440 0.059506 0.036362
0.834019 0.152490 0.054060 0.043467
0.958431 0.834215 0.061243 0.027841
0.956193 0.692008 0.064990 0.035612
0.390347 0.103104 0.071845 0.040232
0.605840 0.351419 0.064499 0.038150
0.507917 0.116165 0.063343 0.039121
0.501625 0.433138 0.059994 0.041595
0.282317 0.418460 0.065405 0.037745
0.495307 0.703534 0.056982 0.037860
0.497249 0.845759 0.049235 0.037967
0.285204 0.894511 0.070512 0.032150
0.831614 0.195583 0.056483 0.037129
0.188504 0.833079 0.059999 0.040844
0.396859 0.811777 0.059058 0.034884
0.832134 0.380016 0.053602 0.036321
0.184372 0.488168 0.055163 0.043968
0.401479 0.852197 0.056874 0.040050
0.717814 0.384899 0.051829 0.039028
0.963837 0.943180 0.061417 0.039478
0.502855 0.623912 0.055636 0.036356
0.835621 0.828571 0.055426 0.035706
0.501469 0.232579 0.057504 0.035222
0.951418 0.538778 0.050877 0.031255
0.836757 0.749174 0.058132 0.036248
0.080173 0.656022 0.057741 0.042419
0.619283 0.954983 0.062723 0.041216
0.609191 0.187374 0.055065 0.037486
0.182948 0.446433 0.058460 0.035377
0.604880 0.652984 0.056166 0.039086
0.839629 0.862346 0.053706 0.034663
0.610646 0.694354 0.060377 0.038675
0.718805 0.145779 0.052636 0.037459
0.720909 0.583579 0.060500 0.036298
0.186723 0.680846 0.057067 0.036685
0.713862 0.546109 0.055544 0.037163
0.828849 0.342940 0.050712 0.033238
0.495616 0.741896 0.058850 0.039512
0.952114 0.351182 0.051869 0.034539
0.961786 0.866983 0.060481 0.035662
0.178627 0.219887 0.056297 0.035976
0.941947 0.064496 0.060335 0.036138
0.835715 0.232206 0.069225 0.032932
0.500076 0.392524 0.055873 0.036890
0.502059 0.272825 0.057168 0.038000
0.950668 0.314362 0.059296 0.033970
0.941174 0.104196 0.060574 0.039967
0.290582 0.826143 0.061089 0.032368
0.397672 0.261210 0.052979 0.038278
0.723070 0.342047 0.053921 0.040662
0.722210 0.297528 0.072180 0.045403
0.390721 0.624860 0.054843 0.035940
0.182087 0.643800 0.055288 0.031726
0.608417 0.147650 0.053376 0.036869
0.946392 0.388860 0.060405 0.038966
0.078914 0.376115 0.065944 0.034839
0.391755 0.223677 0.057705 0.034556
0.842511 0.898753 0.051102 0.035066
0.607002 0.735831 0.054700 0.041933
0.604959 0.076296 0.053305 0.039104
0.947641 0.281074 0.058432 0.028644
0.501232 0.192783 0.051527 0.038128
0.721061 0.909460 0.046135 0.033235
0.936227 0.028832 0.057507 0.032924
0.388363 0.504668 0.049983 0.039502
0.496991 0.809231 0.044313 0.031307
0.074831 0.415334 0.058067 0.040412
0.086970 0.765629 0.063180 0.037655
0.391329 0.143877 0.052294 0.037066
0.176818 0.114530 0.068227 0.043835
0.604351 0.384153 0.065523 0.028638
0.395007 0.065725 0.052734 0.034675
0.615208 0.230468 0.065761 0.041760
0.282222 0.789467 0.051357 0.033609
0.184270 0.906205 0.059242 0.044666
0.503166 0.153374 0.049809 0.031458
0.179380 0.336391 0.054348 0.036245
0.072432 0.537848 0.060658 0.040132
0.073202 0.335829 0.054134 0.038406
0.084104 0.725793 0.060847 0.040197
0.831622 0.268403 0.049602 0.037318
0.286488 0.860399 0.058557 0.031464
0.501482 0.313027 0.054854 0.039826
0.175136 0.152188 0.054918 0.031641
0.074213 0.453692 0.052629 0.033344
0.289227 0.524209 0.051111 0.040524
0.716470 0.103956 0.059658 0.039706
0.391316 0.422439 0.053179 0.040098
0.955411 0.572752 0.044889 0.033837
0.391716 0.381448 0.053443 0.040899
0.500983 0.076557 0.053577 0.036665
0.723358 0.463049 0.066026 0.037396
0.389950 0.462537 0.051598 0.040163
0.396722 0.588318 0.047440 0.034434
0.286090 0.932719 0.060976 0.041403
0.608500 0.532866 0.050633 0.033266
0.602814 0.611476 0.047204 0.037630
0.498453 0.356097 0.049620 0.037433
0.080835 0.617925 0.058556 0.030030
0.287805 0.212022 0.057028 0.040810
0.285112 0.593240 0.049221 0.038368
0.834401 0.610415 0.064831 0.041922
0.282468 0.373017 0.046912 0.047136
0.285802 0.749856 0.055311 0.043187
0.722273 0.628312 0.059422 0.046156
0.180931 0.572721 0.056348 0.042555
0.390504 0.548209 0.051635 0.041496
0.180636 0.610857 0.051293 0.026645
0.717044 0.947537 0.046720 0.037681
0.184969 0.716933 0.051407 0.035449
0.072388 0.493931 0.050777 0.042494
0.499910 0.511461 0.053491 0.039080
0.606037 0.455306 0.050223 0.037218
0.718947 0.022912 0.067460 0.039894
0.498693 0.776682 0.051121 0.030586
0.185685 0.529644 0.060718 0.033956
0.615233 0.913871 0.053103 0.041108
0.394762 0.667576 0.055426 0.035159
0.181293 0.406337 0.049676 0.042544
0.076363 0.041224 0.068775 0.042537
0.717948 0.065238 0.051100 0.041707
0.404685 0.933464 0.052005 0.029352
0.400684 0.303013 0.070892 0.043634
0.178168 0.185063 0.051193 0.030032
0.078880 0.579037 0.055201 0.042484
0.942459 0.142852 0.057088 0.037442
0.283299 0.456042 0.048730 0.034171
0.282837 0.299175 0.055285 0.037984
0.501533 0.952709 0.065669 0.038619
0.611712 0.810845 0.052604 0.036998
0.723605 0.185403 0.046554 0.036386
0.178908 0.256123 0.048898 0.034926
0.609467 0.265992 0.053310 0.030153
0.718399 0.223700 0.049315 0.032048
0.290170 0.487480 0.048042 0.031983
0.185455 0.868916 0.049100 0.027261
0.084493 0.838331 0.052693 0.034912
0.944648 0.205810 0.051929 0.026532
0.499341 0.473132 0.058587 0.038036
0.837185 0.493100 0.042722 0.031071
0.608521 0.305962 0.052873 0.048719
0.943804 0.176378 0.051643 0.028764
0.607787 0.419696 0.057676 0.036930
0.609790 0.034489 0.059473 0.039706
0.174634 0.074239 0.067241 0.032851
0.071982 0.083754 0.048981 0.036906
0.286816 0.662692 0.050128 0.045599
0.394679 0.708809 0.059184 0.039646
0.397046 0.030255 0.050533 0.034558
0.607567 0.112431 0.048539 0.031216
0.289189 0.558574 0.048825 0.025467
0.286752 0.172596 0.051097 0.036145
0.071569 0.290956 0.068348 0.048774
0.072571 0.161563 0.051665 0.047518
0.836414 0.715502 0.045854 0.030112
0.289043 0.128736 0.063763 0.048041
0.406060 0.962217 0.053750 0.032066
0.287297 0.333731 0.059966 0.027775
0.828044 0.062987 0.051358 0.040404
0.724676 0.666428 0.050177 0.028330
0.721532 0.503501 0.077152 0.040907
0.089159 0.904841 0.041610 0.037802
0.084871 0.693323 0.048965 0.026310
0.184939 0.788683 0.051840 0.047513
0.077555 0.246330 0.047751 0.031791
0.604750 0.775830 0.067889 0.035543
0.720180 0.258429 0.061796 0.035702
0.093832 0.951690 0.052305 0.048654
0.502670 0.916759 0.043245 0.030659
0.830274 0.645216 0.043376 0.023869
0.497113 0.037339 0.054660 0.042448
0.084407 0.802679 0.043958 0.037676
0.178309 0.037339 0.054074 0.042499
0.391456 0.343391 0.050784 0.031046
0.181829 0.369719 0.049010 0.026947
0.193349 0.940995 0.060688 0.025397
0.615657 0.876171 0.053789 0.035928
0.500095 0.585901 0.059950 0.035651
0.071547 0.120047 0.045418 0.029862
0.612932 0.842734 0.044404 0.033389
0.088989 0.869942 0.044530 0.030323
0.191869 0.968035 0.061568 0.031065
0.284118 0.626433 0.044971 0.023774
0.185129 0.749565 0.042615 0.028669
0.399807 0.740319 0.055289 0.026421
0.290569 0.080440 0.053451 0.052736
0.292321 0.969558 0.057860 0.036241
0.831848 0.025155 0.044333 0.031388
0.851429 0.939756 0.079718 0.043945
0.501605 0.549076 0.057493 0.035013
0.290529 0.034903 0.048203 0.033209
0.434734 0.338448 0.025127 0.018917
