0.446868 0.247066 0.056278 0.028189
0.345677 0.285455 0.070740 0.033558
0.446390 0.283164 0.059187 0.036974
0.251992 0.445119 0.050358 0.032640
0.558384 0.520746 0.062565 0.031854
0.473884 0.864811 0.050781 0.034146
0.340870 0.152687 0.055406 0.031784
0.747600 0.245222 0.045377 0.030035
0.149642 0.447833 0.050349 0.033384
0.363638 0.803924 0.060306 0.030703
0.367136 0.835591 0.053929 0.027800
0.475429 0.829997 0.058191 0.030949
0.555123 0.389677 0.060219 0.030010
0.357201 0.420035 0.057571 0.029167
0.362580 0.621133 0.052491 0.034576
0.842167 0.183752 0.061531 0.029715
0.137568 0.135302 0.056217 0.028367
0.748189 0.308387 0.047887 0.034467
0.566534 0.669293 0.057105 0.037906
0.354410 0.454689 0.053531 0.033938
0.457097 0.384602 0.052957 0.030658
0.141127 0.246956 0.053739 0.026691
0.352257 0.321178 0.059673 0.034224
0.844231 0.241434 0.049618 0.030317
0.448128 0.214908 0.052848 0.031414
0.643082 0.129155 0.056917 0.029338
0.246709 0.345792 0.061030 0.040760
0.254787 0.682587 0.052139 0.031929
0.562374 0.486199 0.052655 0.036292
0.552132 0.351901 0.044149 0.036843
0.858091 0.712450 0.052692 0.030027
0.456009 0.351342 0.063856 0.030632
0.346089 0.252634 0.055411 0.029879
0.150210 0.572166 0.052600 0.027917
0.252067 0.478301 0.056368 0.027295
0.675914 0.889964 0.057656 0.036215
0.475635 0.897373 0.046330 0.028073
0.744787 0.211368 0.046405 0.031297
0.250387 0.510553 0.054582 0.032155
0.139580 0.165738 0.052376 0.030453
0.150584 0.482591 0.046918 0.029575
0.144743 0.311532 0.054834 0.027366
0.248122 0.280796 0.061622 0.027907
0.147887 0.380109 0.049166 0.029961
0.152364 0.604332 0.047387 0.027705
0.564640 0.555726 0.052301 0.033620
0.647190 0.213355 0.046792 0.031173
0.566941 0.826532 0.053074 0.028917
0.459063 0.529319 0.048335 0.032761
0.258183 0.805376 0.052714 0.028954
0.153357 0.721953 0.049019 0.027916
0.844858 0.369496 0.048099 0.030929
0.241213 0.189649 0.047048 0.027552
0.747316 0.275549 0.047054 0.028496
0.365716 0.869219 0.047164 0.029331
0.949842 0.715377 0.048368 0.031591
0.139690 0.217605 0.055991 0.025572
0.570714 0.762077 0.051183 0.033319
0.939449 0.540094 0.052917 0.030673
0.250277 0.411628 0.054287 0.030787
0.342041 0.220479 0.053347 0.033832
0.548208 0.230413 0.050620 0.029445
0.948661 0.647489 0.051089 0.032895
0.649829 0.246199 0.047430 0.031138
0.562227 0.625495 0.052892 0.040812
0.468942 0.739074 0.059560 0.027338
0.237822 0.156389 0.050200 0.035886
0.149529 0.412432 0.055728 0.028102
0.142411 0.280210 0.044116 0.031687
0.442303 0.158290 0.063079 0.026018
0.561866 0.588794 0.058071 0.028841
0.669893 0.644537 0.049557 0.033490
0.745447 0.157128 0.054191 0.028466
0.255781 0.649304 0.059392 0.027592
0.751017 0.346639 0.043780 0.032921
0.674632 0.855372 0.053031 0.027956
0.661073 0.574200 0.047037 0.027038
0.843972 0.276015 0.047395 0.029645
0.571840 0.793219 0.054658 0.028049
0.458387 0.465385 0.050475 0.032655
0.243014 0.249242 0.050761 0.028939
0.339743 0.119202 0.053660 0.032234
0.941380 0.225674 0.043108 0.031363
0.363824 0.585963 0.055894 0.032342
0.659085 0.477937 0.054337 0.034222
0.551302 0.314531 0.039871 0.032797
0.854101 0.627395 0.050463 0.029114
0.670656 0.743725 0.044694 0.037564
0.359930 0.524831 0.044328 0.030920
0.471460 0.623204 0.061030 0.027672
0.247534 0.380625 0.057257 0.025406
0.940707 0.256308 0.042708 0.030369
0.764357 0.617506 0.049630 0.026907
0.547567 0.259444 0.051203 0.024938
0.469200 0.682327 0.046769 0.029942
0.842037 0.120358 0.051076 0.031851
0.645471 0.184701 0.049904 0.027527
0.459571 0.497407 0.044401 0.029420
0.447768 0.318980 0.050294 0.027973
0.255345 0.715151 0.049124 0.030552
0.764987 0.587383 0.045669 0.028309
0.136059 0.101310 0.052750 0.030538
0.560606 0.453325 0.052572 0.026441
0.543914 0.155651 0.054839 0.025998
0.346813 0.358519 0.049474 0.037036
0.258429 0.746207 0.048912 0.030758
0.850715 0.461113 0.046466 0.032001
0.861356 0.741269 0.047386 0.025818
0.263429 0.836031 0.062179 0.027624
0.545312 0.127379 0.049545 0.027309
0.654650 0.340201 0.042755 0.026704
0.248135 0.309610 0.057365 0.027176
0.762209 0.465714 0.052345 0.031526
0.261212 0.869439 0.044159 0.029215
0.144022 0.345384 0.046180 0.031035
0.156110 0.753200 0.044735 0.026422
0.657820 0.373295 0.045120 0.033309
0.951241 0.750296 0.050128 0.030836
0.852917 0.561588 0.047401 0.031729
0.361316 0.740572 0.060385 0.031082
0.955424 0.891882 0.044653 0.028894
0.352770 0.390631 0.049314 0.024585
0.151646 0.841902 0.045208 0.031857
0.362448 0.654502 0.043217 0.027340
0.467333 0.651967 0.056939 0.026687
0.660037 0.439183 0.044860 0.035478
0.768024 0.729501 0.053367 0.026059
0.572713 0.918172 0.044470 0.030870
0.941929 0.310534 0.041999 0.029777
0.559598 0.422374 0.051664 0.031705
0.262538 0.897943 0.055950 0.023167
0.949310 0.610677 0.044688 0.033641
0.362795 0.773371 0.044432 0.029252
0.761570 0.557667 0.045108 0.030669
0.842621 0.150292 0.041718 0.029344
0.472199 0.712016 0.053072 0.024359
0.846097 0.337435 0.043891 0.030965
0.356991 0.554052 0.046586 0.028008
0.571819 0.889919 0.047772 0.023198
0.943040 0.341095 0.041763 0.027869
0.766244 0.701088 0.044658 0.026350
0.368405 0.910807 0.053237 0.043991
0.473959 0.769359 0.044765 0.029892
0.571189 0.730305 0.056840 0.024811
0.942989 0.489528 0.043763 0.027622
0.737514 0.125526 0.046891 0.028570
0.659366 0.404108 0.045870 0.025152
0.943328 0.146521 0.054527 0.026508
0.239646 0.219249 0.049862 0.029903
0.475292 0.924552 0.043901 0.026797
0.852786 0.680451 0.052865 0.026255
0.942203 0.092390 0.042246 0.029343
0.255320 0.545185 0.043408 0.032094
0.340991 0.186663 0.041979 0.033497
0.756485 0.413530 0.056880 0.024809
0.851339 0.429231 0.055355 0.025152
0.562835 0.701799 0.042789 0.026984
0.137796 0.192564 0.051299 0.020978
0.439583 0.095648 0.045605 0.030741
0.767782 0.791469 0.050510 0.027505
0.942187 0.172858 0.042399 0.023181
0.761674 0.497672 0.045820 0.028324
0.846457 0.305330 0.042869 0.023747
0.774800 0.915925 0.046723 0.029212
0.154394 0.781617 0.045441 0.022750
0.549869 0.190908 0.046198 0.040044
0.359172 0.490203 0.039110 0.034261
0.771397 0.762269 0.053808 0.031738
0.862854 0.770473 0.041612 0.029085
0.667687 0.680224 0.042956 0.030795
0.953282 0.861364 0.043215 0.026777
0.850374 0.400749 0.053327 0.027324
0.751648 0.382370 0.039550 0.027201
0.763248 0.647202 0.040023 0.027638
0.148825 0.511988 0.042213 0.028399
0.574694 0.858385 0.039866 0.030968
0.151412 0.636035 0.048413 0.027427
0.443300 0.127784 0.039987 0.026921
0.941216 0.198172 0.044887 0.023671
0.362636 0.683495 0.041905 0.024440
0.256146 0.775317 0.044421 0.029875
0.670993 0.710919 0.051537 0.024286
0.151202 0.542380 0.039355 0.027814
0.851563 0.653336 0.051668 0.022268
0.860094 0.912570 0.045779 0.027449
0.772196 0.886892 0.046099 0.029610
0.471958 0.798009 0.040846 0.027339
0.263114 0.922571 0.048548 0.024444
0.234978 0.123534 0.044060 0.025573
0.943195 0.434347 0.037015 0.030173
0.861316 0.803910 0.042564 0.035396
0.659808 0.546791 0.044365 0.025813
0.741118 0.093976 0.048145 0.030163
0.942475 0.282713 0.048970 0.021858
0.944399 0.368087 0.054197 0.024621
0.760036 0.526453 0.038862 0.028307
0.843888 0.211826 0.043926 0.023204
0.362499 0.710727 0.055958 0.025290
0.464272 0.596350 0.042757 0.028596
0.949417 0.574509 0.042462 0.032203
0.461058 0.564017 0.044658 0.033705
0.544299 0.096184 0.044593 0.029459
0.663998 0.606970 0.037915 0.033142
0.769047 0.855360 0.034421 0.029398
0.458327 0.437087 0.045413 0.026446
0.550924 0.284900 0.038914 0.023720
0.742861 0.184345 0.049512 0.020385
0.955219 0.824507 0.044046 0.035350
0.941209 0.119444 0.039843 0.023116
0.942557 0.463010 0.043594 0.025025
0.852377 0.491684 0.037649 0.030749
0.948629 0.681265 0.033900 0.031207
0.156696 0.880704 0.047431 0.031347
0.762884 0.673018 0.040409 0.027032
0.155067 0.806613 0.041409 0.025402
0.862283 0.838424 0.043881 0.024319
0.678977 0.922643 0.058874 0.024426
0.445408 0.185110 0.048429 0.020467
0.153156 0.665452 0.039416 0.022726
0.644650 0.157772 0.040317 0.022222
0.851218 0.526399 0.037889 0.032369
0.458582 0.412705 0.056856 0.021443
0.233605 0.097390 0.055166 0.026082
0.640960 0.094566 0.043711 0.030395
0.672896 0.789076 0.049488 0.044133
0.836114 0.088771 0.045616 0.025112
0.659486 0.513212 0.037515 0.032648
0.768277 0.823483 0.038664 0.031393
0.152542 0.691915 0.032392 0.025196
0.652238 0.303600 0.040689 0.038708
0.859876 0.876053 0.044392 0.039650
0.256065 0.578204 0.063175 0.027014
0.957786 0.917679 0.043775 0.023705
0.649023 0.273418 0.041409 0.017065
0.944735 0.400729 0.050682 0.034489
0.256635 0.612871 0.051680 0.039590
0.854989 0.594004 0.037381 0.030851
0.154371 0.919546 0.049442 0.029692
0.950742 0.785952 0.038565 0.035044
0.675432 0.826003 0.044686 0.023727
0.340043 0.091805 0.047960 0.019939
0.755694 0.438759 0.042100 0.018472
0.941552 0.513363 0.036040 0.018674
