0.382976 0.278190 0.080196 0.052343
0.497030 0.515812 0.084145 0.054032
0.276783 0.427725 0.075123 0.050374
0.055403 0.280154 0.073816 0.050108
0.160904 0.826141 0.083163 0.044721
0.497926 0.733706 0.079936 0.049340
0.276397 0.878643 0.076631 0.055037
0.383433 0.392744 0.077392 0.046985
0.162075 0.914552 0.075962 0.041666
0.718004 0.389489 0.068810 0.047792
0.933896 0.415109 0.091681 0.046469
0.722726 0.123177 0.088850 0.057728
0.388566 0.791509 0.079228 0.049375
0.724570 0.288777 0.076600 0.053282
0.269176 0.757993 0.076696 0.044618
0.268881 0.480995 0.081211 0.050144
0.498444 0.889937 0.079647 0.046385
0.829256 0.658248 0.073093 0.050837
0.055094 0.831138 0.073931 0.052850
0.500759 0.785160 0.076993 0.048419
0.491434 0.292393 0.068196 0.053319
0.832160 0.761639 0.086962 0.049215
0.932570 0.589026 0.089527 0.051157
0.606882 0.109175 0.092898 0.042484
0.610146 0.907913 0.087003 0.050885
0.158132 0.777174 0.068926 0.050313
0.160413 0.426875 0.076796 0.048837
0.271085 0.540129 0.085261 0.053865
0.726349 0.765667 0.081384 0.047390
0.831353 0.811122 0.084507 0.043425
0.278563 0.813870 0.076158 0.052592
0.825844 0.278624 0.075029 0.053658
0.387410 0.616965 0.074586 0.053206
0.055866 0.775222 0.066489 0.052071
0.609203 0.372387 0.080797 0.052134
0.154254 0.168460 0.084033 0.043528
0.828019 0.862180 0.083374 0.048211
0.167373 0.722790 0.084812 0.044631
0.603607 0.803306 0.082077 0.050744
0.837275 0.449594 0.079604 0.049651
0.158366 0.115535 0.075879 0.051179
0.609828 0.856275 0.079216 0.045652
0.823183 0.504116 0.078930 0.049682
0.493693 0.242749 0.090606 0.043068
0.156321 0.482337 0.086421 0.043695
0.721521 0.065643 0.090638 0.060760
0.163272 0.871130 0.079271 0.041187
0.389757 0.115418 0.079613 0.047250
0.380970 0.507617 0.078103 0.045069
0.051005 0.485236 0.064044 0.038089
0.825408 0.395542 0.070459 0.049359
0.056494 0.883234 0.069911 0.044355
0.269399 0.318381 0.072930 0.061584
0.933764 0.217684 0.077700 0.041607
0.936180 0.699351 0.068504 0.052634
0.605367 0.057048 0.087908 0.051312
0.051035 0.632665 0.069052 0.045910
0.496148 0.628214 0.067846 0.047026
0.499656 0.840891 0.075096 0.045834
0.386080 0.336120 0.075645 0.055014
0.605420 0.957684 0.081310 0.049754
0.716144 0.233289 0.079448 0.052618
0.498627 0.677406 0.071929 0.047977
0.942926 0.806205 0.074119 0.049446
0.826418 0.603900 0.084349 0.044886
0.159583 0.274315 0.063067 0.047408
0.387876 0.959461 0.078099 0.047949
0.498588 0.457252 0.072576 0.056798
0.383466 0.062765 0.085251 0.053979
0.378698 0.674735 0.073061 0.052620
0.831697 0.912749 0.066885 0.045211
0.610304 0.748344 0.065466 0.048067
0.832266 0.056849 0.082556 0.048323
0.050504 0.725054 0.063056 0.038972
0.271531 0.709573 0.070243 0.046739
0.048135 0.226676 0.070710 0.046774
0.722242 0.671394 0.074181 0.047676
0.271421 0.652416 0.075952 0.054344
0.940855 0.909502 0.083393 0.047767
0.834577 0.222720 0.082544 0.044112
0.827233 0.710571 0.071738 0.049792
0.049408 0.394359 0.063361 0.057961
0.162420 0.959661 0.095378 0.043106
0.825474 0.958645 0.099257 0.043084
0.051311 0.535445 0.065203 0.050574
0.271638 0.258694 0.076952 0.042742
0.604905 0.597586 0.101911 0.059140
0.269862 0.109307 0.086453 0.045430
0.159395 0.587030 0.069757 0.046895
0.937673 0.861252 0.058779 0.045166
0.494671 0.348137 0.065998 0.051472
0.608416 0.429843 0.079876 0.054083
0.157964 0.220602 0.064709 0.051660
0.724760 0.500061 0.086852 0.057465
0.939931 0.361593 0.075242 0.049741
0.718085 0.819792 0.062544 0.051658
0.718011 0.179436 0.068032 0.052882
0.933950 0.107968 0.078153 0.055667
0.055333 0.063886 0.069786 0.051584
0.937782 0.163982 0.072884 0.055648
0.270924 0.207921 0.090497 0.044326
0.937460 0.642210 0.071527 0.047762
0.049970 0.333212 0.073157 0.047196
0.153472 0.368888 0.078287 0.049475
0.162960 0.533325 0.070707 0.052475
0.386886 0.450493 0.079811 0.052731
0.386617 0.558853 0.066113 0.049018
0.051494 0.681505 0.055319 0.046017
0.614593 0.538155 0.082424 0.057222
0.272214 0.594260 0.054834 0.049499
0.832549 0.109494 0.068875 0.048924
0.049508 0.116770 0.064571 0.053959
0.936697 0.054251 0.068587 0.046060
0.714893 0.956475 0.060558 0.042552
0.387232 0.906729 0.085913 0.054194
0.272807 0.374059 0.065644 0.047397
0.494897 0.401440 0.061982 0.049400
0.271199 0.159764 0.073612 0.042814
0.606229 0.214837 0.065424 0.051066
0.606452 0.163788 0.067576 0.050257
0.615577 0.482616 0.087591 0.040816
0.159079 0.321083 0.061678 0.037506
0.051809 0.173632 0.064810 0.051029
0.721195 0.441762 0.061132 0.048631
0.387745 0.171129 0.088910 0.056130
0.270112 0.934980 0.084860 0.044692
0.713322 0.621786 0.062679 0.046338
0.937796 0.309043 0.054871 0.040767
0.716789 0.912454 0.072602 0.043132
0.158381 0.631985 0.057197 0.037187
0.935880 0.265057 0.060582 0.040455
0.717766 0.339814 0.058703 0.041102
0.495415 0.572317 0.073366 0.047365
0.719464 0.868807 0.069837 0.040261
0.933770 0.533882 0.076940 0.046213
0.384467 0.735597 0.062745 0.053100
0.606238 0.316886 0.058841 0.055064
0.049868 0.442382 0.055925 0.038178
0.722880 0.720012 0.065777 0.035060
0.938363 0.957107 0.071541 0.044519
0.387628 0.849720 0.070221 0.054748
0.831973 0.168504 0.063466 0.051793
0.715998 0.566128 0.079966 0.055359
0.498156 0.190123 0.069532 0.054360
0.609610 0.652246 0.073512 0.048992
0.500248 0.933508 0.083412 0.036848
0.054783 0.587602 0.065971 0.041101
0.936806 0.755145 0.066874 0.047958
0.936122 0.476337 0.065625 0.054182
0.600117 0.263758 0.062764 0.044395
0.611669 0.700812 0.071703 0.038384
0.158611 0.675740 0.064612 0.040589
0.500491 0.965014 0.078587 0.039245
0.498574 0.064856 0.058952 0.054809
0.827114 0.555608 0.051163 0.045847
0.056664 0.962790 0.078036 0.044432
0.053718 0.924286 0.060382 0.032107
0.160349 0.061071 0.056939 0.048265
0.825493 0.338558 0.059507 0.055088
0.274148 0.061314 0.055437 0.048669
0.388876 0.224002 0.055012 0.044143
0.497939 0.123410 0.077215 0.054457
0.271587 0.967843 0.100721 0.036255
