0.074606 0.834126 0.061659 0.038752
0.406020 0.708471 0.067811 0.042986
0.506278 0.916906 0.056568 0.033991
0.512772 0.702819 0.059949 0.044007
0.069229 0.221361 0.055017 0.039948
0.289488 0.758001 0.057015 0.040465
0.626121 0.885896 0.057431 0.041476
0.187085 0.447484 0.057231 0.043005
0.185222 0.928756 0.058915 0.036674
0.731806 0.722687 0.061535 0.037155
0.508597 0.780314 0.055981 0.034221
0.506738 0.447917 0.057229 0.040020
0.625841 0.845207 0.052358 0.034090
0.622718 0.302443 0.064971 0.045749
0.510648 0.658488 0.058544 0.041828
0.393961 0.284710 0.058325 0.037918
0.838269 0.457092 0.057067 0.035131
0.939901 0.734058 0.061816 0.039681
0.291476 0.844075 0.052624 0.038881
0.075986 0.570496 0.059202 0.038709
0.287761 0.260461 0.055888 0.040992
0.285702 0.349537 0.054109 0.041405
0.622956 0.178372 0.061849 0.040470
0.512169 0.194566 0.068531 0.041179
0.407728 0.752645 0.069837 0.043602
0.288024 0.492143 0.059622 0.047317
0.506983 0.745542 0.056727 0.032860
0.075560 0.755927 0.057256 0.039862
0.402981 0.828180 0.072905 0.035392
0.838355 0.849465 0.056356 0.039960
0.505495 0.151845 0.064255 0.040913
0.508471 0.486604 0.059746 0.030647
0.077294 0.685444 0.057558 0.039109
0.617711 0.257284 0.060666 0.043355
0.937751 0.253824 0.061125 0.042206
0.401310 0.444561 0.058268 0.042315
0.289885 0.715533 0.051816 0.039860
0.512803 0.526682 0.071405 0.042838
0.396560 0.598360 0.063088 0.037053
0.728000 0.900491 0.061023 0.040797
0.729618 0.682808 0.056758 0.036898
0.401134 0.562395 0.061707 0.030722
0.281615 0.078078 0.055646 0.039599
0.620331 0.776762 0.056603 0.040918
0.509528 0.374767 0.057142 0.036562
0.508749 0.236190 0.059047 0.036565
0.077756 0.797002 0.059134 0.035959
0.842056 0.887494 0.061525 0.034684
0.075641 0.182174 0.059984 0.032772
0.510182 0.614421 0.059412 0.040839
0.293844 0.801717 0.061036 0.038754
0.079290 0.526967 0.060869 0.042781
0.508512 0.953489 0.055658 0.037057
0.401290 0.524281 0.053405 0.041247
0.403356 0.669268 0.058292 0.032401
0.287775 0.304893 0.052712 0.044573
0.727481 0.857643 0.050280 0.042865
0.935296 0.412361 0.070091 0.042236
0.503466 0.572384 0.053241 0.041433
0.838035 0.539536 0.058300 0.037842
0.620438 0.344741 0.059028 0.034413
0.939438 0.295306 0.056135 0.037473
0.179259 0.237942 0.054533 0.039672
0.831058 0.319157 0.058732 0.040712
0.735143 0.565684 0.052620 0.038212
0.942389 0.135394 0.055956 0.039335
0.288114 0.883051 0.051949 0.031755
0.411623 0.964608 0.069530 0.034735
0.508779 0.274837 0.058129 0.034816
0.507351 0.308848 0.055169 0.036568
0.182496 0.891283 0.051494 0.040087
0.289697 0.395413 0.056967 0.043858
0.610723 0.672101 0.061048 0.039718
0.289149 0.914670 0.054153 0.033385
0.937614 0.211688 0.064960 0.040768
0.620225 0.633320 0.067539 0.033870
0.401608 0.632905 0.053122 0.033462
0.626282 0.955338 0.062070 0.036342
0.623504 0.380375 0.075465 0.035392
0.398738 0.400605 0.057826 0.041050
0.180518 0.196319 0.051813 0.038774
0.734294 0.608260 0.071783 0.042395
0.729941 0.187646 0.059134 0.029931
0.616787 0.078736 0.057469 0.036474
0.839737 0.749055 0.061009 0.034753
0.941720 0.371746 0.055524 0.038451
0.729669 0.219222 0.062441 0.030152
0.839328 0.579887 0.061236 0.040584
0.290261 0.442981 0.055239 0.044438
0.182362 0.851968 0.053509 0.036808
0.391949 0.239718 0.050274 0.045753
0.399119 0.485356 0.052772 0.037683
0.726781 0.111403 0.058112 0.035181
0.291804 0.541425 0.060694 0.044999
0.623158 0.464898 0.053600 0.040079
0.507380 0.880199 0.049389 0.035481
0.076137 0.938321 0.056534 0.037649
0.727782 0.812485 0.046824 0.041856
0.838906 0.810914 0.050842 0.035662
0.180971 0.274849 0.054503 0.031299
0.833191 0.277633 0.059538 0.041767
0.077133 0.899897 0.052685 0.037831
0.936515 0.577566 0.053102 0.038601
0.935773 0.619431 0.060232 0.040682
0.939295 0.456609 0.059725 0.043098
0.619378 0.562124 0.069308 0.033746
0.179638 0.158273 0.053590 0.034319
0.621262 0.216220 0.060427 0.030310
0.619036 0.739412 0.049446 0.033372
0.393555 0.198221 0.060464 0.036674
0.938448 0.691584 0.049026 0.043188
0.940677 0.884893 0.049098 0.040307
0.399939 0.320216 0.062498 0.031830
0.730702 0.493356 0.058853 0.039007
0.936786 0.541062 0.063893 0.030688
0.727046 0.078501 0.061146 0.031487
0.186740 0.492560 0.055176 0.044358
0.731430 0.386348 0.051740 0.039014
0.081792 0.610660 0.063846 0.038796
0.284504 0.117834 0.063716 0.039245
0.838646 0.683969 0.051644 0.035427
0.070229 0.482246 0.053716 0.037242
0.291791 0.679644 0.047206 0.028620
0.501840 0.029829 0.069130 0.042542
0.940089 0.173690 0.055716 0.034761
0.836881 0.498013 0.062543 0.037908
0.939579 0.841159 0.047302 0.041662
0.181622 0.965431 0.050426 0.036338
0.182595 0.310268 0.047090 0.037381
0.831901 0.115442 0.053467 0.038950
0.393392 0.357984 0.066457 0.043716
0.939176 0.331771 0.057703 0.036680
0.831614 0.240538 0.060329 0.032666
0.733586 0.258140 0.062023 0.039447
0.186105 0.658049 0.054794 0.040103
0.734463 0.944516 0.049928 0.039809
0.618780 0.422219 0.065412 0.045356
0.625910 0.811150 0.052750 0.029032
0.069976 0.107287 0.047065 0.039611
0.843167 0.923605 0.053050 0.031905
0.070428 0.147096 0.049515 0.034656
0.401910 0.793871 0.056160 0.033532
0.730796 0.295213 0.052959 0.030201
0.285216 0.223093 0.049831 0.034729
0.935842 0.502990 0.052373 0.041132
0.730468 0.425827 0.063128 0.035694
0.502830 0.112075 0.066732 0.037203
0.505593 0.072187 0.072148 0.042152
0.070011 0.260642 0.045098 0.033491
0.626918 0.502769 0.066405 0.030378
0.173712 0.083392 0.051269 0.040392
0.828480 0.157429 0.063259 0.044441
0.291220 0.955774 0.063431 0.045031
0.075342 0.973753 0.052891 0.034607
0.073522 0.442085 0.046243 0.036224
0.070675 0.297379 0.045609 0.036981
0.626745 0.923116 0.052407 0.031145
0.935291 0.028588 0.053988 0.037661
0.618042 0.707814 0.042584 0.029396
0.503268 0.846255 0.043227 0.033965
0.835257 0.413424 0.056277 0.046521
0.741881 0.646741 0.065556 0.036985
0.935408 0.098259 0.050157 0.034222
0.176855 0.122186 0.049425 0.036642
0.509222 0.408460 0.052628 0.030565
0.937162 0.770565 0.054421 0.030997
0.832606 0.031141 0.060885 0.042621
0.725788 0.149490 0.055829 0.038227
0.832984 0.364713 0.055919 0.047953
0.070319 0.335614 0.048412 0.036821
0.076083 0.404456 0.041521 0.038843
0.182316 0.700114 0.057210 0.047208
0.393439 0.159638 0.051199 0.039484
0.937033 0.803881 0.057164 0.034043
0.287167 0.157776 0.058879 0.041234
0.843179 0.715585 0.049219 0.025499
0.186119 0.402070 0.072456 0.042677
0.941528 0.920816 0.043743 0.028464
0.184718 0.537939 0.055952 0.042736
0.936304 0.065028 0.054302 0.035848
0.073880 0.067062 0.045952 0.035930
0.727450 0.035764 0.066815 0.048570
0.736869 0.529439 0.048049 0.029868
0.077795 0.721209 0.048999 0.029544
0.623011 0.596699 0.059627 0.033760
0.505255 0.813713 0.043492 0.030762
0.174473 0.039388 0.059553 0.047613
0.512199 0.341884 0.050709 0.024780
0.291858 0.590420 0.045416 0.047431
0.403959 0.908293 0.046325 0.030153
0.941419 0.949529 0.045952 0.032978
0.391970 0.122682 0.050298 0.033537
0.186165 0.738830 0.051731 0.028558
0.839735 0.779052 0.047678 0.027372
0.938093 0.655419 0.050170 0.030191
0.390988 0.083884 0.050727 0.041617
0.279139 0.034736 0.058118 0.043107
0.839188 0.614213 0.054002 0.035847
0.730610 0.768178 0.057385 0.045107
0.077863 0.866978 0.052355 0.024808
0.183806 0.813037 0.046032 0.036221
0.839354 0.649715 0.053205 0.035595
0.179861 0.581645 0.055607 0.039516
0.614298 0.034551 0.050396 0.047139
0.080190 0.649144 0.052402 0.028335
0.618519 0.138351 0.049597 0.032753
0.074555 0.371363 0.041294 0.026659
0.186619 0.773945 0.063058 0.038642
0.624545 0.530490 0.051505 0.027328
0.733794 0.457637 0.052737 0.032128
0.848507 0.954298 0.050315 0.029236
0.618457 0.111997 0.047071 0.027171
0.728939 0.336962 0.063895 0.048315
0.396059 0.871324 0.073635 0.048010
0.834368 0.201276 0.058826 0.043667
0.285093 0.193007 0.046457 0.028296
0.186289 0.617060 0.042784 0.036153
0.833897 0.075420 0.060141 0.036494
0.407086 0.935108 0.049731 0.024012
0.074272 0.030999 0.045288 0.033793
0.292531 0.636203 0.046454 0.042370
0.392876 0.037547 0.059968 0.048953
0.181723 0.355137 0.044846 0.044967
