0.704586 0.190281 0.055647 0.043778
0.711503 0.595835 0.064896 0.040754
0.716122 0.281108 0.064491 0.041934
0.807489 0.303336 0.066237 0.042651
0.808232 0.189260 0.068303 0.035155
0.713536 0.235779 0.060393 0.040645
0.914832 0.316369 0.061132 0.039577
0.604970 0.337099 0.057327 0.039241
0.718041 0.877313 0.063864 0.036674
0.916886 0.461775 0.053136 0.039884
0.718964 0.404264 0.055788 0.040611
0.916182 0.569463 0.056452 0.035737
0.602242 0.476714 0.064523 0.038724
0.916523 0.236949 0.060740 0.040329
0.502334 0.856965 0.060157 0.032689
0.916316 0.670411 0.060637 0.036621
0.614693 0.795477 0.062814 0.033097
0.504259 0.890100 0.053027 0.032012
0.713466 0.488080 0.067991 0.039316
0.604077 0.297650 0.048826 0.034378
0.810750 0.378540 0.055140 0.038859
0.493348 0.239237 0.051954 0.039389
0.496599 0.745747 0.053243 0.038107
0.704273 0.150818 0.062807 0.033258
0.495263 0.668837 0.061118 0.033725
0.811555 0.619819 0.050491 0.031103
0.810620 0.484280 0.065523 0.035863
0.811844 0.261412 0.048309 0.036693
0.918774 0.423194 0.057889 0.037788
0.501474 0.633333 0.051392 0.033995
0.812836 0.152805 0.049217 0.034166
0.714108 0.640620 0.057733 0.041697
0.916145 0.501001 0.051376 0.035370
0.606186 0.548756 0.060485 0.036195
0.716199 0.683334 0.052094 0.038856
0.814289 0.584435 0.052951 0.036537
0.809530 0.838522 0.059585 0.039636
0.708579 0.113990 0.054125 0.034858
0.715906 0.364346 0.066233 0.037270
0.922406 0.196973 0.054830 0.034740
0.607391 0.688055 0.051138 0.035935
0.812613 0.115630 0.054030 0.035831
0.603652 0.201134 0.063001 0.031301
0.492212 0.164963 0.054386 0.034345
0.611575 0.584406 0.052144 0.035280
0.914047 0.606393 0.065565 0.035004
0.717084 0.446203 0.048439 0.039218
0.612302 0.651097 0.048108 0.032827
0.493918 0.126078 0.054262 0.037074
0.607999 0.728544 0.051736 0.037226
0.713972 0.840147 0.054402 0.035015
0.812912 0.418054 0.057608 0.033012
0.497804 0.463565 0.061673 0.038501
0.499560 0.707304 0.049134 0.036980
0.611932 0.906872 0.052513 0.037198
0.714227 0.724197 0.054025 0.037065
0.494387 0.201073 0.049109 0.035185
0.914257 0.704509 0.046167 0.032203
0.615437 0.764227 0.063203 0.030242
0.494952 0.308055 0.069034 0.033673
0.611004 0.868853 0.051228 0.037684
0.500264 0.503966 0.049362 0.038045
0.496735 0.426259 0.060126 0.032568
0.810570 0.341200 0.050837 0.032981
0.918201 0.535162 0.045905 0.030501
0.608994 0.513374 0.066162 0.035058
0.812667 0.686878 0.052879 0.034711
0.915199 0.778169 0.048866 0.045425
0.915430 0.350664 0.045681 0.029247
0.612835 0.161675 0.064224 0.039168
0.717727 0.763052 0.055289 0.038780
0.804940 0.724426 0.067547 0.037343
0.811735 0.516978 0.055361 0.028543
0.497648 0.277569 0.061980 0.028451
0.914940 0.384642 0.042454 0.035585
0.609026 0.831688 0.048365 0.033604
0.604767 0.377392 0.046736 0.037499
0.808589 0.875661 0.061923 0.035010
0.810527 0.914517 0.049000 0.039687
0.716106 0.323399 0.051908 0.040645
0.716149 0.558981 0.044269 0.032039
0.912031 0.738644 0.057586 0.033787
0.814041 0.761749 0.050509 0.037629
0.922492 0.154891 0.050910 0.040459
0.507854 0.960249 0.048682 0.031524
0.921835 0.116823 0.051190 0.029354
0.604174 0.439381 0.047918 0.027098
0.488946 0.085541 0.073049 0.037402
0.813443 0.798102 0.048590 0.034592
0.717266 0.801906 0.045931 0.037895
0.605485 0.123444 0.056367 0.031936
0.917136 0.276474 0.044064 0.034384
0.811435 0.651103 0.065638 0.031504
0.609835 0.618738 0.048924 0.033378
0.505746 0.924338 0.045095 0.034626
0.714677 0.526746 0.047959 0.032022
0.718719 0.914545 0.050778 0.038950
0.917538 0.957246 0.049931 0.031913
0.499205 0.395796 0.050118 0.029923
0.502013 0.338586 0.054575 0.025991
0.806302 0.955564 0.065031 0.040388
0.913933 0.823688 0.045360 0.039565
0.508130 0.816576 0.052564 0.042402
0.920525 0.859353 0.053609 0.029540
0.608742 0.233856 0.046918 0.029018
0.615084 0.943280 0.049479 0.029912
0.501385 0.781723 0.056630 0.034144
0.813757 0.548682 0.061457 0.034641
0.606375 0.264350 0.043348 0.030699
0.499538 0.366989 0.045965 0.027251
0.815448 0.450394 0.047742 0.028894
0.710677 0.084448 0.056462 0.023363
0.504852 0.566318 0.046793 0.037193
0.918084 0.637880 0.048602 0.027547
0.923563 0.085400 0.049143 0.029160
0.606515 0.409643 0.044273 0.025430
0.811110 0.081833 0.048261 0.027346
0.501617 0.599725 0.046390 0.029859
0.609513 0.087274 0.051993 0.035387
0.918378 0.894123 0.040748 0.031193
0.503222 0.538538 0.042675 0.030982
0.392025 0.123431 0.059298 0.042485
0.915362 0.926838 0.038157 0.029329
0.618320 0.975197 0.048162 0.034264
0.813496 0.224652 0.049535 0.033738
0.722566 0.958042 0.044955 0.035823
0.391421 0.083690 0.046732 0.032243
