0.794045 0.572109 0.052870 0.027995
0.886299 0.706785 0.056429 0.034608
0.888888 0.813068 0.051904 0.032105
0.796404 0.667931 0.053991 0.029841
0.886445 0.743663 0.053058 0.028281
0.886047 0.667628 0.049008 0.032083
0.887261 0.776481 0.047061 0.029945
0.880776 0.315384 0.059595 0.034378
0.798357 0.758847 0.053858 0.030924
0.798938 0.632861 0.045406 0.028431
0.795338 0.700081 0.049054 0.028490
0.885081 0.277542 0.061833 0.035216
0.798079 0.891676 0.046450 0.026094
0.792779 0.332739 0.042559 0.025755
0.881661 0.497810 0.045306 0.029607
0.885562 0.210244 0.053572 0.029144
0.888463 0.929047 0.056978 0.029291
0.886111 0.560648 0.046281 0.023606
0.887884 0.594447 0.047610 0.033378
0.883923 0.531368 0.049375 0.027171
0.800725 0.860233 0.043347 0.026407
0.792091 0.414619 0.047696 0.023887
0.795496 0.511623 0.042393 0.027963
0.796346 0.827978 0.041444 0.029746
0.791022 0.173336 0.044549 0.032225
0.784817 0.105306 0.051237 0.029373
0.793304 0.360744 0.049493 0.020866
0.787731 0.236383 0.050022 0.032986
0.790257 0.204053 0.044843 0.023961
0.886871 0.846553 0.050557 0.024359
0.883135 0.136115 0.047664 0.030730
0.881574 0.465515 0.051436 0.023755
0.885759 0.629762 0.044926 0.034260
0.789472 0.793445 0.064514 0.030562
0.886211 0.240121 0.052955 0.028305
0.793074 0.482964 0.041385 0.020424
0.884544 0.434592 0.048217 0.028126
0.883657 0.380699 0.040324 0.032266
0.885943 0.877044 0.052342 0.023685
0.795172 0.602809 0.038519 0.024636
0.790550 0.388079 0.048401 0.025365
0.791311 0.304649 0.040515 0.021489
0.791046 0.138413 0.043815 0.029548
0.794487 0.541617 0.039868 0.022170
0.885690 0.173386 0.051520 0.034509
0.793163 0.440361 0.040992 0.022953
0.881149 0.104479 0.046629 0.024799
0.884061 0.349228 0.051018 0.024422
0.889919 0.902956 0.038510 0.019821
0.800156 0.918326 0.048769 0.021657
0.788487 0.274210 0.044691 0.030522
0.791083 0.729433 0.055573 0.024442
0.792440 0.462478 0.036354 0.017756
0.881474 0.409550 0.040822 0.016455
