0.498535 0.733203 0.092277 0.057550
0.499517 0.845292 0.076966 0.052443
0.491713 0.440596 0.081430 0.051157
0.501223 0.610144 0.088278 0.057121
0.390529 0.795416 0.074884 0.048620
0.279508 0.842098 0.084680 0.054745
0.505035 0.495146 0.082554 0.050534
0.932458 0.224797 0.081471 0.048901
0.494171 0.284239 0.088032 0.052091
0.282021 0.896451 0.078339 0.047955
0.929920 0.456391 0.084806 0.050783
0.715150 0.674816 0.094800 0.059422
0.181013 0.218628 0.073117 0.052261
0.932735 0.171115 0.077397 0.054898
0.388085 0.472382 0.076338 0.051846
0.930730 0.114889 0.073506 0.053235
0.386494 0.907944 0.081983 0.055388
0.929201 0.399185 0.071839 0.060086
0.937235 0.692063 0.089606 0.050309
0.934447 0.513795 0.096972 0.056396
0.834015 0.900948 0.077952 0.045395
0.498075 0.789809 0.081559 0.050330
0.391110 0.744514 0.078145 0.052362
0.611651 0.168911 0.085601 0.054163
0.388406 0.688521 0.086279 0.048566
0.176321 0.274529 0.097607 0.048166
0.067971 0.872544 0.076346 0.053593
0.284006 0.517547 0.081543 0.047744
0.280284 0.238489 0.088335 0.055586
0.602041 0.454750 0.079520 0.051378
0.940549 0.746155 0.076304 0.052676
0.601116 0.962040 0.075487 0.053256
0.822579 0.331367 0.079350 0.055863
0.934108 0.797509 0.064497 0.049162
0.393037 0.118581 0.069634 0.050603
0.830646 0.499219 0.082619 0.048508
0.389236 0.332737 0.073028 0.054011
0.930325 0.279071 0.082521 0.046771
0.827509 0.394087 0.091885 0.055066
0.390347 0.526925 0.090333 0.053454
0.064712 0.816029 0.068453 0.051816
0.718860 0.292532 0.081610 0.054246
0.390570 0.422510 0.073787 0.038187
0.388701 0.847925 0.078683 0.051747
0.065645 0.183817 0.079541 0.053826
0.062829 0.648070 0.082435 0.050553
0.059844 0.499678 0.076232 0.053412
0.829007 0.604940 0.073423 0.044772
0.929742 0.907766 0.070784 0.056969
0.501615 0.551008 0.082001 0.056065
0.822769 0.656743 0.075662 0.052448
0.280722 0.349958 0.092224 0.042719
0.935083 0.963727 0.083787 0.049950
0.061620 0.706909 0.078980 0.054232
0.828419 0.115280 0.088965 0.048846
0.607420 0.605845 0.075511 0.049182
0.720033 0.615964 0.072114 0.049493
0.171732 0.917304 0.086391 0.042355
0.712305 0.352554 0.078328 0.052293
0.929295 0.335386 0.072447 0.055568
0.065028 0.238372 0.071777 0.049760
0.826293 0.711923 0.077788 0.048460
0.717191 0.728140 0.070357 0.042003
0.170381 0.057147 0.084594 0.051172
0.598435 0.911634 0.078171 0.045904
0.387974 0.585817 0.076396 0.050810
0.173745 0.108313 0.064206 0.051246
0.070836 0.920974 0.081029 0.041688
0.827559 0.165423 0.077143 0.045852
0.282829 0.781908 0.078826 0.058451
0.060836 0.390297 0.067723 0.044452
0.828189 0.852099 0.065004 0.049414
0.175384 0.871362 0.080563 0.044911
0.278553 0.404545 0.093077 0.057024
0.175972 0.670142 0.072757 0.048853
0.830337 0.552141 0.085813 0.050791
0.933217 0.850111 0.069635 0.048074
0.604166 0.555861 0.062742 0.045049
0.721636 0.560402 0.072923 0.050346
0.720444 0.779394 0.067034 0.051769
0.277155 0.145036 0.085803 0.052989
0.717811 0.177122 0.076903 0.058757
0.719772 0.056737 0.087941 0.055113
0.281875 0.941686 0.071437 0.038790
0.178799 0.162167 0.074143 0.047389
0.058631 0.444403 0.062719 0.050655
0.829819 0.218920 0.068930 0.055442
0.931951 0.576205 0.068979 0.056973
0.492866 0.907392 0.075176 0.062832
0.181541 0.554406 0.091346 0.055281
0.603373 0.219988 0.081807 0.042514
0.602305 0.714973 0.074751 0.040324
0.722982 0.235004 0.082688 0.052795
0.492835 0.340862 0.071745 0.050473
0.168941 0.445492 0.067423 0.051149
0.496485 0.961703 0.074078 0.046293
0.718349 0.935542 0.087954 0.049571
0.063435 0.296398 0.062787 0.052705
0.386373 0.379645 0.065790 0.036937
0.725305 0.114202 0.075825 0.055611
0.390789 0.274860 0.069851 0.054671
0.282089 0.568718 0.072342 0.042069
0.170857 0.329683 0.067062 0.049504
0.496340 0.230126 0.068192 0.048998
0.721287 0.506322 0.066776 0.054606
0.062174 0.554544 0.064927 0.052410
0.060115 0.347498 0.068378 0.033442
0.064427 0.602409 0.072601 0.039453
0.494068 0.388098 0.070899 0.045035
0.605097 0.268284 0.079287 0.051647
0.280545 0.662427 0.068937 0.044616
0.612342 0.811422 0.080890 0.054986
0.387478 0.062326 0.071547 0.055420
0.171464 0.391167 0.075607 0.055536
0.495910 0.120773 0.067854 0.049250
0.394115 0.960398 0.068132 0.050856
0.074100 0.962834 0.079847 0.041031
0.496887 0.177538 0.065044 0.055111
0.281897 0.299037 0.071864 0.050323
0.066545 0.759516 0.056301 0.050811
0.391843 0.168789 0.053762 0.043516
0.175553 0.775008 0.056707 0.049543
0.603641 0.316991 0.077872 0.037635
0.608913 0.760088 0.081755 0.039781
0.829410 0.058449 0.069621 0.056722
0.178001 0.824420 0.074861 0.042358
0.278022 0.615718 0.053029 0.040774
0.392766 0.638246 0.058451 0.045720
0.932317 0.636577 0.063861 0.054999
0.601849 0.661853 0.064047 0.056286
0.934058 0.060043 0.060509 0.052995
0.723037 0.454313 0.081617 0.035226
0.282768 0.723157 0.075987 0.050452
0.713539 0.879292 0.065244 0.060136
0.599379 0.358967 0.054793 0.036141
0.495970 0.672632 0.071144 0.060182
0.605524 0.116772 0.054196 0.045708
0.175761 0.963295 0.102911 0.044228
0.604006 0.401987 0.057059 0.040999
0.607281 0.507927 0.058617 0.046274
0.603877 0.862389 0.055138 0.040075
0.169352 0.500167 0.064838 0.050449
0.063129 0.120572 0.065793 0.057264
0.280530 0.059522 0.068253 0.051452
0.284109 0.463522 0.050764 0.050497
0.176369 0.613612 0.067424 0.058079
0.172326 0.725154 0.066637 0.047211
0.063906 0.060525 0.080783 0.055030
0.495746 0.063440 0.055892 0.054068
0.716870 0.827279 0.051269 0.038568
0.828374 0.448950 0.069925 0.049533
0.279372 0.974108 0.066942 0.035309
0.391521 0.218047 0.053524 0.045678
0.828186 0.944930 0.071669 0.036306
0.715691 0.975364 0.062141 0.031215
0.717910 0.407918 0.055936 0.049687
0.604318 0.063602 0.055486 0.053653
0.838277 0.804901 0.072298 0.036573
0.832859 0.975803 0.076493 0.025666
0.826828 0.763370 0.055652 0.047032
0.829803 0.276502 0.053084 0.044356
0.281888 0.102378 0.064224 0.029833
0.281714 0.191353 0.047582 0.028103
