0.279365 0.879766 0.072864 0.036169
0.819151 0.227994 0.073849 0.039045
0.283526 0.447661 0.061710 0.031591
0.165772 0.558634 0.059355 0.037042
0.504938 0.335408 0.066284 0.038761
0.716905 0.095500 0.075896 0.040229
0.284747 0.341951 0.057849 0.034973
0.392176 0.609047 0.062346 0.039835
0.926517 0.213652 0.072664 0.039512
0.390672 0.496645 0.066331 0.026319
0.925627 0.134433 0.068042 0.037186
0.505224 0.410222 0.065895 0.039410
0.822655 0.185907 0.069232 0.044201
0.050090 0.439875 0.061116 0.036668
0.504967 0.450802 0.066437 0.035456
0.164401 0.331253 0.063802 0.034445
0.274236 0.670354 0.065957 0.034111
0.388559 0.531853 0.065477 0.039973
0.502265 0.220494 0.061380 0.033157
0.166915 0.628439 0.063430 0.031294
0.390578 0.649555 0.065668 0.037441
0.053137 0.648271 0.066231 0.031763
0.399433 0.352635 0.073191 0.035769
0.174841 0.460966 0.067236 0.034725
0.503955 0.143771 0.067200 0.040593
0.394754 0.465387 0.062679 0.032028
0.610264 0.359811 0.075429 0.035184
0.499182 0.520580 0.071500 0.036437
0.166366 0.295601 0.062065 0.034936
0.823732 0.352813 0.065256 0.041832
0.501871 0.184928 0.060832 0.037084
0.607876 0.214614 0.063406 0.039057
0.504420 0.293627 0.063059 0.043899
0.386320 0.285030 0.079307 0.037301
0.056101 0.684775 0.054040 0.033646
0.396194 0.389432 0.059304 0.034444
0.609808 0.175522 0.070409 0.037152
0.722723 0.355399 0.064179 0.031325
0.819039 0.104047 0.076557 0.040822
0.053437 0.340792 0.061753 0.033113
0.170333 0.257892 0.069979 0.038479
0.928804 0.173271 0.070305 0.035456
0.826827 0.782191 0.067184 0.039763
0.821688 0.471423 0.070209 0.035573
0.051094 0.542130 0.062271 0.032931
0.505624 0.370821 0.059795 0.031273
0.822406 0.269319 0.082795 0.037496
0.925706 0.837396 0.073267 0.041349
0.489159 0.886747 0.063646 0.033891
0.379632 0.916799 0.070909 0.037294
0.055173 0.578103 0.063679 0.036476
0.279742 0.516962 0.064276 0.037142
0.173946 0.523537 0.061293 0.031991
0.826288 0.707188 0.064800 0.034123
0.167928 0.103025 0.062555 0.039056
0.054252 0.278130 0.057639 0.031331
0.930987 0.287689 0.065479 0.040599
0.922242 0.642911 0.072114 0.038206
0.054848 0.821300 0.054981 0.032067
0.169863 0.595089 0.057174 0.031147
0.824152 0.626708 0.072901 0.031298
0.724640 0.280873 0.068170 0.030432
0.172213 0.848009 0.061128 0.034280
0.609979 0.291630 0.072120 0.036791
0.054178 0.244775 0.064842 0.031639
0.278984 0.633171 0.055862 0.038270
0.605638 0.498092 0.057402 0.036917
0.049842 0.373278 0.055127 0.029592
0.927968 0.099735 0.074002 0.030026
0.279034 0.481087 0.056720 0.030628
0.384469 0.211618 0.063629 0.033732
0.058108 0.720244 0.060981 0.035350
0.057991 0.789578 0.056530 0.032023
0.929980 0.531926 0.070707 0.040128
0.925154 0.916532 0.067059 0.032024
0.715068 0.628003 0.065931 0.040755
0.056870 0.754570 0.058603 0.032166
0.815225 0.822065 0.060397 0.034556
0.275030 0.914213 0.059366 0.030289
0.721566 0.319156 0.059004 0.040472
0.167050 0.887562 0.058762 0.040858
0.386864 0.726210 0.072571 0.038466
0.818208 0.309958 0.058368 0.041388
0.392906 0.569964 0.052955 0.035014
0.929612 0.797456 0.063671 0.036252
0.277453 0.808624 0.055099 0.035795
0.284548 0.176972 0.054234 0.037575
0.169336 0.690120 0.054666 0.036529
0.172482 0.757655 0.072178 0.035856
0.818192 0.434126 0.060353 0.036917
0.608364 0.538344 0.081546 0.040725
0.284225 0.308249 0.048634 0.031493
0.607057 0.578348 0.070093 0.039744
0.384801 0.146058 0.063041 0.036830
0.821112 0.588959 0.063131 0.037532
0.928268 0.728404 0.062116 0.042313
0.927036 0.602909 0.073378 0.036208
0.170354 0.144112 0.065229 0.040372
0.817466 0.508982 0.054120 0.038129
0.819182 0.144774 0.065825 0.033961
0.609386 0.253657 0.055830 0.030989
0.060683 0.893728 0.060825 0.038735
0.920285 0.685023 0.077551 0.040581
0.608123 0.133817 0.079779 0.040093
0.500302 0.485677 0.058956 0.031836
0.932856 0.456381 0.063448 0.033835
0.398572 0.428194 0.057371 0.038844
0.495455 0.635867 0.054746 0.037350
0.505196 0.253650 0.052224 0.032488
0.927955 0.880787 0.062863 0.041237
0.382521 0.953912 0.063884 0.034511
0.392576 0.247377 0.050027 0.036712
0.168181 0.659469 0.054095 0.026959
0.499743 0.104245 0.060146 0.035697
0.280523 0.378640 0.047761 0.035219
0.935040 0.420004 0.057941 0.038171
0.610539 0.463506 0.071449 0.028343
0.498779 0.064227 0.078033 0.039696
0.611053 0.430277 0.053968 0.036440
0.500635 0.558070 0.073227 0.035047
0.058307 0.614668 0.054538 0.033956
0.052347 0.405014 0.052077 0.029110
0.820312 0.666330 0.055396 0.042350
0.932737 0.492705 0.054513 0.036247
0.395749 0.318871 0.069104 0.027749
0.610735 0.395795 0.069535 0.032285
0.930034 0.249803 0.058373 0.033723
0.927938 0.383908 0.070164 0.031714
0.053164 0.213450 0.056396 0.030537
0.384419 0.687700 0.061177 0.037253
0.602870 0.326649 0.064465 0.030115
0.815234 0.860072 0.051896 0.036012
0.383454 0.876762 0.054762 0.038200
0.497653 0.676019 0.064605 0.039430
0.279267 0.704448 0.053004 0.026310
0.488651 0.923431 0.056075 0.034158
0.389962 0.064754 0.083252 0.039982
0.278819 0.413861 0.052226 0.030587
0.818876 0.064713 0.079301 0.039414
0.279949 0.594871 0.050541 0.037698
0.049114 0.507758 0.048578 0.029470
0.719086 0.167385 0.055275 0.042643
0.816984 0.549440 0.059758 0.039209
0.494005 0.775718 0.062440 0.031361
0.491860 0.807754 0.060207 0.027620
0.922342 0.062801 0.068700 0.037565
0.720767 0.388039 0.059165 0.034796
0.282463 0.555733 0.053585 0.037330
0.489695 0.957981 0.077773 0.033238
0.170335 0.492484 0.049409 0.026965
0.170072 0.397924 0.073093 0.025667
0.280150 0.843743 0.052832 0.030918
0.170062 0.427354 0.048148 0.030158
0.278519 0.737600 0.065060 0.035723
0.718200 0.132416 0.055839 0.029351
0.058231 0.309269 0.060157 0.026794
0.719008 0.429574 0.050968 0.042243
0.718503 0.058498 0.073314 0.032487
0.495555 0.595165 0.051984 0.040816
0.170720 0.724170 0.053103 0.026704
0.383275 0.834882 0.049944 0.039475
0.273000 0.065576 0.063686 0.039645
0.049202 0.475434 0.042673 0.032878
0.822069 0.743977 0.054043 0.031598
0.051865 0.181035 0.050660 0.033872
0.718828 0.248766 0.058902 0.036486
0.284303 0.236593 0.045719 0.034193
0.173242 0.952861 0.067345 0.037808
0.055813 0.854765 0.048435 0.035632
0.719845 0.210034 0.049314 0.037579
0.931817 0.954528 0.076401 0.040101
0.392674 0.106338 0.064198 0.041513
0.492174 0.740250 0.047346 0.039638
0.813442 0.897921 0.053911 0.037324
0.714297 0.760259 0.062455 0.037377
0.054983 0.089369 0.059089 0.029642
0.383150 0.795989 0.046443 0.036915
0.174725 0.789785 0.067434 0.026680
0.171246 0.921126 0.063948 0.021922
0.166667 0.189261 0.053504 0.043947
0.053687 0.059257 0.051388 0.028506
0.167669 0.365860 0.055245 0.034309
0.925214 0.764573 0.057327 0.024457
0.929623 0.568286 0.061776 0.027159
0.390041 0.178003 0.051940 0.026058
0.818347 0.393452 0.056616 0.037420
0.714547 0.718027 0.054897 0.038716
0.282497 0.273938 0.052154 0.038007
0.168378 0.223447 0.054310 0.026316
0.717757 0.588406 0.050368 0.034173
0.054858 0.146228 0.045259 0.031630
0.721561 0.468635 0.061754 0.033058
0.056868 0.927854 0.061017 0.030768
0.381676 0.761531 0.062151 0.028943
0.485768 0.846572 0.056493 0.043608
0.280317 0.137258 0.044889 0.040237
0.169518 0.816082 0.058413 0.029014
0.814510 0.936236 0.056933 0.038312
0.166903 0.063150 0.046837 0.038119
0.931056 0.327622 0.060049 0.035736
0.283497 0.099748 0.052125 0.028327
0.287395 0.771509 0.073175 0.035039
0.054772 0.118702 0.046816 0.024349
0.820898 0.972645 0.058447 0.034331
0.289974 0.207115 0.058255 0.020432
0.491835 0.708961 0.042608 0.022523
0.716289 0.552863 0.040326 0.031426
0.714915 0.665221 0.062470 0.027770
0.724499 0.510737 0.079715 0.048455
0.929873 0.352447 0.048896 0.027932
0.064509 0.955840 0.063148 0.028007
0.279045 0.958552 0.061232 0.034215
0.279296 0.942196 0.056012 0.026933
0.715038 0.683340 0.049598 0.029386
