0.719090 0.561600 0.070335 0.036963
0.508170 0.171851 0.065178 0.034786
0.720636 0.458814 0.066505 0.041609
0.830615 0.315701 0.081241 0.042959
0.821198 0.197699 0.084661 0.038501
0.508907 0.134085 0.073822 0.038215
0.934658 0.450208 0.060173 0.045163
0.821251 0.874237 0.071445 0.045706
0.719252 0.158977 0.075603 0.037395
0.938934 0.534247 0.066809 0.043955
0.933626 0.778013 0.069486 0.037996
0.618442 0.405064 0.070310 0.040303
0.829288 0.506816 0.069074 0.042456
0.612929 0.194002 0.072646 0.040902
0.938353 0.702229 0.063328 0.043369
0.614253 0.552986 0.070372 0.043442
0.934277 0.901558 0.066890 0.034540
0.938013 0.166503 0.070356 0.041822
0.932303 0.331443 0.066092 0.048440
0.171232 0.078686 0.064610 0.049522
0.820314 0.064862 0.074387 0.038898
0.720464 0.878037 0.070272 0.039702
0.935780 0.288755 0.075461 0.036489
0.509357 0.211410 0.068197 0.040988
0.181855 0.801675 0.075738 0.041929
0.508715 0.303638 0.066285 0.050173
0.939411 0.576897 0.067694 0.036020
0.937232 0.861516 0.071523 0.045568
0.507120 0.254035 0.082271 0.044286
0.512588 0.089491 0.065474 0.046861
0.065062 0.300148 0.067586 0.042453
0.820654 0.108349 0.086200 0.044034
0.286981 0.531158 0.076354 0.042640
0.938670 0.618712 0.072377 0.043075
0.388046 0.840836 0.077734 0.050104
0.276012 0.338748 0.076974 0.047265
0.509368 0.569372 0.073627 0.043729
0.935319 0.660740 0.077712 0.035129
0.717814 0.199841 0.062424 0.041912
0.716895 0.114008 0.075405 0.041973
0.717566 0.332453 0.055954 0.039927
0.825868 0.154530 0.071262 0.044950
0.935488 0.939487 0.081811 0.035303
0.396224 0.358384 0.071263 0.043172
0.397444 0.227732 0.066549 0.036751
0.938882 0.492657 0.060881 0.038255
0.939164 0.817405 0.076065 0.037522
0.836413 0.551959 0.066695 0.044588
0.820688 0.913741 0.085623 0.032297
0.833432 0.398369 0.081217 0.035746
0.723241 0.074180 0.067743 0.035767
0.716995 0.288629 0.066756 0.041139
0.508513 0.407304 0.070083 0.050459
0.394332 0.790796 0.068366 0.043354
0.503035 0.891826 0.073135 0.040706
0.719335 0.646489 0.066527 0.051719
0.932539 0.407412 0.069954 0.038133
0.824957 0.465735 0.064030 0.037254
0.398689 0.032543 0.076649 0.050083
0.607049 0.855943 0.073067 0.037971
0.615587 0.154998 0.064761 0.035583
0.062648 0.252359 0.059845 0.051552
0.611239 0.727806 0.077271 0.045607
0.508245 0.491892 0.064669 0.038246
0.176421 0.849389 0.064259 0.044157
0.724035 0.029646 0.082978 0.045884
0.718670 0.692957 0.063099 0.040879
0.176368 0.894931 0.074325 0.040566
0.828734 0.596596 0.059965 0.038011
0.939549 0.741827 0.071648 0.033598
0.608385 0.363290 0.076370 0.039388
0.397943 0.497861 0.062474 0.043281
0.606510 0.810499 0.068149 0.048622
0.389462 0.694927 0.068821 0.053271
0.718742 0.737288 0.062705 0.045057
0.824699 0.744627 0.066865 0.037125
0.064035 0.380402 0.068869 0.037994
0.176618 0.314209 0.062920 0.040519
0.929143 0.122206 0.059416 0.042964
0.716154 0.243594 0.058290 0.039366
0.609168 0.598448 0.060825 0.044957
0.726763 0.600490 0.080758 0.034968
0.831240 0.709097 0.064872 0.036317
0.612997 0.028570 0.066780 0.039434
0.933766 0.371027 0.066520 0.030482
0.062544 0.421072 0.069959 0.038515
0.823448 0.830035 0.064841 0.039792
0.613708 0.237851 0.067198 0.043836
0.930456 0.205414 0.065676 0.034579
0.400664 0.603136 0.072206 0.047954
0.067719 0.466448 0.066484 0.048774
0.511026 0.356122 0.062511 0.046317
0.280600 0.731033 0.070651 0.048366
0.830935 0.431570 0.066968 0.030692
0.829788 0.359750 0.058899 0.037651
0.826397 0.023765 0.063158 0.034094
0.283986 0.387109 0.070005 0.042712
0.615485 0.070058 0.066068 0.036589
0.063485 0.511569 0.065556 0.037948
0.174806 0.757007 0.058020 0.044085
0.490273 0.705648 0.060764 0.051615
0.174757 0.481159 0.072158 0.041406
0.063646 0.827510 0.070371 0.049185
0.618703 0.282646 0.062451 0.042901
0.171470 0.392251 0.058075 0.049072
0.606214 0.643221 0.061538 0.041779
0.721318 0.829967 0.061868 0.053009
0.065453 0.128942 0.062151 0.041805
0.507621 0.452234 0.058544 0.041455
0.169409 0.946172 0.071864 0.054820
0.929106 0.029209 0.058032 0.041388
0.616243 0.113146 0.061722 0.045814
0.828462 0.635260 0.063723 0.035438
0.498436 0.615174 0.060497 0.041940
0.282059 0.086628 0.072260 0.047445
0.395008 0.743864 0.060161 0.044181
0.492846 0.755051 0.056200 0.045732
0.285008 0.679147 0.060478 0.046353
0.287526 0.578913 0.063854 0.047952
0.278719 0.960246 0.074480 0.050706
0.398946 0.082242 0.058295 0.045760
0.062863 0.207390 0.064169 0.035464
0.394004 0.646336 0.066059 0.039642
0.400401 0.447278 0.060323 0.048631
0.715131 0.413445 0.058746 0.042579
0.174625 0.711280 0.057575 0.041825
0.500153 0.844616 0.059632 0.050855
0.287746 0.141481 0.073475 0.058223
0.509995 0.529509 0.067931 0.032865
0.399379 0.183025 0.057606 0.045324
0.284784 0.629479 0.052971 0.043668
0.716060 0.373592 0.056090 0.037802
0.285038 0.200061 0.066275 0.054738
0.398396 0.401320 0.060008 0.038266
0.716087 0.920376 0.056124 0.038691
0.397802 0.548796 0.057480 0.053056
0.284692 0.434112 0.058274 0.046110
0.064014 0.167884 0.061902 0.034208
0.820705 0.785312 0.056479 0.042951
0.283963 0.250905 0.053553 0.038078
0.818795 0.963070 0.076483 0.055441
0.495653 0.799340 0.066569 0.039192
0.612153 0.511521 0.053917 0.037163
0.393301 0.266207 0.062165 0.033581
0.397201 0.309802 0.061573 0.051720
0.602137 0.892924 0.055925 0.033382
0.281117 0.781456 0.058945 0.046291
0.064240 0.661342 0.066246 0.047947
0.929845 0.075808 0.086583 0.045936
0.058036 0.343421 0.057504 0.032959
0.396886 0.131704 0.053026 0.045939
0.935966 0.247179 0.049218 0.043067
0.172017 0.620551 0.054230 0.052880
0.389878 0.928844 0.066800 0.052587
0.175653 0.525455 0.054831 0.043875
0.603990 0.683653 0.052933 0.041120
0.601821 0.964877 0.057569 0.038349
0.721066 0.781146 0.046088 0.038176
0.170711 0.226639 0.069866 0.039551
0.284472 0.483701 0.052477 0.048625
0.938268 0.973309 0.059026 0.031142
0.172495 0.270841 0.050566 0.043637
0.174708 0.669037 0.055156 0.040853
0.276102 0.908600 0.073841 0.047833
0.288171 0.034696 0.061935 0.049003
0.062566 0.031949 0.060975 0.043305
0.283371 0.290926 0.047607 0.038193
0.064655 0.782227 0.064874 0.034751
0.504317 0.036900 0.054068 0.050806
0.173353 0.351225 0.062588 0.031199
0.177901 0.571352 0.058304 0.041834
0.168403 0.158707 0.067140 0.031725
0.059553 0.613742 0.075091 0.046201
0.828978 0.242481 0.079905 0.044441
0.602222 0.769457 0.056549 0.032722
0.394640 0.971454 0.072208 0.037880
0.601865 0.928289 0.060403 0.037560
0.172722 0.030615 0.051948 0.039342
0.167610 0.124482 0.062890 0.034270
0.499216 0.658055 0.049685 0.038321
0.826926 0.671585 0.045671 0.032634
0.058283 0.702666 0.050190 0.035628
0.610112 0.440838 0.060128 0.030292
0.724081 0.503218 0.055684 0.043962
0.069249 0.886808 0.062213 0.043896
0.059580 0.741984 0.050122 0.039008
0.614148 0.475075 0.057270 0.035921
0.171955 0.438099 0.043009 0.040128
0.387588 0.884056 0.052130 0.030462
0.068940 0.082218 0.061141 0.049071
0.279555 0.826021 0.054181 0.038528
0.170593 0.192989 0.061688 0.033511
0.277495 0.864178 0.053751 0.032987
0.613389 0.323588 0.053426 0.038893
0.501842 0.958408 0.054056 0.044469
0.060589 0.555024 0.056459 0.046574
0.066198 0.939197 0.053779 0.054728
0.714729 0.967460 0.061218 0.038900
0.828267 0.276910 0.084297 0.028258
0.502214 0.933885 0.056572 0.037070
0.723663 0.529192 0.049750 0.025956
