0.598583 0.847177 0.060933 0.034533
0.164831 0.728460 0.071290 0.043342
0.165711 0.684536 0.065016 0.041163
0.715953 0.814120 0.064050 0.042983
0.489075 0.798788 0.087023 0.043759
0.382626 0.264151 0.064662 0.046341
0.831778 0.660503 0.065714 0.037266
0.714133 0.626922 0.062660 0.046094
0.619636 0.066885 0.059620 0.039760
0.715234 0.899493 0.067238 0.039360
0.618335 0.104520 0.059691 0.032782
0.381262 0.779328 0.058883 0.042569
0.827938 0.244950 0.060750 0.036773
0.163287 0.572212 0.064781 0.039778
0.162408 0.771342 0.062935 0.042025
0.157480 0.528503 0.064787 0.041758
0.168343 0.809311 0.060265 0.031667
0.166281 0.612289 0.055185 0.039359
0.713229 0.767378 0.063653 0.046710
0.721185 0.857523 0.063179 0.039397
0.715049 0.673655 0.070234 0.045645
0.374514 0.822140 0.055310 0.039248
0.273835 0.789050 0.081121 0.043061
0.613702 0.177981 0.062203 0.038314
0.382620 0.698995 0.052949 0.039299
0.063571 0.624763 0.059646 0.041588
0.611281 0.220903 0.063479 0.041756
0.617466 0.139729 0.054555 0.034978
0.601056 0.627693 0.066100 0.038172
0.942097 0.178229 0.063566 0.037592
0.280156 0.031099 0.063025 0.043108
0.489711 0.922568 0.060699 0.038363
0.485950 0.884556 0.074148 0.037438
0.598098 0.810347 0.060015 0.033009
0.165656 0.877178 0.078841 0.037673
0.830095 0.287823 0.060423 0.043863
0.500224 0.343050 0.077754 0.046190
0.058358 0.578640 0.068764 0.042057
0.383784 0.479954 0.070449 0.050321
0.729211 0.103299 0.058827 0.039058
0.275712 0.908480 0.052577 0.039272
0.598893 0.774274 0.069130 0.038212
0.935821 0.841230 0.054446 0.036652
0.609654 0.509504 0.067066 0.038745
0.828232 0.364612 0.070298 0.039349
0.937306 0.139168 0.054614 0.037643
0.491055 0.844011 0.073641 0.042288
0.496253 0.670676 0.074424 0.042622
0.271551 0.441564 0.073899 0.043330
0.717886 0.367618 0.068404 0.040464
0.395491 0.099117 0.057914 0.034988
0.055679 0.778108 0.051251 0.043469
0.273247 0.868755 0.053712 0.040635
0.943249 0.398445 0.055937 0.041323
0.939053 0.325724 0.060511 0.045389
0.939250 0.283858 0.055293 0.036208
0.944795 0.441500 0.052470 0.045419
0.267528 0.160582 0.062574 0.044260
0.937942 0.760241 0.050010 0.035588
0.826148 0.514640 0.062300 0.037638
0.495333 0.564161 0.070274 0.034458
0.494130 0.458750 0.055465 0.038074
0.498677 0.751562 0.066376 0.044848
0.832469 0.699466 0.055018 0.039965
0.829967 0.555270 0.058732 0.041414
0.278714 0.616396 0.053943 0.044793
0.054975 0.284414 0.056316 0.043839
0.278942 0.485962 0.054224 0.041247
0.937957 0.690512 0.056318 0.034967
0.383218 0.737247 0.050052 0.037272
0.058706 0.235852 0.059666 0.047134
0.830792 0.438064 0.056055 0.041419
0.600190 0.587492 0.061326 0.038113
0.503946 0.056991 0.056372 0.036508
0.941306 0.486388 0.064309 0.041848
0.167564 0.071229 0.058136 0.040189
0.059018 0.185929 0.060069 0.044836
0.608265 0.550106 0.054859 0.038098
0.828803 0.847808 0.053935 0.040294
0.056566 0.325659 0.055828 0.040328
0.937412 0.625267 0.054975 0.037550
0.718885 0.407941 0.078221 0.040297
0.495213 0.497994 0.053338 0.038893
0.164714 0.959944 0.074915 0.043694
0.718412 0.448600 0.071053 0.037515
0.276161 0.570063 0.069722 0.046236
0.057381 0.410164 0.052746 0.041039
0.830322 0.593812 0.065439 0.035947
0.162952 0.440964 0.056507 0.046160
0.268657 0.706708 0.085853 0.045613
0.832380 0.165700 0.054245 0.037757
0.502504 0.155245 0.054800 0.039893
0.825809 0.916249 0.051481 0.032735
0.714518 0.582330 0.076120 0.041923
0.058768 0.940742 0.052100 0.037948
0.388010 0.179754 0.053270 0.041121
0.937552 0.878385 0.056116 0.037537
0.167350 0.028309 0.066768 0.044445
0.610572 0.395807 0.061354 0.040611
0.273184 0.115992 0.069689 0.042886
0.056470 0.730684 0.051351 0.044922
0.059796 0.540186 0.054432 0.031972
0.057064 0.137488 0.051069 0.044199
0.280706 0.527724 0.063735 0.036702
0.939297 0.800200 0.046280 0.040830
0.279136 0.073565 0.056747 0.039050
0.939378 0.248576 0.053669 0.034519
0.595033 0.929275 0.047982 0.037751
0.392473 0.026489 0.066054 0.040714
0.728798 0.180699 0.063071 0.039362
0.487275 0.963677 0.063421 0.043644
0.831749 0.204729 0.044723 0.041111
0.060358 0.063258 0.059668 0.034506
0.170619 0.918073 0.061362 0.039192
0.385785 0.431899 0.056247 0.043343
0.386478 0.532434 0.057445 0.043709
0.273143 0.828722 0.062935 0.033081
0.164586 0.186328 0.071749 0.043885
0.386019 0.660974 0.058227 0.037387
0.723332 0.326371 0.059246 0.036769
0.162222 0.108858 0.062996 0.038822
0.058124 0.456479 0.054852 0.044617
0.496351 0.199466 0.063271 0.041767
0.373007 0.897659 0.060078 0.047366
0.397074 0.063463 0.051859 0.033815
0.168097 0.648027 0.051740 0.029360
0.393368 0.137345 0.053509 0.037519
0.830500 0.806818 0.049480 0.035326
0.057359 0.858085 0.052374 0.030325
0.065113 0.662639 0.063439 0.033985
0.719823 0.967494 0.060287 0.035404
0.500509 0.245428 0.052760 0.042589
0.273703 0.207344 0.050473 0.042741
0.835643 0.327477 0.056568 0.033820
0.594785 0.964547 0.057717 0.034732
0.938766 0.724050 0.047820 0.032701
0.389081 0.390790 0.062816 0.033574
0.376242 0.936142 0.050593 0.030088
0.057972 0.898466 0.051498 0.042743
0.169106 0.841293 0.053865 0.031537
0.601037 0.737624 0.048991 0.032165
0.056271 0.822199 0.049288 0.041486
0.716874 0.721656 0.056038 0.044553
0.941572 0.916652 0.053481 0.037655
0.935697 0.659099 0.045907 0.028122
0.833123 0.737849 0.046925 0.037333
0.162932 0.486191 0.053678 0.040644
0.058036 0.501984 0.050335 0.036359
0.831567 0.973786 0.063375 0.033421
0.605613 0.666825 0.063918 0.032569
0.491104 0.597480 0.058129 0.032823
0.602741 0.703200 0.049196 0.035469
0.160224 0.396527 0.061530 0.040852
0.611352 0.328316 0.050187 0.035680
0.725282 0.027703 0.057082 0.041260
0.276698 0.662650 0.053815 0.040570
0.376172 0.970495 0.067035 0.042802
0.723791 0.066369 0.054359 0.036675
0.384560 0.577535 0.061412 0.043154
0.057126 0.694640 0.053963 0.026963
0.495017 0.631328 0.052111 0.033634
0.386596 0.220474 0.049426 0.039300
0.386026 0.309642 0.046103 0.038789
0.829347 0.476655 0.053215 0.038832
0.939354 0.584856 0.048503 0.042532
0.494617 0.709726 0.076002 0.036412
0.832274 0.127342 0.050208 0.036134
0.610695 0.471626 0.054903 0.033813
0.385419 0.352232 0.058082 0.042158
0.938073 0.958949 0.063949 0.046073
0.492826 0.422682 0.051154 0.034294
0.167126 0.146070 0.054618 0.036988
0.827587 0.885081 0.046082 0.028850
0.057662 0.367484 0.048860 0.039077
0.936343 0.070953 0.065803 0.041080
0.725866 0.286308 0.060375 0.035930
0.614862 0.262178 0.054908 0.042635
0.271678 0.399497 0.049619 0.039631
0.272597 0.362704 0.062354 0.036991
0.834995 0.024479 0.052047 0.035946
0.723880 0.144257 0.054300 0.035985
0.938174 0.030704 0.053657 0.041829
0.060254 0.028329 0.061186 0.036707
0.615621 0.025753 0.054633 0.039463
0.380415 0.620930 0.067121 0.045711
0.835986 0.628098 0.048916 0.029572
0.946782 0.363421 0.055070 0.030086
0.376849 0.856258 0.056599 0.028366
0.162261 0.308680 0.048167 0.039404
0.610701 0.434929 0.047916 0.037360
0.830745 0.062642 0.065193 0.036669
0.938019 0.215806 0.045841 0.031537
0.829503 0.944273 0.055733 0.023406
0.614253 0.298238 0.050396 0.025333
0.273664 0.252048 0.059354 0.040862
0.943621 0.535135 0.061408 0.050004
0.059013 0.096494 0.052692 0.033864
0.494892 0.532528 0.051586 0.028442
0.939928 0.104271 0.047075 0.027754
0.497337 0.291501 0.070281 0.048787
0.720975 0.494265 0.052341 0.045493
0.158079 0.355044 0.063100 0.043326
0.164156 0.266557 0.050413 0.044319
0.721700 0.932318 0.051418 0.024962
0.833437 0.771098 0.041708 0.032101
0.503763 0.023463 0.053146 0.030818
0.720947 0.251788 0.044077 0.035747
0.267217 0.952281 0.066415 0.042733
0.594142 0.887581 0.055205 0.043648
0.272335 0.292177 0.048354 0.036604
0.720397 0.539912 0.046366 0.040394
0.273210 0.323874 0.050918 0.034577
0.275145 0.746843 0.062213 0.030629
0.607749 0.360972 0.042671 0.025993
0.492883 0.384631 0.048993 0.035182
0.724490 0.217900 0.047012 0.031952
0.058881 0.974243 0.042511 0.030403
0.161400 0.226501 0.048140 0.035142
0.499934 0.095183 0.057972 0.039519
0.508221 0.123403 0.063894 0.023366
0.839916 0.399262 0.063404 0.027450
0.834027 0.093637 0.045286 0.034351
