0.286796 0.877768 0.076888 0.053508
0.913162 0.253562 0.083731 0.054764
0.824739 0.566847 0.077310 0.050815
0.506467 0.617390 0.071709 0.052360
0.717749 0.768006 0.087325 0.053500
0.718246 0.827119 0.087641 0.054439
0.386429 0.494986 0.076164 0.051920
0.398077 0.703754 0.074963 0.054811
0.065301 0.394985 0.076662 0.054099
0.401341 0.917428 0.073768 0.050561
0.821368 0.466681 0.069082 0.050032
0.075591 0.828305 0.074206 0.047307
0.072078 0.877022 0.068644 0.046961
0.718017 0.712681 0.071066 0.047554
0.820859 0.925142 0.073231 0.047466
0.714226 0.607811 0.071507 0.052579
0.923743 0.843236 0.073076 0.047852
0.926329 0.729990 0.071419 0.051640
0.714300 0.394075 0.072299 0.050225
0.922050 0.620532 0.072605 0.056562
0.175518 0.932026 0.076284 0.042446
0.063170 0.339928 0.068165 0.045785
0.617277 0.859986 0.083896 0.050076
0.927796 0.412898 0.071728 0.053590
0.932941 0.891631 0.066477 0.047570
0.925112 0.677008 0.077162 0.046731
0.499267 0.518141 0.073450 0.053636
0.504210 0.780814 0.072557 0.056192
0.505060 0.878713 0.084111 0.050421
0.280890 0.822025 0.064067 0.048123
0.818060 0.821499 0.078048 0.053599
0.510079 0.967704 0.090969 0.042140
0.619116 0.914613 0.079348 0.050685
0.181188 0.974472 0.077608 0.043462
0.070898 0.777181 0.077025 0.050125
0.609330 0.327571 0.068506 0.052138
0.173706 0.721417 0.086824 0.053272
0.604320 0.222320 0.085202 0.050132
0.080119 0.968367 0.083909 0.051095
0.497754 0.460361 0.072140 0.051222
0.279348 0.219340 0.068816 0.054553
0.505109 0.726408 0.077196 0.044913
0.395702 0.759378 0.080157 0.051937
0.817044 0.671748 0.079376 0.043249
0.275612 0.504083 0.073409 0.046592
0.615316 0.807117 0.068626 0.043443
0.820307 0.620096 0.070955 0.050387
0.073182 0.922897 0.079924 0.038410
0.823866 0.517881 0.073752 0.043928
0.918917 0.360076 0.085543 0.043146
0.824273 0.767128 0.071781 0.047266
0.178901 0.775641 0.079409 0.047612
0.616962 0.754300 0.072709 0.059028
0.615353 0.967410 0.072122 0.047064
0.394249 0.812067 0.087885 0.042256
0.272781 0.166960 0.073795 0.046675
0.164596 0.124725 0.082033 0.059485
0.166619 0.420517 0.076754 0.044152
0.388123 0.163772 0.091074 0.051268
0.607042 0.649366 0.069023 0.047091
0.160970 0.241470 0.077785 0.041774
0.061014 0.229193 0.072394 0.053015
0.491577 0.114942 0.076123 0.050302
0.916210 0.202005 0.082534 0.038886
0.610578 0.698290 0.079865 0.041189
0.276084 0.115599 0.081597 0.046543
0.822016 0.875761 0.058862 0.048628
0.502691 0.674252 0.078051 0.051312
0.918186 0.047918 0.085236 0.052390
0.389896 0.381746 0.064714 0.051918
0.401775 0.967090 0.074160 0.041313
0.056941 0.172321 0.079629 0.053948
0.602844 0.431780 0.073161 0.053038
0.925772 0.787263 0.074189 0.051863
0.160976 0.064335 0.069324 0.053513
0.712379 0.552620 0.062821 0.048715
0.923509 0.468139 0.069429 0.049947
0.495261 0.211144 0.067572 0.044224
0.717784 0.935898 0.082215 0.041864
0.601275 0.057697 0.078377 0.054826
0.702593 0.115891 0.089916 0.058039
0.500964 0.310314 0.076413 0.045652
0.922354 0.308122 0.068046 0.046472
0.507021 0.566013 0.071979 0.043263
0.171262 0.470645 0.078225 0.039763
0.705890 0.281772 0.066093 0.052432
0.705303 0.056093 0.075575 0.057476
0.932209 0.940169 0.078733 0.041053
0.597529 0.114948 0.075882 0.051523
0.812085 0.047547 0.066619 0.041026
0.287560 0.968337 0.066724 0.044395
0.714224 0.884547 0.070568 0.053908
0.062164 0.451062 0.068530 0.048154
0.922676 0.148538 0.085897 0.054300
0.494984 0.261304 0.069237 0.041671
0.176561 0.884841 0.064535 0.046404
0.710486 0.661981 0.074984 0.043491
0.385303 0.436920 0.068911 0.054238
0.818187 0.369913 0.074985 0.052659
0.606146 0.272948 0.073629 0.044140
0.275831 0.561534 0.070094 0.051242
0.167442 0.188888 0.071709 0.057468
0.719053 0.975342 0.075876 0.033646
0.823266 0.966943 0.076710 0.039399
0.070770 0.620024 0.070381 0.050728
0.170374 0.579152 0.068701 0.048978
0.054745 0.115558 0.073207 0.050757
0.288490 0.769124 0.075465 0.051712
0.804621 0.163258 0.077828 0.054536
0.710450 0.340047 0.076819 0.055210
0.066088 0.720772 0.071667 0.057521
0.500608 0.409332 0.069893 0.045535
0.057272 0.287797 0.073015 0.057351
0.609775 0.597540 0.063846 0.051464
0.399221 0.647620 0.068121 0.055218
0.710703 0.503373 0.053568 0.043872
0.169005 0.374788 0.075188 0.040416
0.711514 0.228389 0.069552 0.047483
0.281713 0.277492 0.070326 0.052390
0.387511 0.111057 0.070680 0.046476
0.607110 0.545993 0.059392 0.044741
0.164253 0.287597 0.062729 0.036940
0.924082 0.563377 0.075461 0.046493
0.270482 0.061578 0.079804 0.054165
0.179130 0.329477 0.081698 0.044984
0.820548 0.717250 0.053190 0.040739
0.175946 0.835130 0.065911 0.052596
0.916291 0.096614 0.067572 0.039646
0.706812 0.452417 0.072204 0.054597
0.611296 0.490614 0.069123 0.062785
0.387349 0.333155 0.061309 0.039099
0.275343 0.449782 0.077129 0.057953
0.928885 0.516335 0.073434 0.035157
0.173472 0.670433 0.085571 0.040926
0.399963 0.863586 0.061789 0.051246
0.604680 0.169328 0.063867 0.047636
0.068356 0.667491 0.072696 0.035594
0.286435 0.925225 0.064205 0.038096
0.063915 0.508731 0.067302 0.054095
0.177185 0.521101 0.076016 0.053082
0.510892 0.831387 0.079494 0.036113
0.057282 0.062298 0.070841 0.050288
0.276867 0.328944 0.068549 0.044458
0.496321 0.057273 0.070576 0.052716
0.497210 0.164293 0.046568 0.043239
0.814067 0.098345 0.070116 0.053175
0.287630 0.659377 0.081355 0.041639
0.385317 0.058421 0.070660 0.054211
0.602137 0.380969 0.060084 0.045869
0.499227 0.357278 0.052690 0.040877
0.406354 0.592300 0.076951 0.046556
0.811006 0.315571 0.065500 0.047132
0.066142 0.565366 0.076580 0.056161
0.393531 0.545413 0.061055 0.040003
0.390616 0.283954 0.073245 0.052086
0.815419 0.420415 0.055344 0.037871
0.511967 0.925204 0.047137 0.038017
0.283867 0.613868 0.048385 0.045294
0.810720 0.266095 0.050535 0.043659
0.710778 0.175533 0.053081 0.051237
0.175583 0.627158 0.043802 0.041043
0.934990 0.975473 0.096248 0.029201
0.280329 0.383574 0.066196 0.057487
0.385922 0.223086 0.066636 0.053775
0.810016 0.217356 0.051116 0.048664
0.287169 0.712482 0.064321 0.054261
