0.184162 0.443727 0.060780 0.034155
0.279169 0.065106 0.064265 0.038518
0.183517 0.220867 0.057820 0.031224
0.068399 0.106695 0.060566 0.038917
0.060740 0.612547 0.057005 0.035841
0.056697 0.850622 0.057404 0.036131
0.302890 0.925391 0.063968 0.036921
0.284679 0.700664 0.067016 0.043352
0.065438 0.360298 0.065384 0.037057
0.174612 0.112790 0.066205 0.039174
0.614255 0.906879 0.056088 0.036669
0.289839 0.528592 0.055423 0.040872
0.511406 0.876558 0.058523 0.036803
0.174332 0.799874 0.070583 0.044209
0.390866 0.460735 0.069020 0.038784
0.061921 0.538044 0.062705 0.039167
0.180975 0.553001 0.076236 0.033629
0.173401 0.756200 0.070283 0.037390
0.289319 0.143779 0.078167 0.043560
0.624243 0.434357 0.054614 0.035116
0.394208 0.825537 0.056292 0.039526
0.054622 0.893396 0.058869 0.046270
0.503074 0.508646 0.069644 0.043101
0.180630 0.070583 0.061219 0.041013
0.519315 0.915398 0.064181 0.035739
0.068330 0.198897 0.058669 0.040216
0.613599 0.943168 0.070970 0.032801
0.624087 0.350322 0.059108 0.042923
0.732784 0.902059 0.069695 0.033910
0.399380 0.752481 0.054530 0.029753
0.298225 0.887127 0.054687 0.040234
0.185254 0.255966 0.066008 0.033220
0.176998 0.621606 0.056625 0.030807
0.056222 0.815028 0.060041 0.033640
0.943938 0.451321 0.060207 0.044111
0.729724 0.629164 0.066018 0.041402
0.283978 0.609303 0.064391 0.041991
0.940621 0.523498 0.063139 0.041354
0.510318 0.179902 0.066266 0.043342
0.622260 0.473978 0.067466 0.043599
0.619983 0.835770 0.051599 0.036628
0.624879 0.566039 0.063741 0.038431
0.395766 0.684630 0.052631 0.032284
0.623386 0.395593 0.052749 0.040568
0.402348 0.787478 0.062188 0.034872
0.945761 0.676429 0.075129 0.048000
0.620607 0.606747 0.063549 0.037848
0.397774 0.303257 0.059201 0.036179
0.289243 0.184399 0.053314 0.035402
0.507766 0.224734 0.066173 0.041114
0.506287 0.351310 0.052772 0.037745
0.511590 0.700802 0.056105 0.039183
0.289209 0.428286 0.052369 0.041294
0.508063 0.657976 0.074530 0.041265
0.184275 0.338165 0.054233 0.034075
0.616784 0.871388 0.050663 0.032245
0.176327 0.717106 0.061202 0.032661
0.624103 0.307371 0.066291 0.037775
0.186579 0.375132 0.062009 0.034216
0.728670 0.968531 0.054238 0.041561
0.064234 0.466128 0.049122 0.035245
0.189590 0.408608 0.060118 0.032483
0.400290 0.502822 0.055020 0.042131
0.618708 0.521374 0.054586 0.045670
0.061236 0.431425 0.058709 0.033856
0.940067 0.929507 0.060554 0.032672
0.062606 0.397191 0.050208 0.035623
0.306037 0.962559 0.059355 0.033032
0.506590 0.746384 0.056780 0.046248
0.291373 0.306936 0.053466 0.032770
0.071301 0.240783 0.066262 0.039178
0.828145 0.783879 0.062290 0.039263
0.172207 0.654876 0.061512 0.035190
0.069555 0.153345 0.081184 0.049071
0.289612 0.744869 0.055612 0.041679
0.292102 0.789335 0.054415 0.044171
0.179838 0.187646 0.058712 0.031254
0.827608 0.742188 0.060169 0.042500
0.278653 0.025434 0.069447 0.040194
0.732033 0.705952 0.057336 0.036774
0.062730 0.651947 0.056887 0.041950
0.290056 0.567749 0.054237 0.038840
0.286757 0.655002 0.058950 0.045298
0.402379 0.718037 0.057727 0.037208
0.179465 0.151962 0.057415 0.035068
0.825256 0.896516 0.053253 0.038789
0.512278 0.100163 0.051164 0.041719
0.397903 0.381231 0.065013 0.046467
0.508796 0.549803 0.048646 0.038386
0.063654 0.577200 0.049940 0.034310
0.511530 0.832722 0.061928 0.044534
0.062798 0.029246 0.068156 0.038488
0.944991 0.563996 0.062132 0.035761
0.506609 0.264339 0.058719 0.036533
0.394420 0.124724 0.058536 0.030916
0.292852 0.386511 0.061260 0.036637
0.735775 0.744755 0.070331 0.035545
0.181542 0.480843 0.056137 0.038095
0.510202 0.791649 0.054200 0.038760
0.390338 0.197528 0.061258 0.041722
0.946577 0.752484 0.053797 0.034049
0.728548 0.933931 0.052778 0.026244
0.938891 0.787710 0.059149 0.036803
0.065685 0.066841 0.056644 0.039427
0.400896 0.861488 0.061433 0.030317
0.947013 0.601244 0.049828 0.036995
0.826241 0.821235 0.054101 0.037914
0.065922 0.318899 0.057404 0.042166
0.288994 0.102935 0.058899 0.037716
0.946578 0.408941 0.063345 0.037376
0.508067 0.393287 0.055754 0.043864
0.174191 0.687843 0.050256 0.027629
0.295289 0.491420 0.050579 0.031953
0.503381 0.307186 0.055596 0.047338
0.061766 0.778545 0.062302 0.034459
0.182983 0.298868 0.052779 0.043400
0.825568 0.929000 0.052335 0.026314
0.515359 0.140758 0.060209 0.031012
0.510776 0.430920 0.060316 0.031707
0.510434 0.027935 0.058684 0.037570
0.613432 0.265610 0.062297 0.040032
0.621740 0.692443 0.073221 0.051209
0.291903 0.346063 0.044132 0.039746
0.829826 0.961198 0.051721 0.039829
0.621118 0.795920 0.049629 0.040583
0.626648 0.646279 0.048780 0.039422
0.400211 0.921612 0.068031 0.032764
0.395790 0.268589 0.048596 0.031350
0.942275 0.897824 0.057412 0.030212
0.167645 0.863915 0.055187 0.031727
0.949295 0.317294 0.051212 0.041138
0.164280 0.961049 0.067007 0.044186
0.948080 0.635967 0.052405 0.032240
0.831953 0.126780 0.063030 0.042207
0.831286 0.698348 0.053343 0.038495
0.831626 0.208494 0.060448 0.045278
0.941507 0.823326 0.061064 0.034858
0.398504 0.891159 0.076501 0.027242
0.170297 0.896855 0.044792 0.033453
0.833498 0.166174 0.061172 0.034959
0.832795 0.337611 0.053529 0.031132
0.398212 0.340408 0.050362 0.033096
0.947988 0.364431 0.051206 0.048831
0.511985 0.064781 0.049036 0.028019
0.291970 0.217862 0.051549 0.030347
0.065054 0.280293 0.063263 0.038168
0.297216 0.461477 0.060601 0.026055
0.731104 0.782273 0.055417 0.038240
0.622328 0.100922 0.060899 0.040697
0.733156 0.865216 0.045309 0.040644
0.728202 0.210581 0.054801 0.038420
0.731670 0.586632 0.051694 0.037931
0.944227 0.963397 0.052108 0.035419
0.509886 0.465324 0.053900 0.036512
0.944724 0.233993 0.049527 0.039833
0.511024 0.585702 0.052035 0.030175
0.724703 0.106650 0.057577 0.040548
0.400630 0.651731 0.060111 0.033555
0.826928 0.859595 0.046307 0.032753
0.725569 0.352965 0.069759 0.047629
0.947035 0.031996 0.065749 0.038729
0.392708 0.421540 0.061197 0.037734
0.727763 0.821410 0.067728 0.043732
0.831900 0.657069 0.055791 0.046256
0.510218 0.618946 0.048855 0.035502
0.058930 0.692832 0.048325 0.040915
0.405940 0.955751 0.056180 0.037033
0.394998 0.159898 0.052454 0.032694
0.058598 0.738897 0.055803 0.045467
0.730062 0.668256 0.057944 0.039524
0.397936 0.544297 0.055822 0.039691
0.626556 0.144638 0.057348 0.039023
0.168149 0.925343 0.042541 0.024647
0.950512 0.073303 0.048092 0.035921
0.834611 0.450298 0.046222 0.032055
0.836069 0.567890 0.056215 0.045753
0.936251 0.860826 0.063053 0.042025
0.056797 0.968340 0.050506 0.039720
0.834468 0.491510 0.053656 0.046887
0.396545 0.582005 0.055235 0.039210
0.944460 0.488496 0.049015 0.030463
0.729730 0.277447 0.064707 0.036416
0.170729 0.835551 0.053072 0.028231
0.944691 0.718301 0.049109 0.034973
0.731684 0.309602 0.052677 0.034483
0.833929 0.612245 0.047717 0.039625
0.834214 0.416441 0.045727 0.034421
0.389064 0.234384 0.055900 0.033329
0.621845 0.060636 0.052081 0.037919
0.181872 0.517123 0.040162 0.034365
0.831857 0.299532 0.049955 0.039671
0.180937 0.587105 0.055549 0.035218
0.835349 0.530325 0.056636 0.032030
0.398015 0.618825 0.057578 0.037166
0.728489 0.063029 0.050154 0.039719
0.622188 0.185329 0.066186 0.043294
0.173223 0.028140 0.052005 0.042601
0.628612 0.226105 0.055686 0.031211
0.725399 0.159407 0.060566 0.055682
0.838324 0.256153 0.046901 0.043392
0.287929 0.249058 0.064709 0.025835
0.830289 0.375688 0.051006 0.041323
0.730679 0.247286 0.043212 0.028487
0.512460 0.971330 0.065999 0.036350
0.296310 0.852291 0.060211 0.022517
0.950455 0.275034 0.063151 0.037948
0.949281 0.194955 0.039893 0.036660
0.057902 0.933188 0.043434 0.030722
0.953409 0.157640 0.037326 0.034506
0.726824 0.467454 0.058576 0.043560
0.294408 0.275789 0.052093 0.026083
0.625325 0.759646 0.047986 0.028727
0.836629 0.031574 0.041961 0.041993
0.730281 0.547435 0.051886 0.037641
0.836081 0.079384 0.039149 0.048440
0.730811 0.425338 0.051095 0.041497
0.291909 0.825417 0.058914 0.028654
0.729500 0.509640 0.043719 0.038822
0.513042 0.947745 0.055496 0.027909
0.613508 0.973394 0.058938 0.026752
0.620910 0.026788 0.047251 0.038183
0.065138 0.500101 0.056393 0.030946
0.729402 0.025915 0.048405 0.037056
0.623903 0.732772 0.044344 0.030610
0.732225 0.393670 0.050142 0.033468
0.952993 0.112956 0.045179 0.044036
0.392933 0.080947 0.061900 0.044964
0.394861 0.026002 0.047466 0.044599
