0.497947 0.257569 0.078529 0.051555
0.705690 0.414281 0.083325 0.057609
0.818873 0.085917 0.063382 0.036010
0.817018 0.170875 0.060416 0.038647
0.601880 0.393477 0.077385 0.055611
0.274465 0.253509 0.078684 0.045815
0.277442 0.341816 0.080479 0.046276
0.813706 0.267011 0.076246 0.040358
0.606194 0.210046 0.063848 0.033536
0.924376 0.660048 0.073731 0.042556
0.488238 0.666243 0.068181 0.049138
0.820519 0.399096 0.064396 0.042649
0.811137 0.702523 0.072388 0.046557
0.276503 0.392860 0.069384 0.051984
0.814177 0.126937 0.067799 0.042346
0.483757 0.760003 0.067081 0.041498
0.814476 0.926877 0.069317 0.042876
0.490790 0.210133 0.072235 0.039426
0.602854 0.445662 0.074226 0.042133
0.489552 0.305011 0.082704 0.045555
0.928301 0.569887 0.074815 0.047779
0.485549 0.805795 0.066061 0.044323
0.157717 0.229550 0.073040 0.048232
0.381678 0.543736 0.069893 0.049688
0.159108 0.914055 0.076960 0.041946
0.925448 0.879323 0.068850 0.051171
0.714303 0.309086 0.068202 0.044179
0.496398 0.470008 0.077350 0.045193
0.604720 0.341291 0.062279 0.046756
0.708110 0.358141 0.077674 0.047271
0.925082 0.343361 0.080681 0.043445
0.160445 0.421755 0.073539 0.042328
0.386889 0.226551 0.064338 0.041179
0.058423 0.077835 0.060145 0.039643
0.375447 0.311406 0.069660 0.043791
0.930818 0.161739 0.070455 0.037726
0.163012 0.787066 0.066741 0.049874
0.602175 0.493305 0.066095 0.044602
0.050233 0.218475 0.076318 0.043163
0.055103 0.121799 0.062628 0.041527
0.487109 0.427407 0.062375 0.036750
0.711373 0.177549 0.065410 0.041215
0.051661 0.872608 0.066423 0.044965
0.820978 0.574823 0.068751 0.043701
0.930445 0.196416 0.061748 0.031338
0.479747 0.716496 0.070446 0.043555
0.489153 0.518693 0.077834 0.045543
0.701349 0.648627 0.080296 0.043405
0.498816 0.128481 0.060138 0.052122
0.717615 0.138095 0.070609 0.034398
0.162352 0.697612 0.064475 0.048156
0.053060 0.397756 0.066244 0.042463
0.281437 0.205434 0.061943 0.048029
0.815041 0.311570 0.076281 0.042795
0.718119 0.095736 0.063299 0.045328
0.385274 0.365946 0.077281 0.054205
0.610237 0.254151 0.068375 0.045621
0.808882 0.973418 0.077449 0.042919
0.701917 0.697061 0.065317 0.045314
0.375625 0.681082 0.065241 0.042873
0.056402 0.169613 0.071377 0.049794
0.388763 0.418059 0.081129 0.051814
0.166251 0.084057 0.083299 0.048525
0.931964 0.468741 0.074502 0.041861
0.051763 0.353047 0.054181 0.042785
0.384218 0.136124 0.070742 0.046700
0.601494 0.542901 0.070663 0.052656
0.922785 0.616267 0.057965 0.043272
0.700737 0.879845 0.059141 0.053073
0.280674 0.295525 0.064642 0.037226
0.377757 0.774174 0.077396 0.050582
0.156739 0.836025 0.064048 0.046643
0.608102 0.172984 0.056376 0.033201
0.709641 0.222436 0.053879 0.039942
0.166750 0.134823 0.071541 0.046971
0.277295 0.441975 0.061287 0.042769
0.813799 0.354052 0.061716 0.042364
0.703187 0.786009 0.054906 0.041507
0.925822 0.082288 0.052798 0.040269
0.161400 0.611553 0.066893 0.044523
0.485074 0.570489 0.064155 0.053183
0.920338 0.237678 0.082377 0.046876
0.702195 0.518246 0.083087 0.050487
0.051898 0.826911 0.070518 0.043325
0.276365 0.492289 0.069039 0.049760
0.042990 0.307067 0.071707 0.042262
0.924416 0.383510 0.074383 0.032362
0.817409 0.651590 0.056200 0.047821
0.592794 0.595295 0.070872 0.051202
0.821499 0.530527 0.056903 0.038381
0.820170 0.441266 0.072503 0.033908
0.924381 0.517502 0.056669 0.051070
0.709450 0.265038 0.055860 0.042708
0.815221 0.041214 0.066116 0.048479
0.478672 0.851143 0.073379 0.039294
0.382584 0.184880 0.056648 0.042397
0.484730 0.896165 0.063740 0.044282
0.809683 0.833802 0.056508 0.041561
0.813530 0.881264 0.063428 0.045352
0.813978 0.790545 0.055330 0.039128
0.493919 0.347161 0.076219 0.035553
0.586586 0.871143 0.070311 0.038223
0.160558 0.562588 0.077055 0.046856
0.381751 0.268330 0.066740 0.034971
0.279422 0.114501 0.068756 0.042242
0.261596 0.923826 0.067016 0.041452
0.607663 0.298398 0.062474 0.034233
0.261939 0.684843 0.061263 0.040701
0.258821 0.822559 0.059457 0.050083
0.589056 0.823421 0.065906 0.050135
0.281344 0.157579 0.060272 0.041472
0.372670 0.958457 0.070430 0.046275
0.039695 0.563530 0.074274 0.053898
0.053107 0.914826 0.066195 0.034636
0.699724 0.742574 0.055587 0.041254
0.808552 0.749624 0.071519 0.039297
0.159949 0.957283 0.089410 0.041202
0.386081 0.088514 0.070094 0.045214
0.165453 0.652483 0.072033 0.035530
0.918855 0.978435 0.079614 0.033948
0.494731 0.385132 0.063035 0.042015
0.600039 0.643395 0.060828 0.041026
0.496995 0.081539 0.055392 0.039725
0.475041 0.940951 0.074900 0.042704
0.702710 0.830086 0.069442 0.041583
0.164712 0.180058 0.056653 0.042329
0.155901 0.274677 0.064968 0.040710
0.162792 0.467448 0.056116 0.042369
0.923845 0.727593 0.086333 0.041457
0.374207 0.726506 0.054956 0.042151
0.049478 0.783683 0.057133 0.036472
0.920853 0.933792 0.059392 0.050366
0.371384 0.908372 0.075607 0.052449
0.612962 0.082642 0.058764 0.050538
0.047548 0.658726 0.057603 0.036669
0.713023 0.042162 0.067319 0.054098
0.159932 0.342350 0.055755 0.038000
0.154376 0.742514 0.061491 0.038339
0.819069 0.483902 0.066343 0.048847
0.280052 0.032240 0.074311 0.040971
0.057490 0.032789 0.062356 0.043869
0.279133 0.072628 0.061393 0.039207
0.167829 0.515440 0.080632 0.045379
0.493722 0.037938 0.057193 0.048523
0.706575 0.470249 0.060732 0.043650
0.263520 0.729334 0.060742 0.044487
0.158446 0.035648 0.060440 0.043075
0.046954 0.261241 0.050860 0.039721
0.265382 0.773325 0.071921 0.042873
0.596442 0.693147 0.065257 0.052907
0.497266 0.172564 0.061298 0.035407
0.159890 0.379518 0.058717 0.034410
0.040790 0.616723 0.063731 0.040309
0.041726 0.509330 0.060838 0.042706
0.610803 0.131966 0.053512 0.043066
0.926682 0.038716 0.060933 0.042751
0.587052 0.967763 0.051850 0.043852
0.265876 0.641506 0.062063 0.047557
0.382862 0.498141 0.064682 0.034507
0.488057 0.619325 0.058713 0.039555
0.366204 0.819848 0.064144 0.042704
0.927917 0.422731 0.069992 0.041825
0.708801 0.931503 0.064016 0.048274
0.263814 0.964432 0.057222 0.037544
0.378614 0.036011 0.060013 0.047626
0.381623 0.598518 0.066651 0.053007
0.817454 0.204495 0.055018 0.025470
0.593618 0.770744 0.066887 0.045127
0.928429 0.124161 0.062965 0.038283
0.057551 0.437431 0.062531 0.027018
0.817416 0.233038 0.051302 0.022711
0.589532 0.918139 0.051016 0.046674
0.930732 0.825965 0.068251 0.051977
0.379250 0.641421 0.057020 0.029648
0.053272 0.953284 0.053821 0.034021
0.369404 0.861246 0.058364 0.040274
0.706691 0.974892 0.059704 0.037355
0.043407 0.748515 0.045192 0.027131
0.612740 0.032989 0.048387 0.040480
0.155878 0.874346 0.055760 0.030086
0.159292 0.308377 0.053881 0.024464
0.264432 0.875153 0.074853 0.051426
0.480347 0.977947 0.066814 0.036069
0.381578 0.462309 0.053886 0.033871
0.592301 0.731349 0.056903 0.025233
0.044756 0.708437 0.049156 0.047516
0.273979 0.587832 0.083499 0.053513
0.045345 0.468824 0.045888 0.028991
0.274254 0.536929 0.055072 0.040377
0.927539 0.277849 0.082334 0.034907
0.922783 0.695754 0.063204 0.025732
0.926004 0.775100 0.070099 0.048688
0.702953 0.573665 0.064889 0.051273
0.820511 0.612659 0.046131 0.027036
0.928653 0.302762 0.066579 0.032100
0.701456 0.602186 0.060478 0.045142
