0.621510 0.183849 0.060332 0.028299
0.898688 0.387012 0.054069 0.033330
0.714685 0.261938 0.054751 0.032010
0.438187 0.598105 0.053090 0.030244
0.624995 0.763187 0.055578 0.035044
0.620294 0.280056 0.057426 0.027103
0.902595 0.276985 0.057178 0.034561
0.713920 0.294886 0.055381 0.031889
0.623139 0.313473 0.058071 0.034278
0.803250 0.584645 0.060847 0.033002
0.239758 0.833771 0.055923 0.034709
0.627654 0.803878 0.054770 0.037701
0.340277 0.409651 0.056319 0.033250
0.342090 0.747074 0.057917 0.032342
0.628421 0.545935 0.052685 0.029358
0.522891 0.218349 0.052646 0.035243
0.437403 0.875925 0.061918 0.034412
0.628377 0.578702 0.052761 0.031738
0.538473 0.870762 0.067934 0.032742
0.139479 0.838009 0.057726 0.036540
0.340507 0.820852 0.055369 0.038858
0.899524 0.840409 0.051576 0.039356
0.720829 0.728469 0.054820 0.028889
0.717946 0.331317 0.057399 0.030168
0.340333 0.636171 0.066750 0.030328
0.240416 0.510916 0.055953 0.035018
0.146302 0.284555 0.056246 0.029500
0.242838 0.471647 0.052990 0.032401
0.143632 0.721433 0.059972 0.030353
0.434888 0.632866 0.055831 0.028877
0.243605 0.546407 0.055212 0.029916
0.142726 0.685277 0.054799 0.030497
0.709126 0.153071 0.057451 0.033500
0.339545 0.168871 0.059426 0.034210
0.721865 0.762617 0.048924 0.032650
0.242084 0.873282 0.048950 0.034116
0.241701 0.797645 0.048060 0.031495
0.715522 0.634911 0.055009 0.031227
0.531541 0.642511 0.053033 0.033224
0.898888 0.135343 0.047567 0.035849
0.428542 0.239439 0.064074 0.031911
0.627241 0.619539 0.053836 0.034769
0.721389 0.418879 0.058966 0.034821
0.722470 0.800200 0.052221 0.033095
0.898225 0.800272 0.054187 0.033654
0.627500 0.413390 0.061376 0.029743
0.246470 0.431959 0.060663 0.029723
0.805847 0.277364 0.051486 0.035998
0.336346 0.599548 0.063593 0.031998
0.630452 0.351789 0.066294 0.039807
0.628559 0.508524 0.053784 0.028736
0.630713 0.659481 0.063568 0.030348
0.437371 0.525291 0.057084 0.029415
0.436935 0.837043 0.055796 0.028121
0.904451 0.207539 0.054596 0.027258
0.622904 0.217749 0.062454 0.029327
0.523932 0.297993 0.058878 0.026319
0.433560 0.426395 0.056442 0.032037
0.338626 0.477822 0.049284 0.032987
0.520929 0.144651 0.053562 0.031341
0.805615 0.240438 0.047193 0.028165
0.721885 0.550732 0.053955 0.029932
0.145409 0.649569 0.052176 0.031412
0.336935 0.858755 0.051389 0.033281
0.439667 0.701423 0.060834 0.031367
0.806330 0.207329 0.043848 0.029236
0.531539 0.412675 0.061263 0.031049
0.338339 0.234439 0.057091 0.027780
0.523749 0.261600 0.047676 0.038322
0.803664 0.376260 0.053771 0.027849
0.811860 0.910916 0.059478 0.030637
0.428375 0.302200 0.050662 0.036130
0.524425 0.333078 0.048428 0.033654
0.145918 0.320646 0.050318 0.039770
0.710870 0.218913 0.045772 0.037296
0.899530 0.356970 0.053476 0.026966
0.436863 0.666642 0.057941 0.029424
0.435628 0.561914 0.049669 0.035024
0.627421 0.728864 0.049163 0.025569
0.242751 0.688314 0.046125 0.037218
0.897503 0.549309 0.047946 0.034535
0.239565 0.243596 0.059677 0.031946
0.898784 0.589866 0.043911 0.035235
0.802847 0.413409 0.051282 0.036381
0.628474 0.696952 0.050155 0.031106
0.339697 0.671547 0.059258 0.033533
0.801840 0.312998 0.054805 0.026769
0.531180 0.371499 0.051245 0.034952
0.806962 0.177258 0.058872 0.026231
0.147569 0.614171 0.054580 0.027993
0.144930 0.758250 0.050005 0.036004
0.534227 0.834465 0.052099 0.025218
0.630901 0.894732 0.048662 0.027714
0.898629 0.319528 0.045731 0.037490
0.243861 0.278794 0.060197 0.031069
0.721102 0.514395 0.051588 0.027864
0.534341 0.739350 0.056249 0.028693
0.149483 0.362495 0.064263 0.032787
0.899420 0.879890 0.053406 0.025616
0.720766 0.696028 0.050723 0.026685
0.533300 0.773804 0.045052 0.030747
0.434509 0.490608 0.065594 0.028236
0.622826 0.448036 0.046695 0.030353
0.335731 0.264197 0.064269 0.027202
0.532698 0.807499 0.047514 0.027109
0.436373 0.383142 0.045941 0.037868
0.804002 0.661414 0.046184 0.032855
0.528080 0.557922 0.051431 0.037107
0.339814 0.518129 0.049553 0.038677
0.142343 0.250385 0.055287 0.029069
0.341559 0.131059 0.061450 0.033554
0.617271 0.130381 0.057581 0.025403
0.237654 0.652385 0.052947 0.027108
0.813640 0.730230 0.052170 0.036112
0.439187 0.914231 0.054059 0.035291
0.147078 0.503413 0.045842 0.040957
0.240008 0.582056 0.060548 0.029052
0.334594 0.298281 0.048555 0.033731
0.713862 0.667136 0.055709 0.026668
0.149539 0.399280 0.051522 0.032817
0.718645 0.920978 0.049648 0.029057
0.435509 0.769883 0.049983 0.030596
0.529237 0.515354 0.050968 0.036673
0.243341 0.615222 0.055611 0.027687
0.139367 0.798425 0.049210 0.032915
0.429933 0.106935 0.059098 0.040461
0.242364 0.175375 0.069490 0.030712
0.718132 0.373704 0.055621 0.043970
0.428531 0.205343 0.042759 0.031613
0.340249 0.889843 0.043393 0.028595
0.897776 0.451601 0.047096 0.031997
0.143519 0.920423 0.059872 0.033012
0.896088 0.513338 0.040124 0.030978
0.717369 0.479001 0.042878 0.027346
0.806124 0.458162 0.053142 0.036941
0.243227 0.139444 0.050136 0.036051
0.342281 0.371298 0.051822 0.030632
0.439225 0.734829 0.045266 0.029940
0.521888 0.102598 0.046366 0.034371
0.337241 0.201103 0.046471 0.027289
0.896658 0.696409 0.046956 0.028526
0.435480 0.456874 0.042986 0.029839
0.530836 0.475622 0.054021 0.028231
0.900707 0.237593 0.046414 0.028133
0.338668 0.783691 0.051453 0.027598
0.902799 0.763895 0.051515 0.028257
0.522697 0.180035 0.041431 0.030373
0.811875 0.770088 0.044042 0.036831
0.530651 0.702865 0.040362 0.029932
0.340245 0.709571 0.047606 0.036033
0.806527 0.142986 0.042478 0.032811
0.242012 0.208603 0.049463 0.035052
0.806255 0.697559 0.044795 0.024980
0.805619 0.624660 0.050683 0.032498
0.340779 0.920526 0.048463 0.031259
0.146754 0.546157 0.051149 0.031910
0.525877 0.443339 0.044875 0.027522
0.536739 0.902042 0.057825 0.025054
0.238607 0.905295 0.049366 0.029619
0.903677 0.173234 0.051215 0.030876
0.425610 0.171670 0.057900 0.033507
0.718231 0.891994 0.042732 0.026312
0.805739 0.849776 0.052023 0.031395
0.239936 0.373821 0.060711 0.024725
0.711852 0.607965 0.055681 0.023311
0.899382 0.626289 0.041276 0.030492
0.807685 0.811375 0.043088 0.037279
0.803824 0.103363 0.047097 0.032693
0.337830 0.445834 0.045783 0.030050
0.897917 0.662710 0.038167 0.029486
0.139603 0.881191 0.056079 0.039560
0.899993 0.913654 0.055379 0.030804
0.804670 0.540571 0.045333 0.041481
0.720089 0.835687 0.046902 0.032705
0.246288 0.765782 0.053778 0.022199
0.800277 0.343177 0.040304 0.029939
0.535224 0.674913 0.054677 0.022661
0.243521 0.729998 0.047290 0.036779
0.238055 0.312370 0.059610 0.026984
0.900400 0.422324 0.051440 0.026202
0.804650 0.497993 0.039574 0.033402
0.339323 0.559806 0.040317 0.032795
0.244848 0.103941 0.053268 0.036498
0.614370 0.157001 0.047266 0.022597
0.900173 0.728277 0.036636 0.028916
0.622720 0.479681 0.043018 0.024316
0.432597 0.342282 0.042639 0.034746
0.627347 0.249493 0.052906 0.021043
0.335700 0.334804 0.045388 0.029274
0.244718 0.400669 0.061029 0.023357
0.899214 0.484101 0.044020 0.020091
0.528906 0.602902 0.041663 0.038869
0.146355 0.432563 0.041627 0.032397
0.709104 0.099770 0.048692 0.024424
0.146133 0.465369 0.045362 0.026248
0.618693 0.099778 0.044576 0.028607
0.633018 0.866271 0.048321 0.020063
0.810059 0.880843 0.049597 0.019883
0.439791 0.801941 0.035270 0.029694
0.238020 0.339293 0.050080 0.033197
0.146447 0.213722 0.046090 0.035067
0.146390 0.172976 0.056398 0.038852
0.719096 0.580834 0.048012 0.020981
0.430393 0.269816 0.057519 0.022823
0.626658 0.385830 0.054297 0.021195
0.631523 0.841002 0.040215 0.023646
0.146522 0.582144 0.043998 0.022847
0.724117 0.866249 0.051968 0.019752
0.716886 0.452356 0.040717 0.020741
0.712852 0.186497 0.056086 0.023018
0.631199 0.924273 0.055547 0.023951
0.711574 0.126946 0.043733 0.021929
0.900879 0.099608 0.054701 0.022514
0.243274 0.930276 0.052924 0.022853
0.537765 0.926579 0.051616 0.022480
0.430049 0.145075 0.055742 0.028371
0.141923 0.138162 0.047115 0.032554
0.337840 0.096564 0.053321 0.029380
0.140385 0.101599 0.042846 0.030502
