0.503543 0.199552 0.062974 0.035448
0.392038 0.084074 0.060589 0.035652
0.829528 0.493406 0.068430 0.034962
0.607194 0.188622 0.071605 0.044895
0.831212 0.684076 0.067942 0.038333
0.177059 0.406931 0.077395 0.039173
0.286734 0.253563 0.068221 0.046901
0.609156 0.449571 0.069115 0.036599
0.716076 0.211316 0.064067 0.036468
0.055311 0.793948 0.060906 0.042871
0.818311 0.155208 0.068036 0.038443
0.822469 0.865399 0.075169 0.033856
0.179631 0.490089 0.068035 0.040855
0.400079 0.596068 0.057330 0.039804
0.608768 0.859345 0.079130 0.042892
0.180081 0.097196 0.061254 0.035498
0.715590 0.320817 0.062909 0.034125
0.503419 0.158882 0.064064 0.041695
0.601760 0.898433 0.071324 0.031291
0.823958 0.829557 0.062550 0.031909
0.928974 0.126586 0.062505 0.040026
0.719348 0.284961 0.070116 0.029321
0.833624 0.456215 0.074718 0.037739
0.934564 0.396472 0.069789 0.039912
0.928766 0.903455 0.056662 0.043566
0.822797 0.192648 0.061541 0.033536
0.605620 0.298528 0.069310 0.036618
0.392856 0.287645 0.068410 0.036198
0.608078 0.228174 0.070441 0.034825
0.286945 0.208693 0.078266 0.038332
0.720471 0.653115 0.071020 0.035071
0.397877 0.186904 0.069750 0.032458
0.505208 0.268894 0.078255 0.038348
0.715116 0.173638 0.065201 0.037343
0.067793 0.412258 0.065757 0.036718
0.610858 0.597336 0.072484 0.036646
0.611047 0.489656 0.058037 0.040218
0.173997 0.446974 0.062140 0.039482
0.601346 0.117181 0.066301 0.029778
0.399922 0.638154 0.060511 0.036158
0.935298 0.859315 0.062257 0.040016
0.065182 0.533601 0.074571 0.046544
0.720357 0.398206 0.057638 0.042088
0.602558 0.149751 0.067105 0.032023
0.178363 0.134551 0.061057 0.031767
0.615851 0.780119 0.076967 0.039370
0.930760 0.165382 0.056665 0.033558
0.394804 0.151464 0.065198 0.031194
0.390999 0.474861 0.059943 0.027200
0.393424 0.323053 0.073468 0.033794
0.612033 0.662558 0.077687 0.039681
0.065762 0.625876 0.062288 0.033723
0.711599 0.092121 0.061897 0.045961
0.397754 0.553245 0.058159 0.043100
0.937192 0.717293 0.069215 0.029507
0.611020 0.262186 0.076531 0.031496
0.825592 0.234680 0.056468 0.044006
0.816848 0.086386 0.070970 0.032054
0.615263 0.408750 0.079198 0.041477
0.287031 0.368353 0.067969 0.045057
0.502290 0.122170 0.057105 0.026336
0.930803 0.283659 0.057317 0.037840
0.934770 0.545197 0.063090 0.046000
0.392778 0.253342 0.073159 0.030973
0.065065 0.088894 0.064991 0.032921
0.503627 0.415166 0.061052 0.046033
0.822512 0.528366 0.053912 0.030989
0.059051 0.882314 0.064155 0.047759
0.400433 0.510715 0.061668 0.036656
0.184360 0.672568 0.077937 0.036242
0.709973 0.136804 0.072692 0.036702
0.394841 0.680902 0.082917 0.042383
0.065852 0.239171 0.057276 0.031279
0.393007 0.362308 0.070833 0.040669
0.823875 0.118202 0.062939 0.033047
0.065257 0.488621 0.057658 0.037388
0.603074 0.936720 0.071376 0.034638
0.055150 0.923287 0.061215 0.033230
0.506322 0.233437 0.060159 0.030072
0.821384 0.906671 0.064722 0.045358
0.718039 0.579887 0.065511 0.037335
0.724425 0.358283 0.073031 0.036768
0.611360 0.740231 0.081779 0.033956
0.394025 0.402347 0.050156 0.036745
0.829626 0.753044 0.062393 0.043836
0.936129 0.325887 0.059771 0.038508
0.393601 0.120133 0.057718 0.030858
0.390580 0.440612 0.055493 0.032830
0.836164 0.417583 0.072797 0.039211
0.938935 0.683330 0.056965 0.031649
0.930456 0.053602 0.058152 0.037867
0.493436 0.048494 0.073076 0.041212
0.827453 0.564908 0.059466 0.039642
0.824304 0.644251 0.056471 0.041740
0.176960 0.734240 0.073697 0.026694
0.934370 0.502280 0.060808 0.035967
0.609173 0.819267 0.063899 0.034564
0.936840 0.437989 0.076264 0.038691
0.938138 0.783936 0.050459 0.036948
0.710578 0.616411 0.061563 0.034234
0.070604 0.160754 0.056593 0.039094
0.394404 0.720558 0.065834 0.032533
0.719804 0.906047 0.069267 0.038088
0.291432 0.167549 0.060744 0.034981
0.719663 0.692140 0.078126 0.036745
0.926564 0.089725 0.055082 0.031526
0.493739 0.088816 0.075896 0.038170
0.066658 0.583263 0.060518 0.045080
0.715926 0.823439 0.075440 0.035631
0.178352 0.706177 0.069733 0.025632
0.178952 0.312977 0.064396 0.037445
0.827753 0.794001 0.055247 0.037378
0.071727 0.121133 0.066305 0.029495
0.182791 0.533752 0.077701 0.038583
0.605716 0.083666 0.080528 0.033126
0.287508 0.298481 0.076487 0.036766
0.720922 0.522228 0.063094 0.036994
0.289098 0.125511 0.060218 0.040877
0.063021 0.302028 0.069063 0.037428
0.724586 0.442149 0.061550 0.042733
0.182805 0.369108 0.068294 0.030052
0.179763 0.765957 0.051136 0.033213
0.057397 0.751077 0.061205 0.033509
0.812739 0.049554 0.061257 0.037179
0.179395 0.247956 0.050076 0.033105
0.058115 0.712609 0.058512 0.039376
0.167750 0.913932 0.063448 0.039529
0.064791 0.451107 0.049977 0.035578
0.830638 0.347279 0.072143 0.036699
0.934249 0.358991 0.063900 0.029217
0.394149 0.219662 0.067182 0.028040
0.932977 0.223699 0.050055 0.031134
0.186737 0.172481 0.082044 0.038298
0.065476 0.269952 0.059800 0.025228
0.936089 0.749326 0.052166 0.028429
0.608344 0.369620 0.061363 0.031212
0.170402 0.835601 0.067628 0.037772
0.509314 0.306420 0.081130 0.031396
0.822509 0.603115 0.082027 0.037831
0.057064 0.835970 0.049449 0.037710
0.065454 0.375496 0.050220 0.033745
0.714854 0.863930 0.050822 0.037815
0.933042 0.820085 0.050877 0.029336
0.165899 0.955389 0.090487 0.044732
0.608198 0.628502 0.065396 0.025526
0.723774 0.484044 0.044204 0.033892
0.176773 0.054211 0.055518 0.046358
0.826314 0.310224 0.066365 0.037992
0.605419 0.336664 0.054346 0.035605
0.179413 0.278364 0.048047 0.026924
0.821606 0.274183 0.058580 0.027750
0.831136 0.382936 0.049189 0.033202
0.504878 0.377366 0.054785 0.027493
0.933775 0.951502 0.052811 0.047050
0.827706 0.717615 0.070721 0.025078
0.166835 0.873951 0.087110 0.037069
0.817402 0.951631 0.055472 0.041553
0.072122 0.201673 0.062984 0.039973
0.718495 0.726109 0.078998 0.025346
0.935253 0.589537 0.048039 0.038331
0.183623 0.638854 0.051876 0.029569
0.607962 0.048314 0.069254 0.032372
0.721617 0.756846 0.074621 0.035246
0.615049 0.561519 0.073218 0.027528
0.396433 0.763540 0.055295 0.053665
0.176939 0.212083 0.052655 0.037750
0.714868 0.952033 0.085409 0.052491
0.604482 0.969654 0.061831 0.031723
0.610239 0.529254 0.084539 0.036136
0.062398 0.050260 0.068784 0.040963
0.177430 0.800359 0.065955 0.029040
0.710516 0.048702 0.061955 0.037017
0.504900 0.344570 0.052567 0.037548
0.930745 0.252482 0.043972 0.021533
0.180313 0.571700 0.055572 0.039518
0.937000 0.470338 0.054766 0.024647
0.182671 0.608456 0.045915 0.029512
0.617475 0.699965 0.081341 0.039046
0.930308 0.193844 0.047831 0.024198
0.714951 0.249047 0.078379 0.038056
0.292555 0.329979 0.049027 0.023308
0.058638 0.966000 0.054015 0.051201
0.063524 0.340408 0.036348 0.034444
0.396272 0.046022 0.048885 0.035791
0.713001 0.789237 0.049258 0.026327
0.935656 0.631759 0.054242 0.040839
0.067542 0.668457 0.056027 0.045321
0.183927 0.341653 0.050699 0.023531
0.121915 0.178660 0.041165 0.027879
0.724059 0.551052 0.048410 0.022845
