0.857149 0.214295 0.063566 0.037680
0.772529 0.597982 0.057404 0.033336
0.291710 0.131626 0.057940 0.029177
0.379025 0.208009 0.060312 0.035669
0.467762 0.165430 0.058888 0.031357
0.666668 0.302473 0.049212 0.036388
0.484725 0.753501 0.056899 0.034073
0.198770 0.232759 0.059045 0.033931
0.868052 0.631739 0.058808 0.031228
0.574525 0.635949 0.054810 0.033067
0.661944 0.230980 0.053965 0.029142
0.572387 0.528108 0.052091 0.038751
0.775478 0.784663 0.056742 0.027475
0.473080 0.199505 0.057951 0.027737
0.766133 0.308015 0.057612 0.035349
0.580268 0.820735 0.060923 0.029799
0.473519 0.232024 0.050567 0.030302
0.860054 0.321823 0.058239 0.039843
0.378797 0.308841 0.052491 0.034069
0.766149 0.562470 0.054928 0.030247
0.770004 0.408924 0.059309 0.030014
0.674889 0.696040 0.058432 0.028450
0.292030 0.286880 0.052598 0.030566
0.291640 0.220279 0.049138 0.031367
0.662642 0.195009 0.062498 0.033783
0.863119 0.430564 0.055166 0.032960
0.858655 0.361746 0.058335 0.031996
0.103488 0.288731 0.056230 0.039148
0.662020 0.129869 0.056736 0.034095
0.121562 0.637774 0.058814 0.029568
0.570058 0.241045 0.062570 0.029601
0.136059 0.885364 0.054899 0.034461
0.384809 0.344915 0.060301 0.030820
0.863271 0.394735 0.059297 0.027662
0.762481 0.101196 0.066221 0.039109
0.863925 0.466835 0.053868 0.033298
0.579559 0.756935 0.061828 0.036556
0.290544 0.187251 0.050060 0.024581
0.855606 0.175159 0.053732 0.032472
0.379755 0.274480 0.052761 0.027209
0.478244 0.660105 0.054466 0.026718
0.302014 0.686659 0.056415 0.029858
0.475777 0.330942 0.052888 0.031208
0.771881 0.668767 0.053340 0.040293
0.671992 0.808719 0.052186 0.025789
0.763649 0.140247 0.052223 0.031722
0.662432 0.264771 0.061652 0.027696
0.775423 0.709867 0.053124 0.031992
0.467471 0.133528 0.055500 0.025766
0.298176 0.780408 0.060193 0.033429
0.122978 0.706992 0.052256 0.030902
0.876413 0.831494 0.063500 0.030688
0.474474 0.295562 0.052138 0.030661
0.119397 0.607064 0.049470 0.028940
0.564055 0.126343 0.055190 0.030281
0.572831 0.486356 0.051109 0.039687
0.777542 0.868711 0.051750 0.035379
0.198299 0.306145 0.053790 0.029766
0.860451 0.137577 0.050090 0.033024
0.098114 0.174910 0.045634 0.038958
0.473309 0.448580 0.061535 0.029339
0.305542 0.906880 0.049041 0.029111
0.762612 0.172579 0.052657 0.028356
0.867257 0.707496 0.047384 0.031197
0.867520 0.669038 0.048684 0.038233
0.484089 0.624161 0.051360 0.039564
0.880657 0.869289 0.050449 0.032368
0.562535 0.168010 0.049978 0.041022
0.565257 0.208618 0.053528 0.029621
0.570293 0.306714 0.047959 0.030026
0.780390 0.824850 0.055787 0.041144
0.124061 0.742627 0.052306 0.031158
0.297008 0.650472 0.050551 0.033198
0.471461 0.261843 0.059352 0.024539
0.669346 0.663809 0.059387 0.029062
0.676427 0.877577 0.065637 0.031516
0.199836 0.269621 0.054705 0.029633
0.371988 0.135545 0.049748 0.029761
0.125533 0.778827 0.054531 0.027034
0.664743 0.340897 0.045957 0.029906
0.293301 0.318375 0.061224 0.027910
0.770794 0.527254 0.052964 0.026730
0.485108 0.721801 0.052766 0.027755
0.574773 0.673698 0.050280 0.032909
0.382153 0.406093 0.053162 0.028330
0.567894 0.377386 0.051239 0.038449
0.674643 0.840727 0.046257 0.035008
0.369103 0.101437 0.055858 0.027794
0.761099 0.208181 0.051239 0.032905
0.301806 0.847971 0.045490 0.031436
0.880145 0.910469 0.054896 0.041029
0.768629 0.373807 0.055550 0.032756
0.768885 0.632569 0.048363 0.024788
0.573076 0.713997 0.046975 0.039666
0.299323 0.814731 0.048528 0.029269
0.668273 0.486763 0.058952 0.027235
0.569135 0.340427 0.053752 0.026783
0.383891 0.241797 0.050394 0.030035
0.468842 0.102006 0.053366 0.034783
0.186563 0.138035 0.048696 0.026239
0.859079 0.286482 0.054343 0.032092
0.575468 0.856332 0.043489 0.031574
0.671595 0.733941 0.045998 0.039789
0.764962 0.339838 0.052388 0.025474
0.477408 0.481285 0.051202 0.027184
0.862119 0.499609 0.052661 0.028657
0.189220 0.166783 0.050427 0.028643
0.861242 0.251680 0.053587 0.032619
0.205343 0.602934 0.052615 0.034883
0.481517 0.859963 0.045897 0.032135
0.481187 0.819763 0.049652 0.035175
0.768593 0.469286 0.056738 0.029670
0.096211 0.108724 0.050406 0.029045
0.214497 0.867341 0.048018 0.032131
0.664645 0.370707 0.051111 0.026670
0.862583 0.597161 0.046842 0.025032
0.672449 0.773444 0.048551 0.032481
0.572709 0.599851 0.044762 0.032435
0.375012 0.170345 0.054170 0.030449
0.480302 0.691242 0.056855 0.026220
0.100414 0.210195 0.058652 0.027331
0.189090 0.105366 0.052567 0.027850
0.663275 0.161858 0.052448 0.023386
0.101944 0.246859 0.051266 0.036503
0.582069 0.927942 0.050203 0.030563
0.577627 0.566938 0.052785 0.027468
0.128293 0.810062 0.055736 0.035055
0.771621 0.748418 0.042482 0.033669
0.301075 0.614907 0.044539 0.030232
0.122805 0.671049 0.047898 0.029652
0.194605 0.200105 0.048071 0.022447
0.203455 0.523004 0.048129 0.035356
0.769032 0.440715 0.061848 0.024210
0.476987 0.511289 0.045321 0.027484
0.873321 0.765106 0.053774 0.026351
0.289472 0.100776 0.052890 0.028168
0.201963 0.645036 0.049542 0.033456
0.291376 0.388707 0.041835 0.036090
0.289293 0.352247 0.049687 0.029504
0.098473 0.140434 0.042754 0.024231
0.289400 0.255837 0.041665 0.029478
0.385214 0.441464 0.043049 0.032210
0.304598 0.580098 0.052684 0.031654
0.382737 0.376226 0.050917 0.024576
0.107004 0.324984 0.046666 0.026105
0.131284 0.922975 0.047450 0.028221
0.219363 0.903441 0.045103 0.030632
0.668740 0.453042 0.043174 0.026409
0.673518 0.586915 0.052713 0.028346
0.204212 0.368971 0.049674 0.029524
0.107267 0.359286 0.048257 0.035501
0.664141 0.399581 0.060857 0.023285
0.579805 0.791238 0.065326 0.023581
0.304128 0.936767 0.046976 0.026444
0.302312 0.878939 0.043354 0.019320
0.491349 0.926028 0.046512 0.031014
0.663259 0.095851 0.050739 0.030669
0.386974 0.476880 0.060029 0.030490
0.579649 0.892951 0.041217 0.031229
0.569365 0.448857 0.046246 0.027772
0.469896 0.417181 0.060883 0.023723
0.302930 0.716312 0.050181 0.030027
0.204538 0.564137 0.043895 0.033489
0.116244 0.572162 0.044937 0.031348
0.299206 0.746711 0.049584 0.026798
0.561962 0.095819 0.049586 0.026654
0.873445 0.737872 0.054985 0.018690
0.864600 0.534301 0.044847 0.035548
0.568313 0.417492 0.045664 0.036100
0.293667 0.160162 0.048092 0.019767
0.116282 0.540935 0.044626 0.032059
0.664839 0.515322 0.058060 0.023551
0.861047 0.098182 0.041531 0.035406
0.129603 0.846308 0.044683 0.030648
0.480943 0.547654 0.044426 0.036930
0.680906 0.918498 0.046804 0.038141
0.290363 0.428160 0.050863 0.030904
0.207471 0.757701 0.045983 0.033079
0.114710 0.480135 0.048806 0.037555
0.766166 0.270993 0.057285 0.034388
0.473325 0.390803 0.058654 0.023377
0.199916 0.485379 0.043200 0.030522
0.483542 0.585978 0.051468 0.028999
0.876384 0.796874 0.050705 0.023633
0.863075 0.563959 0.044509 0.025736
0.473548 0.365294 0.063325 0.029680
0.673999 0.623675 0.056877 0.038556
0.202922 0.402474 0.049168 0.021715
0.762490 0.239411 0.058966 0.029187
0.665472 0.425771 0.051701 0.021338
0.219259 0.934495 0.039142 0.024737
0.300183 0.545705 0.044916 0.031726
0.205649 0.453436 0.046909 0.020165
0.485215 0.786668 0.065958 0.025214
0.201400 0.336481 0.035138 0.027280
0.110771 0.436690 0.039448 0.033985
0.210025 0.827439 0.039175 0.030069
0.202718 0.426346 0.039284 0.021891
0.564217 0.274825 0.044069 0.028856
0.293679 0.465558 0.048802 0.034544
0.773509 0.498533 0.058738 0.020350
0.489280 0.895774 0.051655 0.020129
0.778573 0.913083 0.037588 0.036362
0.212095 0.796449 0.038577 0.030910
0.675293 0.550453 0.054994 0.034324
0.298199 0.506895 0.037119 0.033869
0.207247 0.726274 0.049553 0.021452
0.204855 0.683863 0.040114 0.043368
0.113713 0.512057 0.050128 0.025395
0.112159 0.400216 0.043809 0.033588
0.607126 0.408375 0.023026 0.015993
0.155410 0.307875 0.018353 0.016367
