0.285731 0.875103 0.059926 0.032675
0.397706 0.885293 0.059268 0.030471
0.937557 0.859476 0.060969 0.036488
0.284882 0.770348 0.054235 0.039553
0.177505 0.863992 0.050303 0.037044
0.069782 0.808163 0.054404 0.040775
0.615909 0.799383 0.053437 0.036654
0.069591 0.847935 0.049360 0.035593
0.930819 0.508035 0.058968 0.040661
0.176832 0.902863 0.051577 0.037031
0.276771 0.278134 0.060185 0.042944
0.820139 0.102558 0.064465 0.035799
0.703032 0.280266 0.074010 0.046204
0.935300 0.624967 0.065355 0.044430
0.825009 0.778511 0.060952 0.036301
0.395994 0.845786 0.053727 0.040771
0.724695 0.671835 0.059625 0.034925
0.068882 0.438666 0.053368 0.042253
0.070075 0.764714 0.053544 0.038254
0.284285 0.839217 0.058279 0.034286
0.619544 0.839687 0.059684 0.043341
0.506624 0.801175 0.060131 0.035533
0.172844 0.824176 0.049822 0.035193
0.393207 0.762266 0.053518 0.038687
0.823745 0.927501 0.053788 0.034147
0.068614 0.397755 0.053304 0.037123
0.164119 0.658928 0.066293 0.044269
0.698181 0.189135 0.063846 0.042749
0.821784 0.574091 0.065348 0.039172
0.604889 0.214597 0.056943 0.040471
0.398768 0.924657 0.053213 0.045161
0.172740 0.373765 0.057215 0.039893
0.821835 0.353332 0.059355 0.044971
0.819271 0.182699 0.057772 0.039528
0.070496 0.724885 0.052975 0.037806
0.163470 0.248555 0.060616 0.041921
0.172299 0.449864 0.057023 0.038779
0.395670 0.804449 0.053044 0.035078
0.940680 0.821735 0.049845 0.035810
0.175679 0.938623 0.054343 0.032170
0.821896 0.225643 0.053802 0.042915
0.071784 0.484262 0.051074 0.038730
0.825448 0.857715 0.054477 0.042231
0.274536 0.235732 0.049949 0.036279
0.498057 0.695942 0.058007 0.041092
0.381785 0.234803 0.049711 0.041209
0.618569 0.711260 0.052090 0.042645
0.617635 0.617049 0.057700 0.045013
0.504497 0.969766 0.056401 0.036750
0.825918 0.308899 0.060552 0.039145
0.820879 0.401522 0.060616 0.050704
0.935557 0.347022 0.070743 0.034980
0.817369 0.140315 0.060901 0.037810
0.934161 0.056819 0.058586 0.037979
0.828127 0.490067 0.058079 0.038570
0.600262 0.369395 0.068998 0.045995
0.615443 0.664384 0.050468 0.044300
0.383927 0.431097 0.061400 0.039863
0.719136 0.913150 0.058744 0.031186
0.598963 0.106151 0.057586 0.037931
0.616629 0.879811 0.047653 0.034595
0.280790 0.322478 0.059579 0.042168
0.620287 0.971246 0.061168 0.031098
0.283630 0.914022 0.052608 0.040841
0.497642 0.318234 0.051912 0.042307
0.822630 0.616080 0.070266 0.041431
0.825956 0.447759 0.056785 0.037206
0.064095 0.182889 0.054758 0.040860
0.501167 0.732377 0.056308 0.034070
0.502952 0.901869 0.069563 0.040870
0.286000 0.958386 0.054873 0.043954
0.176666 0.970852 0.060206 0.030595
0.931723 0.545911 0.056981 0.035239
0.063198 0.571262 0.064871 0.041167
0.939680 0.273179 0.053262 0.037485
0.502191 0.865632 0.048148 0.031625
0.608815 0.447775 0.059532 0.037389
0.495348 0.275524 0.053629 0.041756
0.708103 0.102842 0.060818 0.043451
0.169268 0.730024 0.072095 0.037056
0.605819 0.327143 0.052253 0.038223
0.617176 0.759738 0.052425 0.038348
0.822615 0.961783 0.063573 0.033260
0.496098 0.232972 0.052569 0.042898
0.822135 0.895936 0.051182 0.030830
0.935938 0.387895 0.056383 0.043058
0.824353 0.530848 0.052369 0.039991
0.175502 0.411941 0.050627 0.034738
0.715073 0.512459 0.065405 0.038258
0.822321 0.656909 0.067902 0.040031
0.279127 0.367347 0.075785 0.043620
0.381506 0.158477 0.056418 0.032428
0.718952 0.881306 0.048544 0.032035
0.069605 0.651961 0.051422 0.032394
0.064850 0.612859 0.060848 0.042552
0.166837 0.210067 0.052753 0.034904
0.831587 0.740564 0.052818 0.035471
0.168617 0.488243 0.064847 0.034072
0.709258 0.323470 0.070524 0.038143
0.935545 0.203254 0.060631 0.034248
0.070534 0.254339 0.050378 0.038693
0.379927 0.117758 0.064795 0.044272
0.168844 0.329912 0.070551 0.041853
0.172186 0.763589 0.054609 0.028852
0.280959 0.616417 0.055566 0.042710
0.391381 0.554490 0.059008 0.043698
0.598274 0.025358 0.053315 0.039194
0.383284 0.196159 0.050034 0.037846
0.382321 0.277638 0.057428 0.035786
0.595914 0.067118 0.051272 0.039757
0.069506 0.527807 0.061663 0.037986
0.393205 0.507869 0.051888 0.040217
0.385486 0.386347 0.059477 0.044745
0.713527 0.473447 0.051510 0.036982
0.386553 0.596695 0.053096 0.039377
0.069528 0.361940 0.049351 0.035608
0.719343 0.848728 0.049028 0.030347
0.488262 0.118353 0.068418 0.044719
0.382590 0.313386 0.057638 0.036213
0.164959 0.697487 0.063988 0.027363
0.500097 0.764855 0.045413 0.033680
0.074230 0.916277 0.045532 0.033343
0.164489 0.613755 0.055335 0.039127
0.718559 0.587680 0.061514 0.035402
0.382981 0.347939 0.051251 0.031653
0.821098 0.025576 0.062727 0.036326
0.169405 0.567934 0.055801 0.047750
0.398682 0.970418 0.057253 0.036657
0.704811 0.233813 0.059881 0.044655
0.391056 0.469443 0.056498 0.035417
0.391883 0.680686 0.059715 0.036776
0.495762 0.368597 0.061661 0.053041
0.498011 0.530752 0.052663 0.041767
0.829025 0.699997 0.057241 0.043551
0.937790 0.311549 0.047667 0.034121
0.704001 0.147005 0.049882 0.034217
0.933104 0.746816 0.063188 0.049625
0.166749 0.290658 0.055496 0.035089
0.719235 0.551229 0.056599 0.035441
0.069320 0.687778 0.046443 0.035205
0.938446 0.583832 0.048418 0.032901
0.715022 0.944000 0.071575 0.032143
0.725408 0.709133 0.052103 0.034969
0.283374 0.700710 0.044032 0.034015
0.608460 0.411785 0.065112 0.032468
0.389802 0.722008 0.050740 0.036242
0.720138 0.628517 0.051939 0.046101
0.274843 0.147889 0.058644 0.038334
0.935089 0.239889 0.052459 0.031393
0.070688 0.882095 0.044787 0.032640
0.927442 0.899220 0.078923 0.037286
0.269719 0.026136 0.063601 0.043814
0.936194 0.466285 0.046421 0.037061
0.613842 0.485690 0.060064 0.027880
0.281891 0.807091 0.041195 0.030914
0.069051 0.103445 0.055276 0.040797
0.822474 0.268790 0.049533 0.038808
0.817915 0.066271 0.051598 0.040148
0.496896 0.192351 0.052635 0.034699
0.829203 0.814906 0.048190 0.029765
0.273750 0.462591 0.046165 0.047267
0.934205 0.023532 0.060418 0.032521
0.280345 0.662051 0.052544 0.037698
0.378759 0.072727 0.055819 0.041290
0.073367 0.063750 0.057202 0.034051
0.499585 0.655412 0.048812 0.037417
0.277743 0.541807 0.056112 0.034051
0.509512 0.833505 0.049828 0.027013
0.276361 0.191782 0.051405 0.046923
0.495474 0.450364 0.062068 0.037770
0.606930 0.256062 0.047171 0.039346
0.496471 0.159314 0.055501 0.034306
0.391562 0.638945 0.052765 0.044404
0.939293 0.787420 0.044988 0.031107
0.718593 0.434554 0.063048 0.036886
0.602847 0.176567 0.043239 0.033869
0.073200 0.963723 0.060792 0.054359
0.936562 0.095553 0.045019 0.035541
0.710337 0.062428 0.066008 0.036977
0.167613 0.070342 0.072199 0.049944
0.719394 0.812940 0.053139 0.035915
0.485447 0.029714 0.056717 0.040063
0.174672 0.792449 0.047601 0.028389
0.273197 0.503968 0.054814 0.031804
0.068369 0.142529 0.050606 0.036379
0.173154 0.169357 0.052425 0.041983
0.705261 0.024580 0.060279 0.033133
0.503157 0.935460 0.065559 0.027750
0.936413 0.167666 0.044910 0.035472
0.935978 0.668984 0.050289 0.036457
0.617808 0.569912 0.052254 0.039123
0.071006 0.326872 0.053152 0.034928
0.065995 0.291609 0.047289 0.036192
0.934745 0.427804 0.046959 0.031891
0.282465 0.734898 0.039106 0.030447
0.382106 0.030747 0.056244 0.040304
0.618235 0.911834 0.045571 0.025277
0.936267 0.132335 0.039586 0.033588
0.490970 0.489678 0.058028 0.040738
0.617969 0.938462 0.054102 0.030682
0.607005 0.292864 0.043292 0.029825
0.498550 0.573716 0.053280 0.042228
0.940227 0.705177 0.050626 0.026317
0.723754 0.742846 0.042596 0.031998
0.273883 0.072607 0.056665 0.046909
0.718379 0.777585 0.042863 0.038250
0.714671 0.363153 0.052769 0.035596
0.718778 0.974378 0.062496 0.028695
0.276015 0.575967 0.065275 0.030458
0.277037 0.414586 0.052416 0.046090
0.713397 0.397356 0.055409 0.034700
0.610514 0.525716 0.083074 0.045706
0.496833 0.413395 0.043055 0.032348
0.488322 0.073681 0.052012 0.042085
0.601075 0.143329 0.042115 0.031806
0.072106 0.025359 0.044821 0.036978
0.932645 0.938780 0.069161 0.038273
0.494692 0.618279 0.051649 0.038600
0.069348 0.217111 0.044654 0.030334
0.938545 0.969852 0.046140 0.027911
0.169320 0.524994 0.053524 0.038160
0.277588 0.114383 0.049121 0.032031
0.174047 0.025448 0.045752 0.035552
0.171307 0.121792 0.064275 0.050772
0.707822 0.004344 0.058384 0.007872
