0.312231 0.778142 0.065343 0.034205
0.408833 0.323918 0.057372 0.033624
0.504399 0.718330 0.056296 0.035520
0.601594 0.335454 0.062769 0.037949
0.213553 0.322629 0.060782 0.031667
0.312759 0.887946 0.057512 0.027903
0.311318 0.441671 0.058888 0.036336
0.405697 0.159918 0.052898 0.033476
0.308700 0.854492 0.054120 0.035704
0.215282 0.363301 0.059848 0.038584
0.305883 0.372731 0.054062 0.029878
0.216463 0.220321 0.061119 0.032064
0.216089 0.289237 0.058284 0.031438
0.698363 0.289087 0.057792 0.033435
0.305878 0.333267 0.052208 0.035980
0.213483 0.255208 0.051663 0.029662
0.410033 0.360111 0.061451 0.028321
0.314074 0.259080 0.056386 0.028293
0.503445 0.641834 0.054723 0.035597
0.110828 0.797008 0.052359 0.031112
0.114560 0.629080 0.057355 0.030905
0.602003 0.269787 0.056152 0.028041
0.503919 0.463999 0.056194 0.031607
0.504247 0.810546 0.052792 0.032133
0.501478 0.680018 0.049818 0.036284
0.602135 0.622253 0.055444 0.030827
0.792339 0.422734 0.063283 0.033028
0.401625 0.745010 0.048860 0.045462
0.413038 0.287733 0.057997 0.037708
0.797824 0.352206 0.047218 0.035180
0.106393 0.192855 0.064296 0.038647
0.410027 0.901664 0.048293 0.034088
0.312126 0.708209 0.049753 0.029292
0.504401 0.184782 0.060104 0.025925
0.218927 0.150652 0.062946 0.031560
0.203933 0.678718 0.060165 0.031279
0.111323 0.564484 0.058669 0.030416
0.891367 0.306061 0.052833 0.031775
0.602527 0.721622 0.056814 0.030440
0.113399 0.416551 0.067937 0.034699
0.698271 0.222149 0.058112 0.030107
0.308097 0.406959 0.049340 0.027175
0.214771 0.572877 0.050258 0.027976
0.506781 0.531006 0.052060 0.029853
0.598730 0.129352 0.051824 0.032969
0.503774 0.605860 0.048963 0.028754
0.311596 0.479180 0.056262 0.029859
0.504976 0.779480 0.055245 0.025420
0.108219 0.373307 0.048707 0.041480
0.211531 0.508543 0.059347 0.035334
0.789993 0.908210 0.056827 0.033128
0.799232 0.284812 0.048783 0.029398
0.794128 0.588353 0.058993 0.033566
0.604375 0.549270 0.051754 0.038521
0.316117 0.520981 0.054997 0.040182
0.600739 0.686752 0.049745 0.035054
0.111692 0.452782 0.054992 0.032739
0.209163 0.603698 0.050599 0.030137
0.505031 0.215852 0.054030 0.032463
0.498732 0.280998 0.046874 0.031008
0.310372 0.740550 0.054612 0.026125
0.882770 0.894287 0.045580 0.033781
0.218904 0.398257 0.061203 0.027930
0.600459 0.165525 0.052517 0.028987
0.311796 0.555097 0.060985 0.029021
0.796644 0.318546 0.052699 0.026832
0.697762 0.877385 0.055468 0.027988
0.791283 0.755634 0.047497 0.028880
0.310302 0.198754 0.054273 0.029533
0.697844 0.718411 0.049664 0.037435
0.699118 0.792963 0.052121 0.037134
0.309771 0.162125 0.053771 0.033301
0.885156 0.857781 0.053191 0.034553
0.502064 0.430185 0.051184 0.026442
0.108799 0.762637 0.046322 0.035166
0.503859 0.872138 0.057524 0.025742
0.602885 0.836487 0.051431 0.032258
0.599235 0.299124 0.054407 0.027209
0.502218 0.929639 0.062463 0.030656
0.599958 0.911268 0.050664 0.030936
0.696366 0.184620 0.048317 0.035742
0.600305 0.199516 0.050288 0.032412
0.407632 0.190862 0.046412 0.026719
0.208207 0.753681 0.050233 0.035096
0.699495 0.489621 0.051271 0.029557
0.601782 0.875195 0.049940 0.029784
0.880387 0.776731 0.045500 0.032327
0.113704 0.232296 0.058298 0.032436
0.880365 0.741458 0.048352 0.028143
0.109439 0.726727 0.046773 0.027808
0.885051 0.504140 0.051409 0.032878
0.890275 0.369932 0.054643 0.030189
0.208113 0.716059 0.047975 0.034501
0.885444 0.632018 0.047345 0.031087
0.409243 0.829152 0.055738 0.035785
0.312899 0.924066 0.052975 0.034047
0.207729 0.924297 0.049682 0.035578
0.311691 0.674692 0.053199 0.026335
0.413028 0.519003 0.053620 0.027595
0.408071 0.552603 0.044888 0.032195
0.601669 0.235584 0.051642 0.031334
0.504491 0.127082 0.056382 0.026823
0.209050 0.844158 0.050465 0.032938
0.310941 0.645311 0.061355 0.027295
0.109534 0.693717 0.053025 0.026021
0.108780 0.328368 0.052220 0.036894
0.696367 0.253914 0.055558 0.026472
0.700916 0.391465 0.062327 0.037958
0.698207 0.754993 0.044196 0.032971
0.703926 0.595951 0.052683 0.029632
0.112946 0.597164 0.058159 0.026541
0.893808 0.267218 0.048137 0.027675
0.698654 0.680985 0.050421 0.026649
0.603271 0.421418 0.057372 0.025782
0.502782 0.841300 0.058344 0.025677
0.504101 0.093108 0.053114 0.036135
0.791351 0.092662 0.056178 0.031212
0.792131 0.685214 0.048598 0.031652
0.406599 0.867234 0.044813 0.031424
0.311944 0.292427 0.052830 0.029683
0.216605 0.117437 0.053295 0.024849
0.598528 0.654784 0.059574 0.025093
0.882407 0.816414 0.047180 0.034834
0.792541 0.182149 0.048938 0.029953
0.788931 0.790462 0.047687 0.028908
0.106703 0.117462 0.057574 0.026209
0.110504 0.882525 0.056739 0.024006
0.501869 0.395223 0.045968 0.037009
0.506324 0.750070 0.045948 0.022354
0.882112 0.929691 0.055670 0.034197
0.895009 0.233521 0.046386 0.028544
0.697334 0.126049 0.048309 0.027050
0.310634 0.814271 0.053925 0.031935
0.511046 0.317733 0.062440 0.035053
0.703006 0.907178 0.056871 0.026633
0.887493 0.410998 0.052377 0.040836
0.312243 0.126014 0.053439 0.032775
0.107392 0.267178 0.053874 0.031135
0.209618 0.883535 0.040250 0.035485
0.793533 0.830490 0.042601 0.034867
0.405998 0.788431 0.061685 0.030914
0.215703 0.184417 0.045661 0.027343
0.607977 0.450829 0.051344 0.026454
0.401720 0.701091 0.054558 0.035667
0.406742 0.588695 0.043744 0.028400
0.698221 0.458546 0.043018 0.026146
0.695849 0.091630 0.047302 0.032004
0.792712 0.720638 0.044623 0.033703
0.880326 0.569751 0.041358 0.029392
0.792369 0.460814 0.053723 0.036600
0.699337 0.525657 0.042307 0.035291
0.402361 0.123688 0.049853 0.028887
0.414147 0.934547 0.048421 0.027996
0.795593 0.252606 0.047436 0.026016
0.309151 0.586635 0.059244 0.025970
0.886492 0.667208 0.058059 0.026637
0.405737 0.219158 0.059670 0.024152
0.108384 0.508600 0.058440 0.023142
0.600206 0.591089 0.046275 0.032680
0.889948 0.164850 0.042181 0.029542
0.598370 0.799743 0.048411 0.034048
0.105119 0.152968 0.048284 0.036267
0.409781 0.661502 0.048947 0.035356
0.881485 0.539030 0.051309 0.025169
0.602749 0.759041 0.047287 0.036961
0.889575 0.130220 0.040149 0.032027
0.790940 0.121536 0.053812 0.022776
0.311680 0.227778 0.041121 0.026700
0.215163 0.087874 0.047397 0.025775
0.701988 0.351580 0.053778 0.026715
0.504857 0.155237 0.061208 0.025450
0.695098 0.154665 0.041947 0.024892
0.105974 0.828990 0.044646 0.022411
0.115494 0.663586 0.049118 0.027332
0.409234 0.249454 0.047383 0.028902
0.599319 0.091569 0.051948 0.032488
0.603988 0.481967 0.045006 0.026235
0.208558 0.643506 0.043471 0.037358
0.107004 0.293402 0.056375 0.024087
0.109342 0.855621 0.045507 0.022970
0.111402 0.535666 0.058681 0.022095
0.795776 0.218531 0.044310 0.033619
0.210042 0.799526 0.047100 0.046884
0.695264 0.627311 0.054424 0.026637
0.311093 0.615292 0.053823 0.024187
0.104412 0.087910 0.059392 0.024729
0.699530 0.561495 0.040293 0.026940
0.211996 0.542284 0.043926 0.023140
0.505424 0.497983 0.040606 0.027766
0.403944 0.090195 0.049028 0.026663
0.795396 0.499622 0.047562 0.038029
0.891926 0.198617 0.042198 0.029848
0.886348 0.094523 0.042261 0.030036
0.508533 0.568916 0.046753 0.035574
0.409355 0.487924 0.036754 0.026634
0.411044 0.460151 0.046066 0.024278
0.698995 0.321135 0.036400 0.026778
0.111352 0.483742 0.051289 0.019982
0.697709 0.428597 0.037753 0.029863
0.794351 0.870182 0.036293 0.032557
0.795720 0.387635 0.044089 0.024115
0.213384 0.478161 0.058688 0.022387
0.883547 0.600970 0.059801 0.024586
0.700061 0.825820 0.065050 0.024785
0.503462 0.900308 0.041592 0.024746
0.404500 0.621967 0.050711 0.031443
0.602993 0.510793 0.039885 0.023082
0.311039 0.090704 0.047493 0.035448
0.791973 0.546830 0.039917 0.040182
0.602974 0.382676 0.052416 0.045709
0.499379 0.249111 0.048689 0.025447
0.114824 0.915248 0.066289 0.038743
0.890627 0.337962 0.036897 0.025564
0.709967 0.934085 0.058334 0.023779
0.884342 0.448009 0.056756 0.025190
0.210732 0.428261 0.058355 0.026934
0.880912 0.705501 0.039684 0.036841
0.789060 0.148729 0.045983 0.030516
0.790464 0.650232 0.037118 0.025051
0.209302 0.452648 0.060877 0.022403
0.506943 0.356779 0.051747 0.037312
0.701490 0.849116 0.057921 0.020222
0.795446 0.936725 0.063321 0.025166
0.788685 0.623601 0.039284 0.024680
0.701545 0.652578 0.056945 0.021008
0.881025 0.473744 0.039789 0.020091
0.410995 0.425832 0.062298 0.036355
0.448206 0.633943 0.043364 0.030433
0.442463 0.605457 0.042738 0.024863
0.738409 0.632106 0.026709 0.027972
0.413275 0.396993 0.056770 0.031268
0.593264 0.936522 0.044080 0.019826
0.247406 0.782684 0.025325 0.015415
