0.370923 0.423542 0.090730 0.049148
0.282307 0.780548 0.080719 0.045793
0.168707 0.625428 0.081568 0.047894
0.592743 0.704288 0.095554 0.050877
0.376826 0.103338 0.080933 0.050777
0.381894 0.831286 0.085089 0.053018
0.828354 0.840921 0.074543 0.047297
0.707290 0.375857 0.089634 0.052240
0.707154 0.488518 0.089302 0.052350
0.590167 0.435492 0.093523 0.043769
0.169722 0.680358 0.075782 0.052299
0.930630 0.337006 0.087416 0.060203
0.823877 0.469890 0.080642 0.049917
0.491199 0.866929 0.098119 0.052510
0.486807 0.652265 0.070487 0.051211
0.819720 0.157237 0.081968 0.056005
0.704088 0.432587 0.082617 0.055311
0.707263 0.103829 0.085301 0.046677
0.589914 0.167524 0.085785 0.053585
0.484230 0.266894 0.078338 0.049620
0.943307 0.852543 0.071886 0.048021
0.827503 0.578277 0.065724 0.055710
0.594002 0.593580 0.103962 0.049545
0.943406 0.903588 0.071109 0.048582
0.829376 0.894068 0.079669 0.048176
0.934595 0.653114 0.079996 0.050862
0.706622 0.270785 0.076093 0.053505
0.272791 0.565076 0.075903 0.052320
0.270394 0.295954 0.085726 0.053080
0.827845 0.789931 0.075996 0.043446
0.824867 0.522650 0.070599 0.044907
0.269365 0.403116 0.071422 0.048770
0.592263 0.275779 0.088374 0.047255
0.589225 0.113690 0.085121 0.048945
0.828623 0.737299 0.078912 0.048496
0.935805 0.393952 0.086838 0.052982
0.493270 0.917685 0.090480 0.044651
0.936320 0.056069 0.080980 0.055628
0.060097 0.683178 0.085056 0.055442
0.590237 0.334212 0.081880 0.054605
0.935633 0.168186 0.088297 0.052697
0.706241 0.155202 0.074291 0.049960
0.474309 0.154896 0.081560 0.048058
0.483554 0.322915 0.074910 0.056388
0.375948 0.729228 0.092352 0.050412
0.591075 0.223723 0.071499 0.051935
0.375993 0.474892 0.092856 0.048569
0.714062 0.914249 0.081045 0.040011
0.585778 0.651497 0.092678 0.051766
0.829773 0.631254 0.083211 0.045051
0.714073 0.867084 0.077408 0.048228
0.702541 0.215338 0.072779 0.051644
0.590652 0.538954 0.083608 0.053236
0.168741 0.733822 0.086958 0.043401
0.936288 0.492876 0.087886 0.053820
0.067757 0.786540 0.070163 0.035514
0.483431 0.811359 0.073486 0.051299
0.162710 0.214632 0.087146 0.050030
0.169825 0.526798 0.069705 0.052905
0.270332 0.727604 0.080842 0.054870
0.065324 0.739301 0.079034 0.047251
0.705868 0.322889 0.073710 0.048815
0.710708 0.543438 0.074223 0.052154
0.590983 0.058499 0.090329 0.059595
0.934609 0.444319 0.087818 0.042609
0.705839 0.810441 0.105042 0.057495
0.586777 0.484975 0.084789 0.043862
0.269178 0.352825 0.067115 0.046939
0.485551 0.758296 0.086073 0.045866
0.486139 0.707989 0.073502 0.053091
0.943058 0.750817 0.085681 0.045858
0.067684 0.827537 0.080185 0.040286
0.825970 0.368711 0.080744 0.054659
0.821314 0.314449 0.077481 0.044825
0.479020 0.052620 0.072638 0.048998
0.478643 0.103607 0.071477 0.046748
0.182071 0.888717 0.091738 0.054008
0.055015 0.220863 0.073782 0.052967
0.604824 0.901658 0.074955 0.053378
0.276549 0.675619 0.073769 0.047979
0.704540 0.053373 0.078700 0.048759
0.485519 0.599841 0.060096 0.046412
0.278198 0.621160 0.070196 0.049154
0.264932 0.059479 0.086225 0.054375
0.271760 0.454441 0.064682 0.046508
0.376488 0.780802 0.069384 0.044598
0.066012 0.878259 0.071534 0.052540
0.823878 0.265105 0.070998 0.046148
0.818890 0.053916 0.070541 0.048774
0.059804 0.468476 0.080753 0.058591
0.058641 0.278085 0.073725 0.053916
0.278970 0.835583 0.073972 0.052264
0.377701 0.577297 0.064680 0.045757
0.264785 0.239662 0.059862 0.051034
0.492315 0.959742 0.081192 0.040848
0.065934 0.523752 0.090510 0.047330
0.370131 0.372720 0.076367 0.050580
0.820948 0.103269 0.070175 0.043954
0.384560 0.887950 0.068306 0.053161
0.172167 0.579349 0.074613 0.042797
0.934085 0.279668 0.071267 0.051262
0.264655 0.119912 0.070948 0.058730
0.485250 0.211200 0.070100 0.051127
0.816225 0.214008 0.066146 0.049080
0.935635 0.112617 0.069986 0.054967
0.374356 0.314008 0.073968 0.062893
0.371773 0.155314 0.059454 0.051643
0.941285 0.802636 0.063498 0.049186
0.488488 0.549333 0.072158 0.047811
0.935893 0.225165 0.068796 0.057900
0.266031 0.179542 0.070602 0.054261
0.058468 0.628874 0.093056 0.042808
0.172282 0.477128 0.088428 0.042774
0.159251 0.267795 0.067661 0.053739
0.163316 0.059092 0.077907 0.051152
0.381278 0.673105 0.074332 0.056895
0.274733 0.508961 0.065859 0.048929
0.168376 0.321247 0.083624 0.045285
0.173735 0.956702 0.110782 0.064560
0.063464 0.926163 0.084113 0.041296
0.175884 0.783703 0.062068 0.047575
0.603528 0.952291 0.057517 0.042887
0.369388 0.211527 0.066970 0.052632
0.056061 0.164682 0.071365 0.053087
0.708982 0.646474 0.064506 0.039498
0.600080 0.847244 0.070148 0.051862
0.700981 0.598507 0.090870 0.041711
0.944314 0.702578 0.052893 0.041754
0.379105 0.527346 0.064911 0.052537
0.280503 0.885845 0.067342 0.037960
0.945799 0.950644 0.070515 0.042127
0.166656 0.373255 0.067193 0.048598
0.372668 0.051701 0.067989 0.042325
0.062309 0.579514 0.077993 0.055300
0.826757 0.682198 0.053939 0.046450
0.484663 0.380115 0.072950 0.052511
0.714499 0.693972 0.060027 0.044912
0.374782 0.259390 0.056649 0.040247
0.600377 0.796970 0.051857 0.040927
0.062109 0.335378 0.081639 0.050139
0.175504 0.836661 0.067770 0.048240
0.057905 0.107398 0.072403 0.054606
0.278373 0.964391 0.083593 0.044278
0.718661 0.955430 0.080966 0.034271
0.379351 0.622899 0.062243 0.038249
0.061203 0.966601 0.083131 0.043681
0.383158 0.949367 0.069828 0.055343
0.599030 0.753092 0.058747 0.038855
0.820786 0.421984 0.059181 0.040417
0.165407 0.426589 0.055288 0.048007
0.165595 0.162380 0.053814 0.048501
0.833566 0.947479 0.056693 0.046268
0.702456 0.752233 0.080140 0.057241
0.055146 0.054977 0.065107 0.050637
0.488687 0.495803 0.073386 0.048207
0.285191 0.924824 0.054631 0.033324
0.593646 0.388345 0.057733 0.047641
0.938902 0.599386 0.068283 0.047908
0.940943 0.547520 0.056111 0.048344
0.160925 0.110405 0.064270 0.050197
0.484234 0.438953 0.059093 0.055146
0.055835 0.398479 0.064985 0.049637
