0.710838 0.206914 0.072570 0.041858
0.404433 0.231374 0.066317 0.042100
0.506924 0.747959 0.063186 0.039576
0.828929 0.496241 0.064515 0.041980
0.396241 0.189107 0.065095 0.039908
0.293232 0.731313 0.059863 0.040298
0.069252 0.275860 0.068446 0.043393
0.295342 0.841297 0.060891 0.033101
0.404095 0.108791 0.073418 0.039408
0.624262 0.648606 0.066611 0.035084
0.183967 0.265452 0.072377 0.041790
0.724815 0.595743 0.054700 0.039884
0.713676 0.332888 0.059106 0.036060
0.604783 0.262375 0.062561 0.048331
0.182824 0.735137 0.068007 0.036109
0.507745 0.605009 0.065951 0.041185
0.718486 0.434883 0.062036 0.039939
0.410335 0.853818 0.050371 0.040864
0.187803 0.147580 0.054427 0.036686
0.511579 0.678764 0.053827 0.040299
0.406262 0.274296 0.072016 0.042729
0.410522 0.892987 0.058158 0.033133
0.827272 0.539911 0.061256 0.037776
0.298623 0.914122 0.054210 0.038670
0.183645 0.189359 0.066236 0.038790
0.407885 0.813907 0.063691 0.039176
0.406604 0.733712 0.051758 0.043440
0.509811 0.450626 0.058442 0.039750
0.182700 0.378356 0.067355 0.038213
0.295048 0.112200 0.054217 0.036774
0.714195 0.162054 0.062126 0.041195
0.513286 0.821901 0.052481 0.038958
0.068900 0.078476 0.058123 0.042507
0.934149 0.298016 0.052126 0.037286
0.405466 0.552796 0.053553 0.031410
0.295675 0.690377 0.055903 0.036099
0.504659 0.407871 0.074530 0.041542
0.508825 0.329957 0.074754 0.036681
0.074130 0.234606 0.057663 0.037878
0.292635 0.354454 0.054951 0.040590
0.294248 0.561147 0.058893 0.035589
0.720418 0.785774 0.057682 0.037750
0.186395 0.833675 0.060561 0.035847
0.076742 0.829911 0.057824 0.034348
0.070691 0.190109 0.056968 0.045619
0.188227 0.699335 0.054273 0.036185
0.721284 0.477165 0.060075 0.044274
0.073247 0.651167 0.065783 0.037692
0.187126 0.872337 0.058371 0.039172
0.074171 0.730706 0.055419 0.038935
0.070704 0.321193 0.055603 0.036677
0.397686 0.352289 0.067562 0.032217
0.189791 0.110002 0.058424 0.032525
0.404541 0.066176 0.054726 0.038485
0.928699 0.422408 0.057675 0.042685
0.074974 0.148376 0.051536 0.035722
0.291910 0.071979 0.051549 0.038132
0.296605 0.313288 0.057529 0.035824
0.295583 0.804309 0.049718 0.031857
0.726128 0.860559 0.055689 0.038238
0.507675 0.207213 0.056376 0.035858
0.069838 0.480088 0.059514 0.036528
0.077382 0.867751 0.053468 0.039901
0.295937 0.274145 0.047503 0.040929
0.291285 0.394167 0.053804 0.035943
0.823988 0.194116 0.055231 0.034282
0.506361 0.152486 0.062635 0.037944
0.080202 0.937076 0.056708 0.032246
0.406474 0.662948 0.052066 0.034909
0.406276 0.587267 0.049588 0.033100
0.511577 0.563678 0.054253 0.034641
0.830986 0.904920 0.051019 0.038699
0.513722 0.524372 0.048863 0.040618
0.409257 0.774599 0.052393 0.036618
0.511215 0.786082 0.062732 0.029881
0.396932 0.390243 0.059591 0.042091
0.409154 0.696480 0.050982 0.027524
0.717440 0.900180 0.069075 0.035899
0.185786 0.071727 0.053432 0.038704
0.186768 0.938097 0.056686 0.030995
0.825550 0.620597 0.050603 0.039220
0.183204 0.798915 0.066330 0.034050
0.294662 0.771391 0.049898 0.035433
0.827912 0.867014 0.051976 0.034680
0.618759 0.438610 0.056555 0.033070
0.507089 0.367151 0.058305 0.038789
0.825977 0.827182 0.052114 0.037688
0.824529 0.159103 0.047483 0.033347
0.190696 0.616708 0.062762 0.034035
0.827139 0.342012 0.052400 0.041982
0.400037 0.146228 0.051380 0.036144
0.715336 0.295627 0.052076 0.033579
0.189213 0.463133 0.063334 0.047080
0.079253 0.612364 0.056687 0.037689
0.724784 0.555598 0.054717 0.034464
0.816928 0.229130 0.062035 0.030564
0.186980 0.338796 0.056410 0.038844
0.518363 0.861929 0.055106 0.036760
0.294697 0.198582 0.057696 0.038170
0.610986 0.215268 0.051249 0.041325
0.077437 0.903868 0.050936 0.033920
0.723343 0.518058 0.050413 0.038103
0.182612 0.509799 0.074958 0.038187
0.721965 0.070094 0.054308 0.035013
0.513572 0.488501 0.050876 0.035652
0.829869 0.940674 0.053814 0.028169
0.610635 0.369770 0.052738 0.035574
0.610537 0.336771 0.052364 0.035782
0.929230 0.490221 0.055938 0.044317
0.718561 0.369272 0.054282 0.035319
0.615265 0.404586 0.052342 0.026233
0.074798 0.796821 0.050398 0.031239
0.191452 0.904795 0.061584 0.030248
0.407116 0.624182 0.055493 0.040580
0.717067 0.034192 0.054506 0.037092
0.609344 0.118770 0.054376 0.044498
0.508844 0.066650 0.054981 0.039662
0.507588 0.712734 0.060893 0.025638
0.827494 0.299755 0.049899 0.036746
0.080729 0.971316 0.054782 0.034280
0.293248 0.154322 0.046811 0.039504
0.726101 0.741362 0.055959 0.041090
0.507453 0.294941 0.050364 0.033513
0.609316 0.303262 0.049098 0.031203
0.520335 0.893302 0.050354 0.025952
0.513931 0.928760 0.056499 0.041898
0.187872 0.580014 0.055429 0.041648
0.827515 0.581418 0.049380 0.036631
0.726871 0.666009 0.049071 0.036777
0.610972 0.076718 0.069857 0.040785
0.513741 0.641041 0.048532 0.029698
0.181930 0.767497 0.072278 0.028144
0.824176 0.784147 0.048298 0.038401
0.823805 0.261386 0.056058 0.036649
0.073915 0.360072 0.051120 0.035554
0.190303 0.658202 0.049111 0.043843
0.292178 0.646081 0.051021 0.051044
0.402634 0.519940 0.044287 0.033981
0.620400 0.512781 0.051662 0.038028
0.074683 0.578744 0.048605 0.032574
0.075146 0.442279 0.051185 0.036802
0.074360 0.546595 0.051051 0.035296
0.296761 0.236811 0.048807 0.031473
0.186132 0.032884 0.067842 0.031424
0.402816 0.957394 0.047782 0.038235
0.077162 0.765739 0.052444 0.029179
0.400119 0.316322 0.047010 0.038845
0.828509 0.454552 0.056003 0.038331
0.294086 0.465396 0.049243 0.035487
0.290725 0.033659 0.051277 0.035684
0.507479 0.107824 0.053448 0.043153
0.621749 0.685246 0.044472 0.033849
0.722577 0.964897 0.058673 0.035543
0.077586 0.114300 0.057397 0.028799
0.186818 0.227227 0.046278 0.030808
0.827642 0.659175 0.049769 0.027761
0.724984 0.702702 0.049217 0.034565
0.069973 0.036091 0.050083 0.040669
0.620125 0.611709 0.054908 0.036091
0.078101 0.691130 0.059391 0.037245
0.506986 0.249897 0.055085 0.050266
0.823568 0.121567 0.044696 0.031681
0.620560 0.715973 0.047207 0.027947
0.719199 0.254840 0.047870 0.046665
0.724399 0.822319 0.047241 0.031737
0.515352 0.965902 0.061399 0.034002
0.933701 0.115128 0.061400 0.042171
0.934557 0.161308 0.054808 0.045119
0.619712 0.750251 0.057187 0.037140
0.185586 0.303976 0.048041 0.031249
0.295567 0.428970 0.044988 0.034105
0.827729 0.383411 0.049800 0.041141
0.931988 0.377568 0.047529 0.031578
0.407819 0.924314 0.043918 0.027213
0.296519 0.875326 0.050846 0.028914
0.297603 0.497154 0.048267 0.029807
0.401632 0.489817 0.047150 0.027769
0.294189 0.598601 0.049097 0.037590
0.075486 0.401890 0.042612 0.043454
0.301594 0.954688 0.043173 0.038311
0.728064 0.631632 0.055091 0.025776
0.827884 0.971008 0.044963 0.033848
0.296555 0.526208 0.049341 0.033836
0.722784 0.933334 0.055163 0.029941
0.610827 0.168400 0.050072 0.049291
0.076874 0.513283 0.051679 0.030879
0.395603 0.459519 0.042128 0.032580
0.932524 0.336145 0.046252 0.039623
0.403745 0.030599 0.053166 0.030543
0.618278 0.474321 0.049271 0.038336
0.619540 0.885692 0.051706 0.025304
0.616925 0.856140 0.042154 0.030728
0.512428 0.031078 0.059266 0.030507
0.193078 0.966855 0.048246 0.026170
0.615010 0.821034 0.039785 0.032625
0.618062 0.786326 0.045244 0.033977
0.394642 0.428030 0.043099 0.026805
0.191392 0.542813 0.063387 0.030606
0.726440 0.401160 0.060939 0.025313
0.826027 0.080044 0.047831 0.046239
0.618333 0.582182 0.055320 0.032510
0.185390 0.418956 0.048528 0.038133
0.721299 0.107742 0.060144 0.043783
0.615488 0.036143 0.050287 0.041886
0.619738 0.549732 0.040590 0.031366
0.826582 0.418751 0.043788 0.032966
0.825816 0.694868 0.041170 0.038718
0.826370 0.036343 0.053340 0.040471
0.932724 0.248517 0.040240 0.034424
0.934532 0.209313 0.044304 0.041051
0.932037 0.455288 0.042501 0.021041
0.823314 0.752009 0.049649 0.023910
0.613145 0.920921 0.049957 0.040935
0.509355 0.177549 0.054275 0.020351
0.825268 0.731320 0.039629 0.030989
0.612124 0.962559 0.041848 0.024458
0.932861 0.266377 0.044949 0.021019
