0.408655 0.780201 0.069374 0.042590
0.505967 0.203035 0.061556 0.045995
0.638873 0.717781 0.065914 0.049096
0.745299 0.774398 0.065783 0.035612
0.190230 0.802581 0.061484 0.038555
0.069344 0.376700 0.055886 0.043941
0.733954 0.408268 0.056631 0.038570
0.189581 0.571004 0.061314 0.037740
0.514342 0.456509 0.065953 0.035873
0.286673 0.500225 0.074163 0.040561
0.633665 0.353066 0.054287 0.044174
0.180170 0.254948 0.058594 0.038468
0.287137 0.387825 0.065438 0.041246
0.401919 0.572417 0.056680 0.041553
0.406894 0.658317 0.062508 0.045016
0.952494 0.652707 0.056526 0.043293
0.296139 0.580852 0.073997 0.044361
0.066207 0.247679 0.057761 0.040387
0.507839 0.250036 0.060566 0.039910
0.527246 0.774866 0.066820 0.043369
0.190606 0.846684 0.074515 0.047492
0.308918 0.775091 0.067490 0.038482
0.509065 0.298832 0.061491 0.047229
0.060407 0.458277 0.076543 0.040858
0.190249 0.677334 0.053722 0.046848
0.955482 0.538683 0.067159 0.045745
0.505970 0.149750 0.079055 0.053255
0.291757 0.459215 0.061688 0.040612
0.287153 0.309072 0.062955 0.043176
0.952434 0.815178 0.068455 0.041020
0.074616 0.746485 0.067160 0.044255
0.287078 0.149899 0.051742 0.037014
0.956220 0.859567 0.057682 0.044431
0.061723 0.497976 0.064970 0.030965
0.528775 0.823950 0.052248 0.045416
0.955165 0.773035 0.050481 0.039236
0.637353 0.670402 0.059703 0.043339
0.312560 0.733678 0.063787 0.041254
0.404232 0.529448 0.054091 0.040208
0.073854 0.579483 0.051796 0.041008
0.947092 0.492863 0.055042 0.039949
0.184568 0.298559 0.060087 0.040585
0.404769 0.701382 0.067581 0.037055
0.070232 0.535523 0.053060 0.040555
0.625509 0.240033 0.052404 0.039107
0.070572 0.420270 0.066429 0.034361
0.625605 0.195167 0.059681 0.043771
0.947004 0.321752 0.059396 0.046044
0.393857 0.082802 0.068196 0.033397
0.286941 0.266145 0.064984 0.036484
0.067540 0.329658 0.055227 0.042478
0.076761 0.620513 0.057899 0.037605
0.393983 0.412618 0.072877 0.040396
0.064176 0.169213 0.060869 0.041041
0.290129 0.189816 0.062782 0.033296
0.526964 0.868750 0.073393 0.040041
0.625442 0.278163 0.047803 0.031163
0.066336 0.125247 0.065413 0.043244
0.636133 0.626912 0.054758 0.036172
0.307515 0.857525 0.060559 0.043376
0.306258 0.693446 0.055919 0.037360
0.825112 0.066431 0.062160 0.047299
0.958418 0.902937 0.053195 0.039491
0.724026 0.123194 0.066663 0.047341
0.390268 0.164713 0.066002 0.042509
0.399347 0.372189 0.072293 0.032549
0.409510 0.612849 0.058864 0.038332
0.173686 0.212768 0.060876 0.040634
0.737824 0.956712 0.073371 0.035511
0.418153 0.902940 0.076616 0.047655
0.840714 0.417405 0.058190 0.043529
0.527010 0.732389 0.057947 0.039279
0.402678 0.489722 0.062862 0.038545
0.842426 0.719644 0.061451 0.034002
0.410747 0.824104 0.066312 0.036939
0.307850 0.902404 0.065072 0.038235
0.070036 0.696969 0.066049 0.043729
0.512727 0.582809 0.064396 0.044147
0.390153 0.207429 0.055853 0.039575
0.192893 0.758955 0.051669 0.041425
0.071635 0.287222 0.064201 0.036876
0.503817 0.102140 0.053557 0.039105
0.415942 0.860692 0.055614 0.036067
0.842643 0.823760 0.066396 0.034902
0.530359 0.950455 0.058734 0.048874
0.387305 0.122576 0.051415 0.037814
0.394506 0.452071 0.048056 0.035209
0.723618 0.028515 0.055155 0.044468
0.181406 0.530811 0.056131 0.039573
0.289070 0.350922 0.056997 0.029431
0.957995 0.943787 0.064245 0.043766
0.530104 0.907346 0.063194 0.039434
0.838306 0.282899 0.064575 0.041279
0.513313 0.533955 0.051000 0.045440
0.630352 0.492276 0.053590 0.039706
0.063054 0.080223 0.060220 0.044796
0.308405 0.815129 0.054892 0.033582
0.636345 0.806965 0.055012 0.044800
0.185702 0.340054 0.054523 0.033665
0.848435 0.901472 0.059656 0.028266
0.846340 0.863540 0.053908 0.041903
0.629214 0.452531 0.063351 0.034939
0.949195 0.276431 0.055317 0.042517
0.634944 0.527524 0.053408 0.030356
0.188589 0.608647 0.057854 0.027567
0.734413 0.328769 0.052448 0.040644
0.066326 0.034362 0.066700 0.044768
0.948651 0.231814 0.050599 0.041282
0.630557 0.311824 0.046646 0.033959
0.633444 0.856525 0.068464 0.050920
0.826125 0.109236 0.069167 0.033793
0.284506 0.108386 0.055028 0.044001
0.064560 0.208059 0.051657 0.035112
0.634057 0.587195 0.045633 0.037843
0.739996 0.856383 0.048754 0.039315
0.514970 0.493112 0.047399 0.034274
0.847536 0.939288 0.062470 0.042470
0.951347 0.610794 0.046520 0.035978
0.191985 0.721236 0.052867 0.035152
0.619620 0.113573 0.052404 0.039402
0.286873 0.540492 0.072937 0.033269
0.947568 0.451273 0.053446 0.036619
0.846403 0.787317 0.053425 0.034427
0.841817 0.676227 0.047965 0.046953
0.399912 0.278882 0.052564 0.034455
0.844804 0.209907 0.052759 0.041925
0.939460 0.368379 0.062613 0.040626
0.949175 0.696728 0.068340 0.037673
0.726499 0.075212 0.059481 0.043224
0.520364 0.657563 0.054123 0.039228
0.843082 0.518320 0.056286 0.046829
0.181283 0.378927 0.048248 0.039268
0.736817 0.444582 0.057532 0.032589
0.827704 0.023187 0.051100 0.038264
0.182319 0.492151 0.049224 0.036511
0.944140 0.186714 0.052972 0.037658
0.183602 0.419416 0.045380 0.037631
0.944280 0.408955 0.052601 0.038820
0.846667 0.603868 0.050443 0.035010
0.842301 0.372283 0.054690 0.043392
0.613889 0.075979 0.060080 0.034935
0.939054 0.103201 0.059631 0.040596
0.080003 0.795197 0.053201 0.046776
0.843661 0.467257 0.054633 0.045257
0.522799 0.695270 0.047235 0.036344
0.610897 0.030893 0.062330 0.049224
0.941140 0.145166 0.051893 0.043830
0.284971 0.424617 0.064213 0.025807
0.744437 0.814475 0.045147 0.037629
0.395743 0.243112 0.050029 0.036081
0.955359 0.733146 0.051696 0.033234
0.622530 0.153052 0.050312 0.038529
0.844802 0.754103 0.049324 0.032762
0.741327 0.696176 0.048220 0.037562
0.505773 0.064034 0.049514 0.032909
0.737430 0.561219 0.051534 0.045862
0.180153 0.456207 0.050533 0.033963
0.739709 0.485217 0.056770 0.042279
0.843883 0.326954 0.052066 0.048698
0.733728 0.368281 0.047829 0.034967
0.633160 0.950714 0.059372 0.055465
0.510811 0.417671 0.049706 0.040159
0.740895 0.735075 0.051775 0.041375
0.939589 0.029674 0.052432 0.047127
0.742085 0.891338 0.054885 0.028348
0.301550 0.656928 0.039708 0.033219
0.079011 0.836527 0.043066 0.034274
0.403953 0.310339 0.060305 0.028671
0.840967 0.249241 0.060497 0.028288
0.733287 0.291605 0.042496 0.034933
0.723196 0.171470 0.049527 0.047437
0.736434 0.924679 0.054636 0.025707
0.308712 0.973089 0.048998 0.033994
0.740030 0.656954 0.042444 0.035396
0.076713 0.873364 0.057380 0.037411
0.077202 0.949647 0.069827 0.051812
0.843624 0.565513 0.054904 0.042196
0.289354 0.225495 0.056085 0.034198
0.635942 0.898162 0.059276 0.044209
0.638383 0.762631 0.046550 0.036928
0.175369 0.037922 0.061345 0.052372
0.192463 0.888752 0.050689 0.030572
0.743431 0.613899 0.059542 0.044293
0.189310 0.638564 0.048867 0.030068
0.744468 0.522099 0.048413 0.029698
0.953741 0.578704 0.045058 0.027837
0.510967 0.377489 0.044869 0.038567
0.518523 0.621206 0.045312 0.026776
0.283714 0.032282 0.054431 0.043763
0.501794 0.028171 0.053771 0.036905
0.839803 0.637457 0.055287 0.027366
0.075344 0.657421 0.056741 0.034853
0.077337 0.907765 0.051904 0.033518
0.285364 0.069066 0.054619 0.030876
0.389619 0.036540 0.056077 0.044681
0.417837 0.971074 0.052075 0.036111
0.941546 0.068948 0.051991 0.033699
0.634008 0.401398 0.055068 0.049008
0.632327 0.556900 0.040882 0.024738
0.299663 0.622480 0.041220 0.031652
0.398360 0.342902 0.065176 0.028369
0.732295 0.218993 0.050799 0.041888
0.199725 0.956765 0.058954 0.048116
0.311920 0.938934 0.042605 0.032876
0.179036 0.170485 0.049925 0.038700
0.512628 0.337481 0.044755 0.033207
0.407784 0.738078 0.046917 0.035962
0.196566 0.918665 0.052405 0.026722
0.172869 0.092718 0.066785 0.053452
0.730614 0.257514 0.043256 0.032971
0.829004 0.149146 0.056360 0.042881
0.179220 0.132137 0.049193 0.030329
0.417618 0.941377 0.054393 0.032124
