0.933388 0.076306 0.073308 0.049885
0.822664 0.333323 0.076158 0.043550
0.826672 0.117955 0.075499 0.043816
0.941445 0.927841 0.070007 0.036723
0.825961 0.379793 0.067605 0.046474
0.491945 0.351466 0.065467 0.047698
0.940067 0.596138 0.071114 0.041371
0.943161 0.228894 0.062632 0.040394
0.605879 0.411470 0.080675 0.045447
0.827130 0.465838 0.066763 0.045026
0.829796 0.762111 0.058056 0.041054
0.605491 0.452983 0.064861 0.039778
0.490809 0.301317 0.071507 0.045001
0.713133 0.770940 0.060192 0.036059
0.608142 0.196536 0.071985 0.042791
0.826785 0.202267 0.073584 0.039555
0.940403 0.348711 0.068019 0.033917
0.391399 0.909311 0.059932 0.040122
0.720087 0.511479 0.072529 0.038973
0.280341 0.549221 0.082305 0.049184
0.384025 0.809411 0.069350 0.044132
0.279448 0.657353 0.062413 0.039447
0.836475 0.804740 0.070942 0.041061
0.496836 0.203500 0.091540 0.052836
0.172660 0.273322 0.058263 0.033691
0.279240 0.724868 0.067231 0.037207
0.062883 0.181303 0.070907 0.039775
0.821857 0.071733 0.067002 0.048535
0.280748 0.129184 0.059889 0.042662
0.593349 0.833444 0.070706 0.035937
0.385178 0.669017 0.069349 0.047333
0.281432 0.852439 0.063423 0.048941
0.830241 0.847401 0.079831 0.039839
0.821238 0.290409 0.072938 0.038849
0.831972 0.423481 0.073811 0.034606
0.716450 0.724622 0.063017 0.051407
0.600551 0.704532 0.064612 0.045412
0.386194 0.718882 0.069513 0.047409
0.060443 0.506814 0.072679 0.033864
0.492765 0.610599 0.065532 0.043898
0.277287 0.766202 0.069911 0.040656
0.818484 0.162015 0.066729 0.037696
0.496675 0.115580 0.077198 0.039051
0.938788 0.485562 0.077388 0.035779
0.492665 0.653513 0.069468 0.038612
0.826110 0.717787 0.064589 0.043457
0.716218 0.809563 0.075503 0.035706
0.382721 0.859963 0.076241 0.049155
0.385183 0.621665 0.063665 0.045079
0.603596 0.494450 0.076189 0.042270
0.493023 0.481043 0.062933 0.036714
0.171109 0.531358 0.076703 0.045347
0.607660 0.150680 0.073546 0.046452
0.171060 0.234151 0.065279 0.038791
0.824472 0.541825 0.073845 0.035193
0.825902 0.246998 0.059636 0.044652
0.833569 0.893323 0.075617 0.042647
0.934800 0.187686 0.069793 0.037782
0.280116 0.312172 0.063167 0.039739
0.385769 0.182122 0.073556 0.037325
0.716406 0.853996 0.088286 0.046250
0.607530 0.539345 0.065946 0.044962
0.066553 0.134744 0.066060 0.045743
0.824134 0.584747 0.071470 0.047663
0.606744 0.104105 0.073291 0.042124
0.493550 0.256072 0.076085 0.043253
0.281285 0.808655 0.072325 0.037985
0.380033 0.764674 0.073353 0.040762
0.175781 0.445812 0.056170 0.049136
0.378959 0.142235 0.073708 0.043517
0.942429 0.770636 0.054899 0.036021
0.939856 0.810715 0.068850 0.038841
0.716708 0.130191 0.068838 0.055527
0.937874 0.446934 0.084186 0.039394
0.386083 0.259052 0.071937 0.038380
0.718245 0.678486 0.068895 0.036274
0.177489 0.190267 0.073718 0.041992
0.607603 0.580098 0.073966 0.038614
0.827019 0.672520 0.055747 0.039466
0.496953 0.563387 0.063505 0.044765
0.071326 0.421122 0.071990 0.037531
0.940205 0.380872 0.077152 0.028341
0.607184 0.028732 0.074221 0.043755
0.829252 0.630062 0.059330 0.042540
0.938963 0.637402 0.060561 0.040292
0.596368 0.918593 0.078756 0.036841
0.495348 0.898848 0.060339 0.041863
0.610440 0.281264 0.074313 0.034898
0.597012 0.793613 0.055073 0.040476
0.176454 0.844103 0.057260 0.045355
0.175926 0.119403 0.053633 0.043594
0.716876 0.640430 0.062725 0.032910
0.719898 0.312367 0.066550 0.044160
0.832535 0.506002 0.069609 0.034354
0.712239 0.898184 0.079497 0.040837
0.597565 0.877137 0.080163 0.044609
0.067586 0.087773 0.064989 0.041288
0.383443 0.343001 0.058091 0.049071
0.281469 0.080662 0.059268 0.049227
0.280141 0.590185 0.067062 0.032060
0.603183 0.368611 0.065145 0.032177
0.388255 0.439955 0.061912 0.041907
0.495806 0.739160 0.065343 0.051684
0.277702 0.030665 0.072439 0.041687
0.606626 0.324975 0.059699 0.048388
0.497639 0.156370 0.070415 0.037860
0.941047 0.558904 0.049555 0.029719
0.940519 0.852230 0.061279 0.044100
0.498749 0.854887 0.058251 0.043847
0.712186 0.398461 0.067085 0.045669
0.941284 0.891580 0.055149 0.034731
0.713508 0.079122 0.052211 0.042347
0.174077 0.714128 0.062079 0.039146
0.391602 0.570733 0.059195 0.044202
0.279631 0.268470 0.055051 0.042595
0.277020 0.414060 0.060576 0.034026
0.606444 0.624635 0.055923 0.043290
0.498648 0.437271 0.066170 0.041180
0.071552 0.694006 0.062230 0.045260
0.383375 0.298540 0.061267 0.040425
0.175892 0.887859 0.059611 0.038361
0.280357 0.222569 0.060093 0.045631
0.388517 0.957708 0.063156 0.054358
0.174544 0.799281 0.055653 0.038055
0.071254 0.767845 0.061090 0.044604
0.387063 0.519793 0.057737 0.050261
0.498311 0.940367 0.066218 0.040231
0.276934 0.458264 0.064171 0.052027
0.282003 0.955483 0.080514 0.050212
0.177604 0.399384 0.063259 0.040695
0.383882 0.220181 0.053166 0.037342
0.068812 0.604734 0.066020 0.049906
0.175926 0.077328 0.059269 0.039163
0.069375 0.318008 0.063112 0.040415
0.382310 0.093060 0.063549 0.050937
0.498081 0.077017 0.057073 0.034479
0.493214 0.395850 0.053401 0.038618
0.276748 0.175990 0.054790 0.041199
0.595234 0.750362 0.051345 0.041022
0.836595 0.933131 0.085975 0.038610
0.066371 0.228471 0.054215 0.045627
0.383328 0.038052 0.078757 0.051251
0.606565 0.665033 0.069433 0.028252
0.936997 0.522535 0.053228 0.036432
0.174842 0.929678 0.053177 0.041401
0.497279 0.518838 0.063723 0.034628
0.714527 0.355842 0.076441 0.038205
0.279195 0.347271 0.061324 0.032145
0.285706 0.901878 0.064766 0.048491
0.936744 0.028338 0.059656 0.040460
0.173390 0.756781 0.049297 0.041266
0.067823 0.274012 0.049760 0.038487
0.714173 0.031603 0.059197 0.048443
0.936387 0.153150 0.054659 0.032438
0.932749 0.119609 0.077354 0.035868
0.720710 0.267689 0.055879 0.037411
0.939410 0.677922 0.046316 0.035742
0.494174 0.812182 0.051463 0.032519
0.075115 0.815672 0.052879 0.046019
0.720532 0.224804 0.058086 0.044514
0.939234 0.410785 0.073040 0.031561
0.064763 0.550719 0.061174 0.050908
0.064803 0.465050 0.054546 0.044220
0.490336 0.974038 0.066114 0.028867
0.615201 0.241274 0.057300 0.043192
0.613416 0.067545 0.068960 0.029010
0.069347 0.651418 0.053215 0.039901
0.939762 0.721714 0.062429 0.048749
0.173114 0.348427 0.050396 0.050521
0.493489 0.691581 0.062016 0.033693
0.174874 0.576522 0.056079 0.041713
0.716460 0.441773 0.057895 0.041600
0.077911 0.865991 0.071109 0.043697
0.722289 0.557716 0.063740 0.047027
0.279453 0.378222 0.058486 0.034531
0.835834 0.969625 0.087048 0.035135
0.080198 0.912076 0.069461 0.042093
0.272129 0.504622 0.076200 0.040345
0.385497 0.394650 0.063648 0.046254
0.177179 0.307204 0.065609 0.029799
0.496001 0.780179 0.062315 0.025789
0.389910 0.476169 0.069702 0.027961
0.173455 0.488376 0.051729 0.036649
0.723870 0.477374 0.076078 0.025339
0.064911 0.039072 0.059826 0.044675
0.943258 0.962965 0.065442 0.031667
0.071196 0.383142 0.051268 0.035008
0.718619 0.601859 0.043024 0.037654
0.277048 0.692599 0.047198 0.023015
0.076078 0.731208 0.076843 0.026892
0.718246 0.181211 0.050693 0.044168
0.593847 0.958931 0.053101 0.042553
0.083683 0.957664 0.057447 0.049284
0.173347 0.033672 0.046961 0.037747
0.174159 0.155076 0.062225 0.024059
0.824571 0.026506 0.061720 0.033020
0.172565 0.672782 0.060625 0.038380
0.935354 0.263640 0.056558 0.026704
0.498996 0.032286 0.051520 0.044461
0.280600 0.622451 0.052370 0.025560
0.718887 0.938163 0.064247 0.037943
0.185999 0.965505 0.076619 0.025116
0.939195 0.298689 0.072839 0.048740
0.717633 0.969481 0.072951 0.046884
0.175379 0.621194 0.055355 0.042674
0.069318 0.350720 0.040948 0.024866
