0.387907 0.753557 0.060272 0.042616
0.934328 0.421198 0.060120 0.038390
0.716185 0.358699 0.063463 0.037796
0.055160 0.308260 0.067569 0.045623
0.611470 0.484162 0.056845 0.038260
0.609081 0.527207 0.064367 0.046064
0.813090 0.919774 0.070012 0.044635
0.505122 0.838613 0.067483 0.037268
0.706541 0.765407 0.060185 0.046618
0.817005 0.873107 0.060092 0.042378
0.052425 0.507031 0.062567 0.040574
0.275816 0.935377 0.065644 0.035455
0.275032 0.183048 0.065567 0.040468
0.276500 0.896243 0.060185 0.040752
0.387680 0.713137 0.059686 0.036591
0.492316 0.535620 0.059687 0.040075
0.712339 0.443290 0.061332 0.043531
0.270169 0.815808 0.066512 0.040527
0.498594 0.692471 0.062362 0.037466
0.490630 0.491225 0.059661 0.044457
0.272666 0.145616 0.056405 0.035295
0.494408 0.335423 0.056208 0.041147
0.386098 0.420787 0.055686 0.040944
0.494338 0.650023 0.059264 0.040458
0.171783 0.216870 0.084451 0.047651
0.062882 0.107926 0.062582 0.041026
0.609287 0.444875 0.059241 0.036742
0.713363 0.935969 0.064712 0.038058
0.821210 0.829165 0.059887 0.041288
0.060442 0.264379 0.059957 0.040040
0.934282 0.382916 0.053070 0.035497
0.175388 0.174339 0.059544 0.033287
0.156635 0.633666 0.069787 0.038719
0.501597 0.728937 0.060287 0.031812
0.166488 0.373261 0.049850 0.035011
0.173193 0.138058 0.068051 0.038056
0.707149 0.852248 0.064656 0.046532
0.273660 0.625947 0.054740 0.035365
0.385054 0.334392 0.055929 0.041238
0.055306 0.352516 0.048839 0.042443
0.818913 0.393865 0.073165 0.042337
0.610671 0.411013 0.055116 0.032597
0.708399 0.808301 0.078043 0.038500
0.274870 0.856091 0.056619 0.037730
0.278123 0.223592 0.059804 0.038261
0.389265 0.377489 0.057440 0.043241
0.611482 0.372409 0.052932 0.042528
0.499009 0.763880 0.058308 0.036076
0.161850 0.550727 0.059334 0.036831
0.060657 0.221967 0.052436 0.038883
0.274545 0.421718 0.053663 0.036812
0.504310 0.878399 0.059993 0.037978
0.718328 0.399903 0.059345 0.039346
0.608645 0.573769 0.074111 0.043212
0.930832 0.346775 0.051926 0.034939
0.156046 0.837921 0.060274 0.035107
0.601887 0.765966 0.056905 0.034711
0.497281 0.291804 0.064867 0.042208
0.386829 0.793794 0.056171 0.036160
0.274681 0.457101 0.052973 0.035411
0.586995 0.971663 0.059247 0.036006
0.597789 0.936715 0.064334 0.034663
0.173617 0.101516 0.057981 0.030906
0.600578 0.728916 0.056400 0.040539
0.708274 0.149356 0.062149 0.046249
0.394974 0.126593 0.059207 0.041813
0.711186 0.276091 0.067303 0.043099
0.497271 0.959030 0.056326 0.039516
0.928522 0.735213 0.068080 0.038843
0.062514 0.148036 0.050878 0.036370
0.048565 0.466682 0.054718 0.038076
0.272412 0.262084 0.055352 0.038971
0.267721 0.663260 0.059491 0.036948
0.709638 0.318658 0.052962 0.038221
0.277825 0.493061 0.056014 0.033787
0.269554 0.696869 0.055473 0.032694
0.708126 0.716623 0.054406 0.044129
0.391601 0.088003 0.059610 0.038153
0.927376 0.629711 0.053761 0.036436
0.392344 0.167709 0.062117 0.038691
0.496389 0.246636 0.064405 0.046213
0.716858 0.973171 0.054235 0.036516
0.053757 0.430324 0.054277 0.034174
0.269045 0.734986 0.053337 0.040029
0.928598 0.506582 0.056769 0.042598
0.494753 0.416430 0.058613 0.046579
0.161078 0.593236 0.051500 0.042967
0.827835 0.207852 0.049497 0.031160
0.384349 0.292349 0.058650 0.040078
0.823878 0.174111 0.053718 0.035640
0.383986 0.461447 0.060961 0.032892
0.712005 0.485425 0.052377 0.038264
0.496378 0.374304 0.050123 0.036474
0.064686 0.183415 0.053543 0.033770
0.155659 0.963984 0.066402 0.040556
0.275338 0.384839 0.053024 0.036832
0.811258 0.567140 0.059214 0.040479
0.921015 0.918684 0.051713 0.035663
0.609929 0.329449 0.058428 0.042796
0.276286 0.527935 0.051899 0.034946
0.275235 0.300177 0.053210 0.034656
0.163974 0.339191 0.049596 0.030947
0.055691 0.394769 0.050869 0.036120
0.393331 0.875850 0.064170 0.033529
0.497522 0.919970 0.054734 0.040915
0.277066 0.969584 0.055219 0.034592
0.922751 0.814282 0.056698 0.034863
0.046129 0.707894 0.069546 0.040712
0.387979 0.537896 0.053438 0.032088
0.166325 0.305793 0.047685 0.033640
0.276371 0.110176 0.052779 0.035255
0.710297 0.106097 0.057452 0.040985
0.712665 0.232781 0.049953 0.040097
0.153563 0.879408 0.048527 0.045209
0.386015 0.674036 0.052156 0.041639
0.605538 0.690972 0.054608 0.036894
0.821002 0.436363 0.056233 0.038576
0.926476 0.590967 0.052548 0.035584
0.154452 0.924279 0.057362 0.038826
0.611564 0.250573 0.057086 0.045080
0.276763 0.072717 0.054885 0.040716
0.928384 0.463133 0.064559 0.040285
0.815402 0.523346 0.061740 0.043877
0.388723 0.637603 0.047194 0.027671
0.931188 0.313478 0.046625 0.032212
0.934504 0.159423 0.059121 0.043782
0.163780 0.671545 0.047183 0.031940
0.060936 0.030002 0.061367 0.037562
0.816471 0.748861 0.056997 0.034463
0.160169 0.707020 0.059205 0.037741
0.049302 0.552426 0.048297 0.040415
0.500454 0.159632 0.063806 0.043844
0.710302 0.635749 0.055190 0.035379
0.275226 0.343689 0.062595 0.045652
0.065208 0.067596 0.054118 0.035256
0.826744 0.139621 0.053528 0.034845
0.166551 0.446619 0.057965 0.036555
0.937031 0.114657 0.047646 0.041177
0.502704 0.113641 0.059482 0.042462
0.713871 0.067343 0.052304 0.036646
0.596277 0.802747 0.052905 0.039140
0.493255 0.610927 0.057131 0.036621
0.611477 0.209601 0.051006 0.033553
0.157959 0.798802 0.047022 0.040296
0.824945 0.353410 0.055602 0.033124
0.168466 0.264386 0.053452 0.043280
0.050805 0.635584 0.060164 0.046061
0.812211 0.608014 0.053705 0.039724
0.499771 0.071820 0.058645 0.039000
0.711527 0.192496 0.055521 0.035189
0.274278 0.592161 0.050205 0.030560
0.711811 0.896562 0.051253 0.036450
0.825170 0.319973 0.052268 0.039212
0.166504 0.483213 0.044261 0.032510
0.609899 0.169024 0.055172 0.043535
0.816078 0.964563 0.054871 0.043752
0.051252 0.591970 0.047851 0.037036
0.610138 0.121264 0.065949 0.050373
0.387895 0.835394 0.049024 0.045525
0.928660 0.663867 0.050029 0.032736
0.276223 0.032420 0.060671 0.039948
0.814544 0.647872 0.053164 0.040860
0.607751 0.616386 0.061975 0.042730
0.279035 0.561291 0.046144 0.030795
0.712349 0.526127 0.052209 0.039996
0.051746 0.749128 0.058538 0.039579
0.606341 0.655043 0.059507 0.033562
0.926400 0.548997 0.066385 0.043225
0.175534 0.035907 0.064298 0.046086
0.597353 0.865987 0.044307 0.032549
0.614813 0.073323 0.054017 0.042305
0.497387 0.800212 0.055599 0.036697
0.919729 0.959214 0.049338 0.041115
0.049549 0.790468 0.075075 0.041756
0.164421 0.516764 0.043605 0.031036
0.921558 0.884819 0.042027 0.032357
0.934660 0.076217 0.051310 0.030201
0.821390 0.788573 0.055959 0.038603
0.711633 0.673928 0.055523 0.038073
0.823119 0.241787 0.062892 0.032044
0.921664 0.849628 0.045075 0.033230
0.931255 0.274169 0.052936 0.039837
0.386016 0.913440 0.054179 0.039955
0.933585 0.234819 0.043117 0.033725
0.493119 0.454950 0.055086 0.027304
0.926511 0.698803 0.050912 0.032616
0.388223 0.255426 0.055674 0.028118
0.389873 0.499963 0.069368 0.040202
0.166986 0.409345 0.039546 0.032263
0.822596 0.279357 0.052891 0.041987
0.609722 0.291681 0.063633 0.029340
0.499509 0.202237 0.049293 0.041555
0.834976 0.105982 0.049852 0.027879
0.716074 0.031470 0.050823 0.033612
0.711870 0.564486 0.045370 0.035729
0.495820 0.029975 0.051025 0.037844
0.814717 0.686279 0.041628 0.032442
0.613419 0.031951 0.057405 0.039068
0.387543 0.608741 0.047777 0.027476
0.925992 0.775492 0.059948 0.039597
0.177434 0.071997 0.051989 0.027210
0.594875 0.836673 0.048838 0.027670
0.389430 0.967609 0.068959 0.045159
0.485539 0.574439 0.056616 0.034660
0.709301 0.600285 0.039956 0.035175
0.392822 0.036952 0.053028 0.049309
0.931734 0.200278 0.042532 0.033680
0.814838 0.474879 0.060755 0.040586
0.385141 0.574206 0.066442 0.039783
0.162763 0.754167 0.054409 0.047747
0.833839 0.036442 0.048764 0.038288
0.598250 0.900795 0.053646 0.035114
0.939653 0.039511 0.043602 0.043371
0.388556 0.216144 0.069013 0.047721
0.832557 0.074248 0.058725 0.032234
0.267568 0.774089 0.060768 0.039881
0.817973 0.717595 0.047285 0.026222
0.052913 0.672541 0.056377 0.031416
0.641172 0.858783 0.027551 0.021966
