0.398855 0.603090 0.087430 0.055729
0.724147 0.268194 0.087555 0.059104
0.280728 0.813300 0.093559 0.054532
0.618157 0.114960 0.082118 0.058013
0.721787 0.169025 0.078091 0.047210
0.723062 0.385783 0.084742 0.056063
0.399670 0.332530 0.090027 0.056268
0.397463 0.273712 0.079344 0.052852
0.605029 0.710425 0.083041 0.049727
0.171400 0.665389 0.082307 0.058015
0.607413 0.822128 0.074099 0.050869
0.067497 0.451252 0.072778 0.050243
0.939462 0.212314 0.089452 0.049768
0.275249 0.490229 0.090447 0.061631
0.072028 0.553285 0.083789 0.049317
0.826384 0.549944 0.089486 0.046481
0.604638 0.654159 0.073080 0.056409
0.396370 0.544358 0.080596 0.052178
0.606818 0.767292 0.079374 0.052583
0.937514 0.265665 0.085754 0.047676
0.831055 0.243365 0.076118 0.051705
0.178766 0.214972 0.093664 0.057225
0.831123 0.656716 0.083080 0.055601
0.402326 0.390477 0.081424 0.052738
0.719033 0.860557 0.085738 0.051630
0.285799 0.432800 0.095207 0.048102
0.182258 0.155768 0.075530 0.051370
0.942295 0.158553 0.092330 0.048996
0.286250 0.332637 0.079689 0.056182
0.502730 0.837072 0.080132 0.052625
0.817572 0.908046 0.078703 0.042829
0.924550 0.853092 0.076131 0.047726
0.607537 0.878062 0.066263 0.048387
0.289744 0.273396 0.079694 0.049840
0.392953 0.826376 0.079596 0.055830
0.932421 0.803102 0.066769 0.044421
0.172420 0.506923 0.085130 0.051359
0.170587 0.892956 0.074873 0.047898
0.171254 0.605670 0.083359 0.049871
0.820612 0.857711 0.067219 0.042918
0.614691 0.171710 0.087400 0.046316
0.725817 0.493078 0.081216 0.049515
0.072360 0.767834 0.086409 0.054344
0.830440 0.187570 0.079645 0.049054
0.931667 0.908766 0.080148 0.051427
0.930279 0.642920 0.072392 0.048103
0.401745 0.447843 0.075059 0.053819
0.392902 0.710781 0.082794 0.049028
0.507894 0.782495 0.084045 0.052883
0.613620 0.442595 0.068627 0.053976
0.935798 0.436267 0.092993 0.057742
0.072748 0.394019 0.080700 0.055891
0.505026 0.730635 0.081040 0.050706
0.714568 0.698405 0.085404 0.048330
0.285935 0.712875 0.082810 0.042333
0.392916 0.769548 0.071952 0.050523
0.176674 0.103374 0.082146 0.048176
0.505780 0.885279 0.084265 0.039746
0.392408 0.884716 0.082428 0.050505
0.833511 0.135462 0.076131 0.047357
0.820773 0.758436 0.063340 0.042691
0.936884 0.057639 0.083866 0.058520
0.170242 0.445514 0.070138 0.058531
0.505811 0.372706 0.079885 0.046982
0.621000 0.054785 0.090660 0.059178
0.941276 0.111184 0.069790 0.040287
0.823602 0.711234 0.073916 0.043614
0.722721 0.592937 0.081421 0.050611
0.510339 0.049670 0.078625 0.050905
0.718822 0.441188 0.078451 0.044823
0.938736 0.541306 0.082271 0.051595
0.727328 0.110940 0.084613 0.065836
0.501247 0.635279 0.079826 0.048849
0.168198 0.837168 0.070966 0.051380
0.827801 0.445516 0.082651 0.054996
0.400593 0.164413 0.075400 0.045901
0.168609 0.729088 0.081363 0.060976
0.505534 0.267064 0.078692 0.056079
0.828571 0.808918 0.079236 0.051931
0.830428 0.342061 0.084497 0.043418
0.608985 0.922795 0.080704 0.038245
0.716935 0.645584 0.081876 0.048788
0.730288 0.215286 0.084192 0.038847
0.724007 0.327060 0.081711 0.053495
0.713031 0.756556 0.083175 0.059551
0.615729 0.498723 0.067766 0.053113
0.939590 0.317390 0.070551 0.049625
0.073451 0.340197 0.065762 0.045306
0.291763 0.099753 0.073936 0.054701
0.936097 0.590927 0.072496 0.046492
0.284963 0.663062 0.071645 0.043222
0.401625 0.108608 0.078686 0.057254
0.175770 0.558467 0.079942 0.045140
0.170441 0.783194 0.068146 0.043520
0.172806 0.331813 0.081995 0.055777
0.288130 0.219421 0.061832 0.051840
0.507382 0.099536 0.075519 0.039265
0.076096 0.055747 0.081101 0.063338
0.501290 0.681956 0.056677 0.041277
0.501605 0.929830 0.068251 0.044766
0.283884 0.607326 0.072711 0.061139
0.719897 0.808847 0.065311 0.040876
0.607084 0.965097 0.093955 0.045643
0.825935 0.602499 0.064977 0.050674
0.395492 0.656492 0.057401 0.045506
0.070776 0.661235 0.064405 0.051324
0.717049 0.545499 0.062836 0.043655
0.933081 0.375451 0.080734 0.057945
0.829317 0.390920 0.060355 0.046763
0.935475 0.696985 0.072537 0.049234
0.614260 0.230613 0.068244 0.056516
0.394969 0.497687 0.082619 0.036877
0.073363 0.819154 0.078293 0.042535
0.397540 0.217894 0.081326 0.057710
0.833921 0.092423 0.069368 0.035714
0.502717 0.580269 0.067269 0.052813
0.174535 0.935414 0.074323 0.035371
0.073211 0.713488 0.063011 0.049355
0.935147 0.954899 0.068605 0.039896
0.715097 0.908736 0.075349 0.041068
0.291688 0.161119 0.075853 0.057540
0.830936 0.501874 0.077490 0.048161
0.169726 0.390334 0.071194 0.046176
0.171838 0.273441 0.079685 0.057159
0.503033 0.424634 0.075985 0.052593
0.075510 0.604838 0.054640 0.049824
0.398278 0.928772 0.098107 0.039587
0.503146 0.148055 0.075916 0.046307
0.075712 0.166549 0.058318 0.043864
0.933133 0.489274 0.059562 0.045776
0.827354 0.954427 0.090037 0.048528
0.614855 0.339803 0.076808 0.054489
0.727626 0.048918 0.071286 0.050774
0.074777 0.227003 0.073616 0.060934
0.175233 0.971017 0.080502 0.039222
0.280845 0.875083 0.095831 0.056717
0.503447 0.204971 0.083923 0.057809
0.935265 0.754056 0.068193 0.053187
0.404959 0.051224 0.071195 0.047006
0.505994 0.967685 0.075135 0.038028
0.175207 0.049078 0.080850 0.056002
0.717252 0.953328 0.060339 0.044534
0.280548 0.760046 0.062641 0.038818
0.834413 0.049183 0.079006 0.046100
0.832169 0.294413 0.054331 0.046233
0.072713 0.868118 0.065085 0.044398
0.074223 0.503015 0.048895 0.047173
0.615309 0.283952 0.052412 0.042265
0.072461 0.286819 0.062059 0.051747
0.276943 0.548016 0.088321 0.044005
0.284808 0.045561 0.071622 0.041056
0.500359 0.522446 0.059086 0.047873
0.607939 0.599405 0.079388 0.050495
0.273946 0.925962 0.082489 0.037610
0.615687 0.391238 0.060800 0.037554
0.286362 0.385322 0.056689 0.046299
0.502644 0.475005 0.064119 0.043145
0.507834 0.323593 0.055023 0.048092
0.074577 0.115224 0.052517 0.047612
0.280776 0.964782 0.092008 0.037758
0.612295 0.549869 0.076789 0.044511
0.392907 0.963934 0.110148 0.038802
0.071251 0.914691 0.057997 0.045445
0.063245 0.967545 0.091094 0.050285
