0.292094 0.431706 0.060591 0.030890
0.485957 0.215786 0.057216 0.031275
0.291844 0.394299 0.055867 0.033213
0.290229 0.321109 0.060482 0.036095
0.676504 0.294889 0.059615 0.037755
0.194172 0.475631 0.070138 0.038681
0.472926 0.793141 0.056099 0.034888
0.385342 0.308141 0.050420 0.034203
0.381398 0.379621 0.053469 0.033983
0.383136 0.419782 0.053041 0.035296
0.469278 0.723620 0.060364 0.029069
0.187205 0.831363 0.057898 0.036263
0.572230 0.686830 0.053406 0.035792
0.575691 0.339625 0.060537 0.033781
0.666023 0.590073 0.054253 0.036439
0.189841 0.871169 0.063357 0.031326
0.098365 0.511776 0.051813 0.035151
0.486557 0.149730 0.063951 0.029986
0.485952 0.360388 0.055182 0.037857
0.570916 0.790156 0.064456 0.030975
0.291426 0.152217 0.057511 0.029282
0.668027 0.727469 0.046462 0.037690
0.295505 0.225182 0.071021 0.031149
0.193350 0.191586 0.053243 0.034552
0.291816 0.285972 0.054174 0.029885
0.676172 0.333407 0.050149 0.035324
0.475790 0.646282 0.057683 0.038054
0.097994 0.474720 0.050906 0.035452
0.571209 0.622182 0.051398 0.036810
0.381994 0.535434 0.050698 0.032845
0.196671 0.337834 0.058233 0.028198
0.091609 0.769364 0.055156 0.041677
0.764819 0.308223 0.056779 0.032215
0.278048 0.634978 0.070711 0.042097
0.856403 0.752711 0.058382 0.035706
0.292298 0.187915 0.053248 0.036728
0.672525 0.551943 0.058825 0.034613
0.571772 0.512243 0.054150 0.030958
0.093741 0.670770 0.060228 0.028866
0.476722 0.576315 0.051259 0.030146
0.862278 0.444746 0.055400 0.036935
0.488364 0.251126 0.052260 0.036201
0.280816 0.738264 0.060916 0.033245
0.277711 0.774478 0.059509 0.033897
0.385406 0.459210 0.048922 0.036932
0.194365 0.436378 0.059017 0.032493
0.382638 0.342612 0.052636 0.030653
0.385280 0.232097 0.056569 0.034183
0.857707 0.224205 0.060659 0.032994
0.283377 0.593011 0.056048 0.032258
0.097868 0.576912 0.047447 0.032915
0.100949 0.270746 0.048976 0.036621
0.191543 0.587165 0.055153 0.033050
0.575289 0.439319 0.052719 0.032232
0.379997 0.740160 0.056282 0.032067
0.571092 0.721172 0.053869 0.029585
0.860711 0.402882 0.056577 0.032067
0.571058 0.827139 0.051605 0.031815
0.384685 0.270025 0.050015 0.034200
0.097073 0.311292 0.051459 0.035355
0.756534 0.678386 0.060620 0.037187
0.486330 0.424845 0.057845 0.028701
0.283319 0.672787 0.059972 0.028042
0.675533 0.369713 0.050576 0.031322
0.280448 0.814536 0.049346 0.037067
0.470388 0.542710 0.061902 0.027894
0.577319 0.552375 0.053265 0.039169
0.665299 0.864400 0.054662 0.026950
0.860828 0.793502 0.058704 0.033705
0.286542 0.505663 0.062413 0.031948
0.663436 0.796246 0.050229 0.032945
0.192979 0.265575 0.045355 0.039594
0.575769 0.403007 0.048226 0.033241
0.392273 0.163522 0.050682 0.035014
0.581858 0.197624 0.047059 0.039075
0.863847 0.325765 0.061628 0.030875
0.860023 0.482765 0.045616 0.029172
0.483454 0.463345 0.058783 0.036862
0.479632 0.687008 0.061514 0.039515
0.855810 0.578644 0.051923 0.030116
0.472877 0.757027 0.050803 0.030179
0.099664 0.352396 0.050440 0.037649
0.859163 0.514401 0.057594 0.025368
0.669205 0.478618 0.053382 0.033433
0.194936 0.305370 0.061317 0.030984
0.477240 0.610558 0.047994 0.028920
0.663922 0.832257 0.046944 0.031003
0.195113 0.226900 0.046366 0.030828
0.476425 0.834529 0.046706 0.035771
0.483373 0.505959 0.058944 0.042293
0.187160 0.621276 0.047674 0.028026
0.856438 0.649067 0.054838 0.030169
0.576819 0.371999 0.055901 0.030586
0.767664 0.202928 0.062904 0.034674
0.666694 0.690305 0.048782 0.031792
0.289984 0.466980 0.047976 0.035414
0.766436 0.557816 0.059004 0.030899
0.097346 0.437227 0.047772 0.034845
0.858626 0.835136 0.049279 0.037218
0.193594 0.370519 0.046019 0.032951
0.396344 0.125655 0.056113 0.028599
0.676249 0.153709 0.046229 0.038901
0.104072 0.858714 0.056995 0.036141
0.101715 0.232297 0.048376 0.031256
0.098979 0.090819 0.054519 0.031262
0.184796 0.655270 0.067918 0.029561
0.485690 0.287916 0.052768 0.031621
0.757588 0.639983 0.057312 0.030570
0.574733 0.474799 0.047204 0.035330
0.376081 0.853572 0.057157 0.044657
0.295884 0.118704 0.063778 0.033766
0.476118 0.909803 0.053508 0.032454
0.773588 0.085914 0.057467 0.032986
0.098283 0.157367 0.053176 0.027714
0.853479 0.614556 0.045721 0.034016
0.580240 0.303234 0.048999 0.033706
0.284626 0.551256 0.049217 0.047036
0.198607 0.405070 0.056648 0.024822
0.487462 0.088017 0.055560 0.029802
0.673123 0.192080 0.044390 0.031589
0.095990 0.730446 0.052696 0.029257
0.280655 0.854042 0.042336 0.032721
0.477992 0.393292 0.055908 0.024962
0.379879 0.810609 0.053529 0.029266
0.199169 0.154752 0.053084 0.032779
0.579807 0.267831 0.047261 0.031755
0.488060 0.184084 0.046524 0.029016
0.771945 0.342206 0.051481 0.034659
0.381467 0.664432 0.053497 0.037146
0.481871 0.322395 0.043418 0.033568
0.674587 0.257821 0.043371 0.025789
0.670076 0.516269 0.044534 0.030563
0.192968 0.122800 0.058981 0.025054
0.376847 0.896695 0.051977 0.034208
0.194852 0.513904 0.051509 0.030576
0.858121 0.287388 0.049132 0.029333
0.292263 0.255518 0.065474 0.023010
0.672681 0.403363 0.053467 0.026123
0.664447 0.763374 0.050743 0.025430
0.579910 0.233919 0.043123 0.027301
0.858040 0.686039 0.043088 0.035561
0.580625 0.159486 0.048622 0.032325
0.097115 0.192547 0.041913 0.037398
0.292662 0.085702 0.057562 0.025771
0.857960 0.183211 0.048320 0.039531
0.097701 0.814619 0.047327 0.042106
0.379849 0.702894 0.049126 0.030610
0.101458 0.395737 0.051404 0.038684
0.568702 0.754248 0.040823 0.029875
0.862952 0.545216 0.051075 0.031028
0.573216 0.588720 0.053556 0.023870
0.475577 0.872631 0.054391 0.036701
0.860939 0.363344 0.047550 0.039319
0.283716 0.886589 0.049574 0.025814
0.774022 0.236837 0.059271 0.033243
0.665995 0.628928 0.052687 0.029819
0.767562 0.273651 0.047337 0.033549
0.290469 0.357980 0.046311 0.030264
0.856643 0.907714 0.055589 0.034642
0.189767 0.090272 0.057031 0.030345
0.772996 0.124536 0.046948 0.038646
0.674934 0.112360 0.045474 0.035539
0.393697 0.091402 0.047855 0.035290
0.863682 0.119883 0.059665 0.026784
0.768402 0.460410 0.045868 0.027001
0.378518 0.775942 0.043906 0.032093
0.096155 0.544243 0.039435 0.028025
0.184669 0.745155 0.046831 0.040078
0.572185 0.901109 0.058659 0.035378
0.383514 0.498505 0.047030 0.035176
0.281334 0.704532 0.061014 0.025351
0.854815 0.874764 0.045453 0.030575
0.188827 0.906317 0.049036 0.031960
0.765349 0.433958 0.045557 0.021279
0.573345 0.655900 0.050822 0.022012
0.868613 0.086124 0.050075 0.033270
0.772883 0.164337 0.042661 0.029778
0.669550 0.438810 0.045513 0.036748
0.093640 0.637946 0.043891 0.030428
0.859543 0.257332 0.057347 0.025882
0.766789 0.490861 0.041329 0.030772
0.388471 0.199214 0.044455 0.027349
0.765388 0.856913 0.050117 0.045743
0.383689 0.574030 0.053533 0.038195
0.095421 0.608843 0.045428 0.021240
0.675344 0.225665 0.056859 0.030478
0.382920 0.620759 0.057099 0.042942
0.768895 0.524396 0.057845 0.031774
0.572465 0.862217 0.046557 0.028982
0.675224 0.082988 0.050599 0.022694
0.104328 0.900366 0.056387 0.035380
0.769836 0.408288 0.049695 0.020758
0.857697 0.716843 0.041616 0.027839
0.765720 0.587391 0.047295 0.020163
0.488724 0.118100 0.037467 0.025999
0.581823 0.121335 0.043382 0.036531
0.190616 0.550689 0.058585 0.029954
0.092946 0.699898 0.056248 0.024840
0.769467 0.376371 0.054786 0.033019
0.187272 0.788480 0.039738 0.035649
0.761190 0.723374 0.040254 0.044259
0.664486 0.891921 0.052220 0.024126
0.858100 0.147687 0.045212 0.021520
0.097833 0.126025 0.036875 0.027757
0.759226 0.611724 0.042869 0.020023
0.281693 0.911126 0.056799 0.023897
0.582167 0.086295 0.041215 0.025488
0.763024 0.767259 0.050008 0.038757
0.759998 0.810822 0.043586 0.034137
0.184864 0.691016 0.054724 0.032853
0.766280 0.915859 0.067710 0.026686
0.667335 0.915708 0.046575 0.019844
0.183363 0.706501 0.061911 0.033330
0.763755 0.891896 0.048726 0.022432
0.683635 0.655767 0.063338 0.030914
