0.815557 0.892248 0.079781 0.047097
0.501252 0.906223 0.080522 0.050690
0.926211 0.293744 0.078341 0.055166
0.277720 0.651336 0.080275 0.055419
0.504808 0.852692 0.078512 0.050819
0.064379 0.603416 0.076893 0.056880
0.700764 0.899536 0.090360 0.060813
0.508856 0.206087 0.095753 0.052688
0.933375 0.121284 0.086314 0.060008
0.812218 0.672286 0.077520 0.051914
0.932720 0.177215 0.091347 0.047392
0.813394 0.513868 0.076415 0.051470
0.608946 0.856886 0.077347 0.052119
0.170961 0.377796 0.086155 0.052345
0.810732 0.618421 0.072316 0.048556
0.710170 0.694809 0.076607 0.052572
0.284842 0.169112 0.093394 0.055189
0.401899 0.117294 0.080566 0.052773
0.276675 0.706483 0.083935 0.044722
0.813640 0.568388 0.082692 0.043898
0.933179 0.404260 0.079686 0.047679
0.279414 0.925617 0.088940 0.039083
0.816035 0.404973 0.078880 0.050949
0.818909 0.352671 0.079881 0.050394
0.931930 0.232958 0.091128 0.054783
0.819605 0.255348 0.080768 0.047446
0.070567 0.920091 0.085393 0.049413
0.607595 0.587195 0.087262 0.048287
0.812902 0.783770 0.089597 0.056797
0.818295 0.302995 0.078261 0.041845
0.709458 0.795210 0.077578 0.044392
0.168937 0.596039 0.084600 0.054954
0.813863 0.460092 0.086390 0.049100
0.606520 0.914755 0.069315 0.058479
0.507582 0.157651 0.081116 0.040547
0.500286 0.427396 0.084600 0.051375
0.610889 0.112942 0.080380 0.042216
0.935066 0.350292 0.085468 0.050722
0.286047 0.277241 0.082254 0.061410
0.498973 0.592560 0.081220 0.051229
0.707753 0.842344 0.068024 0.046292
0.078087 0.167411 0.084683 0.051195
0.069457 0.376584 0.069387 0.050573
0.507314 0.052563 0.094170 0.049817
0.713925 0.100666 0.069435 0.044910
0.921232 0.626452 0.080401 0.051703
0.077577 0.867036 0.077972 0.048208
0.501059 0.320096 0.091517 0.059701
0.608319 0.531961 0.076284 0.055296
0.068606 0.485188 0.076862 0.045819
0.396465 0.230492 0.074033 0.057623
0.506419 0.533871 0.082530 0.058303
0.718894 0.049517 0.078011 0.049326
0.283745 0.593190 0.071276 0.047510
0.392574 0.961509 0.096566 0.051277
0.066802 0.113987 0.082701 0.048206
0.070421 0.429832 0.068242 0.049307
0.173856 0.691956 0.090598 0.045576
0.067945 0.326839 0.066260 0.041617
0.398764 0.861313 0.090985 0.051137
0.065713 0.660103 0.086768 0.046258
0.495987 0.478645 0.083344 0.042288
0.287951 0.336709 0.080525 0.047039
0.289986 0.537438 0.090359 0.055764
0.927613 0.572844 0.076157 0.048811
0.607870 0.968175 0.088123 0.045267
0.501091 0.806979 0.076862 0.042538
0.706905 0.956896 0.065469 0.049692
0.171795 0.536692 0.079654 0.054081
0.285151 0.114379 0.075290 0.050372
0.507278 0.260345 0.076067 0.050009
0.613090 0.210310 0.082586 0.045427
0.924692 0.517874 0.090217 0.057938
0.718650 0.467763 0.072605 0.044136
0.617401 0.159827 0.066557 0.043490
0.404456 0.289063 0.084809 0.047211
0.176251 0.274133 0.078593 0.053560
0.395446 0.633370 0.087534 0.052571
0.074241 0.815387 0.081527 0.050792
0.816231 0.840243 0.062116 0.045548
0.508833 0.373256 0.077424 0.045839
0.931076 0.682555 0.085377 0.053698
0.608196 0.469990 0.070606 0.056282
0.283292 0.219304 0.096720 0.041349
0.278993 0.762406 0.074061 0.053612
0.604634 0.801539 0.070333 0.050676
0.065299 0.279195 0.066423 0.052093
0.064383 0.710112 0.083022 0.046195
0.390229 0.802469 0.101664 0.058310
0.177818 0.113963 0.092600 0.049557
0.614399 0.059878 0.079960 0.055145
0.178751 0.060826 0.067226 0.051422
0.396891 0.736817 0.091247 0.055976
0.928715 0.901227 0.082289 0.040408
0.810336 0.970358 0.088441 0.041077
0.502821 0.754946 0.069376 0.050383
0.603765 0.746523 0.080227 0.052391
0.174755 0.427370 0.093108 0.046690
0.393995 0.339588 0.063867 0.049916
0.394560 0.574053 0.073567 0.055207
0.508073 0.109118 0.068624 0.054103
0.710992 0.519226 0.081632 0.055108
0.283410 0.876903 0.093233 0.054421
0.609566 0.644710 0.079142 0.055587
0.716280 0.416329 0.059808 0.050322
0.173247 0.165924 0.069298 0.046847
0.926243 0.740498 0.092426 0.059045
0.615149 0.264560 0.064122 0.050199
0.613877 0.315456 0.081910 0.047629
0.503708 0.650517 0.097982 0.058572
0.400273 0.060232 0.089780 0.055401
0.291963 0.058463 0.081666 0.052326
0.070937 0.762962 0.062881 0.048408
0.500177 0.966053 0.070199 0.055374
0.401449 0.172750 0.070054 0.048182
0.179558 0.835609 0.080097 0.055005
0.610283 0.698562 0.077459 0.041199
0.613138 0.361305 0.076338 0.042929
0.921213 0.851689 0.063614 0.048628
0.715841 0.250970 0.058894 0.050072
0.615380 0.413572 0.071889 0.053768
0.285114 0.966667 0.086553 0.039059
0.067998 0.543233 0.063745 0.054758
0.396572 0.911859 0.069183 0.046598
0.287420 0.387324 0.075986 0.047617
0.808960 0.728421 0.083127 0.053988
0.929085 0.457339 0.067664 0.050233
0.071944 0.061404 0.078093 0.055711
0.934466 0.058768 0.087265 0.059237
0.070768 0.221513 0.088661 0.048735
0.822112 0.199022 0.069538 0.056887
0.178093 0.220777 0.089802 0.051209
0.176505 0.920512 0.059027 0.043980
0.715030 0.307012 0.064693 0.054450
0.395079 0.453159 0.078148 0.052829
0.396770 0.685122 0.075404 0.036913
0.073567 0.964718 0.062288 0.040010
0.710876 0.576474 0.067185 0.049653
0.177128 0.786095 0.077684 0.033066
0.170595 0.478600 0.091397 0.054466
0.177246 0.740696 0.079060 0.045614
0.710110 0.745147 0.048417 0.045223
0.722909 0.145831 0.069101 0.035827
0.279753 0.817185 0.066873 0.048459
0.276142 0.477063 0.090171 0.054690
0.717986 0.196932 0.061813 0.051912
0.172534 0.883964 0.065936 0.030086
0.717423 0.362802 0.061597 0.050327
0.168145 0.965633 0.100540 0.041225
0.825520 0.099797 0.069545 0.034071
0.175901 0.325098 0.069621 0.041904
0.399337 0.395504 0.064951 0.053381
0.810180 0.935138 0.069768 0.034361
0.821158 0.044273 0.079674 0.057115
0.826640 0.146186 0.054074 0.040225
0.517961 0.704542 0.083444 0.047529
0.712806 0.636945 0.062682 0.057940
0.921816 0.798434 0.064897 0.049409
0.918611 0.945309 0.091191 0.042452
0.172278 0.644728 0.050036 0.038970
0.401046 0.514850 0.071669 0.058281
