0.931567 0.850130 0.083267 0.057436
0.399183 0.115887 0.079648 0.054789
0.615828 0.167237 0.080035 0.052550
0.059906 0.207548 0.074473 0.042887
0.824173 0.928809 0.074121 0.046211
0.500947 0.497402 0.080997 0.050124
0.282094 0.164828 0.085509 0.052962
0.928054 0.628619 0.071149 0.054167
0.615874 0.345488 0.076964 0.048935
0.292081 0.781562 0.078364 0.050677
0.931976 0.350453 0.076212 0.047449
0.931030 0.791043 0.078048 0.054526
0.931649 0.403427 0.075400 0.049015
0.718941 0.209482 0.090768 0.053858
0.505429 0.896146 0.086506 0.052071
0.286118 0.442035 0.080021 0.060169
0.934723 0.118149 0.085333 0.056707
0.614644 0.933493 0.072180 0.049471
0.063910 0.615446 0.074373 0.053016
0.396453 0.454041 0.082065 0.049909
0.067874 0.830669 0.089508 0.052398
0.180007 0.243476 0.078978 0.050905
0.608960 0.772398 0.078142 0.052508
0.171774 0.149460 0.074610 0.039528
0.936545 0.175460 0.074541 0.054852
0.505673 0.113296 0.078505 0.055228
0.289646 0.271846 0.078461 0.055724
0.612111 0.113287 0.081874 0.051641
0.280092 0.834526 0.095958 0.049957
0.069789 0.776415 0.084446 0.050306
0.603574 0.663759 0.080791 0.050214
0.819664 0.878873 0.085539 0.048652
0.285221 0.380577 0.081921 0.053604
0.718272 0.649133 0.079451 0.047202
0.285320 0.502370 0.091682 0.055129
0.063387 0.302847 0.067476 0.043770
0.180748 0.791115 0.072796 0.047126
0.827802 0.335572 0.076432 0.050084
0.925251 0.460268 0.086612 0.056601
0.392042 0.231521 0.092180 0.057821
0.610953 0.715443 0.077012 0.052669
0.718305 0.435749 0.074653 0.042770
0.398902 0.891211 0.079548 0.050055
0.502069 0.393113 0.076330 0.047620
0.393071 0.172461 0.086569 0.052148
0.935495 0.680795 0.080068 0.047338
0.502093 0.289299 0.076125 0.053680
0.826321 0.828015 0.067532 0.046299
0.174532 0.340467 0.073711 0.044010
0.829607 0.777064 0.064868 0.050863
0.069595 0.670148 0.094647 0.047559
0.828272 0.501739 0.070588 0.049913
0.931386 0.960085 0.091627 0.045869
0.927308 0.573911 0.096349 0.049144
0.500838 0.608708 0.079407 0.058483
0.719835 0.805249 0.080483 0.048993
0.286846 0.218986 0.079305 0.044209
0.504804 0.442042 0.074968 0.046964
0.393664 0.936105 0.071037 0.035042
0.179019 0.892494 0.065856 0.050455
0.939843 0.232466 0.076086 0.052191
0.718118 0.856036 0.074637 0.048260
0.827341 0.115645 0.073249 0.049648
0.720236 0.597953 0.069940 0.051452
0.824249 0.972839 0.076119 0.041118
0.821731 0.390718 0.079034 0.045326
0.171695 0.386388 0.073277 0.044526
0.616346 0.288370 0.078972 0.053748
0.070891 0.927352 0.085095 0.044833
0.722499 0.153830 0.072804 0.047529
0.500722 0.168487 0.076310 0.050538
0.175349 0.103583 0.066019 0.044692
0.398243 0.290114 0.069965 0.051303
0.930272 0.519960 0.062668 0.056246
0.727165 0.262735 0.077627 0.053645
0.282249 0.727270 0.069066 0.048246
0.931053 0.735507 0.069800 0.047572
0.390536 0.740060 0.096125 0.049620
0.612040 0.825758 0.064217 0.050443
0.395850 0.687790 0.075461 0.044254
0.721610 0.106101 0.078936 0.043099
0.286165 0.886803 0.084280 0.049898
0.286341 0.112032 0.075213 0.042909
0.931984 0.906881 0.073498 0.048849
0.721992 0.542005 0.072014 0.046472
0.823223 0.557355 0.066278 0.052118
0.394601 0.403279 0.079722 0.045319
0.397496 0.788282 0.066628 0.046390
0.606966 0.500840 0.103290 0.053497
0.065854 0.256172 0.072195 0.048030
0.607940 0.445241 0.076353 0.056588
0.284878 0.555320 0.075603 0.047000
0.284342 0.933103 0.086294 0.040387
0.171508 0.057232 0.084034 0.043226
0.400485 0.839024 0.076790 0.044067
0.062174 0.509887 0.078413 0.052557
0.287881 0.326850 0.064140 0.049769
0.608613 0.554456 0.081200 0.048907
0.720316 0.384433 0.072305 0.049075
0.059672 0.065393 0.072199 0.052761
0.059130 0.162853 0.063069 0.045207
0.064617 0.722379 0.066270 0.054054
0.718558 0.906720 0.059971 0.048392
0.174749 0.291995 0.072503 0.038041
0.608248 0.881829 0.063273 0.054042
0.503981 0.842136 0.073712 0.044070
0.070297 0.970694 0.076726 0.043200
0.065136 0.882030 0.068635 0.044047
0.831247 0.281538 0.068596 0.052599
0.173310 0.436401 0.071759 0.048704
0.177592 0.841843 0.071153 0.044740
0.505850 0.786049 0.089881 0.061023
0.828140 0.444310 0.072297 0.049772
0.827217 0.613975 0.070436 0.047899
0.397636 0.635065 0.062862 0.053782
0.395495 0.513503 0.068773 0.059190
0.060900 0.400897 0.058679 0.051752
0.507138 0.060639 0.071058 0.048210
0.178602 0.738808 0.082506 0.052103
0.606393 0.975272 0.066427 0.032993
0.829310 0.228435 0.067153 0.052184
0.505584 0.665688 0.055953 0.046594
0.505642 0.721080 0.065073 0.053349
0.502430 0.228938 0.072401 0.062970
0.063559 0.453202 0.075401 0.046817
0.937372 0.058982 0.075491 0.055148
0.287916 0.613244 0.074059 0.058895
0.615801 0.227349 0.083794 0.063218
0.172845 0.193218 0.073157 0.036890
0.611703 0.607374 0.057674 0.051835
0.395428 0.971354 0.080085 0.037487
0.931027 0.292232 0.075028 0.065028
0.612652 0.062816 0.072591 0.046472
0.173921 0.537212 0.079083 0.034910
0.059862 0.350372 0.065919 0.044785
0.712542 0.755460 0.084253 0.044137
0.718395 0.490067 0.057415 0.053611
0.172924 0.489646 0.058959 0.050872
0.829323 0.726593 0.070014 0.043990
0.832360 0.669390 0.083795 0.056174
0.281112 0.672815 0.070616 0.052380
0.175734 0.938023 0.080627 0.034785
0.718031 0.947671 0.072631 0.028925
0.289076 0.060987 0.068400 0.051848
0.826047 0.062529 0.063001 0.052112
0.387739 0.573027 0.087258 0.056669
0.395435 0.061467 0.063121 0.049022
0.174579 0.632840 0.056610 0.041042
0.614928 0.390511 0.071523 0.039162
0.402318 0.349781 0.075820 0.060491
0.830339 0.170332 0.080046 0.051346
0.505185 0.941231 0.075522 0.039862
0.171962 0.581913 0.075931 0.051798
0.509152 0.971627 0.089268 0.037624
0.721022 0.703330 0.073152 0.051220
0.064191 0.118143 0.048356 0.041374
0.289347 0.970358 0.089363 0.035951
0.174720 0.682985 0.062231 0.050132
0.504139 0.343646 0.053550 0.048342
0.724497 0.323140 0.075838 0.060860
0.713064 0.978815 0.091900 0.030487
0.180815 0.968687 0.071724 0.036325
0.062597 0.561131 0.071995 0.044166
0.497726 0.550669 0.090245 0.047761
0.725342 0.058969 0.056822 0.049726
