0.819905 0.885417 0.063152 0.036044
0.820541 0.293354 0.057980 0.038024
0.819821 0.484013 0.060857 0.043630
0.583014 0.904901 0.061794 0.039697
0.704966 0.835585 0.056729 0.038495
0.709224 0.353613 0.069434 0.037368
0.590521 0.820350 0.063973 0.038015
0.599984 0.318402 0.062436 0.034404
0.933316 0.379726 0.075632 0.043985
0.818872 0.842379 0.058479 0.043801
0.585473 0.943519 0.058002 0.034359
0.272617 0.789883 0.063453 0.036029
0.280404 0.228377 0.055096 0.044709
0.277696 0.310077 0.057538 0.041450
0.384459 0.166192 0.074878 0.045749
0.271444 0.826002 0.064958 0.037737
0.714555 0.310247 0.064781 0.043525
0.930336 0.741251 0.056804 0.039216
0.719150 0.109240 0.067098 0.042124
0.820250 0.679372 0.068004 0.044334
0.709367 0.152578 0.061585 0.039878
0.816963 0.922407 0.063905 0.037096
0.941785 0.900268 0.054082 0.037786
0.585297 0.701646 0.059897 0.038584
0.585952 0.775247 0.056410 0.044853
0.712099 0.610000 0.059339 0.041743
0.720573 0.070708 0.059826 0.034839
0.600668 0.353941 0.050055 0.034642
0.164266 0.108827 0.063613 0.038697
0.494222 0.279686 0.053950 0.040693
0.587027 0.625692 0.056485 0.042483
0.157685 0.486515 0.069493 0.047534
0.484839 0.675444 0.058795 0.030415
0.269145 0.581871 0.070416 0.042516
0.820583 0.364292 0.053082 0.036833
0.936139 0.190703 0.048437 0.044065
0.272757 0.271554 0.059611 0.037078
0.943308 0.935589 0.070015 0.027132
0.822376 0.437928 0.055513 0.043080
0.715550 0.230491 0.057000 0.045245
0.588991 0.862408 0.056345 0.041726
0.937265 0.068580 0.051688 0.039526
0.493858 0.239913 0.069540 0.036436
0.825015 0.759607 0.060598 0.038339
0.271951 0.707323 0.060664 0.039523
0.934412 0.466122 0.060163 0.036693
0.275851 0.749977 0.064355 0.039624
0.378690 0.253152 0.053439 0.047480
0.937714 0.341600 0.061084 0.030849
0.820303 0.721974 0.064895 0.035889
0.585824 0.975751 0.059653 0.031736
0.164175 0.182591 0.070872 0.038509
0.935819 0.816451 0.052473 0.034808
0.055316 0.867675 0.064600 0.036513
0.706348 0.762218 0.058687 0.031164
0.939760 0.233219 0.064762 0.038642
0.492645 0.357276 0.059069 0.039571
0.819366 0.800025 0.054173 0.038555
0.589329 0.666158 0.057663 0.029917
0.932000 0.780133 0.055482 0.032859
0.708441 0.467886 0.061698 0.045192
0.937919 0.152051 0.059470 0.032257
0.819321 0.253421 0.050213 0.034965
0.594131 0.496171 0.054966 0.040896
0.599010 0.154161 0.054355 0.045339
0.495112 0.109328 0.051075 0.037381
0.269209 0.537109 0.065116 0.044266
0.593110 0.579064 0.053135 0.043279
0.933435 0.670588 0.054230 0.039925
0.820642 0.177300 0.053344 0.041334
0.935004 0.705866 0.056208 0.027411
0.938879 0.858016 0.052815 0.044997
0.485112 0.396556 0.059092 0.036850
0.928511 0.546917 0.073691 0.044072
0.063684 0.282571 0.062040 0.043962
0.711889 0.189415 0.054076 0.032846
0.936930 0.626378 0.061651 0.036426
0.278366 0.360164 0.060789 0.051456
0.596444 0.389968 0.049506 0.034019
0.936598 0.503840 0.051013 0.036458
0.940971 0.967112 0.081067 0.035751
0.708089 0.572852 0.055159 0.036427
0.937975 0.031636 0.053785 0.034036
0.055785 0.577248 0.061497 0.039311
0.936612 0.113526 0.056920 0.041991
0.493134 0.532244 0.059509 0.038136
0.938036 0.274493 0.070876 0.036967
0.596160 0.536323 0.057488 0.039271
0.829352 0.091967 0.057539 0.039344
0.277579 0.185106 0.049160 0.035501
0.484500 0.713407 0.054041 0.042128
0.269748 0.493692 0.053674 0.042254
0.159041 0.224181 0.059915 0.039630
0.059586 0.190125 0.060627 0.040092
0.819833 0.551611 0.057448 0.039576
0.705079 0.797396 0.048971 0.034697
0.380714 0.208656 0.055847 0.035945
0.495172 0.157309 0.073254 0.051384
0.707783 0.423380 0.055033 0.040599
0.158440 0.921236 0.058094 0.032589
0.488152 0.435073 0.058583 0.037682
0.058361 0.937821 0.059120 0.032775
0.824755 0.593574 0.075909 0.043932
0.707190 0.684814 0.055010 0.044845
0.597625 0.111970 0.070384 0.038088
0.375584 0.330932 0.059849 0.033142
0.162993 0.569298 0.059126 0.046946
0.492630 0.319021 0.054644 0.031427
0.055838 0.902585 0.056804 0.031126
0.823277 0.638337 0.053451 0.035817
0.822852 0.135230 0.051165 0.041526
0.596666 0.197151 0.053864 0.034469
0.713490 0.269408 0.052999 0.035245
0.709794 0.646933 0.050075 0.027685
0.058564 0.829113 0.053368 0.037118
0.495895 0.201985 0.058280 0.037068
0.168417 0.072923 0.056630 0.031693
0.594473 0.424649 0.049163 0.029782
0.062860 0.536203 0.055287 0.038367
0.477776 0.758341 0.067059 0.043782
0.280667 0.078368 0.046868 0.043630
0.826653 0.215326 0.058092 0.035931
0.278521 0.409195 0.054371 0.044662
0.486084 0.615876 0.048331 0.034066
0.375208 0.403361 0.052140 0.040207
0.282151 0.034995 0.055180 0.038985
0.167255 0.618556 0.059273 0.041319
0.497473 0.071993 0.053601 0.034119
0.378162 0.445309 0.051990 0.039925
0.059056 0.619708 0.051311 0.042546
0.064168 0.068407 0.049191 0.038561
0.063432 0.461173 0.052537 0.041514
0.161152 0.266224 0.054314 0.040902
0.489312 0.467875 0.053520 0.033523
0.271374 0.625418 0.050883 0.042502
0.936990 0.424123 0.047250 0.040792
0.715770 0.035729 0.050685 0.031434
0.271996 0.668870 0.054209 0.037851
0.816289 0.959705 0.053266 0.038211
0.272006 0.972668 0.069924 0.028029
0.938165 0.312035 0.048689 0.027806
0.279650 0.154153 0.043901 0.028127
0.160646 0.395777 0.051421 0.036210
0.062235 0.029883 0.053499 0.035560
0.378271 0.364774 0.055556 0.038055
0.154149 0.310277 0.064258 0.046546
0.602922 0.276767 0.053868 0.042525
0.157840 0.354984 0.052779 0.041443
0.059914 0.697680 0.052772 0.038549
0.281562 0.120382 0.051413 0.038572
0.593828 0.458669 0.043984 0.032697
0.161688 0.526985 0.051891 0.033190
0.058659 0.969243 0.054895 0.031432
0.822823 0.398750 0.048903 0.034016
0.262367 0.937794 0.068214 0.040060
0.695850 0.915291 0.065236 0.039565
0.276993 0.451428 0.053865 0.036952
0.487823 0.575668 0.046104 0.042559
0.159330 0.886346 0.050257 0.036022
0.703251 0.728192 0.047405 0.036467
0.602158 0.076886 0.048369 0.030668
0.602611 0.037478 0.057911 0.046357
0.697887 0.877223 0.059706 0.039487
0.165045 0.146615 0.042373 0.032249
0.818984 0.331181 0.044046 0.030426
0.598360 0.234131 0.050701 0.036100
0.698540 0.959096 0.065103 0.049427
0.164541 0.666593 0.054351 0.048123
0.586525 0.737626 0.045280 0.034545
0.376802 0.295206 0.045536 0.033550
0.163134 0.438460 0.058065 0.042839
0.156536 0.958644 0.050790 0.037737
0.060414 0.787446 0.046673 0.039632
0.935334 0.589927 0.043747 0.034690
0.164126 0.037572 0.053036 0.036003
0.059866 0.741705 0.050535 0.045012
0.061928 0.328850 0.049902 0.043737
0.708968 0.389047 0.053220 0.033552
0.059802 0.151785 0.053382 0.035829
0.063741 0.372617 0.047913 0.033580
0.707851 0.509836 0.045711 0.035439
0.063653 0.110111 0.046306 0.044708
0.821353 0.518870 0.058279 0.025996
0.059085 0.235833 0.047237 0.045184
0.385101 0.123990 0.056458 0.032448
0.489487 0.500241 0.048459 0.029127
0.160263 0.715727 0.050738 0.046960
0.826955 0.054404 0.043655 0.032036
0.705280 0.540696 0.046735 0.030494
0.378651 0.488245 0.055879 0.045300
0.061917 0.498545 0.043817 0.034519
0.066320 0.417095 0.057585 0.041601
0.058507 0.661525 0.043036 0.032052
0.487842 0.645523 0.046472 0.021988
0.264129 0.860850 0.046471 0.029026
0.264852 0.894523 0.066894 0.040347
0.158636 0.847475 0.042312 0.042857
0.496551 0.033549 0.050126 0.040651
0.161145 0.806527 0.055763 0.033918
0.829230 0.025119 0.046104 0.027073
0.164661 0.760398 0.067568 0.042610
0.300976 0.914430 0.026859 0.014114
