0.815467 0.202793 0.065052 0.041486
0.925540 0.595951 0.068393 0.037287
0.835384 0.657981 0.065662 0.038878
0.927684 0.342478 0.065508 0.043766
0.725943 0.923804 0.060324 0.036397
0.613386 0.809915 0.056593 0.035019
0.824594 0.323394 0.066938 0.051226
0.602998 0.105515 0.065850 0.041407
0.935172 0.912259 0.054431 0.038007
0.823898 0.870230 0.066552 0.043233
0.600650 0.148143 0.082011 0.040594
0.311766 0.937889 0.068199 0.035588
0.817384 0.156910 0.080130 0.043430
0.182157 0.107574 0.048762 0.036044
0.713289 0.065899 0.065425 0.041052
0.826448 0.615060 0.073324 0.043435
0.190955 0.969715 0.052879 0.035766
0.602799 0.227716 0.053011 0.037453
0.069695 0.134919 0.068384 0.039389
0.408574 0.933836 0.055654 0.028359
0.615433 0.684397 0.065057 0.031464
0.602019 0.267261 0.070512 0.038723
0.300314 0.864063 0.054395 0.034275
0.399799 0.071182 0.055785 0.037945
0.080471 0.506303 0.062475 0.035032
0.718264 0.846166 0.061946 0.037305
0.395473 0.031022 0.063658 0.040613
0.396221 0.517688 0.060673 0.046215
0.717541 0.210102 0.056145 0.041877
0.601659 0.190187 0.060727 0.041423
0.604690 0.372004 0.062434 0.032818
0.615918 0.873895 0.057406 0.031281
0.712906 0.711107 0.056303 0.044795
0.505499 0.637180 0.056997 0.037825
0.926942 0.674923 0.065754 0.035693
0.607263 0.067355 0.052918 0.034306
0.929480 0.713781 0.067214 0.035152
0.612596 0.772619 0.067635 0.035952
0.616469 0.906561 0.061761 0.033258
0.931580 0.293541 0.068232 0.047770
0.292861 0.517710 0.056338 0.042043
0.717861 0.883814 0.070174 0.040447
0.503903 0.859134 0.064177 0.040254
0.186051 0.144867 0.058260 0.033689
0.817015 0.113343 0.061668 0.039111
0.827427 0.746889 0.052504 0.043036
0.078753 0.468222 0.066421 0.036193
0.616478 0.842807 0.055760 0.027630
0.715794 0.281720 0.057798 0.039083
0.825398 0.277321 0.060314 0.039203
0.604525 0.338135 0.051999 0.031384
0.504443 0.674756 0.063717 0.033838
0.930011 0.798069 0.055032 0.038550
0.726591 0.963497 0.055623 0.039413
0.714786 0.245825 0.051540 0.030548
0.512195 0.896714 0.059985 0.028424
0.604737 0.522447 0.049533 0.039931
0.934735 0.210891 0.064335 0.034103
0.826154 0.788788 0.054574 0.038081
0.504188 0.819027 0.063078 0.035670
0.291205 0.101789 0.052255 0.045984
0.825631 0.498990 0.053789 0.036402
0.505336 0.125914 0.055409 0.041392
0.089686 0.716241 0.054488 0.041275
0.722043 0.104000 0.055658 0.032909
0.402268 0.864355 0.049417 0.032486
0.190893 0.934713 0.052501 0.030193
0.711798 0.752480 0.062770 0.033057
0.504657 0.435258 0.053755 0.043532
0.078574 0.428508 0.053235 0.039027
0.824250 0.827934 0.049917 0.036393
0.399347 0.209377 0.055598 0.042125
0.506165 0.173997 0.051053 0.046116
0.398300 0.785233 0.059300 0.043415
0.499479 0.479271 0.070454 0.044322
0.403080 0.743375 0.052364 0.035013
0.929682 0.173855 0.074985 0.036071
0.834177 0.700545 0.065143 0.041188
0.715418 0.025508 0.070114 0.039606
0.826703 0.535249 0.057964 0.036743
0.933149 0.876931 0.053746 0.032293
0.397307 0.137749 0.058384 0.036669
0.929309 0.384839 0.052903 0.038666
0.088993 0.903081 0.054943 0.035969
0.930675 0.635416 0.062123 0.043328
0.291243 0.144037 0.055390 0.032369
0.296068 0.561429 0.061439 0.038532
0.514663 0.964994 0.064655 0.038598
0.184573 0.301243 0.052751 0.037647
0.286990 0.187833 0.051611 0.048145
0.285678 0.231967 0.062381 0.029624
0.182082 0.073173 0.060146 0.031159
0.930112 0.757003 0.074414 0.045664
0.293497 0.677778 0.060444 0.036042
0.188334 0.341879 0.053149 0.034199
0.604820 0.305618 0.050262 0.035820
0.395039 0.474680 0.054549 0.037480
0.302474 0.901148 0.049699 0.034643
0.924750 0.528236 0.051511 0.036433
0.189689 0.483969 0.064697 0.042177
0.931487 0.248800 0.052222 0.039900
0.281526 0.262482 0.063498 0.034498
0.927880 0.111484 0.057933 0.032154
0.936041 0.839071 0.053427 0.039360
0.607122 0.439392 0.058486 0.039378
0.605739 0.482699 0.047684 0.043084
0.072221 0.031657 0.066249 0.042951
0.929692 0.420556 0.063984 0.036905
0.827519 0.372043 0.065318 0.043996
0.288658 0.335599 0.057376 0.041613
0.933698 0.562000 0.055729 0.027372
0.504325 0.522419 0.074455 0.037472
0.394429 0.638736 0.057055 0.040451
0.187723 0.380370 0.058620 0.037612
0.192312 0.899666 0.053737 0.038245
0.408104 0.966296 0.059490 0.036018
0.402172 0.711804 0.050977 0.032113
0.828586 0.912567 0.067473 0.036957
0.294037 0.713757 0.053454 0.035157
0.514705 0.350089 0.065422 0.037802
0.828211 0.420058 0.054396 0.046005
0.394288 0.598861 0.050461 0.037039
0.503829 0.784328 0.054707 0.038149
0.720484 0.517364 0.067486 0.033021
0.403184 0.677777 0.050814 0.034055
0.190020 0.739264 0.050004 0.036646
0.086873 0.831097 0.063410 0.036964
0.608417 0.030712 0.055947 0.036179
0.288689 0.373534 0.048497 0.033347
0.290845 0.439455 0.056545 0.040977
0.402294 0.436870 0.063958 0.032910
0.296985 0.639415 0.052094 0.041199
0.720733 0.595693 0.050608 0.035721
0.514354 0.927682 0.054656 0.033416
0.086878 0.671578 0.055378 0.040339
0.606218 0.403570 0.059047 0.029287
0.507601 0.593862 0.052494 0.044327
0.079089 0.347378 0.052003 0.046900
0.612943 0.647849 0.072504 0.042334
0.829527 0.573146 0.056073 0.038663
0.087874 0.970302 0.054383 0.036406
0.405286 0.900326 0.045382 0.037542
0.512486 0.308853 0.045863 0.041703
0.294365 0.059229 0.053631 0.036925
0.312375 0.972895 0.050941 0.031036
0.718361 0.451693 0.058768 0.037267
0.184577 0.231960 0.047256 0.044375
0.290533 0.477630 0.055609 0.033182
0.400578 0.104894 0.058628 0.029015
0.188711 0.659267 0.050297 0.032995
0.188768 0.698818 0.068755 0.042815
0.076559 0.259832 0.055763 0.037947
0.498669 0.744982 0.073139 0.039580
0.090329 0.937318 0.044752 0.031081
0.185421 0.187054 0.052605 0.044361
0.081780 0.389183 0.056939 0.035956
0.299679 0.825579 0.049175 0.037440
0.285368 0.295824 0.053664 0.034955
0.928090 0.031206 0.054772 0.037488
0.508841 0.218184 0.050897 0.042912
0.399840 0.559210 0.052382 0.035143
0.298310 0.751441 0.050972 0.038177
0.298388 0.787361 0.044860 0.034400
0.722030 0.784315 0.058942 0.029575
0.922674 0.491175 0.045362 0.041174
0.506474 0.091730 0.060466 0.028386
0.078657 0.583485 0.074654 0.046604
0.184856 0.444495 0.047911 0.036836
0.819660 0.242503 0.056069 0.031876
0.824055 0.463699 0.049901 0.037252
0.400226 0.171120 0.054570 0.033883
0.720125 0.631987 0.044881 0.033789
0.929673 0.073181 0.053547 0.043837
0.621814 0.937714 0.054243 0.028035
0.080826 0.543489 0.057940 0.038850
0.088475 0.867754 0.049354 0.029599
0.501264 0.060079 0.050908 0.032339
0.934901 0.952974 0.049632 0.039840
0.073987 0.214202 0.054518 0.044920
0.401840 0.825854 0.042717 0.033746
0.515395 0.390733 0.060478 0.040613
0.511847 0.263060 0.051342 0.044520
0.506763 0.554779 0.065789 0.029624
0.078545 0.300884 0.047567 0.042492
0.929323 0.141401 0.056495 0.029857
0.298068 0.599731 0.063626 0.035062
0.195887 0.775893 0.053571 0.031238
0.090380 0.798874 0.045985 0.029998
0.605428 0.559815 0.063407 0.031066
0.392443 0.396028 0.055360 0.046786
0.499662 0.029257 0.047218 0.035532
0.504656 0.709826 0.048987 0.037205
0.608186 0.715678 0.047815 0.027807
0.711688 0.378930 0.065688 0.034533
0.718505 0.553679 0.056898 0.044290
0.924285 0.455037 0.048413 0.033019
0.610258 0.741902 0.049409 0.026765
0.187287 0.269030 0.045546 0.025609
0.819559 0.030116 0.083007 0.049991
0.289959 0.404685 0.045829 0.031759
0.397472 0.255885 0.047416 0.044855
0.720372 0.813713 0.050392 0.026370
0.716684 0.667918 0.043540 0.041483
0.076892 0.174686 0.055539 0.034503
0.714832 0.344896 0.063883 0.036650
0.711445 0.413994 0.044851 0.033213
0.624578 0.966755 0.055442 0.033831
0.290612 0.025380 0.054586 0.032201
0.193778 0.816866 0.056840 0.040751
0.185725 0.588907 0.041981 0.035618
0.091580 0.761396 0.044213 0.044916
0.186109 0.523399 0.043819 0.033820
0.714592 0.316085 0.047746 0.030872
0.719207 0.486345 0.052997 0.025218
0.197550 0.859459 0.071556 0.042157
0.819154 0.078857 0.055082 0.028948
0.394200 0.303602 0.044503 0.044111
0.073680 0.069888 0.043700 0.030212
0.086997 0.629636 0.042175 0.035366
0.186425 0.555904 0.037129 0.030994
0.185374 0.625196 0.056590 0.031893
0.076618 0.097898 0.055496 0.029164
0.611231 0.612361 0.059683 0.029944
0.185584 0.410804 0.046655 0.024578
0.178659 0.037542 0.047214 0.039993
0.390825 0.348911 0.048614 0.041041
0.715695 0.158138 0.061354 0.061045
0.830399 0.944820 0.057661 0.036136
0.232135 0.828316 0.049101 0.027031
0.614035 0.589374 0.064183 0.029886
0.832110 0.970893 0.057331 0.038608
