0.607833 0.766922 0.062073 0.040726
0.383400 0.179055 0.061692 0.036201
0.826695 0.580086 0.052435 0.034920
0.383044 0.643687 0.063454 0.038644
0.608511 0.652445 0.068100 0.039528
0.934038 0.184218 0.057651 0.040692
0.711679 0.212233 0.056819 0.039521
0.064841 0.674811 0.050364 0.038537
0.610645 0.724839 0.057069 0.039493
0.496578 0.745596 0.052891 0.037209
0.382918 0.347152 0.057835 0.041051
0.487065 0.315805 0.058587 0.038786
0.827781 0.796763 0.056167 0.038228
0.069839 0.115921 0.058694 0.041068
0.939629 0.582780 0.064357 0.037410
0.822172 0.505978 0.068294 0.040527
0.070559 0.546769 0.058436 0.042868
0.714605 0.774353 0.048150 0.040970
0.603425 0.237325 0.058754 0.033049
0.710235 0.295576 0.058083 0.042247
0.825783 0.646880 0.050888 0.034748
0.493296 0.785851 0.053057 0.038945
0.709643 0.172772 0.054857 0.036215
0.710409 0.814180 0.062527 0.037108
0.713143 0.251411 0.054261 0.038789
0.604742 0.385231 0.054554 0.041730
0.937140 0.694305 0.056497 0.039333
0.073004 0.929077 0.067738 0.038438
0.489077 0.586480 0.057068 0.037277
0.939279 0.227720 0.054400 0.042539
0.489354 0.623712 0.060236 0.039964
0.942959 0.658255 0.069508 0.027571
0.071449 0.788192 0.052019 0.036208
0.174979 0.886364 0.054597 0.036451
0.062961 0.272444 0.050359 0.029448
0.068972 0.710819 0.055982 0.036327
0.605916 0.537235 0.059782 0.033381
0.712269 0.340484 0.050664 0.040490
0.816144 0.153124 0.053459 0.031180
0.171956 0.849594 0.059197 0.036738
0.065194 0.303931 0.052862 0.035774
0.382519 0.311785 0.053969 0.029544
0.828181 0.685739 0.054030 0.040819
0.711148 0.729394 0.057358 0.041779
0.278322 0.955481 0.069426 0.044733
0.816323 0.185943 0.053565 0.036573
0.938762 0.386484 0.052469 0.038705
0.824040 0.465631 0.053258 0.038603
0.076781 0.894486 0.055965 0.026997
0.938272 0.845726 0.056305 0.043356
0.609749 0.688449 0.056825 0.032644
0.609404 0.341441 0.060323 0.040688
0.828088 0.614264 0.049857 0.027591
0.710474 0.542789 0.054469 0.042296
0.066661 0.158823 0.057518 0.040719
0.073403 0.504379 0.060032 0.043114
0.938742 0.469810 0.049504 0.039861
0.494830 0.952733 0.048666 0.034414
0.715428 0.852759 0.051099 0.038891
0.712139 0.689685 0.048827 0.034238
0.612897 0.612945 0.057001 0.036765
0.603479 0.200262 0.054288 0.036988
0.491121 0.150435 0.055162 0.034710
0.384283 0.609769 0.049825 0.029941
0.605301 0.422121 0.058122 0.032408
0.494279 0.912718 0.053476 0.039030
0.714257 0.584510 0.050830 0.031653
0.074834 0.826622 0.055144 0.040929
0.823482 0.835279 0.075782 0.038166
0.607331 0.117512 0.058202 0.038139
0.066154 0.635485 0.052155 0.040501
0.937481 0.348627 0.051320 0.039110
0.824613 0.543137 0.050723 0.034529
0.818487 0.225219 0.052316 0.038091
0.067261 0.589765 0.056687 0.042009
0.937871 0.766076 0.050039 0.036031
0.714665 0.890729 0.049884 0.036915
0.496124 0.824446 0.051536 0.034937
0.072449 0.862670 0.049655 0.034685
0.938034 0.114623 0.049748 0.036669
0.935754 0.270864 0.054103 0.039618
0.599852 0.273160 0.049914 0.036113
0.491428 0.547825 0.054057 0.036204
0.608540 0.574015 0.046995 0.038758
0.274581 0.273237 0.048677 0.033616
0.824976 0.759696 0.050117 0.038614
0.391968 0.911339 0.056806 0.037581
0.069012 0.463957 0.050595 0.034571
0.385912 0.680857 0.055141 0.036790
0.938291 0.081102 0.051383 0.033920
0.938106 0.805862 0.049270 0.035559
0.489511 0.079611 0.056513 0.034905
0.082659 0.965903 0.060094 0.032846
0.489855 0.115440 0.054972 0.037682
0.384493 0.759393 0.051265 0.042505
0.936519 0.309958 0.050968 0.038033
0.719203 0.958530 0.048636 0.034804
0.816667 0.119196 0.049077 0.032855
0.495195 0.665458 0.056407 0.042033
0.072260 0.749152 0.051854 0.037920
0.599905 0.159036 0.045286 0.041160
0.176123 0.969877 0.046334 0.031291
0.280935 0.915173 0.063474 0.030332
0.395815 0.946857 0.052846 0.030341
0.063874 0.242307 0.051460 0.032159
0.388108 0.717686 0.052057 0.037718
0.819510 0.426671 0.054276 0.040261
0.384191 0.080307 0.057610 0.029264
0.272431 0.582469 0.056703 0.037016
0.069190 0.077898 0.059678 0.029961
0.498662 0.705883 0.056469 0.040984
0.716456 0.924253 0.049026 0.030398
0.709347 0.133833 0.052488 0.043436
0.171548 0.081794 0.060981 0.040318
0.173191 0.748229 0.054862 0.035972
0.935079 0.516189 0.049970 0.046189
0.938632 0.886860 0.043700 0.032654
0.940071 0.731461 0.051764 0.032885
0.281734 0.876780 0.044947 0.043690
0.817857 0.290254 0.051356 0.038832
0.172654 0.478982 0.048078 0.041685
0.605933 0.494571 0.057267 0.043635
0.715263 0.614388 0.050078 0.028728
0.175575 0.820301 0.050376 0.025025
0.172030 0.789727 0.053908 0.039027
0.166248 0.119281 0.057236 0.033448
0.495367 0.351953 0.061562 0.036907
0.284478 0.791684 0.050400 0.038544
0.934039 0.148772 0.051659 0.033090
0.817603 0.325805 0.047597 0.034138
0.714827 0.649272 0.044669 0.039607
0.385378 0.507488 0.044388 0.030718
0.065958 0.201661 0.057672 0.044108
0.935300 0.429067 0.047286 0.038291
0.383529 0.111288 0.042370 0.028013
0.385793 0.543108 0.051197 0.036617
0.274347 0.202431 0.044318 0.036353
0.605479 0.304863 0.048675 0.028081
0.820771 0.357689 0.043735 0.029197
0.935465 0.918341 0.040652 0.028460
0.386707 0.580443 0.040039 0.031097
0.068211 0.427408 0.049470 0.036497
0.274174 0.543350 0.040923 0.041844
0.283958 0.752465 0.047590 0.035743
0.610011 0.454384 0.046809 0.034683
0.488721 0.210334 0.049663 0.031353
0.492610 0.395910 0.055008 0.045558
0.174621 0.929638 0.048763 0.046216
0.706520 0.084521 0.075902 0.043088
0.276904 0.083146 0.053089 0.042229
0.614322 0.949425 0.051853 0.045547
0.713282 0.421089 0.041745 0.038986
0.393032 0.478658 0.053544 0.027913
0.940370 0.551996 0.044237 0.027409
0.399110 0.976096 0.056990 0.031857
0.390916 0.874590 0.042248 0.036111
0.168792 0.269289 0.047565 0.038227
0.819840 0.386704 0.049316 0.030838
0.488253 0.184300 0.042283 0.027947
0.716060 0.382515 0.048035 0.034029
0.166134 0.160004 0.055027 0.045331
0.608919 0.880901 0.056862 0.037218
0.169877 0.715053 0.045813 0.034311
0.168138 0.199426 0.051018 0.033869
0.279814 0.717791 0.042238 0.032856
0.068876 0.340570 0.052257 0.035293
0.828893 0.879048 0.046510 0.044635
0.277056 0.165310 0.046673 0.036771
0.282541 0.832641 0.040732 0.041243
0.374762 0.143804 0.061335 0.034792
0.275083 0.645971 0.052048 0.040590
0.388189 0.798439 0.044049 0.034008
0.824250 0.723478 0.043744 0.030881
0.272821 0.238853 0.039138 0.033870
0.817446 0.083222 0.047203 0.037003
0.483836 0.483264 0.053354 0.040188
0.275795 0.447126 0.045764 0.045951
0.944970 0.623591 0.064125 0.036287
0.277862 0.683100 0.046090 0.036133
0.610719 0.914429 0.053287 0.025489
0.490849 0.866047 0.065591 0.047358
0.601171 0.079955 0.043710 0.036285
0.711342 0.498451 0.044533 0.040347
0.488073 0.285250 0.046080 0.021524
0.390776 0.834823 0.049159 0.037874
0.485386 0.441044 0.045249 0.042902
0.169022 0.231650 0.046700 0.033909
0.277464 0.124781 0.049741 0.039809
0.380659 0.230650 0.044488 0.035905
0.486037 0.252894 0.050035 0.042359
0.826067 0.256460 0.051886 0.025256
0.172718 0.388050 0.047325 0.046350
0.278231 0.363235 0.048244 0.040953
0.714765 0.458913 0.044708 0.031909
0.171235 0.346265 0.043770 0.026714
0.274121 0.403629 0.056335 0.037111
0.273705 0.311595 0.052837 0.039753
0.070356 0.388768 0.045991 0.041730
0.181135 0.593226 0.052409 0.036909
0.174642 0.680771 0.041409 0.035619
0.384355 0.437539 0.043472 0.038634
0.485422 0.517900 0.038537 0.026380
0.179414 0.554505 0.048236 0.040573
0.833675 0.953181 0.042250 0.033372
0.386952 0.399943 0.053747 0.038692
0.383352 0.270722 0.042171 0.043095
0.935804 0.947222 0.045936 0.028681
0.178082 0.515040 0.053629 0.035598
0.276160 0.497935 0.048854 0.044616
0.168145 0.308809 0.044414 0.039257
0.168972 0.433933 0.054230 0.043845
0.177937 0.630688 0.049679 0.039251
0.831244 0.917448 0.048149 0.031923
0.178581 0.651291 0.056888 0.018984
0.618096 0.809657 0.080815 0.038251
0.617424 0.837706 0.081916 0.046952
0.502020 0.020240 0.029572 0.020314
0.275715 0.612161 0.037503 0.021771
