0.518729 0.720205 0.059591 0.034991
0.407642 0.592993 0.072713 0.034552
0.069075 0.306859 0.063754 0.035553
0.405843 0.321454 0.054439 0.041385
0.514644 0.522837 0.052259 0.034807
0.085325 0.878196 0.058380 0.037964
0.511794 0.483899 0.064350 0.039343
0.398995 0.136997 0.065790 0.039420
0.291981 0.209741 0.055808 0.038696
0.182120 0.413731 0.065600 0.047045
0.193230 0.645217 0.063424 0.034262
0.304728 0.778199 0.062317 0.036159
0.297120 0.817956 0.057314 0.037535
0.513686 0.148203 0.058842 0.031561
0.069156 0.343547 0.057176 0.033950
0.950035 0.790610 0.062702 0.044831
0.071203 0.160521 0.060635 0.031273
0.726651 0.269870 0.055866 0.041016
0.406626 0.247374 0.062983 0.028906
0.400023 0.178071 0.054190 0.037160
0.189810 0.677911 0.055315 0.030416
0.190019 0.712441 0.049833 0.035145
0.517685 0.559192 0.061014 0.036804
0.070255 0.376993 0.055462 0.035456
0.942098 0.177725 0.054580 0.031980
0.833485 0.262798 0.054893 0.037835
0.288477 0.120422 0.051921 0.038419
0.070780 0.126187 0.055681 0.038094
0.071996 0.616747 0.056034 0.039322
0.189286 0.609560 0.049940 0.034968
0.407275 0.402655 0.054489 0.035162
0.179524 0.147318 0.074049 0.040634
0.406367 0.704497 0.050218 0.036509
0.074983 0.448726 0.058441 0.039164
0.622466 0.394769 0.057827 0.041194
0.622350 0.313907 0.055512 0.032391
0.630936 0.773925 0.048974 0.045297
0.629699 0.646205 0.047221 0.035713
0.076106 0.569241 0.063655 0.047311
0.620962 0.352686 0.051097 0.036351
0.622848 0.688560 0.056146 0.043767
0.509630 0.300734 0.048330 0.035351
0.628948 0.729246 0.048747 0.036323
0.302784 0.854657 0.051735 0.032495
0.838342 0.507333 0.052303 0.038333
0.407528 0.745991 0.049878 0.037041
0.412254 0.786913 0.059225 0.037860
0.736659 0.872627 0.058160 0.038575
0.621762 0.278298 0.047323 0.034281
0.739646 0.711237 0.053514 0.036150
0.942850 0.247986 0.047697 0.037196
0.517761 0.681124 0.047064 0.035176
0.952865 0.641369 0.055462 0.046482
0.296280 0.495101 0.055622 0.030505
0.515304 0.366965 0.048969 0.036467
0.075580 0.411043 0.057897 0.033144
0.733700 0.749767 0.059303 0.037016
0.518396 0.408499 0.059239 0.043584
0.837144 0.541078 0.058274 0.028949
0.836531 0.298131 0.049898 0.029874
0.300187 0.714803 0.050435 0.031245
0.732303 0.398930 0.062943 0.045770
0.425819 0.902956 0.052490 0.042881
0.529213 0.895899 0.065201 0.033505
0.838834 0.468887 0.055105 0.031818
0.626310 0.567190 0.049162 0.037109
0.952373 0.682873 0.046707 0.032545
0.618254 0.158387 0.051122 0.032278
0.190546 0.571664 0.050004 0.036718
0.620675 0.090491 0.081746 0.042784
0.947508 0.428414 0.044270 0.032386
0.183262 0.369160 0.050159 0.040770
0.408606 0.553197 0.043336 0.041405
0.184095 0.328176 0.053657 0.033563
0.938536 0.107939 0.049801 0.037446
0.948947 0.464526 0.052641 0.032732
0.838069 0.575157 0.051597 0.037324
0.836321 0.432201 0.049044 0.037095
0.300430 0.680808 0.051606 0.028506
0.074204 0.087692 0.058472 0.033043
0.306651 0.890503 0.057594 0.030729
0.517844 0.755868 0.047125 0.032402
0.291557 0.164525 0.049496 0.045176
0.729570 0.193329 0.060464 0.040978
0.305968 0.929493 0.053440 0.040031
0.508808 0.076760 0.051391 0.035863
0.075514 0.488997 0.050921 0.033968
0.404434 0.282241 0.045859 0.032367
0.832079 0.148635 0.063124 0.035040
0.519815 0.644178 0.052177 0.031613
0.628873 0.815449 0.048963 0.036424
0.079305 0.657079 0.062442 0.034972
0.634129 0.857650 0.047419 0.040467
0.835009 0.223917 0.051058 0.032468
0.410335 0.363818 0.049200 0.040420
0.301492 0.745084 0.046062 0.028453
0.951209 0.535248 0.049035 0.034487
0.292502 0.386643 0.054581 0.032735
0.308963 0.968858 0.061895 0.040056
0.421069 0.864940 0.056661 0.029557
0.631683 0.960176 0.055148 0.034231
0.933741 0.033034 0.053590 0.038914
0.414286 0.827077 0.050408 0.037142
0.727319 0.310064 0.064967 0.032549
0.952325 0.748927 0.051036 0.038301
0.832178 0.110598 0.055005 0.036506
0.525127 0.930100 0.061139 0.029881
0.179678 0.189031 0.054686 0.038742
0.623346 0.240758 0.047695 0.035401
0.407262 0.481981 0.066890 0.034145
0.406308 0.214147 0.051692 0.030827
0.840108 0.722014 0.055080 0.037474
0.087450 0.956169 0.057524 0.043438
0.510926 0.114608 0.047966 0.035212
0.185093 0.108209 0.053536 0.038619
0.069579 0.047488 0.065935 0.039289
0.835814 0.614588 0.052643 0.037929
0.938819 0.284261 0.051540 0.029321
0.847229 0.821833 0.062277 0.031115
0.184077 0.499598 0.048490 0.041066
0.949121 0.498798 0.046448 0.035177
0.950101 0.600398 0.050736 0.032601
0.738418 0.787286 0.048091 0.035813
0.843805 0.921755 0.046611 0.035134
0.837741 0.390980 0.050372 0.034461
0.191724 0.751173 0.064204 0.040266
0.524671 0.959752 0.064643 0.031941
0.299334 0.533759 0.049360 0.038760
0.079268 0.195035 0.053707 0.036381
0.737487 0.950148 0.053594 0.035646
0.430915 0.943883 0.052021 0.036127
0.516061 0.334203 0.044090 0.025992
0.952070 0.870946 0.048331 0.038423
0.184249 0.073742 0.056333 0.030134
0.839928 0.683817 0.059838 0.031174
0.071871 0.726316 0.062350 0.033068
0.726530 0.350950 0.052761 0.044694
0.833898 0.650935 0.059599 0.032743
0.402970 0.627306 0.074862 0.033243
0.936932 0.070939 0.047570 0.036178
0.731305 0.231577 0.057188 0.028277
0.949008 0.715027 0.060211 0.032314
0.525589 0.860318 0.049109 0.037443
0.290457 0.084516 0.050747 0.031580
0.730030 0.443396 0.048634 0.040134
0.510790 0.179730 0.051895 0.031999
0.944467 0.391948 0.048482 0.036831
0.070950 0.527835 0.044658 0.032925
0.943218 0.211211 0.047494 0.026550
0.198738 0.960582 0.051066 0.035999
0.187203 0.458196 0.054175 0.037057
0.632411 0.897319 0.043538 0.033064
0.848063 0.957001 0.054404 0.031372
0.738076 0.569616 0.051842 0.031766
0.630370 0.928368 0.045868 0.029991
0.844905 0.789015 0.052250 0.026437
0.836044 0.359224 0.048474 0.029539
0.629094 0.606456 0.043658 0.031731
0.288021 0.048199 0.053772 0.041818
0.736883 0.912564 0.043959 0.034878
0.093333 0.796358 0.075206 0.033008
0.301275 0.613864 0.056749 0.030908
0.512173 0.213314 0.042617 0.035995
0.948988 0.831035 0.049476 0.035895
0.082669 0.761926 0.056830 0.035332
0.515720 0.447398 0.050464 0.027670
0.292532 0.457878 0.040446 0.033961
0.290153 0.250735 0.060884 0.038031
0.082342 0.834910 0.054021 0.039644
0.728338 0.487103 0.053695 0.041376
0.618836 0.045003 0.057477 0.041114
0.189419 0.537919 0.050086 0.028823
0.399957 0.091425 0.046694 0.042257
0.291772 0.352155 0.045829 0.033005
0.952622 0.568456 0.052774 0.027900
0.953253 0.911836 0.045840 0.040881
0.831912 0.074261 0.048317 0.036089
0.631950 0.531722 0.052296 0.024115
0.299866 0.576064 0.045237 0.039504
0.072331 0.267872 0.054086 0.040516
0.414461 0.441466 0.050348 0.040497
0.620044 0.198125 0.043193 0.041989
0.735380 0.829131 0.044871 0.041670
0.939204 0.142766 0.039792 0.033927
0.195895 0.882477 0.048535 0.035911
0.086217 0.917075 0.047651 0.031704
0.524057 0.823718 0.040334 0.032637
0.403560 0.045377 0.049764 0.039632
0.628721 0.499098 0.041163 0.035422
0.942192 0.356630 0.039486 0.030195
0.841962 0.759432 0.041727 0.031869
0.838029 0.328290 0.038992 0.029251
0.520484 0.790532 0.038059 0.031608
0.833659 0.185744 0.044326 0.036866
0.410106 0.517260 0.047975 0.029101
0.076078 0.229782 0.057202 0.036311
0.185555 0.291763 0.045851 0.035296
0.290982 0.423189 0.050656 0.035395
0.181611 0.258598 0.037497 0.031933
0.297371 0.647664 0.042853 0.030447
0.428457 0.973552 0.062275 0.027696
0.405746 0.664297 0.054490 0.041010
0.505087 0.041509 0.056021 0.031541
0.723221 0.040853 0.064178 0.035892
0.188463 0.785673 0.065425 0.027275
0.290021 0.320095 0.035072 0.031025
0.727567 0.112337 0.048038 0.041350
0.620972 0.431657 0.046361 0.031451
0.736141 0.635037 0.039120 0.032528
0.291397 0.285389 0.038175 0.029950
0.187635 0.042015 0.063961 0.036478
0.844567 0.856284 0.037979 0.029857
0.941031 0.318549 0.039901 0.031394
0.727929 0.151170 0.059938 0.038149
0.182184 0.225244 0.043737 0.031196
0.625074 0.465198 0.041010 0.029842
0.519697 0.602576 0.046274 0.045053
0.193087 0.815445 0.050512 0.031655
0.738273 0.529338 0.047675 0.039213
0.130892 0.748652 0.047398 0.034309
0.844727 0.887598 0.038928 0.032560
0.194585 0.848600 0.043144 0.030899
0.619710 0.126824 0.043053 0.026776
0.197096 0.919318 0.042568 0.034465
0.736133 0.669829 0.040609 0.035884
0.514156 0.246373 0.041496 0.032228
0.727031 0.074336 0.046870 0.032334
0.831788 0.037789 0.041877 0.034013
0.956348 0.952752 0.049577 0.037561
0.076029 0.693126 0.037613 0.031451
0.737912 0.603828 0.042512 0.028099
0.513296 0.267363 0.050329 0.024417
