0.498330 0.682707 0.079526 0.052919
0.287904 0.254393 0.081297 0.051238
0.723552 0.476871 0.073337 0.052402
0.501303 0.143596 0.078399 0.053046
0.398692 0.308742 0.084756 0.055799
0.930925 0.805548 0.073220 0.052983
0.724263 0.152807 0.084005 0.057804
0.612568 0.267586 0.076656 0.052859
0.829220 0.206966 0.081795 0.054390
0.713614 0.853269 0.084571 0.047086
0.932294 0.748582 0.083465 0.056889
0.287341 0.157146 0.078641 0.051875
0.939843 0.303575 0.090408 0.051049
0.172672 0.914924 0.078725 0.043549
0.068897 0.102671 0.073427 0.054848
0.394442 0.818647 0.082075 0.047648
0.616214 0.153582 0.095709 0.051029
0.072532 0.215242 0.074251 0.050476
0.819281 0.875960 0.066689 0.047811
0.720219 0.638540 0.087884 0.047538
0.940180 0.528861 0.081093 0.049576
0.942238 0.692775 0.080748 0.051298
0.614034 0.481455 0.078637 0.057272
0.289624 0.305309 0.086106 0.046728
0.608372 0.795080 0.081283 0.049179
0.183256 0.700490 0.079585 0.053066
0.062480 0.880603 0.072226 0.053372
0.278105 0.589679 0.068203 0.052230
0.283438 0.820825 0.072918 0.055605
0.937241 0.476112 0.072333 0.047412
0.502855 0.201648 0.077924 0.054179
0.395242 0.715682 0.072469 0.046891
0.503481 0.369726 0.079408 0.049834
0.824980 0.819085 0.068606 0.051753
0.828017 0.541413 0.073693 0.049127
0.709734 0.909454 0.080090 0.059064
0.186980 0.103622 0.082318 0.054575
0.278553 0.364662 0.094003 0.063191
0.725606 0.315566 0.078032 0.052914
0.937108 0.418027 0.078363 0.058079
0.394259 0.252703 0.080389 0.045045
0.734245 0.090929 0.080079 0.055485
0.835380 0.485827 0.084995 0.053039
0.283765 0.533574 0.088355 0.049036
0.606600 0.896627 0.074748 0.047370
0.394720 0.766159 0.063804 0.049100
0.938396 0.582338 0.084767 0.046191
0.287839 0.427491 0.084617 0.056792
0.499848 0.627798 0.071985 0.050635
0.931537 0.901377 0.080404 0.041966
0.069686 0.765243 0.077259 0.052386
0.493759 0.891443 0.077549 0.047086
0.719546 0.799639 0.069626 0.044224
0.607185 0.688470 0.079669 0.058195
0.819711 0.766332 0.076941 0.048475
0.394284 0.907529 0.083839 0.049739
0.831774 0.642423 0.078790 0.059028
0.939571 0.101363 0.095188 0.052337
0.607682 0.539891 0.079136 0.048135
0.829351 0.095751 0.076508 0.054143
0.827230 0.316077 0.068512 0.049117
0.829551 0.424546 0.077194 0.059833
0.066137 0.706795 0.075622 0.051294
0.611083 0.426488 0.084431 0.045707
0.393717 0.960759 0.085758 0.050479
0.717726 0.210036 0.074637 0.051269
0.718853 0.534910 0.072414 0.052162
0.284735 0.208242 0.068767 0.041674
0.831646 0.152432 0.080556 0.051258
0.823172 0.925334 0.084881 0.041817
0.501457 0.785544 0.085209 0.052602
0.070212 0.271220 0.078696 0.046446
0.285057 0.763393 0.073610 0.049293
0.613425 0.591628 0.075546 0.049076
0.943857 0.204830 0.078360 0.050982
0.185679 0.262391 0.083663 0.052426
0.936356 0.356615 0.077292 0.048485
0.725712 0.370030 0.076566 0.047884
0.722552 0.963848 0.084503 0.044747
0.496348 0.733687 0.071488 0.047915
0.273120 0.483903 0.082747 0.042564
0.182116 0.757972 0.077081 0.056254
0.620567 0.098702 0.067904 0.055769
0.605452 0.846690 0.060063 0.043940
0.499962 0.427270 0.071936 0.052009
0.395940 0.205277 0.070110 0.044726
0.715537 0.695829 0.076611 0.060692
0.400045 0.412508 0.082756 0.044225
0.831554 0.587833 0.079956 0.041275
0.282586 0.707229 0.069071 0.054123
0.722566 0.423847 0.065687 0.047863
0.181603 0.586165 0.085610 0.050624
0.178565 0.865475 0.064901 0.048873
0.722556 0.264314 0.074770 0.040680
0.281630 0.965167 0.076159 0.044209
0.068975 0.496421 0.074172 0.049132
0.280811 0.649150 0.066826 0.055856
0.181290 0.641949 0.069011 0.051775
0.071673 0.546683 0.088065 0.045918
0.833120 0.367271 0.078814 0.043695
0.071599 0.321368 0.076475 0.044900
0.615713 0.209698 0.084394 0.047213
0.503246 0.096080 0.068613 0.039681
0.505367 0.317383 0.079622 0.052547
0.608196 0.743592 0.064361 0.049654
0.617642 0.040007 0.086220 0.045098
0.504886 0.046362 0.070150 0.054937
0.178572 0.484377 0.064429 0.053353
0.613509 0.321199 0.078639 0.051349
0.604372 0.940745 0.078403 0.036782
0.290860 0.878305 0.074872 0.046445
0.074521 0.931572 0.079784 0.042439
0.072469 0.652115 0.087322 0.055591
0.171109 0.961233 0.078663 0.042818
0.071887 0.159723 0.065471 0.052990
0.175768 0.208082 0.060434 0.049711
0.072842 0.043044 0.075216 0.053918
0.938192 0.633149 0.070095 0.051360
0.943059 0.252820 0.076128 0.041477
0.284942 0.103996 0.065674 0.047976
0.173749 0.536230 0.076753 0.040787
0.714790 0.751504 0.061007 0.045463
0.495257 0.972342 0.077412 0.035907
0.400024 0.466098 0.067224 0.053289
0.069883 0.441705 0.072240 0.053503
0.496888 0.934106 0.057632 0.038438
0.393533 0.669310 0.071227 0.035448
0.616504 0.638894 0.076229 0.040235
0.389398 0.625597 0.074387 0.042844
0.499276 0.839263 0.077438 0.045591
0.823489 0.709126 0.065191 0.061756
0.400025 0.154782 0.070150 0.052110
0.392151 0.863844 0.078616 0.035406
0.175994 0.428146 0.058155 0.051188
0.606911 0.976145 0.083036 0.039091
0.832270 0.040281 0.077996 0.045311
0.182074 0.317349 0.067003 0.047339
0.613305 0.373540 0.083790 0.050355
0.827260 0.265142 0.063920 0.046593
0.175528 0.046363 0.073208 0.056344
0.721040 0.588587 0.056249 0.049402
0.393264 0.514978 0.071326 0.038986
0.068317 0.598931 0.062274 0.045431
0.500290 0.526277 0.083431 0.046416
0.396767 0.570346 0.067587 0.061156
0.932153 0.855795 0.051045 0.044937
0.068572 0.971085 0.088745 0.040659
0.394076 0.097750 0.060188 0.051545
0.069126 0.822372 0.064446 0.054440
0.288196 0.047761 0.064742 0.054014
0.947200 0.044444 0.070497 0.057241
0.730632 0.037329 0.077758 0.042868
0.500777 0.262664 0.066848 0.052084
0.825173 0.967015 0.084309 0.040088
0.180501 0.156268 0.065693 0.046504
0.178803 0.371985 0.075389 0.049175
0.281533 0.924182 0.066646 0.039081
0.503138 0.575145 0.076409 0.040702
0.172577 0.813786 0.068587 0.049372
0.071920 0.378183 0.073129 0.060324
0.504376 0.479558 0.056510 0.047049
0.943204 0.151301 0.066537 0.042392
0.930939 0.954582 0.057303 0.055098
0.396435 0.364838 0.056410 0.046721
0.394718 0.045739 0.061033 0.049245
