0.816366 0.173636 0.059568 0.038688
0.065417 0.265533 0.069199 0.045386
0.509970 0.860081 0.058083 0.035921
0.930256 0.648713 0.056497 0.042202
0.064594 0.891501 0.056625 0.037678
0.069436 0.146027 0.063056 0.042500
0.819200 0.588805 0.072859 0.044231
0.621771 0.845678 0.054965 0.037055
0.929047 0.690185 0.058713 0.039423
0.407826 0.796712 0.053895 0.038144
0.185380 0.645151 0.060268 0.040748
0.930237 0.804267 0.052685 0.037680
0.512662 0.821385 0.053508 0.040490
0.073528 0.721785 0.070769 0.038710
0.618767 0.557933 0.058119 0.041525
0.077253 0.787985 0.055067 0.035437
0.069833 0.222806 0.056285 0.036290
0.071629 0.682437 0.064552 0.039805
0.715356 0.185780 0.060210 0.041828
0.623485 0.806980 0.057958 0.039055
0.930842 0.763155 0.052613 0.038346
0.289265 0.160200 0.065249 0.037013
0.615489 0.683353 0.062693 0.042411
0.077949 0.640289 0.057847 0.043920
0.820882 0.130570 0.052744 0.040537
0.187850 0.686363 0.057119 0.037562
0.184473 0.604338 0.068507 0.036873
0.709940 0.072076 0.050079 0.041887
0.071995 0.594469 0.061572 0.044821
0.715096 0.228707 0.050866 0.039322
0.714546 0.147727 0.048346 0.034404
0.400031 0.758570 0.047965 0.033134
0.509143 0.544927 0.057077 0.040180
0.397757 0.718273 0.052872 0.040651
0.491667 0.119807 0.066036 0.044269
0.395617 0.515942 0.057614 0.041501
0.932528 0.845686 0.049594 0.038177
0.618653 0.598459 0.068196 0.040792
0.510538 0.505039 0.060372 0.037895
0.398813 0.643522 0.050737 0.037300
0.286586 0.117635 0.064791 0.046024
0.072208 0.186107 0.057201 0.034387
0.072420 0.108147 0.049848 0.034437
0.714646 0.030347 0.066638 0.033904
0.075025 0.555467 0.055140 0.034873
0.504393 0.275860 0.054587 0.034586
0.613469 0.515589 0.059321 0.040176
0.934825 0.331672 0.056422 0.034359
0.392668 0.320481 0.053537 0.037850
0.825969 0.210982 0.064493 0.035240
0.625178 0.766530 0.056012 0.035775
0.935527 0.394786 0.056236 0.040973
0.604885 0.239054 0.062133 0.040129
0.926980 0.182288 0.051796 0.042951
0.933504 0.882360 0.065254 0.034905
0.517273 0.894173 0.052914 0.032149
0.074476 0.070198 0.064096 0.039565
0.071733 0.824240 0.054580 0.034831
0.501713 0.239767 0.050791 0.034811
0.932567 0.482880 0.056109 0.044324
0.403682 0.146768 0.070788 0.038632
0.614209 0.358712 0.055664 0.044635
0.823353 0.248711 0.047509 0.035876
0.186668 0.724977 0.057579 0.041000
0.823376 0.545524 0.057865 0.036296
0.182908 0.482899 0.068080 0.044899
0.494450 0.162844 0.052259 0.041919
0.826643 0.446030 0.049362 0.039808
0.071464 0.338319 0.049130 0.044671
0.070745 0.522941 0.050793 0.032960
0.397530 0.679821 0.047857 0.033582
0.930365 0.295719 0.050516 0.036551
0.715309 0.112675 0.052593 0.028821
0.519250 0.954462 0.059713 0.037922
0.928568 0.262047 0.051775 0.034168
0.185545 0.964816 0.064928 0.039701
0.601988 0.195374 0.051795 0.039048
0.620335 0.886172 0.048239 0.040130
0.815121 0.714601 0.051987 0.045016
0.929698 0.568658 0.050502 0.043849
0.513467 0.681704 0.046988 0.034193
0.192202 0.919450 0.054940 0.048899
0.933317 0.437492 0.053640 0.044847
0.512221 0.784896 0.048649 0.030250
0.499608 0.384409 0.051529 0.034258
0.605367 0.319906 0.061802 0.032266
0.514210 0.751312 0.055305 0.034604
0.399023 0.605102 0.046908 0.034408
0.619973 0.637710 0.056398 0.039678
0.503099 0.423573 0.050248 0.037390
0.621023 0.725458 0.047052 0.040263
0.182285 0.238559 0.059362 0.035420
0.396570 0.563009 0.071956 0.042420
0.183041 0.569257 0.060204 0.037774
0.608530 0.281246 0.051071 0.044945
0.180733 0.317841 0.065929 0.045419
0.407505 0.837438 0.051558 0.041189
0.496106 0.203348 0.054761 0.038758
0.389689 0.275312 0.065696 0.047545
0.063789 0.926927 0.047533 0.031302
0.927019 0.113782 0.048193 0.036078
0.071802 0.856961 0.053699 0.029830
0.829044 0.941481 0.065032 0.042593
0.935188 0.608368 0.050739 0.032742
0.616749 0.438399 0.047784 0.035122
0.394002 0.225326 0.047408 0.042736
0.190764 0.844430 0.057848 0.038483
0.922644 0.077924 0.058162 0.036898
0.407419 0.972263 0.056419 0.034405
0.071843 0.483200 0.048088 0.041152
0.935000 0.949284 0.050993 0.035379
0.726879 0.616679 0.055098 0.034422
0.075130 0.756827 0.057376 0.026747
0.819899 0.094407 0.055650 0.030626
0.511959 0.716665 0.050996 0.034642
0.814777 0.761495 0.067738 0.043928
0.823293 0.903796 0.059968 0.029860
0.720379 0.528736 0.052989 0.038877
0.934608 0.726025 0.049203 0.033303
0.500461 0.464655 0.058048 0.041544
0.603261 0.110547 0.053387 0.039541
0.392661 0.111518 0.051663 0.030083
0.932584 0.525505 0.051636 0.037319
0.722987 0.696484 0.051793 0.042514
0.069685 0.445324 0.049343 0.033493
0.069901 0.380252 0.051294 0.035821
0.067788 0.961692 0.049103 0.034233
0.822827 0.031648 0.063818 0.030712
0.394042 0.183995 0.047927 0.038999
0.070998 0.302308 0.052385 0.026474
0.285456 0.404428 0.050692 0.042453
0.406716 0.875155 0.043998 0.031300
0.408610 0.905003 0.046675 0.027955
0.282736 0.075216 0.049112 0.036117
0.392375 0.474788 0.047585 0.036234
0.284139 0.358856 0.051228 0.043791
0.289784 0.279314 0.052541 0.046821
0.938506 0.916219 0.050036 0.029550
0.393870 0.396303 0.052334 0.041421
0.287701 0.235510 0.057846 0.039622
0.616345 0.476423 0.049576 0.039505
0.291028 0.720525 0.046866 0.040418
0.188341 0.804425 0.046046 0.041862
0.183909 0.404776 0.053691 0.037478
0.824701 0.286625 0.052178 0.038847
0.489337 0.079414 0.053966 0.035046
0.725854 0.740027 0.057661 0.041145
0.933317 0.361425 0.048345 0.026012
0.510697 0.649943 0.043012 0.029795
0.726436 0.655062 0.049966 0.038869
0.281263 0.035750 0.048235 0.040103
0.070515 0.412495 0.042871 0.033379
0.720376 0.573151 0.055453 0.047682
0.717948 0.262250 0.050678 0.028127
0.825971 0.486499 0.044324 0.034896
0.620280 0.924243 0.052134 0.036773
0.072293 0.034171 0.051535 0.028073
0.407807 0.938264 0.042935 0.035616
0.818949 0.870624 0.051292 0.036174
0.389399 0.436237 0.044685 0.036851
0.193360 0.877900 0.059039 0.031929
0.187676 0.764311 0.051473 0.037478
0.817938 0.667860 0.049564 0.043073
0.924695 0.038712 0.060232 0.038570
0.601495 0.070383 0.043329 0.035545
0.818224 0.063698 0.043861 0.032469
0.600051 0.151824 0.058303 0.043556
0.184914 0.441960 0.050881 0.036600
0.507678 0.583013 0.045118 0.032501
0.927993 0.145521 0.043172 0.027550
0.720981 0.483842 0.050739 0.045813
0.178046 0.126070 0.057112 0.039801
0.287526 0.760879 0.051431 0.038682
0.827198 0.359856 0.045404 0.034434
0.622856 0.957681 0.049881 0.033202
0.289360 0.834836 0.051450 0.038434
0.189886 0.527404 0.053557 0.047260
0.510870 0.616348 0.049345 0.036411
0.285359 0.317967 0.053236 0.034261
0.287798 0.198723 0.052312 0.033880
0.721457 0.780519 0.057926 0.042927
0.290399 0.798421 0.049492 0.035080
0.489600 0.038115 0.060086 0.038482
0.185450 0.274641 0.050475 0.033195
0.518500 0.923413 0.042800 0.025095
0.725285 0.821100 0.063650 0.038824
0.825995 0.401995 0.057442 0.042078
0.290673 0.640105 0.040749 0.034904
0.815870 0.836936 0.041335 0.035009
0.180775 0.198810 0.050247 0.040248
0.503162 0.310723 0.040264 0.032387
0.924269 0.225245 0.053350 0.040585
0.289621 0.679141 0.054769 0.041114
0.389023 0.039392 0.077665 0.039390
0.719659 0.296351 0.050412 0.034741
0.289640 0.600151 0.044433 0.041339
0.392774 0.075588 0.048579 0.035985
0.824000 0.629018 0.056299 0.028545
0.721836 0.398563 0.060529 0.050383
0.176171 0.164477 0.051840 0.033047
0.299214 0.960728 0.050878 0.039734
0.501876 0.348362 0.044073 0.037328
0.185739 0.365261 0.050112 0.040459
0.292206 0.515084 0.049159 0.040990
0.602949 0.034156 0.049961 0.035314
0.289052 0.444375 0.042718 0.034413
0.722097 0.862897 0.058891 0.042787
0.728146 0.898500 0.049920 0.033064
0.825227 0.327888 0.050805 0.035957
0.826858 0.516284 0.047337 0.021740
0.287581 0.872740 0.057305 0.032739
0.392863 0.356369 0.041366 0.032108
0.178778 0.081125 0.047791 0.042430
0.817736 0.801181 0.047069 0.032909
0.291994 0.927482 0.055009 0.026199
0.291777 0.559135 0.044759 0.040126
0.721124 0.441691 0.051909 0.032573
0.289855 0.476058 0.050014 0.031504
0.283364 0.903055 0.075712 0.028461
0.615357 0.399980 0.058326 0.038676
0.173964 0.039632 0.052001 0.040989
0.728651 0.936152 0.044336 0.043301
0.729684 0.338959 0.068335 0.058405
