0.488541 0.921633 0.062023 0.034874
0.488485 0.883049 0.066977 0.040298
0.599880 0.108857 0.064505 0.040549
0.718929 0.296320 0.066228 0.036765
0.487632 0.841389 0.064196 0.041250
0.068620 0.265081 0.061030 0.044453
0.707256 0.810833 0.060516 0.039019
0.713665 0.770079 0.064926 0.036216
0.824843 0.769059 0.070476 0.039111
0.066130 0.313793 0.067462 0.042118
0.714996 0.254323 0.055297 0.045070
0.276672 0.906337 0.061165 0.037496
0.272820 0.119959 0.065755 0.041287
0.176304 0.509648 0.064602 0.041242
0.823528 0.145508 0.073389 0.041954
0.274428 0.676446 0.060396 0.042733
0.175047 0.347057 0.056975 0.041503
0.081217 0.708899 0.061962 0.039150
0.704607 0.612309 0.060027 0.038500
0.490012 0.747700 0.060416 0.042105
0.598100 0.743532 0.056554 0.035665
0.492350 0.959165 0.057417 0.038450
0.180706 0.467948 0.061181 0.039310
0.486555 0.701590 0.071859 0.044875
0.934856 0.901247 0.066202 0.034272
0.816883 0.887403 0.058001 0.038348
0.382065 0.804084 0.055050 0.028252
0.166986 0.229354 0.074468 0.038625
0.379953 0.316565 0.064379 0.042988
0.074017 0.747933 0.067779 0.035120
0.710805 0.730025 0.052403 0.037822
0.826205 0.230568 0.059442 0.036395
0.931185 0.945005 0.070292 0.047541
0.929562 0.859036 0.077190 0.042976
0.706765 0.849307 0.049592 0.035255
0.706741 0.958967 0.054955 0.037137
0.820888 0.850395 0.057138 0.037824
0.936824 0.422994 0.063189 0.035091
0.072242 0.398606 0.052608 0.037985
0.823471 0.926425 0.057294 0.037000
0.488781 0.192588 0.078061 0.040392
0.596437 0.522462 0.071686 0.038463
0.489711 0.795698 0.068720 0.041955
0.075313 0.923313 0.071464 0.037724
0.710167 0.104111 0.067159 0.039104
0.824161 0.384416 0.052613 0.033517
0.385852 0.364571 0.057073 0.045351
0.496848 0.272043 0.051991 0.037755
0.825758 0.273773 0.057465 0.044355
0.708329 0.452113 0.053937 0.036557
0.380434 0.837395 0.052521 0.032375
0.936264 0.190751 0.053776 0.045155
0.282828 0.751749 0.054157 0.038810
0.497854 0.314806 0.059241 0.044172
0.379849 0.199691 0.055393 0.039138
0.279370 0.966670 0.057679 0.035802
0.602008 0.280196 0.061078 0.043241
0.604185 0.326346 0.055224 0.044796
0.174281 0.810408 0.057491 0.037887
0.935018 0.233670 0.055474 0.041455
0.594453 0.616637 0.056741 0.033071
0.077674 0.852823 0.048803 0.030209
0.076663 0.785312 0.050815 0.036720
0.826775 0.190184 0.059375 0.038696
0.825132 0.610198 0.056287 0.043721
0.489628 0.115075 0.057461 0.043294
0.933665 0.651808 0.058620 0.036301
0.702775 0.491247 0.063729 0.037394
0.168748 0.850751 0.058295 0.038037
0.176141 0.773515 0.048120 0.031558
0.072436 0.548712 0.053044 0.034335
0.383381 0.159429 0.053231 0.035693
0.072303 0.474342 0.052562 0.037353
0.825272 0.654765 0.054267 0.041667
0.593111 0.782735 0.058663 0.035906
0.593168 0.844177 0.048489 0.034935
0.931284 0.385804 0.060687 0.037218
0.075962 0.666496 0.059178 0.043724
0.176387 0.702768 0.046999 0.033784
0.705527 0.889603 0.076402 0.039430
0.714582 0.337290 0.064351 0.039958
0.077126 0.885388 0.049131 0.034331
0.175684 0.385313 0.058368 0.033642
0.599429 0.454628 0.053288 0.034056
0.939023 0.690466 0.052671 0.042582
0.176501 0.737860 0.047709 0.035155
0.816126 0.962485 0.067451 0.033706
0.598903 0.486798 0.057777 0.032437
0.709076 0.412053 0.053459 0.040596
0.277570 0.798371 0.051444 0.041236
0.606817 0.150759 0.058188 0.040546
0.277516 0.229589 0.053879 0.041552
0.172858 0.188808 0.055958 0.038630
0.067311 0.084464 0.060339 0.041372
0.939070 0.540566 0.060604 0.032649
0.592870 0.878150 0.050980 0.033687
0.071375 0.625443 0.056736 0.036803
0.385043 0.490141 0.071562 0.037225
0.075543 0.585439 0.051745 0.036300
0.817876 0.452709 0.065612 0.038391
0.489854 0.525614 0.060629 0.038429
0.705915 0.649965 0.059865 0.030635
0.598743 0.416594 0.054314 0.037771
0.933843 0.612932 0.068579 0.037685
0.601159 0.938127 0.060195 0.033489
0.074363 0.511366 0.052593 0.036576
0.595231 0.972663 0.085253 0.039008
0.823247 0.031152 0.065922 0.041854
0.713711 0.687517 0.063468 0.041362
0.825402 0.567314 0.052572 0.036276
0.178960 0.662162 0.054661 0.039848
0.495888 0.234015 0.052081 0.036074
0.825414 0.347020 0.050549 0.037145
0.489285 0.432073 0.068700 0.044138
0.173834 0.552081 0.051241 0.038407
0.824342 0.073007 0.054025 0.035718
0.174001 0.305861 0.052518 0.036635
0.937213 0.274109 0.047740 0.040087
0.498438 0.355067 0.054311 0.035056
0.493485 0.071254 0.076281 0.041241
0.272184 0.592149 0.053439 0.039025
0.387073 0.410323 0.056610 0.046936
0.946064 0.501012 0.059731 0.038110
0.176639 0.425145 0.066665 0.043053
0.940511 0.064573 0.058847 0.042950
0.932705 0.316123 0.069599 0.041079
0.505827 0.392231 0.066109 0.037186
0.938437 0.461170 0.066197 0.038684
0.171039 0.110972 0.053857 0.037432
0.605772 0.239102 0.052327 0.035004
0.936884 0.772921 0.054031 0.046024
0.936723 0.731313 0.049663 0.034481
0.381746 0.274904 0.063648 0.040935
0.378612 0.868696 0.050774 0.029189
0.486816 0.660865 0.049816 0.032802
0.072748 0.436296 0.047371 0.034592
0.387341 0.965325 0.050902 0.036811
0.826079 0.417521 0.048826 0.031544
0.708778 0.141400 0.056814 0.028776
0.174538 0.885074 0.055650 0.026030
0.386948 0.032889 0.060107 0.041660
0.708700 0.926796 0.059215 0.027419
0.277330 0.158694 0.049028 0.034555
0.274833 0.871185 0.045958 0.029204
0.065626 0.176594 0.055357 0.041496
0.068496 0.130529 0.052513 0.044733
0.487673 0.626619 0.057088 0.033072
0.379215 0.735111 0.049780 0.039520
0.494845 0.561718 0.055919 0.035871
0.275085 0.632049 0.053028 0.042447
0.379761 0.772227 0.050157 0.034836
0.387841 0.453579 0.049322 0.032098
0.381406 0.120618 0.052774 0.040605
0.278369 0.078754 0.054369 0.038617
0.712550 0.209666 0.050982 0.042117
0.076461 0.820511 0.045205 0.030439
0.277904 0.715137 0.057354 0.029005
0.383928 0.895995 0.043961 0.028030
0.594521 0.712718 0.051177 0.031999
0.172887 0.590297 0.046796 0.030661
0.079942 0.963010 0.055532 0.037201
0.065990 0.041123 0.059704 0.045091
0.491958 0.479390 0.051894 0.047866
0.823626 0.107113 0.055150 0.032877
0.278452 0.309769 0.050734 0.038863
0.380570 0.529788 0.073522 0.039915
0.280767 0.837560 0.044064 0.033694
0.604958 0.195632 0.052600 0.046358
0.603561 0.373816 0.053537 0.047319
0.072753 0.360180 0.046154 0.038255
0.180064 0.968660 0.061761 0.028179
0.281829 0.191503 0.050941 0.029338
0.169702 0.266854 0.053629 0.034607
0.936920 0.144168 0.051346 0.044000
0.384594 0.237603 0.049798 0.032008
0.277050 0.937055 0.049193 0.025289
0.385967 0.926643 0.050193 0.034543
0.275022 0.549357 0.052228 0.040671
0.594327 0.652070 0.054714 0.036862
0.492568 0.154932 0.045811 0.031940
0.822587 0.810640 0.052101 0.038706
0.706686 0.568306 0.053016 0.045455
0.932185 0.816240 0.057231 0.037530
0.710548 0.526248 0.062191 0.032707
0.603702 0.034006 0.057185 0.045997
0.175177 0.149819 0.050973 0.035562
0.825287 0.312671 0.052874 0.030557
0.496301 0.029059 0.053819 0.041378
0.066562 0.221449 0.049594 0.037163
0.600640 0.907130 0.053136 0.023627
0.279186 0.268616 0.047274 0.038956
0.273231 0.380597 0.046883 0.031508
0.383965 0.690453 0.051807 0.046733
0.490389 0.595594 0.046785 0.028895
0.710394 0.069213 0.045315 0.029738
0.601230 0.072554 0.049714 0.026674
0.383982 0.647156 0.048852 0.036722
0.593860 0.557750 0.052005 0.031347
0.176841 0.911910 0.051725 0.025075
0.384645 0.572351 0.048245 0.037709
0.937643 0.105634 0.044343 0.032773
0.593586 0.586671 0.043772 0.027053
0.933542 0.351095 0.054078 0.029834
0.591869 0.684289 0.048877 0.026502
0.270393 0.412563 0.045707 0.031872
0.278469 0.035659 0.056117 0.046608
0.171648 0.075632 0.057474 0.034347
0.944473 0.025880 0.050047 0.030574
0.828155 0.694749 0.052543 0.039325
0.385330 0.610220 0.045998 0.037491
0.384226 0.080172 0.048626 0.044450
0.710931 0.173958 0.048085 0.029045
0.179485 0.940127 0.046074 0.030179
0.275263 0.345490 0.044558 0.034798
0.708538 0.034251 0.051653 0.042130
0.826855 0.732370 0.057038 0.033864
0.941279 0.575371 0.056255 0.036392
0.172029 0.622995 0.057554 0.026242
0.829365 0.493921 0.062053 0.038357
0.267357 0.450791 0.055566 0.042407
0.176325 0.035106 0.048768 0.042861
0.827414 0.527521 0.053594 0.038885
0.593727 0.811692 0.046549 0.025419
0.269751 0.500677 0.069899 0.054042
0.711161 0.375427 0.052502 0.034843
