0.180552 0.472245 0.070059 0.040988
0.385255 0.871186 0.055923 0.037953
0.287147 0.520473 0.066460 0.038776
0.392973 0.205696 0.066596 0.043312
0.279477 0.841713 0.056563 0.041563
0.185597 0.427953 0.059739 0.037545
0.281365 0.758584 0.069227 0.036210
0.073466 0.395400 0.065288 0.040876
0.285209 0.400730 0.066567 0.042390
0.496588 0.415124 0.062249 0.032553
0.278635 0.721772 0.050812 0.033430
0.939873 0.785883 0.068112 0.034324
0.934223 0.465714 0.071739 0.035356
0.394566 0.164951 0.061099 0.034524
0.393431 0.315498 0.059057 0.036829
0.596012 0.545664 0.069501 0.037285
0.079844 0.853636 0.071182 0.042471
0.389637 0.906790 0.064957 0.032181
0.491580 0.701917 0.082250 0.041419
0.285405 0.564116 0.067672 0.041397
0.494390 0.658296 0.064903 0.039438
0.824363 0.286343 0.065235 0.043481
0.712502 0.715146 0.063619 0.041247
0.181329 0.911925 0.059809 0.033916
0.703707 0.589705 0.062186 0.047645
0.487358 0.780211 0.069954 0.042820
0.394617 0.357634 0.057475 0.042447
0.492231 0.449837 0.059009 0.036161
0.593891 0.752723 0.067862 0.047122
0.824159 0.633478 0.059637 0.039787
0.282036 0.686284 0.061700 0.032005
0.492256 0.485650 0.061275 0.032827
0.716084 0.796919 0.066970 0.044380
0.823223 0.363824 0.058208 0.043671
0.179633 0.558213 0.067441 0.046923
0.075964 0.210260 0.063008 0.041447
0.390470 0.831030 0.050315 0.037187
0.932660 0.920484 0.052820 0.035313
0.076059 0.737729 0.056589 0.042549
0.287629 0.480798 0.057461 0.037403
0.289859 0.356099 0.055411 0.041977
0.494771 0.923832 0.057621 0.034146
0.178461 0.643866 0.064943 0.045173
0.176677 0.308953 0.064078 0.043013
0.594427 0.503386 0.072920 0.042435
0.930362 0.307384 0.060580 0.042510
0.390379 0.795949 0.054961 0.033337
0.824862 0.239623 0.061611 0.043696
0.715903 0.678634 0.068267 0.031667
0.602338 0.863208 0.076548 0.045675
0.602017 0.677038 0.059852 0.041607
0.387260 0.734250 0.048545 0.033983
0.937070 0.594487 0.055170 0.040554
0.287584 0.882168 0.065121 0.035613
0.598336 0.632491 0.058757 0.042147
0.183013 0.876973 0.051640 0.031655
0.174584 0.028745 0.066367 0.048500
0.497557 0.586858 0.055411 0.038375
0.492955 0.851615 0.055031 0.040852
0.936924 0.714737 0.054416 0.038701
0.495879 0.549702 0.057194 0.035040
0.083665 0.896723 0.058588 0.037516
0.497256 0.315841 0.049995 0.040352
0.070289 0.117524 0.068103 0.041126
0.819950 0.674550 0.066433 0.041570
0.393134 0.626950 0.053607 0.033787
0.497636 0.619883 0.057450 0.029964
0.396176 0.127727 0.048690 0.034562
0.934426 0.386728 0.058072 0.037161
0.931517 0.882176 0.050554 0.037963
0.076249 0.779527 0.054784 0.035407
0.934539 0.349131 0.057010 0.036058
0.612722 0.167106 0.062889 0.044191
0.286609 0.443111 0.053497 0.037288
0.073180 0.576288 0.053367 0.047563
0.815214 0.822545 0.057870 0.042644
0.179236 0.266388 0.053103 0.036643
0.183227 0.942606 0.057134 0.030241
0.289295 0.917486 0.077594 0.035746
0.711078 0.639342 0.054047 0.045055
0.933501 0.639540 0.070350 0.045664
0.607225 0.117850 0.061136 0.044572
0.387199 0.664416 0.053983 0.035486
0.178761 0.152281 0.049818 0.033234
0.606149 0.376084 0.054757 0.044288
0.395601 0.399701 0.049958 0.035630
0.079075 0.695718 0.056333 0.039444
0.291239 0.279714 0.060886 0.031865
0.282113 0.652688 0.051139 0.035798
0.493385 0.890370 0.057841 0.031204
0.181359 0.799402 0.059824 0.044651
0.497088 0.380438 0.050909 0.035947
0.074385 0.442762 0.054924 0.041538
0.933864 0.262432 0.053615 0.042072
0.177101 0.113732 0.054839 0.039549
0.072892 0.657649 0.051240 0.036385
0.936791 0.553346 0.046879 0.039495
0.289193 0.203924 0.057274 0.036685
0.711917 0.208745 0.061183 0.041435
0.822509 0.406614 0.050150 0.040390
0.502879 0.233260 0.052624 0.037796
0.395576 0.086991 0.059216 0.042227
0.078285 0.524716 0.059439 0.051498
0.935661 0.155966 0.048908 0.041568
0.932224 0.117234 0.056397 0.038178
0.717785 0.837005 0.051347 0.033941
0.822398 0.325468 0.054097 0.032339
0.602193 0.419398 0.069157 0.034966
0.715602 0.305919 0.057384 0.045345
0.287098 0.241393 0.060189 0.038843
0.486207 0.739726 0.072882 0.034226
0.710025 0.501886 0.056108 0.034411
0.495452 0.349784 0.057112 0.025908
0.280261 0.797734 0.048016 0.041239
0.390958 0.248656 0.053862 0.037783
0.179327 0.844005 0.047757 0.034217
0.178730 0.349277 0.065268 0.034263
0.179183 0.184742 0.048824 0.027534
0.719709 0.162494 0.053196 0.043823
0.507025 0.108257 0.054249 0.038842
0.179958 0.756305 0.052147 0.039505
0.939693 0.426216 0.056360 0.041733
0.087584 0.966087 0.052952 0.038024
0.603757 0.909410 0.057309 0.042164
0.817103 0.781763 0.049640 0.033807
0.604522 0.954347 0.061556 0.047094
0.089224 0.933085 0.052984 0.026060
0.709825 0.463656 0.050314 0.037930
0.507185 0.151307 0.053162 0.043174
0.289082 0.315721 0.050131 0.037454
0.078862 0.360477 0.055133 0.028331
0.602188 0.586247 0.085357 0.043037
0.283561 0.609730 0.051593 0.045601
0.706823 0.876639 0.066542 0.043752
0.176977 0.600933 0.054194 0.034979
0.610036 0.335640 0.049670 0.034291
0.498379 0.958240 0.062849 0.037292
0.387772 0.502181 0.055762 0.036508
0.178584 0.222716 0.044057 0.043217
0.382131 0.545491 0.060352 0.046362
0.821379 0.598078 0.050752 0.030374
0.820940 0.522850 0.050900 0.045907
0.935322 0.750504 0.044457 0.033439
0.928193 0.073911 0.054454 0.044504
0.502843 0.192661 0.050239 0.040287
0.607589 0.259372 0.054368 0.041196
0.288249 0.957531 0.059154 0.042765
0.821426 0.565525 0.055281 0.037367
0.182246 0.386972 0.056109 0.037363
0.081458 0.815197 0.048385 0.036679
0.933284 0.195944 0.053661 0.034189
0.075819 0.252028 0.056327 0.034190
0.602525 0.713253 0.055674 0.031922
0.501902 0.272961 0.049497 0.041117
0.826048 0.196243 0.053295 0.039425
0.177259 0.685067 0.056866 0.034181
0.288617 0.084153 0.060301 0.038656
0.389897 0.588900 0.047927 0.041628
0.177852 0.073414 0.048897 0.039875
0.504449 0.069083 0.061478 0.040837
0.713469 0.255987 0.055681 0.051611
0.503150 0.025977 0.060275 0.042906
0.709412 0.543442 0.046879 0.039152
0.601042 0.459039 0.049261 0.042604
0.488056 0.817164 0.058768 0.029775
0.817557 0.862372 0.049324 0.034070
0.288873 0.126972 0.052295 0.041966
0.393367 0.465522 0.043307 0.032560
0.287677 0.165678 0.053081 0.036467
0.940498 0.678800 0.055135 0.028318
0.932163 0.955834 0.044142 0.034015
0.180511 0.514612 0.049166 0.036397
0.077573 0.481031 0.050658 0.034786
0.820331 0.478731 0.050985 0.038435
0.713330 0.922030 0.047412 0.044929
0.610886 0.213247 0.057849 0.047459
0.070079 0.075784 0.062258 0.041626
0.083942 0.327342 0.057281 0.031072
0.712241 0.428470 0.039814 0.034016
0.387446 0.764917 0.047463 0.027739
0.825749 0.027831 0.068342 0.041213
0.610208 0.030948 0.054296 0.047584
0.717820 0.351946 0.052816 0.041450
0.715497 0.754324 0.049745 0.034580
0.073956 0.619463 0.052476 0.031270
0.928359 0.031209 0.055476 0.040343
0.289000 0.020493 0.054038 0.031867
0.717844 0.028882 0.058399 0.046413
0.823962 0.443475 0.045074 0.027213
0.821474 0.715691 0.044695 0.039578
0.608717 0.074648 0.053502 0.039135
0.819223 0.897964 0.051890 0.037428
0.176109 0.972025 0.064603 0.032342
0.932066 0.226812 0.049383 0.030738
0.932027 0.509256 0.058036 0.049781
0.812823 0.751452 0.068005 0.027112
0.076294 0.164235 0.047445 0.045398
0.604626 0.299379 0.045630 0.035421
0.719227 0.115812 0.051298 0.046118
0.394887 0.433825 0.040377 0.030469
0.718658 0.072196 0.058293 0.040349
0.395349 0.051097 0.066217 0.031554
0.828111 0.072429 0.053177 0.046151
0.817469 0.933488 0.051200 0.036092
0.386234 0.940519 0.048853 0.033939
0.935837 0.819321 0.047898 0.028734
0.926927 0.848532 0.065669 0.026482
0.823518 0.965058 0.065094 0.029748
0.394847 0.281923 0.049655 0.026848
0.085085 0.289671 0.068389 0.044567
0.388833 0.699092 0.047097 0.033708
0.713894 0.393093 0.044899 0.034859
0.067599 0.032325 0.054095 0.043413
0.398543 0.023266 0.064404 0.030064
0.824740 0.157274 0.045853 0.037477
0.823764 0.117171 0.051097 0.040641
0.493101 0.518055 0.044551 0.027714
0.185010 0.717173 0.051472 0.026382
0.287664 0.050096 0.060359 0.028695
0.716833 0.963564 0.043329 0.030755
0.600268 0.820077 0.057443 0.044724
0.387885 0.970257 0.045935 0.030339
0.600485 0.794969 0.051096 0.035622
