0.924531 0.693865 0.078591 0.048450
0.708771 0.228788 0.079965 0.053001
0.276271 0.429770 0.071635 0.054309
0.598905 0.891323 0.081559 0.045556
0.497133 0.377066 0.078716 0.051045
0.930113 0.375891 0.069856 0.046336
0.285037 0.106828 0.086669 0.054207
0.710405 0.480872 0.080697 0.048123
0.174423 0.753711 0.072495 0.048270
0.277819 0.316525 0.089226 0.047479
0.068078 0.651033 0.090934 0.045717
0.490645 0.776628 0.082781 0.044663
0.173340 0.322775 0.075234 0.056131
0.282938 0.804534 0.077051 0.054410
0.932434 0.323745 0.080984 0.048768
0.170894 0.703340 0.071979 0.046650
0.276084 0.748925 0.082047 0.045499
0.177437 0.432600 0.074752 0.043531
0.923333 0.845578 0.075376 0.045720
0.173199 0.862524 0.081643 0.053221
0.495970 0.522808 0.072639 0.049216
0.279762 0.210550 0.081756 0.044082
0.928627 0.427820 0.073484 0.051022
0.172668 0.266135 0.072059 0.048352
0.382739 0.314243 0.081411 0.050731
0.600026 0.795613 0.075521 0.056419
0.492307 0.829379 0.083435 0.057432
0.177591 0.652041 0.081511 0.044271
0.604085 0.480131 0.080074 0.051783
0.272624 0.484758 0.085995 0.047620
0.066156 0.274590 0.081209 0.051080
0.816710 0.575663 0.077035 0.044651
0.280056 0.695218 0.075213 0.054713
0.932965 0.271007 0.076050 0.049765
0.277417 0.590891 0.070443 0.048190
0.712869 0.384507 0.076358 0.048878
0.066354 0.376317 0.067302 0.050844
0.279155 0.371464 0.077751 0.053421
0.606098 0.314907 0.084112 0.050519
0.819954 0.107344 0.083659 0.049521
0.389767 0.646015 0.077277 0.053571
0.067074 0.594591 0.085923 0.059030
0.169682 0.481804 0.078587 0.046866
0.493182 0.424762 0.069483 0.043191
0.279645 0.161199 0.082155 0.046016
0.704414 0.169591 0.094759 0.054995
0.065355 0.176894 0.075924 0.041378
0.388918 0.368382 0.064697 0.051275
0.389375 0.758291 0.080460 0.050100
0.821654 0.054442 0.071819 0.048993
0.818317 0.626073 0.072552 0.039382
0.926677 0.745102 0.086904 0.046681
0.711211 0.331922 0.082380 0.047501
0.388072 0.254696 0.097184 0.053890
0.920646 0.794250 0.080507 0.048048
0.386924 0.480979 0.074613 0.048017
0.813544 0.878119 0.074342 0.047939
0.602111 0.372107 0.075110 0.050567
0.815422 0.673473 0.083130 0.048393
0.493195 0.266632 0.077769 0.052758
0.603823 0.738959 0.080975 0.045323
0.278280 0.262511 0.076083 0.048613
0.072768 0.702409 0.077321 0.053525
0.604301 0.688756 0.079010 0.045270
0.175949 0.381807 0.074613 0.051276
0.494601 0.157479 0.071682 0.051550
0.704918 0.741808 0.071032 0.046913
0.705824 0.589622 0.084567 0.047061
0.812257 0.360443 0.091360 0.043522
0.388640 0.156914 0.080026 0.047983
0.496488 0.571992 0.083993 0.046347
0.930197 0.593202 0.076266 0.049284
0.497971 0.103783 0.070094 0.049780
0.603182 0.164809 0.065531 0.049086
0.392753 0.203452 0.069510 0.040953
0.272107 0.916701 0.076246 0.047951
0.705094 0.688932 0.063210 0.054844
0.813961 0.921387 0.067663 0.039131
0.068744 0.755027 0.068192 0.045798
0.496890 0.052241 0.073127 0.046812
0.601823 0.536428 0.080247 0.050917
0.168700 0.965988 0.071690 0.048809
0.496734 0.677779 0.066664 0.053638
0.705932 0.432128 0.085714 0.039914
0.812924 0.525561 0.092457 0.045432
0.601245 0.590931 0.078716 0.049574
0.166269 0.913167 0.078002 0.043677
0.067457 0.900580 0.064089 0.046600
0.709778 0.535835 0.074196 0.055619
0.278206 0.642087 0.070076 0.046562
0.937188 0.219095 0.071081 0.052706
0.071645 0.850575 0.082377 0.042360
0.279470 0.862192 0.065701 0.053479
0.073389 0.481641 0.066835 0.049320
0.704824 0.891543 0.076304 0.045330
0.175495 0.536650 0.077558 0.051858
0.499407 0.320772 0.066747 0.054684
0.068839 0.324568 0.075774 0.044362
0.930844 0.164562 0.078705 0.048850
0.386058 0.426568 0.086117 0.055426
0.169936 0.808041 0.066938 0.048866
0.073299 0.960903 0.080323 0.059993
0.173182 0.596150 0.063597 0.058672
0.821498 0.207287 0.085468 0.045996
0.069755 0.430321 0.065915 0.050963
0.703649 0.843006 0.064315 0.047734
0.395524 0.815512 0.084228 0.056811
0.070359 0.535189 0.070290 0.047804
0.072130 0.123863 0.072619 0.057503
0.395553 0.588222 0.086242 0.054839
0.932250 0.951560 0.086929 0.042043
0.599516 0.058809 0.071562 0.058340
0.710960 0.791481 0.095431 0.046354
0.930760 0.111752 0.067534 0.051760
0.496482 0.624787 0.067703 0.050129
0.815040 0.416604 0.062373 0.053210
0.812927 0.830346 0.061040 0.042646
0.278214 0.537902 0.056314 0.048731
0.603570 0.261623 0.074595 0.038512
0.071242 0.063849 0.080291 0.057681
0.075910 0.222526 0.067729 0.047279
0.920727 0.901572 0.078728 0.052507
0.597754 0.113926 0.068664 0.048089
0.493335 0.726252 0.060406 0.043441
0.389275 0.699613 0.064132 0.052501
0.718714 0.055164 0.086601 0.050557
0.707604 0.113048 0.077538 0.056454
0.273572 0.964724 0.072449 0.046661
0.594667 0.936314 0.063964 0.038122
0.176123 0.162469 0.065555 0.046173
0.175522 0.212137 0.062302 0.051158
0.495568 0.890637 0.082656 0.058479
0.599557 0.845139 0.061590 0.037944
0.179511 0.107663 0.074170 0.051910
0.926862 0.056849 0.073235 0.056265
0.071906 0.803443 0.055505 0.046215
0.921872 0.644129 0.062122 0.040217
0.816962 0.719651 0.067644 0.035875
0.925572 0.542418 0.060495 0.049991
0.605654 0.215427 0.065381 0.045854
0.286600 0.055645 0.063583 0.044061
0.824280 0.960523 0.086130 0.038308
0.602380 0.423296 0.054131 0.046782
0.931691 0.482152 0.064294 0.052882
0.497678 0.474540 0.084249 0.041043
0.697861 0.930967 0.077326 0.037860
0.815255 0.772467 0.065984 0.057780
0.497528 0.212974 0.067923 0.053525
0.817987 0.256673 0.067375 0.045284
0.390956 0.107291 0.072268 0.047201
0.710418 0.636827 0.062727 0.036679
0.593744 0.967864 0.068168 0.029693
0.601926 0.641623 0.043159 0.042621
0.704721 0.966984 0.065593 0.036255
0.819114 0.309116 0.051093 0.041612
0.708907 0.284013 0.051218 0.045657
0.401621 0.534000 0.084660 0.045111
0.821056 0.159389 0.051635 0.045798
0.814069 0.474051 0.080630 0.054228
0.173673 0.054187 0.051990 0.047550
