0.519226 0.745070 0.072455 0.040491
0.064707 0.835929 0.062222 0.034742
0.841047 0.459461 0.060148 0.033924
0.528488 0.623837 0.067784 0.039496
0.397883 0.146712 0.056730 0.036567
0.630745 0.198239 0.069706 0.038636
0.295581 0.558447 0.071553 0.045368
0.523798 0.704690 0.078398 0.038495
0.063819 0.684090 0.055546 0.037729
0.845255 0.497402 0.052941 0.039187
0.633403 0.242825 0.066746 0.042882
0.523484 0.827132 0.071133 0.043861
0.063800 0.915549 0.061114 0.036521
0.843191 0.422259 0.057556 0.037648
0.183392 0.855759 0.056383 0.041100
0.527990 0.584508 0.060183 0.034167
0.401538 0.780938 0.049926 0.038830
0.402864 0.890804 0.075676 0.036648
0.737829 0.540829 0.063474 0.045557
0.295377 0.441398 0.055132 0.032830
0.841914 0.539382 0.059868 0.039006
0.295498 0.477815 0.052516 0.037894
0.515678 0.356514 0.051798 0.034923
0.066476 0.274815 0.068099 0.039485
0.288653 0.172139 0.071572 0.042857
0.293318 0.218179 0.053066 0.039308
0.065017 0.193394 0.064670 0.048876
0.183714 0.602265 0.056523 0.040891
0.524794 0.548415 0.057404 0.038120
0.180048 0.178659 0.052687 0.041359
0.951998 0.867263 0.052015 0.034793
0.524759 0.902940 0.055565 0.036557
0.187679 0.641686 0.055309 0.034476
0.302179 0.963596 0.056826 0.033221
0.404121 0.370737 0.077601 0.042844
0.069811 0.430224 0.059140 0.045978
0.523575 0.665415 0.057496 0.037733
0.302261 0.517203 0.057853 0.036867
0.637497 0.324231 0.056603 0.035653
0.635965 0.363348 0.052194 0.040577
0.183205 0.256793 0.059318 0.035613
0.065520 0.754533 0.053192 0.037087
0.067800 0.641198 0.053518 0.038359
0.645082 0.897687 0.064246 0.032146
0.508944 0.194114 0.064134 0.044781
0.737995 0.666783 0.058530 0.038092
0.636116 0.797421 0.053886 0.036599
0.736573 0.623573 0.058745 0.041620
0.515730 0.319178 0.050835 0.039475
0.627399 0.525953 0.049923 0.047906
0.732392 0.843824 0.061284 0.042955
0.628359 0.696986 0.054014 0.040899
0.294323 0.604175 0.061135 0.043845
0.951730 0.906327 0.056263 0.038327
0.514803 0.240953 0.055613 0.042613
0.295447 0.404969 0.049485 0.035467
0.508763 0.149036 0.055904 0.044106
0.395432 0.740087 0.059118 0.039430
0.408941 0.852049 0.061349 0.038005
0.061535 0.875279 0.048602 0.038255
0.839491 0.343187 0.054698 0.045910
0.069349 0.720250 0.059976 0.030372
0.181146 0.900603 0.070946 0.043136
0.521689 0.469267 0.055828 0.043975
0.402041 0.506291 0.069360 0.036399
0.182598 0.135269 0.057569 0.042298
0.633187 0.652412 0.054271 0.038637
0.521284 0.426586 0.062476 0.039698
0.730403 0.263849 0.058611 0.048525
0.508401 0.111062 0.057900 0.033513
0.288697 0.097804 0.075139 0.037578
0.298856 0.832901 0.048083 0.036147
0.734364 0.381457 0.056536 0.041115
0.401112 0.604620 0.059448 0.039116
0.530958 0.510615 0.058994 0.036681
0.634490 0.441696 0.053778 0.039541
0.184955 0.404322 0.060820 0.030338
0.624616 0.109642 0.066950 0.040664
0.063257 0.955143 0.064652 0.040914
0.507040 0.071909 0.056719 0.041104
0.951457 0.343359 0.052231 0.040766
0.739789 0.885280 0.060437 0.038305
0.732459 0.959756 0.052514 0.037817
0.183384 0.681308 0.067307 0.039276
0.951352 0.794669 0.055340 0.030792
0.066463 0.796535 0.054300 0.040263
0.634007 0.834671 0.058433 0.030480
0.950082 0.828931 0.056338 0.035479
0.634772 0.569871 0.061061 0.036841
0.302546 0.898012 0.044673 0.035592
0.951936 0.385354 0.063567 0.041772
0.400862 0.330223 0.053225 0.038362
0.841599 0.384582 0.047753 0.036619
0.180830 0.365484 0.053990 0.042431
0.302640 0.931455 0.046386 0.030928
0.735628 0.069583 0.056527 0.035842
0.843015 0.779012 0.057023 0.040244
0.387731 0.071452 0.064840 0.040724
0.069793 0.604319 0.048505 0.034947
0.736246 0.802649 0.052698 0.040347
0.516807 0.391045 0.057801 0.031212
0.734383 0.140747 0.046708 0.033389
0.179336 0.220126 0.051019 0.040040
0.065465 0.349843 0.059762 0.035597
0.953949 0.756141 0.059825 0.038519
0.069733 0.387729 0.061191 0.036425
0.406962 0.470551 0.052995 0.035933
0.949077 0.192600 0.050976 0.038608
0.517972 0.280864 0.053433 0.030624
0.067291 0.312562 0.059079 0.031982
0.948892 0.116117 0.048344 0.035121
0.732261 0.216438 0.050049 0.042787
0.743967 0.584717 0.046251 0.036587
0.737326 0.755493 0.046660 0.041629
0.291712 0.133970 0.050214 0.033882
0.848374 0.896446 0.052836 0.041756
0.645487 0.865920 0.050115 0.028891
0.955631 0.653285 0.051151 0.035256
0.616806 0.073389 0.072662 0.036668
0.400404 0.932983 0.062645 0.043111
0.738288 0.494926 0.048522 0.041036
0.838738 0.145649 0.049606 0.035754
0.951000 0.153503 0.052199 0.038724
0.643930 0.930718 0.045187 0.030483
0.732119 0.424485 0.054526 0.041977
0.843187 0.856662 0.052871 0.035500
0.305372 0.686250 0.055536 0.042829
0.950942 0.428048 0.069643 0.043273
0.841179 0.247131 0.050600 0.041713
0.068914 0.239156 0.057807 0.029497
0.181657 0.479874 0.048169 0.045291
0.069925 0.474815 0.051159 0.038321
0.519771 0.785588 0.059460 0.038624
0.178370 0.816199 0.054102 0.035244
0.180122 0.781533 0.055247 0.034469
0.071428 0.145545 0.047841 0.040829
0.647207 0.965195 0.050245 0.036751
0.632401 0.286913 0.054838 0.037042
0.948824 0.080941 0.044029 0.034335
0.071301 0.070777 0.047315 0.039888
0.178400 0.093354 0.049507 0.040271
0.398582 0.217485 0.048643 0.041499
0.525656 0.865889 0.052397 0.032097
0.954844 0.691294 0.058133 0.041099
0.300142 0.645653 0.052541 0.036760
0.399657 0.644887 0.049486 0.039350
0.184744 0.939982 0.048086 0.031737
0.952474 0.298246 0.052120 0.045969
0.405050 0.817374 0.044297 0.031376
0.072144 0.108103 0.047557 0.033284
0.841264 0.294652 0.054795 0.045591
0.398154 0.181370 0.048103 0.029800
0.298625 0.293044 0.049103 0.039056
0.293237 0.334826 0.047293 0.041438
0.183121 0.565714 0.053860 0.028188
0.624526 0.032580 0.061681 0.043252
0.071633 0.514110 0.060327 0.035948
0.069134 0.028965 0.051487 0.041756
0.636895 0.402578 0.065921 0.034799
0.288793 0.060280 0.050523 0.033939
0.836696 0.582729 0.049833 0.040790
0.955169 0.514104 0.049145 0.032039
0.182931 0.975055 0.072647 0.036179
0.738119 0.710308 0.052039 0.046041
0.840950 0.818506 0.047318 0.037314
0.843676 0.209243 0.044710 0.029387
0.846992 0.936102 0.043443 0.034934
0.404773 0.435910 0.046219 0.032930
0.529018 0.937501 0.046174 0.031082
0.295583 0.370260 0.055643 0.028076
0.183618 0.437875 0.052004 0.033422
0.180154 0.295236 0.054406 0.041376
0.629029 0.480729 0.049346 0.041360
0.733824 0.105225 0.047398 0.032441
0.288862 0.024409 0.047393 0.039582
0.399643 0.262588 0.054783 0.044018
0.301054 0.865518 0.047409 0.030738
0.732479 0.339161 0.047386 0.036880
0.950831 0.941771 0.051927 0.032134
0.950892 0.549666 0.049168 0.036843
0.180886 0.526865 0.046934 0.046076
0.840483 0.179051 0.039785 0.031777
0.629523 0.738795 0.062631 0.037425
0.836760 0.110117 0.049861 0.035127
0.955783 0.472634 0.048228 0.043746
0.953295 0.262593 0.049047 0.025443
0.952404 0.230621 0.041154 0.035351
0.300271 0.794108 0.063607 0.038503
0.394371 0.109438 0.045819 0.034723
0.734241 0.177059 0.043979 0.034729
0.392142 0.971148 0.068380 0.036020
0.842421 0.653998 0.041817 0.041740
0.621993 0.159088 0.055772 0.031588
0.401126 0.297097 0.052814 0.026957
0.734600 0.923416 0.037936 0.033141
0.181461 0.055373 0.049736 0.036315
0.400850 0.572454 0.044063 0.029056
0.298307 0.257951 0.048633 0.032442
0.732066 0.304582 0.046387 0.031525
0.403869 0.542054 0.041732 0.033134
0.630676 0.611569 0.049287 0.038325
0.733183 0.031454 0.050569 0.039820
0.742281 0.460863 0.051387 0.027586
0.953720 0.971634 0.050751 0.031383
0.844999 0.694862 0.042739 0.034770
0.392890 0.028318 0.043125 0.046849
0.839362 0.032112 0.052359 0.038263
0.533696 0.965946 0.045203 0.022945
0.840667 0.735344 0.065380 0.043681
0.301551 0.729774 0.045680 0.037929
0.947418 0.039904 0.051443 0.043779
0.952285 0.618336 0.045310 0.035409
0.185775 0.327705 0.053374 0.028825
0.847994 0.968112 0.045725 0.030378
0.397236 0.706764 0.060014 0.027775
0.953034 0.586479 0.041622 0.028411
0.955688 0.723831 0.049525 0.023165
0.067839 0.562650 0.051297 0.047374
0.840363 0.615452 0.045894 0.027498
0.180442 0.022618 0.047908 0.030528
0.640788 0.767961 0.050821 0.024724
0.298050 0.762560 0.055030 0.034149
0.514620 0.027967 0.041420 0.040011
0.401632 0.405265 0.045573 0.028909
0.838620 0.074564 0.037424 0.037869
0.398542 0.683132 0.049697 0.033099
0.179863 0.746294 0.093736 0.035066
0.184122 0.715748 0.065556 0.031897
