0.369950 0.783033 0.076489 0.039665
0.482690 0.370665 0.074037 0.038534
0.711539 0.154447 0.075457 0.038604
0.484407 0.152518 0.073149 0.035769
0.596092 0.204917 0.081960 0.038228
0.474353 0.745897 0.073003 0.036197
0.479481 0.783925 0.070040 0.038053
0.709604 0.731169 0.079373 0.042272
0.812352 0.777990 0.057988 0.035455
0.698835 0.772740 0.084056 0.036188
0.927119 0.500093 0.069789 0.039991
0.596928 0.401797 0.081085 0.036728
0.594311 0.319819 0.073294 0.040201
0.367508 0.856636 0.072620 0.034864
0.276072 0.263125 0.061917 0.034039
0.057034 0.812170 0.062902 0.037283
0.378367 0.365813 0.074707 0.041300
0.368739 0.670186 0.070786 0.041551
0.808794 0.672407 0.070659 0.030441
0.478738 0.520993 0.077365 0.039375
0.811799 0.346773 0.069722 0.035557
0.178255 0.148099 0.062654 0.043126
0.377596 0.275453 0.062337 0.040195
0.368187 0.928898 0.074695 0.035541
0.929013 0.578244 0.066971 0.039325
0.817121 0.812998 0.061384 0.033886
0.923198 0.719218 0.073414 0.039081
0.273654 0.608603 0.074530 0.040128
0.374323 0.191368 0.074504 0.042227
0.712258 0.116645 0.072085 0.029615
0.172351 0.260455 0.056364 0.034245
0.925997 0.831392 0.067255 0.037250
0.926985 0.871896 0.071157 0.038261
0.813821 0.508444 0.069228 0.031898
0.699515 0.811613 0.083616 0.036141
0.703696 0.687348 0.064562 0.038249
0.171827 0.103867 0.060593 0.038400
0.482903 0.621517 0.072807 0.036582
0.267320 0.688545 0.073154 0.040606
0.806324 0.637036 0.075660 0.036121
0.479760 0.116443 0.067634 0.030879
0.923475 0.457375 0.065088 0.041846
0.916092 0.058921 0.069175 0.035385
0.475627 0.481947 0.067468 0.034571
0.376051 0.319796 0.072329 0.044527
0.929090 0.539911 0.068642 0.033576
0.065198 0.407285 0.075958 0.038371
0.388350 0.067611 0.067124 0.040553
0.275480 0.022052 0.060081 0.034183
0.925822 0.203168 0.083417 0.037950
0.814347 0.190330 0.079211 0.035079
0.266113 0.835747 0.073085 0.040749
0.582376 0.844714 0.068680 0.038410
0.170092 0.537902 0.065433 0.029115
0.487225 0.073795 0.063547 0.046346
0.585060 0.646810 0.079666 0.039512
0.928549 0.163950 0.067730 0.042005
0.578572 0.605830 0.083924 0.038861
0.815723 0.152525 0.063445 0.032830
0.701372 0.642695 0.077495 0.044680
0.268651 0.726810 0.064278 0.033493
0.057617 0.166882 0.070442 0.038615
0.273493 0.648752 0.061604 0.036410
0.585642 0.566298 0.086606 0.040605
0.259864 0.873676 0.084163 0.033510
0.598506 0.167592 0.071394 0.029214
0.274745 0.230185 0.069210 0.029436
0.595016 0.023056 0.079127 0.041995
0.924403 0.788208 0.082573 0.041926
0.373668 0.486955 0.071790 0.037151
0.935360 0.347107 0.073797 0.032377
0.713046 0.021613 0.073814 0.034819
0.590799 0.491696 0.072919 0.039410
0.581362 0.762484 0.070243 0.045583
0.589760 0.280218 0.070734 0.035287
0.170672 0.405270 0.061624 0.034275
0.274327 0.434492 0.059583 0.031698
0.164114 0.790501 0.061242 0.038357
0.808131 0.411800 0.066688 0.039285
0.278499 0.057871 0.054605 0.036679
0.811520 0.117382 0.077910 0.035988
0.931365 0.276816 0.072295 0.034463
0.705399 0.222693 0.074378 0.035714
0.709301 0.259319 0.072599 0.035380
0.173583 0.297238 0.058348 0.038564
0.059721 0.649241 0.074158 0.042262
0.583486 0.916889 0.070562 0.038336
0.468449 0.869060 0.063440 0.032276
0.168915 0.893795 0.072218 0.038909
0.167680 0.689522 0.067245 0.035303
0.167727 0.444108 0.060900 0.038254
0.705893 0.595034 0.071175 0.046783
0.930643 0.312533 0.079291 0.031368
0.059970 0.852108 0.053466 0.034506
0.060721 0.205898 0.056143 0.038402
0.166242 0.828027 0.074959 0.037190
0.276586 0.299384 0.051492 0.032378
0.267651 0.758733 0.063208 0.030125
0.059036 0.333210 0.074619 0.035477
0.278139 0.334827 0.051709 0.033367
0.594555 0.446435 0.060155 0.042322
0.278343 0.474130 0.062588 0.044693
0.927802 0.681683 0.073218 0.033853
0.480093 0.559269 0.074495 0.034657
0.484095 0.024602 0.062224 0.040080
0.166648 0.509932 0.061582 0.024710
0.588466 0.805652 0.074957 0.037164
0.706413 0.848128 0.071854 0.029856
0.809430 0.706703 0.073504 0.033395
0.929135 0.416406 0.064978 0.035597
0.376117 0.232991 0.061220 0.039171
0.371731 0.556852 0.071603 0.031112
0.922884 0.752742 0.078151 0.028241
0.169903 0.480445 0.053594 0.030851
0.809772 0.079554 0.069391 0.033755
0.706437 0.057746 0.075330 0.037900
0.924426 0.614685 0.066169 0.033375
0.928720 0.380866 0.070976 0.029863
0.064217 0.889573 0.059434 0.037256
0.377490 0.590080 0.077948 0.030556
0.476919 0.712021 0.051662 0.032188
0.165174 0.725088 0.081613 0.031649
0.926064 0.647192 0.064938 0.026190
0.370094 0.821170 0.051335 0.034085
0.488612 0.257518 0.075723 0.038414
0.061440 0.096720 0.057020 0.038756
0.273851 0.162232 0.060426 0.041021
0.919628 0.021902 0.068782 0.032987
0.711486 0.957518 0.077300 0.042429
0.815125 0.883415 0.070936 0.041290
0.065092 0.525412 0.053465 0.038410
0.166750 0.021439 0.059568 0.035468
0.575520 0.881471 0.082181 0.031026
0.484261 0.330346 0.055382 0.038567
0.179149 0.224500 0.071425 0.035275
0.380048 0.410059 0.064564 0.040277
0.807879 0.019858 0.072652 0.033913
0.061878 0.733404 0.056158 0.037716
0.383271 0.023825 0.064603 0.039159
0.060462 0.772015 0.049909 0.037072
0.378321 0.144966 0.068791 0.045545
0.064857 0.567737 0.059228 0.043312
0.590791 0.527887 0.074643 0.030201
0.173936 0.062034 0.063394 0.042120
0.815597 0.741613 0.080271 0.034942
0.487026 0.216839 0.081511 0.040911
0.592136 0.242864 0.084851 0.036652
0.375294 0.625953 0.056832 0.039450
0.058137 0.692913 0.056958 0.039953
0.261729 0.794574 0.072306 0.035610
0.372108 0.892230 0.063457 0.034049
0.706074 0.295872 0.075027 0.032821
0.063221 0.485235 0.053073 0.036919
0.068788 0.607640 0.055799 0.036473
0.060271 0.243288 0.056520 0.032511
0.923478 0.096107 0.056494 0.037851
0.269321 0.569949 0.074569 0.035814
0.703882 0.915157 0.067632 0.039842
0.708504 0.466721 0.057502 0.036280
0.592599 0.362328 0.083426 0.037795
0.810514 0.602667 0.063099 0.030085
0.817106 0.920576 0.073260 0.031986
0.057916 0.022682 0.069028 0.034457
0.484883 0.409369 0.047795 0.037403
0.168069 0.569494 0.078771 0.030866
0.711981 0.361932 0.082567 0.039652
0.708294 0.547524 0.069022 0.037026
0.064047 0.133932 0.081114 0.030150
0.473540 0.903141 0.085017 0.034451
0.060736 0.445879 0.051695 0.034418
0.586334 0.718427 0.086100 0.038154
0.059975 0.928364 0.050812 0.031326
0.582531 0.682383 0.074056 0.029951
0.930429 0.241748 0.075347 0.032770
0.592735 0.102277 0.076505 0.032986
0.276012 0.373457 0.049134 0.036103
0.274180 0.200340 0.065260 0.030369
0.594879 0.135130 0.055411 0.030019
0.492066 0.445093 0.064784 0.033630
0.713641 0.327269 0.074990 0.030364
0.369416 0.712428 0.057790 0.040677
0.372930 0.523108 0.078235 0.030453
0.810923 0.541518 0.058699 0.034283
0.059908 0.368733 0.049564 0.032995
0.487570 0.293450 0.085552 0.031692
0.816006 0.229466 0.089326 0.037855
0.164870 0.599125 0.048275 0.028368
0.274952 0.091827 0.046346 0.028405
0.364642 0.748139 0.060049 0.031257
0.169078 0.336406 0.047057 0.034884
0.811417 0.845065 0.080369 0.029025
0.276069 0.123284 0.044705 0.033485
0.590481 0.065197 0.095016 0.035913
0.163485 0.756523 0.067695 0.028489
0.476716 0.830781 0.060272 0.044875
0.166433 0.629718 0.055650 0.033727
0.264243 0.908414 0.078946 0.031296
0.810402 0.573386 0.067818 0.025305
0.814582 0.312927 0.072798 0.031328
0.574549 0.959296 0.088457 0.041667
0.704835 0.432038 0.073865 0.029026
0.924470 0.128338 0.082654 0.026616
0.702510 0.882478 0.083198 0.030106
0.278928 0.405376 0.059238 0.023927
0.812575 0.270242 0.088077 0.039644
0.166899 0.370850 0.049298 0.034138
0.171205 0.189187 0.077150 0.031735
0.922557 0.935039 0.059217 0.031120
0.382371 0.449029 0.063308 0.038180
0.710375 0.188620 0.080280 0.028027
0.481867 0.589994 0.068386 0.023612
0.380859 0.106381 0.083668 0.030099
0.059499 0.058751 0.049770 0.034029
0.811933 0.474910 0.075911 0.031276
0.816516 0.378305 0.057924 0.021964
0.483211 0.184524 0.075435 0.021140
0.169856 0.659580 0.070877 0.021007
0.700037 0.508775 0.100066 0.040127
0.922797 0.904905 0.056384 0.023435
0.273922 0.513434 0.064850 0.035649
0.812186 0.445932 0.053013 0.030434
0.715140 0.089071 0.067710 0.022926
0.710156 0.398816 0.084240 0.030093
0.817436 0.956928 0.086794 0.036440
0.170419 0.929153 0.082270 0.032727
0.367378 0.961229 0.087492 0.034299
0.169413 0.859618 0.062598 0.022920
0.809172 0.049672 0.080991 0.026714
0.265119 0.953143 0.076701 0.050742
0.067631 0.959533 0.058973 0.028517
0.467692 0.937277 0.074039 0.036945
0.476829 0.679645 0.061981 0.030035
0.915764 0.970531 0.077878 0.041439
0.170210 0.960066 0.081825 0.038528
0.065414 0.298664 0.064252 0.029247
0.478072 0.653575 0.070543 0.029620
0.464692 0.962799 0.074268 0.033217
0.271966 0.539878 0.061256 0.022923
0.060014 0.273814 0.044760 0.028066
