0.276940 0.317371 0.068149 0.038877
0.055975 0.751852 0.070033 0.039812
0.823729 0.734104 0.070986 0.045268
0.828469 0.902986 0.072009 0.043658
0.164102 0.453616 0.054991 0.034076
0.051153 0.452910 0.067047 0.046204
0.169241 0.526783 0.057815 0.040468
0.052966 0.498335 0.055188 0.036939
0.390265 0.283410 0.053311 0.032937
0.718779 0.571332 0.058075 0.038809
0.278448 0.360132 0.059339 0.039680
0.062523 0.859489 0.051909 0.035783
0.722093 0.774976 0.064843 0.044184
0.164589 0.361371 0.053851 0.035741
0.384713 0.642966 0.075513 0.039514
0.163973 0.323563 0.051876 0.036801
0.162581 0.977220 0.066787 0.037949
0.718482 0.650962 0.066594 0.041724
0.166279 0.854773 0.071589 0.037590
0.829734 0.606972 0.059851 0.038830
0.825815 0.647697 0.059483 0.043794
0.280276 0.399012 0.064872 0.034880
0.166195 0.777431 0.073091 0.042581
0.825030 0.381545 0.075040 0.049229
0.060541 0.821563 0.055105 0.037820
0.055295 0.625065 0.053662 0.045148
0.388811 0.475571 0.053830 0.032860
0.164700 0.488565 0.052130 0.032453
0.054269 0.412139 0.057033 0.036107
0.278691 0.275988 0.060092 0.042623
0.164325 0.283739 0.060613 0.040845
0.820852 0.271137 0.066669 0.038362
0.166288 0.895700 0.077071 0.038355
0.053022 0.279690 0.058956 0.041314
0.054484 0.321573 0.053443 0.038897
0.502726 0.611218 0.052140 0.033376
0.721415 0.695839 0.064252 0.042170
0.828855 0.109793 0.061035 0.029410
0.162807 0.737864 0.057394 0.035655
0.606604 0.713037 0.079246 0.040946
0.060198 0.672536 0.057948 0.038770
0.167214 0.642586 0.068725 0.033669
0.170550 0.564736 0.056820 0.034598
0.166927 0.936200 0.054098 0.040840
0.828673 0.145370 0.055583 0.037791
0.394605 0.551121 0.062854 0.041656
0.391842 0.250798 0.058454 0.029032
0.503874 0.649281 0.057092 0.038801
0.939883 0.421689 0.061198 0.033148
0.934698 0.267614 0.055281 0.042099
0.715693 0.313886 0.058844 0.033540
0.496868 0.309393 0.075743 0.037004
0.825505 0.234237 0.052620 0.033407
0.392203 0.597966 0.055439 0.044992
0.825066 0.779901 0.055396 0.041391
0.717648 0.894085 0.068775 0.040834
0.170401 0.180157 0.070420 0.033584
0.055759 0.539056 0.054747 0.040552
0.388820 0.722902 0.059252 0.045091
0.833112 0.858665 0.059064 0.034846
0.059442 0.161418 0.072472 0.035325
0.931843 0.192938 0.066421 0.037542
0.715511 0.442348 0.057009 0.044168
0.724432 0.854605 0.069166 0.037585
0.825704 0.191083 0.056329 0.048379
0.936125 0.157455 0.053745 0.030384
0.384650 0.356942 0.064113 0.049323
0.058092 0.237368 0.063029 0.038814
0.385795 0.402650 0.053173 0.043209
0.170145 0.148932 0.056411 0.027029
0.825501 0.691135 0.053191 0.037219
0.063561 0.126934 0.060046 0.032782
0.279812 0.538091 0.091081 0.040793
0.937816 0.884361 0.053527 0.029210
0.389632 0.217237 0.059791 0.035730
0.166412 0.212640 0.067167 0.031119
0.941577 0.311088 0.052679 0.040403
0.168043 0.245151 0.056262 0.034236
0.939937 0.385259 0.048045 0.034989
0.063132 0.930505 0.057104 0.043218
0.161388 0.681322 0.067389 0.039890
0.944828 0.122513 0.059362 0.030645
0.607779 0.171831 0.053930 0.037956
0.722664 0.608013 0.054133 0.031791
0.719661 0.528699 0.052440 0.040771
0.500979 0.346286 0.061205 0.039834
0.502209 0.385176 0.054185 0.040659
0.502623 0.503251 0.047595 0.037482
0.488479 0.072137 0.074295 0.045044
0.723125 0.394576 0.054872 0.044735
0.937757 0.082383 0.048693 0.036039
0.499670 0.540220 0.052704 0.034646
0.064361 0.063590 0.060060 0.029234
0.725134 0.815955 0.056201 0.036648
0.166954 0.602138 0.045745 0.040952
0.605424 0.213162 0.064668 0.038286
0.938551 0.817627 0.049590 0.037789
0.608207 0.036468 0.069883 0.046217
0.054031 0.368028 0.051729 0.046974
0.943179 0.661075 0.049624 0.032567
0.387746 0.683067 0.059022 0.032158
0.164008 0.422723 0.049933 0.027949
0.718816 0.063347 0.064575 0.035752
0.283849 0.194426 0.058617 0.041991
0.610606 0.317017 0.066294 0.034566
0.280580 0.495246 0.051652 0.040917
0.603109 0.626295 0.066449 0.038354
0.067516 0.971833 0.054088 0.034958
0.060782 0.712360 0.053110 0.036161
0.603480 0.586938 0.059120 0.039359
0.936735 0.854345 0.061073 0.027271
0.718028 0.105153 0.054325 0.041702
0.715264 0.234182 0.055688 0.035561
0.608063 0.877592 0.056281 0.029404
0.286588 0.579822 0.057143 0.041288
0.717225 0.486951 0.051783 0.038243
0.829800 0.567342 0.055538 0.034253
0.063718 0.094900 0.049203 0.031400
0.385013 0.441463 0.048369 0.030535
0.721947 0.146546 0.051528 0.038982
0.721046 0.963891 0.079341 0.040619
0.054354 0.581148 0.050177 0.038694
0.387553 0.512494 0.052570 0.033473
0.494761 0.113718 0.053903 0.035294
0.825847 0.820407 0.061209 0.037470
0.721460 0.734257 0.057243 0.033272
0.387696 0.179652 0.049172 0.039425
0.168763 0.119574 0.052646 0.031658
0.066021 0.892711 0.053638 0.027841
0.503493 0.789007 0.059414 0.040109
0.167736 0.082663 0.048822 0.041731
0.058338 0.786394 0.057283 0.030537
0.503172 0.720813 0.054824 0.038377
0.284284 0.456260 0.051988 0.034634
0.607999 0.079992 0.063004 0.041186
0.504527 0.426092 0.067488 0.042981
0.059633 0.198963 0.068728 0.034622
0.389448 0.316334 0.046632 0.030323
0.620858 0.966753 0.064038 0.038613
0.497274 0.153405 0.050338 0.042183
0.170758 0.817905 0.053011 0.033919
0.939072 0.530679 0.045531 0.039787
0.933278 0.230695 0.052457 0.032830
0.718134 0.351485 0.054203 0.037245
0.939975 0.736037 0.054860 0.027851
0.610502 0.505592 0.052553 0.037690
0.617284 0.400439 0.066245 0.044653
0.718696 0.274371 0.057710 0.043094
0.825737 0.526619 0.056331 0.040500
0.503117 0.685717 0.047218 0.033657
0.935288 0.699259 0.058417 0.038627
0.934438 0.954555 0.065199 0.034988
0.611808 0.252051 0.048874 0.041989
0.936278 0.488037 0.054560 0.042737
0.061393 0.033198 0.048643 0.030764
0.503456 0.754859 0.047672 0.032002
0.939969 0.918676 0.045800 0.031967
0.941543 0.573370 0.049798 0.040066
0.728310 0.928713 0.060462 0.026395
0.500893 0.576234 0.052926 0.033711
0.609196 0.356631 0.044079 0.039946
0.617722 0.931488 0.049740 0.032087
0.497504 0.274006 0.052008 0.034629
0.939189 0.774009 0.046178 0.043980
0.941741 0.618384 0.055919 0.046173
0.504096 0.828915 0.043478 0.040824
0.609272 0.840792 0.046840 0.040536
0.170701 0.038586 0.059519 0.043335
0.608228 0.131489 0.054371 0.043819
0.611372 0.668999 0.049844 0.047047
0.281940 0.234396 0.044145 0.038079
0.505734 0.464395 0.068588 0.037459
0.826233 0.339149 0.053823 0.035008
0.287761 0.147782 0.073173 0.043418
0.936481 0.349756 0.051782 0.034327
0.826518 0.074925 0.048203 0.036558
0.603192 0.546663 0.046215 0.041232
0.614841 0.286143 0.044182 0.024749
0.825190 0.035806 0.053178 0.037440
0.500684 0.201228 0.075079 0.050177
0.610228 0.441416 0.043248 0.035279
0.936303 0.452504 0.051870 0.025963
0.611845 0.754375 0.044332 0.043358
0.164786 0.394362 0.042050 0.030488
0.833505 0.962177 0.058875 0.034622
0.610290 0.903741 0.047491 0.026455
0.716576 0.189818 0.046807 0.048084
0.823931 0.487356 0.069671 0.033898
0.828318 0.308979 0.060423 0.029924
0.500542 0.242931 0.056053 0.033446
0.939945 0.039503 0.048406 0.041738
0.393570 0.141338 0.059319 0.035558
0.719281 0.028120 0.055766 0.028779
0.284435 0.111123 0.049063 0.029425
0.494485 0.032443 0.051874 0.034952
0.388566 0.108547 0.040598 0.030704
0.499509 0.872771 0.067719 0.043670
0.611145 0.798206 0.046299 0.042406
0.835336 0.938810 0.058180 0.022615
0.607842 0.470350 0.051896 0.026907
0.286911 0.428632 0.045930 0.019313
0.822494 0.426859 0.051916 0.038525
0.391289 0.073603 0.040914 0.037420
0.165652 0.709903 0.044908 0.020000
0.391296 0.033809 0.040759 0.034906
