0.182921 0.804639 0.071318 0.029381
0.182400 0.483933 0.067711 0.039044
0.064815 0.866640 0.062826 0.039494
0.185415 0.731553 0.057125 0.030826
0.180586 0.767865 0.060820 0.038149
0.290302 0.421719 0.057663 0.037382
0.073544 0.277470 0.073963 0.041848
0.190006 0.658206 0.053168 0.037044
0.185632 0.242834 0.056213 0.041733
0.063635 0.828176 0.064178 0.033274
0.067695 0.795036 0.061948 0.029587
0.408050 0.633517 0.051749 0.037592
0.632886 0.508392 0.064894 0.035761
0.073329 0.660873 0.051091 0.035543
0.073820 0.731720 0.048766 0.035258
0.188763 0.697476 0.054407 0.034535
0.067273 0.153751 0.065491 0.042927
0.404992 0.739353 0.063710 0.032909
0.729783 0.193490 0.062908 0.034323
0.626353 0.621476 0.058803 0.042376
0.291826 0.856661 0.073017 0.036189
0.404692 0.704861 0.049107 0.034975
0.624147 0.260400 0.070522 0.040537
0.413638 0.594920 0.059944 0.034396
0.624273 0.219717 0.052000 0.036815
0.075273 0.583794 0.058973 0.039956
0.189669 0.521517 0.059005 0.033228
0.403002 0.071812 0.055863 0.038116
0.073466 0.696279 0.048518 0.034804
0.289471 0.385235 0.048621 0.032734
0.190999 0.557434 0.055672 0.035086
0.073453 0.545040 0.052346 0.038445
0.070385 0.763024 0.052568 0.028243
0.181189 0.120835 0.055136 0.044222
0.287871 0.184533 0.057953 0.043791
0.281360 0.097721 0.069379 0.041456
0.189226 0.623245 0.052045 0.033379
0.625852 0.581531 0.058877 0.037188
0.723780 0.308575 0.067993 0.042368
0.292336 0.459851 0.053490 0.035829
0.071639 0.233513 0.052375 0.037501
0.627767 0.411856 0.052815 0.036862
0.407004 0.495256 0.062777 0.030692
0.184165 0.444833 0.050092 0.035767
0.286616 0.281121 0.056292 0.037164
0.184494 0.403800 0.052298 0.041084
0.181691 0.076161 0.056874 0.043736
0.072997 0.325090 0.060860 0.046311
0.511823 0.347229 0.048770 0.040116
0.625817 0.070153 0.053473 0.042746
0.627028 0.447080 0.052574 0.032436
0.727245 0.229274 0.055937 0.033787
0.404870 0.670655 0.046237 0.033889
0.625089 0.110986 0.057386 0.035567
0.073456 0.910948 0.048570 0.039943
0.294991 0.920811 0.051084 0.029832
0.286069 0.141925 0.050400 0.038934
0.515088 0.574139 0.048698 0.036565
0.503584 0.234287 0.056318 0.041421
0.405304 0.902690 0.050884 0.042764
0.625371 0.180183 0.046122 0.035124
0.402727 0.858130 0.058622 0.036293
0.625540 0.334304 0.059985 0.045183
0.294295 0.686317 0.054115 0.034762
0.181302 0.838098 0.052267 0.035148
0.508300 0.075239 0.055596 0.036211
0.296889 0.537493 0.050084 0.036948
0.179547 0.941419 0.052766 0.038833
0.730594 0.158832 0.042310 0.032628
0.071811 0.621943 0.063914 0.035865
0.293878 0.722389 0.050746 0.038164
0.407932 0.556261 0.049679 0.038190
0.187598 0.200295 0.049672 0.038756
0.618312 0.950507 0.054161 0.030572
0.622651 0.819403 0.051820 0.030959
0.515928 0.910579 0.048637 0.036714
0.194681 0.587594 0.056552 0.028601
0.732659 0.422613 0.055934 0.036021
0.296338 0.649839 0.046804 0.037177
0.629243 0.661671 0.054354 0.036557
0.181779 0.286757 0.058450 0.039511
0.627945 0.374356 0.058032 0.036054
0.628410 0.547176 0.047812 0.034022
0.402713 0.108652 0.054105 0.031104
0.071109 0.108887 0.056617 0.038659
0.073051 0.037361 0.062886 0.041928
0.070448 0.194713 0.054073 0.038828
0.404042 0.397889 0.049476 0.043213
0.185530 0.362938 0.053943 0.037589
0.729411 0.266424 0.051211 0.035046
0.626885 0.851422 0.045299 0.033269
0.511106 0.035415 0.061473 0.041771
0.505151 0.146952 0.057013 0.041113
0.509023 0.276110 0.051105 0.041425
0.078074 0.440789 0.045859 0.033229
0.626637 0.919381 0.043938 0.031481
0.624909 0.145613 0.044405 0.032249
0.296392 0.499271 0.048487 0.034595
0.399899 0.279345 0.049152 0.042080
0.401908 0.825712 0.045103 0.030819
0.516320 0.612235 0.045199 0.036625
0.186014 0.161589 0.052455 0.037821
0.296212 0.761523 0.044926 0.040227
0.405542 0.356754 0.052135 0.039049
0.736252 0.455542 0.055167 0.033912
0.291892 0.347850 0.045870 0.036491
0.736659 0.491316 0.049218 0.038819
0.625992 0.887986 0.043744 0.033113
0.402610 0.031195 0.045925 0.037442
0.519114 0.808398 0.043106 0.034411
0.183651 0.033544 0.050616 0.039901
0.733120 0.346727 0.059274 0.033150
0.178807 0.902886 0.043682 0.031882
0.296056 0.617526 0.043528 0.026560
0.615826 0.031670 0.051053 0.033657
0.504546 0.189708 0.048817 0.043628
0.409307 0.944216 0.058274 0.031179
0.073766 0.507661 0.044135 0.033822
0.521727 0.721445 0.045294 0.042217
0.510199 0.110935 0.055888 0.034953
0.403614 0.163997 0.048094 0.034141
0.290661 0.952667 0.068872 0.033137
0.624184 0.783109 0.050613 0.039238
0.075677 0.948889 0.048766 0.035790
0.076168 0.407125 0.046101 0.035069
0.732212 0.123297 0.049418 0.033653
0.514790 0.384843 0.044318 0.033407
0.624747 0.743631 0.047761 0.041593
0.075221 0.366829 0.047500 0.035450
0.295919 0.889610 0.051097 0.028595
0.180681 0.871902 0.040605 0.030475
0.629537 0.700018 0.049874 0.041471
0.519798 0.684082 0.045425 0.034297
0.523825 0.839991 0.050390 0.033442
0.738959 0.786603 0.053313 0.033724
0.513859 0.312308 0.049985 0.026924
0.076423 0.473768 0.045595 0.031333
0.945808 0.115616 0.052237 0.038363
0.522391 0.769895 0.047261 0.042850
0.735911 0.822408 0.051870 0.026153
0.520759 0.875315 0.051490 0.034960
0.291060 0.313817 0.048622 0.030004
0.514233 0.457756 0.046287 0.039682
0.403927 0.319570 0.051805 0.035118
0.739525 0.855919 0.045875 0.038244
0.943611 0.074798 0.057717 0.038661
0.517520 0.945274 0.043744 0.034426
0.296687 0.579766 0.044585 0.042112
0.514650 0.419361 0.044297 0.036699
0.734029 0.385663 0.041835 0.037388
0.403312 0.773952 0.053234 0.036871
0.841261 0.410095 0.051083 0.042745
0.077605 0.979355 0.051902 0.026476
0.403962 0.210015 0.047759 0.045360
0.515188 0.541168 0.042466 0.028890
0.398845 0.445012 0.059186 0.045201
0.946985 0.154148 0.046487 0.040501
0.739197 0.527356 0.047370 0.033208
0.183340 0.324835 0.077269 0.032523
0.290380 0.803295 0.072482 0.044974
0.738185 0.598007 0.044655 0.038212
0.513792 0.501893 0.044077 0.043742
0.733701 0.081778 0.049399 0.045734
0.072330 0.074303 0.047889 0.029254
0.738346 0.639722 0.047182 0.040957
0.628164 0.295883 0.052407 0.026654
0.943575 0.033532 0.044835 0.040434
0.629378 0.475614 0.051472 0.024241
0.290121 0.235970 0.051607 0.053700
0.729609 0.943176 0.045907 0.033909
0.517795 0.650300 0.049862 0.034859
0.740544 0.749146 0.045020 0.039358
0.738365 0.560452 0.043628 0.034394
0.400552 0.245410 0.040568 0.025649
0.736002 0.036281 0.047873 0.041694
0.832389 0.359108 0.067510 0.046554
0.741214 0.715563 0.037147 0.025178
0.734131 0.903769 0.052319 0.042202
0.404752 0.524610 0.046000 0.026422
0.737628 0.680008 0.041705 0.041999
0.288180 0.056634 0.042790 0.032038
0.406372 0.136391 0.050479 0.023980
0.836756 0.169758 0.038520 0.034242
0.286253 0.028703 0.052244 0.028325
0.839132 0.209697 0.038134 0.038565
0.837823 0.258674 0.041002 0.040374
