0.058864 0.660191 0.067312 0.040644
0.387710 0.378361 0.067700 0.043103
0.481350 0.858852 0.067391 0.045977
0.504176 0.246036 0.059264 0.037832
0.162703 0.883295 0.062755 0.040621
0.278756 0.280133 0.068152 0.046688
0.830651 0.072077 0.065957 0.048286
0.930471 0.721890 0.062548 0.038745
0.493726 0.550470 0.064109 0.040565
0.619525 0.178122 0.059078 0.042706
0.386524 0.261393 0.072202 0.033590
0.599253 0.757609 0.063462 0.040418
0.715105 0.458593 0.055860 0.038550
0.611626 0.265214 0.060831 0.040645
0.709654 0.721073 0.065060 0.037963
0.275721 0.726804 0.059340 0.041247
0.708123 0.645109 0.063289 0.033619
0.267246 0.601085 0.071428 0.045619
0.371697 0.916656 0.060443 0.045618
0.835844 0.268847 0.062759 0.041026
0.615134 0.394008 0.061622 0.049925
0.270097 0.808684 0.066355 0.045961
0.284646 0.169745 0.055101 0.041692
0.378787 0.711218 0.058275 0.039533
0.274288 0.683521 0.050674 0.039278
0.598574 0.716715 0.061687 0.034591
0.175936 0.271230 0.056501 0.043063
0.169921 0.318297 0.065847 0.043285
0.704963 0.846153 0.051469 0.037130
0.705362 0.805915 0.058756 0.040116
0.159233 0.682651 0.059432 0.043513
0.617909 0.105120 0.051800 0.031272
0.934050 0.890921 0.058062 0.040396
0.599755 0.676703 0.058396 0.036763
0.261249 0.891016 0.062263 0.038481
0.609208 0.309115 0.053002 0.041788
0.167879 0.841473 0.056954 0.040809
0.720962 0.416870 0.055062 0.041316
0.063772 0.383729 0.056555 0.039073
0.385268 0.423657 0.070072 0.042465
0.399567 0.061847 0.071834 0.038471
0.064054 0.294376 0.057821 0.045694
0.827692 0.925618 0.058182 0.038231
0.821684 0.777495 0.070590 0.043098
0.508695 0.204317 0.053553 0.040448
0.826374 0.423086 0.076069 0.040729
0.057995 0.703635 0.052038 0.038123
0.383944 0.505355 0.062867 0.046146
0.933853 0.679411 0.055410 0.044182
0.830523 0.149144 0.067101 0.034623
0.282711 0.356117 0.063541 0.037209
0.504273 0.287942 0.062442 0.035430
0.932530 0.962436 0.062052 0.036397
0.163776 0.571398 0.059559 0.037871
0.622838 0.221819 0.057669 0.039518
0.391979 0.186696 0.059911 0.036545
0.839868 0.227393 0.058685 0.040646
0.508132 0.163625 0.062195 0.034990
0.264872 0.932814 0.053611 0.040910
0.935678 0.633931 0.052820 0.044231
0.819871 0.618750 0.059648 0.049588
0.065744 0.457195 0.055806 0.041208
0.832297 0.113195 0.062967 0.032024
0.167815 0.963356 0.061706 0.035386
0.725992 0.117578 0.055321 0.035229
0.729138 0.179219 0.050001 0.035302
0.061858 0.169810 0.056236 0.045207
0.708924 0.884223 0.050589 0.036061
0.826787 0.737251 0.056582 0.037939
0.601769 0.558665 0.062321 0.040839
0.492857 0.439502 0.078801 0.043853
0.061025 0.850221 0.066322 0.046574
0.166721 0.611073 0.062251 0.030524
0.932335 0.762255 0.063246 0.039195
0.944175 0.101224 0.061049 0.036663
0.825517 0.855767 0.051008 0.041035
0.942112 0.515124 0.058194 0.036374
0.063374 0.741200 0.055824 0.031913
0.266422 0.852213 0.055709 0.035679
0.161025 0.726031 0.052309 0.040851
0.938150 0.472188 0.055300 0.042269
0.711388 0.921691 0.056076 0.033687
0.384124 0.298731 0.061799 0.038608
0.172826 0.225461 0.055756 0.045166
0.373062 0.828804 0.058012 0.043011
0.724183 0.076710 0.058091 0.044329
0.832085 0.027336 0.060215 0.039181
0.599098 0.597537 0.055174 0.042513
0.381617 0.592947 0.051111 0.039320
0.171456 0.152011 0.060943 0.040431
0.164240 0.528562 0.070812 0.042866
0.931818 0.928857 0.049227 0.033753
0.058847 0.615315 0.055897 0.039842
0.712430 0.526575 0.053525 0.031087
0.164131 0.363873 0.059042 0.035409
0.587847 0.902537 0.079373 0.046255
0.478060 0.899750 0.055620 0.035529
0.827625 0.572242 0.052125 0.039216
0.722132 0.346603 0.047224 0.040589
0.603483 0.520088 0.058411 0.032759
0.056118 0.803594 0.058892 0.043329
0.609702 0.442557 0.062565 0.043158
0.382580 0.338788 0.052399 0.035919
0.275528 0.559551 0.053630 0.032576
0.618591 0.138673 0.050472 0.032517
0.712076 0.603195 0.047707 0.041915
0.382795 0.463615 0.061253 0.032520
0.396425 0.105582 0.060827 0.044141
0.272661 0.766236 0.053132 0.035001
0.493721 0.597104 0.072525 0.048647
0.279854 0.430599 0.059692 0.038843
0.391418 0.224163 0.054089 0.036987
0.940910 0.235295 0.060939 0.044361
0.284007 0.236897 0.055984 0.032950
0.496647 0.328351 0.063499 0.041103
0.828046 0.466120 0.057432 0.035925
0.940062 0.144487 0.057819 0.047317
0.594130 0.798444 0.051790 0.039305
0.271149 0.516278 0.072423 0.050819
0.481090 0.813360 0.057428 0.037858
0.060919 0.572861 0.052355 0.041111
0.065639 0.495898 0.052660 0.030505
0.825471 0.534143 0.044270 0.033525
0.728816 0.217188 0.054493 0.038301
0.711335 0.682570 0.050732 0.036172
0.721925 0.250797 0.055421 0.028545
0.168607 0.454153 0.063609 0.044588
0.061322 0.340183 0.052262 0.039417
0.058809 0.530493 0.055427 0.038497
0.510639 0.123473 0.064133 0.036997
0.941171 0.063438 0.056343 0.035695
0.167083 0.923979 0.053133 0.038039
0.832776 0.342444 0.062993 0.039836
0.837175 0.187037 0.051200 0.038447
0.821360 0.816864 0.057144 0.033217
0.482335 0.746562 0.053632 0.036660
0.599098 0.637574 0.051661 0.034685
0.933052 0.850200 0.060748 0.039549
0.283615 0.393623 0.058015 0.035147
0.279364 0.470210 0.053622 0.037311
0.483463 0.780577 0.051061 0.030167
0.840356 0.307203 0.063099 0.030975
0.271278 0.643377 0.055644 0.035027
0.062455 0.081880 0.058118 0.043613
0.936092 0.805610 0.054670 0.046096
0.944600 0.272933 0.061143 0.033666
0.825122 0.663260 0.055908 0.039156
0.716439 0.494273 0.049416 0.031209
0.708494 0.763017 0.055994 0.042802
0.482664 0.708407 0.060676 0.039843
0.064717 0.419868 0.057592 0.025720
0.493859 0.641720 0.053746 0.036771
0.620493 0.068834 0.055081 0.040094
0.722757 0.282830 0.047793 0.031988
0.824266 0.891459 0.052201 0.024803
0.475984 0.964186 0.062899 0.038157
0.062371 0.251926 0.050616 0.037242
0.066846 0.124899 0.053240 0.039947
0.710095 0.959924 0.054273 0.038053
0.282079 0.319533 0.058997 0.028414
0.270201 0.969616 0.064675 0.031990
0.060367 0.212805 0.052270 0.038195
0.825462 0.700826 0.054408 0.029627
0.712342 0.561870 0.050260 0.037729
0.939150 0.587631 0.052394 0.039990
0.942459 0.425016 0.054076 0.044818
0.165600 0.766132 0.047488 0.037560
0.165416 0.642182 0.052515 0.032858
0.373591 0.787530 0.049110 0.036570
0.606087 0.481837 0.051442 0.033816
0.180531 0.068347 0.055185 0.038224
0.287668 0.128869 0.062710 0.034989
0.491892 0.479767 0.053331 0.034100
0.939907 0.381467 0.058380 0.041131
0.373308 0.871737 0.046622 0.041522
0.379963 0.750018 0.054018 0.036289
0.382078 0.667396 0.050853 0.044936
0.285649 0.206178 0.051664 0.026984
0.514406 0.030420 0.072546 0.047452
0.833359 0.381368 0.060258 0.034829
0.064238 0.895640 0.047445 0.042090
0.492815 0.399494 0.048358 0.036340
0.726478 0.381357 0.049879 0.023223
0.592609 0.861648 0.055950 0.036761
0.585647 0.947767 0.067847 0.043724
0.164351 0.408082 0.051977 0.048161
0.166254 0.802544 0.046656 0.034742
0.397066 0.144470 0.050842 0.034287
0.480295 0.933212 0.045776 0.025821
0.286546 0.094565 0.053389 0.036832
0.059932 0.030777 0.060676 0.052233
0.729303 0.148371 0.045901 0.023874
0.822129 0.964810 0.050338 0.038595
0.612193 0.026380 0.054107 0.041304
0.722378 0.312284 0.048693 0.024725
0.493050 0.516058 0.056810 0.029240
0.732021 0.028570 0.046686 0.046226
0.491938 0.673524 0.055732 0.027463
0.943369 0.313621 0.048103 0.043191
0.382817 0.628238 0.044650 0.029999
0.373942 0.957992 0.060302 0.030851
0.826467 0.501309 0.041406 0.031995
0.938848 0.025236 0.048039 0.037951
0.940621 0.190235 0.043499 0.041534
0.531103 0.076281 0.100650 0.049802
0.399601 0.024038 0.050397 0.028327
0.940070 0.550109 0.043870 0.032531
0.612609 0.349905 0.061913 0.034951
0.181236 0.025042 0.052965 0.039585
0.164025 0.493014 0.064822 0.026841
0.290236 0.021999 0.049516 0.030408
0.060462 0.771025 0.050503 0.025616
0.496257 0.368112 0.048357 0.033282
0.941913 0.348833 0.045038 0.026543
0.176529 0.186035 0.053905 0.026560
0.288036 0.056913 0.049476 0.035562
0.174929 0.110375 0.041745 0.040440
0.384396 0.551143 0.065590 0.044387
0.057690 0.942541 0.046825 0.047086
0.593748 0.831538 0.049195 0.025961
