0.336529 0.214527 0.076136 0.041447
0.693218 0.177838 0.075237 0.031842
0.568399 0.521060 0.070079 0.040319
0.209266 0.676143 0.079854 0.031483
0.337631 0.085138 0.072867 0.037692
0.453097 0.173893 0.082014 0.042830
0.097301 0.297768 0.074246 0.041904
0.331985 0.737817 0.084987 0.038743
0.335222 0.396491 0.072745 0.039676
0.090496 0.423612 0.073475 0.041966
0.929776 0.860160 0.072600 0.035282
0.211601 0.515580 0.079424 0.031456
0.329144 0.278579 0.079691 0.033216
0.690643 0.287053 0.079363 0.038015
0.811691 0.708957 0.076095 0.037747
0.804960 0.105423 0.084418 0.040158
0.450582 0.128579 0.081144 0.038083
0.574294 0.226805 0.075364 0.045421
0.448176 0.630724 0.072363 0.038855
0.571933 0.181040 0.076856 0.042397
0.564210 0.480837 0.087933 0.036777
0.329041 0.468963 0.070225 0.035896
0.449834 0.454275 0.070733 0.038474
0.933663 0.154600 0.078017 0.038727
0.437591 0.880353 0.076362 0.037671
0.443208 0.669384 0.068165 0.033372
0.098165 0.257094 0.069014 0.033672
0.332376 0.174656 0.068237 0.035941
0.222836 0.166306 0.078737 0.037694
0.808560 0.181170 0.084056 0.032050
0.570280 0.382394 0.083185 0.038949
0.220320 0.031427 0.083550 0.041450
0.329341 0.702077 0.072413 0.029434
0.223095 0.251275 0.089468 0.033055
0.696539 0.141537 0.062778 0.034894
0.813936 0.472306 0.071141 0.043641
0.327611 0.506451 0.078040 0.038092
0.454518 0.307244 0.070272 0.036895
0.458089 0.062993 0.085144 0.030958
0.806453 0.066171 0.086624 0.036362
0.692201 0.104668 0.060576 0.039028
0.445805 0.528531 0.073475 0.035798
0.562887 0.269445 0.070303 0.038038
0.930824 0.896172 0.068972 0.033666
0.213229 0.741596 0.065062 0.034447
0.441959 0.492155 0.080634 0.032607
0.096850 0.144094 0.074553 0.032087
0.684354 0.537185 0.094086 0.034402
0.805977 0.220141 0.072685 0.042368
0.931985 0.373861 0.064469 0.031837
0.559014 0.900598 0.065158 0.032906
0.330073 0.920939 0.079799 0.034712
0.215291 0.321727 0.070781 0.043913
0.440591 0.596668 0.067006 0.026386
0.691283 0.415148 0.084760 0.038978
0.812961 0.750040 0.086578 0.033989
0.455478 0.272295 0.076412 0.031024
0.678618 0.857417 0.077799 0.034045
0.562136 0.708294 0.065413 0.037349
0.689195 0.025737 0.067978 0.040057
0.924168 0.931191 0.067690 0.034304
0.695225 0.329222 0.069411 0.042211
0.090702 0.379408 0.071306 0.045286
0.454981 0.345549 0.080444 0.038102
0.446995 0.709351 0.081435 0.040618
0.097071 0.181060 0.073492 0.037612
0.689613 0.740873 0.084034 0.041062
0.692104 0.065260 0.065268 0.036974
0.205772 0.708243 0.062003 0.029640
0.096332 0.339523 0.080387 0.032921
0.554420 0.742941 0.066689 0.033081
0.928137 0.788127 0.086905 0.034250
0.322568 0.318221 0.073038 0.041978
0.330297 0.625357 0.080613 0.037968
0.457881 0.094842 0.073303 0.028592
0.568592 0.105518 0.062022 0.038769
0.558745 0.779024 0.062262 0.036288
0.929762 0.338085 0.081237 0.035447
0.215101 0.101723 0.063021 0.038125
0.806932 0.146014 0.060685 0.036325
0.805975 0.028519 0.069428 0.037675
0.229586 0.209780 0.072897 0.045752
0.447865 0.382151 0.089866 0.035909
0.807171 0.390835 0.080424 0.039122
0.927806 0.822535 0.078722 0.031398
0.804472 0.784063 0.068764 0.035011
0.683486 0.657567 0.080515 0.039433
0.685901 0.695557 0.088982 0.036929
0.699135 0.217139 0.065511 0.042211
0.336342 0.121897 0.074787 0.034150
0.930538 0.755235 0.077043 0.028629
0.808311 0.511995 0.068856 0.035124
0.564423 0.667996 0.063002 0.040544
0.451160 0.417320 0.079873 0.032738
0.335040 0.781250 0.074247 0.043884
0.923661 0.069438 0.089581 0.036540
0.205704 0.640664 0.087608 0.036660
0.563213 0.417828 0.088019 0.032893
0.932647 0.411737 0.069042 0.038158
0.810845 0.430902 0.069482 0.032267
0.570695 0.031709 0.076997 0.045922
0.212499 0.846175 0.068127 0.029997
0.934995 0.111724 0.082739 0.042567
0.337228 0.358373 0.063150 0.030614
0.569031 0.141070 0.077971 0.034816
0.444753 0.773444 0.055196 0.033056
0.331181 0.433248 0.053948 0.030741
0.332415 0.547248 0.077843 0.042279
0.220549 0.065853 0.062878 0.028824
0.680485 0.900623 0.073442 0.047229
0.941627 0.190141 0.076765 0.031273
0.924651 0.029253 0.083492 0.039357
0.702183 0.457145 0.078410 0.038394
0.454761 0.242116 0.068911 0.027771
0.223300 0.284398 0.069988 0.028860
0.320870 0.665427 0.079011 0.038735
0.926785 0.300425 0.094885 0.036904
0.816157 0.972475 0.082125 0.044870
0.810899 0.933147 0.066793 0.031137
0.677749 0.821194 0.078816 0.036779
0.562421 0.934757 0.076303 0.027550
0.212254 0.607041 0.054252 0.027203
0.441040 0.844926 0.066277 0.030274
0.333759 0.823892 0.063716 0.038424
0.805781 0.822041 0.095821 0.038773
0.682976 0.780597 0.078901 0.039995
0.220318 0.134976 0.069222 0.024207
0.928054 0.661578 0.065265 0.035860
0.693892 0.577072 0.072819 0.040298
0.698538 0.374288 0.067658 0.043278
0.089991 0.027777 0.064882 0.038840
0.565972 0.966918 0.077885 0.034698
0.097339 0.069192 0.064997 0.038681
0.807551 0.639610 0.069882 0.031281
0.694934 0.253057 0.053796 0.027408
0.819769 0.862538 0.090936 0.041156
0.439770 0.916632 0.080487 0.031543
0.221023 0.364588 0.058955 0.038260
0.096830 0.107486 0.062758 0.036787
0.808720 0.674309 0.080120 0.031354
0.449247 0.564302 0.058481 0.037567
0.683730 0.614991 0.063009 0.037954
0.562116 0.559571 0.076162 0.034107
0.454179 0.212650 0.061535 0.032793
0.802620 0.261939 0.063300 0.034251
0.093459 0.465337 0.065277 0.036305
0.938154 0.227485 0.081885 0.037288
0.922842 0.589278 0.092682 0.030903
0.215014 0.777241 0.066904 0.033420
0.217233 0.439321 0.058285 0.029507
0.922178 0.556499 0.074820 0.031428
0.929026 0.696801 0.056432 0.026126
0.566554 0.311163 0.074338 0.039089
0.679029 0.938228 0.067455 0.027979
0.326745 0.584588 0.061635 0.034650
0.087103 0.649804 0.100383 0.045407
0.927592 0.447875 0.058301 0.028354
0.212269 0.811644 0.077040 0.037091
0.440324 0.811336 0.096268 0.036013
0.098387 0.219486 0.056806 0.035115
0.675754 0.969375 0.065560 0.036868
0.925850 0.624508 0.053378 0.037785
0.570926 0.068958 0.056088 0.030220
0.574595 0.346559 0.079149 0.028235
0.213697 0.578882 0.053190 0.025015
0.922630 0.523122 0.065341 0.033603
0.797971 0.332360 0.079562 0.029873
0.209932 0.913496 0.063124 0.033362
0.935867 0.264562 0.085243 0.035843
0.560197 0.599211 0.097202 0.044665
0.931635 0.724731 0.065079 0.025122
0.807339 0.556674 0.060895 0.046585
0.328694 0.859153 0.062956 0.029995
0.208192 0.404050 0.083427 0.033903
0.332984 0.888037 0.069277 0.024224
0.332864 0.248836 0.050876 0.026705
0.218261 0.476547 0.060508 0.042277
0.692201 0.497802 0.049588 0.038887
0.810494 0.601623 0.059952 0.042099
0.340600 0.024365 0.083391 0.030250
0.093120 0.595470 0.081563 0.045657
0.336098 0.146381 0.067493 0.019217
0.558757 0.863158 0.096889 0.038466
0.443423 0.743607 0.049866 0.024992
0.448147 0.956717 0.069415 0.040890
0.222511 0.946842 0.078480 0.034794
0.335148 0.050874 0.077173 0.024319
0.929988 0.484718 0.052010 0.043125
0.806842 0.899609 0.089112 0.034117
0.566159 0.634958 0.071304 0.022337
0.218413 0.549747 0.065393 0.032324
0.458925 0.026715 0.051399 0.033897
0.332011 0.955372 0.055965 0.029532
0.208174 0.877261 0.103664 0.036684
0.930865 0.965632 0.086279 0.027146
0.807413 0.300243 0.091470 0.031474
0.563610 0.449729 0.088185 0.029257
0.569094 0.821539 0.098446 0.038678
0.801223 0.359779 0.062339 0.024210
0.489577 0.941472 0.042187 0.026213
