0.910708 0.382678 0.082687 0.031312
0.504474 0.881403 0.077395 0.031116
0.486363 0.210069 0.083257 0.042582
0.489870 0.169045 0.079858 0.037123
0.505882 0.815553 0.073676 0.033849
0.764243 0.296407 0.077917 0.030986
0.767632 0.096626 0.079836 0.034897
0.910595 0.271683 0.073721 0.035007
0.916451 0.847645 0.083780 0.030281
0.634654 0.334723 0.074779 0.037305
0.492105 0.360275 0.066242 0.040132
0.918627 0.712382 0.077917 0.035285
0.348424 0.279986 0.066826 0.035789
0.920112 0.748309 0.065227 0.033790
0.629844 0.215729 0.068498 0.040508
0.364237 0.819926 0.096215 0.037669
0.492755 0.401385 0.082236 0.038451
0.781983 0.553622 0.074111 0.034018
0.908183 0.309468 0.084018 0.037752
0.359438 0.742413 0.081251 0.037342
0.763945 0.061980 0.078320 0.034167
0.210942 0.179168 0.072000 0.035649
0.773254 0.859588 0.073274 0.033936
0.347559 0.379954 0.087079 0.036849
0.760460 0.335997 0.095785 0.043927
0.910955 0.237094 0.080632 0.032312
0.916741 0.498345 0.079538 0.043258
0.922118 0.675232 0.072470 0.032686
0.214876 0.516995 0.070786 0.036620
0.206472 0.136937 0.073895 0.041320
0.922811 0.879702 0.079973 0.033285
0.215384 0.624126 0.064068 0.037071
0.350129 0.315696 0.072075 0.031664
0.494529 0.287858 0.066031 0.036116
0.061870 0.434434 0.076268 0.030803
0.053434 0.074660 0.085254 0.041322
0.211476 0.476864 0.062586 0.037367
0.636084 0.441416 0.073227 0.033351
0.640040 0.538925 0.070608 0.037377
0.622987 0.137023 0.072652 0.041164
0.921771 0.782326 0.068105 0.033127
0.489578 0.249975 0.069534 0.035893
0.065943 0.199956 0.077934 0.040036
0.364398 0.780540 0.068891 0.036494
0.772862 0.515792 0.063217 0.042587
0.906655 0.104447 0.069181 0.039095
0.345921 0.206742 0.063269 0.036424
0.915349 0.641873 0.065803 0.029395
0.775696 0.696486 0.062139 0.032484
0.766680 0.475588 0.070298 0.037293
0.651923 0.958267 0.081602 0.037756
0.903544 0.207807 0.064496 0.029871
0.514164 0.735797 0.071587 0.038929
0.504922 0.777059 0.063578 0.038590
0.506789 0.848011 0.064468 0.029753
0.636379 0.505023 0.087148 0.030128
0.357734 0.667143 0.073654 0.033226
0.492154 0.440144 0.067793 0.033755
0.643434 0.715679 0.085701 0.028533
0.769886 0.167510 0.061360 0.033116
0.344338 0.346249 0.087170 0.026320
0.906005 0.063984 0.085178 0.038576
0.637883 0.609638 0.063220 0.028824
0.626175 0.298704 0.077891 0.033671
0.626826 0.258398 0.058321 0.039916
0.769234 0.228338 0.058090 0.028369
0.780119 0.661702 0.079870 0.033928
0.770171 0.132507 0.065825 0.032310
0.072647 0.239142 0.072806 0.030772
0.774987 0.588001 0.066621 0.028142
0.919370 0.916515 0.067128 0.034544
0.485579 0.131689 0.057649 0.031575
0.347653 0.456609 0.061235 0.037048
0.208915 0.099809 0.075563 0.029471
0.766139 0.260436 0.058510 0.036531
0.492380 0.322525 0.060743 0.029503
0.642481 0.576264 0.058982 0.036170
0.362086 0.703637 0.063205 0.034397
0.210171 0.551495 0.080761 0.029766
0.202950 0.211256 0.071662 0.028810
0.064733 0.476040 0.073875 0.045280
0.215761 0.404517 0.071824 0.035647
0.347505 0.241931 0.061150 0.031669
0.912170 0.453678 0.059515 0.038516
0.375497 0.923093 0.062885 0.030474
0.349823 0.416410 0.079021 0.037524
0.642782 0.642784 0.067061 0.035762
0.773880 0.765231 0.065924 0.038841
0.642408 0.749798 0.068194 0.035854
0.779382 0.622129 0.061765 0.037411
0.066313 0.032591 0.086363 0.036673
0.342864 0.167351 0.061135 0.035568
0.487796 0.095828 0.074474 0.037757
0.208088 0.064886 0.066301 0.037308
0.618904 0.026541 0.100455 0.035990
0.646632 0.887557 0.068967 0.033566
0.913273 0.612175 0.065106 0.023111
0.508226 0.912328 0.064805 0.025770
0.776725 0.727920 0.064091 0.030883
0.223097 0.835657 0.064091 0.037616
0.330808 0.030116 0.086086 0.034896
0.065245 0.279428 0.071179 0.042835
0.356146 0.632828 0.063469 0.036035
0.214366 0.442023 0.061639 0.031955
0.204371 0.248581 0.062150 0.037184
0.509865 0.939144 0.066567 0.025780
0.898920 0.026588 0.082195 0.035687
0.063414 0.397295 0.057539 0.036200
0.767465 0.199167 0.056550 0.029154
0.908600 0.346292 0.060325 0.035033
0.634621 0.370758 0.056748 0.031108
0.775653 0.894949 0.059645 0.031879
0.067547 0.155308 0.057736 0.041408
0.902975 0.416621 0.067869 0.030761
0.914366 0.581144 0.053835 0.031621
0.647198 0.920854 0.073249 0.034667
0.902491 0.141562 0.064029 0.035100
0.208367 0.029311 0.097853 0.035048
0.335100 0.069785 0.076498 0.037780
0.371765 0.953207 0.054936 0.028771
0.365665 0.856591 0.064292 0.033552
0.766630 0.382309 0.060775 0.032159
0.637465 0.853948 0.067732 0.034560
0.621426 0.063768 0.062851 0.039507
0.238328 0.964082 0.077904 0.030014
0.911406 0.543029 0.074009 0.041801
0.918769 0.815507 0.050460 0.030325
0.219054 0.801471 0.056296 0.030238
0.921478 0.951372 0.058392 0.035698
0.638529 0.821724 0.086086 0.023249
0.633922 0.474424 0.079797 0.028030
0.621652 0.100173 0.060036 0.029813
0.515477 0.966144 0.066043 0.028199
0.207591 0.361261 0.075798 0.042705
0.219364 0.660829 0.070878 0.035649
0.632105 0.404082 0.055527 0.033014
0.230273 0.872203 0.072381 0.028517
0.071898 0.519371 0.061533 0.036538
0.507565 0.697983 0.061401 0.035014
0.206433 0.321932 0.064986 0.035343
0.352290 0.597456 0.054968 0.032566
0.338265 0.131910 0.058132 0.032048
0.907129 0.173410 0.064703 0.031742
0.221617 0.771650 0.058593 0.028022
0.216656 0.586346 0.062230 0.037152
0.497664 0.476908 0.066347 0.034423
0.225724 0.932657 0.062411 0.031452
0.339626 0.101521 0.065525 0.027501
0.063301 0.114626 0.059760 0.028010
0.064895 0.323262 0.098087 0.033330
0.768839 0.414366 0.063908 0.020636
0.640199 0.680373 0.057931 0.038032
0.762994 0.027480 0.060235 0.033246
0.628989 0.174994 0.059240 0.033525
0.220964 0.739403 0.054338 0.031385
0.476706 0.029334 0.083340 0.037430
0.205455 0.285314 0.058583 0.032209
0.070277 0.356649 0.060404 0.035005
0.639930 0.787656 0.058918 0.036342
0.499033 0.512048 0.055645 0.033214
0.071644 0.556951 0.080992 0.027227
0.505982 0.659140 0.068071 0.037065
0.777215 0.797545 0.058768 0.027550
0.218453 0.701090 0.055707 0.040490
0.768886 0.442319 0.055663 0.029919
0.350743 0.525129 0.084280 0.041781
0.355565 0.490814 0.063700 0.027706
0.776973 0.825893 0.064666 0.030541
0.353876 0.564126 0.051334 0.029790
0.366033 0.891788 0.074482 0.028907
0.485834 0.063073 0.062746 0.025735
0.226562 0.901423 0.073166 0.032165
0.500643 0.621893 0.060921 0.034320
0.778249 0.946852 0.083924 0.053853
0.504733 0.582494 0.067444 0.037211
