0.726915 0.210267 0.052090 0.033925
0.927292 0.391789 0.056899 0.030840
0.926954 0.527351 0.055600 0.034615
0.523088 0.268877 0.056001 0.031356
0.618943 0.804938 0.057254 0.030285
0.524335 0.203159 0.053498 0.039433
0.626124 0.207808 0.052654 0.032168
0.926841 0.700065 0.054932 0.033418
0.925942 0.352583 0.057202 0.039785
0.928015 0.314137 0.061718 0.032280
0.924378 0.278329 0.053848 0.030287
0.621061 0.840493 0.058574 0.031547
0.829881 0.139169 0.052392 0.028641
0.726975 0.179375 0.052699 0.026109
0.830084 0.196174 0.055164 0.030365
0.928039 0.147839 0.057731 0.028016
0.621408 0.239425 0.049121 0.030531
0.927050 0.180442 0.048215 0.033489
0.628465 0.367959 0.049501 0.033488
0.728254 0.246438 0.050541 0.034163
0.523317 0.335013 0.052590 0.036727
0.826760 0.355024 0.049675 0.029215
0.523978 0.165469 0.050425 0.030454
0.628195 0.334934 0.051551 0.027218
0.825939 0.323302 0.054452 0.032695
0.322153 0.233299 0.052293 0.032015
0.925164 0.840170 0.061040 0.033202
0.924398 0.245395 0.055900 0.031117
0.622202 0.872055 0.054266 0.025595
0.926169 0.457146 0.051121 0.030065
0.719515 0.728586 0.057345 0.029262
0.829850 0.837881 0.048754 0.033530
0.321482 0.329891 0.047048 0.030729
0.927449 0.586977 0.053318 0.029440
0.621483 0.771268 0.051282 0.032379
0.926023 0.941187 0.048466 0.035580
0.925363 0.769562 0.050263 0.034945
0.628412 0.485031 0.048809 0.032447
0.627445 0.176696 0.050451 0.027608
0.923172 0.908052 0.050161 0.028680
0.927193 0.734085 0.041920 0.032329
0.323153 0.201709 0.058030 0.027251
0.823279 0.591498 0.051554 0.025134
0.924442 0.490435 0.047125 0.032822
0.419292 0.221651 0.058892 0.031746
0.120452 0.150578 0.057214 0.033808
0.522088 0.237188 0.055581 0.026062
0.925269 0.214304 0.056441 0.027102
0.824604 0.560631 0.043877 0.028984
0.721067 0.536228 0.052854 0.027799
0.627361 0.400199 0.054919 0.026522
0.623111 0.541911 0.053478 0.029216
0.829805 0.415976 0.052018 0.026150
0.320115 0.298879 0.053931 0.026744
0.314853 0.623168 0.057219 0.028602
0.315990 0.816139 0.055932 0.032990
0.627778 0.147336 0.047754 0.027770
0.321890 0.362577 0.045240 0.032182
0.928475 0.558951 0.053807 0.026014
0.421395 0.370138 0.048789 0.029638
0.318997 0.395113 0.047937 0.029151
0.119497 0.185704 0.045732 0.030054
0.922137 0.804011 0.043993 0.032808
0.125718 0.556948 0.050888 0.031535
0.834440 0.231933 0.059186 0.033538
0.721755 0.825672 0.055483 0.031229
0.831445 0.262950 0.057666 0.027081
0.824658 0.621979 0.046345 0.029792
0.225247 0.287735 0.050550 0.029734
0.625697 0.271103 0.045174 0.029753
0.832210 0.804276 0.051735 0.030510
0.624374 0.304310 0.046071 0.031006
0.829814 0.496002 0.049484 0.031279
0.422843 0.256128 0.053039 0.032479
0.224388 0.824884 0.055383 0.030085
0.725454 0.882022 0.046554 0.028503
0.321392 0.425738 0.053162 0.026531
0.725262 0.303385 0.045002 0.025837
0.720270 0.592581 0.048892 0.030893
0.825470 0.691915 0.040446 0.033005
0.719369 0.416260 0.073323 0.029838
0.319256 0.147179 0.048127 0.027754
0.625375 0.570485 0.048698 0.028923
0.623483 0.690207 0.049340 0.027634
0.127283 0.590119 0.047041 0.031971
0.121367 0.216873 0.052325 0.026587
0.721310 0.662418 0.048195 0.033138
0.832083 0.901176 0.044406 0.028469
0.825195 0.530367 0.053394 0.027650
0.924817 0.615943 0.055040 0.024617
0.225124 0.226209 0.048288 0.032221
0.830079 0.656116 0.039977 0.033478
0.225227 0.857658 0.046378 0.031483
0.721211 0.696178 0.047165 0.030956
0.626587 0.429843 0.045928 0.030592
0.621076 0.658161 0.045747 0.031922
0.714148 0.628742 0.062006 0.032823
0.220360 0.158621 0.048982 0.033422
0.721321 0.762581 0.044904 0.034800
0.831318 0.869927 0.049690 0.026805
0.719677 0.793855 0.048530 0.024710
0.629765 0.117021 0.050739 0.027143
0.419026 0.190651 0.049389 0.026656
0.931179 0.117548 0.048329 0.030716
0.220566 0.192318 0.047413 0.033162
0.719789 0.505461 0.044541 0.027708
0.622014 0.626004 0.054080 0.026175
0.925927 0.425271 0.053820 0.031428
0.124341 0.388248 0.051719 0.031048
0.128249 0.838932 0.045092 0.029163
0.926164 0.874941 0.049016 0.029686
0.830923 0.167199 0.043565 0.023123
0.826693 0.721510 0.044820 0.022480
0.824718 0.746517 0.046719 0.022163
0.317166 0.657221 0.044681 0.032321
0.925974 0.667391 0.058012 0.026339
0.721904 0.913036 0.046461 0.029501
0.129408 0.721021 0.042429 0.030035
0.222201 0.893799 0.048968 0.031938
0.721645 0.946675 0.053802 0.027729
0.728251 0.117029 0.046150 0.033324
0.830437 0.936191 0.044448 0.031484
0.625524 0.900515 0.046731 0.026206
0.420865 0.407704 0.048908 0.035186
0.223540 0.502963 0.048660 0.034605
0.320291 0.173795 0.042856 0.023019
0.718525 0.447511 0.051144 0.026245
0.316407 0.588521 0.040715 0.031673
0.424082 0.296015 0.045317 0.036826
0.316888 0.555490 0.046429 0.028759
0.718916 0.477212 0.046520 0.029605
0.126582 0.318222 0.044234 0.035222
0.830611 0.467109 0.041623 0.024835
0.316665 0.690913 0.044302 0.029492
0.225765 0.315636 0.057966 0.024691
0.828821 0.773157 0.039276 0.028537
0.620613 0.740616 0.040273 0.028557
0.830471 0.386184 0.039988 0.026965
0.928545 0.641890 0.057637 0.022989
0.829932 0.442016 0.053382 0.022378
0.725619 0.277652 0.048958 0.021806
0.222419 0.790415 0.044588 0.028998
0.720530 0.375297 0.047058 0.043630
0.226796 0.590963 0.046827 0.029502
0.218091 0.122793 0.050785 0.028236
0.317656 0.453836 0.044953 0.024845
0.317759 0.267662 0.041595 0.030916
0.626954 0.947862 0.051955 0.024078
0.720109 0.335830 0.044507 0.029626
0.124660 0.422506 0.046636 0.030302
0.625769 0.599093 0.050639 0.023193
0.123540 0.354355 0.044686 0.029611
0.120469 0.251876 0.044769 0.037553
0.722410 0.563849 0.047690 0.022030
0.321311 0.488173 0.043935 0.039348
0.223813 0.719850 0.044592 0.030326
0.423871 0.335340 0.047035 0.030095
0.316027 0.940573 0.049618 0.033459
0.227335 0.688729 0.043658 0.030576
0.126746 0.456918 0.042420 0.031888
0.225399 0.755748 0.041704 0.034225
0.126015 0.808447 0.043241 0.024246
0.224647 0.658782 0.042077 0.026203
0.318044 0.748406 0.041692 0.029675
0.225542 0.533829 0.044544 0.024880
0.122571 0.287098 0.043209 0.023802
0.125311 0.490918 0.041749 0.028433
0.123152 0.522303 0.040108 0.031119
0.224177 0.255590 0.038114 0.024878
0.825164 0.291408 0.047357 0.020115
0.225184 0.927440 0.050055 0.032792
0.724052 0.854393 0.035291 0.022985
0.129400 0.750271 0.040603 0.022690
0.626686 0.514585 0.042400 0.020377
0.225015 0.467454 0.050791 0.028899
0.227415 0.625253 0.042621 0.033226
0.225489 0.371858 0.039237 0.029570
0.126296 0.671236 0.039563 0.029620
0.315513 0.781412 0.038577 0.029369
0.419114 0.161194 0.045154 0.030840
0.627121 0.924588 0.044974 0.016301
0.312542 0.872395 0.039279 0.028369
0.623764 0.715489 0.045378 0.019387
0.522116 0.299969 0.036835 0.027325
0.117003 0.118911 0.045093 0.022591
0.320471 0.523367 0.037180 0.021781
0.313328 0.905473 0.036752 0.028244
0.127020 0.618302 0.048340 0.021807
0.828108 0.112851 0.049915 0.022391
0.126799 0.643829 0.038192 0.026727
0.316275 0.718642 0.039590 0.022684
0.625847 0.455783 0.047694 0.019156
0.417724 0.446237 0.046080 0.031922
0.224856 0.559488 0.037586 0.027387
0.224944 0.434051 0.045432 0.029166
0.223561 0.343365 0.038995 0.025531
0.226325 0.402220 0.036456 0.027754
0.131207 0.936763 0.045458 0.031474
0.316288 0.118716 0.045703 0.024893
0.126328 0.695642 0.037870 0.017238
0.526249 0.135086 0.036153 0.022684
0.525712 0.113527 0.040013 0.018521
0.128917 0.777509 0.037269 0.031856
0.314676 0.845876 0.042141 0.019572
0.225667 0.951710 0.048601 0.021652
0.131413 0.870578 0.031305 0.024318
0.731084 0.149425 0.048510 0.026738
0.135384 0.899902 0.049039 0.028266
