0.827552 0.203272 0.071053 0.040025
0.602980 0.748514 0.060977 0.037023
0.837567 0.885175 0.060596 0.037961
0.947619 0.804484 0.066085 0.031479
0.066370 0.328836 0.061249 0.038033
0.842484 0.923667 0.058484 0.036257
0.487240 0.704981 0.064128 0.039904
0.488878 0.666720 0.060052 0.029868
0.706667 0.629316 0.054587 0.039267
0.837013 0.692164 0.077205 0.040634
0.827382 0.323777 0.079125 0.041319
0.707718 0.558438 0.057820 0.036197
0.706879 0.521675 0.057043 0.033768
0.705908 0.668514 0.057167 0.036016
0.271079 0.222744 0.061812 0.039277
0.840451 0.772588 0.059692 0.041206
0.070455 0.621881 0.071021 0.036365
0.608339 0.851687 0.064238 0.038386
0.605906 0.184479 0.056726 0.040948
0.488516 0.294602 0.058479 0.038050
0.276598 0.420549 0.066499 0.041445
0.833335 0.510922 0.060366 0.031751
0.602354 0.347269 0.060424 0.039832
0.948182 0.769860 0.055522 0.038914
0.065503 0.369950 0.072797 0.039577
0.379918 0.142278 0.058577 0.036429
0.949365 0.838865 0.064996 0.035953
0.843100 0.846381 0.059357 0.036069
0.608346 0.894151 0.059504 0.043673
0.945346 0.731517 0.055730 0.038957
0.273384 0.377133 0.053919 0.039891
0.604143 0.428744 0.072861 0.039419
0.708601 0.712187 0.058541 0.044197
0.936546 0.263455 0.076099 0.036124
0.276690 0.789958 0.069638 0.037139
0.164644 0.323648 0.049128 0.041695
0.072291 0.584546 0.058727 0.035347
0.605894 0.225232 0.053998 0.041348
0.941260 0.224047 0.057556 0.038825
0.610418 0.307442 0.053670 0.037732
0.707408 0.484569 0.048296 0.037466
0.606384 0.553370 0.067133 0.036008
0.829742 0.478080 0.054972 0.034524
0.597395 0.785445 0.056103 0.033081
0.485800 0.778782 0.059374 0.041161
0.945334 0.375449 0.065541 0.042930
0.488263 0.103878 0.057622 0.039615
0.933495 0.024946 0.052835 0.041130
0.706370 0.750223 0.063982 0.032298
0.484464 0.175313 0.053438 0.039514
0.716770 0.297678 0.054569 0.037514
0.839940 0.810612 0.060007 0.035239
0.828324 0.282719 0.051375 0.037313
0.271466 0.299876 0.052377 0.038880
0.164479 0.172872 0.062364 0.038304
0.166936 0.402962 0.055274 0.032969
0.381386 0.211525 0.051882 0.034459
0.175251 0.568276 0.049196 0.033967
0.834087 0.581966 0.055732 0.042677
0.941126 0.333355 0.054266 0.036028
0.826555 0.241952 0.054667 0.035529
0.376445 0.569716 0.058313 0.039482
0.712436 0.889859 0.060942 0.038126
0.602411 0.711347 0.049029 0.030451
0.842981 0.731344 0.064360 0.032165
0.945185 0.590640 0.055235 0.038281
0.826490 0.085619 0.056968 0.035176
0.381037 0.177206 0.052465 0.031197
0.069832 0.661645 0.057808 0.039851
0.380168 0.243717 0.057437 0.031882
0.177209 0.788154 0.054922 0.043035
0.600937 0.021725 0.060539 0.028724
0.382292 0.638021 0.059358 0.036255
0.941650 0.108374 0.063501 0.042175
0.182762 0.747522 0.057591 0.035287
0.068112 0.737757 0.050192 0.033772
0.604562 0.386598 0.052089 0.038561
0.278297 0.183224 0.055627 0.034775
0.831851 0.544900 0.054946 0.027786
0.288341 0.957179 0.054417 0.035240
0.486189 0.558911 0.052444 0.037087
0.272538 0.525798 0.053420 0.037126
0.280764 0.680715 0.056605 0.040736
0.164291 0.283100 0.051851 0.036004
0.838104 0.624451 0.049918 0.036579
0.163757 0.243788 0.051531 0.042234
0.066133 0.288935 0.051127 0.038899
0.715790 0.068977 0.053489 0.040775
0.377113 0.529881 0.052173 0.037150
0.604781 0.592484 0.054501 0.038513
0.377446 0.489247 0.050628 0.042334
0.710840 0.442034 0.049145 0.038297
0.486568 0.742282 0.055275 0.030998
0.487465 0.215105 0.050679 0.034038
0.826664 0.051390 0.049277 0.031070
0.274046 0.111334 0.057619 0.040360
0.068296 0.815601 0.062482 0.037228
0.604930 0.635944 0.063098 0.044753
0.382226 0.280797 0.057088 0.041254
0.071832 0.510963 0.052083 0.037798
0.277322 0.827096 0.055632 0.033817
0.385729 0.404594 0.060752 0.040141
0.381446 0.604404 0.048350 0.026579
0.274375 0.603971 0.050798 0.038243
0.488206 0.824888 0.061457 0.045689
0.936234 0.067720 0.058766 0.036910
0.948691 0.694207 0.050828 0.037083
0.277925 0.753315 0.050253 0.033321
0.166794 0.436795 0.050541 0.036116
0.273220 0.337361 0.047410 0.035286
0.717398 0.330746 0.052771 0.029785
0.608846 0.267720 0.053153 0.038427
0.061772 0.092857 0.062524 0.030741
0.274003 0.564458 0.050428 0.034369
0.827333 0.405507 0.048747 0.037312
0.168831 0.095695 0.050873 0.034562
0.488548 0.254434 0.051891 0.038543
0.945086 0.552420 0.053360 0.036816
0.828984 0.440722 0.046103 0.034979
0.070111 0.549199 0.065348 0.033879
0.073888 0.887839 0.065752 0.039416
0.711366 0.851380 0.059676 0.036985
0.275203 0.148075 0.051092 0.033001
0.719346 0.365684 0.063295 0.035027
0.082752 0.928017 0.068355 0.036541
0.381563 0.854075 0.064389 0.030747
0.281115 0.863445 0.048966 0.037938
0.488585 0.632138 0.048246 0.036317
0.828402 0.161351 0.052753 0.038356
0.610148 0.512958 0.047546 0.038754
0.611097 0.470914 0.050707 0.041487
0.165142 0.365831 0.054767 0.036338
0.169832 0.131995 0.052195 0.035961
0.166613 0.206182 0.064780 0.030688
0.492251 0.908310 0.056870 0.036265
0.179364 0.859404 0.055813 0.031037
0.488007 0.421337 0.050060 0.037181
0.174720 0.635624 0.051083 0.034426
0.487181 0.596078 0.049636 0.034150
0.943434 0.512400 0.052545 0.038599
0.181001 0.961926 0.061088 0.032539
0.950646 0.906649 0.054958 0.033464
0.715612 0.253427 0.050961 0.051140
0.175837 0.536547 0.050878 0.027014
0.708159 0.592534 0.051159 0.031161
0.180283 0.715696 0.050644 0.026083
0.065307 0.776766 0.059162 0.040644
0.176931 0.826211 0.053090 0.032976
0.381232 0.923581 0.047349 0.035517
0.382636 0.446884 0.051003 0.039938
0.950854 0.946050 0.051297 0.042396
0.941388 0.299358 0.048322 0.032803
0.070509 0.412013 0.051648 0.040867
0.177280 0.676703 0.046184 0.043451
0.382114 0.104109 0.052572 0.037919
0.838770 0.657980 0.048201 0.027316
0.281909 0.642648 0.047528 0.036523
0.708529 0.925524 0.051447 0.033613
0.271012 0.261043 0.047892 0.037009
0.486600 0.870995 0.051633 0.040362
0.945478 0.149423 0.058106 0.037322
0.169397 0.471522 0.045595 0.034045
0.714823 0.110869 0.055120 0.038369
0.945313 0.473663 0.068583 0.035081
0.282542 0.926374 0.051774 0.030453
0.270906 0.071771 0.060184 0.036786
0.713698 0.786298 0.062041 0.036587
0.184075 0.927699 0.045751 0.035159
0.711280 0.959750 0.057799 0.035568
0.718006 0.204089 0.058132 0.043576
0.844257 0.954383 0.059220 0.027494
0.948706 0.874057 0.060788 0.033789
0.492922 0.522966 0.053243 0.028207
0.710360 0.403242 0.050611 0.037733
0.944145 0.412818 0.055424 0.028811
0.718611 0.025936 0.049618 0.040401
0.491881 0.139407 0.047959 0.030568
0.060030 0.062469 0.052794 0.025367
0.284922 0.895011 0.053517 0.024996
0.827747 0.364579 0.053508 0.038174
0.057034 0.027707 0.046539 0.035942
0.607129 0.147546 0.048616 0.030784
0.494535 0.943439 0.053684 0.034555
0.604330 0.817111 0.063506 0.023964
0.066395 0.244821 0.049008 0.039964
0.171140 0.505458 0.038308 0.031354
0.272737 0.030292 0.069745 0.044760
0.828459 0.123708 0.047386 0.037173
0.490768 0.064654 0.050654 0.039029
0.383807 0.888154 0.045729 0.032987
0.069950 0.701858 0.043474 0.035546
0.498181 0.330789 0.061214 0.028674
0.826967 0.019785 0.055251 0.027839
0.945149 0.187283 0.068123 0.032021
0.602907 0.675808 0.046741 0.035928
0.382630 0.713569 0.053624 0.037708
0.711787 0.818372 0.071130 0.024599
0.378745 0.070465 0.051781 0.033100
0.278345 0.719260 0.047686 0.035225
0.943768 0.441331 0.063235 0.024675
0.274189 0.489694 0.042184 0.031868
0.607370 0.081914 0.056128 0.033756
0.181017 0.891906 0.043815 0.031702
0.385332 0.323194 0.069422 0.039045
0.721456 0.157209 0.053812 0.043347
0.069359 0.158439 0.059527 0.035859
0.170114 0.063350 0.054993 0.028563
0.383519 0.363863 0.059731 0.039489
0.489654 0.487482 0.045352 0.034670
0.380285 0.784701 0.045709 0.033066
0.492415 0.026300 0.051920 0.038996
0.605280 0.113388 0.046342 0.033133
0.168244 0.028417 0.052941 0.041111
0.486564 0.455471 0.056528 0.028554
0.377752 0.819653 0.045740 0.036806
0.070395 0.474685 0.048716 0.033151
0.377913 0.030731 0.056137 0.047917
0.081630 0.961040 0.049734 0.030173
0.275986 0.457406 0.043620 0.032898
0.491246 0.380139 0.054205 0.043110
0.604863 0.933378 0.044258 0.031876
0.070618 0.200778 0.070441 0.047095
0.383056 0.674562 0.047367 0.035857
0.607325 0.960067 0.046283 0.028076
0.385542 0.751198 0.042565 0.034238
0.942021 0.634152 0.075088 0.044369
0.604659 0.053094 0.058523 0.028289
0.171676 0.599706 0.055174 0.031204
0.073837 0.850969 0.059374 0.035294
0.384834 0.959782 0.050770 0.034383
0.070346 0.449336 0.044080 0.029206
0.947641 0.650477 0.076333 0.040686
0.080458 0.123578 0.084580 0.037463
