0.495958 0.183692 0.056887 0.034667
0.786402 0.596869 0.063162 0.033247
0.593680 0.344267 0.058382 0.031305
0.878212 0.608913 0.058662 0.030511
0.394868 0.877822 0.058176 0.029489
0.881395 0.343981 0.058764 0.034711
0.590406 0.208751 0.056723 0.030956
0.392944 0.173585 0.065166 0.033348
0.684036 0.657981 0.056804 0.032372
0.781113 0.783245 0.055947 0.036121
0.495992 0.764303 0.064380 0.034627
0.111148 0.585305 0.056007 0.029248
0.396115 0.572131 0.055410 0.034756
0.790260 0.489593 0.066940 0.036510
0.591355 0.174730 0.052803 0.033260
0.398117 0.364418 0.059558 0.031782
0.880894 0.451885 0.061704 0.031233
0.591865 0.849612 0.054310 0.030617
0.202318 0.483832 0.053287 0.030448
0.103700 0.658575 0.057889 0.029349
0.492635 0.804721 0.057537 0.033774
0.881199 0.538745 0.061528 0.030272
0.783814 0.559577 0.053022 0.036494
0.494609 0.146438 0.051814 0.032888
0.296942 0.345686 0.056905 0.033985
0.589853 0.308087 0.055654 0.029967
0.788650 0.262218 0.053007 0.035907
0.111591 0.311854 0.052023 0.034406
0.492164 0.844858 0.052324 0.038432
0.489828 0.883276 0.053358 0.034511
0.300295 0.410949 0.054863 0.032654
0.685232 0.388639 0.057969 0.030709
0.391886 0.657195 0.068300 0.034952
0.687732 0.619519 0.052649 0.032991
0.594561 0.137719 0.051552 0.033109
0.872068 0.707318 0.049084 0.033113
0.589129 0.450152 0.051858 0.032358
0.691748 0.451610 0.055841 0.030803
0.890093 0.212976 0.052197 0.030446
0.785940 0.407258 0.051956 0.039077
0.102340 0.828290 0.055070 0.033244
0.295749 0.713421 0.056076 0.038061
0.788143 0.449300 0.061371 0.030927
0.490677 0.671257 0.054427 0.030957
0.490819 0.277872 0.052899 0.031709
0.595066 0.272063 0.050824 0.033536
0.685776 0.213565 0.059107 0.030520
0.200175 0.811616 0.055946 0.030978
0.109863 0.352491 0.061432 0.031751
0.491920 0.480944 0.056231 0.033583
0.206941 0.522908 0.052700 0.040040
0.591416 0.412997 0.048314 0.035750
0.872531 0.779932 0.050161 0.030615
0.394048 0.811214 0.049499 0.031288
0.590060 0.810299 0.047923 0.038932
0.202631 0.879772 0.055032 0.025525
0.886424 0.380363 0.051243 0.031483
0.393967 0.322695 0.059297 0.045422
0.589562 0.515738 0.046902 0.037059
0.294609 0.777105 0.054127 0.028822
0.687586 0.351656 0.054236 0.039205
0.489324 0.321675 0.057915 0.041506
0.493415 0.521880 0.065415 0.033432
0.206418 0.264852 0.057266 0.031864
0.114005 0.550527 0.054634 0.030655
0.202983 0.132023 0.061544 0.028960
0.204192 0.627215 0.051310 0.032328
0.393630 0.241264 0.055077 0.029017
0.878557 0.744513 0.050941 0.034266
0.488904 0.369378 0.054317 0.039183
0.786775 0.222996 0.045466 0.032138
0.109831 0.275316 0.050784 0.029491
0.494804 0.215083 0.067009 0.025997
0.304353 0.511038 0.052917 0.037363
0.591729 0.239878 0.061600 0.025137
0.494341 0.409629 0.047494 0.034018
0.398464 0.397462 0.050726 0.029864
0.487746 0.602295 0.059919 0.032598
0.303813 0.445352 0.047119 0.031260
0.688153 0.695368 0.056098 0.031737
0.298351 0.308198 0.059574 0.037811
0.788207 0.329128 0.046603 0.034406
0.294674 0.747881 0.053019 0.025949
0.687593 0.277896 0.050881 0.026644
0.289564 0.839237 0.048647 0.029533
0.887550 0.416697 0.050237 0.031628
0.781205 0.681561 0.053738 0.041514
0.102099 0.897842 0.052839 0.031473
0.113636 0.421152 0.054772 0.036820
0.687561 0.587384 0.053445 0.025241
0.691100 0.552182 0.049441 0.033943
0.109229 0.621190 0.049621 0.033218
0.876936 0.671338 0.052368 0.030028
0.889083 0.247313 0.042304 0.032810
0.783229 0.106840 0.058133 0.029825
0.398036 0.729111 0.064112 0.030529
0.887520 0.307519 0.045158 0.030641
0.784003 0.194639 0.051595 0.021533
0.493908 0.445296 0.053042 0.027427
0.587621 0.687849 0.050437 0.037649
0.298573 0.231480 0.053029 0.031393
0.392412 0.845081 0.045097 0.030955
0.877805 0.880187 0.061053 0.026491
0.788286 0.368614 0.059631 0.031430
0.204016 0.909111 0.053564 0.029987
0.886634 0.276873 0.055221 0.021951
0.399178 0.614024 0.054104 0.040056
0.198290 0.776599 0.051181 0.030578
0.590727 0.887497 0.056676 0.033744
0.202980 0.665053 0.049678 0.031219
0.686931 0.515025 0.053067 0.029657
0.200224 0.451391 0.059368 0.025939
0.388703 0.135307 0.046624 0.033328
0.304082 0.594007 0.052170 0.036401
0.685984 0.485931 0.054009 0.024792
0.693582 0.876602 0.049680 0.026680
0.686828 0.419220 0.062648 0.025476
0.781278 0.525472 0.055194 0.023837
0.111926 0.189629 0.050216 0.030005
0.496553 0.108297 0.063244 0.032299
0.878880 0.508433 0.054960 0.023529
0.396503 0.465532 0.046824 0.030009
0.785945 0.165960 0.042882 0.027676
0.397398 0.694839 0.048700 0.031781
0.888701 0.145853 0.045052 0.032316
0.588792 0.654125 0.054899 0.029219
0.111590 0.385275 0.050850 0.025671
0.784872 0.634683 0.046578 0.037144
0.102174 0.692420 0.052122 0.026408
0.292404 0.875923 0.048770 0.032335
0.300666 0.378298 0.059173 0.025732
0.300481 0.477504 0.053670 0.026350
0.109841 0.220122 0.046204 0.023623
0.587906 0.482982 0.054046 0.024144
0.205956 0.331654 0.048276 0.029793
0.395675 0.769041 0.048177 0.041325
0.888557 0.177782 0.043634 0.024848
0.103328 0.787663 0.050690 0.031530
0.208243 0.564152 0.046333 0.032274
0.687997 0.731884 0.048056 0.036967
0.202605 0.372011 0.048328 0.041648
0.692425 0.137635 0.059202 0.028340
0.393005 0.280090 0.050848 0.035811
0.689197 0.175093 0.053951 0.034104
0.688514 0.808281 0.057253 0.026587
0.688632 0.845023 0.050900 0.032777
0.398464 0.432768 0.047900 0.034651
0.113489 0.513362 0.047520 0.035570
0.396722 0.532271 0.038422 0.035382
0.307391 0.106719 0.050555 0.033254
0.305736 0.553737 0.047480 0.035476
0.203893 0.225726 0.059860 0.034398
0.199769 0.848776 0.041924 0.033262
0.499688 0.561900 0.061223 0.035987
0.885525 0.112916 0.052949 0.028903
0.686175 0.246499 0.042499 0.027651
0.692127 0.907150 0.049302 0.026545
0.688240 0.773163 0.042640 0.034426
0.881638 0.573628 0.049756 0.031904
0.789479 0.296569 0.042547 0.021962
0.390340 0.208254 0.044485 0.030341
0.874842 0.848625 0.047214 0.029698
0.497464 0.246496 0.066496 0.025996
0.397866 0.497560 0.041534 0.024930
0.299454 0.172967 0.042799 0.023115
0.203616 0.192243 0.045657 0.030848
0.686558 0.311603 0.041707 0.030053
0.590320 0.772407 0.047191 0.027035
0.200856 0.414592 0.042901 0.038380
0.587992 0.732502 0.047640 0.043347
0.874542 0.815112 0.044169 0.030941
0.114355 0.106390 0.055251 0.029491
0.489653 0.702932 0.060054 0.023167
0.880537 0.482421 0.049557 0.021729
0.112499 0.140267 0.056917 0.033439
0.295266 0.909272 0.068566 0.032068
0.592812 0.377595 0.036907 0.027783
0.302009 0.626164 0.054611 0.028613
0.205644 0.162249 0.057970 0.025205
0.208861 0.594552 0.051129 0.020194
0.111459 0.246201 0.047067 0.021738
0.394474 0.907647 0.059351 0.024965
0.587466 0.588721 0.043213 0.020551
0.484825 0.730666 0.056418 0.021564
0.492370 0.637577 0.039721 0.029081
0.297419 0.199979 0.039162 0.027385
0.101682 0.757665 0.041407 0.020973
0.296545 0.266494 0.040034 0.029155
0.781099 0.749016 0.040941 0.023712
0.778995 0.897463 0.036537 0.026552
0.781611 0.823917 0.043303 0.036629
0.289817 0.808577 0.041908 0.020115
0.203981 0.702164 0.040780 0.032011
0.199485 0.738869 0.046635 0.031096
0.301156 0.142018 0.047759 0.031928
0.390323 0.105458 0.052827 0.024255
0.587210 0.105602 0.054456 0.025357
0.876317 0.640219 0.038983 0.026053
0.783581 0.137141 0.039920 0.025309
0.587616 0.555715 0.038269 0.034241
0.099712 0.864490 0.034132 0.026076
0.205280 0.299205 0.040289 0.026748
0.589570 0.619096 0.037401 0.027009
0.787427 0.717593 0.038981 0.029254
0.106558 0.725647 0.057125 0.032347
0.779922 0.863575 0.046504 0.027305
0.686528 0.108407 0.042980 0.029351
0.111862 0.464565 0.056196 0.047460
0.207961 0.102030 0.041335 0.021558
0.873157 0.907375 0.056356 0.020911
0.493249 0.914763 0.062122 0.023306
0.300313 0.682009 0.066550 0.022033
0.301956 0.660972 0.067496 0.033949
0.112610 0.161400 0.042950 0.017960
