0.287278 0.328513 0.081678 0.042445
0.933304 0.190263 0.059505 0.042118
0.832075 0.583959 0.073127 0.042760
0.286206 0.417077 0.074972 0.040454
0.937017 0.235907 0.057906 0.040682
0.725736 0.839842 0.067672 0.051018
0.291492 0.245677 0.069743 0.040661
0.291129 0.848094 0.064038 0.038044
0.712420 0.333336 0.074748 0.041796
0.176952 0.579807 0.063605 0.043548
0.067494 0.459216 0.070131 0.040624
0.179413 0.245388 0.072794 0.039551
0.184086 0.753462 0.075103 0.044004
0.290697 0.928342 0.073751 0.042629
0.291277 0.543374 0.069961 0.041180
0.391290 0.296586 0.073421 0.040407
0.182621 0.324921 0.069174 0.034573
0.281751 0.373230 0.076384 0.043247
0.387460 0.170177 0.082458 0.041598
0.937354 0.311689 0.065727 0.042169
0.828271 0.405906 0.080153 0.034712
0.940607 0.428818 0.066867 0.043628
0.175298 0.619958 0.061075 0.032309
0.389449 0.214798 0.066700 0.042305
0.720335 0.248713 0.081897 0.044886
0.179407 0.203548 0.067382 0.041784
0.282676 0.287181 0.071971 0.037943
0.937832 0.272665 0.063347 0.030721
0.291969 0.807633 0.058304 0.034966
0.496668 0.246470 0.076778 0.048952
0.829735 0.447395 0.063224 0.042230
0.064796 0.174239 0.078583 0.040217
0.711720 0.082612 0.073172 0.047311
0.827390 0.238736 0.072130 0.035894
0.486246 0.086203 0.075988 0.040482
0.615772 0.186931 0.080253 0.046359
0.282018 0.164716 0.066681 0.037992
0.822534 0.318128 0.068683 0.043209
0.725459 0.886910 0.078645 0.039353
0.177699 0.366620 0.060372 0.039916
0.281207 0.501319 0.075831 0.037655
0.614387 0.135184 0.079424 0.049391
0.614741 0.089356 0.080217 0.039116
0.946542 0.761140 0.063738 0.040159
0.497128 0.415710 0.074405 0.046839
0.067115 0.581680 0.058408 0.038241
0.181996 0.163516 0.068216 0.034381
0.824203 0.201243 0.070359 0.036355
0.183032 0.503118 0.053923 0.039096
0.181418 0.708870 0.080183 0.042202
0.396008 0.256645 0.060720 0.035196
0.823466 0.365379 0.086712 0.045785
0.291943 0.725001 0.070554 0.043092
0.606654 0.267392 0.065021 0.045391
0.718190 0.473902 0.078150 0.039880
0.821620 0.159357 0.064396 0.044980
0.722436 0.642544 0.073606 0.044604
0.491682 0.638022 0.061502 0.041523
0.719826 0.520037 0.073684 0.045243
0.176102 0.079515 0.062905 0.034915
0.939593 0.352922 0.048418 0.035409
0.834025 0.674226 0.062361 0.042305
0.389706 0.374195 0.075724 0.042767
0.494270 0.199758 0.072854 0.035370
0.718039 0.173261 0.077635 0.034906
0.950644 0.608498 0.078215 0.039882
0.180034 0.121420 0.060441 0.039373
0.066073 0.415972 0.060829 0.037867
0.386796 0.497930 0.065784 0.033994
0.286975 0.886983 0.071251 0.036973
0.717236 0.293024 0.080508 0.037154
0.392652 0.416174 0.072631 0.036858
0.604564 0.308527 0.071940 0.032478
0.059538 0.249910 0.070004 0.031101
0.067036 0.129583 0.060824 0.040730
0.945621 0.562057 0.071307 0.042369
0.720338 0.690837 0.059977 0.050070
0.724972 0.738945 0.058198 0.043776
0.718873 0.379930 0.072132 0.047682
0.175555 0.287236 0.070485 0.038957
0.837375 0.629663 0.064807 0.041357
0.495969 0.592253 0.064160 0.050098
0.493538 0.802184 0.083764 0.050254
0.936224 0.476000 0.061468 0.046771
0.940872 0.519529 0.065820 0.041630
0.506120 0.758569 0.069012 0.033176
0.828847 0.495252 0.061693 0.041819
0.834244 0.762104 0.083413 0.038216
0.178753 0.409118 0.059553 0.038650
0.293536 0.770026 0.057762 0.041235
0.500648 0.159706 0.073837 0.036861
0.389626 0.336657 0.062602 0.034278
0.182438 0.879118 0.062150 0.038009
0.061797 0.500153 0.051966 0.036555
0.951088 0.969040 0.067175 0.041671
0.051982 0.289229 0.066209 0.036027
0.289827 0.203359 0.058375 0.035143
0.815020 0.113353 0.075374 0.042728
0.395826 0.456631 0.072073 0.042844
0.284582 0.460685 0.068152 0.039848
0.497318 0.545217 0.062485 0.040028
0.607010 0.389649 0.092996 0.043804
0.491866 0.291661 0.083633 0.040040
0.065838 0.539327 0.054122 0.037325
0.057303 0.214690 0.062284 0.032392
0.288127 0.628757 0.057256 0.042584
0.067703 0.664361 0.062122 0.028879
0.955531 0.882986 0.077040 0.038186
0.060403 0.089018 0.059876 0.035733
0.723584 0.133462 0.070573 0.045335
0.185153 0.800147 0.063355 0.043543
0.718605 0.428870 0.056251 0.042385
0.607830 0.491970 0.081203 0.053394
0.186304 0.927518 0.071347 0.047688
0.288960 0.586945 0.060191 0.038794
0.832743 0.924975 0.078638 0.050282
0.068497 0.746226 0.059646 0.037895
0.933778 0.389181 0.062792 0.030721
0.499701 0.371904 0.063574 0.036759
0.926531 0.152529 0.061927 0.030509
0.724236 0.566215 0.057363 0.041579
0.076130 0.927365 0.078007 0.047972
0.946139 0.688903 0.054482 0.038181
0.826500 0.539034 0.058342 0.040813
0.722207 0.207683 0.084455 0.031255
0.500713 0.717948 0.056132 0.042437
0.494524 0.329342 0.086005 0.040076
0.385719 0.537046 0.070086 0.041366
0.069672 0.372864 0.065383 0.035174
0.837068 0.721284 0.079309 0.046710
0.070074 0.703609 0.054377 0.040813
0.942205 0.649008 0.054188 0.041222
0.726270 0.604044 0.063810 0.028038
0.494646 0.677521 0.054600 0.033843
0.925932 0.115355 0.060696 0.040375
0.928464 0.074744 0.079078 0.033054
0.079200 0.830302 0.071276 0.040447
0.292766 0.971398 0.077392 0.034651
0.839605 0.880501 0.067647 0.036607
0.728604 0.785502 0.057516 0.045774
0.066567 0.624747 0.050430 0.042436
0.729558 0.961552 0.084866 0.044395
0.280869 0.127238 0.067150 0.032755
0.951752 0.924696 0.052077 0.042978
0.605727 0.346966 0.094358 0.036542
0.282908 0.046764 0.065114 0.045793
0.494752 0.504477 0.060847 0.035756
0.717174 0.036796 0.082800 0.038759
0.608299 0.439635 0.067581 0.051605
0.826293 0.035419 0.072772 0.035086
0.833581 0.805364 0.056811 0.043955
0.169790 0.040309 0.074191 0.038158
0.824917 0.277166 0.053423 0.037435
0.184417 0.540504 0.057828 0.026527
0.284138 0.089851 0.048909 0.033876
0.186063 0.842276 0.061220 0.037967
0.284925 0.677082 0.049434 0.049368
0.066861 0.785584 0.051816 0.036622
0.063964 0.044702 0.067718 0.041283
0.619553 0.042773 0.068402 0.050307
0.180045 0.455440 0.053604 0.048946
0.821003 0.073689 0.052099 0.039359
0.612850 0.225172 0.070109 0.030891
0.085491 0.970226 0.084300 0.038155
0.933669 0.035446 0.055245 0.040457
0.835274 0.845526 0.078323 0.031713
0.500353 0.848942 0.066070 0.040082
0.733783 0.923061 0.074109 0.027805
0.499548 0.464163 0.053879 0.043171
0.951925 0.845699 0.061530 0.036084
0.386695 0.126097 0.060965 0.040043
0.075025 0.876634 0.048516 0.048039
0.061765 0.332370 0.054342 0.040250
0.949416 0.803536 0.042724 0.039235
0.493578 0.040178 0.051305 0.043477
0.843685 0.970171 0.083332 0.035437
0.186165 0.966518 0.063024 0.035325
0.173560 0.660210 0.055871 0.040685
0.497277 0.124802 0.065623 0.031992
0.945294 0.724021 0.051521 0.032633
0.500565 0.898949 0.062195 0.056217
