0.059017 0.729165 0.083748 0.052230
0.714964 0.845577 0.078185 0.048323
0.707734 0.628116 0.073229 0.053490
0.827662 0.159733 0.087929 0.046449
0.714467 0.901982 0.081628 0.051621
0.831895 0.902743 0.073067 0.046579
0.940376 0.311422 0.080160 0.052280
0.495057 0.796947 0.077104 0.050759
0.166871 0.302197 0.075179 0.050532
0.828884 0.494152 0.083455 0.052309
0.279738 0.698960 0.087781 0.042803
0.489550 0.850687 0.067379 0.052751
0.827523 0.107046 0.070877 0.054554
0.601890 0.298161 0.094372 0.048950
0.831665 0.710943 0.083573 0.044734
0.715209 0.792475 0.073374 0.050149
0.831554 0.049913 0.079124 0.050032
0.172171 0.562974 0.070461 0.052646
0.057780 0.257673 0.090933 0.054942
0.832460 0.379116 0.077142 0.048468
0.389878 0.190311 0.080759 0.043650
0.168637 0.503181 0.076020 0.052057
0.379406 0.243917 0.073772 0.053691
0.056338 0.676756 0.072010 0.046374
0.599927 0.242788 0.070964 0.051489
0.943670 0.105010 0.080291 0.049073
0.490948 0.267479 0.072812 0.050064
0.386939 0.839007 0.069438 0.054433
0.168085 0.355362 0.082172 0.046485
0.941859 0.580758 0.086518 0.048932
0.500138 0.904114 0.071463 0.046461
0.833345 0.278786 0.077245 0.050919
0.172321 0.780717 0.069074 0.053175
0.381513 0.634851 0.076701 0.046965
0.938674 0.259412 0.078154 0.049313
0.832094 0.763120 0.070340 0.049397
0.942585 0.880395 0.068091 0.049475
0.942263 0.159552 0.071599 0.050034
0.056148 0.201203 0.061250 0.052941
0.177307 0.246564 0.083786 0.045571
0.824969 0.812500 0.073769 0.040775
0.058106 0.101210 0.082979 0.041703
0.058332 0.529110 0.080289 0.052000
0.825769 0.434192 0.083319 0.056493
0.604940 0.668651 0.087315 0.046258
0.493018 0.426966 0.080359 0.050873
0.708802 0.259296 0.084235 0.050758
0.492282 0.535977 0.070062 0.046033
0.388194 0.578435 0.075619 0.054323
0.941024 0.633332 0.091708 0.055252
0.710017 0.416882 0.092228 0.055460
0.492025 0.588422 0.076252 0.049429
0.387830 0.405223 0.077778 0.053849
0.940593 0.361284 0.077976 0.043538
0.712216 0.733529 0.092381 0.044820
0.057402 0.370856 0.091331 0.053160
0.172106 0.929158 0.088001 0.043057
0.939442 0.782749 0.071058 0.049824
0.275063 0.755605 0.092502 0.060619
0.061681 0.828234 0.083476 0.055687
0.716424 0.360666 0.091945 0.048895
0.171324 0.726383 0.065134 0.049220
0.388412 0.728691 0.091129 0.045350
0.939484 0.830592 0.071709 0.042521
0.490732 0.321511 0.077600 0.044538
0.825432 0.547984 0.080182 0.045141
0.167713 0.450431 0.075415 0.044315
0.387365 0.520924 0.077812 0.049002
0.716613 0.476413 0.073085 0.051535
0.274151 0.650853 0.075466 0.049747
0.940402 0.734570 0.087988 0.046958
0.279269 0.227184 0.075092 0.050709
0.057272 0.316916 0.071049 0.054731
0.827142 0.220418 0.069414 0.062154
0.496545 0.163325 0.072435 0.055706
0.498328 0.690999 0.076226 0.044353
0.498620 0.740058 0.078633 0.052726
0.724826 0.956074 0.083312 0.050877
0.172171 0.618245 0.066172 0.049723
0.488213 0.108644 0.081980 0.043208
0.712060 0.204102 0.064314 0.053704
0.711976 0.147698 0.079918 0.043613
0.833385 0.855604 0.080886 0.037935
0.941646 0.409564 0.071754 0.045790
0.489731 0.371443 0.077418 0.050349
0.823985 0.655421 0.067828 0.054857
0.935363 0.686260 0.082000 0.040974
0.939156 0.208553 0.071837 0.045046
0.609529 0.617910 0.072104 0.052001
0.599834 0.185379 0.086129 0.054914
0.276885 0.547980 0.069350 0.048854
0.941203 0.050642 0.073471 0.052594
0.386583 0.897812 0.061175 0.047363
0.058909 0.146318 0.065423 0.045062
0.172631 0.672713 0.066878 0.050145
0.379989 0.462500 0.088486 0.053337
0.169729 0.403760 0.071712 0.040142
0.944892 0.927129 0.085853 0.045223
0.941634 0.466414 0.071819 0.056721
0.828769 0.599094 0.064764 0.048087
0.710881 0.680959 0.067806 0.047917
0.601148 0.880482 0.082596 0.054923
0.281898 0.277227 0.084869 0.043495
0.603016 0.765100 0.070851 0.051209
0.169922 0.882244 0.075811 0.048222
0.062761 0.471471 0.063658 0.047587
0.168685 0.202225 0.063972 0.042323
0.602181 0.473465 0.069306 0.049406
0.272772 0.379942 0.079346 0.049925
0.271063 0.046960 0.076733 0.047501
0.715641 0.049126 0.068885 0.054479
0.166120 0.156434 0.063577 0.037203
0.287680 0.967073 0.091616 0.043268
0.385647 0.298741 0.062326 0.045872
0.182672 0.971969 0.087712 0.041871
0.831389 0.956523 0.074096 0.042399
0.829602 0.333865 0.070517 0.043169
0.384275 0.143546 0.059983 0.043805
0.286647 0.864284 0.075105 0.042823
0.280769 0.918213 0.069883 0.044937
0.059776 0.051837 0.071564 0.052131
0.278943 0.598690 0.062879 0.044670
0.716320 0.525772 0.073976 0.041156
0.166382 0.107049 0.078405 0.053807
0.172007 0.831320 0.064702 0.043782
0.495048 0.641105 0.053531 0.048426
0.490419 0.960938 0.101345 0.058999
0.605450 0.715331 0.067201 0.037160
0.276827 0.493073 0.058071 0.054586
0.281290 0.811714 0.075515 0.044973
0.715354 0.573909 0.083068 0.048683
0.380459 0.351851 0.079445 0.047771
0.608443 0.968937 0.090459 0.041034
0.594359 0.128971 0.071820 0.052143
0.058153 0.628001 0.054012 0.041720
0.605974 0.519949 0.070814 0.032419
0.939342 0.526527 0.068907 0.056004
0.946083 0.966957 0.073537 0.039375
0.172820 0.050504 0.081333 0.058922
0.281537 0.435657 0.069337 0.051408
0.490571 0.055298 0.064220 0.059026
0.602241 0.562940 0.065599 0.045625
0.499289 0.214993 0.064155 0.044040
0.715767 0.311039 0.059603 0.046568
0.381476 0.783628 0.077969 0.055397
0.064699 0.579714 0.051066 0.045084
0.064681 0.890450 0.081706 0.060615
0.599575 0.825075 0.068772 0.053313
0.717118 0.100488 0.067729 0.037543
0.492171 0.482585 0.056865 0.055434
0.275551 0.324889 0.082662 0.049326
0.061773 0.956256 0.103010 0.065280
0.274381 0.172771 0.070200 0.038637
0.059793 0.423570 0.059320 0.040782
0.384067 0.100727 0.062981 0.039707
0.386604 0.682805 0.047078 0.042270
0.606217 0.423745 0.059653 0.038622
0.386251 0.952869 0.064984 0.054039
0.602135 0.361917 0.065241 0.065979
0.605322 0.934483 0.069276 0.049329
0.061543 0.776106 0.067133 0.033502
0.270795 0.105020 0.081291 0.056701
0.382442 0.049961 0.080793 0.053670
0.605556 0.054471 0.070477 0.057438
0.267485 0.127541 0.084922 0.050557
