0.502439 0.819296 0.078403 0.054913
0.929183 0.476999 0.092316 0.046657
0.704367 0.428369 0.089029 0.047063
0.929590 0.378871 0.089887 0.049901
0.381829 0.206480 0.091638 0.049079
0.927261 0.327611 0.085881 0.049718
0.928115 0.576216 0.072755 0.044833
0.492185 0.376589 0.078813 0.051783
0.817531 0.481390 0.087852 0.049208
0.608302 0.372247 0.082164 0.055382
0.166828 0.228751 0.076848 0.053560
0.931292 0.104820 0.076278 0.050809
0.707764 0.374829 0.079016 0.052429
0.175705 0.539872 0.077419 0.047906
0.922499 0.209623 0.080244 0.057402
0.925016 0.679619 0.071054 0.054885
0.496494 0.430664 0.084403 0.052976
0.490914 0.161258 0.084765 0.049637
0.927592 0.155240 0.081188 0.048364
0.601507 0.317765 0.077512 0.049062
0.815892 0.427704 0.064461 0.048956
0.823120 0.868668 0.085492 0.056754
0.065066 0.449410 0.086310 0.057408
0.925212 0.789719 0.082473 0.049367
0.393853 0.856314 0.077647 0.047859
0.393228 0.643048 0.083566 0.044986
0.282454 0.893937 0.074991 0.049278
0.393081 0.591739 0.085925 0.050537
0.935842 0.429140 0.084604 0.045355
0.385551 0.315362 0.074361 0.052843
0.493175 0.322663 0.076704 0.051173
0.066001 0.342350 0.082234 0.050777
0.504263 0.965747 0.074551 0.043311
0.719669 0.720480 0.080587 0.053036
0.819523 0.376263 0.071516 0.048759
0.715953 0.770031 0.083418 0.043990
0.819171 0.813882 0.075518 0.048080
0.287613 0.841092 0.074801 0.054241
0.502945 0.922494 0.063717 0.040185
0.608410 0.791087 0.075421 0.052218
0.609092 0.628077 0.084271 0.051811
0.713145 0.109932 0.087520 0.041384
0.383991 0.155449 0.083776 0.048248
0.608055 0.530906 0.082043 0.045128
0.277167 0.167151 0.077178 0.047375
0.273798 0.269058 0.067130 0.054237
0.162496 0.171525 0.084970 0.045472
0.167436 0.062591 0.077485 0.056379
0.706386 0.319712 0.067054 0.051211
0.067107 0.232792 0.077458 0.055882
0.604223 0.579071 0.083069 0.043481
0.281330 0.515727 0.068336 0.048967
0.924215 0.735134 0.078873 0.050770
0.814092 0.206558 0.086428 0.043112
0.278737 0.675890 0.084494 0.053605
0.389582 0.260377 0.081721 0.049425
0.600840 0.267483 0.067225 0.045727
0.816261 0.532149 0.086179 0.042896
0.391223 0.905593 0.075977 0.043919
0.706425 0.056878 0.081593 0.053219
0.929437 0.525198 0.063204 0.046156
0.714148 0.484494 0.073069 0.053968
0.926238 0.270906 0.072093 0.054473
0.056674 0.177548 0.085473 0.048475
0.717250 0.669423 0.079555 0.043899
0.499778 0.491113 0.080851 0.059732
0.281278 0.569021 0.077666 0.048968
0.392888 0.536079 0.076255 0.051305
0.169224 0.120999 0.072004 0.052909
0.604734 0.885729 0.076753 0.043317
0.170766 0.332670 0.075378 0.050377
0.489047 0.108794 0.073438 0.049538
0.179659 0.490072 0.067981 0.045886
0.069759 0.770129 0.084608 0.061557
0.275992 0.057150 0.089217 0.049472
0.502380 0.873706 0.074462 0.054342
0.819097 0.703817 0.063994 0.047792
0.496155 0.710598 0.074355 0.053250
0.177229 0.641082 0.091065 0.047388
0.703862 0.159355 0.075795 0.047026
0.715709 0.877701 0.071560 0.050275
0.496149 0.653608 0.065692 0.053229
0.070753 0.929241 0.075302 0.046954
0.605441 0.928152 0.069293 0.042319
0.272263 0.112748 0.078436 0.057073
0.187978 0.972345 0.082465 0.039875
0.605727 0.485228 0.066135 0.044609
0.391258 0.809210 0.063504 0.037988
0.391281 0.757782 0.071640 0.052198
0.390461 0.699191 0.073541 0.057959
0.715399 0.823199 0.066961 0.052652
0.607231 0.684053 0.071116 0.059624
0.598171 0.161945 0.084049 0.054000
0.174639 0.589432 0.082872 0.041848
0.819350 0.761263 0.068694 0.054319
0.386291 0.106583 0.061481 0.043392
0.487892 0.056474 0.074848 0.054371
0.275021 0.218041 0.067317 0.042844
0.063991 0.290348 0.065854 0.050591
0.064599 0.060567 0.076173 0.053204
0.385089 0.058239 0.076041 0.049763
0.825442 0.585272 0.076263 0.047690
0.713052 0.624648 0.062957 0.040547
0.601542 0.217200 0.071360 0.051558
0.713350 0.924941 0.069670 0.041612
0.928671 0.625683 0.055421 0.041091
0.391588 0.483603 0.075023 0.049723
0.711889 0.580414 0.057446 0.036812
0.930263 0.052360 0.070200 0.046375
0.500814 0.763746 0.075378 0.046717
0.707950 0.213227 0.062641 0.053130
0.069356 0.554475 0.066899 0.048649
0.489727 0.269864 0.067469 0.051863
0.069207 0.394937 0.074907 0.050570
0.808427 0.322571 0.087155 0.050621
0.182576 0.847110 0.072465 0.054209
0.602828 0.431547 0.070308 0.055642
0.608619 0.841874 0.072677 0.040949
0.188598 0.930117 0.077105 0.042910
0.710273 0.266142 0.059325 0.048572
0.612823 0.738878 0.081865 0.044222
0.388553 0.961436 0.074579 0.050564
0.282319 0.728198 0.080156 0.046208
0.819362 0.161023 0.067676 0.043466
0.935112 0.889046 0.096040 0.047315
0.390857 0.430727 0.076012 0.050386
0.284689 0.936914 0.062487 0.034634
0.811061 0.264633 0.101934 0.065602
0.715127 0.964454 0.070349 0.038005
0.709671 0.537232 0.067086 0.047948
0.070420 0.655178 0.071196 0.044891
0.611007 0.967812 0.090596 0.039987
0.935012 0.839755 0.056040 0.045054
0.065657 0.504874 0.071357 0.052062
0.073958 0.827095 0.062971 0.050406
0.178445 0.385340 0.078028 0.041244
0.070599 0.708261 0.071704 0.055518
0.172941 0.437650 0.072807 0.053405
0.177972 0.748292 0.064095 0.052467
0.495518 0.548255 0.070619 0.051924
0.283046 0.621955 0.064656 0.043229
0.075162 0.882670 0.073134 0.046928
0.822470 0.643985 0.074763 0.060536
0.073828 0.604850 0.060226 0.046821
0.383169 0.376266 0.072426 0.054662
0.283934 0.970748 0.072090 0.036498
0.273973 0.328888 0.080772 0.058249
0.182167 0.798125 0.080121 0.036243
0.182907 0.893178 0.073526 0.030299
0.595757 0.105045 0.058216 0.052085
0.172408 0.282138 0.055036 0.045729
0.592383 0.053626 0.066465 0.049004
0.823368 0.113819 0.074040 0.045455
0.172175 0.695157 0.055125 0.050328
0.286089 0.787054 0.072276 0.049473
0.057607 0.120429 0.067328 0.058776
0.277965 0.455638 0.069147 0.059525
0.276986 0.392116 0.062755 0.051027
0.501543 0.598793 0.070831 0.048968
0.490553 0.213516 0.058251 0.053686
0.076122 0.974085 0.086367 0.035508
