0.941412 0.097196 0.074897 0.036450
0.934100 0.692043 0.069229 0.035800
0.619416 0.291087 0.062493 0.038869
0.935430 0.284807 0.060904 0.039533
0.620791 0.372140 0.060329 0.039031
0.392179 0.256238 0.062284 0.038149
0.389044 0.546714 0.068271 0.037127
0.830248 0.249365 0.065050 0.040854
0.066190 0.287670 0.069268 0.037625
0.617620 0.454494 0.077287 0.039907
0.722236 0.361487 0.064175 0.039757
0.503138 0.322576 0.061918 0.039461
0.943177 0.732999 0.061521 0.039570
0.275165 0.535806 0.068651 0.034321
0.503829 0.359458 0.065501 0.031773
0.940711 0.330780 0.065844 0.041244
0.390699 0.178382 0.076710 0.039428
0.395307 0.299244 0.054558 0.044553
0.392903 0.427405 0.059722 0.042894
0.168783 0.252396 0.069686 0.035990
0.277865 0.130214 0.062614 0.034736
0.943624 0.773029 0.071519 0.036669
0.822168 0.209769 0.067102 0.034120
0.930876 0.475033 0.066330 0.037420
0.269553 0.368287 0.078498 0.041618
0.596703 0.872107 0.067379 0.047505
0.932363 0.246470 0.057839 0.035143
0.492395 0.924888 0.067427 0.036064
0.491295 0.886894 0.060058 0.036702
0.279129 0.323998 0.054914 0.038640
0.821571 0.168470 0.068800 0.042930
0.503928 0.204464 0.058033 0.034368
0.389726 0.677826 0.063492 0.038684
0.281407 0.207548 0.068836 0.039325
0.273237 0.703204 0.069906 0.037668
0.501425 0.431308 0.069403 0.040384
0.717140 0.854737 0.060984 0.045997
0.164393 0.662677 0.070815 0.033016
0.620743 0.135080 0.060406 0.031856
0.934849 0.135484 0.064340 0.037389
0.615432 0.330093 0.053291 0.036789
0.504593 0.242679 0.082001 0.039338
0.504665 0.281140 0.076784 0.040961
0.718658 0.084998 0.073168 0.038757
0.724451 0.810716 0.068070 0.037208
0.384827 0.093890 0.078812 0.041527
0.395598 0.384401 0.055234 0.040436
0.389512 0.503832 0.057222 0.041918
0.066997 0.156250 0.067581 0.036481
0.607343 0.622138 0.054094 0.038688
0.938114 0.054066 0.067980 0.044922
0.061002 0.596209 0.065311 0.040034
0.495802 0.614349 0.072827 0.036147
0.500966 0.535420 0.066729 0.042907
0.160154 0.397742 0.068751 0.029966
0.271704 0.410877 0.075315 0.039537
0.063155 0.557703 0.059762 0.037544
0.170769 0.092752 0.075921 0.043749
0.719556 0.492290 0.070071 0.035748
0.724792 0.265368 0.070530 0.030147
0.606739 0.664442 0.085124 0.040893
0.163837 0.552324 0.071297 0.042126
0.823485 0.090216 0.069531 0.036497
0.830196 0.127999 0.076115 0.036634
0.170582 0.328873 0.061435 0.038050
0.387767 0.135584 0.071395 0.040706
0.273577 0.666680 0.068386 0.038811
0.276671 0.281199 0.059500 0.041652
0.055281 0.720546 0.061128 0.041391
0.726678 0.228455 0.055332 0.045200
0.163543 0.698452 0.062334 0.034240
0.064301 0.453608 0.053860 0.038259
0.597158 0.915114 0.069197 0.031509
0.273827 0.497633 0.053433 0.039061
0.821113 0.935648 0.051443 0.037918
0.285524 0.166988 0.061014 0.036092
0.938104 0.817363 0.066009 0.046984
0.379962 0.718470 0.077037 0.039138
0.056502 0.410536 0.064599 0.041167
0.934803 0.914513 0.059103 0.039620
0.509971 0.106869 0.059434 0.036964
0.170182 0.595090 0.076092 0.038350
0.503309 0.170840 0.061079 0.030053
0.941162 0.373352 0.070358 0.040204
0.929294 0.212325 0.070258 0.033362
0.379522 0.758738 0.072458 0.040818
0.826502 0.290835 0.056383 0.038096
0.821913 0.755064 0.062165 0.035057
0.170045 0.511598 0.066635 0.039069
0.061608 0.367224 0.063130 0.037562
0.165874 0.894576 0.062898 0.040368
0.060113 0.680731 0.062238 0.036943
0.828396 0.445971 0.056550 0.038978
0.940443 0.869247 0.064510 0.050117
0.506887 0.071100 0.061311 0.032593
0.829053 0.547452 0.059703 0.039238
0.928178 0.594185 0.061154 0.038633
0.823868 0.798212 0.056528 0.044071
0.278899 0.454171 0.060147 0.042639
0.931594 0.511458 0.065801 0.029054
0.065116 0.081918 0.051732 0.032758
0.724320 0.126490 0.072532 0.038111
0.282715 0.092063 0.052443 0.039722
0.503676 0.577199 0.063652 0.038403
0.613589 0.539888 0.063702 0.036060
0.725401 0.402564 0.055399 0.040501
0.727197 0.185626 0.056531 0.035632
0.825453 0.846827 0.073484 0.049525
0.269776 0.858316 0.057162 0.042086
0.605353 0.757956 0.065281 0.031099
0.719162 0.533140 0.073784 0.041384
0.718387 0.936792 0.060800 0.033245
0.713282 0.641900 0.060710 0.028618
0.395126 0.217580 0.072224 0.035333
0.618088 0.206664 0.053147 0.036249
0.378978 0.800728 0.071366 0.040822
0.620652 0.171398 0.060668 0.034587
0.167612 0.045312 0.083178 0.046187
0.393869 0.343374 0.058615 0.040112
0.613523 0.498002 0.059690 0.041866
0.063319 0.202775 0.051950 0.048027
0.056731 0.640479 0.062857 0.038786
0.611378 0.726989 0.057633 0.028179
0.491932 0.966121 0.070578 0.042281
0.936588 0.959369 0.065669 0.046517
0.168747 0.469825 0.064250 0.034254
0.394149 0.464404 0.058166 0.032960
0.721990 0.675351 0.078590 0.033311
0.160857 0.769330 0.052121 0.039285
0.499225 0.767361 0.057987 0.036387
0.507822 0.139018 0.070000 0.029505
0.267450 0.776774 0.068063 0.029786
0.825548 0.481583 0.050902 0.032281
0.820621 0.640539 0.079114 0.042496
0.603702 0.828305 0.068694 0.038174
0.167753 0.432284 0.064410 0.030198
0.390057 0.589734 0.057994 0.044630
0.928153 0.549669 0.058580 0.044282
0.833746 0.404774 0.069104 0.042399
0.501763 0.394457 0.063678 0.035595
0.617442 0.414246 0.055691 0.037562
0.063951 0.247972 0.051658 0.037098
0.930878 0.631390 0.066808 0.033022
0.159340 0.807751 0.056279 0.033149
0.164784 0.132854 0.063163 0.038047
0.939269 0.412508 0.055872 0.034280
0.277756 0.243223 0.058083 0.031484
0.724434 0.045435 0.068753 0.040205
0.271355 0.813316 0.059239 0.040206
0.717220 0.742623 0.076016 0.035486
0.270123 0.741607 0.066037 0.037606
0.055003 0.857503 0.052499 0.036597
0.827306 0.334937 0.048515 0.044697
0.819987 0.717350 0.053591 0.038476
0.058134 0.489834 0.052078 0.033191
0.720579 0.706941 0.077128 0.031018
0.166452 0.729987 0.062146 0.032505
0.720368 0.777074 0.064933 0.031846
0.497995 0.690866 0.050442 0.043066
0.178912 0.290731 0.074465 0.031052
0.714068 0.607950 0.047586 0.036227
0.609446 0.581828 0.052385 0.040834
0.822166 0.046538 0.060778 0.041217
0.940444 0.174530 0.070839 0.038645
0.724706 0.295429 0.070151 0.028205
0.603454 0.962004 0.085910 0.049835
0.500486 0.811463 0.068518 0.040195
0.822420 0.893260 0.059929 0.039831
0.493295 0.730772 0.055712 0.034101
0.497714 0.650961 0.072290 0.031878
0.604619 0.792837 0.084863 0.031723
0.060727 0.117805 0.049575 0.033733
0.397009 0.853379 0.087259 0.047777
0.615085 0.045035 0.069356 0.039801
0.824744 0.678722 0.061007 0.036669
0.061406 0.768193 0.061025 0.045573
0.282230 0.047115 0.058277 0.043048
0.060936 0.327936 0.047735 0.034765
0.158918 0.849307 0.069728 0.046652
0.056178 0.522071 0.051125 0.027443
0.384949 0.891788 0.063669 0.028504
0.268199 0.576214 0.061969 0.045213
0.164070 0.365914 0.069109 0.026886
0.058348 0.897807 0.049561 0.039516
0.493217 0.847926 0.052646 0.035509
0.383921 0.635926 0.052578 0.041479
0.381762 0.931924 0.070343 0.038910
0.269284 0.623391 0.054270 0.042657
0.628966 0.247220 0.086320 0.043710
0.717106 0.571500 0.053357 0.034650
0.934662 0.661437 0.054203 0.024160
0.728486 0.156574 0.064846 0.024354
0.817201 0.970062 0.050366 0.032059
0.054885 0.814305 0.063516 0.039025
0.720588 0.969979 0.059505 0.033238
0.726719 0.324682 0.068643 0.027991
0.609648 0.697894 0.056000 0.023267
0.831402 0.369071 0.070369 0.024024
0.615700 0.079999 0.073996 0.029263
0.491218 0.038978 0.080786 0.032611
0.938516 0.443263 0.057893 0.025954
0.277961 0.898877 0.070073 0.024344
0.062762 0.043613 0.049255 0.034310
0.169603 0.168245 0.056091 0.032122
0.826521 0.513155 0.047984 0.025555
0.268887 0.954715 0.077724 0.041534
0.826467 0.592364 0.064364 0.050720
0.387746 0.049199 0.054634 0.045047
0.391612 0.969908 0.076445 0.039309
0.171489 0.194368 0.072108 0.019771
0.165179 0.936782 0.056891 0.040685
0.164088 0.629645 0.050689 0.023188
0.167396 0.218432 0.054283 0.023857
0.721891 0.444187 0.047251 0.033352
0.073614 0.953357 0.084232 0.055433
0.625207 0.106091 0.060921 0.026462
0.728670 0.899826 0.073764 0.038386
0.164230 0.966518 0.060567 0.036956
0.502178 0.493523 0.080336 0.037976
0.265462 0.924788 0.064905 0.026539
0.498108 0.474546 0.076871 0.046746
0.761711 0.735440 0.034929 0.031888
