0.836035 0.659680 0.059909 0.036569
0.288253 0.570793 0.061375 0.037837
0.725368 0.337191 0.056495 0.038024
0.724772 0.471733 0.078775 0.040566
0.834194 0.298722 0.056670 0.036716
0.397496 0.333728 0.063026 0.037108
0.505873 0.168497 0.067530 0.041853
0.835275 0.258944 0.059455 0.038015
0.607478 0.770180 0.069051 0.042098
0.508151 0.453612 0.058495 0.038534
0.395667 0.791486 0.054994 0.035919
0.620061 0.224156 0.058130 0.039766
0.396263 0.570054 0.057097 0.038061
0.614829 0.146675 0.066672 0.042030
0.503491 0.209579 0.057974 0.036075
0.726167 0.744227 0.062479 0.042318
0.714814 0.884674 0.073175 0.044335
0.287716 0.496884 0.057333 0.036305
0.284093 0.331399 0.061602 0.041862
0.066896 0.572559 0.055021 0.042700
0.716239 0.231613 0.070774 0.039400
0.395205 0.752847 0.054442 0.031642
0.403083 0.934467 0.055935 0.035391
0.288903 0.256602 0.058739 0.037779
0.503274 0.566315 0.052358 0.039128
0.722271 0.589665 0.057695 0.041837
0.839804 0.700410 0.052584 0.040703
0.829854 0.808220 0.052514 0.035677
0.937861 0.787355 0.054819 0.034491
0.613816 0.100593 0.062527 0.047728
0.834918 0.618420 0.054878 0.043171
0.176285 0.823544 0.067940 0.042211
0.285302 0.869543 0.069837 0.043282
0.292291 0.451763 0.061262 0.048279
0.071469 0.211076 0.057370 0.045718
0.288695 0.405695 0.071511 0.038890
0.501936 0.294747 0.059774 0.038799
0.502540 0.251969 0.056749 0.041666
0.725414 0.429929 0.062146 0.037026
0.725686 0.548314 0.056342 0.035519
0.397014 0.969794 0.057551 0.034390
0.291712 0.696225 0.067394 0.039391
0.501444 0.735289 0.057728 0.038014
0.726197 0.512114 0.062064 0.039060
0.938659 0.909453 0.053359 0.041276
0.176933 0.581613 0.056893 0.042094
0.177426 0.702049 0.053071 0.039554
0.613610 0.185173 0.056350 0.034781
0.943178 0.337138 0.052963 0.033206
0.940805 0.713930 0.047035 0.041282
0.396931 0.712528 0.046887 0.039908
0.936355 0.752776 0.054570 0.032579
0.505495 0.533178 0.049978 0.028735
0.722139 0.633186 0.056472 0.045538
0.292565 0.780398 0.062085 0.044817
0.722476 0.190211 0.063786 0.038473
0.505907 0.496206 0.054236 0.041623
0.496984 0.096374 0.062096 0.041687
0.289321 0.826699 0.054889 0.037446
0.396154 0.827896 0.049291 0.031180
0.834330 0.393995 0.069393 0.035675
0.289783 0.216321 0.055154 0.039670
0.832984 0.431083 0.055241 0.034593
0.828878 0.135396 0.066043 0.041730
0.726463 0.149346 0.058950 0.040402
0.177671 0.624537 0.051484 0.039343
0.176466 0.422755 0.065657 0.037337
0.944802 0.371665 0.068558 0.037918
0.933726 0.866674 0.056549 0.040395
0.394955 0.606860 0.048182 0.034544
0.614614 0.268788 0.053501 0.042769
0.395619 0.867792 0.055862 0.043678
0.177822 0.339205 0.057495 0.032575
0.608564 0.659536 0.062675 0.042342
0.292968 0.653900 0.053873 0.043234
0.070516 0.655317 0.059754 0.039181
0.612224 0.465231 0.058844 0.031389
0.075442 0.296236 0.048389 0.038899
0.506095 0.604106 0.060287 0.031956
0.740656 0.786123 0.061366 0.034675
0.393441 0.290788 0.052894 0.040362
0.611206 0.810495 0.048305 0.034057
0.610529 0.730000 0.054499 0.032932
0.606796 0.345630 0.055798 0.042098
0.617048 0.616113 0.051606 0.039567
0.178632 0.664543 0.060187 0.033124
0.939204 0.626695 0.054235 0.032377
0.286574 0.097755 0.053941 0.037960
0.074589 0.254054 0.049723 0.040698
0.500882 0.690708 0.058340 0.049522
0.614265 0.526349 0.056562 0.038465
0.176512 0.923275 0.053925 0.027595
0.501168 0.411516 0.058449 0.041058
0.834603 0.511767 0.049085 0.035820
0.396467 0.672153 0.050678 0.038114
0.068417 0.491687 0.052804 0.041380
0.174622 0.302073 0.052921 0.038416
0.613175 0.900380 0.056204 0.028159
0.505970 0.642336 0.049412 0.041782
0.936499 0.196954 0.052928 0.035733
0.173646 0.117032 0.056315 0.037982
0.072390 0.613882 0.052546 0.037228
0.835209 0.360440 0.048325 0.033039
0.172579 0.859364 0.049903 0.028390
0.940017 0.233868 0.044857 0.035601
0.615256 0.054159 0.054593 0.039643
0.077514 0.368488 0.056419 0.036182
0.396854 0.369873 0.059288 0.029801
0.394345 0.076210 0.062578 0.046392
0.281951 0.293449 0.051558 0.033300
0.936347 0.594305 0.057201 0.025301
0.938140 0.952926 0.047688 0.042940
0.396759 0.251853 0.060821 0.031367
0.828678 0.094206 0.058718 0.040433
0.172435 0.890298 0.049478 0.032443
0.391195 0.169280 0.057860 0.040562
0.841169 0.472833 0.053601 0.042873
0.941221 0.156840 0.045310 0.038077
0.499735 0.368149 0.059252 0.041580
0.069882 0.159962 0.060075 0.050835
0.940698 0.668794 0.048415 0.043994
0.169942 0.957881 0.075414 0.039530
0.293755 0.738374 0.054521 0.033114
0.719777 0.026790 0.079632 0.045828
0.827929 0.179864 0.053842 0.038063
0.064181 0.817409 0.062218 0.040178
0.184170 0.502838 0.057270 0.038904
0.827294 0.887537 0.056943 0.033026
0.938986 0.057390 0.052704 0.028752
0.943464 0.088182 0.050065 0.029316
0.501073 0.329924 0.057207 0.032556
0.830601 0.054841 0.050463 0.035878
0.834177 0.576376 0.053163 0.038350
0.826829 0.917820 0.060999 0.032174
0.616159 0.571991 0.055017 0.046198
0.175835 0.786030 0.050484 0.030617
0.938269 0.561825 0.051925 0.034639
0.071348 0.446501 0.067242 0.040924
0.719982 0.267008 0.048990 0.031643
0.723557 0.112845 0.048464 0.033475
0.075006 0.405933 0.058775 0.037555
0.720928 0.925551 0.055417 0.035546
0.291501 0.611413 0.047161 0.039634
0.823647 0.953290 0.053705 0.039435
0.729742 0.703836 0.047953 0.034849
0.612341 0.842896 0.049809 0.030064
0.176116 0.379608 0.049461 0.043355
0.171328 0.080967 0.051855 0.034481
0.943874 0.120705 0.069690 0.033926
0.612508 0.017410 0.057026 0.028757
0.077983 0.333650 0.042407 0.033441
0.176694 0.541431 0.046096 0.035026
0.941553 0.303523 0.044024 0.031232
0.496571 0.777130 0.058181 0.045060
0.611892 0.306360 0.051661 0.035295
0.394952 0.452169 0.050447 0.047007
0.395165 0.404656 0.044938 0.039211
0.610625 0.390742 0.050894 0.047903
0.289315 0.532144 0.051378 0.030435
0.726475 0.371580 0.065248 0.031277
0.393832 0.496532 0.049911 0.039298
0.286061 0.942840 0.048380 0.028800
0.942419 0.269530 0.044004 0.030429
0.068198 0.692699 0.053087 0.038185
0.068468 0.531812 0.045970 0.033678
0.508110 0.134618 0.052577 0.027123
0.066266 0.106813 0.051172 0.053014
0.837729 0.331954 0.053488 0.026251
0.284730 0.061780 0.063521 0.033493
0.286463 0.971689 0.047661 0.030113
0.607709 0.871243 0.050510 0.030714
0.063052 0.883378 0.044243 0.029769
0.719133 0.960753 0.056483 0.034926
0.172637 0.189980 0.052320 0.043206
0.066286 0.776287 0.059158 0.039282
0.499597 0.854120 0.049654 0.045635
0.612768 0.935952 0.054478 0.038224
0.727997 0.671421 0.045502 0.032053
0.071019 0.735388 0.049301 0.042417
0.287680 0.909926 0.043729 0.035604
0.398563 0.902788 0.045378 0.027091
0.831071 0.773115 0.042028 0.034054
0.499591 0.815230 0.053002 0.026776
0.397697 0.638651 0.047747 0.028834
0.289296 0.134791 0.049428 0.035401
0.934798 0.824575 0.061124 0.038123
0.615683 0.430938 0.047510 0.028210
0.389551 0.027750 0.048275 0.045557
0.394149 0.531760 0.044354 0.030581
0.613639 0.697014 0.043509 0.029013
0.172659 0.462609 0.063447 0.039136
0.612750 0.494267 0.068931 0.024958
0.498703 0.898529 0.052392 0.039515
0.940323 0.414553 0.045075 0.043082
0.390522 0.212721 0.047224 0.043758
0.282160 0.371077 0.042169 0.028679
0.729745 0.398819 0.055515 0.024077
0.829306 0.219393 0.042866 0.037292
0.061057 0.918914 0.046378 0.036804
0.169085 0.151924 0.070099 0.028550
0.833477 0.739067 0.042775 0.033775
0.277656 0.025350 0.072974 0.041105
0.068111 0.058390 0.047857 0.039600
0.170394 0.747939 0.067259 0.043686
0.499102 0.052094 0.059548 0.040560
0.834650 0.544816 0.044821 0.030617
0.939741 0.024161 0.048595 0.033700
0.935162 0.521160 0.042355 0.037101
0.282840 0.173893 0.072165 0.040016
0.059910 0.853378 0.043083 0.031512
0.174176 0.268078 0.049005 0.029990
0.829045 0.849112 0.065170 0.042071
0.933953 0.485796 0.042269 0.033610
0.722723 0.849405 0.052536 0.022676
0.720071 0.299756 0.047499 0.036296
0.934750 0.453400 0.035552 0.028529
0.392901 0.125366 0.054783 0.045405
0.831299 0.020680 0.042940 0.033388
0.174120 0.231788 0.043259 0.040432
0.717910 0.821017 0.041554 0.030016
0.609772 0.971159 0.054835 0.032969
0.068259 0.022245 0.044864 0.031886
0.493368 0.944497 0.060925 0.051437
0.058948 0.958311 0.048575 0.041814
0.717567 0.074409 0.055927 0.046677
0.170691 0.035502 0.059453 0.050405
0.504531 0.019435 0.051328 0.023324
