0.827857 0.846138 0.063364 0.040331
0.396346 0.578955 0.059546 0.038069
0.610285 0.945132 0.059010 0.032564
0.181457 0.135974 0.062069 0.035437
0.396136 0.617217 0.054584 0.036802
0.495617 0.804668 0.063769 0.041201
0.292003 0.176643 0.062290 0.042837
0.276319 0.648892 0.077906 0.049168
0.289955 0.133788 0.056453 0.038361
0.178551 0.220343 0.061377 0.039132
0.274872 0.910025 0.065400 0.036917
0.602063 0.861417 0.059812 0.039235
0.506194 0.345643 0.070256 0.040596
0.602999 0.816347 0.059387 0.048584
0.606911 0.903950 0.055403 0.042610
0.396063 0.156697 0.055477 0.037044
0.598280 0.770022 0.062924 0.038637
0.605227 0.503239 0.066706 0.045200
0.619264 0.127733 0.061699 0.040393
0.183900 0.861324 0.055001 0.034326
0.393899 0.498049 0.063005 0.040292
0.178115 0.095869 0.057583 0.042043
0.720995 0.766376 0.054637 0.033217
0.617102 0.245016 0.064692 0.041566
0.497165 0.844712 0.056882 0.035190
0.079141 0.227349 0.067256 0.041084
0.829605 0.674420 0.063101 0.038792
0.508413 0.386105 0.062719 0.034185
0.277087 0.561871 0.055270 0.042179
0.720778 0.838385 0.050253 0.032173
0.275252 0.738503 0.071158 0.042766
0.608674 0.081928 0.063288 0.049237
0.397234 0.222831 0.050554 0.037169
0.386435 0.696086 0.070870 0.039188
0.395706 0.263814 0.052182 0.040429
0.714023 0.597335 0.050715 0.044859
0.607724 0.977984 0.067680 0.033648
0.184215 0.677959 0.052677 0.030873
0.286318 0.222157 0.061796 0.044420
0.391081 0.852414 0.054831 0.038147
0.604724 0.457746 0.056328 0.040961
0.719149 0.358869 0.047979 0.033973
0.392005 0.891785 0.058289 0.037900
0.183369 0.260364 0.063941 0.038163
0.718515 0.554467 0.054601 0.040019
0.723397 0.215028 0.049192 0.040899
0.716427 0.467286 0.059931 0.046651
0.185703 0.640247 0.050074 0.040257
0.290570 0.265703 0.050974 0.042205
0.288910 0.336254 0.054553 0.035895
0.830268 0.802773 0.052507 0.038419
0.828688 0.919850 0.050583 0.032865
0.180310 0.601890 0.056928 0.036491
0.930356 0.893678 0.062217 0.042313
0.393693 0.454038 0.048657 0.041752
0.604402 0.377644 0.054812 0.044617
0.076557 0.896006 0.053143 0.039543
0.180557 0.446996 0.052910 0.034742
0.180362 0.895852 0.054149 0.033217
0.494375 0.966823 0.061147 0.042909
0.395694 0.074305 0.059066 0.041081
0.073106 0.069621 0.052925 0.039295
0.825941 0.885247 0.046909 0.034158
0.277516 0.603343 0.061117 0.036323
0.389369 0.734140 0.051621 0.035839
0.078473 0.937633 0.057013 0.032843
0.492536 0.883026 0.052267 0.039492
0.277742 0.695596 0.083213 0.040652
0.393797 0.118338 0.048957 0.040748
0.078731 0.270724 0.057372 0.036788
0.077591 0.971559 0.054052 0.034385
0.496225 0.923071 0.052981 0.037990
0.291665 0.098436 0.052543 0.032375
0.616139 0.172994 0.058907 0.039801
0.393175 0.656341 0.061489 0.036662
0.507023 0.458558 0.058155 0.033260
0.185502 0.823753 0.049847 0.038946
0.073067 0.150736 0.046563 0.035334
0.390775 0.306376 0.052115 0.042517
0.504939 0.619460 0.052744 0.043972
0.074263 0.186486 0.050622 0.034328
0.827680 0.078835 0.049735 0.039000
0.080581 0.402613 0.051631 0.039521
0.073226 0.110591 0.048567 0.038068
0.724875 0.908499 0.050912 0.037754
0.821528 0.365127 0.056616 0.036459
0.933888 0.308591 0.049373 0.037546
0.508024 0.574231 0.054453 0.038772
0.721506 0.174102 0.051036 0.035384
0.287955 0.302559 0.053486 0.028506
0.279752 0.807255 0.054696 0.040767
0.606074 0.419287 0.065652 0.033121
0.935116 0.270151 0.049056 0.034624
0.179776 0.927713 0.049029 0.028664
0.936745 0.237155 0.055023 0.031223
0.181530 0.710752 0.046752 0.032241
0.819049 0.545309 0.054521 0.034385
0.070589 0.816034 0.045617 0.038335
0.936649 0.204907 0.049994 0.033051
0.510205 0.122455 0.055914 0.034406
0.070276 0.028887 0.061217 0.036452
0.078093 0.538143 0.054458 0.038392
0.287812 0.027224 0.054118 0.033589
0.393315 0.030600 0.058680 0.047467
0.081885 0.311397 0.064849 0.040454
0.606856 0.620893 0.056538 0.031126
0.078119 0.493877 0.053019 0.045591
0.393175 0.814640 0.051127 0.035099
0.927887 0.389623 0.055275 0.042988
0.504205 0.662020 0.044692 0.039199
0.072180 0.855238 0.044515 0.038388
0.068059 0.579305 0.050571 0.039767
0.826669 0.587772 0.062432 0.046572
0.082145 0.446235 0.048828 0.042923
0.722786 0.971857 0.046147 0.031969
0.497739 0.770711 0.062441 0.027377
0.074474 0.690628 0.058187 0.037243
0.712369 0.639035 0.061353 0.036867
0.936525 0.470560 0.046376 0.040296
0.828064 0.760629 0.061654 0.042168
0.720406 0.725925 0.043830 0.043055
0.719726 0.872947 0.044018 0.033198
0.503872 0.271256 0.077853 0.036061
0.396511 0.538914 0.052079 0.038609
0.180127 0.962062 0.047358 0.040014
0.398144 0.378069 0.064354 0.040286
0.176816 0.055083 0.056372 0.033433
0.720749 0.108959 0.069596 0.035264
0.506696 0.499034 0.051774 0.041796
0.509645 0.423491 0.045569 0.035873
0.718836 0.801751 0.057176 0.036218
0.820499 0.484708 0.048712 0.035162
0.180916 0.562458 0.049213 0.038726
0.934267 0.348161 0.056569 0.037421
0.603001 0.679209 0.054909 0.031409
0.183748 0.175240 0.043753 0.041346
0.288508 0.514250 0.061424 0.044286
0.182273 0.746445 0.050771 0.035381
0.182598 0.524074 0.060765 0.033915
0.617418 0.291064 0.046676 0.045950
0.821467 0.405154 0.053399 0.038091
0.933702 0.556735 0.051445 0.049750
0.936373 0.165348 0.043548 0.035914
0.066693 0.617214 0.044359 0.036598
0.824799 0.718001 0.069597 0.042228
0.079343 0.653223 0.055133 0.034139
0.614363 0.034977 0.057550 0.043561
0.291481 0.377470 0.053992 0.047517
0.934242 0.428481 0.041896 0.038666
0.816779 0.447036 0.049488 0.037672
0.720514 0.391065 0.041459 0.029678
0.717298 0.321820 0.044013 0.037075
0.609782 0.335361 0.043692 0.037687
0.289889 0.063447 0.045317 0.035522
0.932891 0.967825 0.066511 0.032883
0.926089 0.645182 0.065888 0.044793
0.940020 0.510523 0.051286 0.038909
0.833552 0.975220 0.051458 0.033745
0.183453 0.484535 0.045920 0.038652
0.717750 0.683208 0.043972 0.041465
0.185773 0.304117 0.048724 0.043662
0.599150 0.736488 0.074353 0.027480
0.831107 0.034825 0.055148 0.044345
0.507458 0.535799 0.042506 0.035537
0.826710 0.112945 0.050137 0.032302
0.932447 0.739553 0.045938 0.035126
0.719832 0.512740 0.044718 0.038909
0.933190 0.932246 0.044103 0.030851
0.508310 0.305738 0.047874 0.036567
0.399278 0.415713 0.043977 0.034010
0.185032 0.412881 0.054604 0.032811
0.720190 0.141004 0.044787 0.028579
0.073080 0.729867 0.039490 0.035328
0.181210 0.347031 0.041316 0.036711
0.502048 0.699974 0.058528 0.034164
0.617696 0.209542 0.048212 0.026984
0.724008 0.075346 0.045525 0.031153
0.828683 0.277115 0.051655 0.044087
0.723160 0.941152 0.039106 0.027573
0.928051 0.851454 0.048564 0.041065
0.505232 0.081252 0.050137 0.045730
0.828265 0.148707 0.043583 0.039394
0.397713 0.188767 0.047655 0.026261
0.929862 0.777745 0.057514 0.043280
0.070878 0.773997 0.046473 0.042296
0.609853 0.648871 0.054521 0.026197
0.277310 0.947306 0.081584 0.035755
0.719630 0.286112 0.036977 0.035042
0.186720 0.782092 0.044153 0.036735
0.723405 0.036800 0.054912 0.043205
0.605977 0.582974 0.056011 0.043525
0.936197 0.602996 0.045737 0.038326
0.826255 0.188631 0.046455 0.032705
0.281369 0.978009 0.048131 0.025956
0.829720 0.632273 0.044249 0.039014
0.830605 0.230890 0.053394 0.045214
0.083259 0.357837 0.043144 0.044278
0.604610 0.545135 0.051920 0.033314
0.282952 0.470513 0.047497 0.039935
0.289522 0.424837 0.052275 0.044968
0.934606 0.696073 0.052672 0.051113
0.510029 0.214748 0.053909 0.036503
0.822664 0.513898 0.047800 0.025652
0.499604 0.035809 0.060971 0.045230
0.830737 0.948708 0.043445 0.022686
0.499776 0.737923 0.053379 0.033891
0.180423 0.022262 0.053435 0.030733
0.178446 0.382004 0.040872 0.030543
0.601421 0.709582 0.062299 0.028426
0.931281 0.816557 0.045321 0.032782
0.401548 0.343552 0.051080 0.027219
0.278328 0.873786 0.052286 0.034812
0.936686 0.128868 0.039517 0.031453
0.723735 0.252280 0.039016 0.030885
0.929000 0.088137 0.053962 0.045018
0.276997 0.845372 0.051765 0.034550
0.384649 0.958249 0.068341 0.041703
0.281870 0.774429 0.052782 0.027568
0.510062 0.175211 0.068285 0.042368
0.824673 0.324081 0.046479 0.045366
0.392154 0.775533 0.056418 0.042987
0.392439 0.923716 0.047097 0.029081
0.512476 0.238792 0.054067 0.025244
0.716386 0.424923 0.061986 0.036527
0.509367 0.152979 0.057348 0.029310
0.933661 0.039657 0.040884 0.046415
