0.929850 0.173694 0.052688 0.036619
0.582187 0.429578 0.055539 0.036883
0.929812 0.277866 0.053572 0.036189
0.932505 0.357774 0.057163 0.038590
0.930529 0.211801 0.053010 0.038171
0.930715 0.316951 0.064303 0.037833
0.713574 0.120158 0.057152 0.038586
0.707673 0.466182 0.054581 0.032133
0.478058 0.610307 0.055509 0.034852
0.702373 0.916611 0.059249 0.037208
0.818870 0.808955 0.060561 0.041800
0.928530 0.576556 0.059923 0.035916
0.815723 0.494375 0.053416 0.037107
0.821346 0.531029 0.056091 0.038141
0.697383 0.682592 0.066749 0.034547
0.932978 0.613757 0.056740 0.034979
0.708139 0.080255 0.063865 0.036214
0.819263 0.418162 0.060179 0.044541
0.269720 0.385116 0.063429 0.039722
0.821802 0.219060 0.060992 0.031077
0.704533 0.645483 0.051797 0.039981
0.942752 0.913701 0.054378 0.034518
0.594721 0.118881 0.062804 0.040069
0.927337 0.136449 0.052813 0.036006
0.699711 0.878405 0.059853 0.037306
0.474128 0.573631 0.054869 0.036760
0.491442 0.219883 0.054207 0.037390
0.594585 0.232342 0.049936 0.034460
0.477504 0.760866 0.055915 0.039983
0.596674 0.193026 0.050848 0.037558
0.929462 0.062961 0.054088 0.036651
0.583380 0.872407 0.055747 0.043409
0.266624 0.583712 0.059874 0.043502
0.591492 0.275357 0.053354 0.046269
0.269065 0.223193 0.065710 0.039282
0.700365 0.605416 0.059264 0.038264
0.379565 0.364708 0.055260 0.034659
0.068609 0.709268 0.057552 0.040852
0.483284 0.942245 0.060835 0.036660
0.933059 0.538993 0.051214 0.035453
0.071162 0.666704 0.056611 0.037879
0.492216 0.185193 0.053153 0.032241
0.064334 0.120875 0.062173 0.043807
0.586690 0.320484 0.050997 0.041364
0.370334 0.895717 0.057339 0.039657
0.705395 0.536665 0.061261 0.034221
0.929172 0.099326 0.060464 0.033760
0.700141 0.958303 0.063297 0.044664
0.818435 0.458235 0.048985 0.031926
0.371736 0.805865 0.065296 0.043237
0.931809 0.400748 0.053993 0.039552
0.590007 0.766452 0.070752 0.044616
0.582228 0.914107 0.057620 0.036142
0.477372 0.649658 0.049960 0.042850
0.707289 0.432652 0.049108 0.034602
0.068120 0.822383 0.054209 0.037894
0.379923 0.327230 0.063380 0.034142
0.583032 0.585027 0.056995 0.031184
0.816470 0.716784 0.056688 0.042446
0.818312 0.763963 0.061768 0.041966
0.945982 0.946354 0.068352 0.032036
0.710463 0.501234 0.056276 0.034422
0.167097 0.855394 0.057102 0.043045
0.815414 0.573623 0.053922 0.038609
0.473926 0.872400 0.058154 0.031864
0.593220 0.075075 0.054716 0.044906
0.578200 0.464441 0.051311 0.032551
0.484580 0.977581 0.056406 0.033589
0.064833 0.782513 0.050918 0.038403
0.071782 0.902900 0.054055 0.039886
0.264236 0.838483 0.057296 0.040056
0.371193 0.666092 0.070380 0.040414
0.816854 0.187312 0.051707 0.031917
0.370354 0.764802 0.058323 0.040365
0.267587 0.799036 0.054544 0.039755
0.268597 0.154680 0.061142 0.042449
0.477064 0.725350 0.051112 0.032426
0.493506 0.147874 0.055280 0.033990
0.813897 0.958981 0.059946 0.038994
0.483177 0.376486 0.054615 0.030584
0.068222 0.244764 0.053321 0.035322
0.815815 0.303444 0.056213 0.040018
0.937513 0.876835 0.067809 0.038981
0.945931 0.839630 0.061481 0.032598
0.821703 0.342834 0.053901 0.031047
0.820636 0.085686 0.059067 0.039563
0.706817 0.197509 0.050865 0.042615
0.062318 0.167338 0.058866 0.042368
0.932819 0.649652 0.048458 0.037121
0.067367 0.077081 0.059133 0.039622
0.935524 0.769559 0.049626 0.042724
0.066860 0.208677 0.057029 0.033165
0.708433 0.156466 0.048309 0.031328
0.935864 0.808518 0.058313 0.032011
0.370521 0.851723 0.054969 0.041772
0.261761 0.622372 0.058045 0.032889
0.478841 0.837071 0.052294 0.036247
0.494246 0.106116 0.056539 0.041374
0.481617 0.905958 0.052431 0.031946
0.588382 0.682499 0.055040 0.036580
0.168144 0.486132 0.050244 0.033474
0.702621 0.394175 0.051414 0.039338
0.171371 0.520749 0.047902 0.034829
0.819084 0.376474 0.054649 0.033590
0.378484 0.291968 0.052104 0.035135
0.598369 0.156228 0.045797 0.032259
0.382566 0.402928 0.051121 0.036362
0.593243 0.030474 0.064608 0.042413
0.274450 0.977572 0.050377 0.031214
0.819020 0.855386 0.055783 0.042952
0.939197 0.977791 0.069209 0.030567
0.169821 0.747112 0.047440 0.039495
0.268463 0.543726 0.046384 0.036599
0.068728 0.940602 0.048286 0.029867
0.819052 0.894870 0.042234 0.033569
0.928679 0.027273 0.054535 0.033366
0.933167 0.495426 0.052742 0.044992
0.382369 0.073741 0.049249 0.039719
0.266459 0.759470 0.044864 0.033491
0.574920 0.528755 0.068530 0.028642
0.819710 0.122710 0.044806 0.031034
0.065788 0.455895 0.045744 0.038727
0.817618 0.678836 0.052615 0.031454
0.374566 0.223950 0.050394 0.039862
0.933456 0.687081 0.048782 0.038692
0.265072 0.689264 0.046600 0.040765
0.940610 0.725728 0.055072 0.039330
0.265286 0.724771 0.044572 0.034021
0.165631 0.899855 0.049715 0.041541
0.582656 0.971191 0.048667 0.034798
0.696863 0.808919 0.050697 0.041525
0.270732 0.340845 0.041950 0.043415
0.269955 0.188916 0.048880 0.029110
0.589782 0.721906 0.053933 0.043573
0.708179 0.237921 0.052779 0.035586
0.167969 0.783369 0.054495 0.032477
0.167972 0.292758 0.053335 0.044013
0.270807 0.264658 0.050856 0.040281
0.489365 0.412100 0.054223 0.038130
0.268192 0.502944 0.051406 0.034387
0.478885 0.689430 0.049709 0.034976
0.269312 0.943714 0.045931 0.036514
0.268480 0.909825 0.048984 0.027663
0.584458 0.834030 0.050705 0.031780
0.699552 0.843483 0.049813 0.028908
0.488388 0.256570 0.046170 0.033225
0.167044 0.816133 0.048362 0.033796
0.930175 0.447331 0.050310 0.044444
0.070380 0.860567 0.046593 0.035954
0.067693 0.282136 0.042207 0.035843
0.072838 0.628716 0.051709 0.029990
0.368723 0.624307 0.059576 0.039324
0.268604 0.466525 0.045050 0.042165
0.379709 0.030729 0.054876 0.040319
0.379543 0.136893 0.053061 0.033670
0.071814 0.523636 0.060577 0.028541
0.474992 0.530497 0.045906 0.045593
0.815199 0.025796 0.067405 0.035866
0.816613 0.614669 0.042846 0.041369
0.065649 0.492397 0.041478 0.032058
0.698461 0.770778 0.046019 0.033805
0.268599 0.877081 0.044789 0.034229
0.588330 0.360069 0.046109 0.033542
0.373701 0.443491 0.047442 0.038696
0.063731 0.321682 0.047334 0.036399
0.815782 0.155697 0.042219 0.032445
0.929421 0.243574 0.046315 0.024310
0.068999 0.595487 0.043209 0.032362
0.162952 0.211284 0.057747 0.038165
0.479360 0.336510 0.051965 0.046387
0.581156 0.395118 0.042425 0.031937
0.169510 0.939605 0.046890 0.038373
0.710320 0.036493 0.059590 0.046599
0.473145 0.486518 0.046296 0.039271
0.706607 0.569275 0.045441 0.032468
0.171729 0.551903 0.047809 0.027596
0.063958 0.972822 0.047816 0.034538
0.062220 0.363806 0.057584 0.041368
0.370706 0.557107 0.040577 0.037312
0.818051 0.255857 0.060516 0.042835
0.372693 0.516775 0.051069 0.041360
0.369138 0.968635 0.042206 0.037861
0.376485 0.258772 0.045705 0.031658
0.369688 0.932271 0.047367 0.034709
0.706633 0.275904 0.073391 0.036894
0.576708 0.498403 0.046693 0.033401
0.172726 0.974140 0.052574 0.029661
0.586513 0.648794 0.044770 0.031369
0.584800 0.618094 0.043728 0.032831
0.268950 0.425015 0.059547 0.036194
0.166872 0.586458 0.045390 0.036898
0.486284 0.292704 0.042921 0.035514
0.171505 0.454551 0.052146 0.028093
0.383060 0.108189 0.041966 0.026492
0.495739 0.034210 0.051852 0.044457
0.270944 0.302941 0.048047 0.029569
0.816379 0.650316 0.044740 0.026546
0.168295 0.338323 0.052629 0.041407
0.166902 0.097136 0.052256 0.035138
0.066419 0.036755 0.058157 0.030242
0.264975 0.656452 0.051485 0.029222
0.067100 0.745622 0.044132 0.028583
0.480145 0.800195 0.053834 0.034207
0.273443 0.110383 0.044641 0.036656
0.379408 0.181347 0.049236 0.044451
0.068055 0.411585 0.048110 0.039286
0.477502 0.449692 0.044333 0.030882
0.819043 0.924812 0.037871 0.024363
0.373709 0.591177 0.045948 0.025864
0.170454 0.063711 0.049308 0.027983
0.588208 0.555761 0.048244 0.024412
0.171574 0.669823 0.047776 0.028233
0.499295 0.069284 0.054726 0.025416
0.367302 0.480249 0.064761 0.033672
0.068274 0.556656 0.050690 0.039925
0.168566 0.418196 0.050356 0.041955
0.170514 0.706448 0.045577 0.041556
0.586540 0.942178 0.053855 0.022250
0.706356 0.354086 0.063527 0.039128
0.586045 0.806415 0.046369 0.031252
0.166292 0.378444 0.050485 0.037574
0.277111 0.073487 0.050481 0.036538
0.167637 0.248979 0.044331 0.034518
0.170586 0.031276 0.050065 0.033945
0.700638 0.722615 0.051650 0.043580
0.169482 0.135595 0.048332 0.037826
0.819794 0.054373 0.058444 0.022367
0.275394 0.034652 0.049397 0.042495
0.761414 0.378100 0.052473 0.042353
0.372116 0.725453 0.049626 0.038919
0.707854 0.313979 0.055451 0.038549
0.165130 0.630181 0.051917 0.049285
0.165612 0.174432 0.043251 0.036766
0.372010 0.705936 0.047424 0.039114
0.755987 0.335044 0.052125 0.029568
