0.840148 0.510198 0.085033 0.054822
0.838629 0.219607 0.083459 0.057823
0.836883 0.338232 0.086494 0.059765
0.731947 0.392231 0.089928 0.052248
0.840668 0.456506 0.074487 0.046373
0.627173 0.107375 0.079731 0.055613
0.282809 0.290514 0.085838 0.049353
0.509346 0.276507 0.079191 0.058695
0.836828 0.161435 0.083567 0.054626
0.735198 0.614668 0.105365 0.055516
0.397947 0.447085 0.074115 0.056185
0.513260 0.103293 0.071253 0.049846
0.624896 0.326731 0.084909 0.053550
0.288945 0.604962 0.086942 0.045845
0.056364 0.440070 0.065228 0.055811
0.508556 0.217274 0.076018 0.054621
0.062354 0.556960 0.072659 0.051720
0.737815 0.447966 0.091195 0.055933
0.944332 0.598434 0.078334 0.052771
0.838381 0.615847 0.071167 0.055461
0.735688 0.732651 0.090469 0.052364
0.402439 0.270842 0.089465 0.058690
0.618558 0.266486 0.079377 0.056454
0.283128 0.175897 0.079199 0.054111
0.623649 0.967365 0.088328 0.046503
0.510288 0.768073 0.073483 0.053814
0.941874 0.168138 0.074154 0.056554
0.289913 0.920487 0.069001 0.045525
0.509047 0.499853 0.072331 0.045921
0.838495 0.279029 0.087509 0.053904
0.283232 0.554154 0.067147 0.050800
0.621919 0.488231 0.077345 0.052828
0.626580 0.158116 0.085819 0.045057
0.398848 0.671754 0.074843 0.045593
0.940889 0.449090 0.065436 0.050817
0.523842 0.870381 0.090278 0.043032
0.402128 0.825935 0.083833 0.050161
0.832866 0.716251 0.086667 0.044468
0.396234 0.620006 0.081828 0.048143
0.402444 0.769863 0.077708 0.046676
0.170518 0.109889 0.087622 0.058637
0.733442 0.106385 0.078895 0.057935
0.623986 0.750224 0.080149 0.055749
0.167427 0.474782 0.069695 0.052319
0.944303 0.701351 0.075436 0.052646
0.399273 0.562672 0.082146 0.052949
0.941247 0.051510 0.075775 0.055710
0.945712 0.649758 0.074291 0.045864
0.738139 0.558863 0.097331 0.055433
0.286479 0.501811 0.064231 0.045724
0.726681 0.931268 0.069026 0.042261
0.616534 0.595101 0.068055 0.055086
0.623373 0.863192 0.072790 0.047174
0.062725 0.499358 0.074243 0.055300
0.403018 0.329750 0.087479 0.047996
0.514246 0.394443 0.069932 0.053781
0.287865 0.719550 0.089048 0.050884
0.837200 0.919413 0.076502 0.043807
0.399113 0.109565 0.089820 0.050307
0.510703 0.448679 0.086214 0.049139
0.509555 0.050663 0.089842 0.050623
0.837566 0.870954 0.078703 0.047963
0.947373 0.497244 0.078132 0.041387
0.522347 0.822544 0.092874 0.047095
0.735656 0.335455 0.072864 0.055720
0.940931 0.281490 0.067990 0.056540
0.285683 0.770597 0.096797 0.044208
0.941006 0.224046 0.068202 0.052986
0.625381 0.051177 0.073096 0.049013
0.167603 0.529297 0.064655 0.047948
0.619193 0.209651 0.072857 0.050049
0.401761 0.918386 0.087879 0.041492
0.173470 0.579794 0.082281 0.043705
0.178515 0.904579 0.082800 0.055234
0.061628 0.334014 0.069818 0.043079
0.837157 0.965105 0.068649 0.045323
0.179738 0.797629 0.085722 0.049294
0.618760 0.431268 0.068308 0.054421
0.513467 0.159805 0.076360 0.053127
0.171490 0.849713 0.078934 0.041827
0.289047 0.448470 0.078104 0.051562
0.834943 0.819064 0.080430 0.043683
0.730681 0.221288 0.069332 0.047826
0.281962 0.341744 0.088240 0.040056
0.620699 0.915000 0.056966 0.050035
0.621069 0.808451 0.073770 0.050814
0.945878 0.107248 0.075227 0.052762
0.177742 0.964234 0.099606 0.053981
0.513135 0.336630 0.072699 0.055688
0.409881 0.504253 0.083857 0.052789
0.512614 0.967836 0.069670 0.040271
0.400744 0.160751 0.076573 0.045346
0.735555 0.503936 0.096559 0.047882
0.172780 0.420756 0.070162 0.049005
0.942514 0.546539 0.066470 0.048724
0.943200 0.911673 0.075039 0.047534
0.398998 0.388115 0.070579 0.053953
0.511994 0.714523 0.067535 0.045351
0.399401 0.054961 0.078485 0.051329
0.619438 0.380298 0.068221 0.044588
0.946150 0.756032 0.078646 0.053770
0.727537 0.972457 0.083666 0.039076
0.513495 0.550016 0.064229 0.045293
0.513459 0.920231 0.066427 0.051651
0.616474 0.694271 0.071176 0.043881
0.835150 0.107224 0.070662 0.047676
0.056908 0.385250 0.069907 0.045214
0.291397 0.965231 0.095143 0.040833
0.169236 0.687156 0.078304 0.045396
0.282945 0.871658 0.074448 0.048494
0.057448 0.061471 0.086055 0.060783
0.177957 0.740157 0.073593 0.050052
0.735357 0.672814 0.090210 0.059025
0.624262 0.541110 0.074982 0.043778
0.943150 0.395142 0.073855 0.046638
0.056981 0.119869 0.074373 0.050479
0.400324 0.211306 0.080137 0.055164
0.730596 0.885634 0.062951 0.049584
0.945525 0.339675 0.074297 0.054798
0.838436 0.402204 0.060151 0.056626
0.059617 0.176947 0.065416 0.056613
0.172508 0.163196 0.076593 0.042324
0.401496 0.721208 0.061953 0.041563
0.167226 0.053841 0.078462 0.050414
0.174209 0.211919 0.082795 0.043522
0.940360 0.863734 0.087536 0.040821
0.403386 0.965922 0.065912 0.046150
0.734477 0.782301 0.077942 0.038159
0.287416 0.661017 0.068540 0.057108
0.835421 0.669082 0.058736 0.044326
0.509564 0.664649 0.072866 0.045571
0.285407 0.119234 0.074874 0.053689
0.835997 0.054021 0.073496 0.058736
0.729219 0.833744 0.069215 0.054112
0.058016 0.281068 0.063701 0.051027
0.619091 0.647191 0.072681 0.033971
0.726846 0.276873 0.072364 0.054754
0.065604 0.231270 0.079570 0.043072
0.284044 0.232574 0.065913 0.056656
0.837047 0.767464 0.078994 0.054149
0.839328 0.560738 0.072693 0.042021
0.944701 0.813864 0.069165 0.054875
0.286971 0.392384 0.058515 0.052132
0.730602 0.166091 0.067313 0.054154
0.061206 0.604954 0.063728 0.039911
0.940125 0.961142 0.066430 0.043618
0.174748 0.633765 0.072950 0.048759
0.294394 0.816676 0.074219 0.047347
0.171901 0.372018 0.073818 0.029810
0.730766 0.049121 0.071557 0.053727
0.279483 0.062596 0.083728 0.060043
0.401874 0.874913 0.052967 0.042290
0.174286 0.262352 0.075719 0.042850
0.174245 0.318017 0.067773 0.057643
0.070435 0.651590 0.081643 0.046251
0.515360 0.606299 0.078960 0.051771
