0.933664 0.255521 0.066761 0.036505
0.818125 0.156329 0.073094 0.041637
0.381029 0.153425 0.064068 0.042157
0.278851 0.245677 0.064419 0.036488
0.933327 0.221048 0.065771 0.033775
0.932892 0.146909 0.070840 0.037779
0.064070 0.250506 0.073760 0.038493
0.816239 0.241878 0.066304 0.049158
0.813304 0.291596 0.073102 0.045519
0.279518 0.202976 0.065067 0.044032
0.064395 0.186355 0.064593 0.032614
0.820690 0.447692 0.075897 0.036100
0.928855 0.829437 0.066786 0.044943
0.184154 0.269014 0.075971 0.040166
0.383585 0.198332 0.068806 0.045939
0.505578 0.717847 0.057757 0.039635
0.281413 0.847047 0.069510 0.039560
0.381395 0.676540 0.063101 0.044233
0.602807 0.326433 0.062078 0.048387
0.062805 0.527681 0.069559 0.042200
0.604521 0.370887 0.062294 0.041213
0.171811 0.630117 0.059280 0.041613
0.706180 0.151444 0.074521 0.035842
0.813195 0.335550 0.064505 0.033427
0.931017 0.292975 0.070766 0.034588
0.383015 0.112226 0.069436 0.034292
0.812748 0.197748 0.073670 0.038177
0.274866 0.158082 0.059254 0.041461
0.808711 0.080958 0.079974 0.039316
0.505530 0.347347 0.068209 0.046571
0.179091 0.406867 0.060775 0.042592
0.600126 0.067250 0.063221 0.043925
0.711273 0.115520 0.064316 0.033573
0.179876 0.119289 0.060579 0.040765
0.284805 0.578262 0.067218 0.047109
0.060541 0.752859 0.077865 0.040249
0.063542 0.663456 0.062255 0.052792
0.382567 0.286740 0.069769 0.045874
0.716970 0.470573 0.065154 0.042390
0.279346 0.287733 0.069398 0.043362
0.929476 0.667862 0.067059 0.044227
0.708598 0.690918 0.065044 0.041864
0.819499 0.374740 0.068064 0.037857
0.386255 0.457597 0.062588 0.045619
0.713179 0.512808 0.066067 0.041086
0.380994 0.073817 0.064873 0.036594
0.173132 0.076330 0.059892 0.040549
0.613684 0.545098 0.076173 0.050562
0.281336 0.430708 0.076279 0.037822
0.926754 0.109218 0.063076 0.037797
0.500553 0.552165 0.064586 0.043095
0.499856 0.759010 0.054354 0.040052
0.708590 0.858202 0.062411 0.045059
0.602325 0.412553 0.061565 0.041085
0.718920 0.356930 0.062520 0.041980
0.067392 0.390641 0.064256 0.033573
0.715009 0.648954 0.054456 0.041861
0.178286 0.455590 0.058289 0.048736
0.817561 0.539858 0.074293 0.040615
0.502602 0.473463 0.073256 0.032397
0.938569 0.376530 0.071839 0.042002
0.704546 0.194720 0.058929 0.039478
0.606891 0.590027 0.071060 0.037337
0.385150 0.630226 0.063045 0.040084
0.506224 0.641301 0.057858 0.043733
0.933898 0.332552 0.061566 0.039590
0.817506 0.890040 0.061739 0.044577
0.167593 0.676602 0.054287 0.044772
0.178596 0.550253 0.056706 0.045571
0.815451 0.810316 0.072782 0.042690
0.500472 0.395468 0.062320 0.039540
0.286486 0.468605 0.068318 0.038787
0.924785 0.744025 0.053468 0.041464
0.064436 0.106951 0.079337 0.038925
0.599908 0.783528 0.061323 0.033397
0.922325 0.071937 0.079109 0.034973
0.824283 0.491705 0.058798 0.049373
0.058830 0.710676 0.061774 0.039055
0.285626 0.362722 0.079559 0.034975
0.498647 0.510844 0.068113 0.039432
0.064328 0.030200 0.088794 0.041785
0.502909 0.796862 0.056127 0.034409
0.715663 0.766861 0.060695 0.040554
0.714878 0.395010 0.058783 0.032440
0.936659 0.543232 0.076595 0.044125
0.601949 0.103431 0.062359 0.029415
0.174963 0.504663 0.057555 0.044181
0.282072 0.537874 0.066623 0.030391
0.063811 0.295631 0.072805 0.041871
0.941237 0.416715 0.068736 0.038232
0.058728 0.872209 0.067500 0.042175
0.815060 0.726735 0.052962 0.045191
0.939175 0.495730 0.079034 0.042909
0.068578 0.481606 0.060156 0.044746
0.386799 0.755533 0.063364 0.045612
0.285856 0.395804 0.068224 0.028654
0.071833 0.344272 0.077103 0.053660
0.818185 0.118206 0.077868 0.036067
0.932542 0.621900 0.058155 0.042725
0.934300 0.184009 0.081449 0.034825
0.809114 0.680782 0.063191 0.038360
0.500589 0.597542 0.058353 0.041272
0.388232 0.414310 0.059258 0.040502
0.277325 0.505800 0.064461 0.033167
0.820844 0.584610 0.059589 0.045356
0.922284 0.032326 0.061600 0.041750
0.280205 0.799343 0.057586 0.048351
0.386519 0.540709 0.064620 0.039814
0.065644 0.569145 0.078713 0.039798
0.608875 0.497308 0.059426 0.045599
0.071361 0.148318 0.073873 0.040732
0.606825 0.163581 0.068343 0.034800
0.285517 0.628723 0.055391 0.048212
0.486614 0.036403 0.071764 0.049473
0.600353 0.896682 0.062768 0.040063
0.382119 0.798483 0.062709 0.032095
0.273596 0.115577 0.052827 0.039736
0.943524 0.453568 0.071460 0.037183
0.598360 0.026039 0.078045 0.032781
0.602157 0.453797 0.066294 0.041024
0.718639 0.431660 0.056658 0.035686
0.173316 0.590695 0.052051 0.033801
0.497745 0.259963 0.052897 0.041727
0.388389 0.242769 0.068319 0.042118
0.170946 0.032898 0.074484 0.043565
0.606032 0.204072 0.052474 0.043227
0.494648 0.838596 0.060403 0.044463
0.382837 0.840660 0.057132 0.047535
0.711046 0.603313 0.057782 0.047101
0.602761 0.632841 0.061951 0.043736
0.059414 0.612133 0.061002 0.046392
0.502529 0.681383 0.054426 0.031812
0.069818 0.432555 0.053673 0.045595
0.596954 0.938290 0.077340 0.042768
0.600300 0.745812 0.055303 0.039596
0.377671 0.033007 0.069769 0.045713
0.499973 0.437241 0.058180 0.037171
0.716289 0.311282 0.060979 0.046458
0.497536 0.217730 0.055265 0.041977
0.171492 0.836700 0.053144 0.043463
0.175964 0.190341 0.081798 0.046327
0.595231 0.860447 0.064321 0.035845
0.180796 0.360009 0.064491 0.050044
0.386175 0.715773 0.064943 0.032951
0.602270 0.133829 0.064206 0.027487
0.489974 0.081023 0.054134 0.039438
0.710942 0.232417 0.084769 0.036607
0.706880 0.729569 0.053919 0.032477
0.275710 0.886467 0.057205 0.038384
0.712854 0.080904 0.061186 0.027513
0.184371 0.229759 0.063110 0.034958
0.716528 0.269128 0.082253 0.039040
0.268538 0.032522 0.059691 0.040835
0.712384 0.556067 0.052521 0.041940
0.503310 0.302552 0.061017 0.042227
0.175607 0.310576 0.059773 0.045240
0.815972 0.768974 0.046903 0.039096
0.177948 0.153625 0.071357 0.025327
0.277507 0.751979 0.058510 0.042158
0.925657 0.930852 0.081864 0.045822
0.280661 0.706041 0.051340 0.049262
0.705315 0.811611 0.055069 0.047989
0.280066 0.327754 0.061914 0.038498
0.164952 0.879812 0.052867 0.037964
0.061975 0.067752 0.068024 0.032063
0.386471 0.375895 0.061911 0.035793
0.924582 0.784398 0.050551 0.037845
0.591288 0.823268 0.058173 0.038008
0.811386 0.036224 0.057862 0.041418
0.926799 0.706294 0.052868 0.031654
0.384997 0.333726 0.048971 0.044087
0.825201 0.939222 0.062306 0.044925
0.939876 0.582128 0.068213 0.033144
0.492453 0.880776 0.049770 0.036424
0.607630 0.245231 0.058515 0.038595
0.386174 0.929882 0.059700 0.051252
0.168448 0.792350 0.049872 0.040440
0.279196 0.932324 0.059830 0.049091
0.167978 0.715134 0.069152 0.025539
0.816266 0.412614 0.058557 0.030663
0.386537 0.500979 0.062570 0.041707
0.607495 0.281559 0.055338 0.038213
0.813939 0.635580 0.054639 0.050960
0.703686 0.898344 0.056743 0.031749
0.923267 0.879198 0.057180 0.049405
0.066515 0.216026 0.051924 0.025772
0.388144 0.585957 0.064325 0.048091
0.709960 0.041145 0.054049 0.050988
0.165658 0.930250 0.069132 0.053754
0.387370 0.879553 0.063415 0.034033
0.499074 0.173494 0.064390 0.050620
0.057747 0.834299 0.049053 0.031271
0.603723 0.705058 0.044585 0.040405
0.612806 0.671166 0.070872 0.028043
0.279515 0.667134 0.049542 0.024478
0.053852 0.920209 0.070126 0.046454
0.705146 0.936950 0.065096 0.038382
0.488303 0.929264 0.052326 0.051408
0.166432 0.750031 0.053070 0.040322
0.815840 0.850074 0.051696 0.031726
0.276053 0.075738 0.059258 0.042104
0.069614 0.795934 0.077743 0.044080
0.499142 0.124304 0.078447 0.043614
0.061380 0.975447 0.055827 0.032905
0.711408 0.967098 0.066000 0.025885
