0.055833 0.495302 0.077566 0.050122
0.930363 0.202234 0.079317 0.050582
0.720931 0.215790 0.068514 0.052038
0.390182 0.398510 0.088496 0.046883
0.171042 0.105458 0.073438 0.053553
0.722168 0.915645 0.077535 0.050446
0.275954 0.389697 0.102898 0.049151
0.390735 0.665891 0.071666 0.052200
0.281707 0.331557 0.078518 0.056832
0.388213 0.818397 0.070339 0.042418
0.054190 0.441047 0.074536 0.051124
0.719604 0.865262 0.077775 0.046259
0.275136 0.503055 0.091972 0.053675
0.282297 0.618322 0.072363 0.052745
0.614664 0.171680 0.077270 0.050317
0.275443 0.957838 0.093516 0.049148
0.721988 0.163796 0.074275 0.043302
0.272602 0.062461 0.077664 0.053513
0.614359 0.702493 0.078973 0.048824
0.278316 0.167882 0.073287 0.053651
0.724254 0.591343 0.089171 0.051726
0.507255 0.287659 0.078835 0.050011
0.059240 0.245049 0.073253 0.044977
0.502932 0.448504 0.086275 0.052240
0.390350 0.721408 0.071196 0.051015
0.932808 0.948663 0.089554 0.061224
0.719378 0.315042 0.067866 0.043209
0.928314 0.714131 0.091283 0.056341
0.823247 0.543997 0.078762 0.053794
0.394586 0.866928 0.074720 0.049743
0.272674 0.113965 0.082048 0.043884
0.175026 0.521177 0.076890 0.042920
0.169416 0.315646 0.067372 0.047501
0.829512 0.341385 0.067053 0.052880
0.389501 0.504981 0.089881 0.045948
0.720158 0.366394 0.064729 0.050036
0.388358 0.294856 0.082167 0.052434
0.502404 0.669725 0.085531 0.052028
0.824947 0.440365 0.080321 0.045840
0.610780 0.752817 0.088347 0.049875
0.500729 0.783188 0.081430 0.052733
0.506169 0.340566 0.067906 0.046402
0.503730 0.234687 0.075080 0.052510
0.174404 0.693072 0.067825 0.051297
0.392587 0.114749 0.078729 0.048985
0.614715 0.807842 0.077258 0.054795
0.285404 0.902503 0.086803 0.055754
0.823354 0.163762 0.076322 0.058471
0.716057 0.645784 0.079497 0.054929
0.607273 0.649173 0.067616 0.051178
0.165354 0.366040 0.075209 0.042905
0.279738 0.671651 0.068494 0.042511
0.723230 0.752837 0.067274 0.046370
0.165570 0.163614 0.074652 0.050592
0.170931 0.911924 0.076151 0.048484
0.718443 0.700101 0.062595 0.053198
0.831491 0.388777 0.080128 0.041468
0.933337 0.885434 0.082267 0.052140
0.271792 0.225973 0.085557 0.054847
0.388109 0.556870 0.070191 0.052719
0.279865 0.445292 0.079559 0.053357
0.723331 0.962590 0.083539 0.042530
0.824059 0.835011 0.075152 0.043840
0.064201 0.546607 0.078942 0.046227
0.611472 0.393837 0.080105 0.044761
0.170615 0.633476 0.068136 0.055549
0.502080 0.506422 0.068237 0.056820
0.167855 0.802845 0.091987 0.051274
0.727286 0.265375 0.083606 0.042150
0.824331 0.888556 0.071645 0.052116
0.928569 0.659216 0.076967 0.045539
0.060964 0.337241 0.076449 0.028441
0.718296 0.812153 0.066029 0.058750
0.277185 0.563390 0.068085 0.050330
0.935044 0.103540 0.077273 0.041366
0.820471 0.108116 0.068080 0.048789
0.062568 0.293530 0.075926 0.041237
0.615337 0.113790 0.077213 0.054209
0.274380 0.791041 0.088731 0.059045
0.720314 0.535018 0.068267 0.047445
0.173929 0.265350 0.070789 0.036999
0.498451 0.562075 0.078799 0.049023
0.170018 0.964310 0.082961 0.053167
0.393724 0.918137 0.064281 0.040330
0.169279 0.053382 0.072454 0.041785
0.933093 0.766778 0.080607 0.039274
0.937585 0.051479 0.078099 0.053309
0.279708 0.846269 0.065394 0.046559
0.505952 0.395222 0.062434 0.049813
0.058360 0.386583 0.065956 0.052857
0.172187 0.576344 0.072587 0.052244
0.065678 0.198762 0.074318 0.040294
0.389925 0.059156 0.076322 0.058788
0.062083 0.155276 0.055974 0.041015
0.389714 0.771263 0.059145 0.042430
0.930591 0.263273 0.078087 0.063559
0.826246 0.227982 0.068631 0.064026
0.501105 0.727348 0.095995 0.058438
0.167704 0.747028 0.082379 0.050124
0.826866 0.659820 0.087960 0.060275
0.822782 0.052061 0.085427 0.057872
0.170939 0.857650 0.068767 0.051131
0.726260 0.418727 0.076990 0.051239
0.821687 0.950476 0.090287 0.056775
0.617342 0.341380 0.081310 0.047689
0.610495 0.858895 0.058644 0.043373
0.278701 0.276914 0.063227 0.038936
0.722010 0.051310 0.065797 0.050195
0.496419 0.895164 0.072143 0.041466
0.391307 0.167681 0.059601 0.050977
0.823098 0.782758 0.069236 0.050855
0.612910 0.058039 0.076020 0.059039
0.393971 0.348135 0.053460 0.046070
0.058731 0.111982 0.063883 0.038736
0.172073 0.472371 0.070317 0.042975
0.826218 0.284678 0.060231 0.046953
0.061091 0.604524 0.077853 0.058320
0.283259 0.729215 0.074743 0.057090
0.061869 0.717230 0.068876 0.055270
0.610528 0.964352 0.080966 0.042215
0.933005 0.606546 0.066179 0.051335
0.824292 0.490666 0.059476 0.041615
0.815507 0.726287 0.081738 0.061123
0.057984 0.661169 0.072256 0.051509
0.929605 0.823582 0.073916 0.062665
0.388569 0.451189 0.081339 0.051987
0.060021 0.058866 0.085166 0.051115
0.612361 0.222026 0.056439 0.050479
0.388770 0.608903 0.054172 0.040101
0.612600 0.599364 0.071185 0.042289
0.614273 0.553350 0.093469 0.046870
0.615021 0.444047 0.056673 0.047090
0.934541 0.549123 0.080920 0.059433
0.498508 0.840201 0.073772 0.058359
0.394073 0.226265 0.072114 0.059708
0.498776 0.616329 0.061507 0.047734
0.504095 0.932832 0.072843 0.036316
0.614143 0.496801 0.080245 0.050005
0.501305 0.063754 0.082333 0.068746
0.399707 0.964109 0.069893 0.041812
0.926619 0.323654 0.079849 0.054300
0.824730 0.600885 0.054104 0.048636
0.928065 0.484673 0.076785 0.054826
0.723126 0.103286 0.068016 0.054205
0.607719 0.913479 0.076516 0.057515
0.498169 0.969553 0.084736 0.039399
0.928207 0.149529 0.073224 0.046341
0.164580 0.414892 0.075363 0.048936
0.061619 0.773832 0.072184 0.056578
0.501652 0.125343 0.079597 0.047224
0.725702 0.484192 0.077781 0.042031
0.502041 0.177047 0.075497 0.055737
0.929059 0.429710 0.059107 0.048908
0.616270 0.278127 0.066206 0.053469
0.929342 0.375730 0.063483 0.046005
0.168327 0.221316 0.048014 0.043566
