0.383858 0.770453 0.084586 0.049955
0.824503 0.626315 0.072720 0.049603
0.072712 0.880441 0.080876 0.042548
0.706695 0.844656 0.073487 0.043336
0.492127 0.874290 0.081297 0.039163
0.598682 0.894490 0.086744 0.049666
0.713081 0.593841 0.075604 0.053090
0.821283 0.778290 0.087583 0.044859
0.718663 0.377191 0.073614 0.048385
0.832064 0.255838 0.082965 0.056956
0.504420 0.302832 0.076296 0.045093
0.171985 0.816584 0.073881 0.048078
0.720504 0.151733 0.081854 0.054667
0.389335 0.827223 0.069875 0.049545
0.487752 0.915546 0.078728 0.036352
0.289031 0.217160 0.078431 0.048022
0.820182 0.728230 0.063407 0.046187
0.071489 0.318869 0.074027 0.046930
0.490467 0.713667 0.074674 0.052604
0.070185 0.423383 0.072804 0.046521
0.838060 0.141753 0.087359 0.052962
0.389745 0.717493 0.078308 0.048953
0.488054 0.514887 0.079264 0.044231
0.177920 0.766135 0.074026 0.049680
0.279035 0.893538 0.072880 0.051721
0.832807 0.198552 0.077590 0.049212
0.497556 0.251614 0.071113 0.048575
0.504710 0.357492 0.077955 0.053721
0.829748 0.677138 0.088805 0.047806
0.393771 0.254627 0.080303 0.047893
0.391548 0.308791 0.080941 0.052367
0.273792 0.660690 0.080809 0.038773
0.714939 0.434179 0.087127 0.057807
0.393746 0.358910 0.081907 0.038876
0.171232 0.867109 0.068309 0.044540
0.389270 0.404449 0.073754 0.041751
0.710263 0.701427 0.077323 0.044623
0.704699 0.942025 0.090643 0.051743
0.387982 0.564402 0.083577 0.050432
0.288188 0.166184 0.081855 0.049557
0.172534 0.912175 0.074744 0.041039
0.816325 0.571750 0.079231 0.043169
0.066330 0.634917 0.092612 0.053724
0.076115 0.372647 0.080335 0.049967
0.493989 0.463686 0.072601 0.049533
0.491764 0.770802 0.068624 0.051079
0.069106 0.733948 0.069116 0.035510
0.286278 0.109862 0.078661 0.055400
0.063608 0.832901 0.077976 0.043712
0.387201 0.665356 0.075403 0.046965
0.705429 0.794966 0.069682 0.049936
0.604365 0.841498 0.076738 0.046328
0.282456 0.950365 0.088104 0.048242
0.071062 0.782566 0.074000 0.052882
0.387160 0.879082 0.054197 0.046223
0.286465 0.792043 0.087820 0.044376
0.175811 0.463486 0.076848 0.054283
0.076781 0.157804 0.091805 0.043045
0.169874 0.667309 0.064371 0.047949
0.286308 0.387027 0.083642 0.049356
0.823495 0.523615 0.063586 0.040203
0.176388 0.569668 0.080975 0.051203
0.075667 0.209830 0.074254 0.050982
0.285786 0.273752 0.093210 0.054664
0.503676 0.107686 0.081382 0.053015
0.714134 0.539241 0.069830 0.053593
0.492811 0.823336 0.060699 0.049973
0.603400 0.378742 0.064810 0.055222
0.278876 0.557429 0.073370 0.048726
0.178415 0.315045 0.067825 0.048805
0.292953 0.331237 0.078328 0.052938
0.721998 0.204449 0.072965 0.041085
0.496371 0.410647 0.071530 0.044689
0.490071 0.954202 0.061658 0.040043
0.506244 0.154916 0.081381 0.040711
0.488190 0.660028 0.070473 0.047114
0.284686 0.440711 0.094478 0.051379
0.178930 0.410869 0.081889 0.043492
0.607065 0.278193 0.069959 0.045417
0.702923 0.893711 0.061684 0.043580
0.290166 0.053303 0.080225 0.048815
0.715006 0.648349 0.067069 0.052893
0.937915 0.318890 0.089257 0.057047
0.179109 0.258260 0.072105 0.052852
0.179329 0.055004 0.083658 0.051779
0.389282 0.060166 0.089749 0.057023
0.065978 0.688846 0.066000 0.047078
0.605376 0.689961 0.081502 0.033640
0.386229 0.957162 0.089689 0.042316
0.176447 0.714932 0.067424 0.043861
0.715931 0.320885 0.065158 0.052714
0.080201 0.109768 0.070700 0.043726
0.279970 0.502009 0.069946 0.053393
0.706377 0.746643 0.078837 0.039820
0.504735 0.055633 0.076974 0.047005
0.712839 0.488580 0.071851 0.041699
0.065470 0.922638 0.083313 0.039499
0.388613 0.510886 0.067370 0.048581
0.393499 0.205482 0.065774 0.045095
0.936549 0.214128 0.090473 0.041282
0.719747 0.098432 0.072584 0.047196
0.390570 0.615530 0.081474 0.044271
0.395818 0.157293 0.070278 0.040980
0.174969 0.619053 0.078268 0.039255
0.603616 0.535210 0.064876 0.054944
0.823678 0.483444 0.060885 0.036299
0.606056 0.434756 0.069299 0.054394
0.283175 0.702985 0.057021 0.040111
0.607845 0.324318 0.058244 0.043857
0.180927 0.106909 0.071856 0.045135
0.279646 0.609976 0.058349 0.049544
0.177953 0.514414 0.071038 0.045078
0.720802 0.259928 0.076650 0.058300
0.937060 0.064085 0.086611 0.057583
0.611220 0.183319 0.069925 0.047514
0.388201 0.919965 0.081269 0.030118
0.281337 0.839966 0.057705 0.044240
0.179910 0.159155 0.072798 0.049253
0.600679 0.638089 0.071322 0.056096
0.394522 0.456791 0.064862 0.050355
0.493858 0.611288 0.057577 0.042600
0.075534 0.265613 0.058912 0.049829
0.595745 0.948546 0.077198 0.045908
0.067263 0.526020 0.063867 0.047086
0.608503 0.484599 0.071802 0.033663
0.283677 0.747922 0.070701 0.036582
0.599415 0.731178 0.063706 0.033766
0.068139 0.579354 0.064696 0.049711
0.827719 0.309923 0.083309 0.038342
0.493914 0.563164 0.058018 0.044121
0.180157 0.209567 0.059000 0.038170
0.600442 0.586502 0.067471 0.037521
0.178090 0.364958 0.045937 0.041005
0.829379 0.438395 0.079114 0.051616
0.726792 0.051087 0.076488 0.039652
0.065228 0.473745 0.065848 0.047941
0.818192 0.823925 0.086764 0.043235
0.175604 0.958392 0.094356 0.048304
0.612727 0.230287 0.073024 0.034713
0.079187 0.056226 0.063892 0.051035
0.937516 0.116004 0.057664 0.040052
0.069241 0.960282 0.076094 0.039180
0.392281 0.111620 0.055324 0.038901
0.938606 0.260369 0.053864 0.040617
0.610250 0.063980 0.065750 0.061494
0.596556 0.784694 0.060213 0.061025
0.937055 0.163160 0.053908 0.047893
0.501375 0.201029 0.063975 0.040519
0.610658 0.122451 0.066340 0.054268
