0.505986 0.207383 0.066659 0.035391
0.610743 0.333707 0.061814 0.032767
0.224971 0.325033 0.070947 0.033883
0.413823 0.310732 0.057048 0.035047
0.893155 0.134190 0.059759 0.028057
0.704964 0.371459 0.059172 0.026899
0.699315 0.856678 0.052060 0.033134
0.130172 0.315500 0.063339 0.030137
0.700869 0.215052 0.050640 0.034753
0.129869 0.483864 0.054495 0.032821
0.695351 0.891769 0.057565 0.032613
0.513323 0.346415 0.049895 0.029447
0.797417 0.413777 0.061079 0.032823
0.892637 0.360679 0.056476 0.035984
0.510918 0.382506 0.054552 0.032422
0.226041 0.254170 0.052087 0.027145
0.796397 0.137743 0.061453 0.032238
0.796101 0.677082 0.056358 0.037585
0.417219 0.276376 0.048719 0.028681
0.699213 0.589577 0.055802 0.032353
0.416505 0.348803 0.055424 0.031575
0.318307 0.312616 0.056833 0.031171
0.702389 0.406554 0.061115 0.035147
0.126561 0.352813 0.051320 0.035754
0.889870 0.166019 0.064987 0.031708
0.514488 0.277988 0.059790 0.027574
0.798959 0.210517 0.059530 0.039606
0.606078 0.689686 0.053914 0.037809
0.606282 0.861800 0.055970 0.035457
0.702204 0.283229 0.051811 0.030992
0.697417 0.652947 0.057337 0.033442
0.222568 0.546517 0.050688 0.032472
0.610874 0.525388 0.054271 0.035455
0.510433 0.243960 0.058010 0.032509
0.796857 0.173525 0.053016 0.031886
0.415156 0.243351 0.046280 0.031633
0.700547 0.751663 0.056702 0.032045
0.609832 0.427391 0.053324 0.024356
0.609842 0.597488 0.052415 0.030001
0.127619 0.281244 0.052911 0.031437
0.603530 0.729655 0.048104 0.036274
0.698375 0.819877 0.051402 0.033173
0.225180 0.398564 0.048227 0.035913
0.611048 0.490941 0.053066 0.031924
0.612230 0.244903 0.047785 0.029997
0.222386 0.581630 0.051383 0.032258
0.136303 0.447950 0.054537 0.028760
0.325561 0.470040 0.056431 0.032294
0.126149 0.252374 0.051143 0.026967
0.315171 0.810926 0.057443 0.037054
0.319095 0.876649 0.048373 0.035175
0.416132 0.637010 0.053230 0.034253
0.797748 0.446451 0.062008 0.028628
0.501683 0.807305 0.053530 0.031311
0.325199 0.244522 0.052253 0.026998
0.892680 0.320715 0.052451 0.036707
0.319972 0.275746 0.054351 0.032519
0.322380 0.571213 0.050265 0.028013
0.886794 0.607511 0.053109 0.028059
0.893702 0.258043 0.058634 0.030549
0.699719 0.552122 0.052766 0.036996
0.422456 0.455661 0.051217 0.036954
0.610899 0.563617 0.058479 0.030272
0.889391 0.539823 0.055620 0.032086
0.127426 0.216116 0.051436 0.038587
0.609755 0.213763 0.051216 0.028846
0.890878 0.508684 0.055764 0.026643
0.793062 0.853468 0.050005 0.029471
0.507697 0.168754 0.055147 0.032833
0.417560 0.209130 0.045405 0.030517
0.510083 0.447559 0.050638 0.031899
0.794426 0.783328 0.048914 0.036747
0.611525 0.455308 0.052101 0.031231
0.227626 0.691909 0.061836 0.029496
0.418680 0.420154 0.045893 0.028943
0.510138 0.481426 0.048962 0.029241
0.513091 0.312518 0.047473 0.035906
0.321163 0.165508 0.051978 0.023454
0.608559 0.896219 0.051181 0.028878
0.697513 0.513353 0.063534 0.039033
0.416943 0.129493 0.047872 0.029235
0.224701 0.137846 0.047218 0.029489
0.227240 0.654980 0.050522 0.033426
0.228283 0.222461 0.046974 0.028460
0.702931 0.249629 0.052693 0.027194
0.511548 0.103553 0.057878 0.033877
0.409519 0.811313 0.058298 0.035943
0.126220 0.139953 0.049159 0.033047
0.228057 0.286686 0.063337 0.029845
0.415134 0.605854 0.047033 0.028148
0.224584 0.761341 0.051384 0.031227
0.321645 0.381824 0.043050 0.032625
0.605200 0.797008 0.052822 0.030020
0.890047 0.198267 0.053451 0.027077
0.894360 0.228320 0.056598 0.028560
0.700302 0.620778 0.061811 0.024516
0.223167 0.361275 0.051264 0.032139
0.701577 0.342858 0.046899 0.026771
0.320067 0.347613 0.045552 0.029373
0.700762 0.685390 0.058290 0.032347
0.887877 0.668136 0.055239 0.032790
0.505628 0.671963 0.051789 0.030765
0.878435 0.852617 0.061485 0.032642
0.610686 0.272424 0.046453 0.025596
0.792977 0.745279 0.047826 0.032175
0.507572 0.636122 0.049011 0.034069
0.323772 0.414211 0.048925 0.027983
0.227055 0.617729 0.054730 0.031202
0.883680 0.889421 0.051751 0.033571
0.508893 0.574010 0.050106 0.029426
0.606056 0.630860 0.051149 0.026825
0.326650 0.104708 0.051544 0.033062
0.795634 0.344097 0.049747 0.037227
0.701794 0.719398 0.062020 0.027832
0.325614 0.537798 0.060334 0.033569
0.889762 0.711066 0.061489 0.038426
0.508044 0.879437 0.048936 0.028601
0.318291 0.739677 0.046224 0.033119
0.610508 0.364463 0.048785 0.026377
0.322581 0.604065 0.044713 0.032719
0.510331 0.135931 0.046078 0.029552
0.797391 0.638124 0.049780 0.029293
0.322465 0.440595 0.046595 0.024349
0.505456 0.514847 0.050626 0.028718
0.800131 0.302699 0.055123 0.030218
0.794097 0.820189 0.042115 0.030703
0.416303 0.489969 0.047630 0.028975
0.798983 0.534071 0.049237 0.031708
0.223075 0.794745 0.047891 0.027969
0.507923 0.772120 0.049804 0.030662
0.796339 0.103047 0.049755 0.034382
0.607513 0.827163 0.039512 0.027133
0.883649 0.769548 0.046063 0.030642
0.501820 0.737533 0.051399 0.032212
0.886861 0.573474 0.060375 0.031782
0.882242 0.739602 0.054046 0.024688
0.419932 0.384994 0.046381 0.033039
0.890143 0.423903 0.054675 0.023434
0.321072 0.192788 0.048566 0.024934
0.890406 0.287323 0.052275 0.027601
0.323400 0.638110 0.057742 0.033143
0.503968 0.844602 0.042242 0.032841
0.700823 0.178213 0.044247 0.029996
0.319127 0.774123 0.045868 0.028902
0.608877 0.394966 0.045177 0.033798
0.603089 0.659488 0.055831 0.023856
0.418344 0.550283 0.049148 0.025875
0.610050 0.926071 0.054287 0.026930
0.314962 0.845170 0.049347 0.025446
0.799254 0.570113 0.050726 0.033439
0.413073 0.576113 0.044889 0.026123
0.223242 0.490966 0.046431 0.025019
0.322222 0.707719 0.056310 0.026520
0.889151 0.453030 0.050200 0.028782
0.611602 0.300158 0.038819 0.026651
0.129366 0.548716 0.043132 0.032894
0.701220 0.311296 0.043465 0.029035
0.322413 0.502069 0.038079 0.029304
0.882174 0.636232 0.051837 0.023550
0.604418 0.765625 0.040730 0.028350
0.413645 0.849225 0.046922 0.031920
0.611294 0.185282 0.061793 0.023447
0.889945 0.396192 0.039385 0.029025
0.414717 0.522684 0.043959 0.026085
0.327750 0.137131 0.054472 0.027877
0.415011 0.669439 0.047468 0.025797
0.224222 0.167377 0.041100 0.024748
0.223981 0.515790 0.053841 0.023494
0.131242 0.175489 0.050714 0.030881
0.793983 0.929666 0.050394 0.029623
0.798960 0.273680 0.057044 0.024653
0.795340 0.245853 0.044991 0.026142
0.793051 0.892208 0.042349 0.039874
0.220518 0.825588 0.040594 0.027404
0.513886 0.915442 0.056759 0.035192
0.889003 0.478988 0.056376 0.023676
0.226035 0.192598 0.037615 0.024815
0.318428 0.912541 0.048624 0.033082
0.227034 0.725327 0.049980 0.029423
0.223318 0.462671 0.044440 0.028645
0.222831 0.431222 0.044470 0.028923
0.506089 0.707347 0.043728 0.030336
0.223739 0.915108 0.055605 0.036382
0.607493 0.158816 0.049372 0.027368
0.132536 0.387315 0.062800 0.025991
0.698077 0.785877 0.045351 0.024291
0.214574 0.855846 0.048239 0.026934
0.889841 0.101536 0.049659 0.032971
0.320672 0.674540 0.046821 0.036988
0.126182 0.105787 0.054069 0.028714
0.417718 0.180467 0.049309 0.023328
0.882919 0.923448 0.040137 0.032229
0.607234 0.134406 0.058429 0.021599
0.416058 0.883459 0.040544 0.026404
0.415960 0.704186 0.056493 0.034662
0.324805 0.216723 0.035291 0.023614
0.798130 0.379405 0.038722 0.027684
0.131591 0.517390 0.044312 0.024044
0.228464 0.105108 0.053805 0.033374
0.507671 0.602206 0.045131 0.022773
0.512041 0.412903 0.043035 0.023857
0.700930 0.442815 0.041020 0.031572
0.419947 0.908654 0.056284 0.022976
0.133098 0.416088 0.042783 0.026689
0.798789 0.478314 0.048569 0.029456
0.404652 0.772223 0.056845 0.034644
0.699567 0.099763 0.044186 0.026752
0.792078 0.713103 0.041922 0.030206
0.797419 0.603882 0.038272 0.030374
0.416614 0.100651 0.045118 0.021645
0.881219 0.820421 0.039062 0.023761
0.417060 0.159050 0.052079 0.021694
0.605392 0.104979 0.056541 0.035617
0.418567 0.932018 0.058887 0.025734
0.694709 0.473798 0.048360 0.031674
0.132092 0.585597 0.049617 0.029579
0.702375 0.146597 0.040965 0.024662
0.694813 0.923342 0.045493 0.026652
0.507270 0.542760 0.037261 0.025039
0.881543 0.796256 0.042253 0.017623
0.412021 0.742270 0.038011 0.030150
0.794264 0.506630 0.037816 0.018473
0.700155 0.123125 0.038268 0.017884
0.220812 0.882002 0.035421 0.023809
