0.348742 0.670115 0.070907 0.034623
0.255125 0.720649 0.063186 0.034612
0.546016 0.628183 0.065233 0.037449
0.824645 0.883778 0.060822 0.033291
0.253797 0.873702 0.055591 0.031984
0.638750 0.508031 0.059489 0.038255
0.634878 0.431560 0.051008 0.032882
0.822037 0.806820 0.058863 0.030841
0.254619 0.468194 0.065784 0.030985
0.447268 0.620656 0.052263 0.031701
0.355928 0.494612 0.051538 0.039342
0.351274 0.708660 0.059305 0.036304
0.542300 0.669803 0.050949 0.032776
0.447934 0.373524 0.058320 0.030252
0.827865 0.170347 0.057205 0.033231
0.358136 0.597255 0.061171 0.030136
0.828816 0.396642 0.058993 0.032373
0.919020 0.173444 0.049804 0.031472
0.540736 0.738607 0.059239 0.037061
0.822837 0.498420 0.050119 0.037106
0.826179 0.281927 0.055264 0.033938
0.151977 0.634849 0.055496 0.032922
0.161080 0.480736 0.059227 0.027467
0.909303 0.843334 0.048891 0.034589
0.821209 0.709341 0.053669 0.029817
0.728343 0.835925 0.058008 0.031260
0.357859 0.339067 0.051178 0.036301
0.149141 0.736405 0.063495 0.029363
0.635257 0.690303 0.054677 0.031605
0.355435 0.132348 0.059813 0.032321
0.637981 0.841955 0.048738 0.036714
0.536848 0.316831 0.050615 0.037609
0.254237 0.616179 0.050627 0.042336
0.544026 0.487762 0.056643 0.028268
0.831347 0.319487 0.054609 0.035842
0.822648 0.676476 0.055791 0.026646
0.351727 0.780237 0.065533 0.031921
0.158958 0.446180 0.050752 0.036529
0.733139 0.200701 0.054572 0.030502
0.727212 0.609252 0.049283 0.034354
0.728679 0.130999 0.050137 0.033894
0.728613 0.491846 0.055304 0.040952
0.257841 0.217347 0.057896 0.036668
0.445418 0.922064 0.057069 0.030391
0.638247 0.105062 0.057588 0.030816
0.442589 0.655539 0.047202 0.032992
0.723413 0.767372 0.055527 0.032701
0.720893 0.801915 0.062421 0.027162
0.916036 0.321778 0.049285 0.033356
0.640091 0.276647 0.048587 0.037068
0.444302 0.856132 0.054410 0.032126
0.914113 0.528497 0.051595 0.034820
0.638727 0.166936 0.054395 0.028715
0.638400 0.725329 0.063357 0.028582
0.633911 0.756809 0.044350 0.029962
0.540133 0.548309 0.069663 0.029027
0.633633 0.392770 0.056915 0.032940
0.913798 0.283403 0.047385 0.037242
0.153529 0.127477 0.057474 0.029657
0.909391 0.703071 0.050080 0.030155
0.255901 0.291007 0.058425 0.032570
0.356553 0.632316 0.053965 0.029895
0.636443 0.796890 0.047803 0.039791
0.639461 0.237912 0.049468 0.034985
0.260339 0.537171 0.061101 0.029481
0.636048 0.919182 0.056510 0.034129
0.642608 0.880900 0.065009 0.029916
0.157847 0.257722 0.056859 0.033948
0.816519 0.843792 0.048666 0.037394
0.728521 0.729248 0.049749 0.034556
0.918503 0.139811 0.053642 0.028912
0.261744 0.367278 0.055789 0.038629
0.636579 0.201351 0.058132 0.030823
0.450576 0.699772 0.057196 0.040082
0.825652 0.207707 0.047301 0.030254
0.250599 0.684962 0.052610 0.026008
0.360071 0.453602 0.053948 0.034533
0.634566 0.544088 0.048962 0.031958
0.823409 0.771811 0.049957 0.032186
0.825148 0.640597 0.045432 0.035768
0.828389 0.136461 0.054358 0.031601
0.346922 0.870097 0.050281 0.036529
0.356041 0.168527 0.051466 0.037537
0.347658 0.822833 0.047814 0.039859
0.537647 0.703701 0.050207 0.027263
0.911415 0.774215 0.059922 0.029019
0.545968 0.451080 0.050518 0.038587
0.255730 0.654214 0.047586 0.026161
0.912470 0.393603 0.056052 0.028587
0.446073 0.581436 0.041599 0.035990
0.154557 0.815537 0.061769 0.037960
0.734401 0.235728 0.043204 0.034996
0.909724 0.738851 0.055521 0.031360
0.732337 0.573215 0.047862 0.034495
0.544870 0.104045 0.055549 0.036464
0.157134 0.293139 0.059205 0.039307
0.152811 0.606578 0.053693 0.025438
0.723542 0.876497 0.044456 0.034490
0.828244 0.360547 0.048449 0.030965
0.823416 0.603725 0.048453 0.029664
0.826150 0.566912 0.050529 0.031948
0.914841 0.423434 0.048850 0.029282
0.259347 0.105839 0.059864 0.034615
0.540239 0.180692 0.043585 0.036399
0.908907 0.805578 0.041828 0.029588
0.158622 0.158678 0.052921 0.032659
0.543691 0.359080 0.049266 0.036593
0.635943 0.650853 0.048838 0.036210
0.730755 0.535727 0.049886 0.031483
0.832746 0.245693 0.048524 0.038740
0.448607 0.303339 0.050906 0.033333
0.908648 0.670163 0.052550 0.028246
0.445775 0.201080 0.055383 0.029339
0.152106 0.886216 0.049076 0.032423
0.911538 0.566471 0.055515 0.031475
0.541494 0.585968 0.049261 0.035576
0.255706 0.574931 0.051016 0.034515
0.912725 0.459522 0.049177 0.029513
0.634846 0.468213 0.051666 0.028354
0.918150 0.106327 0.058726 0.030638
0.634871 0.582519 0.043444 0.032448
0.635364 0.617326 0.042319 0.029493
0.915484 0.492799 0.048838 0.030495
0.155566 0.773438 0.054508 0.035876
0.354674 0.301203 0.055233 0.028703
0.149052 0.851721 0.055171 0.027496
0.354807 0.532860 0.052481 0.027726
0.152162 0.701033 0.051734 0.030402
0.730922 0.166135 0.044076 0.027685
0.911927 0.357811 0.042482 0.030765
0.160388 0.511863 0.051780 0.026707
0.254214 0.836375 0.045504 0.029385
0.730791 0.412517 0.046622 0.038563
0.541000 0.912668 0.058991 0.035824
0.353438 0.202396 0.055366 0.027350
0.730209 0.651827 0.062356 0.036870
0.446936 0.744004 0.044536 0.035940
0.538257 0.872458 0.047881 0.036222
0.261925 0.401230 0.059204 0.031140
0.540267 0.280176 0.045980 0.031188
0.821688 0.103264 0.056487 0.027576
0.255322 0.912007 0.052338 0.035166
0.258512 0.175522 0.050080 0.034938
0.448443 0.405270 0.050124 0.023924
0.826557 0.433325 0.044201 0.025964
0.821794 0.535724 0.049236 0.024174
0.254961 0.501572 0.045886 0.033626
0.827245 0.920521 0.062213 0.034418
0.257527 0.140735 0.052691 0.030943
0.352743 0.098518 0.057909 0.026124
0.157136 0.339343 0.047140 0.043521
0.356606 0.378271 0.041645 0.037092
0.539190 0.836818 0.045633 0.031857
0.254559 0.802068 0.040436 0.030208
0.149265 0.921464 0.049676 0.033887
0.824318 0.742906 0.044873 0.027740
0.154234 0.668432 0.046103 0.024236
0.541610 0.405095 0.047708 0.042747
0.353920 0.563201 0.044125 0.029293
0.732857 0.305206 0.053586 0.031910
0.823138 0.463216 0.050882 0.024166
0.910224 0.604725 0.049595 0.037243
0.542060 0.142501 0.049794 0.033775
0.543243 0.246541 0.063493 0.035876
0.254961 0.433986 0.044591 0.024949
0.445895 0.509341 0.037686 0.030481
0.544667 0.517470 0.052693 0.023178
0.257902 0.254251 0.054847 0.034246
0.731409 0.344489 0.042449 0.037419
0.732743 0.272120 0.050520 0.027369
0.543373 0.218803 0.054207 0.027462
0.725083 0.912435 0.054366 0.036377
0.258825 0.327725 0.056949 0.034283
0.726037 0.690170 0.038703 0.031366
0.730961 0.452112 0.051303 0.027244
0.914139 0.241977 0.044514 0.037536
0.634949 0.351273 0.048695 0.037019
0.908511 0.929872 0.050384 0.025670
0.448966 0.100402 0.060616 0.030046
0.448745 0.473028 0.049202 0.034343
0.351960 0.745883 0.046810 0.030580
0.638531 0.314381 0.055229 0.025794
0.447277 0.435374 0.040797 0.032410
0.727267 0.101545 0.051685 0.023632
0.911190 0.641296 0.040103 0.028056
0.902832 0.901655 0.057011 0.027218
0.445837 0.543447 0.038830 0.031784
0.444835 0.889163 0.039387 0.028636
0.908778 0.873781 0.048184 0.018784
0.448091 0.336293 0.047078 0.033587
0.158707 0.411332 0.041532 0.031339
0.917008 0.205222 0.035985 0.028614
0.446384 0.232484 0.038430 0.031234
0.448778 0.132691 0.051295 0.031105
0.638343 0.136289 0.035610 0.025722
0.728693 0.379129 0.052719 0.022204
0.355538 0.417033 0.042406 0.032569
0.162779 0.380095 0.054448 0.027134
0.538492 0.804596 0.066903 0.031898
0.443326 0.783263 0.043703 0.029307
0.445361 0.165679 0.040144 0.028988
0.159228 0.191426 0.047171 0.027049
0.157201 0.098510 0.049126 0.022555
0.444788 0.264199 0.040585 0.033919
0.156936 0.545098 0.056320 0.031356
0.155710 0.221591 0.036708 0.028798
0.253922 0.758326 0.059151 0.033432
0.444655 0.818028 0.034231 0.029069
0.161075 0.575181 0.065664 0.029419
0.355873 0.920287 0.062677 0.027044
0.363202 0.239208 0.055788 0.035821
0.199581 0.605023 0.031549 0.024666
0.357387 0.270207 0.050994 0.021627
0.536886 0.777760 0.061785 0.030267
0.346178 0.899582 0.040917 0.017717
