0.404034 0.620600 0.071109 0.040941
0.065838 0.351574 0.067898 0.039110
0.176174 0.405802 0.070131 0.044008
0.063639 0.472024 0.064906 0.039556
0.630998 0.752771 0.059797 0.034656
0.297064 0.103750 0.069220 0.039060
0.292119 0.395747 0.069510 0.043191
0.069109 0.156477 0.055618 0.037337
0.406869 0.834693 0.057332 0.041330
0.398270 0.429325 0.050981 0.038051
0.070149 0.900249 0.063908 0.034595
0.067239 0.194954 0.054938 0.034656
0.515826 0.490692 0.067536 0.043016
0.292197 0.291736 0.063577 0.039480
0.508492 0.371529 0.062762 0.038066
0.178676 0.498035 0.065175 0.042623
0.400768 0.350696 0.063186 0.033071
0.405142 0.578982 0.055907 0.038327
0.292940 0.503849 0.066184 0.035429
0.624063 0.165424 0.065905 0.041143
0.067918 0.269141 0.064716 0.042908
0.408157 0.875847 0.071550 0.039331
0.400111 0.466252 0.060212 0.031596
0.180750 0.157155 0.059502 0.039197
0.630922 0.630694 0.065153 0.041430
0.175235 0.203816 0.058566 0.047611
0.627617 0.478930 0.053839 0.040432
0.623345 0.117074 0.069765 0.047913
0.069241 0.391300 0.065681 0.034246
0.620175 0.246382 0.056562 0.041992
0.510589 0.326456 0.061521 0.043955
0.292048 0.830024 0.059023 0.038004
0.072451 0.938463 0.062801 0.037753
0.742808 0.533589 0.055569 0.037546
0.514731 0.284312 0.055391 0.038534
0.179060 0.117229 0.060643 0.034051
0.399057 0.387985 0.055574 0.039528
0.061519 0.710511 0.062838 0.033987
0.737007 0.371118 0.052576 0.038221
0.185007 0.917069 0.062575 0.041122
0.516304 0.445225 0.061428 0.041584
0.945928 0.252207 0.066247 0.041277
0.515006 0.616132 0.065666 0.034698
0.175761 0.251253 0.062706 0.041315
0.068769 0.120243 0.059462 0.033302
0.523006 0.577457 0.059073 0.035415
0.289610 0.578438 0.056704 0.035222
0.952283 0.646509 0.052061 0.036090
0.950816 0.207654 0.055668 0.039934
0.289462 0.541497 0.059969 0.033245
0.063587 0.430764 0.058295 0.038215
0.177866 0.782825 0.063841 0.035748
0.295195 0.787809 0.066963 0.043394
0.629384 0.789447 0.054470 0.034621
0.506535 0.118504 0.063284 0.049136
0.400213 0.233468 0.066858 0.042575
0.299536 0.328897 0.063818 0.036337
0.064994 0.830138 0.051945 0.038174
0.173097 0.655521 0.060019 0.042249
0.291165 0.248136 0.073378 0.041211
0.061620 0.786705 0.074829 0.041275
0.171155 0.577830 0.058781 0.035529
0.401377 0.505336 0.056906 0.038852
0.516587 0.794763 0.052154 0.042200
0.737964 0.298594 0.052945 0.034462
0.066105 0.513550 0.054528 0.042174
0.063427 0.553786 0.052585 0.031951
0.302944 0.714586 0.062311 0.033890
0.513369 0.204747 0.054564 0.039119
0.177249 0.291095 0.062031 0.037648
0.179364 0.076984 0.052750 0.046217
0.070350 0.974028 0.065204 0.033732
0.736032 0.173797 0.050920 0.039132
0.945693 0.533909 0.080318 0.040952
0.296861 0.360785 0.066401 0.026291
0.064968 0.674278 0.061413 0.036302
0.837724 0.429160 0.062957 0.042381
0.409268 0.698717 0.054270 0.029928
0.297197 0.681195 0.050440 0.033584
0.732685 0.333106 0.055939 0.032893
0.401339 0.312552 0.055276 0.035464
0.182612 0.824924 0.052663 0.044539
0.629777 0.857822 0.048689 0.036554
0.841290 0.834749 0.049582 0.039377
0.178152 0.540049 0.054191 0.036486
0.068841 0.080962 0.051583 0.043670
0.624677 0.069579 0.055841 0.037244
0.176995 0.452923 0.059212 0.042005
0.946590 0.331752 0.053369 0.039989
0.945293 0.462409 0.052376 0.039168
0.405443 0.738940 0.053708 0.044095
0.946179 0.162660 0.052107 0.040934
0.183185 0.873066 0.050914 0.041595
0.836596 0.269790 0.055223 0.041511
0.833955 0.761424 0.062160 0.041533
0.067378 0.585777 0.051835 0.032877
0.292994 0.029250 0.066265 0.036519
0.941118 0.376357 0.053367 0.043962
0.176964 0.331283 0.051409 0.034507
0.627808 0.391728 0.051148 0.039130
0.513417 0.866070 0.070920 0.041852
0.741090 0.741541 0.055372 0.043179
0.836356 0.184814 0.053559 0.041504
0.840051 0.584914 0.051623 0.036020
0.739589 0.699904 0.052088 0.037248
0.945489 0.077676 0.057596 0.041400
0.952736 0.681591 0.051663 0.033601
0.408459 0.915770 0.054555 0.032516
0.948147 0.574851 0.060139 0.037035
0.517740 0.535920 0.058118 0.045254
0.064898 0.229217 0.058555 0.034813
0.952514 0.610361 0.054505 0.032468
0.512029 0.165801 0.063446 0.037294
0.515965 0.407568 0.055409 0.029508
0.843339 0.391824 0.051915 0.032665
0.503866 0.073774 0.056290 0.039934
0.631264 0.436023 0.056612 0.044350
0.516889 0.914288 0.052650 0.044472
0.837997 0.138496 0.061622 0.037958
0.402483 0.075422 0.054879 0.044682
0.627947 0.295052 0.053616 0.046058
0.740889 0.656287 0.047946 0.041963
0.069483 0.312537 0.047569 0.035175
0.288249 0.867013 0.054875 0.032466
0.629640 0.901161 0.051575 0.044398
0.630152 0.344119 0.050411 0.046782
0.181569 0.700144 0.085985 0.044509
0.406921 0.786861 0.063922 0.044402
0.951108 0.785886 0.048391 0.035016
0.836402 0.957069 0.065770 0.041322
0.943762 0.496509 0.056106 0.030103
0.844157 0.352388 0.055238 0.038397
0.735444 0.569850 0.057210 0.032904
0.289861 0.066538 0.048051 0.032194
0.736882 0.215923 0.058875 0.034097
0.741619 0.499364 0.054901 0.032880
0.064721 0.867732 0.059678 0.027195
0.734531 0.062964 0.053470 0.035709
0.181734 0.960857 0.055572 0.043562
0.399979 0.156025 0.052177 0.037960
0.627702 0.204348 0.054740 0.033369
0.943345 0.421739 0.050432 0.039531
0.404622 0.274727 0.057471 0.036880
0.402449 0.116814 0.050070 0.040412
0.063941 0.745631 0.047774 0.034062
0.631619 0.517799 0.062922 0.034407
0.293689 0.213124 0.057794 0.028990
0.174913 0.032169 0.059216 0.042567
0.514252 0.244663 0.049507 0.037170
0.635456 0.938787 0.051497 0.031770
0.841650 0.653519 0.050749 0.035556
0.298299 0.748732 0.054441 0.032391
0.402074 0.192665 0.047205 0.035856
0.739119 0.947005 0.055934 0.039398
0.065559 0.629548 0.055837 0.050393
0.172390 0.614371 0.054859 0.036670
0.943465 0.120252 0.050899 0.039387
0.177704 0.744771 0.055733 0.038197
0.842156 0.916264 0.049006 0.039516
0.843197 0.310942 0.051976 0.034816
0.738533 0.610957 0.046088 0.043204
0.632567 0.712129 0.051884 0.047067
0.620792 0.028801 0.065444 0.040605
0.838546 0.797980 0.061673 0.030091
0.736018 0.256745 0.051303 0.042860
0.839054 0.724406 0.047419 0.032459
0.938870 0.828615 0.068796 0.046544
0.065237 0.033678 0.053266 0.045766
0.408306 0.662469 0.050216 0.035100
0.844356 0.876404 0.054999 0.037859
0.940357 0.031194 0.060039 0.050605
0.943336 0.293308 0.049997 0.037006
0.731390 0.131346 0.054578 0.039874
0.505988 0.032180 0.056673 0.044195
0.951566 0.716486 0.042211 0.034386
0.731295 0.027142 0.051661 0.036679
0.945340 0.900267 0.056600 0.038206
0.295896 0.471120 0.055428 0.028625
0.175178 0.366369 0.046752 0.029437
0.293338 0.616362 0.044667 0.039099
0.837050 0.026915 0.054068 0.035822
0.288341 0.146435 0.064790 0.038721
0.402397 0.031356 0.052538 0.037746
0.840025 0.062441 0.046258 0.035485
0.632479 0.670510 0.042451 0.033373
0.948623 0.865844 0.053857 0.027758
0.292436 0.901445 0.050601 0.032630
0.736082 0.413164 0.046878 0.041499
0.403228 0.540998 0.037787 0.032391
0.633217 0.594648 0.053218 0.027077
0.738597 0.456987 0.053096 0.042483
0.953814 0.750766 0.051818 0.033491
0.518922 0.748749 0.056458 0.044055
0.630748 0.556432 0.050460 0.042753
0.839588 0.547839 0.041910 0.033246
0.839697 0.621107 0.043924 0.028231
0.839398 0.100099 0.045645 0.035670
0.518867 0.831631 0.050955 0.027505
0.733792 0.909957 0.042279 0.034367
0.636343 0.967045 0.047878 0.026049
0.839638 0.512225 0.048203 0.033832
0.633606 0.822022 0.051826 0.024254
0.842749 0.688904 0.048150 0.029058
0.513973 0.960883 0.046160 0.043362
0.407072 0.957385 0.046177 0.042284
0.296138 0.437243 0.055566 0.038994
0.838226 0.226987 0.049595 0.038108
0.732056 0.877084 0.040154 0.029966
0.945482 0.933492 0.055914 0.031462
0.843468 0.474528 0.061265 0.040625
0.293154 0.935344 0.067659 0.031873
0.292399 0.180692 0.054122 0.035044
0.288091 0.971310 0.075471 0.039308
0.736295 0.781373 0.045462 0.035264
0.734268 0.095877 0.048527 0.030670
0.732831 0.845849 0.038204 0.033303
0.952318 0.962473 0.061947 0.031178
0.293790 0.649171 0.043885 0.026743
0.525971 0.660159 0.081654 0.042679
0.529828 0.701446 0.088102 0.044780
0.736606 0.811599 0.044305 0.028110
0.344073 0.927267 0.056550 0.035502
