0.607466 0.808916 0.065994 0.042857
0.504260 0.968274 0.063252 0.039351
0.498859 0.928937 0.070459 0.037423
0.721674 0.938876 0.052149 0.034526
0.501635 0.578679 0.065543 0.040913
0.724436 0.972279 0.056769 0.032561
0.398898 0.892285 0.054522 0.044343
0.722276 0.267135 0.055669 0.040536
0.494083 0.421302 0.054669 0.036818
0.838807 0.699633 0.056663 0.039085
0.941403 0.480045 0.060247 0.045021
0.610892 0.257496 0.050301 0.036532
0.723463 0.903591 0.048935 0.033112
0.605931 0.111545 0.055273 0.040280
0.720106 0.867232 0.058885 0.034127
0.074695 0.313846 0.063126 0.042940
0.931267 0.197724 0.057890 0.044688
0.503920 0.791145 0.052557 0.041415
0.399917 0.850325 0.060408 0.037125
0.835753 0.504255 0.059293 0.042776
0.941126 0.608627 0.058264 0.033032
0.830954 0.078421 0.053958 0.036845
0.721213 0.531924 0.048088 0.033933
0.075320 0.896088 0.059918 0.037618
0.607526 0.184953 0.062449 0.040941
0.070148 0.232656 0.056975 0.034122
0.941542 0.432230 0.063147 0.041018
0.497526 0.383720 0.049284 0.033327
0.391353 0.233116 0.062054 0.048035
0.388142 0.389829 0.062347 0.039723
0.394435 0.432709 0.057626 0.038311
0.606154 0.856681 0.072416 0.046780
0.501802 0.658190 0.048954 0.033837
0.070408 0.197855 0.056885 0.036046
0.714617 0.117851 0.060558 0.039446
0.070344 0.270838 0.054724 0.034275
0.835206 0.583201 0.054344 0.038928
0.397233 0.737574 0.055841 0.033001
0.716963 0.358471 0.051069 0.039266
0.394875 0.812504 0.048304 0.034993
0.607834 0.695416 0.058045 0.040906
0.502692 0.496635 0.056320 0.038142
0.501447 0.535757 0.051120 0.037113
0.403039 0.935896 0.053598 0.040994
0.826250 0.898573 0.058681 0.037620
0.508988 0.751290 0.058527 0.036204
0.615303 0.654020 0.052818 0.036604
0.070592 0.404926 0.061340 0.045099
0.497554 0.345587 0.054277 0.039149
0.717552 0.832790 0.059083 0.028333
0.495693 0.223903 0.068666 0.034123
0.823012 0.344399 0.066234 0.033257
0.824700 0.823207 0.059722 0.039867
0.831346 0.156754 0.055434 0.046727
0.397778 0.706825 0.054401 0.030717
0.831192 0.660661 0.050048 0.035448
0.931200 0.944214 0.059629 0.033953
0.613612 0.539227 0.049549 0.039918
0.938775 0.109254 0.049217 0.038061
0.393453 0.139078 0.063717 0.035066
0.939868 0.871642 0.055131 0.035037
0.616951 0.382486 0.051532 0.042181
0.826729 0.459299 0.055001 0.038627
0.931658 0.830099 0.060963 0.044098
0.617189 0.500320 0.051528 0.038400
0.180600 0.283537 0.053083 0.037032
0.830234 0.309670 0.048602 0.034400
0.073433 0.735325 0.054361 0.041385
0.391260 0.667068 0.053758 0.043468
0.724352 0.566649 0.054979 0.031726
0.184226 0.392252 0.055681 0.041927
0.072676 0.523352 0.051243 0.043595
0.179432 0.351466 0.067967 0.037357
0.834237 0.379230 0.054308 0.036072
0.616994 0.333664 0.049174 0.041126
0.714185 0.439541 0.071332 0.043052
0.712518 0.486876 0.063903 0.044036
0.719736 0.190676 0.049798 0.037315
0.832857 0.545073 0.052584 0.034836
0.941031 0.679726 0.039520 0.039439
0.931989 0.523578 0.064804 0.041426
0.497305 0.261013 0.050681 0.036836
0.394184 0.561781 0.057400 0.035518
0.828812 0.862289 0.052104 0.032565
0.721381 0.605519 0.056286 0.040316
0.397872 0.772532 0.047330 0.036277
0.825156 0.972416 0.060813 0.033654
0.500521 0.620712 0.046789 0.037491
0.402868 0.975100 0.049354 0.038343
0.826532 0.417313 0.052099 0.038434
0.720614 0.758610 0.050462 0.043996
0.830350 0.782231 0.049825 0.039118
0.835047 0.116073 0.062043 0.030700
0.074574 0.570601 0.050064 0.040297
0.271689 0.236338 0.066226 0.042563
0.611426 0.296346 0.053560 0.034227
0.498633 0.458393 0.044388 0.033556
0.392540 0.184243 0.057063 0.046281
0.395659 0.596646 0.062299 0.033149
0.388921 0.317147 0.057851 0.034439
0.939017 0.566855 0.045298 0.042229
0.271607 0.190957 0.060811 0.040086
0.276273 0.117564 0.051707 0.041346
0.067091 0.811272 0.066999 0.035460
0.716033 0.398672 0.052766 0.036443
0.829471 0.936434 0.047108 0.037285
0.606911 0.070315 0.048518 0.040116
0.609697 0.221207 0.048835 0.030613
0.498396 0.302766 0.057136 0.035633
0.719082 0.312141 0.058226 0.040232
0.608732 0.763729 0.051731 0.037767
0.610786 0.147252 0.049839 0.029506
0.504147 0.892571 0.049865 0.035414
0.830048 0.239227 0.049406 0.036422
0.933141 0.071863 0.053330 0.034181
0.071852 0.158736 0.049097 0.033164
0.720011 0.228643 0.051581 0.032949
0.933715 0.977959 0.051750 0.031995
0.505680 0.860775 0.047059 0.026937
0.939844 0.907181 0.047947 0.037541
0.605247 0.910715 0.062323 0.051766
0.934843 0.290313 0.053779 0.052175
0.277651 0.076908 0.056002 0.038343
0.073611 0.973208 0.054262 0.034481
0.386790 0.352024 0.053115 0.034659
0.491812 0.081734 0.064641 0.042863
0.719164 0.155108 0.043510 0.030219
0.722990 0.799900 0.048621 0.034980
0.717622 0.713051 0.049824 0.038786
0.074525 0.688678 0.052041 0.043405
0.079207 0.852138 0.053157 0.040840
0.069505 0.123994 0.050640 0.033033
0.838796 0.738663 0.056924 0.038406
0.615132 0.618155 0.044472 0.034768
0.720334 0.076981 0.047948 0.036433
0.175186 0.242779 0.065586 0.039184
0.071376 0.774945 0.048832 0.033091
0.390891 0.278270 0.046175 0.038057
0.612744 0.425767 0.062451 0.035584
0.936765 0.644038 0.049765 0.031700
0.283940 0.033507 0.065517 0.040342
0.078863 0.645188 0.054237 0.039650
0.940488 0.716612 0.046888 0.033110
0.392012 0.517221 0.049661 0.041777
0.074894 0.609502 0.047230 0.034486
0.070576 0.483374 0.065714 0.034939
0.497156 0.179013 0.053006 0.049814
0.069694 0.083992 0.047964 0.043246
0.939336 0.239171 0.056104 0.037211
0.717490 0.680091 0.052475 0.031217
0.830630 0.199687 0.053653 0.036794
0.390972 0.101904 0.049075 0.033783
0.618774 0.462607 0.046532 0.033572
0.072914 0.038079 0.055510 0.044145
0.073089 0.935850 0.045719 0.035845
0.834530 0.036195 0.053958 0.038942
0.611013 0.730744 0.044362 0.030038
0.505987 0.830175 0.039763 0.029463
0.831955 0.274734 0.040275 0.029965
0.935700 0.035036 0.050297 0.035646
0.280688 0.282416 0.050858 0.040071
0.177274 0.202544 0.043271 0.041428
0.617220 0.580832 0.042951 0.037085
0.493942 0.037239 0.048669 0.043531
0.936840 0.751845 0.050480 0.039034
0.072976 0.449527 0.059682 0.033171
0.499947 0.128239 0.048816 0.045250
0.936121 0.151266 0.047898 0.043692
0.939979 0.392356 0.048358 0.033305
0.827007 0.623619 0.053798 0.038245
0.937025 0.346063 0.080078 0.052678
0.720435 0.648432 0.044214 0.033064
0.396512 0.629943 0.048915 0.025420
0.506068 0.691234 0.040246 0.029227
0.939891 0.790474 0.040947 0.029503
0.716541 0.037046 0.044165 0.038314
0.389115 0.070005 0.041224 0.030334
0.070276 0.361476 0.047829 0.043062
0.391953 0.473450 0.054531 0.040877
0.183245 0.317885 0.041517 0.026756
0.277985 0.155224 0.048192 0.035098
0.504783 0.717494 0.038841 0.026935
0.391314 0.034309 0.037952 0.034477
0.612986 0.977651 0.064275 0.026615
0.179230 0.159401 0.047259 0.045057
0.610783 0.034358 0.040629 0.028141
0.608861 0.953016 0.073143 0.030861
0.283775 0.324532 0.054287 0.042850
