0.195256 0.532768 0.058159 0.030251
0.114829 0.838614 0.048084 0.032714
0.192937 0.198032 0.061889 0.026749
0.845309 0.267254 0.055196 0.030593
0.851668 0.510743 0.057723 0.035730
0.849901 0.791259 0.055479 0.031058
0.383899 0.458803 0.056346 0.027602
0.114298 0.804684 0.050768 0.027707
0.099294 0.365479 0.055827 0.030305
0.106436 0.677536 0.051435 0.029615
0.394727 0.887222 0.061832 0.025827
0.480637 0.869674 0.055963 0.030098
0.761917 0.713619 0.046445 0.029233
0.382869 0.427993 0.057130 0.026851
0.663327 0.437119 0.062610 0.029389
0.102096 0.493158 0.049656 0.030809
0.201240 0.658430 0.054223 0.029700
0.292380 0.180044 0.055456 0.035233
0.099718 0.296054 0.061045 0.037085
0.194788 0.336199 0.052606 0.035669
0.853969 0.470252 0.052437 0.036682
0.195189 0.729514 0.065142 0.033638
0.760910 0.878535 0.059290 0.031707
0.202387 0.853570 0.046001 0.033414
0.573767 0.707776 0.052671 0.029009
0.855240 0.852542 0.053043 0.025005
0.094225 0.178298 0.055424 0.030012
0.105219 0.581264 0.049528 0.026202
0.384164 0.521378 0.052311 0.028392
0.661007 0.409205 0.055102 0.026449
0.851911 0.674953 0.047672 0.032944
0.760031 0.556550 0.051583 0.029727
0.195220 0.262554 0.054597 0.027831
0.391807 0.857359 0.055833 0.027438
0.569416 0.565451 0.057370 0.033682
0.377700 0.591216 0.063113 0.033378
0.109216 0.744086 0.058149 0.024713
0.858144 0.882463 0.060067 0.025750
0.099819 0.332571 0.053144 0.027583
0.476000 0.307066 0.059080 0.029014
0.382257 0.652876 0.055180 0.029986
0.204577 0.817868 0.059243 0.026905
0.763057 0.844388 0.057941 0.025050
0.758242 0.428962 0.048166 0.028285
0.484007 0.905609 0.049399 0.035735
0.383986 0.556604 0.055952 0.030324
0.852368 0.637773 0.057160 0.026501
0.293351 0.809722 0.052159 0.026739
0.659416 0.377785 0.050135 0.026378
0.094195 0.143251 0.051368 0.032382
0.295204 0.774087 0.051453 0.030252
0.659274 0.187247 0.054811 0.036143
0.474867 0.212128 0.057622 0.028035
0.854796 0.432554 0.048542 0.029548
0.290561 0.673196 0.052157 0.030281
0.384579 0.215384 0.064889 0.030197
0.101515 0.547884 0.047186 0.028511
0.288916 0.710322 0.053768 0.033838
0.383522 0.355780 0.052324 0.032787
0.850108 0.749232 0.053846 0.038121
0.755302 0.184576 0.049509 0.025173
0.851025 0.351634 0.058560 0.025291
0.564507 0.146501 0.051429 0.025949
0.478217 0.534834 0.047094 0.034515
0.290520 0.843639 0.046328 0.028850
0.388452 0.827456 0.060873 0.025005
0.294336 0.452130 0.054969 0.033156
0.576409 0.601948 0.054840 0.032703
0.656113 0.258620 0.061142 0.031420
0.296253 0.361973 0.058677 0.032900
0.388049 0.794105 0.050382 0.031310
0.095797 0.236958 0.061370 0.026922
0.198373 0.693691 0.049912 0.027985
0.475651 0.272012 0.055154 0.031581
0.759390 0.522777 0.048359 0.026909
0.289245 0.743956 0.047240 0.025145
0.569560 0.426101 0.052165 0.037779
0.290256 0.524476 0.055483 0.025310
0.754663 0.337332 0.049060 0.029903
0.763983 0.817099 0.059065 0.021501
0.193026 0.597978 0.047276 0.033319
0.845101 0.323438 0.059422 0.022295
0.475643 0.427443 0.044788 0.028048
0.577825 0.637156 0.058603 0.030966
0.752339 0.118034 0.056289 0.036670
0.569589 0.464814 0.053617 0.030161
0.843852 0.298099 0.052348 0.023254
0.574098 0.672496 0.046433 0.029591
0.851529 0.577681 0.053667 0.030455
0.206112 0.886148 0.048686 0.022224
0.292626 0.580832 0.045063 0.026457
0.484783 0.803709 0.058086 0.030154
0.754163 0.284446 0.050737 0.025502
0.103698 0.460508 0.044419 0.025572
0.844637 0.209741 0.045320 0.024655
0.757645 0.462836 0.054785 0.029771
0.191568 0.458730 0.048444 0.029963
0.294402 0.217783 0.062457 0.026486
0.384620 0.490399 0.048052 0.026593
0.759695 0.592769 0.053689 0.031298
0.382373 0.184844 0.056385 0.023382
0.574231 0.771923 0.048294 0.026134
0.292530 0.490380 0.043585 0.032949
0.478277 0.366333 0.058488 0.024618
0.188993 0.565071 0.053775 0.024844
0.842609 0.182371 0.046285 0.025103
0.851452 0.402850 0.053983 0.023340
0.192031 0.297631 0.045486 0.031715
0.844214 0.237989 0.054517 0.022862
0.479946 0.462849 0.050746 0.036582
0.291386 0.252074 0.046575 0.032317
0.760666 0.655564 0.038775 0.029591
0.852595 0.710142 0.041397 0.032013
0.570583 0.530057 0.050379 0.023643
0.575571 0.740956 0.050727 0.026394
0.566633 0.387905 0.056291 0.031538
0.293947 0.870230 0.053958 0.021393
0.396357 0.915110 0.056969 0.025999
0.670376 0.471115 0.048801 0.031474
0.106081 0.712262 0.039572 0.030032
0.840891 0.115201 0.051018 0.029838
0.573009 0.291713 0.051810 0.029341
0.293833 0.552646 0.042412 0.024844
0.195189 0.495135 0.043087 0.033143
0.192760 0.229831 0.051194 0.025350
0.477418 0.573986 0.047425 0.033512
0.187789 0.165631 0.048882 0.028456
0.094528 0.208382 0.056665 0.023888
0.389860 0.758635 0.052156 0.034414
0.661350 0.288424 0.065666 0.024604
0.761793 0.785844 0.039420 0.030867
0.197906 0.373469 0.053135 0.026312
0.760812 0.750178 0.050811 0.033300
0.572475 0.257371 0.048153 0.030665
0.567400 0.226383 0.053717 0.023051
0.478548 0.396282 0.063732 0.024719
0.753081 0.400972 0.041772 0.024176
0.291168 0.145627 0.049897 0.026171
0.482678 0.498696 0.044487 0.028843
0.478484 0.609024 0.055664 0.025681
0.756889 0.216096 0.054975 0.022175
0.478921 0.701136 0.052433 0.033329
0.200892 0.765336 0.056367 0.025105
0.103113 0.432456 0.041977 0.030653
0.384540 0.716835 0.046617 0.036782
0.291436 0.613213 0.055912 0.024569
0.386370 0.622478 0.062981 0.025512
0.482314 0.638668 0.063039 0.031198
0.481118 0.771835 0.058346 0.023583
0.109816 0.774317 0.045581 0.023354
0.385905 0.314280 0.052019 0.038944
0.569945 0.496836 0.043638 0.027598
0.852332 0.545184 0.051243 0.024572
0.659726 0.346269 0.043370 0.024316
0.852180 0.822459 0.041277 0.024109
0.381608 0.681149 0.057491 0.022775
0.759324 0.684986 0.044036 0.018266
0.656835 0.314960 0.046918 0.026295
0.477949 0.738503 0.046963 0.032612
0.752368 0.370716 0.041421 0.027508
0.657978 0.153887 0.043366 0.028335
0.842818 0.148826 0.041944 0.027280
0.569801 0.357267 0.051613 0.024095
0.381637 0.156862 0.044114 0.020983
0.108483 0.521063 0.049574 0.018580
0.476848 0.240345 0.046030 0.025736
0.657822 0.118210 0.046685 0.034680
0.107047 0.614996 0.048318 0.029581
0.473867 0.180295 0.055820 0.029714
0.481124 0.837227 0.070683 0.027222
0.765204 0.911601 0.042505 0.027720
0.852155 0.378073 0.050492 0.020046
0.567050 0.200867 0.048915 0.018662
0.852539 0.608007 0.051841 0.021542
0.291393 0.392843 0.053258 0.024033
0.116571 0.904734 0.055537 0.025325
0.115723 0.872867 0.039729 0.023192
0.568279 0.114062 0.044297 0.032566
0.665985 0.508470 0.047153 0.035852
0.564267 0.175743 0.040157 0.027325
0.197433 0.628853 0.048366 0.020322
0.100788 0.399870 0.046660 0.028694
0.658148 0.225419 0.045163 0.030392
0.752834 0.154838 0.042013 0.023985
0.294790 0.641307 0.052830 0.020826
0.382127 0.273768 0.050233 0.029784
0.289080 0.293739 0.049071 0.042351
0.855728 0.911493 0.058182 0.023459
0.110374 0.643671 0.050269 0.027923
0.472966 0.151891 0.056283 0.028460
0.099228 0.265098 0.051973 0.019284
0.383167 0.393589 0.042810 0.029425
0.289776 0.330962 0.037390 0.019705
0.479837 0.668320 0.052487 0.019510
0.572866 0.323649 0.038542 0.028187
0.758239 0.492254 0.035135 0.024318
0.199202 0.913562 0.047005 0.023034
0.295463 0.419812 0.052091 0.020283
0.201479 0.790347 0.051083 0.018851
0.288911 0.116086 0.048498 0.022653
0.195564 0.429168 0.055744 0.019907
0.476878 0.337503 0.035639 0.026347
0.572340 0.803612 0.053927 0.024780
0.093846 0.113663 0.048253 0.020701
0.193368 0.402316 0.057977 0.023341
0.473894 0.114236 0.049631 0.030628
0.296594 0.916856 0.058124 0.021258
0.755749 0.308202 0.047471 0.019313
0.293707 0.894742 0.043786 0.020968
0.378932 0.245209 0.054686 0.022938
0.197344 0.113990 0.053502 0.019239
0.759624 0.250406 0.061991 0.030805
0.759235 0.624742 0.037861 0.025922
0.190281 0.138487 0.040399 0.018557
0.379887 0.124204 0.047798 0.035719
