0.178851 0.878702 0.073494 0.036856
0.282720 0.927064 0.072633 0.050834
0.824148 0.394543 0.070951 0.055097
0.817991 0.875141 0.062373 0.044839
0.719474 0.551709 0.076367 0.042575
0.714527 0.253482 0.067289 0.044318
0.721858 0.645957 0.071735 0.043911
0.717088 0.735169 0.065264 0.038819
0.721258 0.391285 0.073139 0.043467
0.826722 0.827661 0.068645 0.041603
0.938321 0.368518 0.068340 0.044752
0.823398 0.169951 0.073581 0.045778
0.173871 0.922102 0.064722 0.042488
0.061842 0.681220 0.073911 0.050214
0.069107 0.423701 0.066593 0.043512
0.937713 0.322464 0.065936 0.043039
0.501704 0.154038 0.069146 0.037973
0.926821 0.920855 0.073728 0.047105
0.170619 0.970208 0.075091 0.045245
0.073231 0.165791 0.061726 0.040835
0.720990 0.596922 0.070339 0.047566
0.504902 0.679750 0.065235 0.043499
0.399626 0.522769 0.079821 0.046258
0.063285 0.472087 0.063771 0.046571
0.504370 0.311472 0.074311 0.036077
0.921565 0.965836 0.075100 0.043787
0.495349 0.079288 0.063377 0.040552
0.509853 0.762638 0.066227 0.033810
0.715411 0.968591 0.075659 0.041466
0.923821 0.876085 0.069870 0.039361
0.929109 0.703856 0.063565 0.046555
0.824904 0.216473 0.062963 0.042733
0.071613 0.337923 0.064547 0.040544
0.718133 0.300719 0.063830 0.047533
0.504082 0.804797 0.079839 0.045334
0.289585 0.606995 0.088923 0.049998
0.929681 0.831607 0.073398 0.044787
0.069437 0.379847 0.063922 0.042703
0.716314 0.170155 0.087080 0.042851
0.716460 0.778756 0.060855 0.040568
0.178493 0.742080 0.065517 0.045363
0.924750 0.786860 0.053724 0.038464
0.287894 0.216048 0.074195 0.049300
0.821944 0.555032 0.063599 0.043209
0.292218 0.259754 0.073346 0.034687
0.390579 0.188486 0.061964 0.042444
0.942598 0.412412 0.074770 0.041377
0.929006 0.097146 0.058735 0.042062
0.935890 0.277032 0.055319 0.041237
0.076025 0.294158 0.064804 0.045872
0.721997 0.476187 0.082659 0.039083
0.393968 0.235187 0.061712 0.046821
0.933829 0.585519 0.069209 0.034357
0.721781 0.692651 0.065101 0.044117
0.501748 0.722661 0.071847 0.039904
0.187511 0.112048 0.067564 0.045184
0.075285 0.250626 0.061131 0.039630
0.400255 0.325472 0.062587 0.037783
0.929462 0.623881 0.064426 0.032338
0.935369 0.138392 0.072619 0.034664
0.721219 0.347541 0.059181 0.044495
0.069389 0.964001 0.077280 0.050582
0.823799 0.441850 0.055060 0.036015
0.071595 0.208831 0.054700 0.042776
0.184306 0.459642 0.070344 0.044102
0.818804 0.343784 0.061660 0.038388
0.291281 0.348554 0.071748 0.043850
0.062957 0.524973 0.070082 0.056618
0.503482 0.426052 0.056115 0.035196
0.700091 0.039171 0.083393 0.047974
0.931653 0.229679 0.066601 0.044028
0.180017 0.790013 0.054633 0.042942
0.713438 0.923976 0.061086 0.043992
0.289899 0.654588 0.062984 0.041747
0.066923 0.915096 0.058741 0.039831
0.183988 0.066991 0.063949 0.037728
0.939143 0.541768 0.056707 0.048524
0.185504 0.155610 0.065052 0.036593
0.285877 0.169973 0.071656 0.035137
0.282498 0.972570 0.061505 0.041051
0.497863 0.193539 0.082074 0.036408
0.179453 0.692398 0.059286 0.049410
0.823806 0.256875 0.057568 0.035533
0.184223 0.322730 0.064467 0.042104
0.188332 0.365943 0.074276 0.043957
0.077933 0.126992 0.067710 0.038325
0.718762 0.125422 0.083216 0.044379
0.291851 0.878321 0.060654 0.039447
0.930423 0.493872 0.058563 0.042323
0.398658 0.282189 0.057603 0.041887
0.825699 0.301572 0.062593 0.045905
0.926432 0.046669 0.060882 0.049492
0.287809 0.301461 0.059455 0.043249
0.291770 0.559874 0.068083 0.040119
0.406059 0.473918 0.068221 0.044868
0.502970 0.460775 0.054548 0.033306
0.502226 0.235832 0.073648 0.044794
0.819331 0.917601 0.065187 0.034135
0.818352 0.128133 0.055466 0.035357
0.828113 0.694981 0.060299 0.050979
0.192158 0.413110 0.066790 0.047232
0.182544 0.591062 0.075543 0.043468
0.502698 0.346805 0.061282 0.029381
0.926218 0.660542 0.053318 0.031952
0.182742 0.547052 0.064089 0.043477
0.926753 0.749185 0.053239 0.033647
0.715868 0.873083 0.071279 0.049795
0.500600 0.385150 0.067302 0.042302
0.287157 0.794026 0.058123 0.050520
0.066705 0.732993 0.057115 0.045894
0.824665 0.744154 0.060922 0.039961
0.595997 0.081972 0.060719 0.048216
0.823703 0.082496 0.056664 0.049089
0.823003 0.784294 0.052471 0.038819
0.293215 0.697739 0.058424 0.037058
0.714871 0.822405 0.061566 0.041083
0.501985 0.580436 0.058083 0.049710
0.825834 0.597642 0.055268 0.033698
0.070535 0.035995 0.074738 0.048943
0.067868 0.830176 0.081308 0.052727
0.053647 0.576437 0.081977 0.045001
0.066913 0.874993 0.054405 0.038510
0.826752 0.476738 0.062335 0.029607
0.281823 0.092033 0.057177 0.039814
0.716989 0.210479 0.058253 0.034243
0.722617 0.512301 0.066477 0.030594
0.722324 0.437109 0.055425 0.039755
0.296632 0.481494 0.060564 0.040964
0.182702 0.641079 0.059668 0.047363
0.823401 0.642096 0.054134 0.049057
0.288979 0.394878 0.060712 0.040950
0.176524 0.835073 0.057256 0.042394
0.495917 0.276460 0.070518 0.032146
0.502825 0.495529 0.050627 0.032633
0.184518 0.275506 0.056222 0.051053
0.074888 0.085861 0.063304 0.045685
0.183744 0.192487 0.055026 0.035733
0.930353 0.180736 0.054158 0.046237
0.499422 0.116504 0.055319 0.032579
0.282083 0.131773 0.053590 0.037832
0.063014 0.627716 0.058068 0.051443
0.183300 0.504409 0.055845 0.042028
0.399807 0.363370 0.057844 0.036629
0.816469 0.960748 0.054733 0.048175
0.295765 0.436427 0.057647 0.042756
0.287981 0.742630 0.054315 0.048830
0.189784 0.231994 0.066807 0.040217
0.501034 0.531935 0.044903 0.041245
0.181681 0.029113 0.067608 0.028893
0.823411 0.511154 0.052648 0.035872
0.936891 0.451998 0.053764 0.035846
0.706659 0.085665 0.052451 0.034930
0.279120 0.042585 0.065471 0.049368
0.286779 0.836990 0.051498 0.034892
0.402960 0.403115 0.057134 0.038225
0.812126 0.033209 0.078234 0.039830
0.062114 0.777688 0.080091 0.042791
0.292229 0.520370 0.054891 0.030286
0.497733 0.851318 0.060580 0.034082
0.506361 0.632240 0.068479 0.050087
0.403909 0.436814 0.054083 0.030059
0.595652 0.035454 0.054934 0.038327
0.493523 0.035474 0.048410 0.039762
0.498534 0.900197 0.054405 0.051674
0.393675 0.148583 0.055471 0.037059
0.393141 0.131402 0.053322 0.045373
