0.928571 0.557166 0.072264 0.039619
0.936449 0.171868 0.063972 0.036013
0.929068 0.883323 0.050290 0.032331
0.710892 0.244384 0.068007 0.041326
0.578926 0.794665 0.056296 0.030975
0.260062 0.765403 0.061125 0.037286
0.710519 0.420898 0.057885 0.034292
0.699506 0.878351 0.059831 0.036357
0.582278 0.902136 0.047907 0.034197
0.935039 0.916125 0.051587 0.031804
0.576431 0.758022 0.073503 0.039816
0.933613 0.846754 0.051927 0.036488
0.063383 0.395967 0.053419 0.036547
0.367709 0.803884 0.056749 0.035346
0.065197 0.356339 0.062384 0.038735
0.709897 0.635612 0.055783 0.038365
0.478491 0.643953 0.055305 0.037264
0.699759 0.709171 0.057366 0.040364
0.259105 0.802230 0.055614 0.035842
0.579531 0.865096 0.068930 0.038901
0.260538 0.592038 0.053499 0.036754
0.070091 0.838425 0.051039 0.037128
0.820920 0.808161 0.053073 0.037992
0.698707 0.845086 0.055347 0.030070
0.699249 0.815313 0.053920 0.028914
0.259364 0.871559 0.048379 0.035571
0.820254 0.771135 0.050815 0.033236
0.582435 0.828528 0.061300 0.030618
0.366637 0.842133 0.054952 0.035288
0.581143 0.971286 0.065746 0.040380
0.929035 0.635261 0.070725 0.038960
0.819913 0.888561 0.061994 0.035402
0.261300 0.837753 0.050407 0.031611
0.385541 0.168518 0.061564 0.039678
0.703576 0.913208 0.060825 0.033512
0.595811 0.493034 0.054153 0.040287
0.167295 0.614902 0.061760 0.035021
0.484511 0.916618 0.060469 0.039141
0.369139 0.638326 0.070586 0.042478
0.819292 0.737441 0.049322 0.031521
0.829301 0.207403 0.060349 0.035849
0.173497 0.650790 0.051520 0.038387
0.169156 0.480361 0.055697 0.033781
0.380674 0.408668 0.063769 0.039641
0.936872 0.097441 0.049999 0.039648
0.821051 0.105306 0.050643 0.041972
0.934166 0.216332 0.055643 0.046508
0.479461 0.601537 0.051826 0.043295
0.484785 0.560149 0.064477 0.035563
0.712273 0.170720 0.055636 0.036988
0.070515 0.801590 0.048456 0.031941
0.816592 0.344892 0.054375 0.034137
0.707680 0.528209 0.055179 0.037283
0.817043 0.485750 0.058453 0.036113
0.821143 0.924761 0.067941 0.036258
0.478646 0.683353 0.048972 0.039398
0.386367 0.367387 0.062073 0.036110
0.933765 0.300156 0.070114 0.035984
0.929592 0.745717 0.051674 0.034818
0.716687 0.206265 0.060723 0.031132
0.811513 0.381260 0.074168 0.037379
0.172802 0.103094 0.055373 0.039069
0.702209 0.946506 0.059195 0.028267
0.598533 0.379788 0.053362 0.045541
0.821132 0.272398 0.057085 0.035112
0.827117 0.173083 0.062041 0.032252
0.933171 0.707411 0.050708 0.034107
0.822316 0.848327 0.046552 0.041500
0.164728 0.972587 0.076376 0.036326
0.268235 0.207742 0.058921 0.038597
0.589854 0.611606 0.051785 0.037616
0.932461 0.596485 0.057111 0.034882
0.171870 0.142505 0.063721 0.039064
0.384233 0.249029 0.049436 0.034653
0.486547 0.520675 0.058981 0.044582
0.384510 0.326242 0.051956 0.044471
0.270120 0.303559 0.061858 0.036509
0.930448 0.812646 0.046541 0.032100
0.718434 0.316662 0.059627 0.039891
0.935306 0.135803 0.055114 0.034337
0.709545 0.352351 0.058127 0.033801
0.386375 0.210806 0.061629 0.041968
0.367385 0.761686 0.070401 0.043627
0.699844 0.671595 0.050638 0.028189
0.696493 0.750816 0.044204 0.038301
0.067314 0.431608 0.046282 0.030918
0.066962 0.462627 0.049446 0.031249
0.931885 0.484192 0.045567 0.034885
0.260051 0.662269 0.054787 0.034693
0.170339 0.836578 0.044547 0.033519
0.070782 0.629677 0.048385 0.035646
0.162450 0.901934 0.067334 0.040253
0.931700 0.416776 0.052220 0.038939
0.488935 0.165699 0.050775 0.034617
0.817991 0.307574 0.049858 0.035471
0.385113 0.284808 0.051965 0.034618
0.263829 0.968868 0.058974 0.039300
0.474483 0.728162 0.072126 0.048956
0.592170 0.451943 0.056945 0.036810
0.071849 0.063727 0.055818 0.035601
0.071387 0.763454 0.050522 0.039904
0.068118 0.876361 0.051774 0.036296
0.374879 0.596414 0.050445 0.038338
0.066471 0.313557 0.052689 0.038895
0.711828 0.385191 0.051976 0.033666
0.374409 0.961684 0.057915 0.037073
0.584718 0.935995 0.049147 0.031209
0.169050 0.763153 0.052587 0.039932
0.269615 0.450555 0.056737 0.041243
0.931269 0.951242 0.050893 0.035192
0.063166 0.690036 0.058396 0.028576
0.072238 0.135644 0.064186 0.036895
0.591073 0.573982 0.049987 0.034285
0.164995 0.581136 0.051013 0.031146
0.066634 0.913757 0.054183 0.035406
0.373347 0.881032 0.064612 0.033037
0.372436 0.547113 0.062365 0.052570
0.171349 0.725766 0.047235 0.036936
0.070608 0.213363 0.062148 0.040369
0.272058 0.341825 0.064052 0.038408
0.168975 0.867573 0.047250 0.026549
0.173371 0.802231 0.050386 0.033185
0.066142 0.723733 0.047915 0.038112
0.929281 0.780587 0.048162 0.031979
0.261247 0.556080 0.042940 0.033531
0.589340 0.682652 0.054110 0.037024
0.932579 0.260431 0.047726 0.041482
0.705134 0.454249 0.050660 0.030785
0.702479 0.973529 0.054275 0.026467
0.169041 0.939097 0.054448 0.031474
0.817508 0.704912 0.045020 0.032158
0.926496 0.672840 0.071452 0.032885
0.818976 0.636413 0.051833 0.037943
0.697118 0.785501 0.046991 0.027446
0.831734 0.239776 0.055645 0.027065
0.933171 0.377277 0.043067 0.036661
0.816153 0.674086 0.046846 0.030428
0.826233 0.140237 0.059289 0.025866
0.615070 0.149721 0.067656 0.040796
0.820898 0.527359 0.048546 0.044305
0.936430 0.450432 0.059040 0.025536
0.163122 0.516649 0.058854 0.040227
0.489853 0.207180 0.051880 0.044608
0.933495 0.519617 0.046672 0.033528
0.172239 0.688417 0.047808 0.035123
0.373735 0.678663 0.053319 0.038640
0.260431 0.905905 0.051982 0.032134
0.368571 0.718061 0.049946 0.039165
0.706872 0.565473 0.046814 0.034959
0.592293 0.534982 0.048298 0.042089
0.606185 0.072173 0.062163 0.050654
0.706327 0.488145 0.052507 0.038791
0.264369 0.521835 0.048661 0.032296
0.272119 0.411727 0.050152 0.037043
0.817369 0.567813 0.046272 0.035251
0.071117 0.661490 0.048344 0.025250
0.590806 0.648417 0.042886 0.032510
0.582038 0.719400 0.050752 0.036589
0.813532 0.450625 0.047203 0.031273
0.258777 0.695560 0.052128 0.036103
0.708580 0.030925 0.064122 0.050321
0.599163 0.335407 0.059058 0.041345
0.609479 0.188097 0.052212 0.037030
0.260427 0.627712 0.050277 0.030828
0.487217 0.123975 0.056217 0.042725
0.710677 0.073452 0.047749 0.034710
0.066548 0.499867 0.043312 0.040162
0.933734 0.338504 0.046437 0.037692
0.710688 0.136413 0.050834 0.029979
0.165132 0.397843 0.047378 0.039902
0.070123 0.568344 0.052789 0.035705
0.066801 0.536054 0.042184 0.031690
0.711722 0.106624 0.043872 0.032700
0.377660 0.498169 0.048292 0.040503
0.068308 0.970385 0.047243 0.033531
0.597717 0.418390 0.045109 0.030809
0.937230 0.060730 0.057926 0.035218
0.175527 0.242555 0.049033 0.036146
0.070970 0.028332 0.046758 0.036991
0.821512 0.061254 0.053195 0.043761
0.167151 0.439180 0.045970 0.043704
0.260899 0.728526 0.050570 0.033258
0.274022 0.163786 0.052359 0.041604
0.813246 0.418100 0.045347 0.033745
0.384103 0.452409 0.050895 0.042604
0.714189 0.281294 0.048175 0.029088
0.934877 0.024529 0.054175 0.034233
0.172417 0.355430 0.048769 0.041440
0.485434 0.244461 0.055033 0.033267
0.071388 0.174124 0.050877 0.038210
0.479890 0.878566 0.049777 0.034870
0.071027 0.098231 0.054146 0.035019
0.066249 0.251569 0.053654 0.033693
0.171168 0.281660 0.052031 0.039562
0.176385 0.207831 0.044468 0.036315
0.485670 0.374759 0.062010 0.040829
0.377208 0.073820 0.050270 0.044451
0.820177 0.600376 0.045933 0.031444
0.266051 0.933954 0.043289 0.030581
0.165148 0.550958 0.059137 0.027679
0.821885 0.023567 0.047471 0.032127
0.480804 0.846008 0.038911 0.030046
0.615167 0.025438 0.055115 0.039472
0.379013 0.028589 0.053701 0.040417
0.608623 0.113389 0.046391 0.034034
0.371480 0.921589 0.045989 0.046245
0.480027 0.412552 0.054403 0.035289
0.599868 0.298516 0.041357 0.034045
0.482139 0.446908 0.064033 0.033557
0.176963 0.177039 0.047699 0.026742
0.274622 0.121995 0.045515 0.036282
0.611872 0.223739 0.054380 0.037207
0.481175 0.480323 0.062928 0.036872
0.485943 0.279443 0.065102 0.038381
0.072487 0.942604 0.050627 0.026517
0.480064 0.956247 0.041381 0.030371
0.277666 0.077965 0.055868 0.050471
0.069013 0.280358 0.044398 0.023463
0.491145 0.032307 0.057959 0.052430
0.818143 0.962464 0.046723 0.037472
0.487957 0.080022 0.052858 0.041360
0.489685 0.309136 0.049904 0.032920
0.269638 0.487820 0.052514 0.035696
0.272571 0.243280 0.051993 0.032927
0.173382 0.316963 0.043681 0.034762
0.480506 0.340927 0.062977 0.031487
0.480066 0.772916 0.054633 0.040029
0.605938 0.262650 0.047916 0.034457
0.174717 0.028062 0.047889 0.042713
0.277015 0.269346 0.057315 0.029410
0.068438 0.599108 0.044585 0.026304
0.278437 0.030726 0.049732 0.045664
0.480683 0.813834 0.037620 0.034634
0.381221 0.122651 0.051794 0.048863
0.174351 0.065353 0.043497 0.034585
0.706148 0.599745 0.051461 0.032358
0.273689 0.375707 0.053148 0.027618
