0.281641 0.926619 0.079238 0.042414
0.593082 0.028653 0.074166 0.049486
0.827858 0.906264 0.081125 0.046686
0.062813 0.301725 0.068825 0.046226
0.819376 0.349910 0.073002 0.039006
0.711873 0.222858 0.072581 0.036067
0.718616 0.853782 0.068911 0.043248
0.819268 0.240491 0.064418 0.039653
0.819371 0.114579 0.070497 0.037116
0.715307 0.304918 0.069739 0.044470
0.933667 0.491921 0.063425 0.043546
0.932980 0.235294 0.068026 0.034718
0.933543 0.271116 0.064968 0.035216
0.712296 0.804890 0.070268 0.045646
0.928050 0.734576 0.075138 0.038898
0.062466 0.144266 0.069431 0.048168
0.718738 0.717479 0.070974 0.045714
0.818441 0.150009 0.060555 0.033299
0.497376 0.159218 0.077094 0.047865
0.059408 0.427465 0.071760 0.042198
0.827274 0.592477 0.064003 0.043853
0.495296 0.247465 0.056032 0.038614
0.279284 0.198676 0.060326 0.045415
0.065193 0.192285 0.070518 0.042098
0.934059 0.194742 0.074059 0.041014
0.816279 0.280304 0.054987 0.038072
0.823943 0.860054 0.076946 0.046099
0.602849 0.151511 0.086262 0.042838
0.385621 0.108505 0.069152 0.036616
0.279520 0.246340 0.066223 0.043488
0.820906 0.391504 0.073482 0.041617
0.176183 0.504406 0.074647 0.042097
0.601557 0.538095 0.072279 0.034692
0.932327 0.149262 0.067640 0.044452
0.391734 0.484866 0.062212 0.039476
0.281822 0.715993 0.067383 0.044261
0.392366 0.564323 0.063720 0.046147
0.828409 0.676350 0.061661 0.044575
0.388956 0.069722 0.064170 0.039624
0.391046 0.734383 0.063991 0.037876
0.063860 0.385107 0.078365 0.037838
0.176156 0.391945 0.065925 0.042932
0.938754 0.358828 0.080500 0.044882
0.939660 0.404841 0.070526 0.046402
0.600751 0.714029 0.067127 0.039664
0.497235 0.741215 0.071337 0.040850
0.174354 0.135719 0.060897 0.039960
0.829018 0.778698 0.066389 0.037995
0.389325 0.687435 0.060645 0.048963
0.395801 0.899161 0.066525 0.049859
0.604444 0.193257 0.073907 0.039818
0.495153 0.288731 0.060937 0.039918
0.501936 0.863591 0.074846 0.039584
0.721407 0.603371 0.066063 0.032799
0.928272 0.922193 0.061043 0.038404
0.169803 0.692151 0.064648 0.048079
0.933251 0.577357 0.058509 0.039693
0.822489 0.472167 0.051470 0.040356
0.709864 0.108655 0.075046 0.033601
0.166460 0.879136 0.075643 0.039537
0.495335 0.909254 0.071807 0.051439
0.289161 0.562385 0.074640 0.042029
0.277026 0.671453 0.076270 0.039168
0.179262 0.176312 0.058889 0.040672
0.279137 0.429510 0.068812 0.037137
0.174902 0.783361 0.064453 0.036106
0.172422 0.827144 0.073017 0.047082
0.181334 0.309681 0.070206 0.042936
0.058034 0.920193 0.068551 0.044300
0.062068 0.706772 0.072498 0.036430
0.276249 0.759969 0.074149 0.039973
0.396311 0.773258 0.058597 0.035133
0.825287 0.550680 0.061073 0.034503
0.506140 0.580737 0.069577 0.043536
0.057198 0.747321 0.071471 0.034084
0.182530 0.351452 0.065425 0.039709
0.280289 0.470801 0.063504 0.039531
0.608852 0.755545 0.076581 0.040967
0.275241 0.123091 0.067215 0.041152
0.063016 0.098779 0.056148 0.039327
0.064442 0.059052 0.060100 0.037969
0.715030 0.348339 0.074622 0.039743
0.931913 0.657872 0.067861 0.032459
0.389356 0.313626 0.059857 0.041514
0.716482 0.761206 0.062401 0.038685
0.171826 0.741821 0.067682 0.044495
0.711668 0.068150 0.058727 0.045234
0.603529 0.111158 0.082119 0.035382
0.823622 0.512922 0.062228 0.034192
0.819813 0.431939 0.062237 0.036992
0.816863 0.195294 0.065003 0.047455
0.065010 0.021523 0.057166 0.036380
0.494700 0.070738 0.060950 0.042059
0.608450 0.890987 0.066127 0.039348
0.065104 0.608894 0.062614 0.042713
0.604820 0.380337 0.058047 0.045072
0.062748 0.345069 0.061824 0.039097
0.923480 0.105629 0.058537 0.035777
0.177868 0.223935 0.064610 0.048118
0.498743 0.782141 0.060795 0.038820
0.723792 0.534979 0.073255 0.042285
0.935601 0.536531 0.051970 0.038021
0.052685 0.877104 0.077431 0.040791
0.609266 0.425714 0.066468 0.035458
0.706357 0.024799 0.059743 0.038491
0.394557 0.442285 0.058295 0.037850
0.714403 0.898177 0.069261 0.038205
0.931930 0.311429 0.054921 0.041950
0.600659 0.626971 0.079913 0.042118
0.162549 0.924118 0.079091 0.047869
0.827415 0.634209 0.054154 0.034115
0.709712 0.261923 0.061914 0.036641
0.713992 0.181086 0.057509 0.037824
0.499118 0.455146 0.066294 0.042495
0.389299 0.224070 0.066485 0.036154
0.722282 0.390513 0.060631 0.043529
0.399944 0.815020 0.061092 0.043671
0.811374 0.072186 0.061150 0.039950
0.047199 0.829819 0.070710 0.044610
0.494085 0.206776 0.054644 0.040372
0.385521 0.184744 0.063083 0.039931
0.278990 0.806057 0.061652 0.049994
0.601392 0.582200 0.060893 0.045552
0.503181 0.408223 0.062289 0.047652
0.394319 0.950490 0.061433 0.045407
0.826926 0.815719 0.064538 0.035845
0.929457 0.619854 0.060588 0.041827
0.392706 0.524351 0.067765 0.032570
0.393561 0.641428 0.053056 0.040249
0.918774 0.838573 0.070945 0.036514
0.499317 0.627931 0.054253 0.045383
0.922744 0.880201 0.060930 0.039392
0.390404 0.266633 0.055885 0.047197
0.280040 0.849857 0.060054 0.034920
0.608958 0.842616 0.063034 0.051675
0.173325 0.267166 0.069545 0.038973
0.285497 0.285978 0.064799 0.034820
0.281440 0.518203 0.058506 0.043140
0.495549 0.112572 0.064305 0.038544
0.716185 0.674265 0.081093 0.037260
0.166456 0.968004 0.060592 0.042328
0.385766 0.145311 0.057497 0.036485
0.499457 0.823636 0.075637 0.039377
0.391561 0.604737 0.060951 0.027700
0.062935 0.658537 0.062562 0.053317
0.389002 0.402110 0.054488 0.041076
0.388306 0.357827 0.052770 0.043953
0.285473 0.967106 0.065848 0.039550
0.713031 0.434272 0.057143 0.038213
0.608412 0.272929 0.063959 0.045706
0.053755 0.786145 0.068065 0.034272
0.938026 0.448802 0.054430 0.034212
0.934062 0.695817 0.055210 0.037017
0.825415 0.713977 0.061651 0.024430
0.067603 0.231105 0.053254 0.032238
0.604840 0.928606 0.068292 0.033901
0.179304 0.101920 0.075791 0.027544
0.279392 0.071075 0.066497 0.043459
0.174060 0.066037 0.048956 0.041191
0.170893 0.461824 0.061636 0.038109
0.923261 0.961133 0.055794 0.039170
0.927359 0.065833 0.061847 0.038425
0.277284 0.332755 0.077032 0.047468
0.280971 0.633603 0.061507 0.030596
0.719986 0.483726 0.070018 0.051568
0.610122 0.312756 0.067945 0.028038
0.069133 0.264040 0.076076 0.027254
0.602830 0.502192 0.052360 0.033334
0.710887 0.639162 0.055728 0.032917
0.601533 0.231958 0.055837 0.030214
0.280806 0.160637 0.073967 0.026148
0.173161 0.023899 0.051556 0.041437
0.708095 0.144349 0.056763 0.028541
0.826206 0.743438 0.063721 0.027219
0.599371 0.072277 0.050052 0.033753
0.282966 0.885188 0.060633 0.037451
0.811436 0.026130 0.071708 0.041978
0.604694 0.465895 0.056660 0.042617
0.061863 0.566633 0.062416 0.034863
0.607830 0.965921 0.090148 0.038004
0.492875 0.958180 0.057810 0.044386
0.608089 0.794819 0.065565 0.035017
0.606704 0.343593 0.061291 0.028640
0.495515 0.330432 0.064144 0.032494
0.503823 0.536720 0.055878 0.036399
0.929322 0.027167 0.063294 0.042282
0.499275 0.701281 0.070811 0.039254
0.174765 0.544883 0.063946 0.034295
0.398336 0.855819 0.055158 0.034712
0.497023 0.024770 0.057503 0.043342
0.502456 0.366363 0.062122 0.027359
0.064868 0.517376 0.060760 0.052836
0.172490 0.590396 0.065160 0.054063
0.928463 0.800577 0.060511 0.033678
0.282281 0.600122 0.050881 0.025133
0.056833 0.470107 0.064266 0.028783
0.605135 0.672025 0.050096 0.041030
0.169283 0.642096 0.057633 0.046490
0.506305 0.665021 0.056162 0.026737
0.716487 0.949702 0.089972 0.060050
0.719464 0.570509 0.051027 0.028898
0.385997 0.025706 0.057955 0.042434
0.928547 0.768552 0.051692 0.027218
0.820628 0.314924 0.051739 0.023224
0.059864 0.966071 0.044638 0.045657
0.276955 0.386858 0.061824 0.048044
0.270491 0.024899 0.055743 0.037167
0.173605 0.426132 0.049235 0.026351
0.501195 0.498626 0.041655 0.033592
0.829792 0.962568 0.079213 0.056448
