0.273183 0.194641 0.065068 0.040397
0.740047 0.735074 0.056678 0.033937
0.541094 0.694889 0.061656 0.032277
0.065848 0.564714 0.052193 0.041349
0.436314 0.744875 0.052792 0.036392
0.867929 0.190737 0.058641 0.032395
0.852314 0.505117 0.052326 0.034106
0.446729 0.569205 0.060240 0.029905
0.453870 0.458924 0.057496 0.035621
0.248328 0.693466 0.061329 0.034550
0.178522 0.136546 0.056868 0.034461
0.660101 0.360725 0.060855 0.030916
0.568065 0.196028 0.057904 0.035494
0.244661 0.734592 0.058274 0.038263
0.552097 0.358146 0.066029 0.041113
0.460765 0.358464 0.060214 0.030964
0.349605 0.497048 0.066376 0.034705
0.739910 0.766545 0.054899 0.028874
0.166083 0.421962 0.051664 0.031352
0.074955 0.413426 0.052856 0.033894
0.078522 0.344370 0.055549 0.032267
0.448995 0.424925 0.058168 0.030904
0.741806 0.655551 0.056421 0.034885
0.443841 0.604334 0.049309 0.034833
0.437118 0.785284 0.050158 0.033335
0.636015 0.691877 0.052809 0.039165
0.531278 0.832701 0.053607 0.036970
0.629773 0.830301 0.051059 0.031393
0.736175 0.848409 0.056892 0.031645
0.836846 0.839807 0.060657 0.036991
0.265115 0.341856 0.054823 0.036968
0.086858 0.185275 0.057881 0.030189
0.758856 0.349455 0.057016 0.035968
0.870029 0.155609 0.058074 0.029329
0.762534 0.383796 0.055570 0.030089
0.160911 0.536146 0.053395 0.035175
0.563028 0.317328 0.056920 0.032423
0.360657 0.402958 0.061753 0.032037
0.332779 0.815169 0.049873 0.035877
0.283412 0.108258 0.050855 0.039196
0.154272 0.720320 0.052825 0.030710
0.374180 0.224682 0.049671 0.033631
0.641944 0.576589 0.057079 0.032915
0.367560 0.262577 0.060968 0.038511
0.675341 0.140850 0.057616 0.029635
0.472422 0.225767 0.060123 0.033071
0.868142 0.256883 0.052196 0.030826
0.440609 0.830147 0.060499 0.045260
0.069810 0.523435 0.056527 0.033911
0.237648 0.777455 0.058519 0.038774
0.452878 0.498150 0.059669 0.031657
0.244929 0.653139 0.048281 0.034930
0.371897 0.187567 0.051412 0.032286
0.643028 0.614682 0.049636 0.034144
0.347234 0.566932 0.057120 0.030478
0.555082 0.402448 0.062855 0.036359
0.082869 0.223592 0.054919 0.038883
0.473048 0.186939 0.050290 0.035519
0.855715 0.398667 0.056031 0.042818
0.635281 0.727959 0.043621 0.030571
0.083419 0.301823 0.057210 0.040307
0.234765 0.893966 0.059414 0.032926
0.661409 0.326761 0.057136 0.032345
0.182783 0.172184 0.056402 0.029048
0.176972 0.209319 0.051550 0.033379
0.458875 0.327087 0.056402 0.026548
0.158486 0.685174 0.048532 0.033175
0.742681 0.581585 0.056775 0.033450
0.439684 0.671225 0.047244 0.034409
0.549040 0.560477 0.049607 0.037587
0.172983 0.355780 0.050732 0.036126
0.550552 0.441071 0.049850 0.036331
0.670387 0.251818 0.052176 0.035218
0.762223 0.233212 0.056943 0.029314
0.567438 0.234887 0.047845 0.037405
0.473347 0.148472 0.057348 0.037947
0.075727 0.377398 0.045413 0.028254
0.088824 0.106440 0.043901 0.031333
0.152079 0.753741 0.052089 0.030330
0.533086 0.757137 0.057057 0.026179
0.065214 0.666651 0.049616 0.038558
0.631525 0.796500 0.043090 0.030120
0.162201 0.573396 0.052537 0.030060
0.537236 0.791728 0.057431 0.031351
0.776368 0.080505 0.062504 0.035449
0.547131 0.481400 0.050578 0.037223
0.083538 0.146836 0.048562 0.038425
0.673711 0.109851 0.051352 0.026281
0.441376 0.707076 0.047849 0.033670
0.358842 0.369555 0.049147 0.027427
0.264302 0.385347 0.046929 0.036368
0.763699 0.270727 0.051142 0.037867
0.846093 0.611454 0.054645 0.031482
0.248182 0.572412 0.045608 0.029450
0.869720 0.084436 0.055136 0.032390
0.182223 0.249426 0.055217 0.035730
0.734523 0.883115 0.057117 0.027191
0.847611 0.647680 0.052053 0.032186
0.165175 0.389655 0.055806 0.024087
0.164224 0.496071 0.048187 0.033820
0.844102 0.687781 0.045203 0.040778
0.853473 0.473826 0.063228 0.025222
0.527803 0.871577 0.054684 0.029535
0.671123 0.212822 0.059908 0.034344
0.456098 0.392573 0.047205 0.033337
0.575000 0.158169 0.055470 0.033388
0.166731 0.457229 0.052852 0.028348
0.655089 0.464914 0.056989 0.037126
0.663971 0.289372 0.042916 0.032756
0.658717 0.426817 0.058750 0.031271
0.742059 0.616701 0.049822 0.032581
0.562170 0.277247 0.044737 0.034472
0.840528 0.544392 0.069629 0.035080
0.273706 0.233993 0.047388 0.029936
0.574012 0.117122 0.059743 0.042819
0.861660 0.324743 0.053343 0.029998
0.091241 0.068605 0.053558 0.033194
0.767938 0.158282 0.067401 0.039275
0.842094 0.730494 0.049616 0.035409
0.841301 0.801372 0.049134 0.031233
0.256016 0.537364 0.047118 0.031452
0.259625 0.501323 0.049305 0.030993
0.731765 0.805852 0.047218 0.043399
0.344892 0.603725 0.052297 0.035539
0.469561 0.290942 0.056700 0.031884
0.452256 0.533105 0.061743 0.030838
0.761437 0.312753 0.048182 0.034328
0.281126 0.150340 0.044778 0.036900
0.373384 0.108964 0.057117 0.025812
0.355803 0.461957 0.060874 0.033460
0.270515 0.268606 0.056969 0.026463
0.634861 0.762306 0.049413 0.030097
0.546533 0.597753 0.060937 0.025084
0.334111 0.774865 0.051918 0.032537
0.371184 0.302301 0.056502 0.029851
0.085443 0.263754 0.050740 0.033778
0.077177 0.449232 0.059544 0.031039
0.749132 0.514928 0.043715 0.033666
0.438234 0.868314 0.061508 0.028422
0.866683 0.120451 0.048916 0.029226
0.344979 0.533748 0.044861 0.030747
0.256405 0.463815 0.047422 0.034436
0.755544 0.415490 0.050226 0.030826
0.650395 0.503762 0.056482 0.030460
0.670996 0.077950 0.061333 0.030492
0.853512 0.439258 0.045501 0.031998
0.467549 0.258590 0.043483 0.030466
0.541512 0.658544 0.037539 0.027073
0.285288 0.070609 0.046950 0.031096
0.528378 0.908012 0.050521 0.035481
0.747997 0.479283 0.052137 0.028956
0.734269 0.914753 0.057338 0.029932
0.330723 0.854128 0.056695 0.026509
0.475979 0.110500 0.059966 0.034291
0.066278 0.602607 0.053305 0.024979
0.440660 0.636711 0.055447 0.026815
0.247704 0.610333 0.046574 0.040474
0.232756 0.862049 0.048910 0.025664
0.177498 0.314610 0.046813 0.032073
0.768745 0.197310 0.051698 0.037366
0.269035 0.301616 0.054944 0.032715
0.651804 0.538490 0.050725 0.033489
0.640147 0.653640 0.044226 0.032970
0.834617 0.874980 0.060275 0.024240
0.670391 0.176097 0.056869 0.033502
0.325289 0.894829 0.050163 0.036901
0.341529 0.644184 0.040170 0.036563
0.752609 0.448205 0.043817 0.030216
0.658541 0.393243 0.049165 0.033181
0.333021 0.738749 0.046563 0.030431
0.148928 0.788362 0.052971 0.027560
0.141265 0.893664 0.052847 0.033087
0.073052 0.486267 0.046059 0.031542
0.061246 0.785438 0.043343 0.032825
0.263149 0.425113 0.041396 0.028967
0.742824 0.694994 0.042315 0.036345
0.630621 0.860579 0.045068 0.021862
0.056636 0.823110 0.044542 0.034261
0.158408 0.611997 0.041640 0.037176
0.059418 0.745324 0.049405 0.034509
0.549750 0.520512 0.055073 0.037894
0.338933 0.678747 0.062278 0.027186
0.832012 0.910760 0.049071 0.034692
0.365300 0.336577 0.048925 0.029382
0.061809 0.706578 0.048177 0.031787
0.381886 0.074195 0.058500 0.030173
0.841756 0.767177 0.042995 0.030989
0.534895 0.728123 0.044079 0.025360
0.542874 0.625950 0.038743 0.028886
0.339091 0.708269 0.046957 0.030894
0.862013 0.293507 0.040354 0.029587
0.857075 0.358881 0.044720 0.030305
0.180063 0.099279 0.042064 0.025582
0.061920 0.899752 0.045198 0.031656
0.633390 0.887943 0.052513 0.025973
0.771023 0.118427 0.051415 0.038367
0.146947 0.856405 0.041251 0.025797
0.062914 0.631327 0.036703 0.019593
0.845666 0.578705 0.047594 0.028314
0.148435 0.822357 0.037114 0.033215
0.865735 0.224248 0.046613 0.029382
0.748785 0.549126 0.049381 0.028891
0.058562 0.862556 0.045994 0.035836
0.238137 0.823198 0.048461 0.044192
0.153734 0.649764 0.045553 0.028249
0.482845 0.075022 0.056668 0.029881
0.576311 0.079143 0.043177 0.033515
0.181239 0.068269 0.039089 0.030776
0.177592 0.283714 0.037204 0.021235
0.632531 0.916941 0.041625 0.025069
0.376525 0.155909 0.051800 0.022824
0.360116 0.433029 0.057555 0.022434
0.373744 0.132996 0.048703 0.019305
0.435993 0.913444 0.052524 0.030408
0.434299 0.893827 0.052449 0.020639
0.780902 0.609290 0.025273 0.015437
