0.067202 0.520176 0.065704 0.040596
0.484389 0.720075 0.060294 0.040993
0.271277 0.894743 0.058947 0.038906
0.067014 0.478995 0.059270 0.038498
0.594817 0.678373 0.054528 0.038135
0.376924 0.833587 0.051887 0.034296
0.592508 0.634901 0.064586 0.041162
0.269176 0.930220 0.062397 0.031206
0.487102 0.791231 0.056984 0.028958
0.376926 0.595839 0.065286 0.042458
0.491603 0.391223 0.058915 0.043789
0.391070 0.181453 0.061919 0.039936
0.482286 0.678562 0.057588 0.040946
0.484341 0.759002 0.051303 0.032809
0.162577 0.852585 0.058778 0.039621
0.485549 0.850046 0.056597 0.033536
0.498443 0.345441 0.058254 0.040519
0.275369 0.419479 0.061406 0.043290
0.581395 0.935265 0.059239 0.037336
0.165225 0.927041 0.061396 0.036420
0.177218 0.304361 0.058555 0.038929
0.389095 0.381844 0.054065 0.038425
0.725405 0.186258 0.060251 0.029967
0.379183 0.716797 0.055650 0.041749
0.938561 0.260812 0.052308 0.034553
0.581068 0.865360 0.066417 0.040515
0.499168 0.303020 0.054761 0.042332
0.173451 0.109848 0.058532 0.043698
0.939136 0.109573 0.065550 0.040295
0.171018 0.591787 0.059711 0.046779
0.943628 0.065994 0.060670 0.037317
0.273277 0.827172 0.057954 0.037492
0.931253 0.521805 0.051067 0.035345
0.388959 0.220675 0.059705 0.039633
0.067529 0.655626 0.063929 0.045121
0.723577 0.348477 0.059051 0.045631
0.276805 0.635075 0.067104 0.031240
0.069642 0.701813 0.059143 0.038534
0.503675 0.175863 0.044183 0.036169
0.175320 0.386672 0.055304 0.036743
0.063233 0.935834 0.054007 0.039099
0.275962 0.494734 0.059386 0.034946
0.832310 0.204580 0.048326 0.033748
0.269455 0.963424 0.056638 0.035817
0.065333 0.742854 0.056780 0.039866
0.064323 0.863391 0.066929 0.036173
0.280636 0.257065 0.071922 0.043498
0.939123 0.222557 0.048589 0.037106
0.070759 0.781848 0.061830 0.041230
0.483592 0.552161 0.056919 0.035388
0.397477 0.064662 0.052819 0.041386
0.176418 0.346837 0.049870 0.040455
0.391722 0.139800 0.053755 0.037155
0.377062 0.759924 0.049445 0.040873
0.938712 0.185576 0.047817 0.033178
0.380352 0.639521 0.060164 0.040485
0.386096 0.341942 0.048830 0.037021
0.503098 0.097614 0.059734 0.031297
0.380033 0.899903 0.059923 0.038262
0.617987 0.103788 0.046562 0.033164
0.485547 0.887454 0.046234 0.039823
0.499976 0.216760 0.059219 0.037323
0.287083 0.296991 0.057437 0.034187
0.931567 0.339098 0.061976 0.042100
0.171522 0.680448 0.068141 0.043810
0.831009 0.168476 0.048322 0.030947
0.072485 0.268443 0.053776 0.046358
0.387209 0.261420 0.048213 0.041389
0.480656 0.635756 0.064222 0.040866
0.165647 0.809836 0.050552 0.044550
0.176954 0.181558 0.048194 0.036486
0.068080 0.607824 0.051407 0.046690
0.178236 0.219648 0.048866 0.038126
0.275079 0.598704 0.052075 0.035435
0.584068 0.746038 0.066377 0.034786
0.931050 0.489657 0.047701 0.030011
0.608986 0.364668 0.058713 0.036157
0.934857 0.297008 0.049908 0.038591
0.580404 0.901305 0.058428 0.032824
0.385201 0.303871 0.051545 0.038498
0.927654 0.557842 0.063612 0.036000
0.486714 0.485107 0.049786 0.044661
0.058936 0.825200 0.068277 0.039016
0.274748 0.533615 0.049007 0.040350
0.285440 0.052912 0.054665 0.038367
0.602599 0.590247 0.053329 0.041606
0.926094 0.640783 0.058526 0.043012
0.067519 0.317320 0.051280 0.043670
0.165493 0.889711 0.055408 0.034360
0.487261 0.438064 0.048749 0.045113
0.718488 0.257776 0.049844 0.036625
0.069171 0.221490 0.053065 0.042554
0.382493 0.678047 0.061226 0.037317
0.613914 0.171923 0.044536 0.028640
0.601528 0.474906 0.057707 0.035898
0.172946 0.263133 0.076805 0.042429
0.172222 0.465918 0.055815 0.040328
0.289460 0.209553 0.056201 0.046281
0.172385 0.766436 0.052689 0.039650
0.587440 0.824151 0.044197 0.040332
0.599887 0.512108 0.053118 0.040899
0.478963 0.592012 0.070358 0.042684
0.835825 0.237370 0.046575 0.025984
0.615810 0.139424 0.044165 0.032702
0.276148 0.859921 0.051716 0.027077
0.388672 0.416360 0.051024 0.030253
0.589268 0.784241 0.050782 0.037167
0.175422 0.723480 0.059520 0.044885
0.276853 0.788833 0.054030 0.039450
0.485738 0.820401 0.046158 0.025411
0.176977 0.147716 0.048548 0.026901
0.395032 0.103790 0.043700 0.033957
0.586170 0.971169 0.049786 0.033715
0.175620 0.424264 0.059250 0.037299
0.276448 0.370777 0.054932 0.050724
0.386743 0.487950 0.060786 0.032891
0.284969 0.163916 0.064405 0.038992
0.180911 0.067011 0.050924 0.036665
0.831823 0.268531 0.042321 0.031657
0.380611 0.555383 0.060927 0.037619
0.823067 0.586150 0.051122 0.040077
0.825807 0.378061 0.041516 0.041813
0.275237 0.461425 0.045084 0.033822
0.604884 0.401802 0.044250 0.036252
0.604539 0.436825 0.047673 0.035226
0.826588 0.495211 0.049962 0.047809
0.173635 0.027533 0.070443 0.037174
0.061642 0.898616 0.066441 0.034610
0.828045 0.452868 0.049789 0.032447
0.929620 0.383693 0.047718 0.042791
0.064395 0.970120 0.060378 0.032783
0.622442 0.027563 0.061236 0.037108
0.503370 0.136574 0.045304 0.039468
0.930540 0.455530 0.052089 0.034055
0.378583 0.866668 0.048667 0.026485
0.930237 0.421059 0.046457 0.033137
0.174945 0.508007 0.049917 0.040954
0.382813 0.522095 0.049033 0.030906
0.618126 0.066890 0.046893 0.039040
0.609775 0.269428 0.043330 0.033586
0.283956 0.090059 0.057845 0.037779
0.505342 0.026611 0.060290 0.033163
0.503632 0.063280 0.046334 0.035340
0.070068 0.563023 0.045305 0.037967
0.279433 0.670824 0.051365 0.042755
0.069605 0.356347 0.054195 0.036028
0.612673 0.202575 0.050179 0.031257
0.165680 0.963933 0.050610 0.032966
0.822829 0.631573 0.059936 0.044782
0.386321 0.452016 0.046339 0.038119
0.064866 0.436471 0.058210 0.039841
0.500395 0.260216 0.041171 0.041782
0.825774 0.718747 0.053405 0.051265
0.825173 0.540887 0.049945 0.042987
0.601437 0.552638 0.057445 0.037083
0.725258 0.219752 0.045511 0.029250
0.826682 0.335612 0.044995 0.039132
0.375111 0.799277 0.048114 0.035497
0.287303 0.130309 0.057398 0.037619
0.926696 0.598000 0.045967 0.040284
0.173328 0.548596 0.047365 0.036926
0.715808 0.299915 0.042555 0.042251
0.070021 0.397471 0.044035 0.038676
0.170236 0.637201 0.047024 0.035097
0.822994 0.673954 0.049956 0.037092
0.065470 0.028800 0.058352 0.040875
0.941687 0.028507 0.044691 0.028816
0.825581 0.417080 0.050736 0.033315
0.064312 0.173135 0.054021 0.051576
0.593071 0.712887 0.052821 0.030040
0.383921 0.959127 0.047768 0.035039
0.925407 0.760839 0.056524 0.033992
0.488576 0.520603 0.053116 0.028376
0.480809 0.960478 0.064423 0.045970
0.277712 0.714333 0.055243 0.041727
0.728732 0.146417 0.042703 0.037794
0.829992 0.299515 0.039237 0.029527
0.066738 0.077149 0.044292 0.048657
0.384130 0.930011 0.056968 0.025403
0.475221 0.924435 0.071035 0.028715
0.275449 0.752883 0.046223 0.036827
0.611963 0.234858 0.045645 0.032918
0.065877 0.122883 0.045392 0.040852
0.939714 0.150031 0.045124 0.034824
0.608835 0.326360 0.050976 0.033175
0.396131 0.025373 0.054109 0.036242
0.276271 0.566203 0.040683 0.027100
0.925145 0.722801 0.045684 0.039405
0.730017 0.105790 0.044846 0.041395
0.832593 0.065274 0.040051 0.032214
0.605731 0.298458 0.050418 0.028486
0.924369 0.685413 0.041477 0.037808
0.829445 0.131795 0.036697 0.034531
0.291112 0.019734 0.044393 0.026656
0.830523 0.097508 0.038398 0.031417
0.654697 0.248394 0.044505 0.038406
0.279479 0.329179 0.042552 0.028624
0.658899 0.212446 0.045635 0.034030
0.834300 0.028330 0.038062 0.034187
