0.175411 0.794153 0.058780 0.038604
0.061061 0.794008 0.068422 0.045473
0.179065 0.180417 0.066400 0.037797
0.172621 0.831355 0.061355 0.033781
0.272090 0.582513 0.067609 0.039266
0.069693 0.903452 0.067291 0.040076
0.725818 0.740656 0.063281 0.037376
0.178102 0.755038 0.058225 0.032281
0.063061 0.390647 0.062966 0.036626
0.939460 0.329427 0.052504 0.040180
0.065962 0.429939 0.061777 0.037838
0.282601 0.198049 0.066988 0.036905
0.725945 0.816726 0.069542 0.043261
0.176247 0.102369 0.051057 0.037194
0.282374 0.462839 0.073201 0.048106
0.505045 0.340663 0.062101 0.046779
0.179499 0.611873 0.056539 0.038019
0.287342 0.270983 0.055308 0.034598
0.392515 0.213918 0.065615 0.043049
0.826192 0.377557 0.050389 0.035018
0.283969 0.935445 0.062061 0.035681
0.171744 0.922623 0.056856 0.038652
0.719431 0.301880 0.066653 0.048563
0.178971 0.141233 0.055400 0.039262
0.285512 0.312295 0.071841 0.040705
0.181094 0.718365 0.056028 0.040169
0.177095 0.684336 0.059869 0.027802
0.617544 0.478680 0.068901 0.053359
0.170335 0.413890 0.073478 0.043301
0.180233 0.960636 0.056085 0.036267
0.925835 0.906919 0.055267 0.040416
0.935224 0.261158 0.052871 0.038481
0.284481 0.233673 0.057279 0.034531
0.280763 0.621130 0.059701 0.037521
0.937935 0.221593 0.056770 0.039953
0.824117 0.241829 0.059716 0.043973
0.716678 0.392529 0.070872 0.045083
0.286697 0.354511 0.054543 0.038616
0.180723 0.648740 0.052836 0.037116
0.715738 0.348078 0.057931 0.039016
0.824741 0.341411 0.048507 0.034601
0.623611 0.131430 0.063908 0.034959
0.395628 0.414295 0.060917 0.047490
0.619968 0.598618 0.062893 0.037160
0.830541 0.753363 0.060348 0.040050
0.172364 0.221764 0.061813 0.041765
0.277082 0.540177 0.066660 0.041893
0.728971 0.669552 0.071558 0.032427
0.924107 0.866797 0.050020 0.033468
0.387415 0.166867 0.080242 0.045757
0.279975 0.894900 0.056933 0.042149
0.733334 0.777445 0.066863 0.032974
0.938189 0.367103 0.058490 0.030909
0.611125 0.392062 0.064289 0.039960
0.058775 0.673137 0.065406 0.052262
0.825540 0.707322 0.059824 0.051839
0.170364 0.453419 0.058903 0.036193
0.507755 0.468270 0.069744 0.032838
0.179487 0.577092 0.061115 0.031103
0.062597 0.071355 0.075252 0.045108
0.177203 0.515286 0.062331 0.029992
0.614096 0.171150 0.050450 0.041223
0.834796 0.797436 0.063957 0.044698
0.930787 0.701427 0.049621 0.036075
0.726645 0.636660 0.059795 0.033013
0.053388 0.627265 0.077617 0.035641
0.072586 0.752883 0.073049 0.033454
0.613119 0.431183 0.051296 0.036169
0.941314 0.482024 0.052729 0.031588
0.505743 0.210999 0.068578 0.037242
0.931213 0.738727 0.047451 0.036528
0.729482 0.702736 0.055152 0.033022
0.940475 0.521233 0.049555 0.041011
0.061835 0.506436 0.053158 0.042581
0.066316 0.299670 0.057558 0.035555
0.613048 0.311497 0.060062 0.035821
0.827574 0.278829 0.050579 0.031269
0.065439 0.972059 0.057375 0.036995
0.507930 0.604754 0.065928 0.053024
0.940551 0.561643 0.070750 0.037960
0.176001 0.864464 0.053499 0.031429
0.927706 0.773441 0.050538 0.032685
0.172446 0.296416 0.051729 0.032840
0.727814 0.859487 0.049754 0.037260
0.725137 0.141024 0.054718 0.041627
0.724819 0.185784 0.050221 0.043568
0.507616 0.657610 0.067663 0.051492
0.170066 0.369034 0.053731 0.038861
0.507850 0.383917 0.061054 0.034959
0.826448 0.495663 0.055053 0.037323
0.934930 0.665777 0.060816 0.033420
0.062766 0.717350 0.055150 0.036076
0.391484 0.371814 0.067500 0.038840
0.817863 0.082004 0.080268 0.042293
0.828260 0.413570 0.050645 0.036624
0.928641 0.948561 0.052407 0.040370
0.940069 0.443201 0.054766 0.039060
0.832621 0.873165 0.050680 0.036554
0.276140 0.696464 0.055081 0.048627
0.284552 0.828929 0.057823 0.031422
0.933452 0.183690 0.047712 0.033936
0.938374 0.294603 0.052098 0.028906
0.505800 0.301890 0.047482 0.028598
0.620654 0.559014 0.052483 0.041508
0.728042 0.554078 0.067059 0.045971
0.616193 0.030730 0.063332 0.037101
0.828177 0.198032 0.056093 0.039889
0.723418 0.510196 0.059477 0.041415
0.175123 0.333403 0.052954 0.039419
0.725913 0.596994 0.050312 0.038830
0.936016 0.403580 0.070261 0.039756
0.281555 0.162708 0.048493 0.032816
0.283579 0.127660 0.054080 0.035623
0.176683 0.546574 0.052893 0.031132
0.063594 0.469219 0.049413 0.033623
0.282047 0.969541 0.074956 0.034615
0.724509 0.434073 0.059286 0.039695
0.506616 0.242993 0.063249 0.029873
0.728598 0.102317 0.058132 0.037095
0.281463 0.741144 0.046517 0.036852
0.934564 0.150680 0.045203 0.029656
0.838663 0.837598 0.056855 0.033471
0.729298 0.934671 0.042042 0.032841
0.829058 0.159497 0.054897 0.032892
0.068337 0.347108 0.055332 0.050578
0.720578 0.256871 0.052453 0.037824
0.056782 0.588907 0.059242 0.042441
0.062436 0.548276 0.049582 0.038400
0.393735 0.257403 0.053857 0.041134
0.935229 0.596916 0.054988 0.033344
0.617321 0.520650 0.056462 0.032564
0.829372 0.308881 0.048660 0.027377
0.933928 0.631079 0.044550 0.032264
0.176780 0.067460 0.049373 0.033784
0.831916 0.454180 0.052881 0.045256
0.614094 0.064999 0.049586 0.033022
0.724503 0.968811 0.063972 0.034409
0.831221 0.951546 0.048822 0.041749
0.175302 0.485261 0.060455 0.027925
0.176190 0.261205 0.050340 0.036936
0.063867 0.938448 0.045607 0.032000
0.285173 0.390476 0.057692 0.026217
0.502878 0.271923 0.045720 0.032513
0.835433 0.911356 0.044793 0.035544
0.285842 0.421789 0.059911 0.031107
0.499213 0.172844 0.051875 0.033388
0.825061 0.662540 0.049264 0.036128
0.064373 0.262532 0.047576 0.042613
0.075832 0.180666 0.064370 0.039361
0.614752 0.682368 0.053406 0.043459
0.063348 0.864633 0.055216 0.034014
0.283020 0.858155 0.075730 0.027701
0.721202 0.472865 0.050366 0.032754
0.392883 0.298723 0.054480 0.037123
0.279724 0.088092 0.050306 0.042112
0.822302 0.562432 0.050997 0.032202
0.825881 0.532701 0.046707 0.032271
0.612591 0.210740 0.045215 0.038077
0.617014 0.639337 0.048677 0.040583
0.730097 0.899712 0.049672 0.037659
0.503347 0.425733 0.048152 0.045790
0.508072 0.510096 0.059282 0.044789
0.278791 0.655982 0.054789 0.030480
0.062422 0.835235 0.052309 0.030948
0.730779 0.221497 0.056863 0.027272
0.931432 0.033666 0.048862 0.039014
0.176766 0.892508 0.049174 0.023997
0.822375 0.629116 0.041438 0.031300
0.069660 0.143411 0.044471 0.033404
0.725483 0.065644 0.053474 0.037349
0.064113 0.223635 0.056407 0.035609
0.504964 0.554730 0.061132 0.040615
0.070917 0.110709 0.049577 0.032847
0.282742 0.504054 0.048911 0.031454
0.065084 0.028739 0.053392 0.036282
0.173170 0.031831 0.048689 0.037885
0.498092 0.134036 0.043263 0.037832
0.718852 0.030353 0.056747 0.041013
0.823275 0.595159 0.041977 0.033524
0.610124 0.274469 0.051401 0.037315
0.390291 0.123021 0.047277 0.035183
0.396961 0.333000 0.043599 0.037593
0.616418 0.097912 0.050697 0.031571
0.934942 0.117473 0.049609 0.038303
0.825401 0.035485 0.058753 0.045904
0.279615 0.783434 0.047673 0.042070
0.935417 0.075645 0.050692 0.041903
0.825445 0.123768 0.045070 0.038339
0.497507 0.101489 0.041257 0.028820
0.613755 0.350616 0.066918 0.044354
0.610173 0.244553 0.043529 0.029416
0.279060 0.034139 0.054490 0.040077
0.495146 0.072045 0.041731 0.033529
0.494964 0.032835 0.049713 0.038482
0.284430 0.005830 0.052540 0.011660
0.925753 0.820224 0.047437 0.053025
0.278970 0.048340 0.059763 0.033045
0.992038 0.083604 0.014087 0.038762
0.615686 0.725277 0.050027 0.039655
