0.390274 0.928226 0.078820 0.042761
0.489775 0.873113 0.087052 0.053320
0.493240 0.924863 0.075785 0.046651
0.594059 0.228299 0.074090 0.049733
0.159316 0.394185 0.092855 0.055422
0.165175 0.112554 0.077442 0.050926
0.173343 0.715997 0.076247 0.045974
0.159114 0.166944 0.085944 0.054667
0.714774 0.756963 0.079910 0.052911
0.384168 0.971541 0.077039 0.043076
0.937669 0.476162 0.070258 0.048092
0.276040 0.895493 0.082717 0.046372
0.590303 0.174276 0.077246 0.048813
0.821775 0.490283 0.076802 0.047575
0.495369 0.760294 0.083854 0.054645
0.158821 0.451994 0.087534 0.050716
0.926453 0.116632 0.081509 0.044367
0.931573 0.167989 0.080949 0.051752
0.936565 0.374308 0.076790 0.052378
0.263865 0.164775 0.068661 0.047539
0.062020 0.763715 0.064029 0.055360
0.056957 0.908329 0.076845 0.053125
0.054411 0.500611 0.087703 0.049864
0.375808 0.336816 0.079260 0.042893
0.588036 0.288139 0.082183 0.057066
0.490512 0.703934 0.078750 0.053337
0.929976 0.532220 0.087205 0.054959
0.930281 0.064617 0.075012 0.051353
0.829991 0.921119 0.086952 0.042597
0.941958 0.740462 0.072151 0.051255
0.820601 0.177399 0.066316 0.048550
0.706663 0.118777 0.069833 0.049148
0.489295 0.443336 0.086671 0.049989
0.608364 0.586724 0.083832 0.054787
0.491717 0.817745 0.081059 0.053663
0.490276 0.392567 0.080661 0.046709
0.274649 0.312893 0.090322 0.047896
0.593393 0.120298 0.077956 0.050631
0.937529 0.843991 0.074755 0.045546
0.050586 0.394281 0.074819 0.054785
0.937518 0.794605 0.068126 0.050722
0.162621 0.611642 0.097256 0.052839
0.173564 0.824415 0.080964 0.050943
0.829159 0.872823 0.070860 0.047821
0.378837 0.289690 0.069206 0.048415
0.275895 0.838928 0.086620 0.055476
0.822464 0.229959 0.069356 0.043503
0.493826 0.968568 0.075856 0.038711
0.163991 0.558883 0.080758 0.046794
0.160420 0.226010 0.073902 0.059277
0.049353 0.449350 0.077321 0.038616
0.061283 0.962029 0.076197 0.045976
0.048902 0.173456 0.070750 0.048092
0.931975 0.221632 0.089925 0.050883
0.270559 0.635216 0.084385 0.049720
0.489461 0.545757 0.079497 0.046070
0.271973 0.265637 0.076977 0.045755
0.600184 0.643643 0.073238 0.051163
0.279038 0.939963 0.086179 0.038856
0.601766 0.782599 0.082697 0.042054
0.721348 0.646911 0.078637 0.047877
0.051323 0.340619 0.083525 0.043790
0.488583 0.234094 0.086298 0.050598
0.379205 0.773582 0.083770 0.038962
0.938603 0.930542 0.074049 0.041813
0.935715 0.888886 0.075570 0.040124
0.488872 0.493145 0.073293 0.049264
0.055024 0.662892 0.075038 0.046512
0.933293 0.426060 0.078076 0.049503
0.273873 0.580921 0.088170 0.052187
0.826554 0.438429 0.067905 0.048052
0.713369 0.165224 0.075458 0.036611
0.162686 0.338151 0.078548 0.048832
0.062270 0.713013 0.068259 0.044615
0.376934 0.122338 0.085381 0.059072
0.281774 0.976096 0.066236 0.033047
0.484530 0.290984 0.084021 0.054638
0.933413 0.584940 0.075729 0.045866
0.711868 0.597737 0.071087 0.048258
0.050813 0.604912 0.066736 0.059106
0.714511 0.700593 0.072122 0.053341
0.371852 0.181053 0.083594 0.053085
0.175108 0.872825 0.075165 0.036880
0.174995 0.967020 0.061248 0.046292
0.932758 0.687088 0.070486 0.047862
0.273197 0.727210 0.092880 0.043135
0.832750 0.766435 0.086823 0.046162
0.935930 0.323218 0.073329 0.037108
0.828990 0.819658 0.069606 0.050946
0.389775 0.882987 0.073322 0.044672
0.605386 0.890262 0.074405 0.041777
0.823608 0.387172 0.068008 0.047063
0.377707 0.728198 0.062804 0.045532
0.712078 0.380167 0.090341 0.058393
0.829265 0.967658 0.082775 0.038837
0.831276 0.664684 0.070479 0.042758
0.590696 0.064386 0.064759 0.054090
0.268203 0.066834 0.073876 0.053985
0.048275 0.121071 0.079099 0.049073
0.610415 0.933941 0.083112 0.043673
0.164188 0.665691 0.077649 0.047964
0.813813 0.123269 0.086171 0.051468
0.719799 0.910673 0.075672 0.057802
0.174472 0.920994 0.066415 0.043778
0.704466 0.326061 0.077017 0.040666
0.381218 0.554698 0.073312 0.040838
0.161640 0.062844 0.065785 0.049367
0.828422 0.717806 0.067062 0.051825
0.049084 0.068451 0.071622 0.055116
0.827894 0.275907 0.071678 0.043631
0.371883 0.065610 0.072924 0.051079
0.723959 0.859437 0.079875 0.036659
0.260395 0.214416 0.079155 0.047279
0.602839 0.695218 0.083118 0.043720
0.930767 0.273935 0.068712 0.054991
0.378134 0.676090 0.080448 0.051890
0.497047 0.645717 0.068793 0.051957
0.824766 0.613083 0.078274 0.058728
0.169047 0.768392 0.065167 0.050037
0.705720 0.064414 0.069071 0.056231
0.599702 0.391442 0.074694 0.034324
0.054422 0.227942 0.082379 0.054724
0.714966 0.962766 0.082084 0.045792
0.380126 0.508360 0.066377 0.048287
0.159558 0.281618 0.080014 0.050964
0.273623 0.364732 0.058728 0.049627
0.052162 0.288211 0.070032 0.051213
0.602257 0.838798 0.075470 0.056125
0.377782 0.237058 0.075025 0.055974
0.486752 0.343066 0.062895 0.043229
0.480126 0.120791 0.071606 0.056625
0.271928 0.465952 0.077822 0.053815
0.704662 0.278452 0.070384 0.046111
0.819979 0.066664 0.069629 0.055244
0.276812 0.683991 0.051779 0.040841
0.713081 0.541654 0.077730 0.052712
0.600600 0.537724 0.064864 0.041441
0.488825 0.596025 0.063103 0.042954
0.592504 0.345505 0.055850 0.048215
0.599307 0.490805 0.073702 0.038560
0.823324 0.548894 0.072779 0.054631
0.935735 0.638032 0.058937 0.044000
0.597667 0.437571 0.075217 0.045849
0.939344 0.966442 0.079626 0.027992
0.055290 0.551406 0.058317 0.041430
0.376471 0.384234 0.085491 0.050268
0.271217 0.782002 0.081575 0.053210
0.060761 0.816679 0.078383 0.043475
0.477148 0.178526 0.075939 0.052228
0.265039 0.527423 0.072749 0.050270
0.484238 0.063081 0.071234 0.051639
0.165405 0.508367 0.054344 0.049360
0.713765 0.486134 0.059952 0.052772
0.718722 0.809852 0.053993 0.048258
0.387220 0.829283 0.077704 0.053416
0.607499 0.972313 0.093707 0.036094
0.266544 0.116184 0.059696 0.041118
0.825367 0.334644 0.079581 0.054891
0.275823 0.412730 0.053329 0.038697
0.707983 0.215165 0.066461 0.050747
0.715782 0.434646 0.063457 0.042876
0.384405 0.605224 0.072028 0.051704
0.380923 0.455282 0.072620 0.057125
0.056132 0.858748 0.081367 0.044711
0.600044 0.738646 0.079072 0.045638
