0.622058 0.324440 0.058824 0.035055
0.816192 0.183374 0.064932 0.034917
0.210193 0.381539 0.063280 0.035296
0.818995 0.325050 0.056735 0.033469
0.321105 0.397103 0.054610 0.035557
0.516228 0.278525 0.065734 0.035355
0.619748 0.426047 0.063622 0.031169
0.721021 0.402625 0.051397 0.035472
0.319842 0.359549 0.060471 0.035017
0.517251 0.353024 0.063337 0.030975
0.428250 0.836357 0.065376 0.032334
0.119659 0.462453 0.069978 0.038262
0.820001 0.219373 0.057176 0.036254
0.621646 0.661432 0.062555 0.027364
0.915022 0.671140 0.051888 0.030297
0.519038 0.546807 0.057783 0.035341
0.522461 0.776754 0.057095 0.040931
0.626197 0.897506 0.053204 0.030634
0.628899 0.864357 0.062442 0.030471
0.409496 0.149705 0.058675 0.033942
0.429853 0.799050 0.057944 0.040275
0.819125 0.827330 0.055491 0.034415
0.911822 0.896342 0.057659 0.032905
0.426674 0.873971 0.059788 0.029386
0.820033 0.678591 0.056624 0.028548
0.623736 0.267148 0.051695 0.030589
0.315572 0.469959 0.055434 0.032245
0.512972 0.183522 0.064114 0.030523
0.819806 0.456645 0.053456 0.030156
0.317902 0.276876 0.055010 0.041926
0.119946 0.502712 0.069842 0.035006
0.719087 0.662375 0.054774 0.035339
0.819961 0.286185 0.049237 0.036350
0.915426 0.705276 0.050513 0.030248
0.526728 0.815910 0.062981 0.032674
0.425043 0.720998 0.055043 0.033246
0.718184 0.337515 0.059387 0.028390
0.627271 0.788513 0.054891 0.039857
0.216056 0.629264 0.056834 0.030163
0.722724 0.730013 0.056012 0.031725
0.424757 0.757514 0.053125 0.033693
0.519186 0.507981 0.058424 0.041624
0.732004 0.897601 0.061471 0.030108
0.319381 0.545243 0.054737 0.039331
0.209534 0.343329 0.056492 0.033999
0.618808 0.392105 0.058843 0.027240
0.821888 0.763530 0.061535 0.024993
0.719187 0.304595 0.056569 0.027529
0.417491 0.288308 0.054935 0.036510
0.720078 0.369444 0.057998 0.030203
0.818097 0.421644 0.070662 0.031261
0.211232 0.558771 0.050431 0.037298
0.319940 0.814224 0.050979 0.032631
0.728038 0.802609 0.059973 0.038393
0.820308 0.793368 0.054807 0.028780
0.317494 0.852922 0.071892 0.033894
0.717378 0.625610 0.052659 0.032272
0.321545 0.746007 0.060187 0.034424
0.820492 0.609720 0.051001 0.028724
0.523488 0.696023 0.053036 0.034090
0.426017 0.909447 0.051994 0.034233
0.516283 0.317304 0.050329 0.034378
0.418591 0.511750 0.055055 0.036738
0.214658 0.451955 0.061245 0.032116
0.817752 0.646355 0.055568 0.030351
0.724773 0.840851 0.062671 0.028667
0.207219 0.485966 0.049780 0.032787
0.524837 0.660998 0.054603 0.035496
0.513380 0.415344 0.059672 0.025161
0.118059 0.579956 0.056802 0.032407
0.110936 0.346806 0.052897 0.041190
0.118011 0.613430 0.056097 0.032506
0.721952 0.462456 0.049853 0.030397
0.717894 0.525688 0.055733 0.031569
0.512741 0.148872 0.053826 0.031707
0.626467 0.750353 0.057836 0.029155
0.514896 0.244290 0.067145 0.032954
0.626209 0.588861 0.051935 0.033346
0.412315 0.216067 0.048662 0.031918
0.534555 0.912377 0.060195 0.031564
0.912529 0.527596 0.054759 0.029989
0.628124 0.828020 0.049233 0.031472
0.823060 0.523065 0.046989 0.030602
0.915512 0.489676 0.049953 0.031176
0.115646 0.269541 0.067202 0.038093
0.614664 0.205612 0.056208 0.029800
0.321745 0.644293 0.056756 0.035033
0.422487 0.445515 0.058336 0.034748
0.915308 0.422849 0.049131 0.032547
0.415338 0.413430 0.054032 0.027941
0.914806 0.215178 0.052350 0.029225
0.320799 0.889324 0.052700 0.032060
0.526158 0.879498 0.056690 0.028023
0.314884 0.238397 0.055842 0.032400
0.620225 0.360344 0.048120 0.029222
0.622086 0.463673 0.051620 0.035083
0.819612 0.580259 0.058078 0.025387
0.817434 0.144036 0.056484 0.037055
0.424501 0.682592 0.048180 0.031671
0.208746 0.791299 0.051448 0.031825
0.914389 0.317860 0.052399 0.034069
0.209383 0.521469 0.059004 0.028394
0.419247 0.321895 0.054560 0.034964
0.323092 0.317743 0.051387 0.036884
0.211674 0.756414 0.047873 0.033313
0.210391 0.197824 0.047754 0.028350
0.618953 0.236583 0.048782 0.024371
0.109919 0.384998 0.048761 0.034040
0.525952 0.736175 0.052014 0.039134
0.321036 0.145037 0.065701 0.028268
0.112036 0.422039 0.047788 0.038416
0.625623 0.627441 0.048754 0.032119
0.913494 0.794543 0.050170 0.027242
0.114788 0.231117 0.054994 0.036258
0.912940 0.387523 0.054607 0.028595
0.410752 0.182028 0.046242 0.028706
0.619388 0.498485 0.060389 0.025453
0.913492 0.280988 0.054797 0.030708
0.823873 0.488745 0.055737 0.027922
0.914060 0.353679 0.046375 0.029764
0.914931 0.634249 0.044244 0.033135
0.211604 0.305445 0.064270 0.034559
0.918459 0.184129 0.043199 0.027442
0.323941 0.711176 0.067083 0.030121
0.819230 0.359187 0.045213 0.029157
0.322192 0.434134 0.045802 0.030365
0.209734 0.416346 0.048627 0.026365
0.320726 0.504727 0.049281 0.032921
0.212369 0.720111 0.066602 0.035617
0.721712 0.762489 0.046954 0.029896
0.821406 0.708818 0.057501 0.025974
0.213905 0.233117 0.062630 0.040230
0.912859 0.861066 0.043223 0.033002
0.515780 0.582933 0.045776 0.029901
0.211658 0.166484 0.053482 0.028027
0.915091 0.826047 0.044106 0.029893
0.116933 0.308600 0.059732 0.030697
0.610207 0.142020 0.048257 0.030017
0.314238 0.205360 0.044631 0.032387
0.624948 0.695185 0.048574 0.032580
0.818937 0.253295 0.061383 0.024764
0.219159 0.895556 0.057276 0.028733
0.813560 0.106511 0.058925 0.031741
0.507911 0.112456 0.054676 0.036409
0.719107 0.557907 0.046890 0.028188
0.114189 0.653509 0.052032 0.039348
0.422554 0.639895 0.050947 0.041344
0.517191 0.618253 0.045475 0.036945
0.819124 0.859645 0.065127 0.023691
0.819894 0.388377 0.050536 0.025082
0.915247 0.149424 0.048118 0.030081
0.718814 0.696769 0.045635 0.026392
0.720861 0.435552 0.045588 0.023368
0.718515 0.247381 0.045916 0.025264
0.411679 0.250633 0.050548 0.029285
0.913780 0.561701 0.043148 0.028865
0.419410 0.477920 0.052502 0.024532
0.319262 0.679114 0.049991 0.025486
0.718606 0.591925 0.048763 0.031127
0.628717 0.930913 0.050091 0.030996
0.718320 0.210981 0.046680 0.034552
0.211363 0.595019 0.043184 0.029673
0.616060 0.109789 0.061600 0.031726
0.118548 0.541200 0.049697 0.033758
0.322443 0.928189 0.051375 0.034561
0.320867 0.778507 0.041853 0.031757
0.111698 0.766891 0.048443 0.029483
0.210538 0.271506 0.062520 0.033185
0.620248 0.527656 0.046413 0.025620
0.916281 0.736021 0.040341 0.026770
0.314712 0.583134 0.044954 0.031044
0.914160 0.766075 0.042396 0.027664
0.714248 0.129681 0.053255 0.022347
0.420125 0.553822 0.045855 0.039316
0.217217 0.929181 0.055284 0.033605
0.214707 0.862494 0.045587 0.028160
0.515925 0.214529 0.051744 0.023830
0.916670 0.247056 0.042956 0.025502
0.916052 0.456665 0.041634 0.026030
0.423397 0.597137 0.045638 0.038239
0.912518 0.594832 0.048326 0.030936
0.729578 0.930365 0.050174 0.030411
0.515378 0.385760 0.041781 0.023845
0.518889 0.470732 0.042924 0.029596
0.534452 0.940346 0.060689 0.026489
0.113123 0.847634 0.047836 0.036700
0.113607 0.114902 0.054747 0.034683
0.718916 0.274169 0.039776 0.025460
0.714062 0.104832 0.052113 0.024596
0.718745 0.492936 0.047731 0.024041
0.413611 0.110995 0.046474 0.033842
0.626881 0.721715 0.050161 0.021712
0.319198 0.111129 0.050980 0.033807
0.115431 0.729481 0.045981 0.034111
0.821830 0.551907 0.038872 0.026930
0.115018 0.691380 0.042696 0.035276
0.416788 0.380992 0.041739 0.026496
0.821801 0.737284 0.052027 0.022222
0.213257 0.826130 0.041261 0.031667
0.622596 0.555095 0.040343 0.025843
0.317318 0.174835 0.039827 0.025717
0.320583 0.612838 0.049823 0.020971
0.206382 0.136560 0.041051 0.025653
0.114199 0.802605 0.046765 0.033289
0.523879 0.849737 0.048326 0.021893
0.206630 0.109282 0.043755 0.026140
0.823466 0.915264 0.047816 0.023599
0.916409 0.113461 0.044545 0.033261
0.623278 0.294230 0.044609 0.019838
0.115321 0.147495 0.050110 0.024300
0.212021 0.661036 0.060931 0.024338
0.523219 0.442422 0.053063 0.021123
0.716047 0.154185 0.046626 0.024147
0.614179 0.174147 0.061624 0.030272
0.731090 0.868661 0.055033 0.019732
0.212512 0.689928 0.046702 0.027853
0.417285 0.354823 0.042009 0.022003
0.719006 0.179180 0.054292 0.020618
0.917491 0.929218 0.048478 0.021432
0.823733 0.887036 0.048317 0.026190
0.824927 0.939489 0.048162 0.018982
0.119487 0.198471 0.055463 0.024545
0.118643 0.173132 0.059950 0.027319
0.587169 0.033868 0.058121 0.033588
0.423807 0.939024 0.049239 0.021397
