0.508531 0.502965 0.070978 0.053005
0.935937 0.104932 0.088821 0.050022
0.071448 0.671510 0.077341 0.047810
0.510178 0.402940 0.074548 0.052407
0.508056 0.352002 0.072382 0.046283
0.507113 0.103123 0.073048 0.054493
0.719075 0.468096 0.072768 0.049089
0.289633 0.666420 0.084636 0.047624
0.504915 0.604399 0.072202 0.052201
0.818420 0.667460 0.083743 0.044283
0.933369 0.476813 0.074735 0.050879
0.505530 0.156831 0.088454 0.049669
0.067790 0.723729 0.082683 0.048897
0.934030 0.052036 0.076355 0.049938
0.606058 0.213952 0.075112 0.051184
0.281846 0.268383 0.089813 0.048575
0.176717 0.638983 0.083909 0.049833
0.069537 0.619181 0.075687 0.044821
0.392441 0.289990 0.093443 0.042734
0.929907 0.653211 0.088013 0.058855
0.502850 0.554020 0.089754 0.046704
0.931208 0.377696 0.084248 0.048552
0.937823 0.264110 0.069133 0.052239
0.279969 0.724298 0.073267 0.049856
0.179508 0.969453 0.084860 0.046308
0.507507 0.298218 0.070425 0.053737
0.280618 0.777717 0.068667 0.050464
0.612170 0.265026 0.076942 0.044675
0.280657 0.441097 0.071539 0.049570
0.614319 0.916381 0.081314 0.050576
0.503877 0.206231 0.080340 0.042862
0.824951 0.319221 0.076522 0.047698
0.614583 0.866223 0.088079 0.046126
0.176475 0.265024 0.082484 0.047435
0.277846 0.613028 0.085119 0.044220
0.508543 0.706401 0.087514 0.053804
0.393606 0.342190 0.082458 0.054165
0.612770 0.097187 0.080400 0.049041
0.282619 0.157755 0.088770 0.055637
0.279035 0.500029 0.097964 0.058817
0.822112 0.265070 0.084209 0.056965
0.069170 0.461276 0.089722 0.046117
0.504516 0.757066 0.078431 0.046192
0.067845 0.514112 0.077872 0.050955
0.825148 0.559429 0.073592 0.044616
0.924880 0.812324 0.082736 0.044756
0.825654 0.414465 0.079743 0.043155
0.609920 0.157756 0.097864 0.061430
0.927476 0.907854 0.079601 0.043109
0.178674 0.429893 0.076681 0.045726
0.929695 0.591342 0.081511 0.059723
0.171955 0.374704 0.093035 0.059923
0.178523 0.917457 0.066215 0.047517
0.285336 0.102547 0.064035 0.049143
0.284130 0.051252 0.079262 0.047303
0.280680 0.558474 0.087066 0.051894
0.393137 0.397227 0.065325 0.046944
0.395082 0.232778 0.081537 0.060614
0.396136 0.925549 0.071207 0.047874
0.615753 0.318956 0.073309 0.059967
0.171876 0.112509 0.081300 0.047400
0.174774 0.481133 0.080345 0.046452
0.721667 0.306184 0.067976 0.054818
0.068641 0.256617 0.086391 0.049086
0.061006 0.880169 0.074221 0.045957
0.506481 0.453265 0.070806 0.044271
0.063054 0.048275 0.083841 0.043094
0.611118 0.494925 0.072736 0.055894
0.511332 0.049398 0.075681 0.046706
0.168963 0.163083 0.078371 0.048096
0.506426 0.960063 0.088515 0.046249
0.932741 0.321998 0.076615 0.051177
0.820415 0.613080 0.064930 0.051059
0.390188 0.604277 0.077700 0.054039
0.927786 0.709323 0.074675 0.049275
0.501734 0.656318 0.055484 0.042304
0.390643 0.715732 0.076198 0.054206
0.724968 0.254058 0.062675 0.046075
0.935642 0.209829 0.073858 0.053676
0.279773 0.833410 0.073548 0.046370
0.503653 0.865675 0.068671 0.048266
0.178509 0.317679 0.074515 0.049345
0.397418 0.826445 0.072874 0.050736
0.935403 0.955436 0.077260 0.043617
0.511316 0.249842 0.082181 0.032474
0.929904 0.760116 0.068449 0.051366
0.068275 0.146858 0.070014 0.043107
0.065820 0.567038 0.065396 0.048900
0.722437 0.364660 0.062818 0.051319
0.176318 0.756474 0.083068 0.056608
0.609267 0.598214 0.075033 0.043946
0.065600 0.406906 0.076471 0.061537
0.608568 0.435108 0.089306 0.056705
0.394770 0.445336 0.076256 0.040486
0.388994 0.657107 0.075350 0.046946
0.287186 0.975756 0.078298 0.038101
0.061767 0.778136 0.081904 0.045875
0.281526 0.382172 0.070804 0.054387
0.176899 0.584615 0.060335 0.046817
0.610344 0.649346 0.063729 0.051253
0.616392 0.753586 0.062664 0.049429
0.825551 0.100525 0.071406 0.047848
0.284730 0.323155 0.063374 0.051834
0.827072 0.046752 0.073093 0.042067
0.287140 0.214998 0.082833 0.050758
0.822133 0.715989 0.068718 0.045282
0.828881 0.511418 0.068265 0.046081
0.934331 0.532129 0.071808 0.050019
0.291034 0.937985 0.072361 0.034478
0.287340 0.891391 0.069891 0.049135
0.936989 0.156341 0.080193 0.044235
0.392018 0.544980 0.074358 0.053133
0.830498 0.463582 0.074949 0.040148
0.724493 0.415546 0.059458 0.047182
0.502426 0.811428 0.068849 0.052647
0.828000 0.202173 0.080615 0.058818
0.727179 0.170707 0.074654 0.047015
0.728623 0.117602 0.076338 0.048394
0.073416 0.097521 0.082635 0.041247
0.399183 0.771979 0.089599 0.052134
0.069212 0.828159 0.066316 0.047301
0.928325 0.862081 0.062034 0.046318
0.180520 0.812501 0.076257 0.054140
0.068106 0.201596 0.072983 0.050473
0.173814 0.058905 0.080207 0.058708
0.064863 0.305814 0.073494 0.045352
0.175700 0.533234 0.063319 0.047420
0.178728 0.696690 0.063166 0.055886
0.068102 0.351078 0.065375 0.041008
0.181500 0.865338 0.082773 0.044761
0.830831 0.147119 0.066957 0.034679
0.722797 0.523458 0.078151 0.052297
0.616671 0.047342 0.068517 0.043629
0.614448 0.378098 0.071300 0.047647
0.615181 0.811995 0.071328 0.057418
0.067159 0.926741 0.081566 0.042049
0.613685 0.549500 0.085966 0.046369
0.071765 0.972710 0.083812 0.037088
0.401790 0.968328 0.057331 0.039261
0.397176 0.108086 0.068461 0.041805
0.615760 0.965097 0.060885 0.044474
0.612618 0.702411 0.057200 0.045264
0.398215 0.054320 0.083136 0.060542
0.399723 0.166124 0.067415 0.059699
0.822823 0.763244 0.058155 0.046806
0.393364 0.491126 0.072453 0.052698
0.824891 0.369295 0.048974 0.042484
0.508419 0.913870 0.049790 0.043022
0.174310 0.215029 0.058816 0.048505
0.399415 0.875586 0.061311 0.042786
0.926255 0.425645 0.065298 0.041386
0.725786 0.211650 0.072856 0.021114
