0.275273 0.203884 0.064255 0.044993
0.819855 0.925154 0.065965 0.033728
0.493063 0.176067 0.065056 0.046365
0.709694 0.874661 0.070993 0.050258
0.058322 0.452795 0.071474 0.041889
0.814410 0.240362 0.069761 0.043491
0.592855 0.310722 0.075516 0.042105
0.931485 0.433383 0.070847 0.036586
0.715972 0.341811 0.069930 0.047449
0.590933 0.354662 0.070986 0.040105
0.820545 0.326371 0.073285 0.048025
0.818188 0.075588 0.063512 0.041005
0.489112 0.256128 0.065819 0.037198
0.929711 0.297207 0.060255 0.038696
0.815912 0.797484 0.074023 0.039707
0.715751 0.298425 0.083673 0.038326
0.930496 0.259467 0.064604 0.030631
0.266931 0.396589 0.068458 0.046492
0.815990 0.282719 0.068065 0.037640
0.931263 0.470726 0.066206 0.035827
0.264269 0.653788 0.072926 0.045352
0.498555 0.128086 0.068381 0.043758
0.165659 0.128257 0.074297 0.039108
0.157924 0.298337 0.062299 0.037735
0.369781 0.525034 0.067681 0.037214
0.708826 0.545527 0.078461 0.042650
0.712333 0.070230 0.082811 0.042552
0.705868 0.637599 0.063025 0.047393
0.483379 0.708662 0.057842 0.036119
0.709024 0.920662 0.073900 0.038613
0.704859 0.739067 0.071939 0.048264
0.275508 0.160304 0.069743 0.040231
0.831298 0.968409 0.075026 0.044924
0.820095 0.116270 0.073203 0.036055
0.936749 0.223021 0.081445 0.040054
0.816286 0.839409 0.065014 0.040201
0.489154 0.218078 0.068436 0.036866
0.820810 0.160180 0.074363 0.046117
0.702349 0.824753 0.069533 0.043868
0.168392 0.557740 0.069581 0.041673
0.712461 0.388322 0.068995 0.042923
0.818274 0.509864 0.056279 0.037846
0.819205 0.884119 0.060879 0.042576
0.157072 0.210624 0.062623 0.044019
0.818214 0.671272 0.069177 0.042281
0.822604 0.199955 0.055732 0.032967
0.924057 0.678003 0.078278 0.042518
0.480902 0.837889 0.071163 0.034935
0.601552 0.198300 0.070374 0.032952
0.816518 0.716884 0.057705 0.043954
0.716427 0.113019 0.078519 0.041172
0.936311 0.343722 0.082092 0.044157
0.933678 0.940770 0.081628 0.038259
0.168516 0.646800 0.062676 0.041439
0.174471 0.600633 0.068813 0.040857
0.163149 0.085972 0.060803 0.043606
0.263163 0.482620 0.069885 0.039773
0.485006 0.795040 0.057583 0.042923
0.587143 0.888008 0.068601 0.031576
0.714712 0.964199 0.077763 0.045916
0.172410 0.688468 0.069809 0.040527
0.590081 0.802735 0.065854 0.032174
0.379322 0.639364 0.079432 0.036237
0.823495 0.553403 0.087100 0.044792
0.932216 0.754979 0.075224 0.040263
0.603547 0.156807 0.066075 0.043310
0.066656 0.148062 0.062751 0.049719
0.373443 0.485347 0.061808 0.039454
0.920183 0.586649 0.064667 0.043069
0.824535 0.407745 0.059590 0.042247
0.375841 0.324341 0.057681 0.047156
0.587716 0.718476 0.074214 0.044428
0.167818 0.856127 0.064434 0.045430
0.377071 0.561613 0.064075 0.033800
0.269918 0.747087 0.059662 0.039406
0.821461 0.757820 0.073952 0.034311
0.710969 0.688771 0.069325 0.045687
0.820040 0.471918 0.072039 0.030992
0.928371 0.827802 0.079246 0.036296
0.584515 0.764281 0.065835 0.039681
0.600962 0.270460 0.057446 0.034337
0.809013 0.630430 0.066777 0.040545
0.934561 0.131452 0.085097 0.044070
0.483279 0.749108 0.058113 0.044172
0.711842 0.783305 0.080351 0.038233
0.479149 0.359684 0.069888 0.032972
0.376711 0.367578 0.062711 0.040335
0.586021 0.846404 0.057836 0.047741
0.489383 0.930035 0.068806 0.041029
0.267819 0.346945 0.058006 0.046591
0.277345 0.076057 0.060434 0.040915
0.712674 0.590255 0.066973 0.038870
0.261593 0.702560 0.055009 0.046141
0.591741 0.393748 0.073402 0.034292
0.052752 0.502229 0.068130 0.043014
0.934733 0.177910 0.055862 0.045632
0.599759 0.114360 0.065891 0.039102
0.484479 0.624593 0.063433 0.048061
0.596652 0.235623 0.069910 0.036667
0.372533 0.601409 0.070984 0.038173
0.051437 0.361327 0.069891 0.047325
0.057559 0.276227 0.063709 0.038932
0.052088 0.409502 0.063312 0.041035
0.060990 0.198649 0.068642 0.045673
0.708316 0.427768 0.082949 0.031086
0.931887 0.866213 0.075861 0.033618
0.376282 0.446113 0.072494 0.034939
0.593949 0.931803 0.082120 0.042322
0.267567 0.793839 0.066507 0.049345
0.593869 0.672677 0.073267 0.041567
0.270890 0.294548 0.058307 0.050690
0.155449 0.256810 0.054992 0.042902
0.370555 0.923859 0.061584 0.047074
0.172529 0.901701 0.075668 0.037943
0.596691 0.436405 0.067218 0.042563
0.373164 0.277096 0.055670 0.042657
0.166272 0.471635 0.070897 0.046819
0.276771 0.116388 0.058267 0.041900
0.265430 0.522906 0.070593 0.039174
0.051954 0.316400 0.054962 0.040189
0.705219 0.504951 0.056889 0.040907
0.713507 0.226809 0.057557 0.043904
0.714043 0.152174 0.076444 0.039502
0.384537 0.085016 0.069205 0.041718
0.260661 0.849502 0.061506 0.051937
0.927856 0.082126 0.066306 0.053901
0.376810 0.682722 0.059394 0.040345
0.270054 0.248446 0.063363 0.037027
0.161372 0.339402 0.055613 0.039655
0.826096 0.367842 0.060283 0.033050
0.804802 0.033495 0.071148 0.037543
0.379727 0.408186 0.065022 0.040809
0.261713 0.609839 0.058817 0.034978
0.069065 0.097749 0.069340 0.039375
0.708476 0.463045 0.072803 0.033293
0.487023 0.884673 0.065104 0.049181
0.369123 0.793625 0.058945 0.042269
0.061281 0.851830 0.057222 0.050932
0.921471 0.035476 0.069987 0.040349
0.068429 0.899859 0.072075 0.035644
0.261022 0.439107 0.065597 0.036339
0.380149 0.967006 0.075793 0.039268
0.376686 0.238734 0.065595 0.029429
0.056803 0.543992 0.058329 0.040185
0.492701 0.035754 0.067976 0.044445
0.163948 0.168142 0.066295 0.035199
0.929869 0.545754 0.054401 0.032038
0.258142 0.901966 0.051992 0.043914
0.493907 0.082910 0.053181 0.046369
0.817074 0.592596 0.067692 0.032642
0.175705 0.966616 0.081248 0.036808
0.925275 0.793679 0.091287 0.034594
0.488634 0.491091 0.076964 0.037078
0.069816 0.936661 0.065454 0.034477
0.263383 0.568441 0.054332 0.044106
0.371806 0.751210 0.057917 0.035614
0.166477 0.516362 0.053020 0.042025
0.482121 0.669126 0.052543 0.034655
0.054503 0.765027 0.066461 0.038795
0.486686 0.404567 0.068842 0.050041
0.046649 0.634989 0.049634 0.044858
0.930328 0.632966 0.045403 0.042446
0.486711 0.290849 0.057195 0.026522
0.048797 0.720798 0.049097 0.048313
0.926420 0.901773 0.056229 0.035908
0.704387 0.029850 0.071473 0.032905
0.933808 0.718090 0.056769 0.033293
0.373403 0.879673 0.071764 0.041224
0.378711 0.164133 0.076129 0.033977
0.059740 0.045052 0.064130 0.058545
0.171597 0.737495 0.065456 0.049143
0.057983 0.804730 0.057227 0.035244
0.369419 0.836242 0.056945 0.043952
0.925582 0.509084 0.090935 0.038463
0.486676 0.323012 0.049777 0.038002
0.715598 0.186502 0.063404 0.031725
0.380490 0.719358 0.077174 0.026953
0.258750 0.952678 0.055785 0.047155
0.598346 0.074010 0.070612 0.036113
0.491645 0.536749 0.090070 0.049008
0.823492 0.441922 0.059966 0.023716
0.056901 0.238120 0.070066 0.032768
0.170152 0.811789 0.061275 0.035879
0.383434 0.039606 0.055095 0.047764
0.495921 0.450232 0.080008 0.042661
0.479551 0.578555 0.053761 0.033554
0.171121 0.423896 0.086826 0.044824
0.051624 0.588559 0.048963 0.039757
0.163320 0.040818 0.052392 0.041620
0.171769 0.380971 0.073652 0.041241
0.481296 0.968480 0.072538 0.036108
0.277875 0.035636 0.067214 0.038467
0.596354 0.629180 0.064071 0.045079
0.178869 0.778668 0.070551 0.028837
0.589561 0.970367 0.076904 0.037006
0.925166 0.975266 0.064693 0.031893
0.716587 0.263187 0.072719 0.025647
0.070055 0.967120 0.066892 0.031662
0.597906 0.485577 0.064636 0.051960
0.170633 0.934658 0.058626 0.028082
0.941921 0.387852 0.076431 0.040882
0.049921 0.677003 0.044374 0.034528
0.597391 0.035638 0.056052 0.035884
0.592350 0.590567 0.055020 0.034000
0.602599 0.531186 0.074268 0.043515
0.382079 0.124973 0.069584 0.039368
0.379756 0.201265 0.069807 0.038445
0.597543 0.554758 0.070002 0.037057
