0.496828 0.335216 0.060170 0.038110
0.610279 0.233383 0.057411 0.037321
0.709287 0.956268 0.071796 0.042864
0.823411 0.322388 0.057152 0.036810
0.931817 0.237249 0.064899 0.033552
0.709627 0.327478 0.073666 0.042481
0.825070 0.220514 0.059990 0.036896
0.826334 0.285974 0.066958 0.033356
0.928249 0.198563 0.063793 0.034793
0.392009 0.227316 0.065695 0.045156
0.597478 0.771541 0.069168 0.039985
0.714044 0.450471 0.062865 0.039662
0.710949 0.371757 0.061068 0.040518
0.715043 0.605145 0.061970 0.039328
0.932795 0.326343 0.048655 0.039374
0.825364 0.113290 0.067203 0.040261
0.928980 0.865900 0.054160 0.041331
0.598157 0.654758 0.069735 0.042500
0.715356 0.525383 0.058762 0.037127
0.823592 0.184472 0.061651 0.033416
0.822960 0.881980 0.056798 0.035882
0.608521 0.411405 0.069920 0.036844
0.285139 0.225299 0.051335 0.043692
0.284343 0.183848 0.055196 0.038675
0.495843 0.404824 0.072133 0.036477
0.724176 0.072247 0.062773 0.034564
0.067157 0.772772 0.058537 0.041671
0.387872 0.922739 0.068992 0.035600
0.819105 0.560028 0.055197 0.042409
0.390283 0.385257 0.054554 0.031285
0.820512 0.598872 0.048340 0.034408
0.722944 0.108508 0.051186 0.035149
0.615987 0.134309 0.055558 0.036479
0.285654 0.108087 0.053490 0.040401
0.398310 0.062169 0.058923 0.033179
0.610749 0.030822 0.076023 0.042992
0.498162 0.296811 0.053732 0.034428
0.387819 0.657839 0.057516 0.035309
0.823662 0.029436 0.077974 0.037863
0.715272 0.488257 0.056882 0.035759
0.503184 0.148560 0.062237 0.041490
0.812177 0.479247 0.074282 0.042899
0.929725 0.281697 0.059099 0.048765
0.493352 0.578326 0.071103 0.046000
0.503443 0.948759 0.058286 0.030412
0.932335 0.122432 0.051833 0.044187
0.171714 0.223135 0.053964 0.039246
0.066198 0.291705 0.078223 0.040546
0.823268 0.358451 0.054540 0.030674
0.497132 0.370539 0.067520 0.031488
0.927726 0.902091 0.057035 0.032912
0.388248 0.732622 0.049663 0.032090
0.496498 0.787742 0.057075 0.036914
0.826501 0.518433 0.061318 0.035565
0.717464 0.258512 0.051989 0.034328
0.494930 0.671537 0.057577 0.038334
0.712471 0.719075 0.058705 0.041762
0.497962 0.190393 0.055045 0.038799
0.820712 0.632813 0.054503 0.032217
0.827567 0.253718 0.046548 0.031603
0.075027 0.492072 0.054978 0.035543
0.285039 0.410900 0.050515 0.039288
0.934163 0.744701 0.074091 0.048074
0.824173 0.396679 0.057319 0.042261
0.827562 0.956743 0.053968 0.041044
0.707046 0.807584 0.056228 0.041897
0.721967 0.142805 0.052552 0.036488
0.495795 0.256754 0.074223 0.039298
0.817479 0.149555 0.063933 0.031014
0.167145 0.354427 0.058060 0.045237
0.706765 0.847974 0.054208 0.039318
0.287673 0.308636 0.052061 0.036810
0.064447 0.101879 0.049811 0.037735
0.280250 0.452000 0.055328 0.040547
0.600724 0.847593 0.052559 0.037646
0.719705 0.223346 0.059354 0.034296
0.287696 0.268637 0.051059 0.041048
0.496265 0.710780 0.053154 0.037955
0.172701 0.844815 0.055222 0.034419
0.933264 0.661009 0.049577 0.035256
0.924184 0.936092 0.076155 0.036313
0.277070 0.659277 0.053059 0.043670
0.077693 0.456251 0.060328 0.032867
0.387632 0.764512 0.051158 0.031591
0.610438 0.199933 0.049036 0.030644
0.930016 0.486172 0.086800 0.044790
0.823280 0.918670 0.049372 0.032969
0.169392 0.607097 0.064411 0.041444
0.172240 0.802743 0.049265 0.043753
0.610822 0.271517 0.046618 0.034176
0.823161 0.702662 0.050731 0.033911
0.496231 0.069334 0.059513 0.046904
0.600471 0.735314 0.057922 0.031266
0.721616 0.181393 0.052945 0.038116
0.497992 0.866428 0.056629 0.044148
0.067556 0.139497 0.058077 0.030752
0.077178 0.422191 0.052500 0.032089
0.935751 0.398922 0.055353 0.039218
0.499934 0.911863 0.056438 0.041203
0.172333 0.265708 0.050105 0.046855
0.170665 0.309998 0.048377 0.036093
0.388969 0.886518 0.055360 0.037614
0.168605 0.438875 0.056518 0.041544
0.933226 0.162212 0.045250 0.032681
0.607398 0.446198 0.051475 0.033008
0.822047 0.667069 0.049027 0.037188
0.166155 0.143101 0.064927 0.040684
0.615181 0.070172 0.057030 0.030307
0.072631 0.732525 0.054849 0.038771
0.824331 0.767460 0.057230 0.038001
0.823094 0.069961 0.054372 0.042671
0.067357 0.221702 0.048112 0.034328
0.072141 0.529549 0.060841 0.036100
0.714295 0.565057 0.047887 0.036098
0.715417 0.914909 0.051581 0.038367
0.280019 0.493187 0.050348 0.039788
0.496588 0.626991 0.051539 0.046670
0.070221 0.648511 0.053288 0.039615
0.395995 0.028785 0.051693 0.030850
0.171708 0.912365 0.049965 0.037683
0.172467 0.184060 0.046343 0.035877
0.391678 0.471784 0.052636 0.043806
0.500875 0.440929 0.047594 0.033670
0.597516 0.699826 0.070541 0.042656
0.927561 0.033217 0.053606 0.037770
0.066334 0.953966 0.047635 0.042944
0.714888 0.411246 0.050120 0.037496
0.719070 0.288878 0.049005 0.031095
0.710108 0.645675 0.051387 0.037201
0.932421 0.827984 0.055720 0.028433
0.276512 0.699407 0.055466 0.032485
0.069382 0.916913 0.056015 0.031045
0.169138 0.037610 0.052811 0.043204
0.595375 0.887066 0.059417 0.037199
0.611832 0.101625 0.073616 0.027620
0.497288 0.536816 0.053437 0.036842
0.931587 0.440760 0.064124 0.042870
0.284626 0.144915 0.047951 0.032292
0.607705 0.544982 0.051266 0.043491
0.384795 0.802876 0.057357 0.040693
0.174270 0.563144 0.060858 0.043384
0.937075 0.362759 0.056400 0.026206
0.933313 0.790399 0.050860 0.038513
0.495228 0.825267 0.047695 0.038095
0.392520 0.133641 0.060299 0.044549
0.930729 0.970297 0.051427 0.033862
0.498605 0.110526 0.051729 0.035643
0.390686 0.353388 0.041668 0.030948
0.824680 0.808267 0.052761 0.043321
0.609183 0.305870 0.046835 0.029386
0.168189 0.078493 0.047451 0.037657
0.826017 0.846438 0.051138 0.035881
0.715349 0.762985 0.067261 0.044011
0.175353 0.484378 0.055077 0.042928
0.503522 0.978624 0.056096 0.028578
0.394282 0.096847 0.057277 0.029814
0.175124 0.685343 0.055021 0.045112
0.175227 0.727628 0.049127 0.039554
0.395667 0.180558 0.050765 0.046454
0.070168 0.567062 0.054866 0.037544
0.608937 0.376798 0.044019 0.032936
0.390150 0.515289 0.056479 0.040688
0.602486 0.808209 0.049574 0.035390
0.824218 0.437489 0.053732 0.036846
0.068779 0.691100 0.052486 0.039222
0.168574 0.879018 0.062277 0.027885
0.073007 0.362200 0.048974 0.032848
0.385070 0.696650 0.053997 0.042135
0.172348 0.525524 0.050432 0.035551
0.499652 0.223128 0.053033 0.029608
0.711574 0.881856 0.053675 0.027092
0.501514 0.027632 0.066345 0.033357
0.498485 0.749287 0.058013 0.039951
0.276825 0.620174 0.067707 0.034026
0.066813 0.180816 0.043449 0.043608
0.612992 0.339826 0.056645 0.041909
0.167396 0.950837 0.049223 0.033817
0.071152 0.254181 0.041875 0.029554
0.396660 0.276125 0.047131 0.044681
0.067563 0.882998 0.052717 0.035279
0.388173 0.425748 0.050857 0.044404
0.285364 0.344020 0.046808 0.032976
0.593883 0.961220 0.053069 0.033816
0.606857 0.584854 0.048751 0.035098
0.722502 0.032336 0.059508 0.044747
0.279721 0.581027 0.048902 0.046006
0.391716 0.317460 0.047025 0.036173
0.286619 0.374351 0.044462 0.031336
0.067347 0.812758 0.050054 0.037056
0.929430 0.623124 0.056467 0.040123
0.169328 0.396574 0.045524 0.035506
0.615057 0.168916 0.042151 0.034538
0.169273 0.110323 0.044759 0.026798
0.067966 0.848280 0.047161 0.034010
0.076415 0.391844 0.047286 0.026721
0.175636 0.645526 0.046783 0.033725
0.937990 0.698800 0.054670 0.039255
0.386846 0.620042 0.047087 0.032561
0.173766 0.764476 0.045849 0.033352
0.275392 0.923670 0.048322 0.033085
0.388324 0.587269 0.045171 0.033997
0.930507 0.532054 0.052486 0.042227
0.386929 0.962307 0.053089 0.039654
0.823678 0.733831 0.045570 0.026380
0.710652 0.681486 0.043162 0.036924
0.932130 0.078887 0.046291 0.043236
0.065713 0.330536 0.045556 0.035553
0.282854 0.534705 0.045642 0.042924
0.606000 0.618986 0.047608 0.026788
0.388072 0.848284 0.063010 0.039489
0.387272 0.551874 0.044134 0.035150
0.930634 0.576936 0.050246 0.046523
0.285385 0.072543 0.047803 0.028358
0.283645 0.035417 0.048802 0.041647
0.069664 0.605721 0.045253 0.040058
0.277582 0.733214 0.045531 0.032672
0.275286 0.855327 0.035724 0.034676
0.275906 0.889839 0.047239 0.034053
0.499250 0.500887 0.047691 0.038363
0.275830 0.776513 0.050152 0.049403
0.595434 0.925785 0.049646 0.038385
0.506876 0.470028 0.050898 0.024708
0.274619 0.820371 0.039079 0.035362
0.605938 0.481191 0.050401 0.040134
0.271206 0.962462 0.050416 0.039373
0.061721 0.054226 0.061132 0.050412
0.605424 0.505880 0.053376 0.035161
