0.820745 0.705546 0.073111 0.037715
0.928321 0.921174 0.064363 0.032852
0.062299 0.340393 0.067285 0.043605
0.712603 0.614586 0.055312 0.038839
0.925815 0.886402 0.052366 0.034659
0.817724 0.784932 0.056081 0.039586
0.172390 0.581414 0.062588 0.039573
0.933024 0.680913 0.056197 0.037590
0.936001 0.446980 0.061578 0.046082
0.926545 0.641662 0.053053 0.036738
0.810367 0.830533 0.075803 0.046530
0.938066 0.279979 0.049088 0.037526
0.710942 0.652272 0.044182 0.036057
0.389932 0.593160 0.062475 0.045854
0.593186 0.695506 0.049780 0.037964
0.489453 0.782480 0.073659 0.042234
0.058516 0.250792 0.072903 0.042025
0.929095 0.568953 0.051893 0.039037
0.062283 0.296234 0.061249 0.041995
0.939434 0.407157 0.063339 0.031157
0.056187 0.541930 0.054657 0.041939
0.495065 0.826332 0.061196 0.043803
0.932449 0.158818 0.055680 0.038223
0.819404 0.665316 0.054738 0.034987
0.166627 0.750068 0.064099 0.042111
0.710131 0.265492 0.049385 0.038271
0.164685 0.797062 0.065914 0.049101
0.934665 0.121073 0.049779 0.037309
0.818295 0.744223 0.054822 0.035740
0.059878 0.586570 0.056356 0.043421
0.054513 0.900999 0.056454 0.038548
0.827784 0.377727 0.058772 0.033920
0.713245 0.691659 0.051477 0.038784
0.495708 0.867865 0.060216 0.037510
0.492413 0.697487 0.054746 0.044014
0.708532 0.336954 0.068196 0.037370
0.933178 0.494319 0.049612 0.045149
0.713459 0.301113 0.059599 0.032460
0.710632 0.506616 0.046419 0.035122
0.827621 0.533852 0.052896 0.033820
0.829213 0.413308 0.053620 0.030192
0.170096 0.918899 0.062540 0.046919
0.390674 0.637403 0.056159 0.041811
0.056378 0.940306 0.051907 0.038638
0.278731 0.475486 0.068280 0.049060
0.393311 0.759205 0.055976 0.042581
0.167317 0.839276 0.057317 0.032258
0.930744 0.848355 0.047481 0.040378
0.714637 0.119539 0.057122 0.033016
0.054942 0.754068 0.056203 0.043612
0.169424 0.627579 0.057092 0.048353
0.935750 0.196700 0.048623 0.037735
0.937859 0.315829 0.042537 0.034370
0.825400 0.496317 0.060117 0.045163
0.496708 0.416643 0.057254 0.038402
0.392579 0.683161 0.061407 0.043069
0.074575 0.120561 0.063965 0.044925
0.059762 0.973896 0.050596 0.032033
0.928151 0.801208 0.058395 0.051091
0.495901 0.657723 0.060386 0.038209
0.711168 0.541214 0.045432 0.030023
0.926578 0.532654 0.068784 0.029997
0.169126 0.875972 0.055964 0.038510
0.181685 0.271905 0.051864 0.042861
0.710378 0.815945 0.047167 0.032253
0.052712 0.797607 0.053279 0.043323
0.814539 0.205016 0.068166 0.038168
0.169443 0.541920 0.054781 0.039411
0.824510 0.451409 0.073024 0.040863
0.502222 0.342139 0.050515 0.041651
0.393298 0.803232 0.059560 0.043074
0.277688 0.527005 0.061339 0.046545
0.819957 0.074391 0.063201 0.043255
0.054983 0.865206 0.046792 0.033554
0.597089 0.280075 0.052106 0.038995
0.061562 0.385560 0.058926 0.044878
0.931898 0.606231 0.044403 0.036679
0.174571 0.233521 0.065222 0.033481
0.597109 0.870226 0.049341 0.035490
0.821321 0.337005 0.057274 0.044628
0.064393 0.206409 0.047347 0.046716
0.395635 0.890868 0.049759 0.039322
0.179530 0.165966 0.053738 0.037281
0.712043 0.226521 0.047225 0.036102
0.715924 0.375944 0.058854 0.038595
0.602094 0.323588 0.061002 0.043954
0.494964 0.901753 0.048313 0.035254
0.715122 0.849066 0.050856 0.036947
0.494179 0.740828 0.051427 0.041855
0.711917 0.467741 0.048359 0.041836
0.934303 0.238799 0.051076 0.045485
0.057594 0.709765 0.053206 0.045241
0.596767 0.914252 0.053691 0.044984
0.501183 0.104646 0.057200 0.041990
0.822370 0.574347 0.052596 0.044448
0.058085 0.664931 0.050083 0.045206
0.930902 0.718021 0.049620 0.034199
0.932749 0.084579 0.047454 0.032910
0.713146 0.421183 0.051300 0.049714
0.818354 0.029050 0.051495 0.044102
0.600861 0.960478 0.062955 0.044377
0.602944 0.109926 0.052875 0.039092
0.056352 0.834371 0.044897 0.030600
0.605719 0.363297 0.050902 0.035346
0.818147 0.293102 0.048377 0.040257
0.070439 0.078757 0.062576 0.040856
0.059558 0.624398 0.047274 0.031165
0.402065 0.930529 0.062019 0.038754
0.804991 0.909308 0.056379 0.036663
0.494113 0.935566 0.052247 0.036201
0.275864 0.428504 0.053140 0.038471
0.500977 0.460296 0.047621 0.044446
0.397096 0.970265 0.049168 0.042730
0.600089 0.507825 0.051688 0.032903
0.054555 0.498443 0.048974 0.043126
0.808840 0.947171 0.064903 0.040709
0.934381 0.027207 0.045657 0.033285
0.823183 0.120428 0.051856 0.044810
0.390127 0.152068 0.050826 0.035155
0.598506 0.830207 0.046444 0.038741
0.181682 0.404353 0.058166 0.038865
0.713058 0.923874 0.045260 0.037323
0.599143 0.542629 0.042613 0.040222
0.710924 0.755226 0.038345 0.029016
0.281175 0.907644 0.051066 0.039753
0.809997 0.873604 0.054629 0.036734
0.817400 0.248404 0.048916 0.045553
0.270920 0.383415 0.044655 0.041896
0.180218 0.315707 0.049018 0.041530
0.604882 0.152859 0.052326 0.039890
0.600050 0.241671 0.045211 0.037103
0.592098 0.660547 0.039910 0.032020
0.709766 0.575137 0.049426 0.034255
0.824162 0.165327 0.039054 0.041176
0.603081 0.441445 0.051652 0.034467
0.603321 0.474477 0.043378 0.034343
0.393579 0.113155 0.046332 0.041519
0.711947 0.725371 0.041736 0.027815
0.500978 0.379728 0.049141 0.032459
0.712854 0.886948 0.046502 0.037040
0.165793 0.706785 0.066856 0.041471
0.278162 0.207604 0.047913 0.041706
0.498267 0.142457 0.046410 0.035963
0.714733 0.158827 0.050259 0.043744
0.713441 0.962039 0.041555 0.033767
0.394591 0.356515 0.052965 0.044407
0.594392 0.785323 0.055090 0.048736
0.070018 0.163383 0.046878 0.037991
0.276993 0.255736 0.045039 0.047424
0.493238 0.969746 0.049172 0.036730
0.394428 0.847278 0.050445 0.042842
0.607459 0.402820 0.050196 0.042009
0.928486 0.755016 0.043054 0.038894
0.506345 0.501603 0.057563 0.035728
0.185419 0.130679 0.048005 0.033049
0.938401 0.346709 0.043751 0.024839
0.279239 0.860600 0.052357 0.048974
0.723735 0.030869 0.049479 0.048263
0.269517 0.342344 0.057443 0.040234
0.277484 0.569436 0.043943 0.036126
0.597087 0.587691 0.065482 0.038904
0.171604 0.499350 0.047266 0.045564
0.708313 0.785807 0.042438 0.031418
0.495975 0.178829 0.055845 0.038663
0.281932 0.602405 0.046765 0.031133
0.389752 0.270879 0.044444 0.042591
0.934083 0.057219 0.041416 0.027913
0.594885 0.737309 0.048871 0.041962
0.177025 0.960685 0.056245 0.030955
0.170703 0.670158 0.049296 0.034994
0.934777 0.373973 0.062858 0.031096
0.389371 0.313765 0.051314 0.034935
0.389461 0.185294 0.050833 0.034713
0.606254 0.066366 0.047662 0.047860
0.601600 0.199628 0.045502 0.045667
0.054686 0.456444 0.048724 0.034305
0.389171 0.508839 0.066207 0.036981
0.056433 0.423918 0.046056 0.032138
0.395647 0.072073 0.046192 0.035866
0.283432 0.943088 0.048876 0.032856
0.389293 0.549655 0.061660 0.038836
0.179689 0.098520 0.049851 0.036619
0.396359 0.028631 0.049574 0.046281
0.180580 0.061918 0.054756 0.037462
0.283970 0.682128 0.050355 0.029673
0.391171 0.720311 0.057430 0.037419
0.715932 0.080836 0.062926 0.046212
0.494778 0.218294 0.047141 0.038129
0.500629 0.061270 0.056380 0.039338
0.498156 0.254349 0.052344 0.042945
0.929719 0.956247 0.041356 0.030746
0.286159 0.719584 0.048677 0.048729
0.714172 0.192901 0.046446 0.028833
0.388343 0.225844 0.044990 0.043721
0.593045 0.625934 0.042267 0.037796
0.282172 0.973451 0.040822 0.029308
0.392757 0.437949 0.048866 0.047472
0.069801 0.032219 0.058949 0.046726
0.809925 0.977491 0.061112 0.028480
0.606243 0.023856 0.042324 0.034861
0.174449 0.453167 0.052084 0.046137
0.824938 0.616623 0.047944 0.042129
0.177614 0.201131 0.054167 0.033644
0.280498 0.163951 0.050525 0.039154
0.278965 0.643739 0.057467 0.047246
0.270554 0.300382 0.053771 0.041184
0.501224 0.590259 0.046320 0.041712
0.286888 0.764666 0.044528 0.033360
0.282931 0.809705 0.054891 0.048873
0.180354 0.025330 0.047246 0.035302
0.177698 0.363029 0.050072 0.047218
0.393403 0.395841 0.046547 0.034676
0.393647 0.477606 0.056769 0.032351
0.498784 0.299944 0.059542 0.043415
0.283630 0.117474 0.051022 0.049975
0.515279 0.546817 0.084766 0.046703
0.286186 0.025556 0.044378 0.041421
0.282015 0.068842 0.049324 0.040490
0.499313 0.024287 0.054740 0.036708
0.499781 0.620503 0.049016 0.040820
