0.171897 0.284950 0.062186 0.042925
0.708430 0.797405 0.057035 0.036002
0.489505 0.688242 0.069063 0.036318
0.605965 0.350040 0.061869 0.043043
0.382863 0.833493 0.059874 0.038784
0.816588 0.732150 0.056791 0.037361
0.167572 0.582947 0.062512 0.042930
0.484163 0.648849 0.073367 0.041305
0.601073 0.848299 0.068952 0.038720
0.719168 0.320097 0.060462 0.040346
0.379156 0.937066 0.052100 0.030570
0.719333 0.360860 0.059844 0.041309
0.708706 0.914171 0.052843 0.042958
0.594819 0.884841 0.075131 0.034864
0.818384 0.207500 0.063000 0.040620
0.599917 0.546689 0.068574 0.045406
0.924402 0.691519 0.058563 0.041272
0.491660 0.244209 0.069307 0.043856
0.820539 0.564824 0.063192 0.038320
0.486753 0.410915 0.055443 0.037353
0.379398 0.868982 0.058378 0.029751
0.278531 0.499005 0.054057 0.040169
0.154684 0.977354 0.065623 0.032631
0.282408 0.147697 0.056958 0.032924
0.380790 0.903120 0.058753 0.030746
0.934361 0.284403 0.058756 0.036494
0.720810 0.436500 0.058698 0.039122
0.382206 0.969057 0.072337 0.036657
0.929995 0.803758 0.068938 0.042172
0.487682 0.289362 0.065208 0.043263
0.714126 0.556941 0.071023 0.045579
0.063122 0.450885 0.067176 0.050403
0.377399 0.607232 0.080659 0.044121
0.612699 0.171562 0.065106 0.040723
0.702912 0.873261 0.055440 0.037196
0.814779 0.808497 0.057136 0.042723
0.377996 0.746222 0.061715 0.041525
0.608034 0.428762 0.086139 0.040613
0.485527 0.958055 0.057998 0.040801
0.712055 0.833724 0.057854 0.034469
0.486356 0.508786 0.057736 0.038428
0.595203 0.921918 0.067779 0.037136
0.934902 0.245344 0.062545 0.036355
0.922349 0.884145 0.050778 0.037627
0.159589 0.944881 0.070184 0.029782
0.933541 0.322739 0.055091 0.038436
0.819713 0.846871 0.060257 0.038652
0.818600 0.250655 0.055946 0.041002
0.816806 0.524114 0.067599 0.033112
0.380568 0.789312 0.057490 0.041878
0.278823 0.187228 0.059358 0.043096
0.375011 0.392053 0.060494 0.043628
0.055166 0.902796 0.050215 0.031274
0.168791 0.498833 0.071109 0.041583
0.159969 0.913539 0.059399 0.034185
0.283680 0.409320 0.064173 0.039603
0.706530 0.758534 0.052194 0.036717
0.607954 0.210427 0.059459 0.038522
0.932012 0.490659 0.060737 0.036275
0.497689 0.169638 0.056910 0.037266
0.610308 0.026099 0.064239 0.042548
0.926610 0.646677 0.053967 0.043652
0.487849 0.331075 0.051844 0.035956
0.159088 0.626139 0.051862 0.038788
0.176251 0.210001 0.051423 0.037389
0.273447 0.785885 0.055545 0.045998
0.602552 0.584493 0.061087 0.027573
0.927645 0.368254 0.066405 0.048816
0.491128 0.371417 0.056890 0.040058
0.928608 0.762834 0.054169 0.033895
0.496427 0.095771 0.059145 0.041634
0.165286 0.459676 0.048895 0.035751
0.379327 0.703478 0.066185 0.044803
0.710886 0.958730 0.050894 0.038601
0.056533 0.723845 0.055781 0.034269
0.373666 0.346373 0.069443 0.050195
0.814244 0.886566 0.051796 0.035921
0.157770 0.876684 0.054230 0.035098
0.930896 0.203283 0.070771 0.042676
0.376668 0.254692 0.057183 0.040392
0.612215 0.310664 0.052644 0.034618
0.276005 0.830478 0.062733 0.037755
0.607163 0.389664 0.064732 0.032508
0.175574 0.170989 0.050892 0.037964
0.815144 0.396271 0.060804 0.043890
0.050184 0.935969 0.054129 0.030838
0.819086 0.351360 0.062710 0.040438
0.817229 0.485202 0.075895 0.038841
0.926884 0.121366 0.061812 0.042378
0.611051 0.247146 0.059226 0.040052
0.709354 0.139682 0.060606 0.044380
0.817633 0.924806 0.052443 0.039504
0.926169 0.605090 0.060078 0.034625
0.489976 0.729410 0.053883 0.041130
0.597201 0.622289 0.059368 0.043774
0.815829 0.110967 0.076845 0.043058
0.491154 0.204217 0.052577 0.033674
0.276573 0.541763 0.055121 0.039407
0.276315 0.069902 0.058225 0.039074
0.599757 0.695763 0.083867 0.039459
0.816809 0.962444 0.055031 0.029412
0.484541 0.445629 0.060050 0.032001
0.275201 0.580769 0.060053 0.041399
0.375450 0.297296 0.052734 0.042987
0.273229 0.661480 0.063010 0.040726
0.930773 0.453178 0.046871 0.036238
0.491845 0.134277 0.052310 0.036201
0.377114 0.564047 0.054645 0.042260
0.929977 0.564930 0.056738 0.042113
0.485986 0.547558 0.049285 0.038030
0.278198 0.621746 0.056201 0.038436
0.490490 0.914915 0.058512 0.040580
0.718925 0.399702 0.047018 0.033908
0.165925 0.540991 0.049450 0.036967
0.922643 0.923849 0.051306 0.038077
0.492204 0.805891 0.060657 0.041890
0.283005 0.362581 0.059215 0.044840
0.378406 0.517242 0.055249 0.051255
0.707913 0.102569 0.072378 0.029491
0.608202 0.506952 0.075308 0.032930
0.708417 0.679655 0.056293 0.042674
0.712175 0.184360 0.050087 0.039749
0.055715 0.801133 0.047368 0.030402
0.055287 0.763519 0.051080 0.040226
0.067498 0.401635 0.052678 0.041916
0.280570 0.109116 0.052557 0.040134
0.593727 0.733730 0.056520 0.038002
0.381859 0.435353 0.059460 0.040290
0.171971 0.248063 0.052637 0.030037
0.175999 0.137771 0.052574 0.026519
0.593339 0.962775 0.061233 0.037646
0.600203 0.775545 0.055565 0.039925
0.279683 0.312374 0.056134 0.050166
0.277685 0.739206 0.051986 0.040668
0.819263 0.606003 0.054005 0.041172
0.489118 0.609841 0.047655 0.036588
0.274544 0.261433 0.057736 0.040579
0.061207 0.837533 0.067213 0.032474
0.169749 0.326087 0.057076 0.041111
0.924757 0.844779 0.050337 0.034099
0.600051 0.659639 0.056729 0.033438
0.055997 0.871255 0.044256 0.030706
0.495536 0.057420 0.067928 0.035847
0.063532 0.278689 0.049775 0.034349
0.818043 0.769950 0.050840 0.030503
0.709356 0.601241 0.063911 0.038011
0.597311 0.812746 0.050260 0.032635
0.380111 0.104234 0.047983 0.032235
0.064098 0.315043 0.054327 0.035636
0.054221 0.686851 0.051697 0.039317
0.052856 0.536485 0.050086 0.038237
0.064328 0.354651 0.050012 0.043051
0.719140 0.223915 0.053836 0.036974
0.610567 0.133460 0.052086 0.036967
0.165127 0.747120 0.048390 0.042919
0.487518 0.766915 0.058116 0.035879
0.813834 0.689904 0.057067 0.045747
0.606934 0.066895 0.074219 0.039671
0.284175 0.453222 0.052341 0.046348
0.713127 0.514105 0.054949 0.036227
0.921784 0.960598 0.052977 0.037815
0.929722 0.731076 0.047529 0.026923
0.068589 0.240680 0.062636 0.037142
0.273743 0.027383 0.065047 0.039143
0.051819 0.648639 0.050177 0.037034
0.175564 0.104680 0.044104 0.033261
0.707725 0.718688 0.062566 0.037805
0.174283 0.069322 0.048196 0.037962
0.276878 0.228489 0.051598 0.030363
0.819452 0.314134 0.044923 0.030529
0.056593 0.496996 0.049782 0.035432
0.052346 0.972717 0.054522 0.040744
0.608651 0.099408 0.068093 0.032246
0.932319 0.079801 0.047830 0.038935
0.925534 0.417268 0.053146 0.038251
0.716405 0.474912 0.050803 0.038779
0.930907 0.162514 0.055521 0.035739
0.710004 0.035975 0.048030 0.037177
0.713701 0.071621 0.053141 0.030054
0.382702 0.072594 0.046420 0.028295
0.179634 0.665789 0.085432 0.040098
0.818060 0.647304 0.047945 0.036586
0.274306 0.700648 0.048736 0.032131
0.381454 0.473848 0.055161 0.036033
0.714057 0.638758 0.056334 0.037714
0.610526 0.280018 0.047441 0.027810
0.380179 0.655563 0.049785 0.050356
0.382394 0.035190 0.061502 0.046082
0.174474 0.028195 0.054427 0.036891
0.051715 0.611215 0.045922 0.035394
0.166508 0.364044 0.046047 0.034804
0.925029 0.525343 0.063849 0.030347
0.159875 0.786375 0.045618 0.032315
0.932869 0.036282 0.050916 0.042878
0.822599 0.285279 0.045862 0.025267
0.378912 0.136382 0.044557 0.034813
0.268625 0.910821 0.049721 0.046231
0.164699 0.706081 0.048538 0.034727
0.720097 0.272934 0.055930 0.049841
0.378763 0.212136 0.052578 0.040516
0.273958 0.868989 0.048419 0.036414
0.816826 0.033940 0.057488 0.043114
0.489705 0.578732 0.046407 0.024840
0.065566 0.027848 0.051069 0.036926
0.821909 0.158458 0.055318 0.049212
0.051871 0.574872 0.051011 0.038577
0.817586 0.069170 0.054605 0.037338
0.493524 0.022217 0.050133 0.031064
0.377739 0.172409 0.042123 0.037804
0.165122 0.426829 0.047654 0.028508
0.603072 0.470581 0.062451 0.040536
0.158397 0.844808 0.056168 0.030421
0.067481 0.061155 0.045971 0.034583
0.817061 0.442577 0.037262 0.039101
0.065328 0.096976 0.048614 0.040440
0.166275 0.394611 0.051669 0.033331
0.493921 0.846129 0.085263 0.038114
0.483271 0.474448 0.071638 0.026280
0.066695 0.133443 0.059819 0.032915
0.157939 0.818289 0.046959 0.029583
0.264085 0.962840 0.049398 0.051396
0.078588 0.174516 0.080873 0.050980
0.496764 0.876361 0.079789 0.037745
