0.165629 0.233754 0.059736 0.037777
0.166207 0.297828 0.061615 0.034517
0.937326 0.258124 0.062521 0.038335
0.506208 0.299208 0.061042 0.030408
0.616744 0.777305 0.067343 0.041288
0.054743 0.230147 0.064808 0.037180
0.287004 0.598544 0.065558 0.040691
0.165670 0.393001 0.057217 0.029342
0.284740 0.513692 0.063576 0.038889
0.059830 0.268526 0.059809 0.036110
0.509656 0.660101 0.061759 0.034850
0.617497 0.896778 0.064079 0.035667
0.826048 0.249939 0.063855 0.037518
0.397147 0.401336 0.080208 0.039196
0.167171 0.116231 0.062618 0.040325
0.506323 0.550204 0.067841 0.040458
0.163765 0.361866 0.069102 0.031866
0.281185 0.197943 0.074373 0.038871
0.055315 0.895181 0.057286 0.034085
0.277901 0.081521 0.066394 0.039761
0.286882 0.472150 0.065000 0.041994
0.389765 0.443960 0.073890 0.039544
0.398095 0.328593 0.072700 0.034156
0.168578 0.723880 0.079728 0.037621
0.167117 0.923166 0.058672 0.035931
0.162236 0.330972 0.070344 0.028122
0.162463 0.195748 0.058280 0.036316
0.169905 0.455118 0.065024 0.029246
0.603420 0.308937 0.063789 0.032653
0.171615 0.561733 0.075585 0.039785
0.284461 0.751013 0.058074 0.037022
0.409391 0.890760 0.068810 0.036834
0.287689 0.557094 0.066825 0.039716
0.510048 0.808966 0.066772 0.032700
0.828117 0.210776 0.064814 0.036833
0.289009 0.711165 0.062144 0.035593
0.284228 0.865049 0.065347 0.035240
0.174595 0.638903 0.066453 0.038710
0.613828 0.629238 0.074579 0.037312
0.286512 0.674372 0.058472 0.036343
0.281036 0.157429 0.065711 0.036958
0.167031 0.158203 0.069241 0.036113
0.503028 0.217565 0.067173 0.039011
0.278666 0.359089 0.069889 0.031493
0.393847 0.291257 0.060828 0.036604
0.056425 0.119611 0.070047 0.040307
0.287928 0.902011 0.061805 0.032395
0.059334 0.555692 0.077205 0.040712
0.506883 0.368603 0.069888 0.033493
0.511577 0.772501 0.063085 0.038741
0.060146 0.485733 0.062208 0.027459
0.398082 0.813569 0.070721 0.037396
0.060346 0.304869 0.069703 0.033539
0.502739 0.260887 0.063426 0.041328
0.615018 0.819624 0.070473 0.037901
0.397405 0.644668 0.057239 0.036512
0.721556 0.372271 0.073686 0.036919
0.508367 0.915531 0.073796 0.035106
0.609340 0.198810 0.068844 0.034415
0.392453 0.115812 0.075294 0.041008
0.063226 0.683245 0.074412 0.047379
0.828488 0.116120 0.056589 0.038265
0.053689 0.601280 0.058150 0.042327
0.273506 0.297488 0.066278 0.035769
0.497406 0.172876 0.066076 0.049081
0.607156 0.236823 0.057366 0.038906
0.510737 0.730883 0.082154 0.041296
0.169327 0.423456 0.052663 0.030608
0.168950 0.843675 0.062729 0.047627
0.392891 0.073285 0.071487 0.035118
0.051835 0.859570 0.053519 0.031996
0.395030 0.598267 0.063188 0.049167
0.720349 0.411234 0.066056 0.036631
0.164122 0.760931 0.070375 0.034238
0.169540 0.523958 0.069181 0.032632
0.057985 0.387558 0.068957 0.034785
0.619197 0.856617 0.065018 0.036100
0.058678 0.191745 0.065985 0.035344
0.060696 0.728863 0.056597 0.043441
0.495838 0.332523 0.065052 0.030773
0.171381 0.488188 0.079561 0.034939
0.505395 0.590837 0.058416 0.031916
0.601065 0.079489 0.057403 0.034807
0.509961 0.441148 0.061897 0.035665
0.936021 0.145757 0.057638 0.034711
0.289430 0.637942 0.065721 0.035642
0.395421 0.740505 0.073204 0.031861
0.282642 0.429529 0.058423 0.033483
0.834146 0.328488 0.075774 0.040912
0.842825 0.540150 0.070869 0.040830
0.396037 0.255797 0.075337 0.030085
0.945665 0.443837 0.058397 0.039178
0.288401 0.937233 0.074425 0.035399
0.055099 0.156998 0.064640 0.031617
0.396809 0.854039 0.077952 0.037035
0.167423 0.602671 0.069809 0.035272
0.843085 0.580476 0.058777 0.031929
0.395591 0.548295 0.051494 0.044005
0.411627 0.925677 0.060025 0.029924
0.399861 0.775327 0.076349 0.034364
0.938696 0.073660 0.070378 0.041551
0.615160 0.471662 0.055496 0.034304
0.508066 0.624015 0.052353 0.032656
0.275936 0.393742 0.064933 0.034537
0.059297 0.516929 0.068216 0.030453
0.057594 0.424439 0.061072 0.032170
0.944402 0.363686 0.070716 0.035222
0.726326 0.312217 0.073212 0.033996
0.507204 0.404928 0.081702 0.033631
0.713690 0.129050 0.059398 0.040580
0.954575 0.728476 0.059178 0.040863
0.834025 0.287655 0.056099 0.037035
0.829101 0.078491 0.065862 0.033188
0.288168 0.828623 0.078306 0.032664
0.720882 0.275523 0.052926 0.037903
0.398286 0.480343 0.054177 0.030949
0.832618 0.364832 0.075416 0.032019
0.281165 0.236394 0.058593 0.033247
0.946158 0.860182 0.073840 0.034325
0.602517 0.345338 0.064960 0.033716
0.839735 0.461449 0.067471 0.030846
0.059159 0.081231 0.061962 0.034528
0.395442 0.363510 0.051951 0.033633
0.051037 0.930354 0.052787 0.032545
0.946941 0.219717 0.067572 0.037533
0.619105 0.930808 0.052797 0.029668
0.942502 0.296569 0.067558 0.034035
0.512777 0.957164 0.084892 0.041881
0.494303 0.080056 0.057400 0.041320
0.715650 0.167203 0.056169 0.030180
0.510861 0.839817 0.064929 0.028212
0.947108 0.626839 0.060855 0.037268
0.054872 0.822782 0.048228 0.038124
0.398773 0.680977 0.056830 0.031490
0.619029 0.962213 0.070314 0.030227
0.943160 0.182173 0.079438 0.036179
0.056386 0.970187 0.070638 0.039676
0.949140 0.510945 0.066433 0.036611
0.723494 0.202203 0.063861 0.036518
0.173006 0.886183 0.050357 0.036051
0.164843 0.798717 0.080982 0.037293
0.501617 0.510900 0.062844 0.034457
0.283506 0.790719 0.053278 0.038008
0.843552 0.658958 0.070355 0.043563
0.609963 0.274483 0.067042 0.030657
0.611251 0.590627 0.050556 0.035853
0.609634 0.377001 0.073377 0.032365
0.154859 0.035295 0.076653 0.042362
0.942248 0.586933 0.064891 0.030239
0.510165 0.475846 0.046402 0.029899
0.606147 0.438849 0.053360 0.030242
0.491383 0.034313 0.073916 0.044190
0.276024 0.035229 0.069992 0.042494
0.397785 0.224149 0.062159 0.029264
0.839518 0.428594 0.055699 0.030032
0.611330 0.505518 0.056418 0.033252
0.390597 0.033848 0.057074 0.044329
0.055325 0.778680 0.078699 0.049127
0.844869 0.616469 0.054245 0.036538
0.615056 0.705878 0.053548 0.039973
0.942549 0.921104 0.076105 0.031164
0.599769 0.115225 0.058181 0.030915
0.948018 0.956338 0.064608 0.039019
0.833016 0.036499 0.067729 0.047191
0.398361 0.710836 0.063296 0.026153
0.282654 0.265395 0.064553 0.024754
0.277110 0.329142 0.066504 0.023648
0.596869 0.037724 0.067638 0.045948
0.164454 0.075859 0.059880 0.032318
0.066572 0.345667 0.087577 0.046729
0.401799 0.511704 0.059274 0.025826
0.398480 0.159810 0.063079 0.041365
0.721560 0.666089 0.044409 0.029160
0.163514 0.266561 0.048927 0.021952
0.279082 0.120141 0.067527 0.027191
0.607864 0.409174 0.048612 0.029771
0.843127 0.499436 0.061731 0.035713
0.497977 0.123920 0.059970 0.044458
0.722460 0.609940 0.038614 0.027235
0.951996 0.661311 0.057683 0.029573
0.941327 0.404429 0.061011 0.035168
0.056694 0.639976 0.045560 0.032303
0.723543 0.239614 0.073728 0.032458
0.929633 0.031360 0.062163 0.042136
0.725751 0.578997 0.041762 0.026019
0.056251 0.454271 0.046283 0.031371
0.956908 0.795093 0.058189 0.028982
0.724314 0.482981 0.043040 0.037605
0.052317 0.037669 0.057882 0.041576
0.611018 0.548606 0.048964 0.046374
0.414191 0.969278 0.079008 0.052507
0.612284 0.665297 0.048951 0.031990
0.956632 0.825515 0.066659 0.027630
0.181203 0.961430 0.092629 0.037408
0.834072 0.151229 0.058183 0.026381
0.509811 0.875280 0.061670 0.038204
0.719261 0.636687 0.049872 0.024425
0.833044 0.397565 0.048838 0.030068
0.724832 0.446637 0.045798 0.029051
0.946281 0.890361 0.049623 0.022963
0.945419 0.330572 0.069191 0.027229
0.947570 0.478205 0.057253 0.022917
0.509684 0.693303 0.066895 0.025167
0.951856 0.765413 0.040321 0.027288
0.830061 0.177404 0.049536 0.023482
0.940426 0.111074 0.055492 0.022711
0.955594 0.692667 0.065342 0.028255
0.613284 0.738962 0.060642 0.025844
0.723299 0.340462 0.051585 0.022260
0.606176 0.144041 0.048277 0.024748
0.726595 0.517132 0.035458 0.029387
0.607393 0.168505 0.049438 0.019651
0.168443 0.669825 0.047537 0.021324
0.720562 0.695841 0.039780 0.028128
0.950369 0.550375 0.056620 0.033111
0.286433 0.970840 0.085901 0.034584
0.726134 0.548162 0.031408 0.029196
0.170658 0.693476 0.052477 0.019610
0.405574 0.191829 0.080927 0.031694
0.665554 0.664698 0.038544 0.031831
0.560256 0.863727 0.035725 0.031696
