0.397333 0.172533 0.055379 0.032896
0.922308 0.420892 0.069114 0.038879
0.925102 0.248140 0.056838 0.036981
0.929208 0.529551 0.064506 0.046391
0.716848 0.497293 0.063739 0.039136
0.392811 0.210864 0.068766 0.040529
0.725864 0.108467 0.070345 0.037711
0.719369 0.332426 0.066299 0.043983
0.484570 0.680151 0.071031 0.044644
0.495457 0.369406 0.062483 0.043467
0.924861 0.162242 0.062843 0.048538
0.711810 0.457291 0.059916 0.038223
0.591501 0.791147 0.060329 0.044348
0.713933 0.819894 0.060209 0.044599
0.836085 0.107043 0.060973 0.042587
0.498234 0.240721 0.067071 0.045275
0.591474 0.747085 0.059429 0.040319
0.922055 0.339517 0.061386 0.027289
0.713167 0.376836 0.083603 0.043397
0.588587 0.704706 0.058830 0.042825
0.728702 0.148059 0.054500 0.040115
0.827986 0.343130 0.052362 0.042300
0.504205 0.162164 0.063480 0.036016
0.920396 0.209543 0.057564 0.036231
0.477874 0.729043 0.063879 0.048107
0.928944 0.115975 0.062298 0.038262
0.823651 0.387141 0.061789 0.039999
0.931090 0.840473 0.056263 0.037331
0.388250 0.353887 0.070070 0.040181
0.492470 0.634574 0.067371 0.042327
0.057756 0.482583 0.058479 0.037853
0.924997 0.377717 0.055094 0.042403
0.383027 0.520463 0.052185 0.031026
0.610634 0.329076 0.060098 0.040816
0.399152 0.136159 0.050032 0.036848
0.729744 0.259063 0.060159 0.037133
0.379067 0.676895 0.057313 0.033331
0.932903 0.616909 0.062175 0.040016
0.492435 0.491393 0.054272 0.036921
0.497216 0.321332 0.058623 0.044199
0.586924 0.836362 0.063036 0.043127
0.172839 0.185744 0.067362 0.036664
0.379235 0.602629 0.052915 0.035648
0.824085 0.426186 0.057123 0.039488
0.934783 0.879328 0.056162 0.036902
0.162706 0.577228 0.057262 0.042638
0.383845 0.717188 0.058991 0.047582
0.829360 0.297339 0.055130 0.043547
0.380122 0.640548 0.056398 0.035114
0.825966 0.467575 0.055361 0.041902
0.709916 0.863552 0.063439 0.038616
0.057571 0.653370 0.061655 0.043329
0.836609 0.066769 0.053094 0.035466
0.706859 0.774504 0.062780 0.040249
0.926982 0.758620 0.054070 0.036981
0.166669 0.653119 0.054029 0.042224
0.931511 0.920125 0.052412 0.039224
0.492966 0.452124 0.053682 0.036321
0.818451 0.508487 0.056136 0.038173
0.171685 0.224618 0.055984 0.037271
0.590843 0.914336 0.060299 0.038699
0.614678 0.243937 0.056199 0.043701
0.398320 0.100026 0.049002 0.035623
0.590071 0.973650 0.053745 0.033636
0.927050 0.310530 0.058184 0.028269
0.816368 0.550497 0.065322 0.048607
0.066239 0.110421 0.052874 0.036663
0.498884 0.412833 0.064140 0.037730
0.493050 0.533871 0.051096 0.037791
0.925892 0.687451 0.053624 0.038602
0.612359 0.413103 0.067071 0.041885
0.724533 0.222812 0.054466 0.032846
0.588706 0.877357 0.059566 0.036692
0.605103 0.505637 0.052762 0.040028
0.394083 0.282355 0.052237 0.038324
0.933955 0.799358 0.055938 0.040585
0.709385 0.899184 0.055056 0.033877
0.051006 0.521769 0.072003 0.035459
0.835343 0.144498 0.049714 0.032310
0.605504 0.542407 0.056323 0.030105
0.057241 0.441957 0.049893 0.038818
0.925280 0.281166 0.051533 0.026057
0.608145 0.370437 0.057919 0.039289
0.396196 0.247781 0.057044 0.030201
0.611175 0.286935 0.046408 0.040272
0.928204 0.961085 0.061696 0.037289
0.725715 0.187423 0.057483 0.038263
0.502048 0.283534 0.053511 0.033149
0.172242 0.260927 0.054204 0.036767
0.620597 0.160882 0.049029 0.040559
0.056116 0.855689 0.049547 0.041463
0.385384 0.486450 0.054666 0.034105
0.505561 0.086330 0.053924 0.041753
0.162785 0.730941 0.054446 0.043547
0.154249 0.955859 0.060284 0.040375
0.733741 0.071777 0.053103 0.036878
0.601193 0.581330 0.065339 0.044666
0.929093 0.489187 0.056885 0.033324
0.156872 0.914407 0.058235 0.043403
0.165694 0.690052 0.052047 0.034070
0.177215 0.146727 0.049147 0.033119
0.060560 0.285226 0.048612 0.045935
0.828137 0.223118 0.044211 0.041786
0.061206 0.237865 0.051416 0.039708
0.504872 0.124710 0.046435 0.032917
0.057078 0.373971 0.046362 0.036047
0.495838 0.598536 0.048908 0.029683
0.926214 0.722787 0.050447 0.036313
0.831939 0.180551 0.045020 0.039090
0.595845 0.662331 0.055499 0.042633
0.065033 0.151565 0.045472 0.044342
0.055094 0.734829 0.053687 0.042312
0.056341 0.895901 0.060339 0.037143
0.927788 0.575487 0.060722 0.040278
0.065388 0.196555 0.046950 0.037609
0.735724 0.032670 0.048517 0.041065
0.404587 0.028190 0.043727 0.038537
0.385470 0.559745 0.058799 0.044458
0.057775 0.333309 0.049320 0.043703
0.607806 0.460828 0.056280 0.050744
0.055394 0.407862 0.054160 0.033370
0.712766 0.573392 0.055940 0.045937
0.708307 0.734020 0.062586 0.042620
0.830716 0.260149 0.046168 0.027315
0.055442 0.605208 0.043217 0.049730
0.167128 0.454763 0.048214 0.033386
0.717416 0.419994 0.049339 0.037055
0.394153 0.316857 0.047972 0.031917
0.836909 0.029537 0.045061 0.034770
0.176087 0.071596 0.046379 0.038558
0.178949 0.030070 0.063168 0.043072
0.484434 0.774515 0.057802 0.033486
0.401088 0.065510 0.040645 0.031781
0.624731 0.034135 0.061561 0.038345
0.281296 0.245470 0.049196 0.042374
0.604952 0.619653 0.055922 0.039605
0.173632 0.298152 0.054332 0.032169
0.931873 0.653047 0.054563 0.026047
0.064751 0.034401 0.059416 0.047563
0.494743 0.569917 0.050528 0.030780
0.178592 0.108595 0.046694 0.034152
0.930397 0.070054 0.061004 0.053001
0.923814 0.459454 0.066725 0.026205
0.168450 0.616625 0.061465 0.026041
0.053363 0.695910 0.048133 0.038181
0.620214 0.200026 0.052177 0.038288
0.283910 0.198019 0.052532 0.044869
0.388526 0.401200 0.051811 0.048119
0.065943 0.073968 0.045471 0.032164
0.274528 0.470629 0.055117 0.047169
0.055567 0.560229 0.050411 0.037680
0.589040 0.946004 0.052716 0.023197
0.717146 0.698067 0.053197 0.028003
0.715293 0.618558 0.048928 0.040675
0.389317 0.446065 0.052653 0.037758
0.721481 0.294640 0.046646 0.031849
0.278747 0.423618 0.064882 0.041948
0.498205 0.199789 0.047340 0.034763
0.167158 0.487157 0.055630 0.032364
0.620595 0.121179 0.044740 0.034525
0.281569 0.290063 0.045563 0.040428
0.055619 0.815250 0.052187 0.036639
0.164118 0.808751 0.049397 0.040145
0.163672 0.772263 0.050895 0.030742
0.163449 0.530873 0.049739 0.045019
0.172522 0.420195 0.050663 0.032616
0.058201 0.960584 0.048158 0.035120
0.716279 0.533858 0.046971 0.033237
0.284765 0.150842 0.057050 0.047200
0.935370 0.027104 0.065935 0.035118
0.623670 0.082595 0.051265 0.043513
0.053919 0.774477 0.043735 0.039430
0.171715 0.387361 0.043650 0.034952
0.274620 0.376720 0.042128 0.043157
0.715760 0.662238 0.048856 0.045577
0.511666 0.040789 0.053628 0.046801
0.174263 0.343361 0.050493 0.049910
0.726986 0.954711 0.103679 0.061155
0.064863 0.930177 0.068826 0.040041
0.160173 0.865662 0.058209 0.054244
0.280148 0.331437 0.042387 0.035940
0.486901 0.805386 0.037538 0.026576
