0.275457 0.301753 0.087822 0.053554
0.829952 0.331162 0.086604 0.055790
0.939406 0.355275 0.078941 0.053770
0.394803 0.394149 0.090570 0.055112
0.932867 0.552897 0.073669 0.050970
0.278251 0.406109 0.084725 0.049739
0.393461 0.926084 0.076751 0.048640
0.834085 0.555503 0.080898 0.056346
0.278008 0.245786 0.089877 0.053644
0.169042 0.614807 0.073951 0.051221
0.829599 0.445542 0.083314 0.055668
0.278769 0.737514 0.077741 0.051064
0.275381 0.354136 0.088510 0.050549
0.616843 0.291640 0.080499 0.052803
0.831751 0.879329 0.086107 0.050023
0.617988 0.346803 0.092335 0.052768
0.161082 0.446336 0.083302 0.057109
0.279799 0.792980 0.082645 0.050092
0.056095 0.479988 0.078420 0.050130
0.391586 0.449863 0.077498 0.051299
0.941689 0.125367 0.090600 0.053836
0.164813 0.126809 0.092304 0.060109
0.165591 0.915856 0.071724 0.050228
0.718788 0.615174 0.081827 0.054982
0.396959 0.711420 0.084176 0.047574
0.169411 0.339321 0.080733 0.048148
0.719935 0.502868 0.085422 0.058152
0.281283 0.515153 0.083505 0.051141
0.827467 0.115800 0.076175 0.045207
0.932280 0.067125 0.084125 0.058108
0.821155 0.277491 0.080299 0.047787
0.277933 0.940667 0.074410 0.040663
0.725803 0.669462 0.083917 0.050629
0.721994 0.891970 0.095331 0.050885
0.718631 0.288706 0.081745 0.047888
0.830028 0.825413 0.079958 0.051027
0.936798 0.182399 0.081606 0.058062
0.831708 0.388726 0.072430 0.050163
0.616009 0.402506 0.085489 0.052861
0.274387 0.682868 0.073481 0.052036
0.932510 0.411543 0.081801 0.051040
0.396555 0.335090 0.089371 0.054104
0.168247 0.234694 0.080112 0.050874
0.277619 0.133499 0.091751 0.062983
0.933540 0.604678 0.068956 0.047972
0.615049 0.507863 0.082060 0.045707
0.394292 0.871926 0.083745 0.053581
0.401210 0.815274 0.082909 0.051696
0.832637 0.770665 0.087593 0.047198
0.504605 0.485830 0.079265 0.051920
0.510129 0.739506 0.082113 0.052766
0.618635 0.769479 0.083383 0.057152
0.166508 0.391125 0.063656 0.046021
0.730896 0.390775 0.076928 0.050206
0.279362 0.571446 0.083609 0.053446
0.828312 0.221580 0.073635 0.048650
0.502428 0.581684 0.076795 0.042743
0.389770 0.504960 0.067077 0.055264
0.937690 0.657060 0.066891 0.050422
0.053831 0.279026 0.071144 0.051860
0.162901 0.560137 0.080995 0.050396
0.620254 0.456795 0.083978 0.051271
0.833075 0.500026 0.076147 0.048340
0.511438 0.687770 0.082432 0.046101
0.722957 0.725437 0.073322 0.051541
0.723398 0.838872 0.074293 0.045774
0.724881 0.445019 0.076630 0.052004
0.614073 0.559728 0.076231 0.051843
0.279265 0.070440 0.083257 0.058867
0.835518 0.926393 0.086526 0.044958
0.391848 0.216645 0.084404 0.057346
0.827785 0.166933 0.064031 0.051618
0.171565 0.287207 0.071476 0.049115
0.509314 0.634584 0.075820 0.057297
0.504821 0.390293 0.074680 0.050565
0.395927 0.761981 0.076611 0.047596
0.059216 0.587398 0.083497 0.048394
0.163259 0.182586 0.089586 0.051063
0.391642 0.276407 0.091887 0.060921
0.064220 0.735563 0.075537 0.042424
0.277195 0.458930 0.070194 0.049341
0.274725 0.191166 0.081492 0.047143
0.827628 0.063826 0.081959 0.055734
0.061224 0.880206 0.070284 0.044352
0.935038 0.911635 0.088116 0.048585
0.934367 0.741942 0.076334 0.049671
0.939877 0.961842 0.090864 0.052629
0.937642 0.300232 0.065653 0.051122
0.164342 0.503185 0.065180 0.048033
0.392908 0.970789 0.077380 0.039733
0.505115 0.114185 0.088907 0.048930
0.275809 0.898979 0.063857 0.039795
0.059763 0.332827 0.066027 0.048779
0.164306 0.808209 0.090001 0.053376
0.730000 0.171736 0.078141 0.054766
0.617200 0.178596 0.070073 0.049026
0.163922 0.713583 0.070130 0.046195
0.505487 0.435152 0.063105 0.040869
0.280715 0.847237 0.081116 0.050734
0.058151 0.687139 0.082097 0.042220
0.060596 0.831887 0.066444 0.042616
0.393084 0.064905 0.080577 0.051488
0.610461 0.879633 0.097109 0.057179
0.055466 0.181423 0.073539 0.051187
0.168806 0.858846 0.072139 0.045358
0.620045 0.822903 0.076771 0.043840
0.835372 0.666029 0.071773 0.059999
0.618140 0.615050 0.067720 0.048837
0.389052 0.608938 0.089212 0.047482
0.618134 0.965129 0.077905 0.043010
0.056502 0.386868 0.078325 0.041863
0.728343 0.560579 0.076548 0.049217
0.724017 0.233500 0.064008 0.059241
0.838900 0.969905 0.084128 0.042283
0.389832 0.554731 0.061997 0.045143
0.830955 0.608795 0.066504 0.044098
0.160892 0.965996 0.085063 0.045547
0.721311 0.338047 0.068575 0.046909
0.937040 0.242868 0.066222 0.058819
0.506767 0.277968 0.083425 0.060764
0.506885 0.535171 0.064587 0.042378
0.059592 0.782544 0.062788 0.046807
0.726247 0.782655 0.076557 0.056752
0.509720 0.335838 0.069991 0.051623
0.722990 0.116058 0.066902 0.047060
0.057080 0.126799 0.066419 0.051504
0.506027 0.959360 0.074349 0.051818
0.505520 0.851587 0.089470 0.049331
0.506951 0.219724 0.064277 0.045057
0.059744 0.433563 0.072143 0.041678
0.397333 0.658929 0.078801 0.049900
0.936354 0.856068 0.075199 0.057212
0.400636 0.160993 0.080908 0.053501
0.937441 0.699125 0.065257 0.029560
0.056520 0.230635 0.053108 0.039612
0.615301 0.664175 0.072215 0.042950
0.057324 0.535298 0.065565 0.049175
0.161204 0.067984 0.071189 0.053451
0.940305 0.506299 0.068864 0.036163
0.502000 0.063816 0.078760 0.049682
0.610426 0.063685 0.069577 0.049736
0.505143 0.793870 0.088537 0.050912
0.506011 0.902353 0.081141 0.044294
0.618565 0.234529 0.073502 0.056404
0.165685 0.665878 0.055469 0.043973
0.062565 0.932280 0.082814 0.048867
0.724929 0.065129 0.061246 0.050473
0.274494 0.975866 0.086883 0.028775
0.721155 0.936959 0.069864 0.043133
0.617077 0.711943 0.085852 0.051336
0.835048 0.720551 0.067641 0.044797
0.394225 0.114298 0.069000 0.040445
0.621012 0.117789 0.068006 0.052969
0.063876 0.640351 0.051008 0.047481
0.939746 0.463030 0.055028 0.048346
0.943906 0.793007 0.091489 0.050408
0.055780 0.070061 0.061841 0.054371
0.276009 0.625507 0.060729 0.051026
0.612987 0.924940 0.071770 0.029739
0.514409 0.165834 0.061552 0.050638
0.721994 0.971694 0.086681 0.038010
0.059712 0.972652 0.080802 0.034765
