0.506803 0.542067 0.060307 0.036922
0.513630 0.685098 0.048449 0.034718
0.066805 0.464918 0.054642 0.039840
0.723931 0.207552 0.057351 0.032366
0.406477 0.727319 0.053963 0.041408
0.504539 0.328335 0.061488 0.041150
0.820132 0.054061 0.060002 0.036523
0.615394 0.435643 0.056570 0.036838
0.290044 0.924534 0.079671 0.041873
0.506460 0.142200 0.054030 0.041080
0.406384 0.767778 0.049943 0.036519
0.617449 0.730067 0.065336 0.043086
0.621020 0.576712 0.060062 0.044020
0.615190 0.357645 0.053811 0.044692
0.504173 0.284613 0.052245 0.041889
0.819678 0.740166 0.058214 0.039203
0.722527 0.244313 0.056217 0.034665
0.064693 0.421315 0.056571 0.040136
0.725756 0.905170 0.046686 0.038368
0.180638 0.967370 0.054919 0.037543
0.402680 0.454011 0.050142 0.036291
0.180890 0.447657 0.053561 0.040251
0.503856 0.100568 0.056087 0.039388
0.730502 0.939927 0.055495 0.027506
0.614817 0.772035 0.052959 0.037158
0.623551 0.964817 0.056595 0.036783
0.399989 0.347356 0.053969 0.038467
0.726595 0.973209 0.061829 0.037090
0.827124 0.396973 0.059286 0.040631
0.296471 0.800722 0.060880 0.040025
0.293088 0.840752 0.053855 0.035376
0.182133 0.320683 0.052251 0.042999
0.626898 0.616162 0.059687 0.031966
0.404376 0.417561 0.059487 0.034200
0.396787 0.279177 0.060310 0.046117
0.823039 0.207051 0.057585 0.042714
0.071137 0.542283 0.059543 0.042877
0.179095 0.664086 0.067061 0.037015
0.295516 0.225659 0.053541 0.046338
0.505269 0.244358 0.053910 0.040725
0.510339 0.410073 0.053924 0.039270
0.418352 0.848441 0.059220 0.038232
0.937451 0.101009 0.049440 0.036505
0.293824 0.673864 0.049417 0.040769
0.723002 0.831098 0.054931 0.035957
0.935851 0.140064 0.068138 0.037771
0.514431 0.750313 0.051274 0.036711
0.294293 0.178793 0.054219 0.039165
0.293622 0.718209 0.071046 0.044174
0.404033 0.491668 0.058106 0.032063
0.399401 0.565825 0.058547 0.041852
0.398868 0.064256 0.058663 0.040180
0.291475 0.880593 0.052654 0.041016
0.507990 0.209344 0.056200 0.030679
0.725015 0.309286 0.048352 0.040225
0.938560 0.212299 0.051918 0.034823
0.068624 0.845874 0.051328 0.037522
0.070311 0.885038 0.053212 0.039488
0.180046 0.102503 0.065571 0.036417
0.508813 0.581750 0.054202 0.031701
0.937588 0.247976 0.057899 0.033410
0.296333 0.597869 0.051568 0.038662
0.939933 0.357861 0.048371 0.038437
0.064566 0.699076 0.049947 0.036778
0.075271 0.382328 0.055829 0.036419
0.071644 0.185395 0.050655 0.036394
0.725683 0.172084 0.053429 0.036219
0.516694 0.715614 0.062192 0.027886
0.510558 0.368511 0.062262 0.042117
0.615671 0.156421 0.051946 0.038281
0.296391 0.265992 0.061084 0.036006
0.178753 0.275147 0.052786 0.041961
0.614998 0.812854 0.063575 0.042140
0.293787 0.554219 0.053255 0.045478
0.506638 0.454766 0.054612 0.047840
0.830507 0.355921 0.050911 0.038650
0.179132 0.927856 0.050466 0.038190
0.614181 0.852639 0.053616 0.036564
0.503758 0.059374 0.059614 0.043088
0.935004 0.812783 0.051167 0.040564
0.402582 0.525999 0.048044 0.034512
0.401242 0.382186 0.056188 0.032994
0.937262 0.563278 0.056376 0.041194
0.065254 0.625748 0.055652 0.040765
0.411710 0.885350 0.063138 0.033562
0.935471 0.474723 0.058610 0.047410
0.829323 0.817784 0.061969 0.038722
0.066605 0.775340 0.050471 0.040712
0.409075 0.808288 0.048584 0.040694
0.714260 0.064935 0.065020 0.040607
0.726189 0.350489 0.055449 0.042362
0.516681 0.972205 0.047694 0.030279
0.070625 0.301156 0.052598 0.042915
0.186330 0.490267 0.057626 0.037224
0.613072 0.891850 0.067122 0.042323
0.284408 0.069969 0.063984 0.048266
0.396194 0.230608 0.063198 0.045527
0.297495 0.635219 0.050327 0.034022
0.716199 0.023264 0.050749 0.039151
0.729234 0.393963 0.056971 0.044157
0.823720 0.778323 0.054243 0.033623
0.933287 0.775503 0.052662 0.033941
0.827113 0.518858 0.047761 0.041832
0.065329 0.736303 0.048452 0.034330
0.821962 0.562509 0.062699 0.043799
0.725744 0.590160 0.058510 0.038315
0.822663 0.282254 0.059522 0.036299
0.618625 0.540169 0.051869 0.030287
0.717721 0.709350 0.045959 0.039146
0.514882 0.650520 0.047683 0.028970
0.617891 0.398955 0.047790 0.035079
0.615760 0.505872 0.049954 0.038261
0.936649 0.631856 0.047826 0.035401
0.072153 0.223056 0.048627 0.041365
0.606036 0.316142 0.060477 0.035478
0.069908 0.503601 0.051079 0.033518
0.613707 0.233380 0.041239 0.030873
0.726176 0.867228 0.049502 0.031376
0.511337 0.789081 0.047508 0.041170
0.183550 0.059056 0.055860 0.045165
0.071023 0.342964 0.047757 0.039777
0.616262 0.114968 0.057096 0.033280
0.510584 0.616317 0.044626 0.038243
0.823982 0.860235 0.053691 0.042393
0.935028 0.064668 0.052207 0.032667
0.070722 0.584580 0.053197 0.037784
0.823525 0.160878 0.044559 0.044729
0.826231 0.248067 0.047070 0.033871
0.407112 0.687594 0.054733 0.032650
0.183925 0.532586 0.052011 0.041326
0.174565 0.852962 0.059377 0.042274
0.397739 0.105018 0.067648 0.038767
0.724990 0.479883 0.062643 0.040939
0.291424 0.481438 0.057180 0.033729
0.505890 0.501980 0.049924 0.041496
0.720165 0.633565 0.047539 0.037952
0.612208 0.194638 0.050008 0.036134
0.933899 0.899007 0.054669 0.036075
0.822353 0.087277 0.050510 0.032338
0.285182 0.109752 0.054206 0.033573
0.291598 0.374442 0.051783 0.034245
0.519051 0.937754 0.051390 0.035970
0.932323 0.521840 0.053412 0.038186
0.400080 0.024733 0.051433 0.036582
0.289309 0.514625 0.067634 0.027061
0.724024 0.791166 0.044920 0.037929
0.286973 0.024210 0.054752 0.040093
0.080974 0.921921 0.063762 0.031456
0.934156 0.285636 0.058339 0.037293
0.411369 0.920538 0.060620 0.040672
0.178025 0.737377 0.053208 0.042267
0.831092 0.317325 0.050468 0.032032
0.183170 0.700096 0.055907 0.030470
0.931042 0.031029 0.063028 0.031748
0.394730 0.146079 0.062249 0.045755
0.615924 0.928425 0.050896 0.030386
0.180431 0.405956 0.052554 0.038402
0.402709 0.648188 0.051439 0.043459
0.727025 0.440214 0.050510 0.040804
0.294036 0.303320 0.048263 0.039306
0.178847 0.143250 0.050991 0.042720
0.718583 0.670560 0.043064 0.033877
0.292400 0.962475 0.060613 0.034069
0.295626 0.339510 0.050464 0.034534
0.933943 0.858699 0.048427 0.044324
0.727572 0.274415 0.049267 0.028073
0.511438 0.177540 0.047797 0.025338
0.067478 0.143095 0.051565 0.044326
0.939796 0.434066 0.042995 0.031455
0.175565 0.813363 0.048969 0.036285
0.177346 0.891671 0.060339 0.028907
0.398845 0.185763 0.046863 0.035200
0.400760 0.604642 0.043536 0.034833
0.937587 0.319722 0.046904 0.030731
0.512462 0.829556 0.044882 0.035963
0.717877 0.749351 0.051614 0.040388
0.080034 0.961802 0.055945 0.044143
0.718843 0.103836 0.040946 0.038613
0.179802 0.364933 0.046498 0.044899
0.622385 0.652991 0.048513 0.037017
0.932775 0.934452 0.045927 0.035818
0.067020 0.664174 0.046137 0.032706
0.727853 0.545576 0.047602 0.040987
0.935059 0.967978 0.045630 0.032387
0.296924 0.761395 0.049026 0.035707
0.286110 0.447899 0.068750 0.032929
0.822291 0.119789 0.045411 0.028867
0.828498 0.439938 0.047255 0.041688
0.720388 0.138659 0.050037 0.030777
0.185904 0.575222 0.050396 0.044385
0.069755 0.029807 0.053309 0.048291
0.290044 0.143103 0.052564 0.032098
0.617359 0.690406 0.046216 0.035667
0.506738 0.020921 0.056055 0.028799
0.821852 0.020331 0.048860 0.027921
0.179125 0.230252 0.050850 0.046470
0.827188 0.478960 0.047586 0.035235
0.621157 0.468903 0.049728 0.028681
0.074749 0.260698 0.045748 0.033372
0.287691 0.410190 0.061392 0.039489
0.075681 0.810413 0.052393 0.025458
0.944159 0.175199 0.062421 0.034095
0.935913 0.712697 0.050885 0.031188
0.069094 0.072785 0.053792 0.030292
0.183448 0.186307 0.053818 0.043690
0.514352 0.865084 0.040702 0.034750
0.407348 0.960263 0.056171 0.040130
0.178542 0.776181 0.040279 0.034676
0.179215 0.019619 0.045989 0.033643
0.617115 0.071257 0.060679 0.047720
0.933766 0.741118 0.054136 0.033876
0.182937 0.621437 0.038542 0.041588
0.515955 0.901989 0.038236 0.037316
0.817843 0.899386 0.068655 0.036170
0.939544 0.598090 0.048146 0.025326
0.826183 0.701917 0.059831 0.034699
0.610602 0.273626 0.060066 0.043502
0.832098 0.616304 0.063512 0.045847
0.941388 0.399153 0.048907 0.040106
0.823151 0.660508 0.046504 0.039634
0.603914 0.025202 0.066219 0.040428
0.942533 0.672802 0.047224 0.041355
0.070397 0.105283 0.042284 0.030516
0.727431 0.510855 0.049821 0.026779
0.399231 0.312456 0.046550 0.027269
0.822857 0.943133 0.066420 0.050218
