0.614082 0.170212 0.081838 0.053111
0.395745 0.226542 0.078976 0.053263
0.929553 0.168504 0.091553 0.051840
0.932723 0.222939 0.087443 0.050531
0.169618 0.894038 0.088956 0.053111
0.822579 0.465994 0.075141 0.053957
0.502874 0.721096 0.086137 0.053912
0.932020 0.113135 0.087300 0.056434
0.281405 0.787211 0.087152 0.053567
0.384337 0.712259 0.087631 0.055342
0.818373 0.677259 0.082258 0.052698
0.932419 0.276204 0.069143 0.050435
0.609133 0.696981 0.080261 0.054505
0.389452 0.819860 0.083866 0.045724
0.719923 0.222733 0.074654 0.056367
0.388267 0.441154 0.088314 0.045548
0.505330 0.968344 0.083490 0.048502
0.391869 0.921854 0.076754 0.052123
0.389663 0.284002 0.078374 0.057107
0.932112 0.331164 0.079136 0.054423
0.499844 0.554148 0.086305 0.050706
0.390366 0.492987 0.086125 0.048713
0.505834 0.664016 0.070740 0.053083
0.614925 0.854216 0.075735 0.052365
0.611284 0.266780 0.073015 0.049905
0.068591 0.922480 0.073441 0.041177
0.825326 0.622437 0.074655 0.050902
0.277354 0.216956 0.086972 0.058551
0.717969 0.164872 0.080258 0.048017
0.167408 0.227477 0.080260 0.044853
0.720261 0.590347 0.073147 0.053808
0.393697 0.767615 0.071626 0.050046
0.066514 0.502553 0.075899 0.052129
0.823598 0.732003 0.073023 0.049933
0.926345 0.590790 0.084512 0.044642
0.064240 0.821119 0.091261 0.046926
0.936601 0.748696 0.073668 0.050049
0.164705 0.437286 0.083208 0.047350
0.717134 0.814036 0.068977 0.050945
0.717932 0.868001 0.084534 0.049187
0.932150 0.849855 0.063602 0.047966
0.386943 0.118286 0.076968 0.048670
0.504233 0.832146 0.074070 0.051333
0.278498 0.329370 0.090459 0.051384
0.508625 0.336022 0.089981 0.051203
0.386821 0.062304 0.089669 0.057837
0.167522 0.172721 0.100345 0.056002
0.820387 0.521372 0.080943 0.050116
0.168186 0.385886 0.080630 0.049275
0.609152 0.639954 0.090726 0.053035
0.281984 0.682243 0.076338 0.041863
0.933082 0.799517 0.065811 0.047321
0.282471 0.159393 0.077940 0.050177
0.504684 0.439209 0.080824 0.043582
0.063674 0.714523 0.068712 0.049397
0.719353 0.276443 0.082077 0.047956
0.505271 0.923245 0.075589 0.038531
0.820270 0.890069 0.076928 0.045823
0.395394 0.170308 0.071356 0.049537
0.173630 0.589730 0.085685 0.047819
0.176527 0.845248 0.090204 0.039688
0.820071 0.269709 0.084493 0.046213
0.279736 0.275851 0.075795 0.052755
0.820402 0.836859 0.078511 0.050402
0.714438 0.111309 0.077414 0.053538
0.176611 0.740748 0.083640 0.045364
0.926292 0.540972 0.077231 0.049069
0.721954 0.962007 0.085213 0.042685
0.504558 0.388129 0.082959 0.052169
0.615355 0.113817 0.070453 0.056051
0.617351 0.220151 0.083670 0.042522
0.064829 0.872824 0.065198 0.051951
0.502880 0.227701 0.096339 0.052631
0.825808 0.782848 0.070413 0.047983
0.609423 0.750072 0.087906 0.040591
0.614272 0.318512 0.067773 0.046064
0.712938 0.489211 0.080244 0.048171
0.062380 0.066302 0.082619 0.056360
0.280854 0.897593 0.061907 0.049733
0.819570 0.572222 0.072976 0.047906
0.718240 0.916704 0.078109 0.044322
0.503110 0.175109 0.079159 0.047346
0.395019 0.868238 0.062622 0.047482
0.170949 0.942730 0.076228 0.039391
0.928951 0.382133 0.077139 0.046861
0.925465 0.485563 0.080383 0.052769
0.503520 0.283105 0.083947 0.050573
0.720652 0.328171 0.084364 0.051914
0.168401 0.060565 0.086260 0.050723
0.609148 0.959891 0.089389 0.048819
0.068967 0.770565 0.074463 0.054235
0.063723 0.658988 0.072597 0.052260
0.501789 0.879172 0.056875 0.044807
0.065287 0.967374 0.079028 0.044783
0.170933 0.116003 0.074659 0.049833
0.390751 0.968351 0.077169 0.040586
0.066198 0.553350 0.063091 0.047599
0.166716 0.273184 0.082199 0.043780
0.825175 0.319356 0.066821 0.051259
0.717340 0.384900 0.087987 0.055025
0.278557 0.733372 0.067908 0.051326
0.609557 0.377905 0.084121 0.060202
0.281862 0.943997 0.075410 0.040045
0.506795 0.607765 0.074005 0.050891
0.723896 0.538891 0.080654 0.040603
0.171241 0.331188 0.070487 0.056621
0.170751 0.793838 0.064935 0.052385
0.395239 0.387232 0.067933 0.049581
0.273167 0.582706 0.076505 0.048771
0.064024 0.607554 0.070745 0.050566
0.283574 0.843766 0.064318 0.052666
0.930619 0.694915 0.066137 0.055011
0.392262 0.336309 0.070477 0.038017
0.066639 0.447867 0.073669 0.053679
0.824395 0.108015 0.063638 0.044664
0.059779 0.387598 0.076021 0.055695
0.721433 0.753815 0.061252 0.059108
0.829045 0.373202 0.073548 0.049010
0.172970 0.638261 0.068458 0.045065
0.927114 0.639383 0.076270 0.045872
0.719115 0.436267 0.071492 0.045894
0.503398 0.062636 0.082111 0.056418
0.169786 0.483970 0.084218 0.043230
0.609635 0.057342 0.083348 0.050692
0.720297 0.646752 0.064549 0.049254
0.608782 0.908238 0.085094 0.054802
0.280268 0.105649 0.060287 0.049860
0.926024 0.058742 0.076126 0.051293
0.504847 0.120502 0.065232 0.055883
0.167046 0.537429 0.076853 0.052480
0.063142 0.332338 0.066351 0.046221
0.066631 0.163295 0.080104 0.041794
0.503345 0.496709 0.076840 0.060557
0.824656 0.417616 0.074589 0.038174
0.721616 0.057518 0.076745 0.050923
0.394967 0.653686 0.072676 0.050673
0.171358 0.689584 0.068447 0.052386
0.499545 0.776142 0.092450 0.050198
0.280418 0.456733 0.071147 0.057104
0.817566 0.962151 0.088963 0.038738
0.067138 0.213209 0.084436 0.052024
0.613737 0.428377 0.083443 0.041901
0.609410 0.584327 0.078516 0.056958
0.612510 0.801750 0.058920 0.047527
0.614247 0.529060 0.074748 0.050339
0.279974 0.392753 0.063283 0.061290
0.278598 0.520404 0.087800 0.056528
0.278282 0.056878 0.070503 0.044732
0.823250 0.152730 0.058027 0.039879
0.062891 0.274449 0.068702 0.062044
0.725339 0.698188 0.069576 0.049953
0.178845 0.977139 0.072395 0.030598
0.392036 0.546031 0.070467 0.044905
0.061589 0.118685 0.060245 0.043926
0.822096 0.059051 0.062210 0.046228
0.927449 0.431892 0.068850 0.049074
0.288350 0.977730 0.068680 0.027467
0.616121 0.476213 0.073349 0.049551
0.924104 0.898433 0.062194 0.042663
0.282325 0.638771 0.049294 0.042861
0.822668 0.211354 0.072494 0.065649
0.924469 0.948955 0.076837 0.053275
0.820827 0.928870 0.046254 0.030044
0.393183 0.601493 0.056391 0.039074
