0.285108 0.661622 0.051045 0.038799
0.568980 0.710959 0.060886 0.032972
0.095945 0.744890 0.054138 0.028998
0.858941 0.257918 0.062649 0.035715
0.372903 0.527753 0.054952 0.035141
0.859890 0.295606 0.051345 0.033272
0.094648 0.664005 0.057690 0.037651
0.281756 0.741553 0.051106 0.032079
0.188434 0.590643 0.050462 0.035275
0.187768 0.703795 0.051022 0.030462
0.098583 0.528308 0.054543 0.027579
0.097579 0.707201 0.059486 0.042082
0.858507 0.333397 0.050860 0.037439
0.190098 0.629847 0.050425 0.037479
0.283976 0.260019 0.063763 0.035775
0.283329 0.816999 0.050391 0.035036
0.104089 0.192899 0.057668 0.035362
0.099218 0.491609 0.058998 0.039731
0.858817 0.584787 0.050059 0.034197
0.861132 0.121283 0.053353 0.035042
0.473584 0.813739 0.060531 0.030173
0.100419 0.228545 0.055655 0.028717
0.764848 0.852832 0.056831 0.028924
0.101979 0.157324 0.060282 0.026663
0.096961 0.845906 0.051360 0.030814
0.578588 0.191292 0.063377 0.030795
0.104307 0.319707 0.055413 0.028710
0.188993 0.669385 0.057942 0.029491
0.858897 0.726504 0.060454 0.032004
0.476541 0.451447 0.054552 0.034846
0.097396 0.878434 0.052833 0.028086
0.379516 0.490341 0.053683 0.038517
0.765336 0.432842 0.056476 0.039365
0.378298 0.887412 0.052318 0.028942
0.854625 0.886364 0.050799 0.029059
0.472273 0.776555 0.052728 0.038171
0.761354 0.783316 0.053393 0.032323
0.859186 0.413597 0.049241 0.035560
0.476015 0.580274 0.053129 0.032346
0.382017 0.254239 0.054690 0.033552
0.567065 0.775651 0.051947 0.027294
0.576993 0.503220 0.052652 0.034364
0.574080 0.159278 0.055987 0.030496
0.095240 0.558513 0.052718 0.025258
0.284711 0.776311 0.050170 0.033950
0.472584 0.673385 0.055820 0.028522
0.862906 0.622100 0.054147 0.036655
0.381287 0.856105 0.047334 0.029007
0.189013 0.156987 0.047812 0.033332
0.279922 0.880457 0.045434 0.032199
0.575470 0.611214 0.057304 0.032947
0.094466 0.811681 0.048495 0.026386
0.762954 0.887219 0.048595 0.030715
0.763618 0.710088 0.051756 0.032226
0.104470 0.352210 0.063124 0.028346
0.378501 0.291868 0.051811 0.037171
0.284083 0.580367 0.054731 0.030450
0.470790 0.739669 0.056241 0.031751
0.478386 0.416880 0.060461 0.026557
0.571883 0.811878 0.052299 0.036911
0.376534 0.361413 0.055812 0.028021
0.188640 0.802902 0.057885 0.025244
0.094313 0.589801 0.051290 0.028523
0.860164 0.375490 0.057655 0.035004
0.376236 0.666039 0.051929 0.030503
0.285518 0.338519 0.051321 0.029771
0.380710 0.327901 0.053325 0.029403
0.483085 0.239342 0.060598 0.036519
0.576619 0.541605 0.054097 0.032715
0.471049 0.847898 0.048333 0.033241
0.470830 0.641637 0.050873 0.030009
0.859098 0.692113 0.050015 0.030244
0.286701 0.618492 0.045301 0.035576
0.568561 0.744814 0.049092 0.030567
0.854282 0.518863 0.050702 0.031758
0.192935 0.191162 0.061319 0.029443
0.098247 0.451592 0.056419 0.030108
0.858798 0.792594 0.048471 0.029286
0.375334 0.727589 0.049377 0.027743
0.853315 0.487373 0.048154 0.032626
0.290894 0.373781 0.051472 0.032230
0.762250 0.358394 0.056950 0.030006
0.197957 0.425135 0.061520 0.036248
0.289557 0.543922 0.045172 0.036928
0.187514 0.551685 0.048478 0.029962
0.377187 0.427719 0.049827 0.029815
0.574067 0.674312 0.051557 0.032753
0.769479 0.672137 0.055759 0.033798
0.285135 0.085867 0.047488 0.035659
0.663329 0.789653 0.058024 0.041441
0.376941 0.826138 0.051336 0.023325
0.575070 0.576579 0.053168 0.026878
0.768989 0.110762 0.054267 0.033666
0.477286 0.545812 0.047139 0.031587
0.482643 0.202531 0.053654 0.031287
0.380100 0.391668 0.051994 0.028897
0.285263 0.702627 0.038863 0.035912
0.856107 0.449750 0.045309 0.034106
0.675536 0.151281 0.051337 0.034976
0.099595 0.387094 0.053288 0.031656
0.290377 0.406671 0.048236 0.025817
0.575540 0.364723 0.048307 0.033658
0.370790 0.760324 0.045542 0.031448
0.576643 0.435240 0.059974 0.025650
0.575153 0.083876 0.054194 0.034889
0.487152 0.142809 0.045841 0.028900
0.766690 0.746379 0.051887 0.030134
0.667876 0.476478 0.045903 0.035509
0.770613 0.216387 0.060730 0.025067
0.101190 0.908241 0.070983 0.030544
0.374816 0.630816 0.051364 0.029428
0.097074 0.777601 0.041439 0.030898
0.762271 0.281581 0.052022 0.030069
0.374302 0.797142 0.045673 0.030888
0.475905 0.487550 0.050168 0.027558
0.382717 0.140677 0.051686 0.036933
0.765987 0.514204 0.059522 0.039201
0.767506 0.185159 0.052273 0.030637
0.666160 0.553893 0.049297 0.041854
0.467948 0.879720 0.054839 0.027152
0.851765 0.915713 0.050306 0.028540
0.762772 0.637507 0.050135 0.028353
0.766576 0.317810 0.052858 0.037930
0.475785 0.706451 0.062423 0.028890
0.192442 0.333894 0.049846 0.041587
0.192314 0.906211 0.048581 0.028448
0.193478 0.382163 0.047982 0.041841
0.376501 0.560090 0.065525 0.029210
0.857310 0.658802 0.050781 0.026376
0.195156 0.460915 0.061956 0.030907
0.767132 0.148592 0.050890 0.034919
0.102442 0.289350 0.044630 0.027109
0.577102 0.289294 0.053757 0.025908
0.863013 0.215642 0.053564 0.036222
0.381619 0.214945 0.045294 0.036059
0.575423 0.465989 0.054482 0.031377
0.374320 0.595287 0.052473 0.033425
0.569611 0.847119 0.044094 0.026377
0.098331 0.625740 0.057259 0.034870
0.476287 0.274366 0.047206 0.029632
0.190003 0.118649 0.044516 0.035858
0.860881 0.181113 0.042629 0.025434
0.669579 0.513044 0.059076 0.028374
0.671209 0.189579 0.047736 0.030737
0.856065 0.857372 0.039894 0.027254
0.666814 0.602842 0.050551 0.040193
0.189843 0.737116 0.044082 0.031555
0.468381 0.910143 0.049741 0.031804
0.858335 0.552102 0.046759 0.025739
0.191211 0.875026 0.051078 0.030870
0.574028 0.911301 0.052026 0.027745
0.485628 0.083109 0.045247 0.032881
0.188644 0.837981 0.040359 0.034629
0.288390 0.503688 0.047117 0.036475
0.289366 0.469534 0.049854 0.032747
0.760704 0.472926 0.050396 0.034083
0.664780 0.729791 0.063201 0.029272
0.861561 0.082769 0.048316 0.032776
0.188999 0.489713 0.057135 0.023872
0.764149 0.247060 0.044797 0.030675
0.099875 0.124894 0.060016 0.034188
0.761788 0.395106 0.053122 0.032788
0.189036 0.771591 0.056611 0.030241
0.766755 0.597702 0.056429 0.038020
0.194047 0.291236 0.050270 0.040580
0.569656 0.878548 0.040860 0.030422
0.856520 0.825602 0.039191 0.028373
0.384404 0.107279 0.047320 0.021532
0.575212 0.122174 0.041242 0.036146
0.374167 0.696973 0.039478 0.026216
0.672942 0.329508 0.053414 0.030731
0.288507 0.436322 0.043788 0.029301
0.190045 0.249303 0.051365 0.036738
0.378916 0.917342 0.052922 0.025525
0.100077 0.418327 0.062518 0.023326
0.674404 0.436488 0.053316 0.034204
0.665588 0.690126 0.040780 0.035704
0.382594 0.078781 0.044576 0.025521
0.281519 0.850701 0.050391 0.022077
0.762930 0.556726 0.041615 0.037685
0.662814 0.646774 0.044789 0.038321
0.677802 0.113757 0.049192 0.034089
0.478035 0.328156 0.039891 0.025224
0.286268 0.118641 0.052942 0.025134
0.475855 0.612150 0.038971 0.025589
0.096637 0.085852 0.048376 0.029156
0.679804 0.294937 0.069250 0.037885
0.859217 0.154233 0.043688 0.020187
0.191053 0.521120 0.041115 0.031505
0.384588 0.178859 0.038250 0.030612
0.856224 0.759174 0.039115 0.028540
0.770821 0.078863 0.053528 0.026389
0.761049 0.820111 0.040453 0.029512
0.576016 0.325706 0.052662 0.034004
0.572521 0.642638 0.038688 0.026303
0.576457 0.228650 0.040534 0.040273
0.101354 0.259498 0.036738 0.026417
0.477671 0.359496 0.042354 0.031717
0.289888 0.144614 0.062109 0.023901
0.286045 0.300147 0.040979 0.034816
0.285970 0.174104 0.041521 0.027513
0.479207 0.173610 0.053833 0.025660
0.475469 0.301994 0.042461 0.020201
0.286749 0.910833 0.048481 0.021604
0.580253 0.262503 0.047475 0.017595
0.672352 0.079721 0.040707 0.024193
0.475914 0.515847 0.042089 0.020199
0.287827 0.214190 0.057161 0.041259
0.376933 0.455531 0.041661 0.021061
0.483059 0.389079 0.051107 0.019046
0.191319 0.082025 0.036625 0.031021
0.678066 0.366814 0.058204 0.034326
0.190558 0.217850 0.049978 0.021449
0.674619 0.259555 0.044083 0.028259
0.765125 0.915684 0.047565 0.020913
0.671778 0.224402 0.040454 0.032631
0.671721 0.399193 0.047526 0.032347
0.577970 0.400395 0.052464 0.034771
0.663140 0.756963 0.048171 0.020559
0.479610 0.114451 0.044226 0.017968
0.706165 0.261278 0.060880 0.029302
0.705675 0.295418 0.059305 0.036434
