0.595562 0.105866 0.077066 0.045097
0.824317 0.109780 0.065013 0.041252
0.826370 0.223161 0.062563 0.033173
0.488413 0.252295 0.069810 0.048181
0.278256 0.183362 0.057086 0.038059
0.825507 0.573468 0.076739 0.037323
0.714151 0.875169 0.065581 0.040103
0.712639 0.592784 0.055989 0.036493
0.714873 0.242895 0.062993 0.039657
0.601502 0.152478 0.061463 0.044878
0.942759 0.498673 0.068202 0.034729
0.707739 0.318636 0.071862 0.041705
0.489582 0.842694 0.059493 0.041409
0.378869 0.148060 0.064943 0.033085
0.718304 0.677826 0.055743 0.039821
0.828064 0.499524 0.057920 0.032991
0.830842 0.535209 0.053607 0.036641
0.072937 0.184827 0.061704 0.037005
0.174835 0.595690 0.061654 0.034482
0.382136 0.443605 0.069495 0.040291
0.832161 0.648452 0.058157 0.035993
0.831853 0.788863 0.062252 0.042682
0.713368 0.552921 0.052137 0.039798
0.945371 0.784064 0.048015 0.039146
0.077583 0.643021 0.059253 0.041718
0.718613 0.717768 0.062868 0.040332
0.486457 0.535724 0.061528 0.038965
0.828953 0.151285 0.052950 0.038850
0.599078 0.024624 0.071191 0.038231
0.489228 0.174709 0.058592 0.039685
0.381973 0.218544 0.055772 0.040058
0.597431 0.316363 0.065572 0.042125
0.076737 0.602183 0.055306 0.036741
0.709543 0.206835 0.056763 0.034326
0.279644 0.703546 0.050327 0.034483
0.713424 0.835294 0.049242 0.036461
0.488067 0.768896 0.060832 0.033496
0.486332 0.296685 0.054929 0.035990
0.712399 0.280170 0.070858 0.034370
0.833077 0.712955 0.056261 0.039499
0.483453 0.690880 0.063884 0.043686
0.832234 0.610875 0.051759 0.037150
0.938294 0.328541 0.056254 0.039876
0.944250 0.881823 0.047861 0.033971
0.176486 0.479193 0.054571 0.042356
0.172231 0.397519 0.059018 0.041240
0.490409 0.210869 0.060062 0.031483
0.940060 0.713171 0.070916 0.043310
0.837844 0.829594 0.056659 0.038668
0.279263 0.621730 0.054922 0.036028
0.378102 0.075527 0.058401 0.041922
0.080347 0.682100 0.059951 0.031542
0.943452 0.670539 0.058652 0.039694
0.602251 0.063545 0.064319 0.035671
0.384572 0.292240 0.048484 0.038078
0.389404 0.869073 0.067072 0.040489
0.933450 0.287879 0.060829 0.041355
0.182741 0.805966 0.049624 0.033495
0.824930 0.256906 0.062057 0.031724
0.490108 0.461298 0.066485 0.037626
0.075511 0.752588 0.069530 0.041965
0.278562 0.430164 0.054466 0.036137
0.489600 0.339621 0.051377 0.043981
0.282962 0.502344 0.049895 0.041468
0.711136 0.102274 0.067293 0.030769
0.485688 0.579042 0.051561 0.045694
0.280600 0.740256 0.056980 0.035753
0.938230 0.564840 0.076215 0.030526
0.934339 0.248036 0.061831 0.031985
0.942557 0.532869 0.063871 0.031383
0.277782 0.581615 0.049095 0.042473
0.387245 0.181037 0.063525 0.033208
0.077925 0.715662 0.060564 0.032858
0.936963 0.462162 0.052564 0.036297
0.084654 0.828483 0.052282 0.038981
0.385303 0.627966 0.057903 0.036819
0.950141 0.958356 0.050637 0.032590
0.713298 0.634437 0.050933 0.042969
0.939051 0.127821 0.062502 0.036823
0.385580 0.668979 0.051274 0.040667
0.490678 0.383141 0.051284 0.038662
0.711627 0.472577 0.055904 0.039179
0.374578 0.032473 0.064382 0.044143
0.277557 0.295487 0.056232 0.037545
0.383063 0.753210 0.054999 0.041739
0.383586 0.399716 0.049277 0.040232
0.934473 0.211507 0.074302 0.038925
0.826406 0.189523 0.051735 0.032603
0.273012 0.148227 0.053493 0.028964
0.180946 0.556328 0.047688 0.038416
0.488529 0.423292 0.052425 0.035964
0.830729 0.864341 0.058398 0.033981
0.947063 0.821775 0.049056 0.034223
0.175137 0.439728 0.049209 0.035979
0.179409 0.704779 0.046094 0.038312
0.170843 0.179412 0.049749 0.042034
0.714603 0.436445 0.060823 0.031648
0.830017 0.467333 0.047968 0.030444
0.070646 0.421081 0.064104 0.033402
0.277967 0.894105 0.049873 0.034838
0.832880 0.897966 0.058876 0.031244
0.179147 0.631528 0.052346 0.033813
0.273135 0.070765 0.052165 0.038577
0.939362 0.600338 0.049360 0.039699
0.935418 0.168149 0.060857 0.044533
0.385512 0.709664 0.047765 0.039712
0.836807 0.680719 0.062768 0.028809
0.491660 0.498100 0.053764 0.035701
0.491673 0.109095 0.054120 0.030811
0.177373 0.518930 0.046153 0.032223
0.946621 0.919590 0.045749 0.040204
0.818003 0.062833 0.053793 0.045762
0.180995 0.667138 0.048022 0.036655
0.603276 0.387175 0.054400 0.034476
0.179615 0.770353 0.044173 0.035532
0.179603 0.840788 0.050076 0.034805
0.829389 0.436182 0.046834 0.032496
0.278457 0.260481 0.054556 0.026744
0.717650 0.800047 0.050187 0.034710
0.275222 0.111315 0.063422 0.043512
0.489811 0.804197 0.052567 0.034129
0.381174 0.361365 0.050602 0.035197
0.941454 0.751130 0.059252 0.026542
0.718556 0.947338 0.073553 0.046548
0.487381 0.140274 0.051836 0.029881
0.938107 0.091623 0.051613 0.034580
0.173270 0.294885 0.044174 0.035181
0.488138 0.733332 0.049101 0.040757
0.385327 0.482997 0.046244 0.032418
0.710083 0.511635 0.050647 0.039972
0.487364 0.882524 0.051342 0.037664
0.709741 0.028304 0.046852 0.042527
0.176692 0.327394 0.046966 0.024357
0.281095 0.464544 0.047728 0.032606
0.724120 0.760046 0.064892 0.041661
0.174939 0.358030 0.046641 0.035013
0.487382 0.072756 0.045156 0.038783
0.830280 0.960461 0.066924 0.029684
0.709309 0.070040 0.055979 0.036303
0.388155 0.522721 0.060058 0.042863
0.073774 0.382577 0.045908 0.043285
0.382306 0.114287 0.050703 0.034642
0.279406 0.777632 0.047112 0.042010
0.826643 0.290277 0.050133 0.037137
0.281017 0.541544 0.050542 0.033760
0.078868 0.494108 0.050834 0.041041
0.277459 0.329425 0.052858 0.030831
0.283217 0.928341 0.044334 0.032604
0.387585 0.589961 0.047325 0.036370
0.081277 0.532399 0.047666 0.032292
0.482608 0.649560 0.061258 0.037106
0.093739 0.931306 0.052744 0.041700
0.716997 0.360912 0.073395 0.039964
0.717796 0.908708 0.065875 0.028478
0.093160 0.897035 0.058857 0.030165
0.831451 0.326787 0.063619 0.034142
0.170607 0.134468 0.048727 0.043616
0.937345 0.366014 0.058135 0.026843
0.938295 0.427494 0.042665 0.032916
0.269889 0.029739 0.053554 0.039029
0.083142 0.791405 0.049481 0.034577
0.385430 0.255103 0.040257 0.032709
0.819699 0.022123 0.050775 0.030909
0.283679 0.961076 0.053548 0.034572
0.833648 0.750695 0.049360 0.035652
0.600215 0.353503 0.053836 0.031376
0.932373 0.059463 0.060240 0.029874
0.080173 0.564700 0.043841 0.033018
0.825652 0.403907 0.055876 0.030305
0.095841 0.971754 0.064984 0.039398
0.089923 0.867362 0.057395 0.031168
0.827754 0.930492 0.065643 0.032897
0.175557 0.257971 0.054247 0.035867
0.069450 0.287303 0.051280 0.037256
0.389636 0.908488 0.052591 0.039883
0.594414 0.272770 0.048734 0.043362
0.070506 0.113069 0.058177 0.038696
0.174706 0.219682 0.044176 0.035640
0.179228 0.738012 0.045454 0.029922
0.708005 0.136146 0.057273 0.036395
0.068129 0.073524 0.049047 0.038417
0.284041 0.662638 0.051502 0.042269
0.936915 0.395926 0.044380 0.030691
0.072636 0.332868 0.055597 0.052264
0.941036 0.636942 0.047217 0.029159
0.603912 0.195053 0.055160 0.039195
0.711931 0.170936 0.048880 0.036326
0.183469 0.873546 0.045669 0.033627
0.168504 0.092424 0.054499 0.037885
0.384204 0.328486 0.037612 0.030303
0.183550 0.955807 0.045928 0.045433
0.280017 0.397184 0.043307 0.031026
0.280296 0.364119 0.043279 0.035697
0.278711 0.852161 0.065846 0.040681
0.486324 0.615272 0.047502 0.032953
0.280759 0.814982 0.050752 0.034764
0.391651 0.558201 0.056066 0.024766
0.183354 0.910502 0.047833 0.040216
0.600476 0.232488 0.047150 0.035181
0.608234 0.420615 0.065318 0.035601
0.487998 0.030993 0.055902 0.044135
0.272452 0.225358 0.059593 0.042114
0.947149 0.850165 0.043958 0.025841
0.704188 0.398888 0.070569 0.036746
0.078899 0.455620 0.046022 0.035613
0.069992 0.248723 0.056768 0.038918
0.488927 0.920607 0.047991 0.036525
0.392241 0.952048 0.049412 0.048198
0.067721 0.032470 0.041559 0.039758
0.491021 0.959335 0.053532 0.041723
0.825826 0.358899 0.045524 0.031988
0.389417 0.789426 0.045392 0.025354
0.074626 0.217473 0.045470 0.025416
0.070020 0.148488 0.057613 0.033834
0.386451 0.824297 0.045794 0.045614
0.172062 0.033066 0.044080 0.036880
0.171794 0.051930 0.047314 0.036045
0.828265 0.378708 0.050068 0.024543
0.931221 0.015895 0.057417 0.025164
