0.395947 0.802126 0.088670 0.049366
0.163878 0.425441 0.070705 0.048000
0.712553 0.228093 0.079086 0.050810
0.824518 0.732732 0.087796 0.047977
0.498802 0.278567 0.077891 0.048839
0.619357 0.854799 0.081073 0.052912
0.932506 0.680320 0.075361 0.053034
0.387887 0.168967 0.084009 0.051720
0.391806 0.222309 0.081719 0.052372
0.720488 0.626019 0.088533 0.055957
0.388817 0.342364 0.085539 0.054994
0.937055 0.218140 0.072847 0.055418
0.823880 0.783878 0.080196 0.046959
0.822103 0.624257 0.086450 0.048843
0.833302 0.897143 0.080769 0.058444
0.933023 0.105466 0.088236 0.049273
0.826075 0.230104 0.078976 0.052663
0.719027 0.115230 0.094113 0.057065
0.605019 0.457689 0.086007 0.049642
0.719868 0.172186 0.086816 0.051087
0.497260 0.229033 0.076987 0.046107
0.058711 0.229398 0.069967 0.057387
0.827737 0.290168 0.084822 0.052522
0.499346 0.168999 0.078095 0.058479
0.164046 0.581487 0.078703 0.049559
0.602706 0.568975 0.075977 0.050887
0.161529 0.270883 0.081395 0.053503
0.714327 0.280833 0.084499 0.042057
0.390773 0.114747 0.080747 0.050179
0.822059 0.171510 0.074489 0.056163
0.064050 0.444493 0.076875 0.052677
0.058483 0.691017 0.081077 0.047065
0.177296 0.842970 0.072040 0.058560
0.169144 0.631638 0.085040 0.043550
0.397819 0.856745 0.083591 0.049256
0.160716 0.372590 0.072796 0.046460
0.602656 0.681124 0.069920 0.056502
0.833456 0.954648 0.086393 0.049749
0.933023 0.159672 0.088021 0.054994
0.930800 0.790095 0.073442 0.049728
0.390223 0.642927 0.075565 0.049886
0.158775 0.323251 0.075441 0.042068
0.722021 0.918908 0.076806 0.042301
0.935689 0.945487 0.095160 0.053914
0.715340 0.679615 0.076839 0.049925
0.713488 0.730552 0.070954 0.041296
0.276850 0.927820 0.083736 0.043615
0.601551 0.347345 0.085227 0.045177
0.935820 0.841046 0.082928 0.041246
0.721017 0.960447 0.084689 0.038771
0.056434 0.115758 0.072492 0.045954
0.054153 0.288691 0.066700 0.051256
0.069620 0.639397 0.079837 0.046624
0.942754 0.890595 0.088756 0.046059
0.275338 0.693547 0.078446 0.055513
0.714182 0.389186 0.063561 0.055512
0.387804 0.546273 0.089509 0.041331
0.619914 0.912254 0.077091 0.045638
0.716294 0.331768 0.089059 0.045255
0.831020 0.571126 0.082013 0.046338
0.715286 0.446718 0.070743 0.048960
0.601897 0.188287 0.079301 0.057401
0.928115 0.625700 0.069303 0.052542
0.164847 0.215031 0.068730 0.046485
0.823445 0.680089 0.080819 0.051748
0.395869 0.962290 0.082716 0.050754
0.491615 0.493212 0.088271 0.060943
0.166688 0.116581 0.078730 0.052776
0.274695 0.881638 0.087003 0.045986
0.381259 0.395612 0.087975 0.044979
0.060692 0.346251 0.073089 0.051624
0.494011 0.611027 0.081442 0.041860
0.606435 0.511237 0.073879 0.052728
0.941172 0.734265 0.083791 0.052578
0.068486 0.743292 0.083377 0.048675
0.605351 0.401688 0.063351 0.052246
0.162241 0.527854 0.060340 0.043476
0.934903 0.421862 0.084590 0.044637
0.506415 0.841435 0.074414 0.047058
0.614528 0.741436 0.082837 0.055014
0.383644 0.446415 0.092344 0.051931
0.938600 0.369990 0.074793 0.047849
0.725751 0.821721 0.088468 0.043963
0.824946 0.348822 0.079216 0.055060
0.164713 0.782013 0.067194 0.055361
0.713882 0.567413 0.093304 0.053620
0.281067 0.835619 0.078164 0.035813
0.832334 0.836962 0.078301 0.048463
0.386587 0.281978 0.070030 0.055188
0.171332 0.732508 0.079523 0.038848
0.616894 0.961536 0.078561 0.044471
0.071865 0.852742 0.077201 0.040529
0.074830 0.898111 0.073085 0.044617
0.497472 0.334206 0.073056 0.047833
0.056421 0.169946 0.066214 0.051105
0.722131 0.871419 0.065894 0.048655
0.494000 0.060823 0.083971 0.052926
0.390193 0.500686 0.080149 0.044968
0.061940 0.546677 0.063360 0.041572
0.267796 0.745987 0.076023 0.051248
0.067743 0.802103 0.068547 0.057568
0.500461 0.432494 0.069942 0.053127
0.602398 0.296697 0.072475 0.045911
0.062572 0.497588 0.079715 0.050391
0.823831 0.060639 0.083951 0.054419
0.934814 0.566068 0.062373 0.058501
0.387271 0.594072 0.069730 0.039350
0.389436 0.753796 0.072467 0.038699
0.494123 0.661505 0.076509 0.048448
0.172268 0.944135 0.075191 0.036308
0.604669 0.622979 0.059169 0.053068
0.826203 0.413162 0.073731 0.055484
0.718243 0.058402 0.077815 0.052342
0.277559 0.795379 0.076966 0.038636
0.173964 0.901887 0.061552 0.049102
0.828890 0.520745 0.073979 0.043141
0.059595 0.396241 0.074544 0.038457
0.264342 0.384533 0.092700 0.058384
0.281849 0.970175 0.092100 0.040831
0.067038 0.959284 0.067602 0.058721
0.391260 0.702039 0.078276 0.059268
0.602428 0.243708 0.069730 0.052403
0.054459 0.065257 0.072538 0.053146
0.940530 0.316666 0.054099 0.047096
0.397848 0.908669 0.060428 0.050320
0.162002 0.684663 0.066410 0.049460
0.945202 0.269082 0.075719 0.039601
0.501080 0.788686 0.071735 0.049348
0.270466 0.288306 0.065972 0.043625
0.278477 0.059994 0.074818 0.050630
0.060507 0.591973 0.056416 0.041112
0.274110 0.631810 0.079745 0.056497
0.498455 0.114729 0.077585 0.046896
0.387437 0.060091 0.071599 0.051774
0.713571 0.774060 0.070936 0.040329
0.502439 0.969438 0.088537 0.042421
0.276184 0.334110 0.075023 0.034366
0.269667 0.479891 0.070729 0.034710
0.173849 0.977253 0.066491 0.030696
0.504359 0.891268 0.071136 0.042913
0.830622 0.114695 0.060907 0.048295
0.939273 0.468630 0.072213 0.034659
0.606538 0.057369 0.064255 0.050262
0.723824 0.499538 0.084107 0.047592
0.269677 0.522926 0.065825 0.043774
0.934186 0.055417 0.056253 0.046325
0.165259 0.475816 0.059423 0.046839
0.606943 0.114654 0.068147 0.056632
0.275035 0.111698 0.062894 0.044843
0.271862 0.236171 0.067878 0.049012
0.265177 0.438687 0.076285 0.040130
0.936349 0.511134 0.054290 0.039221
0.162934 0.168071 0.052594 0.042180
0.500266 0.380725 0.082694 0.037985
0.496940 0.555670 0.069033 0.054755
0.272674 0.575802 0.073792 0.055110
0.827657 0.470818 0.049973 0.044671
0.613844 0.796790 0.062653 0.052421
0.160673 0.060151 0.065315 0.048949
0.508300 0.933599 0.075235 0.037056
0.499706 0.729594 0.071700 0.064241
0.275103 0.186343 0.047523 0.040931
