0.823122 0.854334 0.074739 0.042488
0.506192 0.423226 0.063720 0.033306
0.919952 0.153067 0.064600 0.037989
0.923466 0.790448 0.059145 0.043559
0.712773 0.274503 0.064692 0.042132
0.616184 0.082363 0.060048 0.033914
0.926815 0.878065 0.068228 0.044904
0.504802 0.525772 0.067051 0.038878
0.405612 0.166091 0.068422 0.035110
0.712171 0.231186 0.066318 0.035475
0.923061 0.546769 0.062091 0.041268
0.172731 0.875630 0.073099 0.041953
0.284681 0.421594 0.058572 0.031187
0.609346 0.157100 0.063227 0.038539
0.399261 0.088694 0.058297 0.043132
0.601615 0.527183 0.062754 0.032662
0.924996 0.081682 0.064889 0.038780
0.923398 0.225935 0.064852 0.044109
0.924679 0.268760 0.075321 0.037718
0.824987 0.401993 0.059948 0.043400
0.175684 0.792002 0.069531 0.042608
0.607223 0.296710 0.056767 0.035803
0.501560 0.567460 0.066616 0.040554
0.401459 0.280985 0.055649 0.035780
0.503905 0.959218 0.068840 0.037086
0.719679 0.319703 0.064809 0.042121
0.397659 0.694843 0.069840 0.039632
0.287922 0.730087 0.062419 0.036388
0.812691 0.716030 0.059955 0.043534
0.289870 0.852768 0.069251 0.042891
0.824599 0.522483 0.057482 0.042982
0.401771 0.204313 0.063369 0.039488
0.820927 0.764849 0.066555 0.045955
0.614706 0.119181 0.066045 0.035550
0.172861 0.070048 0.060379 0.038377
0.506343 0.349298 0.053887 0.034033
0.398084 0.815407 0.061323 0.038209
0.721852 0.485385 0.075959 0.041614
0.933458 0.591537 0.065178 0.040248
0.922661 0.425772 0.060267 0.039567
0.069049 0.458194 0.064817 0.041886
0.511552 0.159981 0.055464 0.038883
0.605947 0.562813 0.071208 0.037342
0.285631 0.121859 0.053224 0.040628
0.397016 0.621373 0.058899 0.036818
0.397008 0.773982 0.057743 0.041424
0.616255 0.260445 0.055485 0.034685
0.177993 0.708359 0.067848 0.037862
0.278312 0.770699 0.062661 0.041232
0.175347 0.205433 0.054584 0.035819
0.067291 0.877591 0.058823 0.036150
0.406099 0.242919 0.061016 0.038993
0.817441 0.202857 0.058914 0.034525
0.286088 0.571852 0.072163 0.037913
0.931267 0.341638 0.072647 0.040643
0.060468 0.712500 0.059917 0.040222
0.394272 0.573396 0.061977 0.045774
0.400005 0.129380 0.068746 0.034479
0.926164 0.833803 0.064441 0.041863
0.175626 0.386544 0.068708 0.039538
0.609037 0.365464 0.066090 0.037728
0.502123 0.887350 0.063510 0.040947
0.926411 0.384860 0.054317 0.041880
0.918471 0.304296 0.062811 0.031598
0.287969 0.614168 0.060948 0.041893
0.927805 0.115967 0.066193 0.029886
0.175858 0.346619 0.058099 0.036019
0.511867 0.199679 0.054314 0.040635
0.286887 0.238905 0.070719 0.035809
0.398812 0.403551 0.064525 0.035844
0.716687 0.362712 0.053180 0.039076
0.608080 0.463768 0.063023 0.038971
0.505622 0.460402 0.059233 0.036619
0.397701 0.733269 0.065315 0.036046
0.606171 0.601935 0.063812 0.038867
0.817002 0.078166 0.063861 0.035841
0.829297 0.480616 0.064565 0.036999
0.177270 0.529913 0.077290 0.038911
0.815516 0.241286 0.062415 0.037870
0.722248 0.157863 0.072456 0.035897
0.175057 0.240107 0.055574 0.030970
0.068138 0.500211 0.063227 0.037224
0.503776 0.609433 0.056628 0.041832
0.818937 0.672290 0.057964 0.042523
0.399216 0.444701 0.058171 0.040498
0.718546 0.526201 0.061388 0.039411
0.719472 0.113173 0.067757 0.051762
0.505215 0.385460 0.047385 0.037491
0.509426 0.240752 0.070106 0.038710
0.062107 0.121364 0.054620 0.033844
0.397066 0.894851 0.059178 0.045049
0.922228 0.041001 0.062354 0.040708
0.291385 0.168583 0.053561 0.047846
0.058002 0.794084 0.064181 0.044619
0.722782 0.194286 0.054069 0.036332
0.399452 0.520202 0.065019 0.051728
0.608889 0.951118 0.076958 0.045098
0.599522 0.641824 0.076396 0.039467
0.290471 0.312166 0.056492 0.040112
0.289836 0.273879 0.054905 0.034315
0.607599 0.426296 0.060126 0.031213
0.056341 0.372467 0.058269 0.034026
0.704688 0.878202 0.058719 0.040823
0.172984 0.747617 0.050520 0.036213
0.619667 0.194112 0.068702 0.034875
0.820629 0.444653 0.054927 0.037441
0.924437 0.468612 0.059447 0.041028
0.061632 0.160649 0.066047 0.041476
0.501367 0.797275 0.060930 0.045958
0.705343 0.807676 0.066226 0.040403
0.064807 0.635649 0.057136 0.034762
0.062416 0.672168 0.049588 0.034579
0.603912 0.844727 0.063522 0.045825
0.923539 0.188006 0.057610 0.030577
0.497500 0.712338 0.062160 0.035943
0.289343 0.389152 0.048923 0.032660
0.508682 0.276433 0.058259 0.029145
0.720921 0.404425 0.080511 0.040262
0.507144 0.311775 0.046759 0.036977
0.718759 0.561344 0.076138 0.030626
0.283132 0.811077 0.055238 0.035119
0.604774 0.681928 0.065130 0.039846
0.511050 0.117135 0.052556 0.042948
0.282142 0.539498 0.064060 0.028274
0.177077 0.309462 0.053030 0.032371
0.924248 0.712521 0.050627 0.041275
0.059465 0.077956 0.060216 0.043441
0.604122 0.728018 0.078898 0.047555
0.498732 0.844762 0.052840 0.040663
0.060564 0.750829 0.049624 0.035699
0.174418 0.167253 0.050501 0.036844
0.288342 0.038015 0.067571 0.037861
0.826465 0.901333 0.073916 0.046711
0.286555 0.499958 0.048752 0.051753
0.923443 0.750831 0.050160 0.031764
0.290050 0.352470 0.047461 0.035769
0.176578 0.831989 0.060375 0.035659
0.181783 0.132473 0.055482 0.031085
0.614519 0.042383 0.069263 0.045745
0.824475 0.633904 0.052179 0.033336
0.063358 0.537939 0.068831 0.032570
0.703693 0.921731 0.057228 0.043700
0.398783 0.854450 0.064473 0.032317
0.401876 0.479298 0.056852 0.028750
0.923996 0.671020 0.051239 0.037798
0.288183 0.688950 0.047616 0.040028
0.926825 0.631631 0.052432 0.035931
0.290950 0.081589 0.056494 0.038996
0.179511 0.427169 0.057755 0.033308
0.820214 0.355468 0.052164 0.045058
0.176442 0.615648 0.049588 0.034404
0.718876 0.037325 0.065908 0.035627
0.821256 0.119858 0.059391 0.043335
0.287842 0.453410 0.051074 0.030839
0.818196 0.315254 0.061637 0.034773
0.176100 0.575418 0.054897 0.044112
0.721485 0.444549 0.056346 0.034973
0.711438 0.967753 0.078500 0.041300
0.717771 0.069722 0.062813 0.029695
0.067974 0.913116 0.056475 0.027781
0.923051 0.507393 0.047791 0.038505
0.926797 0.969240 0.067337 0.043187
0.824064 0.564193 0.058507 0.038244
0.294682 0.205952 0.056208 0.024186
0.289431 0.651347 0.049524 0.029306
0.706882 0.694408 0.048708 0.039043
0.401477 0.319278 0.050148 0.038907
0.824536 0.164065 0.066192 0.043111
0.397602 0.656711 0.045698 0.031927
0.066448 0.412731 0.060637 0.040794
0.499073 0.751775 0.058795 0.037831
0.066078 0.325843 0.058955 0.050079
0.283607 0.895785 0.053000 0.040184
0.171623 0.649278 0.055500 0.028614
0.610040 0.331430 0.062984 0.030098
0.179178 0.460332 0.060394 0.031697
0.062267 0.280331 0.043826 0.035934
0.606427 0.396747 0.052032 0.026055
0.059901 0.035646 0.049323 0.032477
0.064334 0.838087 0.056124 0.031214
0.062221 0.238688 0.050806 0.041353
0.611622 0.227775 0.060574 0.027683
0.819779 0.279635 0.044429 0.036326
0.606740 0.496697 0.049130 0.026444
0.816848 0.038794 0.063525 0.035608
0.513057 0.080149 0.049374 0.025809
0.712463 0.593919 0.052639 0.030655
0.922640 0.924698 0.050221 0.042397
0.064728 0.198953 0.070567 0.035093
0.706378 0.770232 0.058602 0.029937
0.513060 0.043812 0.054727 0.042611
0.403886 0.041102 0.054463 0.038076
0.711702 0.628481 0.044991 0.037257
0.822932 0.811174 0.049511 0.041863
0.709684 0.839922 0.071132 0.028148
0.179913 0.274139 0.050635 0.030662
0.603677 0.884704 0.064210 0.034704
0.069022 0.569209 0.061584 0.022315
0.501975 0.924174 0.063414 0.029553
0.175380 0.491056 0.046820 0.035521
0.601268 0.774021 0.061266 0.039304
0.174482 0.034038 0.047043 0.025065
0.715698 0.659704 0.073953 0.025578
0.498703 0.677139 0.052834 0.031588
0.175717 0.103279 0.045710 0.023414
0.505442 0.491355 0.046035 0.025180
0.712697 0.733569 0.059774 0.037855
0.604500 0.806813 0.071852 0.028801
0.173331 0.677631 0.045815 0.024127
0.176558 0.936855 0.053670 0.026589
0.175306 0.911584 0.043432 0.024289
0.602505 0.913695 0.061105 0.030806
0.501487 0.645506 0.039888 0.028195
0.068685 0.945296 0.060661 0.037423
0.282923 0.943811 0.076090 0.052904
0.183205 0.964468 0.057812 0.027956
0.833638 0.970104 0.080453 0.038030
0.396452 0.944345 0.059739 0.049621
0.405469 0.366113 0.058286 0.039321
0.820395 0.600415 0.060474 0.029266
0.064240 0.600118 0.058503 0.031416
0.827312 0.944210 0.063834 0.035703
