0.831652 0.543612 0.072302 0.038136
0.831947 0.171997 0.072821 0.040345
0.835817 0.616135 0.057474 0.036688
0.835582 0.365996 0.075577 0.043054
0.720185 0.404631 0.056410 0.035188
0.838904 0.077804 0.066053 0.048917
0.941679 0.584805 0.063987 0.037632
0.721157 0.466650 0.064148 0.035026
0.494834 0.911574 0.069000 0.039001
0.940210 0.437142 0.058589 0.039390
0.715521 0.713808 0.068016 0.035095
0.942393 0.546652 0.048424 0.037843
0.939510 0.078011 0.060584 0.040092
0.838026 0.711029 0.056803 0.034976
0.395581 0.853835 0.054982 0.044080
0.832902 0.746952 0.057474 0.037975
0.609899 0.492154 0.056924 0.037717
0.940834 0.370193 0.049140 0.032203
0.727101 0.293636 0.058877 0.036700
0.498601 0.446733 0.054538 0.040596
0.281148 0.883236 0.056091 0.040311
0.061795 0.664461 0.063705 0.041877
0.605004 0.571106 0.076953 0.044810
0.507219 0.162302 0.060721 0.043159
0.833612 0.507967 0.046972 0.030278
0.943037 0.402580 0.057581 0.029800
0.390644 0.382000 0.053997 0.035030
0.940700 0.506505 0.054550 0.039316
0.838259 0.951038 0.067217 0.042601
0.066308 0.755060 0.073220 0.047439
0.942837 0.153263 0.051549 0.036141
0.279468 0.586342 0.055960 0.037803
0.396928 0.147499 0.058269 0.041773
0.834844 0.214802 0.054950 0.041581
0.392273 0.226918 0.060001 0.046711
0.282749 0.735518 0.057744 0.039360
0.503362 0.407505 0.052437 0.031845
0.389301 0.692729 0.056938 0.039960
0.834888 0.255724 0.072240 0.038884
0.282994 0.658942 0.066503 0.037760
0.505589 0.373612 0.059298 0.029540
0.509234 0.119658 0.055168 0.038824
0.942019 0.472364 0.046740 0.030702
0.492152 0.677459 0.057993 0.040894
0.834325 0.407759 0.050647 0.039148
0.390252 0.418110 0.056128 0.035441
0.389046 0.735088 0.059940 0.046438
0.279840 0.773625 0.057597 0.036703
0.837330 0.876429 0.056984 0.035014
0.935938 0.232026 0.073652 0.047351
0.615045 0.162622 0.073106 0.039897
0.944713 0.868458 0.046790 0.031259
0.172362 0.567407 0.056615 0.043618
0.170488 0.321596 0.063227 0.040735
0.714935 0.678773 0.047271 0.032734
0.606230 0.616393 0.067220 0.041535
0.718876 0.507279 0.055120 0.042643
0.397997 0.310306 0.053836 0.028783
0.844568 0.325613 0.067050 0.033596
0.077502 0.533124 0.053746 0.039133
0.727176 0.206289 0.049233 0.032635
0.735890 0.098165 0.077316 0.036027
0.280883 0.549220 0.051182 0.033692
0.718385 0.641396 0.057369 0.039573
0.836563 0.648862 0.053682 0.026582
0.837933 0.677996 0.051371 0.031178
0.275504 0.465645 0.058978 0.042350
0.498774 0.636029 0.051943 0.035792
0.512285 0.205358 0.053697 0.038454
0.168746 0.646646 0.055200 0.032269
0.064937 0.187130 0.056106 0.033731
0.830951 0.809222 0.047084 0.033608
0.723553 0.367081 0.050089 0.037368
0.945391 0.622603 0.061607 0.036587
0.395351 0.342777 0.053300 0.038476
0.176026 0.256539 0.056790 0.029945
0.167245 0.683144 0.056043 0.039882
0.499728 0.794096 0.052980 0.044293
0.509887 0.078719 0.054145 0.036886
0.500718 0.341392 0.051156 0.030176
0.719816 0.818011 0.055485 0.036293
0.068418 0.298678 0.047799 0.035944
0.713357 0.599991 0.063981 0.041978
0.735323 0.064206 0.072069 0.029805
0.838473 0.127439 0.059276 0.043695
0.838432 0.910714 0.049953 0.033988
0.495075 0.715133 0.060073 0.035396
0.718538 0.554388 0.050702 0.048176
0.173320 0.609564 0.048306 0.038847
0.065069 0.708931 0.055087 0.041125
0.067854 0.262224 0.055038 0.033515
0.499372 0.841623 0.048716 0.044530
0.174957 0.482394 0.049548 0.043909
0.942341 0.189390 0.048735 0.033192
0.609380 0.529601 0.055159 0.035917
0.944526 0.660879 0.054584 0.038036
0.614252 0.452133 0.060317 0.040327
0.609626 0.656988 0.054124 0.033995
0.726431 0.900486 0.049782 0.042022
0.275317 0.302008 0.055013 0.036575
0.069849 0.573849 0.049113 0.035714
0.947769 0.929388 0.045101 0.029762
0.496272 0.877677 0.052840 0.025941
0.392863 0.813609 0.057539 0.036564
0.835278 0.442034 0.049497 0.031591
0.612540 0.121958 0.050121 0.035831
0.613937 0.081331 0.052741 0.044752
0.940840 0.336030 0.042594 0.031734
0.836116 0.581134 0.045443 0.033376
0.836459 0.474617 0.046344 0.032642
0.280248 0.695751 0.051471 0.037844
0.176823 0.220291 0.050926 0.034966
0.942352 0.274071 0.043747 0.032813
0.175596 0.397670 0.051260 0.038576
0.729446 0.132986 0.060904 0.030559
0.395884 0.889849 0.053695 0.027313
0.174584 0.107579 0.052889 0.040954
0.606947 0.688777 0.070990 0.026255
0.949812 0.834901 0.044386 0.032551
0.941922 0.800775 0.053040 0.037701
0.391571 0.777718 0.050593 0.039337
0.388082 0.651644 0.059973 0.040308
0.175197 0.286195 0.056329 0.032923
0.832982 0.780393 0.050137 0.025221
0.171649 0.439467 0.054718 0.038430
0.273528 0.423171 0.056340 0.039808
0.718228 0.745385 0.055298 0.025889
0.942490 0.117716 0.048890 0.033124
0.611863 0.408429 0.051306 0.049780
0.387845 0.617068 0.054109 0.032674
0.721506 0.778470 0.058723 0.041305
0.605893 0.720710 0.062105 0.034348
0.498927 0.601384 0.057242 0.031034
0.729001 0.168456 0.046454 0.039883
0.611143 0.205183 0.051468 0.041248
0.934680 0.033107 0.056238 0.046791
0.504658 0.278914 0.046134 0.033450
0.947293 0.960207 0.053594 0.033093
0.946259 0.762099 0.053315 0.034562
0.278778 0.509386 0.049752 0.042296
0.943945 0.698923 0.041555 0.034319
0.611015 0.035019 0.068335 0.046876
0.602263 0.849753 0.047398 0.036097
0.175304 0.183219 0.051139 0.040670
0.391677 0.584211 0.044150 0.031049
0.609296 0.316944 0.052180 0.046413
0.721150 0.330632 0.048372 0.032112
0.501390 0.310329 0.049633 0.030967
0.066453 0.224742 0.053314 0.035882
0.834082 0.293248 0.052166 0.030756
0.391539 0.548494 0.048981 0.033269
0.279761 0.233970 0.046178 0.031343
0.497827 0.948552 0.049217 0.030933
0.942989 0.899280 0.042356 0.031329
0.604402 0.884426 0.050526 0.028536
0.282774 0.812789 0.051220 0.041180
0.168712 0.525447 0.052367 0.041122
0.280839 0.165502 0.049497 0.037094
0.281950 0.920244 0.046043 0.027977
0.172825 0.072558 0.047799 0.029174
0.275238 0.378590 0.058630 0.047392
0.721424 0.857358 0.048136 0.039165
0.722887 0.436452 0.050919 0.023686
0.174409 0.146597 0.053084 0.028696
0.067312 0.617208 0.047737 0.045404
0.835638 0.841886 0.042352 0.030331
0.285118 0.624151 0.060175 0.031335
0.399003 0.074852 0.048826 0.044503
0.499684 0.515918 0.054401 0.043626
0.276018 0.265067 0.049194 0.031636
0.396385 0.271937 0.047495 0.042448
0.943873 0.305658 0.039055 0.029650
0.731695 0.029000 0.047889 0.039972
0.075240 0.497668 0.047533 0.031610
0.393665 0.459899 0.056710 0.044489
0.286497 0.031819 0.052958 0.042162
0.276787 0.336507 0.046355 0.031530
0.280609 0.120909 0.052122 0.049331
0.397882 0.965943 0.060554 0.024224
0.730001 0.936310 0.055001 0.027915
0.499206 0.751108 0.066152 0.036285
0.835725 0.031925 0.053941 0.042154
0.397916 0.185980 0.041832 0.031125
0.391045 0.507936 0.049652 0.044691
0.071000 0.419322 0.048120 0.046483
0.611939 0.361951 0.052864 0.043407
0.176834 0.359997 0.047561 0.033615
0.069486 0.332963 0.047582 0.031095
0.282151 0.849021 0.044821 0.028648
0.503444 0.481293 0.045626 0.024582
0.283801 0.075121 0.049893 0.041658
0.398596 0.110895 0.052499 0.028806
0.166471 0.721081 0.070626 0.027020
0.609121 0.276941 0.049042 0.031209
0.603605 0.919125 0.049908 0.037610
0.500016 0.563093 0.056927 0.044066
0.074668 0.463109 0.050660 0.035301
0.599201 0.790688 0.077484 0.037851
0.070782 0.800464 0.055705 0.041457
0.509978 0.242399 0.044139 0.035624
0.728925 0.245488 0.052647 0.043020
0.943310 0.731944 0.058604 0.025111
0.277277 0.954469 0.061286 0.035642
0.399602 0.031012 0.048223 0.040791
0.276401 0.201202 0.041808 0.031895
0.602800 0.754585 0.042755 0.035311
0.174209 0.035654 0.058558 0.042704
0.732464 0.963037 0.063490 0.028590
0.610657 0.245570 0.045951 0.028786
0.065387 0.071629 0.045050 0.034355
0.062442 0.146198 0.047773 0.040913
0.067627 0.371867 0.051389 0.043471
0.063981 0.107409 0.039422 0.032042
0.395393 0.939266 0.050529 0.028985
0.511673 0.039095 0.049088 0.043299
0.600855 0.814683 0.066515 0.029463
0.395314 0.917875 0.046232 0.028047
0.068731 0.033864 0.036056 0.032655
0.602900 0.958119 0.045260 0.035464
0.882423 0.776022 0.028991 0.020353
