0.832272 0.201532 0.074774 0.054887
0.182655 0.417096 0.075807 0.057086
0.183767 0.577451 0.080043 0.055662
0.287598 0.278410 0.073810 0.047025
0.291304 0.672189 0.082925 0.052717
0.834386 0.587042 0.089335 0.055833
0.928716 0.145338 0.077148 0.055052
0.837942 0.918264 0.071668 0.046207
0.602377 0.047712 0.092468 0.053360
0.936289 0.202212 0.069428 0.053125
0.385350 0.321079 0.078349 0.041536
0.289683 0.329101 0.075679 0.047334
0.069146 0.274404 0.080443 0.044574
0.495775 0.379585 0.081610 0.049255
0.496021 0.273085 0.074934 0.052785
0.383377 0.271261 0.071698 0.050622
0.830440 0.256995 0.086498 0.053458
0.510728 0.788319 0.069708 0.045814
0.179317 0.168665 0.072443 0.055894
0.067416 0.426405 0.079569 0.052428
0.180601 0.363218 0.081255 0.043776
0.724297 0.536113 0.084252 0.047714
0.834389 0.416155 0.068741 0.051224
0.510874 0.880050 0.075520 0.044196
0.407451 0.891939 0.072648 0.045130
0.506174 0.685271 0.082394 0.053360
0.934212 0.404980 0.072014 0.049892
0.833854 0.762266 0.077008 0.055103
0.283871 0.229637 0.079259 0.042388
0.076349 0.720869 0.077048 0.055354
0.496959 0.326609 0.076977 0.045096
0.390689 0.218228 0.075622 0.049299
0.294889 0.729457 0.079376 0.054300
0.404425 0.842411 0.075344 0.049022
0.393005 0.425791 0.074104 0.049836
0.609632 0.390588 0.070436 0.052853
0.840067 0.816911 0.074785 0.045262
0.830312 0.144094 0.090153 0.052668
0.601243 0.334415 0.084082 0.053459
0.499951 0.530421 0.084628 0.053443
0.389567 0.165857 0.077012 0.049162
0.829638 0.093221 0.070813 0.046085
0.937906 0.504105 0.081095 0.046291
0.500242 0.477605 0.079012 0.045418
0.394108 0.372651 0.070278 0.053465
0.297554 0.838769 0.066865 0.045125
0.400519 0.790215 0.080361 0.044578
0.069314 0.324269 0.065017 0.047852
0.607849 0.152198 0.078778 0.053437
0.933288 0.091739 0.069804 0.045185
0.063599 0.118206 0.099210 0.055353
0.835410 0.361452 0.080222 0.050596
0.391446 0.478426 0.071482 0.047535
0.285471 0.514909 0.085241 0.050277
0.490786 0.164666 0.082398 0.054035
0.727503 0.483338 0.076090 0.050712
0.933215 0.254393 0.072865 0.043105
0.495878 0.217551 0.083611 0.044789
0.836084 0.869038 0.065005 0.046730
0.619377 0.844793 0.071345 0.048494
0.824582 0.043793 0.079647 0.048861
0.281186 0.113734 0.080289 0.060633
0.724282 0.755034 0.077712 0.053398
0.610262 0.511402 0.088412 0.049733
0.940293 0.776457 0.073192 0.057660
0.071235 0.374173 0.071249 0.045811
0.511050 0.834696 0.081260 0.040112
0.176035 0.315192 0.069054 0.042257
0.064251 0.174745 0.075815 0.052983
0.285543 0.622378 0.081147 0.040495
0.724267 0.589995 0.078334 0.048893
0.606760 0.209579 0.076499 0.054227
0.391431 0.111594 0.075414 0.048686
0.078764 0.864659 0.074532 0.052195
0.728165 0.433565 0.082621 0.043463
0.073473 0.608541 0.078594 0.054262
0.941363 0.557300 0.071016 0.051618
0.733074 0.912538 0.085857 0.040840
0.834503 0.702827 0.077502 0.058821
0.832597 0.311200 0.076537 0.046078
0.940763 0.715663 0.075305 0.047186
0.947211 0.883109 0.081123 0.040570
0.506092 0.738139 0.071913 0.046344
0.087180 0.965404 0.088648 0.044955
0.295028 0.788163 0.062517 0.045958
0.949304 0.833005 0.074335 0.051415
0.396563 0.585456 0.069295 0.044374
0.834801 0.532291 0.079343 0.051258
0.397581 0.534159 0.071033 0.054237
0.510230 0.960977 0.071370 0.037224
0.719359 0.048632 0.076800 0.060798
0.512712 0.923256 0.072586 0.032145
0.616115 0.955201 0.068601 0.048414
0.942638 0.923351 0.061735 0.037869
0.499747 0.630761 0.067574 0.049724
0.617394 0.897816 0.069440 0.051066
0.180039 0.221090 0.083336 0.040546
0.490454 0.108877 0.078300 0.056972
0.404152 0.935656 0.073861 0.037640
0.180064 0.469913 0.072577 0.044207
0.391320 0.634902 0.079326 0.048159
0.190954 0.902301 0.060639 0.046061
0.935561 0.040648 0.072821 0.048157
0.843847 0.964076 0.096526 0.041950
0.073327 0.817685 0.066659 0.041339
0.175877 0.520404 0.074376 0.053264
0.070433 0.549202 0.071057 0.052074
0.301799 0.888084 0.075477 0.046264
0.075698 0.663859 0.064160 0.054156
0.832177 0.475659 0.077302 0.057520
0.938924 0.961139 0.069286 0.036259
0.610462 0.452848 0.085208 0.060808
0.612398 0.562328 0.079495 0.043228
0.502054 0.429681 0.059335 0.045374
0.618862 0.788615 0.090603 0.057374
0.938419 0.663391 0.075451 0.053966
0.297042 0.937773 0.074382 0.043321
0.177076 0.268209 0.059106 0.044083
0.938946 0.352013 0.067356 0.048669
0.614716 0.615158 0.066914 0.052719
0.606093 0.271538 0.086988 0.063026
0.600575 0.100565 0.081419 0.044534
0.190372 0.755696 0.067003 0.062181
0.391963 0.688264 0.073356 0.053502
0.737011 0.956441 0.086144 0.040374
0.721537 0.222392 0.068027 0.054714
0.722506 0.166183 0.073321 0.053085
0.941609 0.610080 0.074773 0.047674
0.279844 0.460035 0.073380 0.051543
0.189090 0.851736 0.072827 0.048358
0.721792 0.338902 0.071074 0.051077
0.188105 0.631407 0.082100 0.045320
0.063887 0.059670 0.073278 0.059643
0.724285 0.390069 0.064014 0.038035
0.283800 0.052708 0.064645 0.049052
0.612871 0.671503 0.065771 0.048977
0.078518 0.916614 0.066293 0.046474
0.410114 0.971241 0.064331 0.036066
0.937244 0.301453 0.055821 0.039997
0.723647 0.695085 0.074041 0.052981
0.064495 0.488703 0.093896 0.062557
0.190506 0.957202 0.085669 0.054206
0.076460 0.773019 0.066240 0.038755
0.177361 0.056092 0.066352 0.051429
0.726279 0.815389 0.079135 0.058350
0.937794 0.455675 0.059972 0.045121
0.191334 0.690322 0.084323 0.058928
0.720590 0.280163 0.081372 0.055403
0.718975 0.110301 0.058679 0.053829
0.191830 0.807275 0.072218 0.035054
0.497358 0.050639 0.076334 0.053659
0.176402 0.111739 0.070336 0.055115
0.502579 0.580294 0.060567 0.038696
0.731303 0.868573 0.057906 0.043198
0.402711 0.743065 0.057298 0.046146
0.724135 0.640132 0.049272 0.048769
0.286234 0.175957 0.058417 0.048414
0.383482 0.055992 0.056874 0.055059
0.830856 0.646693 0.061269 0.050193
0.069152 0.227211 0.056887 0.045234
0.291343 0.387518 0.081755 0.053383
0.613522 0.729785 0.083949 0.056663
0.301770 0.972343 0.072419 0.031263
0.291235 0.568516 0.052810 0.051501
