0.660019 0.873191 0.058465 0.034789
0.272387 0.883424 0.062076 0.029881
0.753962 0.636583 0.055003 0.035861
0.567933 0.361950 0.058986 0.037201
0.661565 0.430305 0.053031 0.033238
0.561192 0.874229 0.052465 0.031562
0.467419 0.638962 0.052985 0.033678
0.568245 0.402234 0.057908 0.037561
0.560461 0.598247 0.050750 0.035259
0.853485 0.341886 0.058336 0.036374
0.465501 0.678125 0.056560 0.032379
0.664349 0.392409 0.056358 0.034424
0.661684 0.764646 0.064687 0.032520
0.755225 0.909281 0.062518 0.031177
0.473967 0.353401 0.053270 0.042233
0.469588 0.570267 0.055199 0.026368
0.376809 0.396652 0.053221 0.042518
0.658206 0.495329 0.049753 0.032408
0.468536 0.601499 0.055158 0.030415
0.659977 0.639839 0.061323 0.029722
0.379173 0.273558 0.049202 0.034930
0.853669 0.409055 0.050933 0.029200
0.276352 0.750549 0.061263 0.030799
0.569398 0.443336 0.058553 0.033929
0.658660 0.834670 0.057686 0.025611
0.657786 0.462293 0.054084 0.026295
0.378910 0.438593 0.048489 0.037587
0.464875 0.716508 0.051526 0.031973
0.838538 0.828248 0.051147 0.027683
0.569799 0.198943 0.058223 0.041400
0.194866 0.271057 0.055193 0.027601
0.848344 0.581069 0.056602 0.026927
0.469024 0.503653 0.049150 0.034397
0.757264 0.326729 0.057205 0.048601
0.753651 0.510152 0.054999 0.025012
0.476666 0.393921 0.054781 0.036636
0.663974 0.289776 0.046501 0.036887
0.838446 0.789015 0.052231 0.035633
0.463302 0.751999 0.049947 0.031942
0.459494 0.854824 0.047030 0.032031
0.466443 0.790854 0.051070 0.031622
0.847201 0.471983 0.051730 0.031811
0.475967 0.199520 0.046431 0.026418
0.564151 0.639758 0.058635 0.033665
0.750775 0.837262 0.058157 0.035485
0.274934 0.814331 0.052242 0.030313
0.275467 0.849895 0.061024 0.029939
0.380078 0.237200 0.064373 0.031706
0.277478 0.716371 0.048832 0.031107
0.567655 0.676740 0.058505 0.033128
0.842585 0.749421 0.054973 0.029138
0.844971 0.616497 0.056937 0.030232
0.372223 0.728577 0.055754 0.033318
0.848374 0.712592 0.062742 0.031922
0.188908 0.623967 0.047801 0.034181
0.754352 0.373917 0.056522 0.041161
0.281810 0.604414 0.048684 0.029481
0.669488 0.177210 0.046322 0.027454
0.282694 0.443796 0.052179 0.033529
0.562042 0.801620 0.056475 0.026595
0.758373 0.873513 0.051385 0.030412
0.753785 0.443170 0.060288 0.029340
0.846133 0.647481 0.050485 0.025266
0.849592 0.679463 0.062086 0.027363
0.564029 0.553604 0.050138 0.036481
0.660230 0.728862 0.058787 0.026150
0.569892 0.243335 0.049695 0.035100
0.565102 0.836849 0.047221 0.036931
0.667198 0.215672 0.052853 0.040266
0.751992 0.568115 0.048776 0.033739
0.840075 0.884707 0.053094 0.024506
0.755681 0.603458 0.052318 0.026981
0.572732 0.120697 0.057057 0.030110
0.663504 0.530847 0.050027 0.032225
0.563952 0.711995 0.045367 0.034856
0.186181 0.585960 0.057345 0.025880
0.854264 0.196612 0.055701 0.039309
0.093269 0.335391 0.048494 0.037964
0.375489 0.769166 0.053537 0.034727
0.476997 0.313301 0.054334 0.031325
0.291854 0.303035 0.052536 0.031345
0.573747 0.280177 0.057728 0.031455
0.754949 0.675655 0.051690 0.036718
0.851395 0.378078 0.057427 0.026510
0.752562 0.770605 0.051597 0.028878
0.565129 0.318531 0.051758 0.034270
0.474600 0.167648 0.045101 0.028913
0.473830 0.427890 0.051874 0.026237
0.663150 0.912327 0.057457 0.033138
0.861121 0.153330 0.049514 0.029752
0.381373 0.478977 0.061444 0.033502
0.281886 0.478135 0.052354 0.024153
0.668985 0.112920 0.049045 0.026058
0.285101 0.367386 0.048296 0.033850
0.751000 0.476860 0.054365 0.030945
0.663756 0.252084 0.046203 0.030484
0.384680 0.164683 0.054633 0.029568
0.286362 0.234485 0.049496 0.026542
0.475375 0.111407 0.051692 0.023253
0.750779 0.802846 0.046893 0.024114
0.283122 0.507484 0.050666 0.027881
0.660574 0.697793 0.052648 0.027161
0.185955 0.714713 0.048878 0.027400
0.196275 0.237046 0.054760 0.031825
0.195950 0.199315 0.049782 0.036859
0.099635 0.721223 0.046032 0.025972
0.662395 0.601430 0.054588 0.041367
0.659625 0.801711 0.054043 0.032528
0.381930 0.127941 0.049682 0.038054
0.191072 0.465524 0.047066 0.028461
0.098722 0.535540 0.041601 0.027186
0.571648 0.156926 0.047021 0.034162
0.381835 0.311028 0.047703 0.034783
0.193890 0.337133 0.049276 0.033387
0.095692 0.659675 0.038117 0.026403
0.666999 0.145718 0.043168 0.031754
0.382260 0.353033 0.049798 0.038382
0.186312 0.556492 0.041306 0.024880
0.564333 0.911754 0.046802 0.033870
0.845108 0.918622 0.059808 0.031816
0.469506 0.538428 0.046255 0.027965
0.187606 0.751576 0.049008 0.038648
0.291992 0.165601 0.048222 0.037713
0.475301 0.463458 0.052148 0.037579
0.096967 0.754205 0.050175 0.032862
0.861938 0.086121 0.055193 0.029003
0.272407 0.914566 0.052036 0.029880
0.851088 0.237774 0.046075 0.030964
0.140304 0.660769 0.038327 0.029054
0.098467 0.821940 0.047320 0.041969
0.476036 0.137428 0.047096 0.023704
0.283107 0.539290 0.038744 0.029484
0.287789 0.266071 0.042769 0.031477
0.092942 0.410741 0.040055 0.034647
0.839592 0.857380 0.050835 0.023025
0.842680 0.441092 0.049243 0.023177
0.758737 0.227471 0.045879 0.028395
0.667958 0.326543 0.059456 0.026126
0.566255 0.511887 0.052716 0.033809
0.279805 0.779746 0.055003 0.025403
0.571425 0.085907 0.047634 0.033067
0.100446 0.692160 0.048352 0.024004
0.761802 0.188546 0.052756 0.043924
0.282112 0.638879 0.038615 0.032194
0.193080 0.373411 0.048789 0.030671
0.377970 0.517377 0.050175 0.034347
0.849161 0.509595 0.044667 0.033849
0.757846 0.088749 0.051479 0.032311
0.379212 0.907031 0.047126 0.035072
0.565206 0.478628 0.047254 0.026447
0.861410 0.119054 0.047304 0.029175
0.659282 0.563309 0.047088 0.021938
0.661706 0.669239 0.056330 0.023859
0.189781 0.683315 0.039737 0.021444
0.184287 0.830073 0.036974 0.028913
0.374251 0.578341 0.055132 0.026953
0.851342 0.303985 0.046995 0.027568
0.478716 0.082458 0.041751 0.025153
0.853070 0.272796 0.042927 0.032603
0.475223 0.231681 0.041598 0.027310
0.664098 0.358659 0.044615 0.031354
0.477518 0.283409 0.053764 0.025233
0.185889 0.794699 0.041557 0.031250
0.382744 0.200472 0.051707 0.034767
0.096803 0.628190 0.033201 0.025727
0.465961 0.888691 0.039409 0.028250
0.756387 0.282365 0.043241 0.031167
0.371919 0.695320 0.043700 0.027247
0.095569 0.294786 0.047740 0.030046
0.755460 0.742310 0.051390 0.021361
0.200059 0.161362 0.050692 0.033307
0.187698 0.858348 0.044048 0.024672
0.378189 0.617706 0.050669 0.041581
0.190407 0.885936 0.054111 0.027504
0.371310 0.843810 0.062332 0.023808
0.752626 0.714016 0.047905 0.032840
0.092589 0.599351 0.041548 0.023278
0.094838 0.907313 0.052265 0.037738
0.463466 0.822902 0.040779 0.021534
0.289362 0.202955 0.038160 0.029213
0.187593 0.659514 0.040618 0.021210
0.762624 0.149345 0.054383 0.027981
0.373317 0.809491 0.037127 0.034105
0.280909 0.677144 0.046557 0.035009
0.189827 0.408477 0.039149 0.025820
0.757421 0.536618 0.060261 0.020167
0.281079 0.571258 0.040242 0.029330
0.752163 0.411944 0.058222 0.026900
0.189954 0.525712 0.039699 0.023301
0.096116 0.467629 0.034226 0.023922
0.187482 0.916192 0.040709 0.027030
0.371598 0.872163 0.046905 0.024380
0.095275 0.444230 0.038184 0.021633
0.388229 0.087891 0.043146 0.032201
0.466464 0.917969 0.049418 0.023185
0.293850 0.085889 0.049117 0.035863
0.191341 0.300961 0.056807 0.026445
0.096815 0.135213 0.049263 0.025617
0.097110 0.374236 0.055301 0.029704
0.564413 0.774655 0.052700 0.020195
0.098156 0.499305 0.057187 0.028386
0.377671 0.660428 0.052247 0.034614
0.475601 0.256799 0.056223 0.021959
0.096524 0.864665 0.041998 0.032303
0.850383 0.549831 0.064747 0.029836
0.198596 0.123231 0.045530 0.035280
0.133284 0.601155 0.030435 0.024430
0.287739 0.335923 0.049418 0.022949
0.191739 0.499168 0.047505 0.026427
0.092592 0.084561 0.041014 0.028605
0.762876 0.253685 0.052735 0.021189
0.189835 0.435256 0.036581 0.025327
0.135253 0.628168 0.028060 0.023466
0.565919 0.749919 0.058516 0.032516
0.374422 0.549703 0.044481 0.021074
0.669193 0.082896 0.034206 0.028147
0.286680 0.405153 0.037658 0.033514
0.094563 0.111324 0.043902 0.020109
0.200428 0.085903 0.045235 0.033215
0.098127 0.232284 0.044134 0.028859
0.095374 0.784652 0.046983 0.021328
0.291086 0.125842 0.036837 0.035021
0.331098 0.501685 0.035855 0.032331
0.097785 0.200027 0.036178 0.027630
0.758464 0.119507 0.060031 0.021816
0.100711 0.567476 0.046549 0.032033
0.094987 0.165617 0.040391 0.032717
0.612449 0.146040 0.031993 0.023061
0.128891 0.569658 0.053423 0.034390
0.095741 0.260969 0.041437 0.027137
0.608582 0.504801 0.033694 0.038276
