0.057800 0.671861 0.058890 0.041508
0.400059 0.146569 0.054986 0.036853
0.281093 0.344187 0.053752 0.035250
0.613921 0.104524 0.071918 0.038833
0.618775 0.273772 0.055553 0.029136
0.290288 0.206225 0.057803 0.038681
0.285442 0.887450 0.077499 0.044167
0.502870 0.207839 0.050108 0.028996
0.174271 0.298241 0.058978 0.035061
0.396400 0.490761 0.048872 0.030823
0.391547 0.830106 0.061059 0.036424
0.170962 0.815139 0.066120 0.037923
0.391553 0.794523 0.055603 0.035387
0.056520 0.789884 0.055902 0.039670
0.394068 0.523891 0.057077 0.033992
0.169525 0.856087 0.059541 0.031706
0.398690 0.586703 0.052986 0.032628
0.170947 0.776397 0.057570 0.036733
0.615412 0.491608 0.054982 0.033646
0.053902 0.715925 0.071317 0.040557
0.607025 0.830047 0.066399 0.036468
0.177074 0.471967 0.056532 0.042228
0.170811 0.740402 0.064923 0.035695
0.616169 0.145711 0.074872 0.038569
0.278107 0.455859 0.053493 0.042369
0.169006 0.890166 0.055186 0.034724
0.615116 0.679858 0.056980 0.038696
0.393168 0.649257 0.058574 0.039771
0.614580 0.529704 0.061641 0.037556
0.825297 0.063394 0.061523 0.035682
0.493927 0.819562 0.053033 0.035316
0.171095 0.584331 0.055040 0.040632
0.289891 0.132242 0.056314 0.042209
0.494942 0.693081 0.048709 0.031805
0.400311 0.319857 0.049976 0.035303
0.057055 0.753997 0.051721 0.030608
0.615890 0.760346 0.047041 0.028536
0.175965 0.432901 0.059166 0.031996
0.614348 0.368332 0.050134 0.034806
0.066178 0.944069 0.051832 0.034197
0.284486 0.845856 0.051397 0.037707
0.505522 0.106341 0.056078 0.042000
0.392582 0.721855 0.054923 0.034276
0.289041 0.057865 0.051300 0.040217
0.064986 0.247579 0.057328 0.041873
0.933658 0.920968 0.048179 0.028698
0.491933 0.727744 0.051663 0.033397
0.616333 0.063988 0.061399 0.039472
0.400201 0.104007 0.050490 0.040595
0.403213 0.251155 0.042328 0.039207
0.941400 0.456018 0.051072 0.035516
0.943853 0.357035 0.045293 0.030852
0.065502 0.489879 0.050746 0.032463
0.616966 0.183249 0.049732 0.034217
0.069414 0.140663 0.062675 0.039423
0.943180 0.390887 0.049834 0.032420
0.609615 0.869846 0.049917 0.040485
0.938290 0.596040 0.064291 0.038207
0.403405 0.182367 0.043123 0.032593
0.505128 0.176179 0.046054 0.029728
0.502239 0.457142 0.046183 0.033085
0.617392 0.215335 0.047709 0.029594
0.178981 0.224070 0.062675 0.034310
0.280266 0.539290 0.051972 0.036177
0.502402 0.066156 0.048278 0.037599
0.397549 0.025841 0.067957 0.045685
0.613395 0.793302 0.054172 0.034637
0.403591 0.214651 0.041800 0.031786
0.064690 0.292327 0.054939 0.045243
0.283642 0.771021 0.050998 0.033208
0.931549 0.860125 0.048781 0.031188
0.614830 0.723004 0.046043 0.038437
0.721182 0.532148 0.048344 0.039689
0.391572 0.686765 0.061676 0.032648
0.394897 0.384838 0.045879 0.034665
0.400705 0.286515 0.041936 0.030470
0.717705 0.024817 0.056828 0.040681
0.284711 0.808132 0.045339 0.038042
0.388703 0.867884 0.049655 0.034650
0.064034 0.865747 0.049060 0.041311
0.174993 0.260179 0.049234 0.036457
0.397406 0.459623 0.047592 0.032327
0.065140 0.455451 0.047160 0.036898
0.397307 0.757980 0.047120 0.037228
0.943267 0.277350 0.050834 0.035447
0.611085 0.906399 0.056207 0.031019
0.395927 0.421806 0.044324 0.037910
0.722089 0.063273 0.052917 0.034258
0.175893 0.510329 0.060844 0.032899
0.822500 0.917273 0.053588 0.033042
0.280048 0.652789 0.051383 0.044997
0.066162 0.906033 0.049432 0.037009
0.620668 0.638600 0.050316 0.038382
0.611754 0.943329 0.065713 0.038193
0.934472 0.892035 0.045105 0.030524
0.622470 0.596786 0.051993 0.037786
0.176862 0.330870 0.055317 0.030761
0.064045 0.524965 0.047987 0.032952
0.282159 0.386297 0.047469 0.042436
0.173073 0.544991 0.049227 0.034721
0.497049 0.585431 0.050014 0.032341
0.494346 0.782413 0.050307 0.033068
0.943439 0.490850 0.045680 0.032779
0.065644 0.207846 0.050981 0.035637
0.723595 0.677668 0.051898 0.032314
0.945423 0.422623 0.048302 0.031936
0.503722 0.143154 0.047377 0.032173
0.287354 0.020239 0.052442 0.034222
0.825686 0.685128 0.050214 0.040814
0.941002 0.242891 0.047741 0.030762
0.724263 0.871485 0.045410 0.036541
0.614970 0.401902 0.056875 0.031081
0.731337 0.736821 0.056886 0.031822
0.727670 0.387701 0.060325 0.033630
0.501803 0.284243 0.051957 0.038761
0.293272 0.093160 0.048054 0.032070
0.166682 0.627593 0.049759 0.041816
0.171241 0.935609 0.064751 0.048540
0.386376 0.908977 0.046674 0.040929
0.285064 0.696971 0.055932 0.041416
0.725577 0.640119 0.050728 0.037751
0.931868 0.831757 0.044722 0.027057
0.061954 0.562775 0.047032 0.039057
0.167077 0.667542 0.052913 0.036522
0.060815 0.598248 0.042593 0.032372
0.059068 0.398433 0.051634 0.030625
0.619685 0.332860 0.049806 0.027552
0.825193 0.726549 0.052570 0.036970
0.283192 0.736164 0.045655 0.035270
0.506059 0.490771 0.049531 0.031823
0.281417 0.499012 0.046291 0.037569
0.833792 0.199349 0.052179 0.034233
0.177077 0.396435 0.047109 0.039715
0.393722 0.555493 0.049419 0.024976
0.935479 0.026214 0.054876 0.034828
0.505271 0.318554 0.039750 0.026891
0.942749 0.089339 0.051216 0.031646
0.723715 0.163377 0.047657 0.030737
0.822925 0.763387 0.053411 0.035961
0.831007 0.163210 0.043865 0.036171
0.174566 0.362326 0.047648 0.030852
0.944652 0.164903 0.046196 0.039609
0.828247 0.236799 0.055377 0.035733
0.293200 0.170876 0.042608 0.031920
0.720688 0.276735 0.047017 0.031968
0.727038 0.773273 0.049493 0.035169
0.169591 0.022388 0.053849 0.036961
0.939017 0.321174 0.048730 0.041312
0.827457 0.607641 0.060815 0.039019
0.507136 0.243675 0.051207 0.037921
0.496911 0.662859 0.046083 0.030617
0.174807 0.156405 0.050237 0.033785
0.613220 0.434673 0.045139 0.030125
0.491950 0.858885 0.066149 0.036815
0.395646 0.350979 0.046202 0.027234
0.284374 0.308164 0.040300 0.029697
0.934455 0.767033 0.044363 0.038202
0.726146 0.099676 0.051915 0.034561
0.936162 0.952613 0.047397 0.031061
0.728269 0.489887 0.050264 0.040642
0.506092 0.386511 0.046733 0.035571
0.936996 0.557747 0.047761 0.035236
0.506548 0.349618 0.043896 0.032230
0.829562 0.544920 0.051103 0.031144
0.282135 0.607258 0.056734 0.041880
0.719567 0.238330 0.051539 0.041381
0.731754 0.132235 0.044134 0.029195
0.726119 0.199464 0.059248 0.037462
0.059085 0.629907 0.046471 0.032830
0.289670 0.245093 0.043299 0.034263
0.616742 0.304890 0.041534 0.029069
0.830335 0.273615 0.051416 0.038479
0.174337 0.189793 0.046905 0.034088
0.061562 0.362294 0.046495 0.035401
0.169899 0.701726 0.051343 0.033772
0.175857 0.058804 0.046813 0.031214
0.937856 0.525250 0.049338 0.032665
0.823765 0.949095 0.047260 0.032845
0.401005 0.615454 0.047283 0.023247
0.828987 0.128185 0.053013 0.034170
0.730812 0.419503 0.066543 0.030117
0.722303 0.316232 0.046148 0.040309
0.936391 0.058567 0.048194 0.029244
0.392630 0.943848 0.053859 0.031589
0.066583 0.103375 0.051859 0.032286
0.067132 0.973774 0.050667 0.024307
0.615745 0.563772 0.050796 0.025642
0.503578 0.422606 0.044554 0.034873
0.064417 0.825745 0.054485 0.024826
0.725490 0.568710 0.049212 0.031904
0.821805 0.838659 0.045227 0.031683
0.724368 0.354891 0.050075 0.031126
0.284176 0.574428 0.057429 0.027732
0.829539 0.381835 0.041476 0.029238
0.496204 0.625890 0.039394 0.041883
0.826549 0.644498 0.046296 0.034627
0.175348 0.090867 0.042400 0.030480
0.824172 0.800869 0.049704 0.040778
0.611067 0.461312 0.056079 0.024579
0.730259 0.708280 0.038094 0.026430
0.065042 0.067715 0.049652 0.043741
0.829924 0.310032 0.040467 0.029436
0.620077 0.244376 0.043841 0.026995
0.945080 0.203962 0.040770 0.040804
0.496549 0.555332 0.033679 0.029829
0.828378 0.573744 0.041109 0.025825
0.935633 0.702202 0.057496 0.031346
0.930933 0.802141 0.036368 0.029398
0.819701 0.877169 0.051850 0.042439
0.609100 0.024064 0.055621 0.038287
0.935185 0.733995 0.041916 0.030581
0.835779 0.095554 0.039371 0.027646
0.287888 0.276996 0.037115 0.028829
0.727003 0.601193 0.046909 0.038197
0.830637 0.413005 0.040594 0.030552
0.498464 0.524131 0.038747 0.032215
0.396349 0.066851 0.045557 0.034565
0.725617 0.836861 0.043562 0.030595
0.281060 0.421383 0.045550 0.024524
0.832612 0.024885 0.047609 0.035693
0.728466 0.806007 0.038464 0.030013
0.730412 0.907686 0.063573 0.032698
0.933437 0.634408 0.042262 0.037766
0.829191 0.465435 0.047552 0.038786
0.173543 0.122440 0.047413 0.034658
0.945493 0.124350 0.048347 0.037879
0.290840 0.930362 0.062602 0.039306
0.733716 0.943416 0.067372 0.038382
0.932330 0.671268 0.045059 0.035777
0.828600 0.346020 0.043754 0.039861
0.066817 0.330515 0.038750 0.025742
0.492591 0.894944 0.044959 0.036638
0.500382 0.024234 0.061711 0.038621
0.497117 0.754576 0.042439 0.022047
0.826801 0.507503 0.043671 0.040301
0.725326 0.450388 0.050587 0.030593
0.064466 0.425594 0.043595 0.020747
0.069560 0.174813 0.052981 0.028466
0.060420 0.027225 0.063388 0.039464
0.492858 0.933923 0.039316 0.039017
0.830472 0.437134 0.041256 0.023949
0.292352 0.952694 0.054635 0.027815
0.104755 0.020727 0.038004 0.030873
