0.935701 0.375424 0.068561 0.037165
0.932139 0.187980 0.062736 0.037545
0.168977 0.314281 0.068763 0.051614
0.825085 0.602277 0.069739 0.043730
0.935446 0.262119 0.053707 0.041045
0.815433 0.474723 0.066776 0.039944
0.820358 0.292461 0.052751 0.034024
0.609209 0.072675 0.066600 0.040704
0.932963 0.224105 0.063690 0.030326
0.389477 0.656836 0.058717 0.040481
0.603479 0.386423 0.056462 0.038105
0.605698 0.345898 0.060214 0.041673
0.607773 0.425470 0.057795 0.039491
0.709526 0.206145 0.053922 0.031815
0.601384 0.149225 0.058935 0.038141
0.706911 0.602478 0.052430 0.039726
0.492673 0.751581 0.066608 0.040949
0.700059 0.241367 0.068187 0.037702
0.817290 0.403436 0.057207 0.039892
0.821153 0.645537 0.061622 0.039520
0.941563 0.654002 0.053448 0.040475
0.173243 0.781625 0.056903 0.034050
0.600421 0.957882 0.065585 0.039440
0.711394 0.170513 0.049624 0.035843
0.608611 0.538587 0.055708 0.039276
0.711601 0.864343 0.064790 0.039931
0.823502 0.716992 0.056188 0.033641
0.171609 0.608784 0.064214 0.040169
0.606406 0.464938 0.050512 0.037735
0.822948 0.558222 0.050468 0.041790
0.940623 0.333627 0.045365 0.041668
0.605382 0.191443 0.052672 0.040081
0.068737 0.338496 0.064761 0.045550
0.708223 0.682627 0.051681 0.035865
0.826420 0.840567 0.053121 0.033954
0.821078 0.329921 0.054820 0.037082
0.707605 0.364014 0.056829 0.036821
0.708002 0.321307 0.051832 0.040788
0.945680 0.480964 0.050072 0.037457
0.938382 0.297489 0.051555 0.027294
0.171000 0.919286 0.054990 0.031499
0.824168 0.254680 0.048186 0.037583
0.822669 0.755968 0.049169 0.037406
0.941098 0.548552 0.054974 0.040374
0.821234 0.515575 0.050480 0.039119
0.605681 0.500825 0.056146 0.034644
0.397785 0.123046 0.061714 0.039683
0.710237 0.104989 0.056466 0.035335
0.492781 0.868677 0.071772 0.041174
0.605698 0.233271 0.052339 0.037418
0.279550 0.179476 0.055438 0.038793
0.706800 0.282727 0.055109 0.038684
0.831123 0.943072 0.056316 0.029074
0.276576 0.908461 0.051290 0.039803
0.712953 0.751818 0.057715 0.036712
0.711563 0.903608 0.052088 0.037653
0.491706 0.824280 0.050541 0.040362
0.700665 0.487192 0.060070 0.044467
0.173598 0.083939 0.074297 0.050137
0.822960 0.177357 0.052066 0.038546
0.823479 0.106331 0.047636 0.038523
0.171972 0.744575 0.044230 0.037942
0.379091 0.462486 0.069486 0.038610
0.711496 0.644072 0.049889 0.038131
0.606192 0.307152 0.055695 0.033718
0.382018 0.734866 0.047860 0.041387
0.712234 0.406819 0.054086 0.041689
0.503436 0.066459 0.059113 0.043727
0.937129 0.412306 0.053054 0.030426
0.607591 0.110953 0.050555 0.032062
0.941118 0.955443 0.065295 0.041271
0.599624 0.887871 0.061309 0.041663
0.821603 0.214534 0.046458 0.034345
0.170624 0.883806 0.052011 0.033655
0.824973 0.912856 0.048332 0.032585
0.380610 0.585262 0.056190 0.040956
0.489522 0.267813 0.076194 0.040409
0.940949 0.692823 0.049786 0.038925
0.492393 0.429448 0.054775 0.041710
0.067457 0.256338 0.064586 0.037551
0.940645 0.444004 0.049107 0.033631
0.380978 0.504429 0.056157 0.039704
0.494222 0.310696 0.057601 0.043945
0.390441 0.161749 0.057916 0.038308
0.380991 0.885591 0.049565 0.036077
0.171943 0.959227 0.058274 0.043279
0.380863 0.546164 0.050633 0.038745
0.936305 0.032634 0.055012 0.041058
0.822146 0.682570 0.046359 0.032792
0.173449 0.520732 0.052115 0.038929
0.826409 0.876215 0.057889 0.034969
0.075487 0.885079 0.065303 0.046554
0.172707 0.565036 0.051419 0.040215
0.072905 0.838346 0.062995 0.039968
0.490327 0.354341 0.049953 0.039817
0.707371 0.527490 0.046932 0.034561
0.065687 0.793115 0.054310 0.041319
0.713865 0.715481 0.048893 0.028327
0.274626 0.622957 0.061497 0.040729
0.709029 0.564515 0.048735 0.036064
0.273654 0.667864 0.059720 0.044020
0.603975 0.271241 0.055387 0.038363
0.168271 0.224645 0.060277 0.038594
0.822691 0.033291 0.052386 0.038428
0.941274 0.918026 0.053266 0.032354
0.068938 0.443114 0.055906 0.038841
0.940997 0.736289 0.057053 0.043107
0.277336 0.971464 0.054878 0.031367
0.715634 0.791136 0.061345 0.030887
0.386252 0.696414 0.050251 0.033925
0.942056 0.585371 0.054159 0.028180
0.939380 0.777586 0.047758 0.032855
0.386540 0.809085 0.052470 0.036704
0.602115 0.798278 0.052779 0.033204
0.488960 0.670637 0.049457 0.040847
0.062075 0.085384 0.060575 0.048498
0.498180 0.907861 0.072911 0.038221
0.493949 0.710019 0.048536 0.034437
0.175625 0.647312 0.053500 0.037798
0.386962 0.419944 0.053561 0.042070
0.172810 0.708930 0.047910 0.029798
0.611169 0.578601 0.061237 0.039741
0.946805 0.513176 0.052723 0.026214
0.496743 0.390949 0.054472 0.036528
0.599049 0.923344 0.050894 0.029277
0.276026 0.580605 0.052734 0.042121
0.387074 0.201815 0.050934 0.039954
0.827057 0.798639 0.050522 0.047254
0.944260 0.846260 0.043216 0.034038
0.276540 0.822328 0.048724 0.040832
0.062708 0.489059 0.056380 0.042607
0.709874 0.137468 0.048846 0.029514
0.819699 0.438980 0.046987 0.027774
0.173568 0.178606 0.067823 0.047034
0.494844 0.476253 0.056842 0.041258
0.940757 0.617245 0.047852 0.027860
0.827799 0.972854 0.056632 0.032866
0.598500 0.763213 0.047360 0.036922
0.944898 0.880539 0.041292 0.037722
0.170429 0.265198 0.056143 0.039475
0.274620 0.310392 0.053137 0.043731
0.815638 0.365047 0.059128 0.035043
0.066511 0.623660 0.047179 0.045310
0.395897 0.082122 0.051850 0.041442
0.065940 0.210735 0.057232 0.036421
0.167688 0.396600 0.049326 0.037044
0.276019 0.865191 0.050526 0.040132
0.823864 0.071159 0.056061 0.034104
0.715755 0.825493 0.042231 0.034524
0.496258 0.155485 0.046442 0.041117
0.612167 0.031599 0.050280 0.037881
0.824176 0.143513 0.045748 0.029661
0.708521 0.446579 0.046695 0.031990
0.178037 0.481316 0.049504 0.036615
0.061846 0.746107 0.051626 0.045180
0.494927 0.629324 0.046169 0.039384
0.279796 0.738898 0.049008 0.034641
0.943443 0.810953 0.047905 0.035345
0.277198 0.354985 0.055808 0.043236
0.602150 0.840627 0.049086 0.048449
0.280398 0.217925 0.068292 0.031599
0.934008 0.073451 0.053505 0.037760
0.500885 0.111496 0.049625 0.041817
0.068254 0.164661 0.049621 0.040126
0.068965 0.666960 0.055841 0.033854
0.496725 0.943214 0.052746 0.034084
0.283828 0.139516 0.051064 0.039562
0.503491 0.029507 0.064246 0.032045
0.172284 0.439203 0.049407 0.040067
0.490451 0.789656 0.055122 0.029378
0.165290 0.359819 0.047562 0.036015
0.497256 0.518844 0.051699 0.040061
0.495255 0.193595 0.046975 0.036749
0.714064 0.068996 0.042778 0.034172
0.385646 0.772845 0.048678 0.034287
0.063952 0.035623 0.068490 0.046956
0.173851 0.131060 0.050284 0.040691
0.273487 0.540826 0.058611 0.033940
0.167711 0.851759 0.042442 0.030874
0.494038 0.229335 0.045551 0.033631
0.382066 0.921893 0.042975 0.032461
0.278348 0.260483 0.052199 0.046052
0.607080 0.617312 0.045641 0.034295
0.278470 0.779365 0.047799 0.040601
0.382796 0.621701 0.049402 0.028712
0.080873 0.965143 0.048177 0.034749
0.394446 0.036479 0.056478 0.042313
0.174040 0.680924 0.040584 0.029881
0.380782 0.846726 0.045116 0.035275
0.274673 0.445362 0.048340 0.044850
0.285139 0.089817 0.057449 0.052068
0.278255 0.943312 0.041041 0.024345
0.497450 0.587291 0.040480 0.037168
0.064663 0.125411 0.049286 0.034584
0.168873 0.818601 0.040589 0.033919
0.061665 0.296392 0.051055 0.031138
0.389579 0.376692 0.045180 0.039749
0.387568 0.299136 0.050516 0.040426
0.499711 0.554317 0.048467 0.026465
0.391837 0.336104 0.053204 0.033050
0.066008 0.573376 0.056327 0.043821
0.502171 0.975166 0.063652 0.031422
0.065019 0.702775 0.049378 0.033009
0.600105 0.730983 0.047322 0.025453
0.175417 0.035436 0.056253 0.043796
0.711453 0.940613 0.059163 0.035617
0.936521 0.143607 0.049517 0.046668
0.279865 0.703541 0.046845 0.029255
0.382131 0.248895 0.064878 0.053606
0.600248 0.659476 0.055001 0.050530
0.933423 0.106000 0.044900 0.026311
0.716486 0.031838 0.045975 0.038812
0.386500 0.958485 0.041956 0.033910
0.280834 0.397730 0.049989 0.040043
0.272573 0.490869 0.053628 0.046701
0.075465 0.924857 0.054370 0.034911
0.597491 0.699912 0.055935 0.035046
0.714571 0.970290 0.077574 0.032331
0.283049 0.038856 0.054927 0.047008
0.061910 0.530591 0.042167 0.030773
0.067432 0.398510 0.050876 0.045857
