0.937201 0.171081 0.059558 0.044866
0.604757 0.337195 0.067542 0.045811
0.723277 0.412349 0.086293 0.046030
0.395309 0.872678 0.062762 0.038746
0.717346 0.541539 0.075285 0.037086
0.833223 0.295807 0.058355 0.031050
0.945006 0.254671 0.076479 0.036116
0.605266 0.245482 0.059553 0.041544
0.496686 0.748139 0.067369 0.034843
0.831391 0.257367 0.053173 0.031558
0.606991 0.124524 0.081066 0.044344
0.935650 0.510960 0.051810 0.036337
0.831482 0.219097 0.052678 0.038805
0.493140 0.424222 0.056230 0.041138
0.608514 0.290910 0.058622 0.042052
0.494188 0.627991 0.067277 0.039091
0.937363 0.586024 0.075941 0.040773
0.722933 0.501645 0.056513 0.036919
0.491995 0.466011 0.068139 0.039262
0.392388 0.835000 0.056003 0.036521
0.167737 0.944198 0.081663 0.040946
0.938331 0.419251 0.057343 0.034763
0.611032 0.922724 0.062201 0.034646
0.278413 0.126789 0.057732 0.042694
0.716695 0.095775 0.055377 0.041765
0.935791 0.377849 0.051431 0.045990
0.388788 0.636016 0.060841 0.037583
0.832757 0.179469 0.047839 0.036983
0.833759 0.069135 0.058640 0.037625
0.940292 0.056688 0.061021 0.037494
0.181122 0.642369 0.062590 0.041103
0.945900 0.294161 0.052104 0.035551
0.498371 0.382853 0.057255 0.038296
0.943488 0.095915 0.051021 0.037374
0.936364 0.720377 0.053854 0.041628
0.273019 0.485283 0.063087 0.042850
0.174239 0.873736 0.064027 0.033983
0.172597 0.144916 0.060066 0.044461
0.173705 0.488943 0.063518 0.043572
0.610547 0.486839 0.057403 0.040592
0.389813 0.711844 0.061156 0.042349
0.722470 0.367358 0.063917 0.042486
0.504986 0.978733 0.057902 0.029234
0.393035 0.295138 0.058056 0.039805
0.937401 0.547039 0.050894 0.033377
0.174979 0.444407 0.066623 0.043184
0.941466 0.761133 0.062561 0.040651
0.938649 0.802033 0.070032 0.040030
0.181926 0.601889 0.062939 0.037860
0.716855 0.137072 0.062245 0.038898
0.174621 0.063837 0.063688 0.040778
0.393827 0.789741 0.059266 0.048728
0.394352 0.914263 0.059583 0.041883
0.827637 0.146501 0.056438 0.028663
0.275772 0.080457 0.069284 0.047007
0.819961 0.722938 0.055383 0.042527
0.165965 0.792992 0.057962 0.041725
0.713368 0.770144 0.055545 0.040141
0.389507 0.222026 0.065487 0.039323
0.604930 0.883713 0.054637 0.041173
0.493374 0.510079 0.057319 0.044811
0.278405 0.624600 0.061388 0.045341
0.604554 0.839251 0.049719 0.038926
0.389579 0.957439 0.069130 0.038672
0.707595 0.208333 0.065705 0.040932
0.496885 0.670799 0.056020 0.042229
0.391759 0.398376 0.057046 0.041849
0.390023 0.442821 0.057429 0.046062
0.715219 0.727079 0.059168 0.045144
0.498427 0.585892 0.048493 0.039859
0.708627 0.028512 0.068646 0.041159
0.821821 0.401533 0.055974 0.044865
0.504444 0.878692 0.051890 0.040730
0.820863 0.683621 0.060137 0.031336
0.281690 0.206891 0.053271 0.039220
0.605429 0.382070 0.054087 0.038205
0.177875 0.563259 0.059170 0.040356
0.941117 0.215707 0.052201 0.039879
0.829627 0.330804 0.046796 0.033453
0.939065 0.950440 0.064097 0.053097
0.171895 0.103589 0.055609 0.036614
0.721608 0.633717 0.061688 0.044912
0.506747 0.948142 0.049253 0.033626
0.823869 0.478122 0.056017 0.045048
0.171044 0.906336 0.054363 0.033723
0.936644 0.678191 0.048962 0.037148
0.497815 0.710739 0.059642 0.038459
0.723377 0.460406 0.051837 0.044193
0.606731 0.959018 0.053852 0.034739
0.943320 0.334975 0.046644 0.038257
0.819881 0.766761 0.052918 0.039891
0.831684 0.029451 0.056973 0.040256
0.603295 0.204678 0.051747 0.036647
0.496565 0.548775 0.051619 0.034169
0.722240 0.295386 0.061019 0.034082
0.718055 0.679190 0.059074 0.045019
0.610124 0.586900 0.054334 0.038434
0.271894 0.336720 0.071336 0.042555
0.819011 0.640093 0.048727 0.047234
0.611786 0.449882 0.046557 0.033979
0.611230 0.521855 0.053418 0.028443
0.729769 0.968597 0.060643 0.033771
0.282146 0.720419 0.056760 0.047843
0.167053 0.753152 0.047081 0.033501
0.283049 0.576236 0.067904 0.045688
0.282811 0.670373 0.053819 0.043997
0.278501 0.528428 0.054195 0.042593
0.171440 0.720587 0.047059 0.033651
0.177675 0.376551 0.069772 0.034797
0.717428 0.171816 0.051915 0.028695
0.938984 0.841014 0.051234 0.036322
0.501034 0.785100 0.053411 0.036743
0.282007 0.167509 0.050834 0.036714
0.172123 0.337997 0.053177 0.039903
0.282013 0.294985 0.048414 0.034471
0.937707 0.633416 0.058445 0.049046
0.506859 0.916571 0.051745 0.033356
0.271448 0.438215 0.055151 0.045377
0.062757 0.077946 0.060289 0.049662
0.394886 0.749451 0.062574 0.031553
0.282112 0.807492 0.051844 0.040817
0.283350 0.887872 0.062516 0.041691
0.825533 0.917782 0.058866 0.039278
0.171087 0.026359 0.062974 0.035505
0.713886 0.864544 0.053437 0.052915
0.813829 0.810062 0.059662 0.039409
0.611071 0.629746 0.062913 0.047129
0.718798 0.583357 0.058367 0.046300
0.280947 0.846056 0.056875 0.039770
0.718963 0.938199 0.055487 0.030412
0.938735 0.130868 0.045435 0.031391
0.610361 0.078742 0.049505 0.042291
0.172594 0.254687 0.055760 0.039493
0.827576 0.364008 0.043840 0.027286
0.831360 0.108980 0.052208 0.043014
0.610663 0.553106 0.048372 0.030719
0.283315 0.929258 0.061479 0.041781
0.170694 0.298513 0.052264 0.041208
0.499517 0.139468 0.049246 0.036503
0.173865 0.684584 0.054439 0.036443
0.813642 0.846444 0.058728 0.036762
0.818421 0.882669 0.048904 0.035019
0.600463 0.764417 0.062780 0.046848
0.167902 0.834519 0.043400 0.035965
0.725094 0.330416 0.050320 0.032771
0.383211 0.180407 0.054145 0.044477
0.391029 0.536857 0.052229 0.041206
0.609910 0.419951 0.049834 0.034296
0.717334 0.812931 0.060320 0.041577
0.391788 0.673012 0.043331 0.033244
0.061392 0.170324 0.059755 0.050105
0.282210 0.966468 0.056501 0.033202
0.180065 0.408377 0.049047 0.031026
0.281935 0.254226 0.049137 0.046055
0.719381 0.252882 0.059111 0.050234
0.719274 0.061506 0.055694 0.026540
0.275922 0.031983 0.057810 0.048824
0.390533 0.489209 0.059273 0.048986
0.608024 0.031415 0.059080 0.047177
0.177910 0.528512 0.054224 0.038234
0.393249 0.258106 0.053804 0.031126
0.392518 0.601987 0.048424 0.026347
0.714831 0.907285 0.055872 0.030025
0.063128 0.123321 0.058447 0.041051
0.496969 0.103745 0.050865 0.038252
0.823156 0.961142 0.070914 0.048036
0.944998 0.875717 0.057535 0.025446
0.496976 0.220204 0.051296 0.041253
0.941824 0.907455 0.048363 0.031075
0.608673 0.167971 0.049248 0.035789
0.394503 0.359343 0.050127 0.032690
0.499185 0.179084 0.061367 0.035789
0.064655 0.028473 0.053213 0.047287
0.500297 0.062846 0.058179 0.045255
0.175626 0.183367 0.043967 0.033018
0.172019 0.979860 0.069996 0.027089
0.502171 0.830679 0.050994 0.049158
0.392697 0.330450 0.046341 0.030789
0.384931 0.138316 0.060137 0.034468
0.282774 0.766272 0.052291 0.038126
0.823971 0.441173 0.044239 0.029422
0.393794 0.574513 0.050487 0.030031
0.947059 0.023079 0.053684 0.023513
0.825093 0.588415 0.046797 0.047718
0.172238 0.218291 0.043128 0.033362
0.383754 0.071147 0.060627 0.046322
0.495514 0.341827 0.048763 0.041460
0.604318 0.803173 0.053349 0.027987
0.383958 0.108050 0.044653 0.032555
0.492232 0.303700 0.046095 0.032454
0.823158 0.545874 0.059909 0.038096
0.611231 0.674072 0.049311 0.038081
0.626194 0.715403 0.084761 0.049853
0.389039 0.028555 0.045429 0.040337
0.275053 0.391116 0.061841 0.042569
0.939257 0.459669 0.058161 0.038702
0.505414 0.023520 0.057707 0.029747
0.496096 0.261452 0.046339 0.040258
