0.185705 0.402812 0.066224 0.045956
0.399489 0.501720 0.076483 0.050087
0.944924 0.150096 0.069326 0.035930
0.066397 0.478116 0.069810 0.046736
0.937073 0.669359 0.060852 0.042293
0.826547 0.330503 0.070176 0.045760
0.286262 0.447412 0.058946 0.044329
0.498280 0.607389 0.072352 0.041485
0.181025 0.310199 0.072495 0.044703
0.612157 0.365660 0.077002 0.045984
0.502999 0.129611 0.074535 0.044581
0.063070 0.304381 0.069240 0.041217
0.607133 0.502797 0.064883 0.042961
0.602872 0.629273 0.064232 0.044166
0.182085 0.446178 0.066063 0.037671
0.392316 0.683117 0.062778 0.040372
0.510326 0.266167 0.074895 0.044997
0.396002 0.930369 0.079313 0.037471
0.397221 0.451420 0.079197 0.047216
0.503051 0.694682 0.062255 0.041249
0.601500 0.587830 0.063172 0.037230
0.830433 0.376416 0.070668 0.041692
0.292843 0.585222 0.068852 0.042401
0.284781 0.674960 0.085921 0.048114
0.068153 0.428250 0.064408 0.043937
0.061078 0.657886 0.070610 0.042107
0.933140 0.894435 0.067721 0.043813
0.933453 0.543102 0.063379 0.041238
0.181760 0.214104 0.071056 0.050555
0.286748 0.629139 0.069204 0.040646
0.710913 0.828798 0.063492 0.042576
0.717986 0.185661 0.071225 0.044185
0.280925 0.173207 0.061387 0.045864
0.613218 0.158242 0.060443 0.035057
0.275914 0.072308 0.059632 0.039770
0.182768 0.590425 0.064538 0.047826
0.286838 0.219435 0.068031 0.040965
0.185117 0.488500 0.063721 0.045913
0.289011 0.493367 0.065217 0.041131
0.061508 0.117934 0.071230 0.049877
0.286434 0.537912 0.073742 0.042948
0.068705 0.167645 0.065851 0.044171
0.066320 0.214149 0.083155 0.046819
0.708894 0.740075 0.067403 0.038648
0.186414 0.356372 0.069942 0.040704
0.824330 0.283004 0.082171 0.044929
0.512268 0.220230 0.063026 0.041365
0.717552 0.280093 0.066389 0.046351
0.938874 0.713083 0.063039 0.041800
0.390621 0.888596 0.066910 0.041948
0.514130 0.174575 0.075203 0.043721
0.828625 0.159522 0.054705 0.037501
0.618255 0.237970 0.070489 0.036712
0.495239 0.085807 0.068726 0.039615
0.284316 0.357616 0.065860 0.046599
0.835590 0.116460 0.063808 0.041679
0.394008 0.636703 0.064338 0.046144
0.609104 0.411231 0.066218 0.038625
0.943324 0.221500 0.077726 0.039391
0.392724 0.845245 0.059615 0.042604
0.402256 0.217753 0.079442 0.040027
0.183808 0.161946 0.059042 0.046036
0.610123 0.076906 0.070636 0.037109
0.394704 0.365508 0.074329 0.042555
0.283088 0.311086 0.057443 0.041240
0.715447 0.670264 0.068243 0.042195
0.061698 0.524044 0.084723 0.039987
0.611500 0.547320 0.062859 0.038624
0.049638 0.732646 0.071335 0.040948
0.273500 0.028377 0.068691 0.043090
0.180307 0.119067 0.069153 0.034212
0.055157 0.872697 0.066871 0.045444
0.170710 0.733786 0.073439 0.048254
0.500827 0.960012 0.068562 0.040217
0.390083 0.136117 0.070369 0.043192
0.936622 0.346194 0.056215 0.040587
0.391623 0.590079 0.066805 0.042658
0.503047 0.781190 0.085255 0.045891
0.709376 0.916221 0.059179 0.042448
0.389733 0.803006 0.074074 0.037714
0.499597 0.384775 0.065354 0.040497
0.824972 0.711725 0.060275 0.041423
0.394094 0.318147 0.062108 0.048181
0.604761 0.762766 0.059476 0.043171
0.934907 0.626013 0.066937 0.039421
0.608728 0.455476 0.070939 0.043103
0.502403 0.562045 0.067721 0.047218
0.708265 0.784336 0.067531 0.043600
0.179938 0.074977 0.056942 0.048735
0.710528 0.871787 0.057263 0.040165
0.721641 0.141451 0.059832 0.040980
0.723257 0.377012 0.062005 0.040750
0.288525 0.403931 0.059856 0.040060
0.832012 0.238758 0.062463 0.042029
0.181577 0.635478 0.061461 0.039892
0.823289 0.920648 0.061350 0.044724
0.719429 0.231301 0.060060 0.041334
0.942560 0.074601 0.061968 0.039662
0.070378 0.382425 0.080619 0.042752
0.941779 0.467292 0.076048 0.043923
0.281076 0.121236 0.062916 0.054836
0.940547 0.751459 0.064143 0.034091
0.393043 0.724276 0.060353 0.039509
0.825610 0.669363 0.053374 0.042745
0.940548 0.426511 0.060637 0.035832
0.722275 0.331041 0.060108 0.050044
0.940156 0.113302 0.055679 0.030704
0.939230 0.389010 0.052555 0.038095
0.716779 0.962397 0.065462 0.046000
0.057473 0.771750 0.072409 0.038098
0.613100 0.278523 0.052744 0.044952
0.502780 0.342750 0.058690 0.045358
0.061194 0.262165 0.078161 0.042075
0.065603 0.071380 0.066236 0.034804
0.827395 0.751632 0.051833 0.036585
0.601515 0.675126 0.059665 0.040263
0.497386 0.467364 0.086712 0.042991
0.723249 0.516838 0.066286 0.046991
0.814411 0.877212 0.066763 0.039463
0.388037 0.407777 0.060843 0.036525
0.179464 0.263300 0.067093 0.043994
0.181247 0.536806 0.069160 0.045478
0.933841 0.793303 0.058059 0.043936
0.833534 0.197330 0.061272 0.039505
0.719753 0.070600 0.069298 0.038445
0.615583 0.200171 0.072842 0.040614
0.394612 0.093385 0.065944 0.041301
0.501950 0.736592 0.065850 0.034011
0.612472 0.118194 0.054070 0.045551
0.060995 0.614248 0.058030 0.036245
0.172663 0.683155 0.063689 0.048477
0.937825 0.584106 0.052649 0.040171
0.284607 0.263763 0.049282 0.042260
0.935627 0.296687 0.054684 0.052214
0.825191 0.793730 0.055496 0.043966
0.499363 0.514948 0.063889 0.044097
0.615770 0.854491 0.071231 0.033718
0.724346 0.468797 0.059694 0.043403
0.938125 0.256668 0.059467 0.029051
0.395575 0.178346 0.059647 0.037875
0.824624 0.457991 0.060072 0.029973
0.603019 0.717487 0.053714 0.042476
0.721536 0.558568 0.061789 0.035126
0.614298 0.323182 0.059810 0.041226
0.177733 0.787777 0.069197 0.050796
0.176519 0.844178 0.057790 0.053690
0.829248 0.964022 0.066400 0.038271
0.504521 0.427903 0.067705 0.043884
0.932728 0.937761 0.058540 0.040805
0.716652 0.030479 0.061971 0.038901
0.279911 0.865142 0.057135 0.050950
0.393106 0.762041 0.056393 0.037592
0.179948 0.029979 0.070837 0.035389
0.064869 0.030835 0.072253 0.036872
0.931673 0.843243 0.052655 0.052640
0.063070 0.570229 0.049527 0.045903
0.497645 0.920940 0.050641 0.034222
0.062440 0.343457 0.058917 0.030203
0.939532 0.185196 0.046163 0.026735
0.610194 0.035756 0.061864 0.040603
0.174919 0.891000 0.050131 0.036575
0.180475 0.962775 0.074810 0.041024
0.826393 0.495303 0.049055 0.040757
0.495514 0.037862 0.069134 0.051859
0.824334 0.621661 0.048273 0.046193
0.607063 0.812114 0.049014 0.046428
0.715677 0.595102 0.050397 0.032728
0.607034 0.898128 0.065134 0.044765
0.716790 0.629712 0.073957 0.037232
0.397720 0.264043 0.049562 0.051989
0.392438 0.549047 0.056725 0.040497
0.280596 0.910207 0.050671 0.032123
0.503720 0.824800 0.070865 0.039216
0.825711 0.576926 0.048753 0.040009
0.721807 0.105652 0.062166 0.034040
0.827845 0.536155 0.049854 0.037004
0.826753 0.421243 0.052826 0.043442
0.505542 0.304721 0.052269 0.032482
0.391063 0.040968 0.066449 0.057984
0.169736 0.926891 0.059562 0.028158
0.610418 0.942316 0.067586 0.037698
0.935556 0.503728 0.058417 0.032475
0.938749 0.972995 0.071016 0.029079
0.398164 0.966649 0.064527 0.034154
0.286363 0.942659 0.059680 0.034205
0.710430 0.705747 0.045690 0.027848
0.286234 0.814782 0.054948 0.046537
0.830733 0.040197 0.057594 0.050306
0.291909 0.720265 0.085809 0.040593
0.059677 0.696499 0.064500 0.025378
0.821455 0.834931 0.052428 0.038209
0.497831 0.649730 0.058564 0.043634
0.936656 0.035543 0.045680 0.035480
0.831507 0.077118 0.048184 0.029742
0.725395 0.424460 0.059472 0.048162
0.051289 0.818224 0.088928 0.048007
0.051415 0.927354 0.053725 0.050072
0.295317 0.975109 0.078203 0.033912
0.497721 0.875203 0.063681 0.049576
0.611557 0.973032 0.062440 0.033234
0.055755 0.967216 0.074072 0.027414
0.298821 0.764422 0.088378 0.048727
