0.268520 0.443468 0.078709 0.048649
0.493359 0.177141 0.080946 0.053421
0.818892 0.953091 0.086979 0.049517
0.167560 0.793862 0.082420 0.048125
0.168522 0.694028 0.076426 0.046560
0.709686 0.517441 0.082577 0.053363
0.927924 0.878345 0.075086 0.047732
0.167388 0.442677 0.076534 0.053420
0.162559 0.846470 0.082476 0.049890
0.492223 0.117359 0.073773 0.054160
0.819306 0.557902 0.087678 0.050010
0.818593 0.903567 0.069407 0.041388
0.489910 0.400594 0.086040 0.049179
0.824737 0.444463 0.088302 0.051620
0.495258 0.452190 0.079870 0.049519
0.266003 0.922978 0.073341 0.039531
0.491746 0.500164 0.087247 0.041670
0.712894 0.342172 0.086641 0.055676
0.831530 0.218887 0.085769 0.046895
0.387122 0.242389 0.080240 0.056848
0.925926 0.568982 0.076901 0.052169
0.600309 0.754971 0.083891 0.047830
0.276722 0.711482 0.086598 0.044961
0.597680 0.564298 0.080878 0.050846
0.927296 0.671448 0.096863 0.050116
0.064717 0.743153 0.091756 0.052053
0.817176 0.612810 0.083937 0.051801
0.928875 0.266166 0.078704 0.049804
0.706320 0.779684 0.093277 0.051294
0.163835 0.330158 0.089174 0.056038
0.493605 0.553398 0.084640 0.058621
0.600076 0.402695 0.078319 0.047159
0.604714 0.118210 0.082402 0.051526
0.815374 0.712718 0.092766 0.044482
0.386656 0.776605 0.074845 0.051997
0.601778 0.911121 0.084711 0.048769
0.602091 0.618368 0.067905 0.047099
0.167187 0.743631 0.076383 0.046939
0.067082 0.915964 0.088731 0.048459
0.497753 0.239116 0.085478 0.057849
0.176898 0.896527 0.075793 0.041051
0.064826 0.239758 0.086438 0.055204
0.602485 0.708602 0.082203 0.042162
0.935722 0.114029 0.089033 0.044167
0.387232 0.931530 0.061125 0.037546
0.708116 0.831792 0.081283 0.049710
0.491916 0.705861 0.084545 0.043920
0.488125 0.344614 0.073697 0.053841
0.711454 0.573607 0.080482 0.054281
0.271624 0.870452 0.084027 0.051752
0.601846 0.861145 0.071322 0.046482
0.271924 0.616181 0.083588 0.044392
0.707315 0.731591 0.086006 0.041664
0.272841 0.561412 0.086567 0.055824
0.065086 0.300653 0.074547 0.056187
0.815757 0.808642 0.073400 0.046069
0.383186 0.179228 0.083893 0.057134
0.931048 0.827440 0.085070 0.046614
0.930122 0.726079 0.086618 0.047688
0.385981 0.442570 0.075440 0.046887
0.162657 0.499392 0.072953 0.052053
0.272182 0.174547 0.086335 0.049727
0.816683 0.388863 0.085514 0.055416
0.497490 0.061910 0.086539 0.052268
0.826197 0.500432 0.075044 0.053503
0.938568 0.213494 0.079406 0.047892
0.385614 0.835001 0.077152 0.055400
0.162850 0.385298 0.077204 0.049586
0.704970 0.682243 0.065565 0.050345
0.269404 0.387848 0.074078 0.052237
0.169604 0.273928 0.072267 0.055334
0.604004 0.178300 0.081414 0.057926
0.920679 0.776804 0.081668 0.047984
0.491122 0.612824 0.070746 0.051251
0.602106 0.810429 0.073823 0.051524
0.927840 0.963736 0.088098 0.039466
0.709233 0.460992 0.088009 0.057407
0.389081 0.725263 0.089167 0.049676
0.930426 0.161037 0.083749 0.048291
0.821572 0.857227 0.079340 0.047173
0.382251 0.495609 0.067483 0.051169
0.597878 0.297430 0.095940 0.055040
0.599234 0.511261 0.072056 0.048906
0.711322 0.628098 0.068465 0.045093
0.270488 0.812170 0.067981 0.061801
0.813468 0.760544 0.076342 0.036120
0.276123 0.231519 0.068111 0.055618
0.386487 0.887721 0.065825 0.045966
0.718541 0.061981 0.080354 0.054595
0.063127 0.407447 0.072046 0.058474
0.156727 0.115013 0.080000 0.046270
0.605409 0.063193 0.064749 0.052731
0.272937 0.966758 0.063488 0.045010
0.276762 0.501245 0.067596 0.058265
0.600852 0.456813 0.064600 0.052396
0.272053 0.119324 0.066241 0.054267
0.279018 0.665285 0.079069 0.041544
0.065429 0.579828 0.066873 0.048102
0.388157 0.392656 0.080817 0.049192
0.394078 0.968984 0.085229 0.037919
0.165634 0.599401 0.072956 0.049097
0.604635 0.352955 0.081649 0.050229
0.933486 0.417191 0.080671 0.042181
0.934596 0.061317 0.083557 0.055765
0.385109 0.615905 0.066233 0.051301
0.925507 0.922949 0.058664 0.039430
0.066447 0.638892 0.068875 0.052016
0.165397 0.064849 0.078896 0.052830
0.273164 0.756343 0.071493 0.039826
0.492021 0.872282 0.076759 0.051995
0.927886 0.517145 0.062705 0.047108
0.713368 0.285828 0.065555 0.052194
0.385201 0.294062 0.078315 0.041710
0.499676 0.919646 0.090617 0.041986
0.705501 0.887357 0.064035 0.050773
0.074562 0.967507 0.079294 0.044044
0.927754 0.618220 0.067211 0.040197
0.059334 0.355598 0.068939 0.040455
0.824395 0.271776 0.066363 0.052088
0.711270 0.117137 0.064640 0.050257
0.273576 0.064250 0.074107 0.052338
0.710938 0.233065 0.068158 0.050145
0.066298 0.525062 0.071997 0.053918
0.060224 0.182289 0.065064 0.055334
0.826374 0.059666 0.080138 0.052577
0.491725 0.293613 0.068660 0.044917
0.494404 0.661453 0.050070 0.042466
0.068896 0.691393 0.065194 0.044651
0.710889 0.174479 0.088567 0.058120
0.386001 0.120357 0.066763 0.052977
0.274083 0.281567 0.056520 0.038520
0.166435 0.169783 0.064580 0.053864
0.385758 0.341199 0.056587 0.047254
0.383933 0.556533 0.072007 0.062911
0.715934 0.400401 0.069153 0.051632
0.815560 0.116546 0.080808 0.056658
0.604858 0.959668 0.059446 0.045348
0.067134 0.861313 0.067748 0.054113
0.165673 0.646519 0.062618 0.043409
0.598584 0.238290 0.076063 0.059331
0.935646 0.369583 0.071645 0.045007
0.274638 0.331868 0.063265 0.047780
0.067682 0.805333 0.065994 0.055615
0.501457 0.963416 0.093414 0.043431
0.821862 0.168481 0.056830 0.043948
0.386399 0.064511 0.070554 0.055649
0.603827 0.664358 0.047241 0.041241
0.171604 0.222109 0.068076 0.045283
0.165460 0.550889 0.061586 0.040500
0.930728 0.465724 0.059910 0.044849
0.062548 0.125384 0.066100 0.058260
0.385406 0.671342 0.060383 0.051623
0.494697 0.816143 0.075327 0.058126
0.822015 0.665104 0.049736 0.044988
0.063305 0.462168 0.065490 0.052378
0.933616 0.322011 0.052190 0.047685
0.810476 0.331748 0.079365 0.055446
0.490337 0.757271 0.059166 0.049812
0.165546 0.942119 0.085613 0.043783
0.066240 0.064955 0.072077 0.057162
0.713013 0.945660 0.074657 0.051613
0.167707 0.969719 0.091055 0.038906
