0.166795 0.376620 0.075272 0.043493
0.926622 0.551531 0.069739 0.048647
0.593360 0.557203 0.084408 0.053136
0.279769 0.354178 0.067830 0.042388
0.166533 0.334232 0.066512 0.039026
0.711967 0.157269 0.072352 0.044108
0.598690 0.473310 0.072168 0.040365
0.596798 0.607420 0.074912 0.043691
0.939264 0.504139 0.071011 0.043144
0.814990 0.698103 0.081058 0.044542
0.279106 0.311167 0.068980 0.040065
0.372546 0.554585 0.076213 0.047201
0.933459 0.866879 0.068617 0.048631
0.607319 0.089991 0.075669 0.047598
0.058838 0.350567 0.067503 0.045338
0.810527 0.903236 0.071420 0.049774
0.931296 0.195718 0.065397 0.043290
0.821436 0.750256 0.072700 0.049767
0.706576 0.447014 0.064876 0.038873
0.713743 0.115735 0.067742 0.036581
0.484450 0.645184 0.073439 0.049577
0.172236 0.085910 0.081224 0.047551
0.711014 0.406741 0.063015 0.039593
0.819740 0.432344 0.063451 0.041250
0.494857 0.559376 0.069682 0.037920
0.488381 0.388558 0.085557 0.045642
0.922277 0.634355 0.065544 0.031162
0.387689 0.205193 0.079226 0.040860
0.939140 0.272197 0.068171 0.030791
0.485584 0.834066 0.071051 0.038782
0.488697 0.790282 0.071603 0.041709
0.494481 0.032934 0.089362 0.049519
0.930144 0.118012 0.067857 0.044070
0.501089 0.130541 0.073280 0.045674
0.703089 0.917507 0.069243 0.050140
0.817065 0.554567 0.080176 0.042355
0.053681 0.492426 0.069529 0.040035
0.928739 0.072692 0.074133 0.043015
0.936619 0.958434 0.088207 0.052803
0.821939 0.033696 0.073644 0.044839
0.600095 0.511636 0.065358 0.034341
0.922786 0.595589 0.059456 0.037355
0.600320 0.038837 0.073778 0.052634
0.057701 0.448391 0.061537 0.040301
0.059978 0.265405 0.071846 0.035329
0.699516 0.651155 0.076652 0.044782
0.822606 0.800459 0.072359 0.047832
0.596499 0.683935 0.065013 0.038396
0.379052 0.603052 0.069141 0.042121
0.609657 0.136149 0.077397 0.044002
0.597934 0.309540 0.078076 0.035340
0.052566 0.148826 0.078256 0.041500
0.494506 0.340060 0.078963 0.045548
0.381115 0.279711 0.060452 0.039112
0.701051 0.607644 0.066781 0.040946
0.937699 0.359765 0.059366 0.031757
0.928197 0.730843 0.075549 0.040586
0.721273 0.075396 0.065788 0.039250
0.058448 0.304521 0.079017 0.037076
0.057681 0.230456 0.071078 0.029850
0.813990 0.309438 0.070323 0.038507
0.588733 0.791042 0.066025 0.048510
0.261361 0.893101 0.069637 0.041203
0.701183 0.567142 0.058882 0.038770
0.598164 0.269136 0.066193 0.041554
0.161482 0.293389 0.066463 0.033708
0.166142 0.834696 0.058037 0.035137
0.484680 0.743605 0.057845 0.049823
0.381593 0.702307 0.068329 0.048601
0.058298 0.533805 0.057624 0.039366
0.382506 0.352494 0.061186 0.038200
0.175272 0.873521 0.070983 0.040781
0.936732 0.236296 0.064728 0.036974
0.164872 0.163707 0.077530 0.035915
0.821116 0.474043 0.067541 0.038011
0.494490 0.083139 0.076157 0.046480
0.716891 0.489715 0.070965 0.042043
0.159079 0.228622 0.076706 0.033166
0.160649 0.421522 0.068278 0.038446
0.272642 0.130961 0.077197 0.038790
0.489261 0.875442 0.082636 0.042867
0.380303 0.394534 0.065410 0.042317
0.275818 0.426901 0.063319 0.038159
0.489502 0.176280 0.071044 0.037247
0.489324 0.438391 0.068926 0.051779
0.934309 0.910316 0.076071 0.036287
0.711941 0.273820 0.080658 0.039507
0.817566 0.852129 0.060046 0.051197
0.928515 0.437456 0.067041 0.032965
0.497630 0.296007 0.065831 0.038759
0.277147 0.391251 0.078703 0.028203
0.933831 0.399253 0.064201 0.040678
0.267200 0.766537 0.068096 0.035742
0.705795 0.818909 0.067138 0.048268
0.171725 0.698236 0.054375 0.037160
0.060536 0.576676 0.065542 0.041217
0.279012 0.083057 0.061457 0.046289
0.929960 0.818827 0.063993 0.043100
0.710489 0.360820 0.066099 0.045923
0.265676 0.848616 0.062796 0.042265
0.272536 0.268215 0.067653 0.042492
0.377580 0.651929 0.060193 0.050969
0.056580 0.613596 0.080926 0.029731
0.488382 0.924122 0.069597 0.049310
0.815414 0.350645 0.054900 0.038195
0.827104 0.235122 0.080008 0.042210
0.055861 0.075694 0.075998 0.032367
0.382358 0.841217 0.059500 0.040312
0.828718 0.191053 0.081449 0.041826
0.272094 0.679610 0.061822 0.043697
0.061066 0.653137 0.057728 0.046110
0.592691 0.428884 0.056206 0.041161
0.702694 0.777986 0.074070 0.033492
0.809664 0.514058 0.072464 0.036705
0.592584 0.841867 0.061639 0.047904
0.493348 0.599087 0.058985 0.035986
0.711976 0.964509 0.078882 0.041200
0.170732 0.558535 0.058405 0.043484
0.160906 0.195086 0.070257 0.027000
0.602399 0.381622 0.079254 0.044711
0.068046 0.908474 0.052800 0.032986
0.491341 0.217659 0.064321 0.043962
0.163282 0.790978 0.068858 0.051916
0.821374 0.390256 0.053670 0.037290
0.166562 0.129996 0.071536 0.032081
0.707183 0.700236 0.057037 0.051271
0.710720 0.199449 0.061592 0.042331
0.382832 0.751469 0.057346 0.046526
0.387129 0.243619 0.070655 0.030286
0.818739 0.271054 0.066892 0.033040
0.385875 0.160417 0.055830 0.043729
0.606493 0.182365 0.058210 0.043705
0.274123 0.508091 0.059323 0.042448
0.708614 0.033013 0.065595 0.042771
0.268585 0.725147 0.053795 0.039457
0.163127 0.460296 0.054769 0.036536
0.066327 0.946839 0.058214 0.041083
0.386598 0.117663 0.066294 0.035016
0.173550 0.655933 0.056674 0.044478
0.164784 0.261462 0.076039 0.027811
0.380744 0.032025 0.075369 0.041584
0.280169 0.169234 0.076876 0.037886
0.716319 0.316098 0.052661 0.039496
0.700382 0.866933 0.062180 0.039868
0.055868 0.403826 0.064318 0.045541
0.494968 0.521575 0.057780 0.037668
0.388903 0.075483 0.062038 0.042073
0.486242 0.693263 0.053527 0.041428
0.059466 0.702087 0.056319 0.045570
0.589879 0.890485 0.060894 0.046959
0.168405 0.606294 0.057215 0.045127
0.491383 0.257952 0.087206 0.034859
0.930952 0.772468 0.060639 0.039661
0.061481 0.790869 0.061568 0.039545
0.814503 0.949306 0.079798 0.042068
0.589274 0.646139 0.073149 0.033372
0.385504 0.928619 0.056414 0.039210
0.823537 0.077602 0.062352 0.039486
0.060865 0.834210 0.050826 0.042666
0.165162 0.507161 0.066715 0.052600
0.055636 0.109579 0.068152 0.035589
0.389649 0.966254 0.065446 0.038971
0.272539 0.556114 0.070225 0.053940
0.270792 0.466024 0.058700 0.037585
0.922911 0.029558 0.055907 0.036243
0.265291 0.804749 0.061899 0.040155
0.930949 0.157301 0.049283 0.028580
0.814340 0.595891 0.080268 0.037931
0.059041 0.745743 0.059350 0.041645
0.710227 0.742446 0.056775 0.032168
0.382428 0.799036 0.061996 0.043572
0.172731 0.914132 0.061121 0.031851
0.490929 0.484629 0.065826 0.039282
0.274085 0.034626 0.069700 0.047190
0.169394 0.036664 0.059715 0.045032
0.263275 0.602072 0.062318 0.031407
0.595164 0.720710 0.066966 0.028409
0.055895 0.192416 0.050907 0.038352
0.260378 0.932835 0.063266 0.034247
0.704085 0.528601 0.056054 0.033426
0.263439 0.638411 0.073556 0.032991
0.055142 0.034236 0.055645 0.042326
0.066296 0.872589 0.060310 0.029322
0.937545 0.303034 0.056443 0.031839
0.166625 0.741552 0.053198 0.041177
0.711065 0.236806 0.053786 0.030331
0.594073 0.227832 0.070959 0.042860
0.384413 0.316512 0.059538 0.026099
0.595330 0.752944 0.066448 0.027680
0.169734 0.960322 0.062644 0.054153
0.382542 0.884261 0.053639 0.042292
0.377609 0.441556 0.087944 0.043571
0.936539 0.329552 0.047536 0.026046
0.930648 0.697812 0.048764 0.024104
0.928146 0.667456 0.053542 0.026474
0.279696 0.208378 0.072081 0.037582
0.391827 0.514610 0.075906 0.028077
0.478253 0.967474 0.063637 0.037325
0.831905 0.120018 0.069108 0.044741
0.264454 0.963727 0.061565 0.034081
0.814514 0.976299 0.079216 0.032365
0.817726 0.631438 0.078105 0.032588
0.601292 0.970873 0.069659 0.042283
0.597879 0.342743 0.056323 0.027542
0.937256 0.468995 0.059773 0.025351
0.387162 0.482862 0.078326 0.036549
0.597336 0.940328 0.063914 0.045806
0.277483 0.233611 0.062143 0.031865
0.818400 0.659099 0.064775 0.028045
0.836106 0.151952 0.076650 0.030270
