0.938168 0.416542 0.069861 0.041628
0.598205 0.402065 0.066155 0.043047
0.824574 0.902082 0.062374 0.034035
0.703713 0.156400 0.076246 0.042119
0.597714 0.323699 0.063822 0.033562
0.168620 0.179008 0.072976 0.038848
0.392098 0.611387 0.072221 0.040378
0.167392 0.798450 0.065714 0.042628
0.503667 0.731955 0.067688 0.040538
0.711264 0.374458 0.056354 0.040792
0.056990 0.771330 0.060312 0.033853
0.166878 0.882773 0.061813 0.036570
0.273695 0.204642 0.076038 0.044423
0.390757 0.529703 0.061732 0.045770
0.705103 0.110216 0.072593 0.045022
0.266073 0.026974 0.074092 0.046936
0.055887 0.734127 0.072325 0.038070
0.391557 0.401344 0.060850 0.043769
0.821350 0.207605 0.067828 0.029734
0.065020 0.288538 0.072448 0.042073
0.709357 0.247112 0.063807 0.042576
0.591839 0.064773 0.067429 0.042164
0.168608 0.716798 0.060613 0.046270
0.821546 0.242397 0.069761 0.032984
0.383212 0.318008 0.072650 0.040386
0.487576 0.025579 0.078886 0.042265
0.485356 0.068587 0.062261 0.038768
0.708154 0.816600 0.064952 0.042946
0.933577 0.121729 0.062992 0.044354
0.498374 0.407941 0.056491 0.040420
0.394223 0.692375 0.066371 0.045083
0.496902 0.363518 0.055634 0.048144
0.062154 0.246240 0.074052 0.041646
0.500885 0.815994 0.067985 0.039898
0.488765 0.138422 0.066015 0.035865
0.826240 0.490048 0.065113 0.032511
0.389171 0.855667 0.081113 0.041659
0.275527 0.162130 0.077021 0.040417
0.816838 0.944666 0.074303 0.041869
0.067981 0.203992 0.068021 0.034086
0.494019 0.857030 0.068301 0.038082
0.603043 0.192765 0.069515 0.043530
0.506918 0.774183 0.075756 0.038654
0.708847 0.447915 0.058827 0.041827
0.710783 0.863332 0.065695 0.046857
0.273473 0.115792 0.080953 0.045275
0.278323 0.577975 0.065778 0.042973
0.711903 0.736286 0.080764 0.036212
0.391236 0.570177 0.071976 0.036047
0.276530 0.534086 0.055909 0.035963
0.711933 0.286903 0.063911 0.036508
0.941925 0.759560 0.056568 0.044117
0.607401 0.590125 0.069806 0.040579
0.060220 0.334932 0.062050 0.047060
0.062822 0.622804 0.061103 0.042786
0.713989 0.910928 0.068261 0.041485
0.384948 0.358272 0.069240 0.035510
0.272296 0.444576 0.056473 0.037442
0.494668 0.511874 0.078240 0.044594
0.389205 0.481872 0.060478 0.045978
0.942268 0.806247 0.059892 0.041031
0.063911 0.895701 0.070872 0.038810
0.945597 0.646751 0.059333 0.038797
0.830392 0.755044 0.068410 0.037018
0.938295 0.852431 0.064379 0.044639
0.592900 0.147957 0.072178 0.038127
0.392965 0.898052 0.079196 0.039433
0.275325 0.402971 0.056458 0.039028
0.934319 0.164551 0.057984 0.038756
0.169133 0.757407 0.062208 0.038386
0.371335 0.112729 0.069389 0.041612
0.933470 0.028560 0.060557 0.043732
0.053667 0.809278 0.050381 0.038675
0.712919 0.774763 0.085526 0.036975
0.602216 0.550241 0.069008 0.038585
0.939432 0.603841 0.060456 0.047252
0.161034 0.091054 0.060672 0.047347
0.612328 0.807780 0.065933 0.037099
0.710626 0.329649 0.056837 0.044158
0.174224 0.335935 0.058383 0.034038
0.382114 0.193273 0.082529 0.033996
0.823365 0.863143 0.057590 0.040179
0.819282 0.140852 0.063739 0.029257
0.502267 0.690187 0.055798 0.032395
0.815073 0.105851 0.068327 0.032811
0.603573 0.362192 0.062745 0.033091
0.377846 0.232843 0.065671 0.039901
0.264630 0.070894 0.058165 0.040098
0.704423 0.065425 0.074410 0.034499
0.270984 0.490768 0.059960 0.046716
0.366042 0.022125 0.060530 0.036984
0.494583 0.655926 0.055086 0.032752
0.825916 0.791527 0.079326 0.029356
0.941346 0.237057 0.071655 0.031019
0.170549 0.451306 0.071939 0.035931
0.273997 0.292733 0.057315 0.040065
0.823615 0.321137 0.058159 0.045913
0.369224 0.066810 0.056916 0.043060
0.278895 0.368260 0.060901 0.030363
0.495480 0.245000 0.057547 0.031192
0.274555 0.334163 0.047348 0.038035
0.173777 0.484790 0.058793 0.027426
0.162409 0.921674 0.060295 0.035395
0.276924 0.248393 0.058567 0.037707
0.940542 0.896024 0.063605 0.040355
0.602780 0.729545 0.061201 0.035190
0.825690 0.453777 0.052242 0.034638
0.940841 0.465503 0.061921 0.049353
0.819709 0.569858 0.067498 0.035997
0.825328 0.824590 0.065254 0.031798
0.491007 0.280562 0.066583 0.034036
0.269825 0.815921 0.058228 0.042908
0.712907 0.486694 0.067277 0.035410
0.934384 0.202790 0.050700 0.032992
0.060281 0.445638 0.058526 0.030596
0.493682 0.935882 0.070626 0.042533
0.057531 0.972565 0.056846 0.044352
0.826014 0.278830 0.053887 0.033712
0.495016 0.617695 0.056389 0.036942
0.935498 0.302044 0.054039 0.037430
0.712485 0.553273 0.061972 0.037561
0.941191 0.555830 0.065146 0.044964
0.817475 0.370158 0.059418 0.045882
0.170833 0.295030 0.067899 0.039662
0.171858 0.371409 0.054629 0.037447
0.703921 0.199819 0.064244 0.043106
0.059486 0.379467 0.055427 0.036744
0.270227 0.687299 0.066820 0.031470
0.712254 0.698792 0.083617 0.038528
0.064722 0.122456 0.062954 0.037642
0.593791 0.284937 0.056970 0.041257
0.933743 0.075869 0.066063 0.044387
0.172688 0.519227 0.054122 0.037603
0.821472 0.416208 0.054696 0.035526
0.168761 0.557428 0.058750 0.031301
0.064733 0.079855 0.049733 0.040727
0.817214 0.067627 0.061079 0.033555
0.827091 0.530078 0.082163 0.038302
0.819931 0.028704 0.051930 0.041718
0.602451 0.508252 0.082628 0.044286
0.603422 0.921865 0.054592 0.036463
0.169302 0.672409 0.050791 0.037274
0.603740 0.958636 0.065137 0.040997
0.166678 0.411996 0.064965 0.040061
0.047893 0.852852 0.054493 0.040135
0.606399 0.768359 0.064007 0.038785
0.491891 0.552090 0.064973 0.034165
0.492518 0.585059 0.058771 0.027675
0.380885 0.155973 0.069918 0.037779
0.488632 0.177867 0.055767 0.037458
0.390140 0.812927 0.060344 0.043936
0.611020 0.847786 0.063887 0.036286
0.598009 0.882853 0.056695 0.032104
0.386492 0.770329 0.060472 0.037463
0.271858 0.911397 0.060740 0.036577
0.825203 0.609985 0.065189 0.041853
0.946487 0.514811 0.073714 0.036572
0.703984 0.024187 0.062899 0.037062
0.059851 0.663796 0.055076 0.032316
0.932455 0.373930 0.062719 0.036043
0.389088 0.440422 0.054024 0.030270
0.270986 0.772578 0.051664 0.037257
0.162674 0.138829 0.057065 0.039616
0.268655 0.729857 0.063585 0.045825
0.164517 0.962431 0.060266 0.040142
0.169308 0.597287 0.057676 0.045124
0.599071 0.239436 0.047350 0.045117
0.384782 0.275148 0.062627 0.039280
0.273520 0.953877 0.062152 0.047239
0.389579 0.953863 0.080677 0.062741
0.059306 0.697096 0.046399 0.028428
0.712251 0.591637 0.068487 0.032093
0.389648 0.651162 0.059910 0.034621
0.493517 0.212305 0.049751 0.029290
0.169659 0.840444 0.049634 0.036512
0.497554 0.319827 0.070654 0.032711
0.494948 0.895571 0.051683 0.032724
0.607728 0.628209 0.067693 0.033263
0.828329 0.656945 0.053429 0.043035
0.173175 0.217890 0.068335 0.036187
0.594770 0.108364 0.051458 0.041371
0.587506 0.021690 0.052574 0.036469
0.716237 0.951060 0.070174 0.042501
0.707360 0.409673 0.050113 0.025868
0.943493 0.716169 0.049120 0.036525
0.821555 0.174485 0.050895 0.034537
0.493703 0.104220 0.078392 0.027241
0.063745 0.485549 0.056029 0.045515
0.939721 0.267309 0.065759 0.025995
0.609853 0.658612 0.068157 0.030959
0.604891 0.691650 0.051127 0.038038
0.936109 0.340150 0.049213 0.032505
0.164446 0.048675 0.055363 0.030705
0.708394 0.661504 0.065483 0.033503
0.174231 0.635807 0.067594 0.028411
0.062544 0.030288 0.055995 0.049510
0.827547 0.711071 0.052670 0.052541
0.386894 0.733709 0.046688 0.035544
0.603104 0.466491 0.059257 0.033678
0.059339 0.574702 0.063991 0.047209
0.944528 0.682023 0.051688 0.026128
0.716533 0.519325 0.072626 0.027991
0.067249 0.413936 0.066555 0.024305
0.496130 0.971358 0.065681 0.033670
0.070111 0.163718 0.065975 0.040307
0.054356 0.933619 0.058559 0.029684
0.606609 0.436820 0.065973 0.021538
0.705793 0.625989 0.061071 0.033632
0.162266 0.017245 0.047651 0.027455
0.060981 0.528385 0.080918 0.035810
0.182140 0.253261 0.081231 0.035305
0.271873 0.866914 0.062450 0.052276
0.875892 0.578740 0.039199 0.029204
0.500134 0.466968 0.070420 0.042146
0.936367 0.945705 0.070694 0.053359
0.271092 0.620754 0.047935 0.044191
0.277975 0.652607 0.057268 0.029208
0.875251 0.612253 0.037129 0.032052
0.498827 0.445989 0.069181 0.033947
