0.934191 0.305940 0.096464 0.056452
0.480945 0.390981 0.085683 0.047557
0.706713 0.598799 0.092880 0.053668
0.822330 0.423615 0.084573 0.039839
0.161764 0.167774 0.080268 0.055407
0.596531 0.959153 0.079736 0.047692
0.265216 0.419000 0.079929 0.053074
0.825399 0.687269 0.090068 0.049701
0.821650 0.377155 0.061492 0.050566
0.268607 0.518255 0.076172 0.051053
0.592826 0.860189 0.078440 0.048957
0.584703 0.632009 0.091850 0.055247
0.703144 0.717918 0.084735 0.058146
0.477700 0.290019 0.086829 0.045983
0.934742 0.529276 0.081438 0.055871
0.475237 0.341106 0.079605 0.048489
0.703914 0.432153 0.078182 0.055648
0.470593 0.189609 0.068070 0.047368
0.062466 0.838033 0.073804 0.053932
0.475896 0.616692 0.081344 0.046085
0.936324 0.472034 0.080317 0.045731
0.278819 0.691812 0.073266 0.049149
0.707417 0.658939 0.105852 0.057991
0.580267 0.218378 0.090490 0.050939
0.709599 0.542500 0.094105 0.055749
0.472676 0.240544 0.076791 0.042982
0.166509 0.403182 0.069987 0.055441
0.062280 0.932448 0.071100 0.040303
0.937704 0.652141 0.073891 0.052314
0.265278 0.362601 0.076322 0.055640
0.937028 0.416938 0.066046 0.051801
0.065732 0.783200 0.078293 0.044061
0.929038 0.363700 0.093741 0.046708
0.939783 0.868689 0.083699 0.054785
0.481556 0.502002 0.073816 0.044798
0.821942 0.786168 0.082015 0.055226
0.822287 0.273802 0.081712 0.053116
0.268166 0.256566 0.087277 0.056993
0.587705 0.751214 0.081497 0.041453
0.585905 0.394559 0.087135 0.054382
0.707788 0.330242 0.079758 0.051650
0.376456 0.667342 0.070834 0.052441
0.379003 0.766688 0.073876 0.044753
0.585808 0.165081 0.083075 0.045250
0.942990 0.761222 0.091439 0.057532
0.375607 0.608747 0.083646 0.054507
0.819869 0.107440 0.083508 0.050553
0.161160 0.225767 0.087064 0.058477
0.171613 0.732159 0.088861 0.056503
0.379958 0.870938 0.077180 0.051434
0.058859 0.890975 0.078461 0.041804
0.286154 0.971676 0.081155 0.041850
0.169719 0.616613 0.069304 0.053363
0.055623 0.155825 0.080397 0.048885
0.706938 0.778341 0.067871 0.051302
0.490038 0.953758 0.074430 0.047381
0.585649 0.519142 0.095694 0.050950
0.271488 0.576626 0.090546 0.056412
0.936532 0.248288 0.086991 0.051852
0.388361 0.963796 0.080173 0.040221
0.934579 0.044355 0.097973 0.050913
0.382305 0.921945 0.068814 0.043036
0.477040 0.557835 0.070857 0.054287
0.271154 0.471035 0.073375 0.043900
0.172778 0.457676 0.089929 0.048061
0.176247 0.784273 0.095742 0.045794
0.822448 0.522477 0.071730 0.047109
0.705308 0.887600 0.086366 0.042914
0.580788 0.279778 0.087748 0.059590
0.472688 0.447854 0.092017 0.056182
0.165201 0.565098 0.080358 0.044197
0.590877 0.801919 0.063904 0.050377
0.057992 0.054050 0.089766 0.057926
0.279152 0.927534 0.072698 0.046337
0.823623 0.838847 0.064299 0.046421
0.697998 0.378806 0.091033 0.039399
0.161305 0.111788 0.076704 0.052828
0.165419 0.343575 0.065080 0.051418
0.932367 0.196016 0.082505 0.040920
0.488550 0.782427 0.077820 0.050545
0.591903 0.109538 0.086387 0.052613
0.369524 0.356387 0.084810 0.056194
0.060344 0.486623 0.071363 0.036740
0.701611 0.486629 0.063650 0.050538
0.270936 0.309737 0.073520 0.045262
0.593256 0.911891 0.068914 0.048271
0.824680 0.733843 0.083235 0.040596
0.371534 0.411317 0.076757 0.041079
0.937767 0.705062 0.065124 0.048960
0.282453 0.786791 0.083967 0.051557
0.055487 0.106517 0.082925 0.044561
0.821498 0.325395 0.064065 0.046177
0.588105 0.695331 0.067739 0.060999
0.934967 0.918133 0.065330 0.042665
0.273363 0.634033 0.082051 0.056690
0.485136 0.898471 0.081088 0.049659
0.369095 0.300767 0.069141 0.054522
0.177012 0.891158 0.093205 0.049048
0.693247 0.271568 0.082243 0.057564
0.932598 0.961541 0.083333 0.042387
0.579957 0.576733 0.089260 0.053860
0.823372 0.885033 0.070163 0.030119
0.162379 0.286601 0.085666 0.056440
0.494404 0.836438 0.085237 0.052575
0.817610 0.159955 0.063203 0.051518
0.162119 0.054037 0.076546 0.056720
0.055094 0.437002 0.062103 0.052311
0.823338 0.924001 0.096741 0.036477
0.280107 0.835528 0.081493 0.038518
0.816957 0.216070 0.075612 0.053919
0.377613 0.716142 0.057635 0.044201
0.702217 0.050368 0.087581 0.058699
0.825119 0.634498 0.071881 0.049260
0.169750 0.673524 0.093049 0.050323
0.821208 0.472333 0.081647 0.044009
0.935040 0.591728 0.076118 0.063074
0.264377 0.142629 0.072715 0.054828
0.592653 0.453680 0.067098 0.057205
0.485389 0.044417 0.076054 0.049516
0.931714 0.099014 0.099078 0.051714
0.057011 0.212407 0.073277 0.047596
0.382598 0.817125 0.056609 0.048165
0.936864 0.813099 0.090659 0.048405
0.376867 0.105744 0.089497 0.056996
0.062336 0.383329 0.080962 0.041584
0.825047 0.578806 0.063495 0.053696
0.276620 0.738835 0.062800 0.034515
0.267187 0.199222 0.072098 0.051396
0.704867 0.154377 0.055027 0.038573
0.375067 0.047074 0.070250 0.049968
0.053699 0.274076 0.078625 0.064181
0.709009 0.839429 0.071280 0.056180
0.827041 0.051716 0.093722 0.058976
0.375262 0.496712 0.069509 0.053618
0.285393 0.881235 0.064533 0.046022
0.175338 0.835131 0.088619 0.053551
0.267139 0.045345 0.071990 0.042473
0.064767 0.597785 0.080251 0.049146
0.060022 0.725149 0.085369 0.054952
0.070723 0.971200 0.068800 0.036366
0.699281 0.203192 0.077028 0.052305
0.706446 0.104644 0.072667 0.050610
0.263074 0.089745 0.080448 0.046709
0.179743 0.972209 0.080729 0.035657
0.181986 0.934109 0.083154 0.039834
0.380518 0.551882 0.064556 0.049157
0.054359 0.337016 0.068077 0.052436
0.485523 0.673436 0.070383 0.058929
0.590304 0.337408 0.060326 0.049662
0.477129 0.134020 0.054010 0.052886
0.933607 0.149550 0.095637 0.046208
0.166670 0.512473 0.058692 0.052693
0.062528 0.659985 0.073125 0.062038
0.711686 0.958630 0.116041 0.056589
0.059308 0.540609 0.058918 0.053190
0.589120 0.051518 0.061618 0.054363
0.486213 0.734891 0.048980 0.036661
0.372461 0.232597 0.076747 0.052435
0.829628 0.963497 0.094630 0.040221
0.375020 0.165873 0.067203 0.055320
0.703088 0.933965 0.099961 0.050237
