0.504388 0.480256 0.067065 0.047230
0.395211 0.686158 0.066872 0.036829
0.928130 0.397430 0.059005 0.039648
0.503270 0.573073 0.072212 0.044129
0.068642 0.293461 0.072062 0.045158
0.400156 0.325581 0.067143 0.040980
0.180561 0.232588 0.070519 0.046113
0.398680 0.525405 0.063497 0.040072
0.502873 0.745910 0.063898 0.043042
0.394638 0.606414 0.066225 0.041478
0.718138 0.587529 0.071995 0.049850
0.174833 0.123768 0.079222 0.044174
0.709384 0.166505 0.063192 0.050786
0.397907 0.369414 0.070867 0.040503
0.823429 0.307973 0.066197 0.041548
0.282484 0.296721 0.068945 0.047684
0.280808 0.881215 0.067585 0.039822
0.607866 0.962758 0.072144 0.048281
0.169360 0.572200 0.070027 0.040461
0.390297 0.146377 0.080213 0.045207
0.170786 0.452791 0.062660 0.040936
0.281018 0.741586 0.075101 0.038311
0.822822 0.894954 0.074631 0.042489
0.503857 0.527449 0.082980 0.043350
0.175448 0.408337 0.075474 0.042769
0.280799 0.346242 0.069568 0.046344
0.394260 0.237129 0.072970 0.045369
0.716194 0.724730 0.069982 0.040025
0.054530 0.828384 0.067339 0.047720
0.170825 0.827346 0.062706 0.045014
0.615508 0.260441 0.074654 0.040993
0.924357 0.863090 0.068106 0.038956
0.927480 0.623576 0.072684 0.041309
0.168682 0.742079 0.072417 0.034163
0.503293 0.701240 0.068707 0.040557
0.933234 0.254841 0.059363 0.036982
0.399435 0.564515 0.062102 0.038184
0.605442 0.823502 0.074155 0.049786
0.505770 0.117918 0.070423 0.038738
0.926315 0.822114 0.065271 0.037113
0.405276 0.416064 0.069572 0.047369
0.394364 0.281654 0.068457 0.039257
0.170726 0.782112 0.071110 0.041582
0.175310 0.366109 0.075722 0.040373
0.602227 0.086517 0.067919 0.046010
0.060268 0.245444 0.078984 0.046916
0.503741 0.957588 0.071726 0.042888
0.393457 0.647022 0.054559 0.036686
0.273991 0.207009 0.066701 0.041363
0.064262 0.032271 0.083828 0.053113
0.282300 0.663737 0.065447 0.038532
0.719830 0.539628 0.079701 0.042374
0.928079 0.175533 0.057761 0.039706
0.716501 0.078995 0.068459 0.041868
0.175866 0.277026 0.077762 0.036144
0.393648 0.817859 0.072028 0.045756
0.498812 0.658147 0.067215 0.037894
0.504020 0.287330 0.064788 0.037428
0.062716 0.139077 0.072051 0.046830
0.283644 0.625169 0.067599 0.034631
0.928977 0.131176 0.054507 0.043028
0.602597 0.600300 0.072921 0.041901
0.391989 0.915267 0.059995 0.036202
0.069718 0.338495 0.069698 0.038430
0.607801 0.916484 0.074148 0.038239
0.172785 0.701555 0.058441 0.043337
0.059056 0.684276 0.062565 0.043110
0.280965 0.502062 0.073648 0.043005
0.614135 0.219891 0.069584 0.035840
0.502073 0.331176 0.066428 0.046532
0.282631 0.123934 0.073838 0.033545
0.388696 0.055076 0.070222 0.036831
0.816494 0.216048 0.058659 0.038077
0.712902 0.209181 0.073570 0.032088
0.605230 0.394977 0.065095 0.042283
0.282771 0.583038 0.078742 0.044893
0.718097 0.637785 0.061641 0.044941
0.822412 0.576752 0.062404 0.048220
0.180410 0.320518 0.061230 0.048832
0.619760 0.304642 0.070234 0.043368
0.717004 0.684526 0.076506 0.037692
0.610287 0.439885 0.073484 0.038349
0.608214 0.689041 0.072172 0.048263
0.394097 0.769817 0.052392 0.041873
0.161314 0.919107 0.062207 0.049641
0.500918 0.911157 0.064456 0.040335
0.716008 0.899617 0.063201 0.045834
0.280796 0.703758 0.067685 0.035188
0.289829 0.457574 0.083312 0.044321
0.934638 0.500030 0.063807 0.037523
0.826535 0.625281 0.056682 0.046224
0.279760 0.540327 0.072151 0.035725
0.821084 0.394763 0.054193 0.037108
0.501117 0.618001 0.062828 0.043904
0.174347 0.656879 0.058920 0.042151
0.714754 0.449509 0.070249 0.039897
0.509306 0.200525 0.052129 0.042966
0.166757 0.493824 0.059642 0.038024
0.284553 0.416672 0.085163 0.037579
0.930029 0.215643 0.053406 0.036923
0.930471 0.544004 0.054166 0.042767
0.396627 0.726814 0.056241 0.038438
0.712249 0.034457 0.070357 0.041685
0.065161 0.087301 0.072314 0.051893
0.066374 0.550775 0.066955 0.044459
0.167724 0.532563 0.053393 0.037436
0.056355 0.917174 0.059610 0.049630
0.604520 0.873219 0.056351 0.043023
0.711551 0.375361 0.058169 0.034867
0.931482 0.665251 0.065424 0.034191
0.820497 0.260283 0.053352 0.045535
0.278432 0.834906 0.074377 0.048101
0.065713 0.507676 0.053223 0.038541
0.708201 0.119999 0.057704 0.034129
0.821233 0.084871 0.058320 0.045956
0.709506 0.411891 0.062089 0.036406
0.823349 0.676414 0.059634 0.050122
0.273816 0.028668 0.070175 0.042634
0.818615 0.176850 0.055185 0.038103
0.818601 0.813279 0.058793 0.039677
0.603129 0.036235 0.073802 0.048919
0.714737 0.247400 0.070395 0.041287
0.924558 0.908059 0.065767 0.049143
0.498915 0.158437 0.056117 0.035505
0.391099 0.101803 0.067139 0.044115
0.717039 0.765250 0.065257 0.030654
0.056176 0.731762 0.054731 0.044823
0.713352 0.968153 0.086536 0.041886
0.492222 0.788383 0.061026 0.034620
0.615083 0.555726 0.080983 0.042836
0.930114 0.298937 0.056094 0.044008
0.394339 0.190978 0.065281 0.036742
0.504171 0.245715 0.052493 0.043561
0.504427 0.384047 0.069580 0.052524
0.274850 0.785641 0.061018 0.045507
0.167846 0.965527 0.074095 0.040735
0.818926 0.430606 0.059776 0.032560
0.499806 0.432789 0.054816 0.042198
0.061678 0.192483 0.064150 0.051463
0.924873 0.437558 0.066766 0.036636
0.607143 0.132015 0.074052 0.042212
0.175930 0.178013 0.063834 0.055182
0.716828 0.807502 0.064574 0.043328
0.615310 0.349531 0.067827 0.039825
0.389898 0.869218 0.055402 0.045531
0.172009 0.029052 0.064969 0.045479
0.273297 0.162771 0.067773 0.042216
0.823600 0.936291 0.054815 0.037900
0.929911 0.707679 0.050633 0.040649
0.824437 0.526816 0.055687 0.044349
0.718646 0.854656 0.064876 0.045948
0.497105 0.031037 0.062630 0.045981
0.817451 0.133623 0.051162 0.043234
0.712892 0.335565 0.054281 0.039869
0.064100 0.419345 0.053895 0.044882
0.826878 0.730551 0.070833 0.048867
0.496121 0.871817 0.073547 0.033173
0.817370 0.851963 0.058398 0.036481
0.822416 0.774219 0.054137 0.035319
0.609307 0.778616 0.057479 0.034522
0.611255 0.735217 0.060995 0.044588
0.497526 0.076399 0.053568 0.040637
0.392976 0.962975 0.081311 0.048927
0.165376 0.873222 0.065571 0.038515
0.929161 0.585973 0.062044 0.033900
0.922328 0.750729 0.064473 0.033042
0.612100 0.513919 0.065102 0.040931
0.063395 0.376943 0.052725 0.037871
0.819391 0.353894 0.059055 0.042500
0.172865 0.076235 0.052957 0.046138
0.164774 0.613641 0.056961 0.040305
0.823202 0.036536 0.072908 0.046086
0.608745 0.643040 0.054234 0.038619
0.057281 0.779760 0.059162 0.046592
0.614579 0.476031 0.070964 0.032653
0.711566 0.492709 0.052229 0.047367
0.068168 0.463891 0.057902 0.044050
0.278296 0.250813 0.051740 0.040517
0.407460 0.486627 0.075828 0.030523
0.609435 0.177353 0.053461 0.048528
0.047731 0.873427 0.060607 0.034646
0.498805 0.831397 0.083409 0.049250
0.711161 0.291776 0.052793 0.045073
0.058830 0.603603 0.054554 0.049694
0.925102 0.032854 0.055078 0.032218
0.283515 0.915949 0.061483 0.026699
0.275044 0.076715 0.068390 0.050159
0.057668 0.643494 0.060961 0.033571
0.055544 0.964404 0.051017 0.041613
0.929115 0.079086 0.053593 0.048260
0.823210 0.972402 0.054249 0.036902
0.399713 0.455871 0.050585 0.029234
0.388234 0.018267 0.062707 0.028217
0.928657 0.784136 0.045900 0.030251
0.822806 0.478271 0.064746 0.050158
0.927633 0.468255 0.054089 0.020495
0.284322 0.959969 0.089030 0.058823
0.286795 0.386062 0.059441 0.028551
0.718757 0.935150 0.058375 0.022841
0.934429 0.976281 0.072468 0.035914
0.928832 0.351882 0.059330 0.045789
0.929759 0.948153 0.072640 0.029820
