0.402040 0.766048 0.077347 0.052714
0.172950 0.379701 0.081892 0.049500
0.503229 0.444455 0.089047 0.058428
0.923865 0.456665 0.080979 0.055238
0.510430 0.820819 0.090590 0.056071
0.058933 0.106143 0.079315 0.051729
0.506015 0.502007 0.085564 0.052289
0.504717 0.336721 0.088915 0.051212
0.498495 0.183640 0.077927 0.042777
0.281333 0.220448 0.089711 0.055295
0.512487 0.880533 0.090638 0.060349
0.503020 0.561375 0.085810 0.058172
0.715928 0.695693 0.081207 0.047821
0.282504 0.279241 0.078675 0.054343
0.286985 0.921481 0.069813 0.046948
0.719419 0.327527 0.069166 0.052403
0.499726 0.279434 0.086711 0.054259
0.604635 0.210497 0.085014 0.048814
0.920648 0.275829 0.079423 0.046693
0.822815 0.903407 0.078073 0.046496
0.717957 0.644223 0.073475 0.047274
0.716885 0.898910 0.084042 0.047127
0.608155 0.575568 0.074098 0.055357
0.818950 0.197886 0.085401 0.052857
0.503144 0.390056 0.080566 0.045101
0.820680 0.692650 0.078267 0.048232
0.716993 0.546147 0.085235 0.051084
0.726111 0.847528 0.080401 0.045300
0.713720 0.056832 0.085927 0.058014
0.393849 0.430025 0.084468 0.046224
0.390926 0.371490 0.080190 0.058140
0.072631 0.589880 0.089127 0.049530
0.283455 0.869025 0.071159 0.054457
0.176325 0.720830 0.068429 0.057488
0.820694 0.142984 0.071267 0.052097
0.068267 0.913404 0.072603 0.053399
0.173623 0.438165 0.089873 0.053486
0.821794 0.951025 0.074640 0.046094
0.609775 0.516402 0.074747 0.045855
0.610825 0.464852 0.079576 0.047286
0.821048 0.640381 0.065898 0.049334
0.711373 0.216543 0.075443 0.050552
0.610172 0.628632 0.079706 0.048270
0.392820 0.052038 0.072722 0.049932
0.925687 0.565958 0.072896 0.047433
0.283023 0.545389 0.072961 0.050701
0.393881 0.595722 0.085038 0.045032
0.819994 0.741995 0.074006 0.043048
0.396788 0.818745 0.072613 0.049788
0.608389 0.311558 0.077202 0.051823
0.920854 0.398206 0.077908 0.056841
0.070611 0.967026 0.085800 0.048058
0.923017 0.620781 0.081399 0.052438
0.282269 0.596163 0.089605 0.043790
0.606206 0.415194 0.073207 0.045244
0.062621 0.696130 0.076110 0.051651
0.610174 0.259430 0.079703 0.038394
0.060637 0.281015 0.078902 0.062180
0.397081 0.151948 0.079813 0.047685
0.716736 0.596319 0.085752 0.040871
0.278413 0.061607 0.091765 0.066982
0.827882 0.302542 0.072646 0.049085
0.826521 0.847589 0.075522 0.053548
0.713312 0.162075 0.072355 0.050773
0.726070 0.953157 0.082040 0.051176
0.064205 0.386887 0.082122 0.060559
0.820586 0.585971 0.071665 0.045179
0.170093 0.777193 0.090075 0.046504
0.510826 0.710420 0.079075 0.046300
0.512138 0.763647 0.078313 0.051121
0.060536 0.216177 0.064835 0.055953
0.179933 0.610823 0.078957 0.046560
0.283470 0.967370 0.101838 0.042590
0.280377 0.119408 0.065198 0.048720
0.718863 0.386660 0.071225 0.054615
0.289812 0.703796 0.080242 0.044439
0.823541 0.535955 0.069505 0.047850
0.176309 0.329991 0.084223 0.041149
0.064211 0.053430 0.079644 0.048531
0.720796 0.797245 0.079502 0.048851
0.281093 0.167402 0.066190 0.042067
0.818042 0.247157 0.077851 0.046571
0.924554 0.512163 0.074352 0.050298
0.933881 0.783527 0.080361 0.037712
0.926500 0.735516 0.071810 0.046090
0.163169 0.226227 0.101746 0.064407
0.389474 0.710978 0.078529 0.050903
0.392155 0.542382 0.065886 0.057747
0.923384 0.130149 0.068136 0.043525
0.174042 0.280451 0.090803 0.049539
0.394315 0.868343 0.066859 0.043026
0.504258 0.228040 0.065692 0.040498
0.393520 0.481734 0.066310 0.048837
0.175022 0.556631 0.072331 0.053591
0.284385 0.491346 0.069338 0.046811
0.399294 0.912638 0.067975 0.040271
0.066251 0.542619 0.066303 0.042418
0.286394 0.756751 0.064955 0.052022
0.284934 0.811143 0.069395 0.052555
0.063722 0.496972 0.064846 0.040584
0.500763 0.137933 0.073724 0.042396
0.069189 0.644560 0.071973 0.052001
0.062137 0.757581 0.077615 0.056063
0.393172 0.315284 0.068017 0.046288
0.720680 0.494979 0.066058 0.045777
0.061047 0.446862 0.081339 0.055852
0.821442 0.792878 0.055046 0.049773
0.409111 0.957512 0.100859 0.047234
0.820969 0.484163 0.064555 0.053320
0.814879 0.049780 0.079833 0.040112
0.169646 0.166773 0.060926 0.052594
0.062448 0.332702 0.069273 0.037840
0.718054 0.271740 0.059070 0.052863
0.174702 0.882848 0.081330 0.061922
0.925273 0.336934 0.068177 0.061681
0.606969 0.110422 0.069277 0.048591
0.512064 0.660634 0.078743 0.046766
0.060157 0.158877 0.061686 0.051873
0.925221 0.884659 0.071916 0.041835
0.825417 0.093579 0.075576 0.034143
0.401762 0.261868 0.082480 0.046850
0.397069 0.207271 0.072153 0.046948
0.818910 0.420118 0.077283 0.066438
0.931988 0.834400 0.066266 0.052442
0.177490 0.059478 0.089631 0.059391
0.071307 0.863954 0.079274 0.037707
0.173238 0.937759 0.074009 0.044202
0.286506 0.446092 0.080092 0.042245
0.923300 0.173370 0.061016 0.036320
0.608056 0.160192 0.067060 0.047354
0.175467 0.661723 0.066814 0.046620
0.715362 0.111078 0.069304 0.046081
0.822464 0.355738 0.063264 0.047178
0.930405 0.961331 0.080150 0.034336
0.284744 0.652638 0.071410 0.054133
0.177218 0.824213 0.074084 0.036742
0.718765 0.443885 0.057511 0.051403
0.613109 0.688830 0.078247 0.061926
0.503420 0.092430 0.070319 0.043521
0.393830 0.651334 0.062064 0.055279
0.280671 0.338665 0.070118 0.046867
0.396648 0.105497 0.056027 0.043073
0.925131 0.223471 0.067021 0.054817
0.612833 0.367608 0.058532 0.047679
0.935093 0.677600 0.077274 0.061461
0.066416 0.816223 0.056826 0.051394
0.607481 0.055718 0.065262 0.054591
0.720117 0.747631 0.058918 0.047333
0.509064 0.613353 0.050512 0.044921
0.284104 0.388526 0.085303 0.052913
0.174684 0.974618 0.083388 0.034815
0.173612 0.497774 0.055993 0.056362
0.170029 0.113542 0.067771 0.047130
0.927030 0.925203 0.060481 0.037797
0.926453 0.062345 0.081171 0.064217
