0.178268 0.104204 0.070560 0.038065
0.053553 0.737582 0.071268 0.038792
0.930529 0.603991 0.058548 0.039878
0.940792 0.345367 0.067348 0.039474
0.057190 0.459268 0.054957 0.037348
0.055005 0.696003 0.069016 0.041642
0.051201 0.901924 0.078701 0.045804
0.382398 0.252967 0.075997 0.041957
0.181312 0.423278 0.060468 0.041757
0.504924 0.582587 0.069311 0.042390
0.064168 0.292249 0.071663 0.045155
0.393817 0.635324 0.063216 0.038534
0.506546 0.459324 0.061906 0.037416
0.509244 0.501750 0.062913 0.042235
0.392797 0.597143 0.065327 0.036050
0.505098 0.189160 0.075539 0.038707
0.285119 0.927759 0.079914 0.041076
0.828264 0.361269 0.069272 0.030735
0.182984 0.179491 0.077287 0.041514
0.610338 0.966624 0.073375 0.056062
0.060193 0.383341 0.060513 0.035647
0.056404 0.617237 0.070055 0.035861
0.941154 0.411282 0.065961 0.031347
0.288749 0.304004 0.065306 0.046209
0.054010 0.578202 0.053841 0.038826
0.171255 0.536364 0.065793 0.031978
0.504890 0.306835 0.057816 0.039578
0.046727 0.852788 0.063986 0.047870
0.826256 0.520124 0.061072 0.037719
0.054918 0.534014 0.068518 0.044328
0.608225 0.122517 0.068613 0.045235
0.283971 0.188569 0.069174 0.035562
0.829526 0.822163 0.070339 0.030598
0.832747 0.446663 0.072472 0.040764
0.825182 0.402580 0.060688 0.041620
0.938553 0.141098 0.067418 0.035124
0.826711 0.652359 0.060946 0.038928
0.390517 0.461594 0.068945 0.039620
0.392139 0.504486 0.057623 0.044841
0.179045 0.220974 0.068447 0.038573
0.831069 0.785825 0.062715 0.034732
0.284183 0.591505 0.056759 0.048404
0.389870 0.129855 0.073678 0.037874
0.943823 0.486256 0.060387 0.036992
0.171725 0.917649 0.066328 0.041339
0.830383 0.700958 0.071219 0.047260
0.501292 0.417147 0.061963 0.048022
0.827442 0.746518 0.057655 0.035889
0.284828 0.149076 0.063003 0.037271
0.721849 0.224332 0.065195 0.037190
0.929814 0.783106 0.066531 0.039289
0.828121 0.969801 0.066782 0.036312
0.727855 0.907811 0.057225 0.036073
0.725029 0.785214 0.076465 0.040358
0.389877 0.083427 0.069566 0.046323
0.277017 0.755411 0.061048 0.033328
0.280887 0.720442 0.063567 0.036037
0.280598 0.841423 0.077102 0.037456
0.380474 0.211433 0.067999 0.038340
0.939544 0.448926 0.064322 0.038039
0.386001 0.339434 0.073956 0.036025
0.604109 0.685219 0.079740 0.047816
0.832684 0.087962 0.057086 0.038024
0.391034 0.767197 0.062836 0.048372
0.387006 0.810660 0.066471 0.037723
0.170728 0.745027 0.077061 0.043585
0.281350 0.386840 0.070170 0.042143
0.169925 0.609850 0.062456 0.043683
0.179919 0.380960 0.057937 0.037839
0.165743 0.874613 0.060551 0.039271
0.930747 0.563430 0.055104 0.040613
0.389541 0.717349 0.056647 0.045752
0.069784 0.341041 0.077979 0.045371
0.726967 0.534800 0.058308 0.042151
0.277029 0.799100 0.062324 0.046362
0.383196 0.169666 0.064187 0.039054
0.928124 0.643370 0.062040 0.032299
0.940984 0.220825 0.067275 0.035849
0.175208 0.462886 0.059226 0.035436
0.503294 0.907147 0.058559 0.038151
0.505067 0.540307 0.068366 0.034004
0.501153 0.780210 0.079871 0.034811
0.291288 0.639961 0.074815 0.041032
0.927640 0.925447 0.066972 0.029158
0.719854 0.742096 0.061502 0.040584
0.172108 0.498972 0.050183 0.032415
0.502292 0.029051 0.071734 0.040521
0.390312 0.892127 0.060612 0.037199
0.721312 0.121894 0.069275 0.034709
0.502802 0.821998 0.080988 0.039311
0.830621 0.127833 0.054065 0.037771
0.063494 0.033993 0.080771 0.049584
0.059224 0.077070 0.064646 0.031257
0.281709 0.506760 0.057247 0.041751
0.502177 0.230576 0.061690 0.039552
0.171900 0.650195 0.063453 0.033037
0.722314 0.450303 0.061521 0.042857
0.607606 0.447339 0.070887 0.046928
0.383519 0.296895 0.056517 0.040733
0.505103 0.345819 0.074447 0.035026
0.393363 0.551967 0.052310 0.046645
0.948215 0.180715 0.081854 0.043196
0.938909 0.302328 0.070221 0.042305
0.508042 0.656576 0.082170 0.040405
0.279939 0.684185 0.052045 0.037686
0.728596 0.616586 0.060958 0.035902
0.611284 0.237052 0.068253 0.035502
0.730699 0.491999 0.054270 0.039141
0.282959 0.229167 0.066102 0.039159
0.281810 0.462169 0.051000 0.043630
0.170441 0.961203 0.070852 0.043355
0.927011 0.824118 0.058968 0.038205
0.924900 0.680255 0.059553 0.036703
0.606083 0.593901 0.062355 0.046661
0.067605 0.156136 0.062261 0.039626
0.491955 0.863831 0.062901 0.045192
0.932381 0.104647 0.050181 0.031543
0.733287 0.659622 0.058774 0.042371
0.832009 0.234313 0.058838 0.043210
0.278998 0.547407 0.062454 0.031946
0.926605 0.963059 0.053531 0.040991
0.177367 0.335719 0.063494 0.041470
0.828998 0.888767 0.051233 0.037332
0.506187 0.621240 0.062053 0.027160
0.060385 0.419694 0.051512 0.035600
0.176841 0.258678 0.058824 0.028622
0.728298 0.864845 0.066439 0.042373
0.603527 0.033690 0.068172 0.041632
0.061221 0.244096 0.062081 0.043598
0.283636 0.263963 0.079359 0.027972
0.923500 0.861749 0.056221 0.030517
0.053980 0.655642 0.056321 0.037839
0.826887 0.931001 0.049483 0.038701
0.281488 0.884583 0.058596 0.042834
0.722243 0.264883 0.068642 0.035415
0.053974 0.780310 0.070839 0.036700
0.613956 0.354581 0.068457 0.041048
0.829170 0.320804 0.055623 0.040800
0.388822 0.377006 0.068163 0.038510
0.174400 0.142044 0.062904 0.029708
0.605333 0.076819 0.064349 0.039355
0.725329 0.577957 0.054526 0.037542
0.614428 0.312143 0.067603 0.042793
0.936257 0.523056 0.057959 0.034860
0.055183 0.812807 0.072941 0.026105
0.178091 0.064266 0.056423 0.038673
0.168890 0.792389 0.057869 0.045155
0.715601 0.036335 0.071326 0.045224
0.381666 0.416434 0.080230 0.040487
0.824715 0.581008 0.050581 0.034377
0.387005 0.032732 0.066254 0.050143
0.062887 0.114826 0.057244 0.036652
0.058013 0.494395 0.053583 0.028051
0.280211 0.345299 0.060793 0.031757
0.610295 0.162657 0.062844 0.031318
0.604794 0.734715 0.079271 0.043353
0.612478 0.198763 0.065018 0.035596
0.500326 0.741325 0.057685 0.039637
0.285007 0.106680 0.052976 0.043380
0.163571 0.835638 0.064407 0.038926
0.717253 0.303996 0.065477 0.042503
0.606338 0.773684 0.074356 0.032909
0.722126 0.823645 0.058631 0.030952
0.603757 0.919682 0.073123 0.031697
0.168614 0.570222 0.071905 0.032992
0.608151 0.639685 0.052330 0.042384
0.066907 0.973514 0.071453 0.035633
0.717324 0.083859 0.051374 0.040517
0.721903 0.158691 0.053847 0.036964
0.505278 0.377904 0.069494 0.026514
0.170743 0.694511 0.059946 0.051582
0.723124 0.190353 0.069990 0.027128
0.608935 0.487664 0.060633 0.032878
0.609378 0.551592 0.068619 0.039079
0.828835 0.616806 0.065207 0.024270
0.930607 0.894236 0.048678 0.029991
0.929479 0.033906 0.067047 0.037686
0.057867 0.940671 0.073982 0.026317
0.830651 0.278413 0.050313 0.038236
0.943669 0.259212 0.047790 0.039213
0.614565 0.269744 0.074877 0.029351
0.825876 0.485319 0.048940 0.026627
0.283039 0.967883 0.061461 0.034733
0.499577 0.268903 0.056171 0.030850
0.945468 0.378996 0.072929 0.024012
0.391118 0.934515 0.051430 0.040650
0.836568 0.198570 0.070468 0.024835
0.398520 0.972387 0.064307 0.038900
0.178328 0.291841 0.051732 0.030083
0.600344 0.877694 0.059509 0.045784
0.607573 0.518633 0.076559 0.027500
0.497198 0.074432 0.080366 0.040799
0.504002 0.700473 0.060428 0.041048
0.832345 0.167305 0.049211 0.032856
0.388984 0.675783 0.058970 0.037497
0.726322 0.700672 0.064837 0.032800
0.735200 0.941169 0.071404 0.030162
0.283708 0.070033 0.061026 0.027529
0.282368 0.032267 0.050672 0.044199
0.728529 0.408079 0.065425 0.040450
0.738270 0.971955 0.078520 0.028421
0.931988 0.070288 0.042698 0.030888
0.498679 0.113726 0.061707 0.031460
0.830569 0.040710 0.057873 0.052944
0.385602 0.850727 0.058182 0.038490
0.604685 0.821286 0.064886 0.056374
0.828372 0.854949 0.041489 0.026699
0.179780 0.025913 0.063853 0.031093
0.721082 0.343806 0.059997 0.041212
0.065837 0.198358 0.072273 0.043414
0.929524 0.728518 0.067326 0.052351
0.506317 0.952943 0.067263 0.048431
0.501002 0.149064 0.061862 0.034891
0.824456 0.552372 0.043521 0.019893
0.615541 0.400330 0.067413 0.041622
0.290562 0.423151 0.065047 0.028900
