0.580534 0.782555 0.063988 0.030863
0.580486 0.472053 0.055555 0.031515
0.276125 0.746710 0.059096 0.030825
0.581699 0.397803 0.060039 0.034345
0.679793 0.494225 0.059688 0.032206
0.879640 0.874174 0.058706 0.032630
0.081855 0.803573 0.055153 0.033460
0.582873 0.293360 0.054795 0.036128
0.473998 0.550484 0.059004 0.031901
0.178996 0.609309 0.060153 0.033461
0.473473 0.698644 0.054311 0.036184
0.273825 0.548403 0.056120 0.028928
0.275617 0.680471 0.061925 0.030285
0.879489 0.797705 0.061894 0.033962
0.782818 0.182499 0.056369 0.029851
0.783037 0.752640 0.046690 0.036871
0.876663 0.761609 0.050293 0.034246
0.178105 0.881487 0.055574 0.029677
0.790651 0.866825 0.055757 0.028517
0.091790 0.872873 0.055290 0.031008
0.484631 0.188057 0.054130 0.028744
0.269956 0.584878 0.054413 0.031907
0.274100 0.710697 0.055935 0.030672
0.178430 0.820997 0.047694 0.029675
0.781674 0.793659 0.049606 0.032805
0.179878 0.752226 0.053369 0.033871
0.179214 0.528260 0.057602 0.031271
0.580587 0.434744 0.050317 0.030750
0.581736 0.889407 0.054943 0.027386
0.787807 0.421759 0.059285 0.031520
0.879349 0.836506 0.052450 0.034488
0.280448 0.399776 0.056616 0.033046
0.377485 0.407555 0.049655 0.037691
0.177547 0.225603 0.057093 0.032654
0.784170 0.832279 0.046361 0.033148
0.471723 0.831054 0.054970 0.032978
0.780328 0.351750 0.054187 0.029261
0.377950 0.636372 0.048472 0.040379
0.779440 0.619818 0.057031 0.030137
0.681699 0.675811 0.064769 0.033190
0.688997 0.847929 0.060056 0.036284
0.686543 0.810181 0.055711 0.029254
0.082891 0.488986 0.052043 0.033696
0.177270 0.460595 0.049173 0.028448
0.581963 0.326195 0.051601 0.029262
0.877616 0.620807 0.053322 0.031919
0.878136 0.229312 0.055097 0.030584
0.877574 0.464156 0.061115 0.035331
0.680359 0.325297 0.052870 0.032187
0.583102 0.184592 0.055595 0.029960
0.373650 0.740066 0.054269 0.030462
0.674986 0.529260 0.046377 0.033181
0.476901 0.761000 0.061223 0.034094
0.781126 0.083508 0.057379 0.031405
0.374715 0.802987 0.056394 0.031593
0.374696 0.234865 0.054109 0.029536
0.079536 0.702210 0.050707 0.031197
0.486889 0.221781 0.052671 0.030967
0.179922 0.787728 0.057479 0.028498
0.684917 0.255023 0.053668 0.034474
0.373022 0.481691 0.056103 0.030301
0.378948 0.840185 0.050446 0.034516
0.779453 0.581477 0.055833 0.032328
0.781932 0.713203 0.047279 0.034407
0.275212 0.847807 0.049742 0.026529
0.080550 0.526803 0.051444 0.031069
0.082790 0.764611 0.044046 0.035672
0.789974 0.899465 0.052739 0.029222
0.279386 0.363646 0.051837 0.029204
0.483954 0.156335 0.049372 0.028309
0.782892 0.382277 0.042738 0.033992
0.178999 0.158417 0.050668 0.028192
0.687287 0.882761 0.057480 0.032919
0.080454 0.345656 0.052716 0.035698
0.782156 0.651484 0.065503 0.029039
0.273540 0.512088 0.048142 0.031818
0.378461 0.205191 0.059377 0.026177
0.379544 0.592852 0.049919 0.035345
0.574461 0.816128 0.057310 0.026012
0.876459 0.686190 0.047347 0.037307
0.583079 0.922280 0.049887 0.034108
0.380548 0.704581 0.055708 0.033040
0.178047 0.715455 0.058301 0.033239
0.476039 0.585554 0.046101 0.035296
0.878713 0.724263 0.048298 0.030738
0.683721 0.123582 0.060670 0.030267
0.378337 0.116437 0.051507 0.027233
0.681970 0.709232 0.056294 0.025331
0.578689 0.852971 0.048716 0.037815
0.372331 0.446496 0.050804 0.030121
0.684447 0.425222 0.050646 0.030500
0.181413 0.123736 0.053650 0.033778
0.677716 0.566410 0.052914 0.029318
0.488931 0.122806 0.049673 0.032938
0.582303 0.359247 0.042264 0.030854
0.784081 0.314154 0.055138 0.038103
0.684598 0.458538 0.045970 0.029264
0.687422 0.742251 0.049280 0.034168
0.177790 0.493264 0.049883 0.028205
0.874629 0.653459 0.048298 0.026510
0.174524 0.427322 0.050636 0.031654
0.682047 0.390850 0.051158 0.029344
0.581688 0.538207 0.048981 0.027129
0.477182 0.863855 0.050014 0.025939
0.871748 0.400008 0.051005 0.026413
0.090359 0.909579 0.056623 0.038909
0.179357 0.191311 0.051272 0.027731
0.785317 0.459559 0.047118 0.031860
0.870659 0.369587 0.045683 0.029872
0.678916 0.219917 0.049658 0.025887
0.871307 0.332671 0.047997 0.036051
0.380845 0.522988 0.052078 0.042958
0.375228 0.921196 0.050474 0.033956
0.275695 0.915902 0.058432 0.038015
0.680598 0.358869 0.048475 0.025136
0.076267 0.641254 0.046948 0.025134
0.174831 0.648979 0.065824 0.037725
0.575626 0.654027 0.044557 0.035686
0.081561 0.380205 0.057927 0.025206
0.873048 0.526680 0.052242 0.028475
0.872330 0.558125 0.052987 0.027298
0.376893 0.265410 0.055935 0.030379
0.079976 0.209642 0.050681 0.033897
0.783957 0.211666 0.052590 0.027074
0.075090 0.285246 0.052648 0.032829
0.784265 0.536539 0.051033 0.042022
0.873534 0.264599 0.054077 0.030558
0.682397 0.601385 0.056420 0.028536
0.488130 0.086661 0.062344 0.029479
0.577177 0.741222 0.048054 0.045986
0.280160 0.297973 0.046852 0.031541
0.381627 0.560000 0.056593 0.025615
0.276832 0.647200 0.052466 0.029259
0.477373 0.390993 0.058464 0.023929
0.488425 0.293315 0.049991 0.032761
0.379683 0.149136 0.042559 0.030845
0.684351 0.186963 0.050647 0.030266
0.178057 0.684389 0.063143 0.028645
0.474375 0.419517 0.044068 0.029807
0.480020 0.327560 0.045399 0.028897
0.277526 0.264286 0.049366 0.027187
0.870409 0.588991 0.047768 0.025468
0.171914 0.394736 0.056153 0.025572
0.078927 0.734601 0.046448 0.023215
0.377699 0.372317 0.049191 0.025997
0.684032 0.918819 0.049363 0.034104
0.679868 0.290653 0.045933 0.026511
0.474586 0.452566 0.038162 0.029576
0.180098 0.566628 0.045369 0.035053
0.276823 0.439382 0.045992 0.033328
0.080793 0.415660 0.052222 0.034957
0.274052 0.475876 0.040981 0.032176
0.874471 0.162920 0.056961 0.036347
0.282830 0.228081 0.042586 0.032698
0.575625 0.619035 0.050033 0.031450
0.176813 0.260358 0.043385 0.032795
0.780402 0.149828 0.042793 0.030571
0.178326 0.087941 0.053642 0.029701
0.477688 0.730491 0.042089 0.026389
0.081030 0.452022 0.046075 0.033331
0.580220 0.220564 0.047439 0.033192
0.173060 0.295949 0.044597 0.034146
0.274418 0.878458 0.040091 0.030144
0.079807 0.669395 0.053400 0.021449
0.784981 0.927254 0.044896 0.024330
0.481919 0.921019 0.046835 0.033586
0.873158 0.430081 0.039870 0.026775
0.275513 0.812544 0.043908 0.032141
0.378308 0.175920 0.043712 0.024405
0.283258 0.189802 0.046810 0.037088
0.685616 0.776830 0.037833 0.028607
0.177733 0.362008 0.057700 0.030406
0.376632 0.339778 0.042980 0.033681
0.479287 0.362366 0.043859 0.032073
0.475890 0.517562 0.047916 0.030778
0.577091 0.696165 0.042523 0.036846
0.477100 0.661891 0.039290 0.031192
0.085485 0.839285 0.051441 0.025595
0.471997 0.483152 0.041056 0.031477
0.287394 0.090161 0.048250 0.032932
0.782978 0.492829 0.040986 0.030209
0.378505 0.673982 0.056650 0.024108
0.174024 0.331958 0.039646 0.030405
0.477979 0.625797 0.042168 0.035277
0.681187 0.154272 0.048951 0.025126
0.283281 0.156327 0.051220 0.030698
0.477686 0.889677 0.056200 0.023347
0.079438 0.170410 0.051629 0.041301
0.784273 0.242979 0.045214 0.026533
0.582478 0.256200 0.040412 0.030690
0.686930 0.087823 0.050850 0.033499
0.375223 0.769592 0.046524 0.030608
0.379245 0.300848 0.041033 0.032576
0.273028 0.615561 0.059237 0.023745
0.787345 0.275132 0.057793 0.033238
0.878058 0.082679 0.057601 0.026510
0.172194 0.848905 0.054476 0.026225
0.473835 0.794944 0.051469 0.029051
0.579932 0.151480 0.048313 0.032464
0.381875 0.085469 0.044320 0.026621
0.872835 0.197079 0.041590 0.025341
0.580026 0.506008 0.038380 0.026681
0.179135 0.919385 0.046014 0.036112
0.781708 0.117139 0.039337 0.026935
0.879007 0.912803 0.046444 0.036476
0.276649 0.780079 0.039412 0.026991
0.078234 0.610852 0.041908 0.029622
0.486623 0.258603 0.041991 0.030213
0.278855 0.328969 0.050250 0.031638
0.870967 0.496981 0.043497 0.019531
0.683963 0.635547 0.049616 0.033573
0.288012 0.122486 0.064042 0.032239
0.783460 0.680976 0.055565 0.025320
0.377501 0.881623 0.039326 0.036281
0.080312 0.246960 0.038933 0.035631
0.076224 0.090522 0.047535 0.031665
0.874873 0.118660 0.058906 0.037269
0.579019 0.086800 0.049567 0.032631
0.073812 0.312529 0.057738 0.024237
0.582907 0.116787 0.042513 0.025297
0.073680 0.127305 0.041732 0.034998
0.077554 0.560547 0.054757 0.027190
0.878628 0.297838 0.055670 0.028298
0.077997 0.583349 0.045043 0.019491
0.578763 0.575955 0.057117 0.038939
