0.562171 0.334337 0.057398 0.032533
0.458057 0.382934 0.054608 0.037823
0.659999 0.199644 0.064193 0.035033
0.841547 0.135859 0.056161 0.032978
0.361787 0.413075 0.060736 0.033994
0.839124 0.308145 0.055100 0.036228
0.835605 0.535782 0.061945 0.027889
0.838600 0.266134 0.059936 0.034660
0.745732 0.522042 0.051388 0.034618
0.840872 0.196937 0.056159 0.029938
0.364114 0.333796 0.051159 0.031778
0.273706 0.445380 0.054575 0.029961
0.562121 0.299593 0.050875 0.029148
0.457771 0.452768 0.055989 0.031561
0.551780 0.567561 0.050518 0.030000
0.748446 0.207741 0.048322 0.029369
0.743520 0.655784 0.050686 0.032239
0.555556 0.470045 0.054833 0.031453
0.832406 0.743701 0.062473 0.030085
0.462119 0.268483 0.051825 0.030509
0.364019 0.373356 0.049559 0.035797
0.657854 0.163385 0.053906 0.030556
0.167706 0.869326 0.054777 0.040515
0.360303 0.642912 0.052388 0.039108
0.366890 0.266409 0.049530 0.031059
0.465701 0.304208 0.059202 0.035423
0.562785 0.264216 0.051857 0.031503
0.470559 0.150633 0.057933 0.030428
0.835763 0.498962 0.047767 0.036732
0.560167 0.372155 0.049533 0.033875
0.268982 0.558785 0.056041 0.034124
0.172549 0.245405 0.050561 0.034026
0.458518 0.554494 0.050014 0.038284
0.468879 0.117915 0.055153 0.026429
0.353126 0.755584 0.049928 0.030085
0.563753 0.223988 0.047201 0.036479
0.267671 0.770656 0.057388 0.031524
0.557182 0.433231 0.048762 0.029573
0.843123 0.229836 0.061356 0.026863
0.360003 0.565126 0.058017 0.033808
0.085649 0.860420 0.052473 0.042336
0.552686 0.534620 0.046390 0.028081
0.256195 0.888182 0.057496 0.028752
0.078943 0.791805 0.055223 0.029670
0.837600 0.343335 0.051087 0.032951
0.747329 0.142127 0.054733 0.035220
0.832564 0.377085 0.063763 0.026895
0.663992 0.130778 0.054663 0.033292
0.179664 0.284612 0.051531 0.037095
0.747980 0.718221 0.063785 0.030829
0.744725 0.486900 0.045424 0.030646
0.368385 0.451751 0.059951 0.032436
0.178162 0.471361 0.050460 0.033531
0.257630 0.848439 0.050823 0.041625
0.454062 0.866502 0.056240 0.039918
0.840105 0.166798 0.051642 0.024784
0.836748 0.615708 0.058708 0.026698
0.564269 0.186768 0.055842 0.027027
0.466067 0.236500 0.046012 0.026106
0.752679 0.268308 0.058391 0.038742
0.274095 0.133072 0.048239 0.034841
0.360473 0.683228 0.046109 0.031862
0.274914 0.230257 0.045681 0.029897
0.351983 0.896736 0.049348 0.027425
0.748918 0.103915 0.053325 0.040603
0.176112 0.209744 0.049203 0.028647
0.081348 0.757820 0.046553 0.027784
0.747968 0.556802 0.054604 0.033345
0.373116 0.133349 0.049284 0.031877
0.451382 0.695660 0.049997 0.031540
0.459612 0.419141 0.048474 0.027253
0.352319 0.862836 0.047712 0.033673
0.083177 0.565364 0.055411 0.032619
0.169309 0.546744 0.049096 0.033626
0.259465 0.808246 0.053152 0.034804
0.167804 0.790323 0.053838 0.042132
0.270353 0.412531 0.052306 0.033615
0.177966 0.174877 0.053850 0.032882
0.740875 0.622807 0.049744 0.026696
0.744438 0.591248 0.049923 0.033142
0.353013 0.791192 0.052359 0.028981
0.830142 0.712390 0.054949 0.023339
0.369898 0.208593 0.056610 0.030022
0.082218 0.527965 0.047111 0.033754
0.467559 0.204807 0.043411 0.026728
0.464199 0.515163 0.053956 0.030238
0.832954 0.464052 0.055057 0.025037
0.082485 0.451739 0.051311 0.039741
0.837817 0.578922 0.051949 0.042375
0.267827 0.661332 0.047377 0.033437
0.452415 0.899466 0.047290 0.030675
0.080763 0.722855 0.045226 0.034334
0.746336 0.401040 0.057453 0.025853
0.365430 0.486682 0.054744 0.030524
0.372497 0.171027 0.047060 0.032911
0.742731 0.687965 0.060286 0.024728
0.083768 0.131765 0.055940 0.030513
0.566305 0.157820 0.044117 0.027026
0.461081 0.344095 0.054194 0.032425
0.080225 0.491165 0.047139 0.030054
0.267726 0.698677 0.054065 0.030442
0.079314 0.681961 0.048066 0.038462
0.273773 0.266098 0.046081 0.037315
0.173144 0.508439 0.048131 0.029710
0.268927 0.734758 0.054666 0.029513
0.272071 0.519729 0.048140 0.030469
0.080061 0.373610 0.051781 0.032955
0.744073 0.370051 0.059861 0.031308
0.354683 0.826541 0.049166 0.029532
0.547046 0.602821 0.047898 0.033826
0.565258 0.127742 0.047283 0.028504
0.171303 0.582318 0.053154 0.032143
0.740790 0.778274 0.064558 0.026145
0.272861 0.304562 0.047158 0.029508
0.269514 0.340457 0.046142 0.030352
0.453190 0.826051 0.049259 0.034516
0.456573 0.930088 0.050917 0.029289
0.740372 0.749290 0.048616 0.027737
0.079042 0.303181 0.052145 0.026674
0.841576 0.099000 0.052928 0.034542
0.175562 0.401477 0.046895 0.031858
0.174256 0.435446 0.055900 0.029218
0.172866 0.323334 0.050994 0.033712
0.452583 0.731914 0.044176 0.030108
0.273136 0.196518 0.044974 0.033736
0.455505 0.590928 0.055887 0.025458
0.081484 0.605416 0.048092 0.037958
0.835921 0.780458 0.046958 0.037977
0.366666 0.521825 0.042854 0.038003
0.078089 0.337372 0.045049 0.031849
0.737323 0.870259 0.047270 0.033570
0.832363 0.675714 0.043208 0.036551
0.168452 0.830583 0.051042 0.030083
0.456571 0.793959 0.043829 0.031473
0.172104 0.912494 0.052714 0.039629
0.176767 0.362152 0.056520 0.034074
0.080450 0.644660 0.052507 0.029978
0.829871 0.926212 0.050506 0.032858
0.831952 0.408375 0.050822 0.025139
0.079762 0.407658 0.041776 0.032836
0.745377 0.307672 0.039608 0.031112
0.356278 0.926092 0.056412 0.031000
0.751282 0.237181 0.061955 0.025414
0.744492 0.454949 0.040515 0.029227
0.554529 0.502761 0.037413 0.029374
0.450221 0.661190 0.042780 0.030461
0.267704 0.624415 0.055140 0.026420
0.457193 0.762401 0.056983 0.023201
0.278009 0.096722 0.046148 0.030949
0.083435 0.898734 0.043000 0.026767
0.746677 0.340675 0.067673 0.027335
0.459549 0.624272 0.051703 0.031527
0.554843 0.638966 0.062446 0.028769
0.738234 0.834760 0.041723 0.028940
0.082639 0.270670 0.045268 0.029347
0.270930 0.480933 0.037068 0.035061
0.173458 0.624497 0.054719 0.043259
0.358044 0.719359 0.040903 0.031105
0.831558 0.435589 0.043970 0.023236
0.174285 0.746312 0.046730 0.035302
0.178964 0.098613 0.051465 0.033768
0.555401 0.403998 0.049342 0.020936
0.087428 0.927542 0.052375 0.029594
0.662835 0.096495 0.058883 0.032656
0.085442 0.823199 0.051047 0.021603
0.837571 0.642336 0.050958 0.020805
0.833842 0.849284 0.049224 0.034127
0.086134 0.164651 0.053584 0.028765
0.172702 0.668528 0.042699 0.040847
0.659257 0.237882 0.053397 0.036084
0.272412 0.375425 0.059634 0.027478
0.459661 0.485071 0.035481 0.025700
0.268748 0.593455 0.037904 0.027992
0.833244 0.815191 0.048906 0.032781
0.171995 0.708919 0.045940 0.028199
0.276772 0.165608 0.038880 0.024085
0.464202 0.180111 0.039366 0.019150
0.747106 0.428106 0.049184 0.019955
0.082024 0.232258 0.034431 0.032138
0.364195 0.299722 0.046154 0.027449
0.468002 0.090369 0.045622 0.022334
0.749729 0.176477 0.041999 0.024496
0.743610 0.805265 0.051418 0.020727
0.373691 0.096389 0.043664 0.028139
0.081545 0.195942 0.033714 0.030477
0.077827 0.094125 0.040707 0.031863
0.364017 0.236664 0.042803 0.020366
0.830666 0.888793 0.037238 0.034220
0.364887 0.601862 0.050768 0.034207
0.178218 0.136261 0.035745 0.033948
0.256622 0.920048 0.044194 0.029860
0.739443 0.909227 0.038771 0.033911
