0.644154 0.454887 0.064641 0.030096
0.444980 0.819250 0.059744 0.027012
0.746872 0.674686 0.056791 0.034202
0.535708 0.360089 0.056030 0.034754
0.745163 0.777909 0.060552 0.036493
0.743269 0.483975 0.060651 0.036453
0.227857 0.297701 0.062422 0.031912
0.639793 0.304085 0.060869 0.028145
0.232738 0.614579 0.051774 0.034646
0.233708 0.849946 0.058893 0.035077
0.126337 0.338172 0.063475 0.039843
0.230387 0.335350 0.062550 0.031904
0.348924 0.897148 0.064556 0.033148
0.644328 0.522142 0.054655 0.027799
0.230578 0.711049 0.054349 0.034445
0.834020 0.343033 0.058403 0.033714
0.733674 0.197028 0.061032 0.028351
0.737705 0.329404 0.060973 0.028926
0.543859 0.695761 0.055793 0.030364
0.123898 0.225183 0.055904 0.030923
0.544612 0.798405 0.056809 0.034425
0.231744 0.440059 0.055920 0.039517
0.648520 0.877371 0.053898 0.032264
0.128191 0.735097 0.060222 0.030543
0.125412 0.297938 0.065843 0.032927
0.835496 0.307463 0.052315 0.028816
0.751181 0.874527 0.070679 0.027124
0.234959 0.747831 0.060949 0.025456
0.550211 0.864578 0.055391 0.031499
0.338049 0.664521 0.061541 0.032367
0.135718 0.642676 0.056720 0.033486
0.446272 0.882484 0.054897 0.027467
0.643759 0.597264 0.054347 0.032722
0.534680 0.324396 0.055432 0.032181
0.655086 0.773636 0.052684 0.031091
0.747825 0.559642 0.051096 0.033191
0.635003 0.381035 0.062321 0.034666
0.745649 0.599743 0.055618 0.033161
0.549057 0.761639 0.064670 0.028245
0.428203 0.342386 0.056342 0.039951
0.644969 0.556151 0.056162 0.032627
0.228961 0.227753 0.056192 0.036118
0.534889 0.255655 0.057832 0.031544
0.543361 0.440443 0.060842 0.037042
0.326412 0.304648 0.062962 0.033572
0.342655 0.861108 0.056285 0.031343
0.225846 0.159468 0.066563 0.039806
0.439723 0.781392 0.050428 0.037463
0.743897 0.448005 0.063003 0.027094
0.542418 0.620402 0.068699 0.034386
0.636631 0.166216 0.062995 0.028167
0.122125 0.190287 0.053252 0.031597
0.432827 0.127994 0.066210 0.031086
0.329780 0.415295 0.057978 0.037544
0.433257 0.190549 0.058825 0.028742
0.439410 0.601499 0.066396 0.031987
0.534449 0.290166 0.055430 0.029031
0.738160 0.364696 0.058069 0.029400
0.444185 0.735064 0.062281 0.042460
0.335257 0.373692 0.055008 0.033836
0.728863 0.127635 0.051086 0.032340
0.652434 0.664522 0.052830 0.036864
0.134821 0.605790 0.058685 0.033156
0.439440 0.681409 0.064643 0.042270
0.232655 0.674985 0.056151 0.026146
0.749753 0.738475 0.050581 0.029596
0.120805 0.259038 0.045148 0.030426
0.651718 0.700372 0.057737 0.030657
0.330694 0.458011 0.055276 0.035040
0.234019 0.778091 0.054903 0.026777
0.235536 0.814004 0.065634 0.031137
0.332837 0.490494 0.068409 0.029428
0.430959 0.263647 0.057174 0.027353
0.125035 0.117402 0.062501 0.028983
0.733122 0.233735 0.050991 0.032982
0.124658 0.153950 0.061584 0.032477
0.232447 0.646573 0.065234 0.024143
0.428497 0.298530 0.050152 0.034696
0.937433 0.134081 0.056714 0.029116
0.540123 0.515264 0.058353 0.032925
0.231538 0.882551 0.058418 0.026584
0.641003 0.236906 0.061214 0.030666
0.837513 0.230765 0.048954 0.035650
0.641592 0.342162 0.058690 0.036800
0.634106 0.128805 0.053893 0.035775
0.637929 0.201199 0.051635 0.032175
0.339313 0.789712 0.055276 0.032468
0.729573 0.162367 0.059255 0.028817
0.552754 0.904073 0.062753 0.035633
0.234023 0.516529 0.062688 0.029085
0.233337 0.577876 0.056584 0.027536
0.128175 0.910597 0.061197 0.032942
0.835568 0.270905 0.049390 0.030382
0.325496 0.265257 0.055756 0.028747
0.233947 0.401485 0.056674 0.025541
0.433006 0.639822 0.063616 0.035128
0.434565 0.381486 0.055690 0.028146
0.128223 0.838128 0.059563 0.034843
0.747549 0.842864 0.062214 0.023930
0.336108 0.628453 0.049851 0.027230
0.747090 0.636874 0.044055 0.032460
0.330026 0.160420 0.051296 0.032008
0.125960 0.872402 0.045550 0.028444
0.438954 0.478917 0.050900 0.026816
0.545675 0.830942 0.073458 0.023837
0.229016 0.262821 0.055314 0.028180
0.935594 0.294895 0.049017 0.027405
0.438368 0.559142 0.049837 0.041019
0.435655 0.417288 0.062619 0.030739
0.330683 0.091010 0.067980 0.035695
0.838787 0.171938 0.047892 0.025102
0.933469 0.330540 0.048971 0.030455
0.328389 0.128328 0.065422 0.028086
0.544843 0.727995 0.046230 0.025531
0.130293 0.379009 0.046490 0.032005
0.327014 0.196086 0.050104 0.028630
0.335766 0.595570 0.049545 0.030932
0.442104 0.850337 0.054038 0.024541
0.323726 0.231923 0.050992 0.025872
0.537067 0.479706 0.049392 0.030729
0.445169 0.911639 0.064965 0.026318
0.132059 0.565663 0.047572 0.032209
0.539411 0.577565 0.047373 0.036307
0.938506 0.477666 0.047470 0.026782
0.939037 0.512263 0.046572 0.031658
0.541800 0.657573 0.054528 0.035074
0.748643 0.811961 0.062971 0.027138
0.536505 0.397928 0.057446 0.030151
0.648120 0.736824 0.044848 0.029151
0.129230 0.448137 0.057812 0.031548
0.532072 0.091945 0.061209 0.028278
0.234804 0.481249 0.048690 0.028714
0.935380 0.202852 0.040107 0.030932
0.632766 0.093470 0.056118 0.029092
0.533926 0.154852 0.064684 0.028835
0.837320 0.143035 0.048328 0.030334
0.641404 0.419683 0.041152 0.031277
0.935364 0.236982 0.043512 0.021839
0.742469 0.524753 0.051976 0.032076
0.637397 0.272480 0.042214 0.031058
0.333008 0.560172 0.045102 0.031320
0.132656 0.765897 0.067334 0.029510
0.130055 0.676780 0.061215 0.025239
0.530164 0.189053 0.062437 0.024782
0.934392 0.261348 0.038737 0.025955
0.734742 0.269438 0.051390 0.026658
0.748248 0.707037 0.041502 0.025359
0.657325 0.809123 0.046493 0.030663
0.348248 0.704486 0.080421 0.037413
0.934875 0.168729 0.047558 0.026337
0.649679 0.908518 0.044201 0.027354
0.728282 0.090976 0.055814 0.026764
0.651399 0.843727 0.040045 0.026040
0.748630 0.904466 0.051235 0.029323
0.836486 0.379436 0.060757 0.026802
0.128069 0.413586 0.064739 0.024067
0.144652 0.704016 0.082095 0.028323
0.735247 0.297421 0.047274 0.026024
0.430883 0.160027 0.040468 0.025044
0.225756 0.194923 0.064207 0.023755
0.234207 0.547212 0.054764 0.019878
0.645270 0.631594 0.044216 0.022916
0.439845 0.515845 0.061994 0.028736
0.531733 0.221022 0.048180 0.032356
0.237739 0.912199 0.074243 0.027045
0.134358 0.533684 0.056525 0.024408
0.937538 0.404326 0.045673 0.027882
0.332848 0.524237 0.058745 0.029539
0.329131 0.338724 0.051938 0.022779
0.427845 0.091853 0.047771 0.031557
0.435748 0.448276 0.039584 0.023575
0.230294 0.369186 0.041073 0.026157
0.123895 0.483520 0.066437 0.023525
0.538525 0.546041 0.045130 0.018044
0.227131 0.122232 0.069186 0.026680
0.644178 0.487900 0.036792 0.027002
0.432078 0.226207 0.056517 0.035789
0.742925 0.416644 0.055677 0.023816
0.531454 0.123205 0.041411 0.023665
0.940062 0.551019 0.054884 0.037477
0.341268 0.747159 0.043639 0.034882
0.338454 0.825232 0.048339 0.026781
0.229948 0.090024 0.064284 0.028438
0.933412 0.440483 0.036048 0.033090
0.930598 0.366081 0.033932 0.028720
0.740619 0.391232 0.057258 0.019547
0.134253 0.508802 0.054792 0.018183
0.120525 0.087365 0.039352 0.025499
0.943866 0.099011 0.067934 0.036868
0.837172 0.192025 0.053472 0.012317
0.136248 0.800527 0.075302 0.032365
