0.611585 0.203408 0.063404 0.045238
0.379160 0.812854 0.062019 0.042544
0.073143 0.869302 0.053099 0.039916
0.271717 0.385090 0.060972 0.036924
0.070624 0.646225 0.077508 0.038602
0.386193 0.255124 0.055108 0.040605
0.268927 0.821310 0.062545 0.043193
0.175021 0.779905 0.053523 0.038471
0.378238 0.737054 0.059528 0.028397
0.495822 0.196428 0.056438 0.039896
0.827277 0.355009 0.064701 0.044253
0.612774 0.114912 0.054128 0.037563
0.067529 0.725297 0.070865 0.038422
0.707360 0.710795 0.058146 0.035621
0.380795 0.495957 0.061068 0.045294
0.275611 0.066614 0.066497 0.039728
0.819708 0.436584 0.072528 0.038575
0.712242 0.183442 0.070084 0.041792
0.602766 0.620145 0.051968 0.038869
0.384405 0.142573 0.068689 0.040693
0.484934 0.604167 0.070288 0.036447
0.378434 0.695959 0.057246 0.048523
0.386234 0.454035 0.055859 0.037571
0.068658 0.328767 0.058188 0.042439
0.276881 0.585198 0.062950 0.037222
0.173515 0.632978 0.050094 0.032322
0.608033 0.508337 0.056293 0.040478
0.500547 0.028732 0.063918 0.039930
0.705489 0.781237 0.059953 0.036807
0.595023 0.918569 0.055100 0.038382
0.834349 0.313882 0.063528 0.033149
0.174136 0.742602 0.050485 0.032619
0.713549 0.412928 0.048681 0.032687
0.069500 0.243587 0.056232 0.041075
0.385308 0.031860 0.077500 0.043602
0.383513 0.772536 0.052024 0.033370
0.930627 0.184608 0.065522 0.042834
0.169258 0.596899 0.049511 0.036319
0.276639 0.742107 0.061056 0.035291
0.176900 0.071589 0.063917 0.036926
0.495590 0.275723 0.061150 0.038241
0.388289 0.297035 0.054539 0.040748
0.710034 0.558548 0.069572 0.038379
0.489741 0.564681 0.060507 0.035931
0.714606 0.375447 0.051872 0.038612
0.073223 0.828343 0.049898 0.037505
0.709220 0.674212 0.059285 0.035320
0.608858 0.029714 0.069554 0.046119
0.723135 0.070175 0.054626 0.042363
0.276396 0.311513 0.068776 0.037518
0.606897 0.347259 0.055382 0.037308
0.070910 0.792791 0.054881 0.031538
0.383969 0.417312 0.055336 0.034373
0.275472 0.465431 0.047037 0.035834
0.074155 0.684431 0.051941 0.035675
0.491443 0.154458 0.076610 0.042253
0.501488 0.073513 0.068946 0.043417
0.071671 0.570644 0.051298 0.036441
0.386460 0.215776 0.054565 0.032739
0.488618 0.360488 0.065292 0.042238
0.173969 0.432407 0.046902 0.040255
0.380239 0.857717 0.059022 0.041826
0.607353 0.428787 0.048267 0.036345
0.604592 0.310422 0.061792 0.033244
0.278177 0.106331 0.056130 0.037736
0.603912 0.467317 0.051750 0.035093
0.171496 0.559586 0.051449 0.037075
0.499011 0.236737 0.055657 0.035971
0.177240 0.704418 0.046892 0.037077
0.824190 0.513418 0.067663 0.036855
0.387185 0.181228 0.052499 0.032103
0.714996 0.266338 0.071593 0.041461
0.381728 0.378447 0.049154 0.040200
0.383688 0.337864 0.064199 0.033849
0.717434 0.109493 0.059222 0.030783
0.705201 0.820540 0.054581 0.039876
0.496628 0.721233 0.061986 0.044611
0.274560 0.548476 0.054887 0.028718
0.376261 0.973920 0.062019 0.039208
0.612049 0.158481 0.046468 0.037732
0.067409 0.607961 0.065795 0.034314
0.603557 0.547654 0.055528 0.032877
0.708264 0.444827 0.064879 0.030703
0.715392 0.223731 0.055871 0.037202
0.274844 0.182970 0.066511 0.043704
0.272750 0.859773 0.054441 0.030287
0.275842 0.266934 0.057902 0.045182
0.835256 0.247612 0.063975 0.029973
0.378695 0.900826 0.046660 0.043536
0.823194 0.732145 0.068930 0.037495
0.274874 0.626894 0.050981 0.039484
0.707450 0.633663 0.051614 0.040409
0.066502 0.374659 0.052426 0.043020
0.271543 0.142270 0.063051 0.035758
0.828196 0.173594 0.055698 0.032918
0.172484 0.884484 0.047883 0.038046
0.165934 0.517360 0.063468 0.040437
0.713681 0.478306 0.051525 0.032630
0.275065 0.426786 0.055911 0.035350
0.597171 0.879309 0.048815 0.037710
0.600686 0.803718 0.056807 0.036421
0.274923 0.779759 0.062031 0.035273
0.066868 0.421004 0.051337 0.038000
0.829207 0.066229 0.051112 0.039194
0.712512 0.594374 0.064902 0.034247
0.828720 0.796189 0.055924 0.034395
0.173158 0.321439 0.053890 0.032804
0.274046 0.667917 0.050466 0.042677
0.167575 0.180428 0.065003 0.044601
0.502617 0.114720 0.060805 0.037138
0.497041 0.806044 0.057484 0.045063
0.828366 0.281072 0.061388 0.031521
0.075258 0.909513 0.045351 0.030937
0.492366 0.679885 0.049556 0.034389
0.827801 0.940018 0.056793 0.031482
0.823920 0.972979 0.053662 0.034222
0.605853 0.389294 0.047827 0.041874
0.269858 0.508592 0.057679 0.045237
0.828096 0.610919 0.052840 0.035165
0.830432 0.396958 0.049323 0.038567
0.272610 0.706442 0.052183 0.031498
0.275071 0.893078 0.046045 0.034485
0.721194 0.028305 0.051495 0.039010
0.602912 0.583102 0.063572 0.031559
0.072860 0.074034 0.065346 0.040712
0.280260 0.981188 0.054940 0.028660
0.935049 0.224765 0.049594 0.035370
0.495754 0.316729 0.051871 0.037697
0.723464 0.143434 0.048302 0.036828
0.173086 0.666936 0.048126 0.033808
0.491052 0.642443 0.054558 0.041338
0.829779 0.212650 0.063475 0.039338
0.701409 0.861994 0.059859 0.037870
0.705461 0.938816 0.044863 0.038177
0.824283 0.901331 0.045959 0.040277
0.493502 0.491460 0.054811 0.038105
0.069449 0.760245 0.051002 0.034369
0.833180 0.829828 0.063397 0.033188
0.170023 0.814747 0.047777 0.030600
0.064882 0.287812 0.053725 0.039710
0.712020 0.515865 0.057984 0.037803
0.704107 0.899768 0.056797 0.039271
0.490948 0.958559 0.050836 0.037974
0.278855 0.952802 0.043562 0.029244
0.595152 0.840906 0.051092 0.032757
0.068021 0.112980 0.049707 0.030549
0.067120 0.505483 0.048509 0.031403
0.381498 0.538788 0.058736 0.035040
0.599049 0.959717 0.045286 0.040944
0.825708 0.579385 0.055295 0.027911
0.172307 0.847294 0.044645 0.035464
0.069233 0.463832 0.053325 0.049143
0.830765 0.647329 0.068269 0.033200
0.934014 0.290632 0.042421 0.033786
0.490161 0.528314 0.047351 0.034822
0.277452 0.225001 0.057040 0.040411
0.277264 0.027874 0.056680 0.033300
0.172406 0.281174 0.050526 0.040708
0.829828 0.863304 0.053998 0.031776
0.493171 0.764484 0.054044 0.036463
0.169999 0.393253 0.047181 0.032401
0.941640 0.140599 0.047144 0.045086
0.937538 0.370119 0.055795 0.033917
0.386057 0.651574 0.046249 0.036170
0.826418 0.475781 0.053814 0.036095
0.179964 0.971618 0.051296 0.042468
0.711439 0.745168 0.046915 0.030683
0.069140 0.535900 0.044813 0.032071
0.827590 0.137218 0.046316 0.034944
0.935939 0.258598 0.041923 0.030507
0.602865 0.655430 0.056803 0.028562
0.495640 0.850656 0.052661 0.037828
0.932802 0.330717 0.053649 0.040626
0.173093 0.473900 0.050042 0.036206
0.076624 0.941722 0.038302 0.033204
0.711368 0.337461 0.042891 0.034312
0.384729 0.611430 0.044218 0.039545
0.276777 0.350218 0.053906 0.031525
0.827629 0.103792 0.044256 0.033250
0.390776 0.107411 0.054940 0.029622
0.171529 0.111567 0.052370 0.029450
0.176137 0.028475 0.044051 0.042706
0.613703 0.240378 0.058276 0.029634
0.827331 0.548699 0.056167 0.034302
0.377177 0.938443 0.050679 0.031328
0.079277 0.972576 0.055042 0.027879
0.705255 0.974535 0.040677 0.028889
0.493937 0.449211 0.048057 0.040493
0.609415 0.074237 0.050657 0.037937
0.491415 0.922292 0.042217 0.032228
0.606881 0.274319 0.072424 0.037165
0.599202 0.769999 0.044325 0.030022
0.174624 0.142043 0.042850 0.025277
0.278977 0.926350 0.046329 0.024349
0.171987 0.358160 0.034672 0.031824
0.068787 0.033185 0.044529 0.038181
0.937233 0.091659 0.070847 0.053071
0.603885 0.695548 0.050438 0.046025
0.492104 0.889950 0.043320 0.035960
0.713988 0.303798 0.044636 0.033178
0.386093 0.573513 0.045942 0.032882
0.492554 0.405514 0.066018 0.049898
0.064873 0.153395 0.041312 0.038075
0.827684 0.026486 0.044053 0.034223
0.600655 0.735598 0.042969 0.032050
0.391459 0.074665 0.067410 0.036462
0.831621 0.762992 0.054953 0.023760
0.171988 0.221687 0.039045 0.031839
0.169559 0.925391 0.056214 0.038604
0.065525 0.197977 0.045736 0.045325
0.831068 0.683636 0.047875 0.039901
0.832324 0.701518 0.047930 0.021624
