0.899488 0.357988 0.060963 0.026958
0.708428 0.831181 0.064204 0.036071
0.612322 0.711002 0.060776 0.031924
0.895543 0.326629 0.060616 0.032246
0.801059 0.676734 0.058397 0.031404
0.806102 0.840521 0.059436 0.026801
0.802866 0.772936 0.056630 0.031218
0.897257 0.673168 0.049709 0.036289
0.895590 0.388189 0.060250 0.029623
0.801328 0.709012 0.051889 0.028467
0.608801 0.783005 0.048478 0.028574
0.229983 0.162700 0.051621 0.028392
0.133494 0.324281 0.056757 0.029480
0.901709 0.747190 0.052964 0.033124
0.805516 0.806355 0.045787 0.030696
0.898988 0.807724 0.061021 0.025394
0.327521 0.604601 0.050746 0.027442
0.708782 0.353204 0.056209 0.026675
0.230703 0.518095 0.055705 0.030461
0.805107 0.578724 0.058484 0.027034
0.518366 0.820356 0.044908 0.026876
0.227442 0.129405 0.049293 0.031604
0.806906 0.611373 0.055421 0.030568
0.707652 0.568137 0.056900 0.029675
0.708264 0.267300 0.050816 0.029705
0.516483 0.182409 0.058206 0.033675
0.806693 0.260958 0.056170 0.034574
0.895619 0.293852 0.051371 0.029340
0.416421 0.834071 0.053400 0.027320
0.895798 0.711782 0.056297 0.031714
0.227267 0.643439 0.052992 0.028703
0.711720 0.757541 0.046102 0.034677
0.227657 0.484613 0.054500 0.031810
0.709193 0.124394 0.049405 0.033805
0.896484 0.545589 0.049825 0.025935
0.707183 0.417795 0.048472 0.030060
0.129356 0.239457 0.050121 0.031806
0.230214 0.244524 0.054430 0.027312
0.711796 0.867012 0.059855 0.026088
0.418233 0.800655 0.046444 0.032649
0.417746 0.239779 0.055105 0.030082
0.893962 0.837687 0.062506 0.028948
0.709121 0.534377 0.049703 0.026988
0.132747 0.124704 0.059886 0.029978
0.226490 0.609695 0.049814 0.028501
0.231525 0.274432 0.048159 0.027903
0.615241 0.414570 0.055778 0.028986
0.330461 0.157948 0.045231 0.031613
0.515143 0.667762 0.058505 0.026558
0.228468 0.785599 0.056623 0.029661
0.425931 0.162474 0.057386 0.031788
0.708674 0.448439 0.049216 0.029484
0.133239 0.644352 0.046731 0.034141
0.322235 0.632084 0.049520 0.025352
0.708107 0.626266 0.052006 0.026983
0.808350 0.225965 0.046883 0.029211
0.230087 0.453202 0.050466 0.026836
0.802848 0.738524 0.047179 0.028034
0.809450 0.410214 0.050636 0.028239
0.708153 0.690475 0.045574 0.030570
0.897687 0.232720 0.052596 0.029142
0.892183 0.142089 0.051477 0.028289
0.807525 0.293849 0.047300 0.030628
0.414474 0.736144 0.046193 0.029754
0.325375 0.291282 0.047637 0.024015
0.329620 0.444576 0.051577 0.026635
0.322783 0.843939 0.051031 0.029595
0.133450 0.608454 0.047148 0.030750
0.808077 0.198841 0.045754 0.024937
0.614171 0.747240 0.053081 0.035072
0.135829 0.389118 0.048878 0.029014
0.232694 0.304568 0.054031 0.023973
0.896369 0.577941 0.051347 0.031507
0.225745 0.716029 0.052858 0.034461
0.417171 0.598977 0.044820 0.028551
0.516898 0.728476 0.047117 0.025311
0.807318 0.380565 0.042742 0.023263
0.329807 0.381455 0.042071 0.029327
0.616316 0.380803 0.048907 0.030802
0.327976 0.414192 0.045577 0.028053
0.229877 0.193395 0.046671 0.023714
0.709199 0.384313 0.048624 0.027981
0.890789 0.172552 0.041692 0.027248
0.327418 0.319260 0.050234 0.023760
0.519959 0.418841 0.050236 0.032215
0.895954 0.640491 0.051359 0.023722
0.709606 0.792844 0.044586 0.031146
0.413405 0.768038 0.050914 0.024653
0.326352 0.265526 0.042621 0.023235
0.897171 0.779769 0.057461 0.024964
0.804548 0.466719 0.053857 0.025678
0.619013 0.321497 0.051002 0.027582
0.419434 0.398556 0.047472 0.029289
0.709042 0.236819 0.042946 0.027395
0.612690 0.678320 0.050624 0.022971
0.326451 0.509581 0.044578 0.031488
0.131618 0.356577 0.042483 0.029387
0.711452 0.156696 0.044891 0.027774
0.710664 0.210932 0.049506 0.023361
0.515207 0.700772 0.051146 0.028726
0.520653 0.760766 0.044146 0.034521
0.800650 0.642830 0.045494 0.030694
0.138727 0.735504 0.054184 0.031428
0.136455 0.678253 0.048978 0.030498
0.416325 0.703422 0.041324 0.029849
0.523890 0.124671 0.044845 0.027436
0.516988 0.571409 0.051232 0.027081
0.326122 0.095522 0.055740 0.029171
0.136303 0.706704 0.051587 0.025888
0.708296 0.724241 0.043067 0.031300
0.422284 0.533480 0.045221 0.029253
0.232685 0.366911 0.043174 0.030102
0.709060 0.321830 0.047659 0.025865
0.893756 0.261341 0.049944 0.029675
0.807023 0.869162 0.060139 0.027046
0.426311 0.131332 0.044029 0.027879
0.134045 0.156233 0.044993 0.028807
0.521332 0.386225 0.049393 0.025375
0.322905 0.872858 0.047420 0.021780
0.804515 0.351763 0.039452 0.026211
0.612433 0.872224 0.054818 0.026722
0.807672 0.143169 0.051026 0.026610
0.613433 0.561480 0.048137 0.027438
0.418640 0.565394 0.041552 0.028748
0.612699 0.816391 0.039591 0.023246
0.806948 0.171363 0.043040 0.027138
0.330436 0.570934 0.046291 0.029535
0.617795 0.288917 0.057112 0.028750
0.512466 0.877351 0.052943 0.027342
0.418911 0.890796 0.048509 0.025494
0.326895 0.662367 0.051361 0.028194
0.614909 0.192564 0.050339 0.029239
0.893330 0.116082 0.055497 0.023088
0.516201 0.603739 0.051071 0.027717
0.417796 0.629265 0.050235 0.021690
0.615622 0.592952 0.045510 0.028033
0.892796 0.512751 0.052570 0.026942
0.891457 0.202388 0.047210 0.024693
0.232460 0.395696 0.057964 0.021244
0.615797 0.128366 0.048488 0.033490
0.702716 0.505148 0.053227 0.024896
0.135021 0.423425 0.044410 0.029543
0.517202 0.538235 0.056294 0.031356
0.419133 0.664005 0.051673 0.038691
0.805327 0.523987 0.047672 0.023411
0.135558 0.907757 0.043215 0.025741
0.230230 0.333294 0.038285 0.028938
0.517569 0.447580 0.044507 0.021531
0.804676 0.549931 0.047608 0.021276
0.616163 0.497527 0.052280 0.027259
0.895596 0.089744 0.049124 0.023116
0.326447 0.476628 0.045656 0.029494
0.519300 0.278398 0.053274 0.031622
0.520101 0.351577 0.047337 0.028741
0.518310 0.792422 0.041335 0.022294
0.895128 0.871584 0.057948 0.031462
0.615929 0.162281 0.046599 0.031423
0.132205 0.296610 0.041103 0.019717
0.419030 0.368938 0.045491 0.022923
0.803597 0.322496 0.044212 0.026670
0.418151 0.500229 0.054705 0.029332
0.616787 0.258562 0.039704 0.026928
0.324499 0.540324 0.044154 0.024611
0.416093 0.862649 0.054936 0.028727
0.230754 0.423248 0.041299 0.028429
0.135765 0.510031 0.047622 0.028661
0.707114 0.657713 0.038959 0.028573
0.322392 0.721887 0.039954 0.027973
0.224348 0.677686 0.041241 0.033677
0.421974 0.339724 0.042081 0.030494
0.228436 0.097473 0.045079 0.030623
0.708176 0.475719 0.045682 0.021641
0.229523 0.877632 0.042543 0.032043
0.518278 0.241983 0.041820 0.028291
0.806986 0.438333 0.041399 0.021824
0.806993 0.090692 0.055095 0.025960
0.319954 0.777800 0.049749 0.030520
0.325138 0.124718 0.045569 0.027967
0.518004 0.909406 0.050923 0.031838
0.135109 0.882429 0.037679 0.021258
0.512182 0.848210 0.042698 0.025405
0.326377 0.349464 0.038614 0.030419
0.419032 0.279655 0.054299 0.039256
0.326734 0.895207 0.049895 0.022233
0.128739 0.269066 0.039289 0.028825
0.134679 0.542479 0.042817 0.028102
0.130463 0.186505 0.042046 0.024156
0.806684 0.116672 0.039036 0.022320
0.804164 0.495800 0.039327 0.025613
0.709515 0.597036 0.042391 0.020861
0.524399 0.092533 0.057114 0.034267
0.893510 0.486157 0.038578 0.025346
0.325438 0.238001 0.039610 0.027419
0.615110 0.621694 0.050515 0.021587
0.613351 0.444043 0.040849 0.021680
0.519684 0.636379 0.050691 0.029376
0.139856 0.768536 0.054786 0.034045
0.518687 0.215246 0.045430 0.021737
0.327261 0.209819 0.036079 0.021583
0.523744 0.151872 0.047818 0.019242
0.709483 0.185203 0.041759 0.021582
0.132192 0.096135 0.041816 0.029565
0.893679 0.612154 0.041940 0.026877
0.322767 0.811785 0.042002 0.030531
0.420532 0.210864 0.042517 0.023929
0.133577 0.453791 0.038768 0.023275
0.615053 0.349780 0.044506 0.023025
0.136235 0.575364 0.050699 0.026982
0.227693 0.579340 0.035801 0.025811
0.133998 0.478649 0.034743 0.025911
0.900203 0.905073 0.065642 0.035667
0.418975 0.425150 0.057956 0.022738
0.611576 0.094800 0.051318 0.029740
0.426075 0.099138 0.042270 0.031886
0.327986 0.185651 0.039334 0.019558
0.230876 0.218515 0.038553 0.019130
0.703837 0.092110 0.056051 0.029082
0.708259 0.294843 0.042922 0.024113
0.130240 0.209620 0.043747 0.023114
0.612240 0.467803 0.037061 0.021116
0.228010 0.842150 0.039943 0.025013
0.327773 0.692924 0.033862 0.026863
0.139428 0.802521 0.036584 0.031923
0.613962 0.530302 0.034802 0.029982
0.516054 0.508024 0.041163 0.020532
0.227149 0.549756 0.041360 0.028911
0.419658 0.916256 0.049255 0.024799
0.137044 0.856171 0.032665 0.022643
0.230449 0.752245 0.044616 0.031354
0.892067 0.459870 0.039590 0.020819
0.612217 0.842710 0.039007 0.022819
0.324724 0.916272 0.053738 0.021917
0.619093 0.905762 0.065315 0.033385
0.224931 0.816610 0.035339 0.023477
0.136303 0.831203 0.035672 0.016879
0.226836 0.905165 0.043122 0.019013
0.421560 0.312001 0.047353 0.022157
0.515220 0.476298 0.040430 0.035584
0.893619 0.419602 0.052933 0.025181
0.323965 0.749270 0.052125 0.022062
0.419122 0.472283 0.040191 0.016122
0.519764 0.316821 0.038460 0.033696
0.618535 0.649929 0.045167 0.029856
0.709132 0.905529 0.056822 0.038623
0.420892 0.449568 0.049328 0.022720
0.805892 0.895149 0.066380 0.023641
0.660844 0.872329 0.029090 0.018109
0.812843 0.915392 0.058375 0.024184
0.891695 0.439228 0.041614 0.016831
0.571845 0.816512 0.027717 0.017101
0.420844 0.188464 0.045369 0.017762
0.616603 0.225701 0.050791 0.035221
0.564493 0.874254 0.022288 0.017702
0.653380 0.788966 0.024993 0.014205
0.655838 0.846493 0.025715 0.014206
0.565017 0.904085 0.025342 0.017881
0.563591 0.239905 0.022012 0.015501
0.460203 0.327674 0.019576 0.011461
0.559295 0.848500 0.030357 0.016325
