0.511247 0.239483 0.063179 0.046838
0.955499 0.747328 0.058458 0.037669
0.524518 0.834678 0.056564 0.035894
0.621559 0.235673 0.061661 0.036398
0.937639 0.103767 0.059428 0.038952
0.953070 0.563791 0.071532 0.035102
0.298297 0.434108 0.066495 0.039295
0.304013 0.729269 0.068259 0.042750
0.513880 0.283088 0.056199 0.036765
0.842233 0.828383 0.063204 0.036738
0.836721 0.665284 0.063871 0.038154
0.947874 0.222443 0.061081 0.037332
0.626383 0.355419 0.063795 0.044340
0.835593 0.267358 0.059641 0.045306
0.949496 0.333588 0.053043 0.029654
0.942522 0.142556 0.059961 0.036629
0.626223 0.398936 0.067426 0.034988
0.841270 0.624742 0.063995 0.034976
0.058439 0.147033 0.066379 0.037912
0.303265 0.769224 0.074209 0.035820
0.298718 0.392098 0.062227 0.042368
0.950021 0.484818 0.057501 0.032196
0.623599 0.196858 0.057708 0.036580
0.621520 0.275770 0.065855 0.038901
0.069768 0.722418 0.054135 0.038899
0.628662 0.313354 0.059690 0.034135
0.957426 0.671077 0.060831 0.033704
0.841575 0.785507 0.060320 0.044673
0.841130 0.543546 0.056830 0.040377
0.402009 0.332785 0.063960 0.041968
0.073687 0.613127 0.064283 0.034460
0.948253 0.261811 0.057184 0.038244
0.521487 0.596622 0.054260 0.034995
0.839470 0.501811 0.054123 0.038133
0.067299 0.422606 0.067656 0.038302
0.065307 0.381855 0.062190 0.040243
0.637418 0.895782 0.059105 0.038744
0.628506 0.634509 0.065884 0.041097
0.182592 0.554502 0.058263 0.035395
0.947092 0.181733 0.058902 0.035775
0.298378 0.519520 0.057231 0.042456
0.940518 0.066007 0.058801 0.034112
0.172063 0.304535 0.069409 0.041399
0.629598 0.676059 0.052527 0.038235
0.627214 0.559329 0.065604 0.035688
0.297475 0.560191 0.053963 0.037210
0.954336 0.708037 0.050128 0.036452
0.524899 0.874358 0.051882 0.040173
0.720242 0.077361 0.059177 0.038179
0.733172 0.708867 0.059776 0.046956
0.057110 0.187613 0.058370 0.041379
0.074092 0.650497 0.056652 0.036965
0.066336 0.462317 0.080455 0.039108
0.176404 0.164052 0.068168 0.035685
0.838866 0.743976 0.054304 0.034045
0.727244 0.114127 0.066639 0.035599
0.846943 0.911391 0.060213 0.036348
0.058497 0.227722 0.057443 0.032877
0.170696 0.203489 0.056445 0.043099
0.177377 0.595674 0.061118 0.041795
0.295017 0.352545 0.055632 0.036432
0.839808 0.584899 0.051750 0.039080
0.298274 0.640152 0.059176 0.041261
0.418584 0.877255 0.059080 0.039134
0.400467 0.290447 0.059429 0.035967
0.944568 0.445249 0.053894 0.041296
0.061264 0.261337 0.055371 0.034883
0.413658 0.644531 0.059435 0.048639
0.299131 0.599480 0.061730 0.039111
0.624736 0.437985 0.063800 0.036060
0.527237 0.914929 0.056372 0.035840
0.299958 0.808185 0.061251 0.038959
0.062667 0.339988 0.057422 0.040331
0.394291 0.249173 0.052609 0.043120
0.837959 0.311180 0.053375 0.038899
0.074291 0.547552 0.056379 0.035874
0.522311 0.751642 0.056675 0.036881
0.734983 0.662428 0.055623 0.040253
0.839591 0.706248 0.051714 0.037815
0.947862 0.400337 0.059447 0.039600
0.179932 0.673556 0.060588 0.035820
0.619545 0.159923 0.049607 0.031732
0.410815 0.552828 0.068955 0.043456
0.722681 0.152600 0.056669 0.031682
0.188985 0.826783 0.061855 0.042207
0.176435 0.444988 0.070532 0.035998
0.520527 0.794205 0.058171 0.045345
0.416423 0.686425 0.050315 0.037566
0.725284 0.186118 0.053316 0.034262
0.727984 0.226960 0.055161 0.044202
0.731624 0.509031 0.063699 0.040017
0.845582 0.869429 0.057206 0.044028
0.836215 0.190541 0.064780 0.034335
0.513978 0.193197 0.053656 0.040823
0.951020 0.602990 0.051009 0.036903
0.409996 0.502583 0.059437 0.046271
0.515695 0.489170 0.063502 0.038057
0.626696 0.477131 0.056995 0.034895
0.515726 0.454323 0.066248 0.029549
0.735125 0.586626 0.052296 0.037741
0.956907 0.847669 0.047565 0.034912
0.073124 0.685855 0.051126 0.032826
0.955570 0.812278 0.048255 0.033290
0.073493 0.579433 0.052993 0.029912
0.835282 0.458125 0.053785 0.044396
0.612693 0.076417 0.056845 0.040136
0.612119 0.033284 0.057894 0.040211
0.527390 0.951344 0.056824 0.037852
0.180050 0.636984 0.051407 0.036655
0.187754 0.785505 0.048453 0.037495
0.302445 0.685602 0.061166 0.040462
0.299077 0.475620 0.059831 0.043064
0.420103 0.914494 0.054426 0.034469
0.519934 0.558532 0.050009 0.037538
0.072742 0.765529 0.052001 0.041991
0.077173 0.927530 0.066695 0.033756
0.187063 0.746658 0.051890 0.039125
0.949938 0.300454 0.058718 0.036285
0.414712 0.729949 0.054154 0.041589
0.955117 0.637608 0.049331 0.029490
0.511059 0.318330 0.053662 0.033168
0.836851 0.346986 0.045667 0.032134
0.726557 0.439046 0.062115 0.037813
0.729766 0.270116 0.048443 0.038397
0.953221 0.524485 0.056536 0.041173
0.405128 0.415159 0.054569 0.040855
0.638598 0.857675 0.055826 0.034600
0.734207 0.822802 0.050229 0.038652
0.947636 0.365639 0.052258 0.028457
0.952812 0.780206 0.054616 0.029093
0.404569 0.374079 0.056106 0.037943
0.739553 0.783110 0.050509 0.036192
0.517745 0.676975 0.070260 0.037646
0.850048 0.947778 0.053012 0.034794
0.423279 0.952769 0.048905 0.040957
0.418415 0.833393 0.045687 0.042975
0.958813 0.949994 0.054426 0.034766
0.186259 0.513751 0.064565 0.037873
0.072138 0.505912 0.051771 0.044773
0.409972 0.597286 0.052883 0.041350
0.827129 0.030256 0.059447 0.038421
0.515443 0.353361 0.054420 0.035192
0.418462 0.794864 0.048881 0.033738
0.834711 0.382838 0.064506 0.034116
0.070412 0.835141 0.053497 0.034611
0.287705 0.191592 0.047276 0.036115
0.510275 0.147376 0.050146 0.044541
0.072684 0.802576 0.050090 0.033301
0.512453 0.426190 0.061900 0.027511
0.178568 0.342806 0.051560 0.035467
0.173633 0.241377 0.056861 0.033015
0.293050 0.313646 0.056044 0.038895
0.186401 0.708386 0.050737 0.034727
0.836386 0.417202 0.055723 0.032608
0.065249 0.299478 0.066905 0.039936
0.288924 0.272106 0.047667 0.044276
0.728367 0.312992 0.051501 0.043820
0.395196 0.079735 0.049550 0.035905
0.306604 0.890092 0.050654 0.041402
0.304679 0.848603 0.054827 0.040234
0.734045 0.547904 0.044805 0.035339
0.635416 0.941551 0.067312 0.050606
0.394966 0.118146 0.055175 0.039103
0.737031 0.858679 0.044826 0.035839
0.395626 0.181595 0.046070 0.040443
0.288219 0.071556 0.058033 0.039760
0.517249 0.524323 0.058160 0.029550
0.283751 0.032690 0.054400 0.039835
0.509531 0.103103 0.057685 0.043068
0.288974 0.228861 0.045377 0.037024
0.730716 0.473488 0.047670 0.032638
0.833017 0.065315 0.054338 0.035107
0.059276 0.034119 0.061695 0.039263
0.392389 0.036365 0.060025 0.046312
0.178193 0.866708 0.069869 0.039774
0.073582 0.895167 0.063096 0.033264
0.631656 0.711186 0.049181 0.027616
0.300441 0.956874 0.065319 0.036684
0.629859 0.594602 0.047520 0.034330
0.736464 0.623619 0.055176 0.029951
0.284280 0.106921 0.061944 0.037773
0.059781 0.072053 0.051125 0.033311
0.173101 0.125854 0.046968 0.037341
0.616151 0.120615 0.054648 0.043599
0.832203 0.144946 0.046829 0.042849
0.289236 0.147993 0.057981 0.046017
0.960317 0.881710 0.050018 0.032496
0.510290 0.029019 0.060303 0.036490
0.955282 0.914498 0.049496 0.038030
0.833137 0.103525 0.045989 0.039303
0.720859 0.034899 0.050373 0.045047
0.633449 0.754593 0.055435 0.051577
0.834993 0.226226 0.058555 0.033141
0.729652 0.356829 0.050621 0.037524
0.503018 0.063787 0.051859 0.030404
0.174893 0.081659 0.064548 0.047481
0.736537 0.748839 0.052770 0.031373
0.055586 0.108008 0.041845 0.033791
0.416579 0.765508 0.049369 0.028113
0.070770 0.868565 0.049458 0.029430
0.082048 0.959209 0.073873 0.033726
0.309607 0.924158 0.057607 0.032009
0.407404 0.458259 0.043321 0.039290
0.186495 0.904897 0.045622 0.031981
0.177627 0.271015 0.050438 0.026744
0.519776 0.635912 0.042894 0.039347
0.180523 0.478485 0.052207 0.032096
0.729036 0.397083 0.038600 0.038747
0.740019 0.894858 0.044780 0.032531
0.627834 0.518162 0.045850 0.041595
0.520073 0.713815 0.046565 0.035787
0.938310 0.028951 0.041744 0.034934
0.172609 0.038426 0.061933 0.041476
0.175322 0.379012 0.050943 0.035063
0.176664 0.407421 0.048290 0.030685
0.192912 0.939174 0.070604 0.040234
0.638349 0.809881 0.058470 0.054097
0.738503 0.928060 0.054946 0.033325
0.745948 0.957264 0.058623 0.032249
0.397547 0.214272 0.038457 0.021391
0.513586 0.391083 0.043312 0.035819
0.396236 0.149271 0.040160 0.021356
0.194768 0.956042 0.063813 0.042662
