0.579710 0.220282 0.056101 0.033354
0.478232 0.278712 0.050573 0.034520
0.588904 0.388575 0.057088 0.037272
0.679367 0.304362 0.052778 0.032178
0.872179 0.284018 0.050886 0.029942
0.189042 0.295753 0.055066 0.030922
0.184892 0.262461 0.055034 0.030919
0.677471 0.269862 0.051174 0.029535
0.583480 0.478236 0.055243 0.036885
0.594213 0.716971 0.051875 0.029699
0.483031 0.342362 0.054657 0.032898
0.299814 0.731126 0.053982 0.030086
0.862132 0.153806 0.053020 0.029001
0.873920 0.348403 0.060460 0.026949
0.201236 0.649653 0.062059 0.031259
0.865412 0.185688 0.048533 0.031636
0.882838 0.638762 0.048202 0.033192
0.189888 0.330071 0.051591 0.035251
0.774566 0.256656 0.051081 0.027335
0.778866 0.389096 0.046821 0.031420
0.397001 0.630643 0.051057 0.035686
0.301417 0.793913 0.065009 0.031271
0.685003 0.581440 0.047801 0.030711
0.875242 0.410466 0.054301 0.027705
0.385054 0.279079 0.049272 0.034683
0.302239 0.867663 0.049844 0.038956
0.600210 0.843730 0.049524 0.030533
0.299514 0.829479 0.054462 0.032515
0.482507 0.470403 0.053706 0.027486
0.200648 0.781360 0.057795 0.029260
0.282761 0.203878 0.048705 0.030410
0.379770 0.246894 0.054457 0.027364
0.868771 0.316931 0.046699 0.032180
0.680110 0.446803 0.050647 0.027932
0.500290 0.783775 0.053204 0.029748
0.186821 0.228767 0.048352 0.033925
0.790496 0.815292 0.051668 0.029061
0.195376 0.714313 0.049838 0.025602
0.680141 0.481632 0.048039 0.033648
0.194656 0.506977 0.063457 0.038313
0.199066 0.610842 0.050618 0.034596
0.282898 0.171114 0.049258 0.034462
0.182377 0.195967 0.057906 0.031856
0.878849 0.604880 0.055339 0.030778
0.191940 0.395952 0.054234 0.030361
0.377931 0.212285 0.054833 0.033830
0.578762 0.188879 0.053434 0.028470
0.495518 0.626167 0.052226 0.031906
0.687934 0.645004 0.052399 0.029877
0.404458 0.696798 0.044266 0.030113
0.600098 0.809747 0.043433 0.029502
0.692454 0.680892 0.047915 0.030274
0.777802 0.287190 0.054096 0.026836
0.676250 0.238462 0.050941 0.028513
0.400637 0.591214 0.057814 0.037545
0.693624 0.867348 0.049124 0.029314
0.399527 0.844029 0.044630 0.028529
0.961787 0.221285 0.049755 0.029279
0.494731 0.691569 0.054795 0.026082
0.289189 0.400271 0.050070 0.037255
0.767144 0.194681 0.049929 0.025696
0.402431 0.812078 0.058731 0.032902
0.288026 0.256723 0.050387 0.030936
0.386960 0.317048 0.047425 0.037486
0.778755 0.421514 0.046683 0.028300
0.794027 0.871826 0.044630 0.027434
0.692894 0.712663 0.052059 0.027702
0.791440 0.743215 0.046560 0.029600
0.599410 0.876272 0.051363 0.031122
0.477431 0.246469 0.048794 0.025494
0.767539 0.138799 0.045117 0.031648
0.784667 0.452013 0.052517 0.026031
0.588798 0.423528 0.054667 0.026117
0.875572 0.379124 0.048087 0.031252
0.498027 0.903275 0.052488 0.026568
0.885802 0.849509 0.049664 0.031180
0.775034 0.355533 0.041710 0.031625
0.885930 0.721995 0.057594 0.027122
0.692421 0.743354 0.044628 0.030693
0.769143 0.224428 0.045194 0.030784
0.692592 0.776369 0.046601 0.032133
0.790644 0.710516 0.053201 0.029809
0.669879 0.157112 0.046776 0.030737
0.399777 0.665062 0.046706 0.030421
0.784874 0.481621 0.051091 0.028362
0.196798 0.743920 0.050115 0.035515
0.674155 0.208721 0.040872 0.025971
0.473475 0.137406 0.054369 0.027557
0.874749 0.441883 0.055794 0.026819
0.494334 0.750662 0.050948 0.034585
0.591566 0.584785 0.047169 0.031796
0.397968 0.727791 0.052636 0.022886
0.588027 0.553157 0.061080 0.026357
0.495556 0.588703 0.054163 0.034800
0.484019 0.404437 0.052808 0.024628
0.295730 0.696050 0.051346 0.030388
0.503141 0.845277 0.050303 0.038283
0.786205 0.651377 0.045068 0.034350
0.773181 0.320672 0.044925 0.033650
0.473536 0.166013 0.045751 0.027786
0.786483 0.537169 0.048743 0.026708
0.792730 0.778652 0.051856 0.033779
0.402310 0.752186 0.045159 0.023771
0.483174 0.436932 0.048196 0.034592
0.681347 0.340690 0.049280 0.030711
0.590552 0.519549 0.048285 0.035475
0.302540 0.903012 0.047895 0.027460
0.880544 0.572414 0.050605 0.026505
0.490533 0.552965 0.054490 0.026788
0.883361 0.781423 0.042912 0.032150
0.594569 0.780836 0.043428 0.026526
0.957572 0.140834 0.048458 0.041166
0.401561 0.779858 0.052238 0.023169
0.390844 0.396699 0.046452 0.025929
0.782969 0.509825 0.048473 0.025150
0.877376 0.510820 0.044681 0.031412
0.877231 0.474520 0.045299 0.032762
0.580757 0.253536 0.041170 0.031017
0.575094 0.105015 0.045449 0.032263
0.964971 0.287326 0.051994 0.034008
0.677280 0.413337 0.049176 0.032315
0.282061 0.138933 0.057410 0.028979
0.496460 0.659770 0.039189 0.032973
0.194525 0.544177 0.047178 0.030930
0.889368 0.876579 0.051105 0.023616
0.601714 0.911107 0.060423 0.027735
0.283207 0.229079 0.059214 0.022866
0.963940 0.327011 0.048977 0.031616
0.478430 0.309889 0.041881 0.027470
0.767431 0.166698 0.039881 0.025200
0.196472 0.685456 0.042047 0.031285
0.475374 0.220086 0.037811 0.027362
0.577337 0.286762 0.043965 0.033890
0.377003 0.177196 0.042275 0.026245
0.288438 0.324798 0.045246 0.036002
0.679414 0.375029 0.041446 0.034144
0.883971 0.817291 0.045142 0.030363
0.193104 0.473162 0.054134 0.028568
0.575684 0.159320 0.039321 0.024698
0.398634 0.894281 0.055521 0.021637
0.795542 0.922967 0.048477 0.025910
0.288384 0.436467 0.044624 0.032010
0.684401 0.549369 0.043921 0.028418
0.288449 0.360868 0.041464 0.035145
0.374413 0.143518 0.045525 0.031938
0.469990 0.107275 0.048940 0.031512
0.388642 0.367973 0.043709 0.025521
0.197124 0.887918 0.039995 0.028966
0.190761 0.363159 0.045732 0.032912
0.503167 0.877007 0.037819 0.025006
0.400458 0.919810 0.041137 0.027601
0.388466 0.428655 0.038916 0.031563
0.952945 0.103574 0.048087 0.026835
0.574387 0.134572 0.043896 0.025206
0.866751 0.217984 0.043761 0.026446
0.879695 0.692896 0.054856 0.023687
0.689259 0.612077 0.038927 0.027476
0.391053 0.516205 0.047480 0.036443
0.879347 0.666713 0.055397 0.022372
0.684761 0.516121 0.040840 0.032272
0.693889 0.807326 0.038789 0.029566
0.285173 0.288444 0.047333 0.031323
0.390232 0.483924 0.043424 0.028994
0.960581 0.182809 0.042881 0.033729
0.182059 0.133608 0.045798 0.029724
0.786147 0.561617 0.053772 0.022663
0.590773 0.650856 0.037408 0.029799
0.886836 0.903163 0.050000 0.024749
0.198515 0.859780 0.039235 0.023807
0.696480 0.894801 0.039327 0.025320
0.198241 0.575138 0.038743 0.030704
0.485247 0.498911 0.041403 0.025136
0.789145 0.587071 0.049872 0.022268
0.195983 0.917962 0.039477 0.028496
0.402336 0.871006 0.046794 0.020866
0.495500 0.720491 0.040461 0.023720
0.196106 0.431291 0.070246 0.036180
0.875322 0.542452 0.038405 0.027621
0.596866 0.749125 0.052433 0.027906
0.702279 0.923724 0.053542 0.028848
0.300052 0.761449 0.041457 0.026765
0.505074 0.929648 0.044357 0.021593
0.792980 0.898576 0.050117 0.022134
0.475415 0.194585 0.038115 0.027127
0.879547 0.750659 0.045823 0.024181
0.307035 0.928803 0.040123 0.025191
0.292594 0.539066 0.040708 0.034250
0.579795 0.325055 0.062400 0.037079
0.294498 0.597511 0.044664 0.032360
0.389769 0.455922 0.049762 0.022585
0.487405 0.524257 0.035804 0.024877
0.195423 0.810757 0.058904 0.022227
0.787522 0.613844 0.036854 0.029274
0.182777 0.162507 0.041981 0.031364
0.592301 0.683969 0.037819 0.032488
0.670725 0.131099 0.045594 0.020168
0.592279 0.618030 0.038411 0.030583
0.675515 0.183988 0.047609 0.021022
0.787701 0.681113 0.038925 0.020407
0.859045 0.124371 0.043201 0.023066
0.392526 0.551186 0.036833 0.034025
0.767116 0.102926 0.040048 0.032245
0.869730 0.250545 0.053110 0.029305
0.964530 0.252959 0.033527 0.025760
0.860132 0.098978 0.045927 0.027856
0.194671 0.834388 0.048559 0.021738
0.281267 0.109223 0.046860 0.029198
0.290520 0.463639 0.057036 0.022751
0.583847 0.448249 0.043825 0.019906
0.671836 0.103937 0.039221 0.030533
0.586120 0.355761 0.049449 0.019422
0.296158 0.633536 0.052417 0.032998
0.290603 0.492025 0.054640 0.030367
0.372749 0.107756 0.040505 0.032762
0.294265 0.571066 0.045588 0.023972
0.793036 0.843024 0.030975 0.021940
0.694838 0.836892 0.035405 0.026829
0.297416 0.663143 0.061262 0.025835
0.181753 0.106766 0.058523 0.025072
0.481024 0.375441 0.042763 0.031364
0.386299 0.345377 0.031263 0.015554
0.498059 0.812309 0.038506 0.019622
0.892233 0.925496 0.055944 0.021010
0.290964 0.509997 0.046711 0.022742
0.730454 0.908203 0.021100 0.014555
