0.931081 0.321659 0.065387 0.037678
0.825269 0.200539 0.068852 0.036234
0.052095 0.320639 0.056776 0.035254
0.167050 0.892407 0.062325 0.035408
0.713907 0.233043 0.066783 0.040304
0.823561 0.417150 0.073929 0.038270
0.826659 0.240482 0.061357 0.040110
0.931240 0.657776 0.070881 0.041667
0.930150 0.796608 0.060296 0.044148
0.165267 0.854281 0.064304 0.036459
0.602928 0.271439 0.070310 0.046082
0.932208 0.360100 0.065476 0.034744
0.826134 0.277681 0.058812 0.031305
0.051651 0.195968 0.064253 0.040621
0.923395 0.614450 0.068266 0.041520
0.598337 0.832814 0.070755 0.045828
0.705380 0.778630 0.076048 0.043305
0.496735 0.391278 0.068512 0.040656
0.053897 0.397614 0.057250 0.042164
0.163804 0.279689 0.061871 0.042939
0.384567 0.178255 0.060272 0.034097
0.934788 0.883346 0.067128 0.039330
0.932114 0.842335 0.066474 0.041831
0.931087 0.105562 0.076999 0.040231
0.165175 0.323610 0.053079 0.039583
0.609145 0.227317 0.060696 0.040760
0.826974 0.458856 0.067866 0.039584
0.170037 0.402430 0.075381 0.042245
0.718802 0.313626 0.059251 0.044973
0.710297 0.397440 0.071331 0.040876
0.161698 0.814605 0.064579 0.037230
0.607438 0.188562 0.065254 0.033584
0.713781 0.439198 0.073957 0.040205
0.496195 0.306881 0.078837 0.047310
0.925990 0.572957 0.066042 0.035293
0.816993 0.341129 0.057381 0.041831
0.709725 0.735158 0.077249 0.042942
0.061798 0.083641 0.068900 0.040546
0.932559 0.145599 0.061650 0.039175
0.495641 0.900020 0.064288 0.035092
0.063037 0.816444 0.062721 0.047013
0.491465 0.584936 0.062440 0.039569
0.823747 0.162080 0.061897 0.035882
0.051519 0.232105 0.059871 0.033208
0.500868 0.119345 0.075164 0.047578
0.931208 0.182853 0.051672 0.031823
0.163289 0.204292 0.065693 0.028854
0.715152 0.821304 0.076672 0.040163
0.929910 0.252812 0.052195 0.039924
0.602542 0.877599 0.074447 0.041920
0.498351 0.789758 0.069249 0.034450
0.065510 0.891470 0.066296 0.037410
0.160846 0.238311 0.071197 0.037500
0.705465 0.522034 0.066447 0.035034
0.820009 0.705649 0.072647 0.031329
0.824292 0.630863 0.056286 0.037729
0.498042 0.826776 0.057540 0.038786
0.490594 0.662187 0.064064 0.036428
0.822243 0.669977 0.061101 0.037286
0.824548 0.772531 0.057457 0.040257
0.383119 0.458406 0.052107 0.035448
0.059743 0.489514 0.067944 0.042097
0.934556 0.459927 0.063901 0.037650
0.171355 0.578287 0.073053 0.042908
0.930267 0.424563 0.054517 0.031073
0.163715 0.704300 0.052773 0.033165
0.168890 0.777083 0.062670 0.036376
0.493186 0.864503 0.068103 0.029726
0.717801 0.270564 0.064893 0.033634
0.270799 0.312655 0.064329 0.044355
0.603045 0.596466 0.079768 0.042456
0.382565 0.284027 0.058455 0.031053
0.603300 0.317887 0.059390 0.039730
0.055475 0.155640 0.064995 0.038812
0.715456 0.482992 0.080233 0.043666
0.717247 0.357489 0.070375 0.038183
0.383309 0.255019 0.061913 0.027840
0.602839 0.428002 0.068676 0.030489
0.605626 0.083855 0.079321 0.040460
0.820681 0.816570 0.056542 0.044549
0.274580 0.200962 0.072631 0.035547
0.384118 0.647686 0.066946 0.033549
0.817923 0.548223 0.059530 0.039764
0.601849 0.359150 0.054693 0.037651
0.927681 0.287288 0.053419 0.028553
0.276685 0.354647 0.074416 0.037267
0.711957 0.149592 0.058510 0.030650
0.607493 0.123570 0.052981 0.038569
0.172439 0.482845 0.054791 0.040637
0.603439 0.468181 0.058264 0.046391
0.385545 0.217453 0.057920 0.042198
0.502781 0.352232 0.075333 0.038587
0.492907 0.542091 0.065935 0.037899
0.931229 0.697668 0.062513 0.035436
0.706606 0.695006 0.076140 0.034665
0.057092 0.650093 0.056438 0.040936
0.828890 0.504334 0.059082 0.047553
0.056897 0.442696 0.050154 0.044796
0.281828 0.164671 0.070621 0.033449
0.485315 0.624478 0.063800 0.035133
0.930452 0.216205 0.054076 0.028563
0.601142 0.642193 0.063184 0.045990
0.593824 0.789684 0.057006 0.035729
0.714246 0.861571 0.069632 0.032063
0.713379 0.073471 0.057364 0.035978
0.601035 0.552526 0.057735 0.041175
0.709036 0.604671 0.060992 0.036403
0.497238 0.263091 0.065478 0.038499
0.712333 0.964024 0.063112 0.036032
0.593620 0.918302 0.062130 0.033082
0.820685 0.380841 0.054181 0.028903
0.055510 0.532258 0.070061 0.034635
0.056335 0.358877 0.048667 0.034049
0.821519 0.588999 0.056461 0.037089
0.494366 0.034746 0.069821 0.037253
0.823153 0.071129 0.059520 0.031066
0.822484 0.127979 0.058983 0.031064
0.265594 0.392094 0.061057 0.039522
0.267154 0.566651 0.063907 0.040973
0.166925 0.442759 0.061542 0.033470
0.380791 0.423308 0.051507 0.032429
0.154489 0.112755 0.053647 0.030484
0.169989 0.928255 0.065196 0.027637
0.715017 0.187568 0.048818 0.042996
0.934595 0.503266 0.055194 0.043426
0.384506 0.144383 0.053347 0.034217
0.163424 0.739325 0.049608 0.033942
0.493947 0.505280 0.067865 0.034015
0.496696 0.431883 0.046436 0.036573
0.271889 0.121941 0.078068 0.044540
0.932247 0.068334 0.064532 0.030539
0.373757 0.608637 0.068611 0.043246
0.815957 0.736694 0.069990 0.025615
0.168317 0.665208 0.048367 0.039857
0.272229 0.273160 0.051987 0.029630
0.493078 0.469491 0.058656 0.035940
0.710922 0.561742 0.063220 0.042750
0.382745 0.346636 0.057985 0.041563
0.273579 0.239008 0.056466 0.036720
0.929126 0.033737 0.053000 0.035318
0.606549 0.157793 0.049930 0.031815
0.825951 0.898920 0.073651 0.048413
0.600766 0.512060 0.054999 0.038544
0.387270 0.111296 0.052760 0.031190
0.928814 0.540085 0.051665 0.026446
0.169277 0.625432 0.053361 0.039631
0.269497 0.435404 0.056619 0.040558
0.496422 0.748692 0.057054 0.040716
0.932171 0.393187 0.063496 0.026127
0.708337 0.649959 0.062355 0.049521
0.710589 0.928103 0.049274 0.033852
0.380636 0.690997 0.048712 0.049287
0.159477 0.037425 0.070725 0.038004
0.934471 0.758064 0.049590 0.028669
0.497371 0.939942 0.058083 0.046502
0.498263 0.224458 0.072013 0.038117
0.169955 0.364240 0.062509 0.024982
0.059278 0.571721 0.063141 0.038219
0.053896 0.276649 0.054493 0.044804
0.706903 0.894387 0.053070 0.030702
0.063419 0.857353 0.052623 0.026268
0.496994 0.074635 0.080017 0.037065
0.161145 0.142350 0.047011 0.026388
0.492313 0.703209 0.089796 0.045977
0.271452 0.481082 0.048327 0.044455
0.383036 0.566147 0.050964 0.039213
0.384021 0.312778 0.056021 0.025407
0.053170 0.609666 0.054230 0.034037
0.388074 0.491272 0.049714 0.026370
0.497300 0.189007 0.060932 0.027644
0.384262 0.524633 0.053431 0.039911
0.597790 0.687427 0.044586 0.039926
0.592866 0.955633 0.049593 0.035410
0.060200 0.729267 0.051304 0.044590
0.820612 0.856882 0.050537 0.027766
0.593940 0.757100 0.051636 0.026110
0.060867 0.122299 0.064568 0.026050
0.820885 0.033803 0.047272 0.041299
0.600606 0.395346 0.047232 0.029800
0.058661 0.686957 0.044847 0.026280
0.058548 0.769981 0.048377 0.031558
0.709306 0.036867 0.061447 0.035274
0.828957 0.306607 0.058540 0.023364
0.385096 0.033514 0.044554 0.038703
0.938740 0.918048 0.057753 0.023292
0.160143 0.174133 0.061109 0.030859
0.709351 0.111474 0.088572 0.037766
0.931408 0.728831 0.049094 0.026908
0.273724 0.524475 0.069842 0.040387
0.829895 0.100104 0.067553 0.023996
0.610245 0.038325 0.053232 0.045297
0.068904 0.928228 0.072509 0.028119
0.169105 0.531826 0.052801 0.046691
0.058288 0.040152 0.045589 0.037719
0.597481 0.725502 0.074245 0.035250
0.498083 0.160186 0.049944 0.030522
0.385334 0.074872 0.055675 0.036910
0.179195 0.957801 0.046257 0.028852
0.381225 0.387874 0.048050 0.033210
0.931855 0.953746 0.056452 0.046185
0.067932 0.954033 0.079867 0.030682
0.537554 0.156724 0.033372 0.024914
0.159576 0.074755 0.049465 0.034651
0.831346 0.946587 0.090644 0.045626
