0.498082 0.768031 0.081616 0.053016
0.823919 0.226495 0.071097 0.053400
0.707911 0.825005 0.075682 0.055126
0.931006 0.228591 0.092926 0.062621
0.824221 0.554914 0.084341 0.048426
0.820934 0.392585 0.080160 0.049141
0.603753 0.866490 0.074736 0.045367
0.938372 0.635945 0.089198 0.054308
0.936160 0.692830 0.080752 0.054061
0.818802 0.341454 0.082164 0.045647
0.826848 0.922605 0.083096 0.044476
0.606294 0.655121 0.079507 0.045070
0.936854 0.114938 0.097114 0.060744
0.604005 0.914603 0.072000 0.045177
0.826119 0.168911 0.092660 0.056073
0.934778 0.897080 0.079443 0.048797
0.826661 0.444306 0.074580 0.050530
0.822036 0.285842 0.074645 0.054549
0.931027 0.412164 0.088732 0.047439
0.705440 0.354584 0.076281 0.058305
0.706676 0.238358 0.075567 0.057309
0.601908 0.765915 0.081482 0.044491
0.935998 0.467110 0.075931 0.049044
0.501609 0.504733 0.077290 0.052783
0.603925 0.379040 0.069703 0.044694
0.930864 0.842506 0.093439 0.046666
0.931396 0.356068 0.091632 0.055651
0.604629 0.710974 0.077884 0.052551
0.823042 0.673438 0.080324 0.054243
0.712118 0.928699 0.088620 0.045235
0.824047 0.724848 0.077281 0.044645
0.503837 0.709644 0.072764 0.055660
0.390088 0.101733 0.090305 0.051520
0.822880 0.611582 0.075252 0.057710
0.826204 0.831345 0.076116 0.052487
0.823317 0.112061 0.075254 0.052990
0.609111 0.606833 0.076696 0.049738
0.934423 0.577578 0.069830 0.057944
0.603636 0.430984 0.076195 0.053571
0.608737 0.962370 0.079734 0.047400
0.712606 0.881181 0.068791 0.049934
0.708490 0.408865 0.077093 0.039361
0.934800 0.745245 0.075812 0.046819
0.933380 0.793615 0.084739 0.048337
0.056872 0.333432 0.096123 0.058639
0.605939 0.330624 0.081484 0.045408
0.935096 0.520860 0.067012 0.051322
0.713239 0.178132 0.075171 0.058600
0.506712 0.967851 0.088198 0.048407
0.826213 0.876172 0.076509 0.033947
0.709993 0.121128 0.086375 0.043737
0.603448 0.280098 0.070422 0.050068
0.822021 0.500047 0.083272 0.056168
0.054210 0.234295 0.089219 0.046976
0.932781 0.295234 0.082736 0.062244
0.815855 0.057537 0.075571 0.046670
0.606469 0.552529 0.070425 0.054586
0.388813 0.155000 0.089029 0.048993
0.826141 0.965153 0.078346 0.040143
0.604451 0.491521 0.067741 0.058774
0.934748 0.957173 0.080631 0.063227
0.715771 0.768629 0.079696 0.049490
0.502951 0.918440 0.069054 0.046905
0.714872 0.295053 0.064516 0.048373
0.710343 0.643999 0.084191 0.050473
0.715193 0.519283 0.083825 0.053023
0.605607 0.053367 0.078640 0.046488
0.937056 0.171194 0.085167 0.044883
0.499099 0.653621 0.087699 0.052423
0.713756 0.969975 0.092294 0.041717
0.932480 0.057858 0.074863 0.050397
0.604799 0.170143 0.082962 0.058788
0.712221 0.065158 0.068907 0.064523
0.392216 0.052243 0.067125 0.038607
0.502899 0.870224 0.060172 0.043544
0.055755 0.280753 0.060179 0.041182
0.713223 0.581777 0.078389 0.064656
0.498883 0.396048 0.084540 0.045507
0.492654 0.063031 0.074340 0.055198
0.494128 0.173815 0.088465 0.055854
0.607080 0.814781 0.060192 0.049806
0.509381 0.604034 0.075881 0.038235
0.387413 0.246994 0.092288 0.053200
0.715668 0.462419 0.069689 0.057254
0.504826 0.821401 0.062351 0.048679
0.608507 0.108325 0.074323 0.055292
0.821466 0.775081 0.077643 0.053702
0.718021 0.703527 0.078246 0.059743
0.502688 0.558333 0.056206 0.049442
0.500120 0.448712 0.076810 0.054222
0.055608 0.617161 0.085572 0.044699
0.055649 0.192234 0.060871 0.032599
0.054758 0.163011 0.065894 0.035874
0.062082 0.063020 0.085243 0.052670
0.605985 0.229150 0.059498 0.050281
0.502295 0.118542 0.055714 0.046810
0.501551 0.333625 0.074206 0.049535
0.394713 0.302003 0.089474 0.053352
0.056380 0.119136 0.057340 0.049040
0.394642 0.199259 0.059226 0.034179
