0.523547 0.595850 0.059729 0.040597
0.219155 0.695202 0.055188 0.035527
0.922940 0.384145 0.046080 0.031064
0.401546 0.796242 0.057744 0.031631
0.523924 0.523593 0.060435 0.031887
0.440864 0.216162 0.058082 0.031932
0.735176 0.331028 0.059733 0.029991
0.923569 0.328190 0.050897 0.030898
0.430348 0.384296 0.057669 0.034711
0.639320 0.312039 0.058115 0.032667
0.643156 0.239147 0.059592 0.037845
0.913369 0.602872 0.055171 0.031498
0.431676 0.320479 0.064323 0.031020
0.646830 0.172273 0.056121 0.028497
0.836205 0.237586 0.057901 0.030679
0.716796 0.755848 0.052609 0.030280
0.828193 0.433600 0.046723 0.030243
0.537950 0.266075 0.051250 0.034367
0.212686 0.822511 0.047659 0.031763
0.225774 0.501735 0.053617 0.027635
0.139305 0.258393 0.051734 0.031428
0.906152 0.782405 0.048850 0.029163
0.241810 0.218540 0.056856 0.031417
0.519450 0.666898 0.070555 0.028040
0.311127 0.800803 0.062573 0.031090
0.926175 0.259462 0.053887 0.037177
0.413569 0.714303 0.053990 0.037236
0.542440 0.230873 0.051726 0.028891
0.906605 0.696464 0.053957 0.030515
0.823767 0.571136 0.048488 0.032819
0.441230 0.158626 0.053501 0.030620
0.721958 0.651271 0.055387 0.032023
0.830668 0.334246 0.048523 0.029960
0.247055 0.184379 0.051995 0.028164
0.832159 0.366338 0.050666 0.026856
0.641324 0.203173 0.059244 0.030830
0.516406 0.728070 0.054155 0.029933
0.420315 0.545384 0.049527 0.031232
0.743611 0.192401 0.054099 0.033068
0.911950 0.636912 0.053565 0.029638
0.623946 0.567231 0.048346 0.029234
0.916823 0.539654 0.051890 0.032838
0.232850 0.346449 0.048554 0.033082
0.215718 0.728803 0.055519 0.025573
0.622905 0.600305 0.052505 0.034610
0.438877 0.253438 0.050480 0.031680
0.414291 0.643480 0.053345 0.032614
0.735446 0.363248 0.051454 0.034680
0.611852 0.830861 0.060467 0.029220
0.230642 0.412600 0.050690 0.034000
0.222566 0.565026 0.046605 0.032832
0.905040 0.728669 0.051479 0.026713
0.222034 0.660153 0.047363 0.027795
0.642536 0.275796 0.048050 0.034353
0.534992 0.298846 0.045550 0.029020
0.835349 0.274478 0.052322 0.033953
0.221785 0.625898 0.048870 0.030250
0.745652 0.106474 0.053419 0.028943
0.224820 0.532048 0.046902 0.028437
0.232966 0.378530 0.046565 0.029217
0.635063 0.369877 0.054304 0.028496
0.839605 0.146765 0.052696 0.033866
0.324188 0.514838 0.048019 0.032908
0.332603 0.403351 0.049361 0.034546
0.119862 0.788693 0.049112 0.028697
0.920392 0.504817 0.051377 0.033771
0.540096 0.331406 0.059155 0.029973
0.313943 0.735090 0.048055 0.033176
0.919139 0.470698 0.048666 0.028500
0.426204 0.447342 0.047563 0.033000
0.400970 0.827065 0.051044 0.028862
0.310227 0.833889 0.047953 0.030861
0.831351 0.467195 0.054486 0.029338
0.729323 0.403784 0.049533 0.036676
0.445032 0.120678 0.054263 0.035263
0.730367 0.438311 0.051334 0.029281
0.422546 0.510992 0.052909 0.030061
0.727755 0.685124 0.050542 0.032636
0.514091 0.799910 0.044720 0.032620
0.215953 0.788311 0.053948 0.027636
0.821484 0.642827 0.049907 0.029461
0.415749 0.677385 0.058284 0.028465
0.832662 0.304911 0.053721 0.026743
0.740754 0.262451 0.051193 0.037943
0.311566 0.767031 0.055760 0.024098
0.416266 0.604389 0.048977 0.033746
0.306386 0.866297 0.046065 0.029266
0.820964 0.535289 0.047957 0.032874
0.727013 0.563394 0.055529 0.033816
0.522511 0.634738 0.049148 0.030043
0.215053 0.882451 0.050308 0.030388
0.836057 0.181519 0.047538 0.033049
0.745250 0.226371 0.053762 0.034060
0.620027 0.633600 0.044248 0.029588
0.610484 0.895634 0.050048 0.033881
0.329465 0.440298 0.046995 0.033443
0.321110 0.608078 0.044388 0.034440
0.612520 0.772933 0.045523 0.032641
0.138379 0.289303 0.048768 0.027003
0.907478 0.814167 0.049477 0.029529
0.534885 0.369530 0.055242 0.043441
0.718259 0.789522 0.059569 0.028126
0.515371 0.857773 0.064540 0.027811
0.548495 0.134947 0.070298 0.031568
0.141139 0.322995 0.049564 0.031642
0.211553 0.852564 0.051443 0.023247
0.649407 0.081575 0.050628 0.032683
0.613446 0.860456 0.052462 0.029093
0.412668 0.757946 0.050913 0.039359
0.139211 0.386294 0.049531 0.029293
0.922504 0.415109 0.040501 0.027004
0.324531 0.571714 0.042360 0.029405
0.616256 0.719079 0.051207 0.028361
0.236436 0.256864 0.046604 0.032645
0.551982 0.079192 0.061330 0.032027
0.520136 0.762424 0.048642 0.033060
0.243177 0.129943 0.043497 0.027229
0.432866 0.350451 0.051918 0.026212
0.911388 0.666418 0.053830 0.024412
0.921906 0.356393 0.051734 0.020806
0.335455 0.365819 0.047533 0.036374
0.918105 0.570587 0.056532 0.026395
0.746056 0.137291 0.045662 0.028787
0.711136 0.819247 0.056058 0.027762
0.637392 0.476871 0.053375 0.030722
0.434648 0.287218 0.047907 0.032871
0.830927 0.400750 0.050861 0.035081
0.724582 0.499097 0.064350 0.033573
0.332732 0.324491 0.055434 0.034102
0.421275 0.478394 0.038523 0.029524
0.637672 0.400576 0.054349 0.031341
0.138664 0.355291 0.042462 0.026671
0.708395 0.848906 0.050674 0.029288
0.417180 0.574043 0.049995 0.023743
0.536149 0.461349 0.069219 0.033530
0.924698 0.294642 0.042038 0.032840
0.725211 0.593492 0.050045 0.025468
0.937013 0.115790 0.054445 0.030095
0.920524 0.441869 0.038731 0.027654
0.708386 0.886537 0.047940 0.040384
0.528750 0.555366 0.054669 0.028915
0.747841 0.077573 0.045915 0.026071
0.313531 0.672868 0.042824 0.033941
0.346126 0.114871 0.050074 0.028863
0.724188 0.621389 0.049847 0.023134
0.738506 0.297418 0.044860 0.032343
0.511546 0.889097 0.058344 0.031333
0.903477 0.886528 0.049220 0.022147
0.529525 0.417031 0.061364 0.045459
0.427176 0.415449 0.045609 0.025045
0.325437 0.478002 0.044350 0.029430
0.718970 0.720330 0.042463 0.035059
0.845765 0.113929 0.051600 0.027337
0.518240 0.698331 0.047227 0.028697
0.338481 0.289746 0.051581 0.026010
0.821396 0.607890 0.042629 0.032997
0.932560 0.196615 0.048526 0.025991
0.136210 0.484190 0.043098 0.029101
0.212967 0.756297 0.037999 0.027079
0.228174 0.445074 0.039649 0.030700
0.219483 0.597102 0.040913 0.024131
0.116146 0.853821 0.038638 0.023606
0.617478 0.662872 0.052026 0.023626
0.616531 0.689132 0.044141 0.028022
0.243331 0.156784 0.047024 0.020301
0.831932 0.501170 0.059043 0.030380
0.335456 0.257069 0.046505 0.038282
0.138665 0.219827 0.043350 0.035756
0.639359 0.342108 0.048955 0.021456
0.748958 0.162011 0.050972 0.020337
0.125342 0.723968 0.047668 0.031672
0.118868 0.823122 0.036048 0.031842
0.615381 0.745223 0.048393 0.021356
0.934623 0.148122 0.044966 0.028187
0.235637 0.286828 0.039921 0.026137
0.308779 0.893652 0.045388 0.024690
0.326080 0.543878 0.045396 0.021837
0.613175 0.802447 0.049338 0.019960
0.902524 0.860945 0.035972 0.021729
0.132413 0.515884 0.040321 0.033702
0.903252 0.907867 0.043490 0.021097
0.120401 0.757004 0.039808 0.024787
0.514322 0.830304 0.050657 0.020329
0.135215 0.549887 0.038808 0.030177
0.629522 0.508221 0.041514 0.027983
0.626013 0.536505 0.041052 0.030119
0.233855 0.312553 0.037360 0.028184
0.314276 0.703775 0.050089 0.021271
0.838296 0.210301 0.047582 0.020146
0.124363 0.684587 0.044016 0.037834
0.941078 0.086452 0.051107 0.026122
0.728496 0.469893 0.047274 0.026380
0.818855 0.714796 0.056362 0.025436
0.641665 0.141701 0.049337 0.026863
0.115340 0.880551 0.038570 0.022846
0.341469 0.185091 0.038307 0.031804
0.400913 0.854847 0.045105 0.020987
0.341594 0.148430 0.039944 0.034678
0.143122 0.158504 0.036713 0.025246
0.143683 0.099660 0.047868 0.023830
0.550166 0.107000 0.061036 0.023589
0.340392 0.216483 0.043498 0.024776
0.244871 0.100703 0.036510 0.025830
0.647890 0.113687 0.036382 0.025606
0.126944 0.650147 0.040058 0.028455
0.542910 0.168440 0.058461 0.033642
0.143561 0.126969 0.038706 0.031860
0.316943 0.641733 0.045820 0.022207
0.906373 0.754717 0.048358 0.019390
0.140257 0.186438 0.035347 0.026946
0.723578 0.531049 0.052581 0.029972
0.148803 0.073945 0.055076 0.026953
0.632278 0.449061 0.036720 0.024110
0.935841 0.172099 0.049220 0.020332
0.446003 0.080612 0.044142 0.036194
0.136096 0.416105 0.037936 0.024355
0.543655 0.200058 0.048729 0.031104
0.131733 0.586112 0.038739 0.032803
0.632224 0.427149 0.040478 0.018992
0.441019 0.186625 0.052641 0.022179
0.529670 0.491039 0.057007 0.022737
0.132050 0.618460 0.037228 0.027403
0.844121 0.085113 0.044005 0.028580
0.247089 0.073691 0.040160 0.026186
0.131441 0.448924 0.040711 0.034067
0.402449 0.885390 0.037598 0.024875
0.903119 0.839156 0.038473 0.016484
0.347421 0.079364 0.042255 0.036517
0.819390 0.679196 0.039677 0.035337
0.227772 0.474067 0.046062 0.020331
0.926903 0.224987 0.057779 0.027820
