0.398957 0.322186 0.056544 0.031681
0.187694 0.796617 0.059261 0.033552
0.791030 0.208011 0.061628 0.030997
0.782853 0.424180 0.065425 0.035422
0.877582 0.390413 0.055427 0.035106
0.189080 0.834455 0.063672 0.035895
0.871280 0.895181 0.068220 0.032398
0.869528 0.822289 0.058841 0.033383
0.476256 0.845574 0.052175 0.034537
0.870937 0.641097 0.055199 0.035452
0.396454 0.245575 0.056746 0.032858
0.099956 0.778384 0.065941 0.031746
0.197239 0.583290 0.056002 0.032158
0.579951 0.620544 0.058356 0.036157
0.400056 0.357936 0.061044 0.029049
0.495179 0.522823 0.068534 0.038912
0.198244 0.547514 0.057018 0.031458
0.486086 0.641817 0.058350 0.036187
0.493930 0.295987 0.057741 0.033735
0.207943 0.318561 0.057273 0.035228
0.202357 0.385424 0.060004 0.030302
0.381303 0.852820 0.055262 0.033182
0.188450 0.686862 0.056873 0.027599
0.596271 0.271172 0.055760 0.031157
0.773962 0.771938 0.056966 0.034762
0.388056 0.655923 0.061481 0.031654
0.772137 0.886594 0.053731 0.031718
0.589512 0.390123 0.054780 0.035437
0.197254 0.511734 0.055608 0.030432
0.593085 0.435238 0.062086 0.040279
0.396482 0.285006 0.052742 0.034678
0.297286 0.527689 0.063634 0.032006
0.871516 0.493900 0.054539 0.039088
0.287250 0.741636 0.060604 0.031002
0.094266 0.844063 0.058061 0.031334
0.496328 0.259781 0.054025 0.030020
0.099862 0.205385 0.058208 0.031193
0.401859 0.135104 0.055445 0.030095
0.390799 0.534562 0.050819 0.030657
0.582057 0.584472 0.062412 0.026852
0.676805 0.758408 0.056003 0.041668
0.302397 0.277870 0.054252 0.033724
0.192605 0.653261 0.058197 0.029678
0.879847 0.308499 0.061021 0.039215
0.390137 0.474045 0.055485 0.025788
0.489550 0.564589 0.062036 0.040238
0.382550 0.721163 0.058324 0.026290
0.488962 0.711380 0.074773 0.035546
0.879919 0.350532 0.054076 0.036799
0.300175 0.426484 0.066789 0.032265
0.593470 0.239069 0.062142 0.027814
0.099986 0.319981 0.061549 0.027852
0.689803 0.296304 0.060736 0.030541
0.473039 0.882352 0.068173 0.032631
0.386806 0.816776 0.055980 0.033123
0.199234 0.446475 0.054532 0.030457
0.599522 0.140684 0.056899 0.033105
0.391571 0.611505 0.050004 0.035716
0.288001 0.708321 0.062505 0.026831
0.100490 0.245156 0.049087 0.036448
0.779177 0.565105 0.063024 0.033005
0.690027 0.333734 0.063572 0.031709
0.102555 0.285880 0.052882 0.032846
0.302547 0.242394 0.063955 0.034248
0.676668 0.680278 0.060418 0.030347
0.099631 0.701554 0.055751 0.038987
0.097551 0.558624 0.054450 0.040980
0.684732 0.399284 0.054255 0.030341
0.579928 0.837135 0.049863 0.036289
0.685337 0.436952 0.054508 0.030697
0.492055 0.442730 0.064313 0.034207
0.499892 0.219219 0.056737 0.038812
0.209092 0.284427 0.053458 0.027047
0.383455 0.690204 0.059013 0.028798
0.590814 0.480847 0.063156 0.041357
0.772684 0.737753 0.049545 0.028128
0.778046 0.630261 0.060825 0.031442
0.094002 0.664722 0.052382 0.026944
0.790582 0.242676 0.055742 0.029782
0.187012 0.873602 0.049991 0.031639
0.191487 0.722234 0.048389 0.034220
0.770189 0.922622 0.063259 0.032463
0.400417 0.390395 0.063084 0.029823
0.674490 0.714183 0.067845 0.037429
0.390117 0.572290 0.052632 0.031456
0.581938 0.524891 0.054776 0.036306
0.771019 0.850691 0.062850 0.032802
0.296817 0.494054 0.049271 0.029189
0.092599 0.880920 0.047224 0.028048
0.696133 0.100124 0.065713 0.037452
0.792366 0.277525 0.050918 0.032698
0.496197 0.334310 0.043888 0.033842
0.584254 0.662415 0.050480 0.033879
0.285174 0.820442 0.046863 0.037713
0.209165 0.175469 0.056989 0.029758
0.782827 0.460523 0.051967 0.027865
0.095018 0.633507 0.052789 0.030606
0.784728 0.387141 0.057728 0.031521
0.397738 0.204461 0.047700 0.037243
0.286133 0.779242 0.054732 0.032637
0.096966 0.460389 0.050016 0.035638
0.100529 0.169133 0.049422 0.030251
0.579590 0.728842 0.063757 0.034406
0.092825 0.598854 0.046074 0.035811
0.684282 0.535906 0.053114 0.033451
0.780882 0.667981 0.058316 0.034647
0.694349 0.256649 0.056931 0.035401
0.877706 0.531716 0.056283 0.031336
0.683652 0.643099 0.066154 0.030044
0.489313 0.676470 0.062677 0.028018
0.877342 0.720560 0.053921 0.038907
0.871450 0.860303 0.049458 0.031152
0.309099 0.152771 0.059551 0.032958
0.208620 0.141359 0.053461 0.029434
0.690563 0.219696 0.063648 0.037494
0.193894 0.617846 0.056289 0.029366
0.101386 0.132139 0.044130 0.032188
0.186034 0.914937 0.064176 0.039510
0.694807 0.177318 0.064445 0.038014
0.599745 0.309998 0.061838 0.039709
0.787033 0.315285 0.059366 0.031065
0.492857 0.372307 0.045850 0.034740
0.103414 0.417590 0.048764 0.038305
0.097414 0.491952 0.059051 0.025654
0.377153 0.887815 0.052880 0.026679
0.590998 0.348740 0.043842 0.032328
0.693816 0.141104 0.053902 0.035637
0.684828 0.605343 0.060343 0.030091
0.096481 0.741865 0.052522 0.033943
0.592875 0.206073 0.043586 0.029537
0.382078 0.783486 0.045030 0.028166
0.600016 0.175178 0.057123 0.028496
0.502592 0.121488 0.065861 0.027130
0.681497 0.800186 0.054598 0.036371
0.204888 0.354242 0.059120 0.025816
0.384278 0.751872 0.057686 0.028654
0.493169 0.480963 0.057835 0.031731
0.786983 0.139418 0.047625 0.035424
0.680161 0.896928 0.052004 0.030085
0.774568 0.529282 0.056690 0.026949
0.583327 0.903059 0.063543 0.025229
0.305597 0.210925 0.045627 0.029153
0.477991 0.777127 0.043435 0.030847
0.398739 0.168949 0.061941 0.027981
0.871394 0.679856 0.053862 0.031109
0.879296 0.227575 0.061830 0.035512
0.487419 0.604320 0.057039 0.029264
0.872906 0.762239 0.046017 0.031599
0.202522 0.249479 0.043294 0.029818
0.776877 0.495050 0.044229 0.033672
0.602658 0.100569 0.049925 0.034234
0.678908 0.864099 0.047272 0.025064
0.774638 0.706095 0.043812 0.034098
0.787954 0.354219 0.050354 0.033691
0.885912 0.190510 0.060078 0.030535
0.197448 0.479352 0.046634 0.024639
0.879479 0.426385 0.055911 0.031715
0.299800 0.461596 0.053483 0.028083
0.682295 0.569828 0.062681 0.028496
0.207277 0.214042 0.050614 0.034231
0.209112 0.103347 0.044651 0.032612
0.298921 0.353246 0.043847 0.035367
0.093272 0.913590 0.053849 0.028443
0.098276 0.380579 0.049260 0.023325
0.483185 0.743793 0.060162 0.031763
0.578763 0.873746 0.053588 0.027887
0.102816 0.100018 0.051345 0.028254
0.278022 0.897836 0.046015 0.028215
0.287700 0.639779 0.043134 0.027358
0.473172 0.809376 0.046631 0.023901
0.880283 0.265514 0.047419 0.034499
0.205168 0.417314 0.056751 0.024378
0.502761 0.152900 0.054851 0.035031
0.292168 0.600084 0.043128 0.035830
0.582341 0.554669 0.065445 0.024749
0.295405 0.390097 0.043832 0.026597
0.190753 0.759770 0.055067 0.031362
0.772075 0.810774 0.043453 0.035819
0.684119 0.497194 0.043705 0.032817
0.098992 0.350569 0.054941 0.027231
0.872050 0.571686 0.047882 0.036421
0.578768 0.762135 0.053220 0.033322
0.301194 0.314555 0.039983 0.034363
0.875069 0.459646 0.044117 0.027972
0.492681 0.404129 0.044923 0.028177
0.871571 0.794864 0.046268 0.023739
0.405530 0.099553 0.053324 0.032476
0.385131 0.920484 0.061209 0.029036
0.880103 0.135440 0.048129 0.028975
0.281775 0.926001 0.060145 0.024920
0.390021 0.503613 0.046141 0.022745
0.394565 0.440492 0.054998 0.030468
0.683110 0.465776 0.061568 0.022865
0.283161 0.860690 0.051841 0.035126
0.881550 0.163496 0.055797 0.024695
0.504457 0.185911 0.056979 0.021288
0.786033 0.174083 0.047365 0.028658
0.292099 0.561758 0.045495 0.034641
0.579663 0.929695 0.069901 0.025080
0.778270 0.597242 0.040841 0.025707
0.874034 0.928533 0.062875 0.027972
0.091904 0.810975 0.034545 0.026909
0.575431 0.692589 0.048988 0.027767
0.788640 0.101219 0.045268 0.031240
0.869260 0.607792 0.046025 0.020334
0.095309 0.519540 0.044540 0.021209
0.684519 0.366714 0.038120 0.027020
0.683470 0.834807 0.052835 0.019237
0.305550 0.096290 0.064592 0.027473
0.315587 0.181573 0.065585 0.021405
0.879495 0.104942 0.044728 0.032822
0.301658 0.124100 0.043246 0.018889
0.474253 0.919375 0.054353 0.024724
0.675867 0.926728 0.045807 0.022522
0.288609 0.675313 0.052394 0.031080
0.507425 0.093143 0.058046 0.023934
0.576612 0.798799 0.061961 0.034299
0.398483 0.415259 0.059848 0.013156
0.239921 0.236837 0.023677 0.014223
