0.504081 0.710423 0.056332 0.032927
0.610824 0.384997 0.057049 0.034678
0.619328 0.242506 0.064949 0.037471
0.601124 0.829477 0.054998 0.028641
0.709571 0.484066 0.046961 0.033178
0.814413 0.507820 0.061296 0.028641
0.406475 0.717773 0.066086 0.030763
0.407193 0.585851 0.052609 0.032412
0.607836 0.703516 0.054521 0.032754
0.512454 0.585780 0.067059 0.037742
0.512968 0.452576 0.058376 0.038543
0.520784 0.247531 0.066092 0.036037
0.316118 0.518026 0.058932 0.037183
0.717745 0.367749 0.057631 0.029187
0.818786 0.381388 0.054859 0.030080
0.414628 0.443820 0.052672 0.027691
0.611800 0.448846 0.055648 0.033253
0.605244 0.735360 0.066599 0.028613
0.706836 0.635861 0.052888 0.033903
0.704045 0.792856 0.062536 0.027831
0.610969 0.544148 0.052420 0.030602
0.910647 0.566398 0.056475 0.040792
0.516481 0.416237 0.059687 0.027881
0.610663 0.511322 0.053618 0.030674
0.914141 0.323479 0.058223 0.028451
0.314836 0.662461 0.055699 0.037761
0.707405 0.599745 0.056695 0.027693
0.230149 0.287364 0.053145 0.032241
0.809236 0.708431 0.054190 0.040903
0.807405 0.776468 0.057866 0.027937
0.818911 0.418144 0.052453 0.037577
0.414016 0.503588 0.049259 0.029434
0.515313 0.289756 0.057673 0.041836
0.821101 0.249913 0.055801 0.041746
0.901938 0.850852 0.060752 0.027820
0.607714 0.635281 0.049681 0.034625
0.310811 0.839246 0.052151 0.035084
0.502105 0.808799 0.053514 0.031128
0.610377 0.670999 0.050593 0.033517
0.313169 0.697533 0.057993 0.026170
0.324509 0.245383 0.049665 0.025511
0.814518 0.538837 0.057134 0.028948
0.233245 0.594654 0.056249 0.027899
0.807461 0.809636 0.053278 0.027418
0.135395 0.257306 0.049258 0.028954
0.228248 0.651565 0.055267 0.028322
0.702790 0.762083 0.051735 0.029393
0.821517 0.319603 0.054945 0.031400
0.803992 0.909907 0.044806 0.027409
0.821051 0.349931 0.052450 0.030192
0.916213 0.294224 0.055113 0.028611
0.401661 0.868696 0.051013 0.032507
0.229963 0.320394 0.055013 0.026592
0.720337 0.208538 0.060133 0.031392
0.229066 0.253986 0.053943 0.027178
0.907331 0.723408 0.050246 0.029698
0.310515 0.899292 0.052885 0.028525
0.136561 0.141685 0.052283 0.029779
0.321088 0.450051 0.049797 0.030046
0.518196 0.357246 0.063887 0.028124
0.810667 0.745629 0.048676 0.026095
0.904434 0.754501 0.048976 0.029405
0.623429 0.206021 0.063917 0.028732
0.714332 0.296017 0.047838 0.028458
0.712716 0.329666 0.045973 0.034908
0.807955 0.633179 0.054067 0.030421
0.612026 0.480810 0.050100 0.030986
0.821840 0.209735 0.062776 0.033650
0.805343 0.841655 0.062457 0.031512
0.422474 0.204904 0.060733 0.029750
0.709429 0.541451 0.052844 0.025946
0.405856 0.779492 0.056771 0.028401
0.817576 0.146265 0.065775 0.033800
0.501132 0.872073 0.047985 0.028108
0.697965 0.887729 0.049030 0.030529
0.315172 0.623123 0.047453 0.034897
0.414725 0.415469 0.046828 0.025335
0.504063 0.746398 0.047608 0.032261
0.610236 0.600818 0.051387 0.031442
0.321431 0.420926 0.048179 0.027386
0.907885 0.690411 0.052185 0.028458
0.902486 0.818846 0.052446 0.028665
0.921145 0.142047 0.051087 0.033608
0.810585 0.570881 0.053189 0.027225
0.407129 0.555222 0.050598 0.024493
0.701250 0.855916 0.057961 0.025399
0.321344 0.553293 0.049810 0.027306
0.909720 0.450471 0.054268 0.036694
0.906808 0.604334 0.056405 0.026960
0.910449 0.526834 0.052792 0.030787
0.719598 0.240580 0.051892 0.030800
0.321957 0.332407 0.043463 0.030749
0.916956 0.262234 0.052001 0.028059
0.608269 0.573091 0.056600 0.024585
0.816120 0.452679 0.057861 0.025637
0.507425 0.547887 0.048120 0.032527
0.703056 0.673006 0.050101 0.033079
0.698039 0.825110 0.046841 0.031841
0.618194 0.327778 0.063526 0.027082
0.318830 0.585886 0.046880 0.032032
0.228174 0.470253 0.053144 0.030578
0.709642 0.398391 0.045579 0.027632
0.501716 0.778451 0.048266 0.025262
0.228788 0.682368 0.057746 0.026496
0.134375 0.379523 0.049731 0.024501
0.130032 0.721969 0.053972 0.024987
0.707673 0.452056 0.046064 0.025485
0.419444 0.312209 0.044389 0.028655
0.405813 0.682273 0.044266 0.035571
0.224820 0.755815 0.045749 0.033551
0.133305 0.772988 0.052234 0.027109
0.407797 0.616758 0.045180 0.027090
0.225946 0.905116 0.048942 0.028860
0.308785 0.804510 0.057332 0.025519
0.128019 0.828589 0.051053 0.025736
0.137951 0.407791 0.047774 0.026583
0.225392 0.846392 0.046624 0.029792
0.224982 0.874819 0.055818 0.022777
0.322357 0.303047 0.051066 0.024011
0.820713 0.286504 0.052803 0.026250
0.130721 0.693425 0.043136 0.029736
0.137147 0.501447 0.046236 0.026394
0.400680 0.750037 0.053028 0.027590
0.518546 0.151597 0.052194 0.038683
0.308588 0.871093 0.044916 0.023388
0.917801 0.174127 0.051908 0.026572
0.323218 0.481611 0.053563 0.027238
0.421110 0.238188 0.050048 0.032893
0.510046 0.487420 0.050548 0.027718
0.603478 0.766859 0.056799 0.027491
0.498956 0.841093 0.046908 0.026125
0.915967 0.492537 0.052298 0.039909
0.808024 0.667853 0.045562 0.031052
0.519209 0.212455 0.056236 0.032369
0.401255 0.647352 0.058889 0.026108
0.134423 0.572484 0.047616 0.032448
0.139967 0.348883 0.050920 0.034864
0.412191 0.473663 0.046277 0.025167
0.905384 0.787282 0.055975 0.029121
0.899972 0.880280 0.049731 0.025528
0.313109 0.727000 0.051439 0.029723
0.620198 0.140302 0.055477 0.029408
0.610994 0.416215 0.040891 0.028172
0.700396 0.733275 0.047329 0.024801
0.620652 0.173347 0.051455 0.034191
0.900989 0.910101 0.066141 0.026103
0.602363 0.887357 0.055010 0.022128
0.229254 0.503776 0.042951 0.027812
0.136796 0.467922 0.041512 0.032973
0.131826 0.658459 0.038880 0.032468
0.228888 0.406158 0.048013 0.036788
0.417852 0.339555 0.043536 0.026354
0.907532 0.634840 0.043663 0.025968
0.502607 0.626181 0.050571 0.032836
0.326190 0.216521 0.041363 0.023747
0.704605 0.702904 0.045726 0.028493
0.512582 0.515055 0.050033 0.029782
0.914234 0.354552 0.045674 0.034645
0.519579 0.111609 0.060144 0.037966
0.420112 0.171463 0.044204 0.033372
0.128765 0.862945 0.040983 0.032095
0.234063 0.132492 0.041027 0.030432
0.327749 0.106960 0.047653 0.029552
0.707057 0.571014 0.041867 0.026559
0.419631 0.277070 0.045759 0.033492
0.613016 0.354890 0.045102 0.022932
0.603690 0.796166 0.042613 0.027739
0.139148 0.435505 0.042731 0.029471
0.516360 0.385651 0.049702 0.024505
0.709628 0.426217 0.040725 0.027274
0.710033 0.514483 0.043916 0.023823
0.137122 0.225076 0.041239 0.030167
0.227356 0.440788 0.044000 0.024781
0.712488 0.268653 0.052121 0.023885
0.805058 0.876463 0.040915 0.032057
0.234100 0.194112 0.045898 0.033644
0.322333 0.362124 0.057690 0.023084
0.230926 0.163247 0.049937 0.025141
0.135497 0.287150 0.043960 0.029526
0.909364 0.416560 0.046919 0.025578
0.718840 0.138824 0.053247 0.028700
0.401528 0.808998 0.040113 0.028826
0.229245 0.532872 0.039110 0.024356
0.135274 0.536915 0.048367 0.031623
0.616582 0.109140 0.057651 0.032239
0.324917 0.388335 0.055739 0.026799
0.518198 0.326103 0.051281 0.029209
0.143224 0.108873 0.050608 0.030523
0.503898 0.677268 0.039903 0.024077
0.815474 0.477710 0.060120 0.023748
0.229480 0.561749 0.043789 0.029851
0.597903 0.862062 0.045909 0.028185
0.399927 0.902632 0.035343 0.029127
0.816185 0.177139 0.049814 0.029338
0.817996 0.111535 0.047036 0.033323
0.307664 0.927698 0.045049 0.028787
0.225192 0.718201 0.044128 0.037366
0.917915 0.205566 0.045294 0.032596
0.613490 0.300984 0.053423 0.022277
0.919981 0.110538 0.053525 0.026112
0.805927 0.938022 0.048274 0.026362
0.223625 0.789054 0.044712 0.022626
0.128784 0.602020 0.044596 0.025645
0.131083 0.627231 0.044338 0.020957
0.136367 0.314818 0.042375 0.022542
0.403487 0.837579 0.054485 0.023308
0.420270 0.138324 0.047281 0.025445
0.313684 0.752697 0.043567 0.023864
0.313434 0.778193 0.050943 0.023056
0.221511 0.929944 0.048804 0.022481
0.326513 0.165882 0.036317 0.024125
0.910695 0.386666 0.044226 0.027132
0.396943 0.930617 0.044007 0.025483
0.130033 0.895096 0.034245 0.031554
0.907729 0.660088 0.035790 0.025431
0.809778 0.601094 0.066660 0.031956
0.224127 0.816158 0.040318 0.023376
0.503721 0.653778 0.045290 0.019509
0.901511 0.935903 0.057988 0.023979
0.700445 0.914204 0.052547 0.027627
0.411941 0.529297 0.045886 0.020043
0.498385 0.899993 0.051353 0.022780
0.327782 0.191046 0.033571 0.023836
0.601016 0.936518 0.039892 0.023020
0.135566 0.172372 0.036609 0.028299
0.599591 0.911786 0.045178 0.023215
0.918354 0.233431 0.044505 0.027337
0.519828 0.183757 0.044362 0.019942
0.229335 0.622507 0.050510 0.020309
0.136969 0.197167 0.038143 0.020144
0.614622 0.275480 0.057501 0.026464
0.720761 0.108601 0.048240 0.028471
0.127581 0.745093 0.058593 0.019906
0.418219 0.365060 0.038880 0.020552
0.424684 0.108200 0.037875 0.030040
0.130009 0.800887 0.045222 0.018862
0.417740 0.387472 0.035680 0.023830
0.230225 0.225234 0.052853 0.025108
0.233818 0.104286 0.039087 0.022937
0.128261 0.924542 0.036117 0.022248
0.325214 0.137059 0.038442 0.026409
0.228312 0.371288 0.043298 0.029991
0.718937 0.180945 0.047921 0.017713
0.701099 0.936116 0.057539 0.021589
0.722109 0.163415 0.052297 0.020053
0.501469 0.925453 0.048314 0.019134
0.228856 0.348971 0.039761 0.027741
0.326577 0.275062 0.047915 0.026615
