0.724754 0.221037 0.062946 0.039115
0.710341 0.392254 0.059185 0.044481
0.709618 0.751902 0.060193 0.040586
0.600713 0.191711 0.069179 0.039956
0.933328 0.924469 0.062545 0.034741
0.266835 0.196396 0.059942 0.032095
0.065853 0.311868 0.055292 0.047373
0.930466 0.192223 0.059435 0.041256
0.827789 0.890787 0.054192 0.038812
0.375429 0.640445 0.069758 0.042525
0.266977 0.673994 0.065008 0.041830
0.704969 0.794277 0.057767 0.039132
0.936002 0.385608 0.055581 0.039028
0.836558 0.851130 0.069729 0.038270
0.264674 0.791497 0.054279 0.041349
0.700868 0.833563 0.059646 0.039511
0.933360 0.313349 0.064228 0.037599
0.604609 0.073714 0.054175 0.038476
0.501873 0.109451 0.057849 0.043756
0.591508 0.715896 0.071300 0.040796
0.827481 0.396675 0.069093 0.036097
0.716081 0.302606 0.052915 0.038671
0.269844 0.388123 0.055638 0.045028
0.828228 0.357820 0.068092 0.041790
0.711142 0.711421 0.052740 0.036808
0.267440 0.874673 0.061785 0.044741
0.599281 0.511142 0.065513 0.042968
0.819199 0.604060 0.055360 0.039645
0.584124 0.799099 0.069209 0.043038
0.827588 0.929265 0.051535 0.038539
0.070117 0.686515 0.062866 0.040597
0.058964 0.352388 0.054009 0.032434
0.483353 0.904439 0.053898 0.038201
0.268367 0.270921 0.057926 0.042708
0.712396 0.344841 0.054949 0.043938
0.719409 0.260915 0.054802 0.040241
0.478136 0.782207 0.053170 0.042047
0.826216 0.813509 0.053009 0.036949
0.270030 0.634242 0.055203 0.036202
0.934525 0.429756 0.075918 0.045976
0.601117 0.235777 0.053539 0.043999
0.587554 0.757140 0.072972 0.038016
0.381711 0.804500 0.067460 0.044260
0.599930 0.282830 0.058133 0.044896
0.267601 0.346466 0.054140 0.037699
0.603153 0.153394 0.051927 0.036625
0.059476 0.431796 0.051291 0.043061
0.931174 0.275159 0.066384 0.035296
0.828711 0.769080 0.055616 0.043471
0.721569 0.183209 0.045030 0.032907
0.480201 0.826337 0.056900 0.042329
0.936163 0.883692 0.062853 0.046615
0.934872 0.837881 0.051602 0.040501
0.166473 0.409645 0.053894 0.037911
0.377493 0.314382 0.074093 0.041966
0.484866 0.489074 0.054407 0.043248
0.932577 0.152110 0.059950 0.034862
0.375972 0.959811 0.050553 0.039443
0.932421 0.474434 0.051640 0.039838
0.497363 0.283726 0.051599 0.039350
0.381799 0.848973 0.056054 0.042859
0.270125 0.473823 0.068701 0.046472
0.268849 0.310870 0.051956 0.034350
0.271872 0.081465 0.066469 0.041093
0.588520 0.554093 0.055166 0.042370
0.268546 0.430503 0.053361 0.038590
0.938061 0.798601 0.046381 0.038420
0.477962 0.866249 0.062089 0.038708
0.827609 0.109116 0.053839 0.039145
0.824290 0.068435 0.062622 0.042576
0.375199 0.523592 0.050842 0.030535
0.381627 0.275841 0.049919 0.032477
0.609509 0.032913 0.053463 0.037966
0.722547 0.144541 0.050699 0.042768
0.269731 0.831008 0.064564 0.039667
0.501142 0.068999 0.053188 0.035178
0.378519 0.599882 0.056482 0.036264
0.482747 0.661336 0.077284 0.045558
0.375925 0.681203 0.052010 0.033696
0.717342 0.471909 0.056349 0.044108
0.061641 0.475686 0.056235 0.040041
0.825311 0.724726 0.053127 0.043374
0.057650 0.390097 0.050605 0.040677
0.267295 0.751822 0.053689 0.040438
0.165089 0.493150 0.056631 0.041027
0.822088 0.513750 0.057451 0.046630
0.387151 0.202988 0.047393 0.034974
0.937102 0.597756 0.049081 0.043796
0.268386 0.231529 0.048415 0.035407
0.823648 0.645975 0.051431 0.040493
0.274058 0.514888 0.054474 0.037890
0.390786 0.103866 0.062710 0.037580
0.823403 0.154073 0.053858 0.045779
0.503337 0.150348 0.059795 0.038622
0.933999 0.517086 0.057071 0.042224
0.167936 0.766974 0.058789 0.037303
0.266008 0.596753 0.051049 0.035830
0.597337 0.404239 0.051560 0.035933
0.381100 0.393273 0.053893 0.037650
0.715520 0.432328 0.051604 0.035361
0.607491 0.113126 0.053747 0.040634
0.373221 0.561116 0.068018 0.040088
0.165827 0.833397 0.047820 0.035716
0.064657 0.643852 0.049740 0.042472
0.587592 0.937961 0.049819 0.035520
0.062604 0.726965 0.063444 0.035735
0.488992 0.576715 0.047471 0.039918
0.379165 0.356491 0.054388 0.039601
0.390527 0.140478 0.060327 0.033591
0.265574 0.556833 0.049771 0.042680
0.489566 0.535737 0.051130 0.040768
0.162491 0.170572 0.049027 0.039259
0.384287 0.240097 0.047474 0.036891
0.492288 0.330188 0.060293 0.046840
0.593968 0.439801 0.067262 0.036814
0.935457 0.556878 0.055689 0.035119
0.826206 0.466491 0.061111 0.045002
0.062645 0.599631 0.049416 0.041894
0.705732 0.872769 0.057267 0.037218
0.715188 0.555071 0.053651 0.038430
0.164754 0.677928 0.073399 0.044225
0.934274 0.349996 0.048643 0.033543
0.595297 0.972785 0.054549 0.034752
0.704071 0.910638 0.063341 0.038014
0.824776 0.682595 0.047768 0.033878
0.823789 0.199778 0.047611 0.040467
0.490287 0.446299 0.054913 0.040407
0.599827 0.327450 0.049301 0.037688
0.501219 0.403248 0.059517 0.040010
0.818427 0.562144 0.059201 0.043700
0.937559 0.961434 0.063519 0.035699
0.174809 0.723666 0.057112 0.045330
0.264576 0.918773 0.046867 0.041968
0.595691 0.675195 0.046183 0.037557
0.067364 0.932769 0.046530 0.035542
0.171213 0.959246 0.051404 0.039014
0.588482 0.839726 0.055592 0.035629
0.943725 0.713140 0.059500 0.043239
0.165472 0.371128 0.049675 0.037361
0.060478 0.516087 0.053168 0.040820
0.165653 0.634122 0.049471 0.039638
0.585806 0.904436 0.045838 0.036500
0.388168 0.170862 0.064523 0.027923
0.828127 0.968225 0.049273 0.036128
0.169459 0.916544 0.047007 0.041834
0.937751 0.639025 0.057822 0.039287
0.935004 0.114935 0.050152 0.037964
0.496698 0.033732 0.056320 0.034005
0.478481 0.741961 0.047334 0.037310
0.063362 0.214121 0.054408 0.049615
0.600550 0.368236 0.046374 0.036447
0.501496 0.237542 0.051784 0.046432
0.066783 0.839612 0.049540 0.039832
0.596164 0.632774 0.044579 0.044483
0.940560 0.675279 0.049286 0.034981
0.939844 0.756557 0.043585 0.042257
0.486684 0.618534 0.047441 0.038461
0.705568 0.977465 0.050448 0.027934
0.165837 0.450946 0.053561 0.041964
0.591799 0.593238 0.049367 0.033091
0.588069 0.472739 0.073693 0.030165
0.378152 0.720438 0.054028 0.043144
0.500656 0.189757 0.049281 0.039014
0.378133 0.489770 0.048986 0.036004
0.826122 0.030384 0.058820 0.032426
0.824688 0.288918 0.047025 0.041249
0.163351 0.532675 0.047826 0.038546
0.490356 0.369592 0.057530 0.034768
0.379797 0.761423 0.053915 0.040791
0.376940 0.926012 0.047132 0.027438
0.715293 0.513108 0.044569 0.038353
0.719825 0.036589 0.073067 0.044203
0.070473 0.969459 0.053385 0.032772
0.168791 0.328152 0.044948 0.045517
0.717232 0.592015 0.052466 0.036908
0.826235 0.245215 0.054967 0.044011
0.265419 0.714832 0.045268 0.035042
0.716570 0.628434 0.048197 0.037932
0.270756 0.165250 0.050110 0.025106
0.828382 0.432629 0.058466 0.032184
0.062686 0.261669 0.049018 0.039741
0.707399 0.947964 0.041505 0.031303
0.484457 0.943404 0.049794 0.036602
0.271961 0.129158 0.046165 0.042469
0.714259 0.670141 0.050039 0.044295
0.262006 0.960874 0.067849 0.039862
0.933103 0.235816 0.046050 0.041572
0.267581 0.038572 0.053318 0.036713
0.061607 0.886805 0.062798 0.050482
0.378989 0.431081 0.044598 0.035437
0.166055 0.089162 0.050208 0.040240
0.937201 0.075286 0.045865 0.041680
0.482466 0.702643 0.047795 0.037602
0.162700 0.129375 0.044993 0.037323
0.376204 0.891941 0.047960 0.044852
0.164200 0.207799 0.043871 0.029784
0.385335 0.068088 0.047365 0.034932
0.385212 0.033405 0.051949 0.038355
0.827367 0.323206 0.053956 0.027550
0.061276 0.559437 0.044793 0.039074
0.718552 0.105128 0.048122 0.034310
0.167927 0.873755 0.050392 0.045859
0.376470 0.458696 0.045913 0.028799
0.938786 0.033064 0.041527 0.032238
0.062558 0.122494 0.047040 0.030693
0.489627 0.973714 0.048148 0.030010
0.163942 0.580192 0.053569 0.054807
0.067020 0.760483 0.047367 0.033962
0.586696 0.870415 0.041758 0.031217
0.067260 0.087353 0.049520 0.039058
0.720067 0.076518 0.054474 0.027346
0.168197 0.240256 0.063411 0.035268
0.167335 0.799695 0.047458 0.031823
0.065618 0.797278 0.045490 0.045797
0.165678 0.038264 0.046193 0.046153
0.066984 0.041975 0.044776 0.048684
0.054761 0.166889 0.060573 0.042776
0.174919 0.277437 0.070837 0.050299
