0.633486 0.247434 0.051863 0.032496
0.440498 0.718489 0.052689 0.030330
0.732428 0.319908 0.055419 0.029166
0.637507 0.749967 0.063481 0.034277
0.241828 0.627643 0.053881 0.036680
0.441163 0.753745 0.052834 0.028491
0.539327 0.436160 0.066177 0.042322
0.445578 0.282672 0.062399 0.031745
0.142250 0.336386 0.063191 0.034685
0.542819 0.238073 0.055479 0.030170
0.632309 0.317243 0.052782 0.030007
0.441996 0.319713 0.061886 0.032963
0.248547 0.206096 0.067742 0.031178
0.543659 0.357698 0.057026 0.030888
0.825029 0.584690 0.056435 0.035708
0.727258 0.553718 0.051255 0.038189
0.542401 0.681352 0.050820 0.029336
0.244336 0.699831 0.060284 0.031444
0.818211 0.300299 0.051522 0.035549
0.732218 0.386051 0.057435 0.032433
0.342195 0.837612 0.055388 0.029622
0.820577 0.769505 0.053731 0.040066
0.342788 0.205423 0.059138 0.035033
0.444476 0.246893 0.052698 0.032748
0.734540 0.890207 0.050354 0.031782
0.143336 0.253205 0.057249 0.039488
0.636040 0.717653 0.055818 0.028880
0.632529 0.819044 0.052139 0.029045
0.538516 0.138442 0.059062 0.029476
0.541541 0.553835 0.058421 0.034389
0.243196 0.787383 0.064742 0.029701
0.343215 0.240976 0.058632 0.031687
0.727285 0.285172 0.051478 0.028049
0.446000 0.847641 0.048841 0.032940
0.632430 0.282461 0.048598 0.031825
0.822409 0.209506 0.053772 0.027782
0.140669 0.294227 0.056372 0.040945
0.339400 0.726769 0.057325 0.031573
0.823048 0.813251 0.062110 0.036062
0.446873 0.359827 0.053368 0.036668
0.917929 0.504742 0.052543 0.034839
0.241382 0.465762 0.053833 0.033421
0.249384 0.585975 0.070594 0.036615
0.449497 0.209224 0.053668 0.037375
0.542803 0.205589 0.047044 0.031082
0.636144 0.429340 0.048311 0.030146
0.342103 0.279644 0.061183 0.038002
0.728559 0.211851 0.053527 0.033050
0.736038 0.857262 0.055592 0.029129
0.918414 0.399570 0.049282 0.028641
0.536539 0.478819 0.048095 0.034597
0.634465 0.658661 0.058806 0.027573
0.241857 0.427163 0.064046 0.034744
0.540768 0.515604 0.052185 0.028565
0.727227 0.590845 0.055419 0.029674
0.343507 0.360657 0.058035 0.037049
0.347650 0.616571 0.064171 0.031347
0.824475 0.177289 0.047164 0.032355
0.728333 0.352686 0.053694 0.025322
0.251071 0.358484 0.071130 0.034124
0.142030 0.495243 0.064408 0.043863
0.541614 0.396035 0.052951 0.034208
0.726206 0.520457 0.054140 0.026616
0.728731 0.178071 0.057057 0.027594
0.137652 0.216341 0.064222 0.026289
0.442546 0.784479 0.057761 0.025736
0.342726 0.438612 0.054936 0.031268
0.921377 0.203353 0.049842 0.031967
0.140049 0.374304 0.057768 0.032859
0.633010 0.532323 0.055100 0.028255
0.918295 0.281164 0.049879 0.036795
0.244401 0.543041 0.052686 0.038857
0.243901 0.816445 0.062860 0.028603
0.908225 0.753738 0.045640 0.031693
0.820023 0.264109 0.051377 0.026584
0.538026 0.852246 0.051197 0.030030
0.635377 0.215040 0.047649 0.029197
0.141452 0.149509 0.052226 0.039547
0.729561 0.791198 0.047956 0.027794
0.920170 0.319429 0.051638 0.035533
0.911440 0.851679 0.050608 0.027277
0.242521 0.729911 0.052426 0.028467
0.916833 0.616226 0.050521 0.035732
0.822643 0.109784 0.052743 0.034565
0.905944 0.788839 0.058356 0.034387
0.630891 0.146824 0.045374 0.030246
0.539951 0.172569 0.054038 0.033200
0.441880 0.884465 0.044207 0.033829
0.825994 0.479837 0.047958 0.036503
0.141401 0.454195 0.065886 0.029443
0.914615 0.580089 0.054668 0.029540
0.139597 0.185323 0.050714 0.028043
0.545059 0.269510 0.057107 0.030562
0.726608 0.488801 0.043835 0.034010
0.242492 0.502787 0.046815 0.033007
0.541594 0.613630 0.050668 0.025856
0.442093 0.655613 0.055505 0.025202
0.539485 0.747127 0.045793 0.038403
0.727940 0.662299 0.047417 0.031605
0.536735 0.888451 0.048956 0.033911
0.539357 0.646028 0.043072 0.031980
0.915241 0.653186 0.048328 0.033744
0.440949 0.816610 0.049833 0.026272
0.343111 0.476093 0.054636 0.032735
0.246223 0.319548 0.050347 0.040497
0.343301 0.322305 0.048223 0.036886
0.444573 0.435661 0.048944 0.035366
0.729602 0.756420 0.043155 0.028609
0.540178 0.712463 0.051194 0.024367
0.821101 0.336764 0.051057 0.028585
0.349328 0.650277 0.059745 0.032160
0.541234 0.106470 0.053320 0.030544
0.730114 0.823006 0.047059 0.030736
0.342895 0.513300 0.052537 0.037613
0.632714 0.394944 0.043981 0.032002
0.921344 0.134409 0.043687 0.026407
0.635044 0.465037 0.049160 0.032122
0.720267 0.105858 0.056864 0.031570
0.918430 0.435018 0.043091 0.033924
0.827022 0.520524 0.046702 0.033375
0.729345 0.628271 0.045511 0.033960
0.344900 0.801796 0.049182 0.031543
0.341181 0.401189 0.051840 0.028489
0.728100 0.696568 0.044795 0.028536
0.634397 0.355781 0.042748 0.036302
0.245973 0.109474 0.051264 0.041306
0.725721 0.419250 0.042873 0.029788
0.823945 0.686804 0.045619 0.029606
0.823244 0.143204 0.049411 0.031323
0.920652 0.105035 0.053278 0.027733
0.440030 0.512723 0.052057 0.040859
0.341007 0.135174 0.042074 0.029638
0.343095 0.688493 0.049816 0.035944
0.636343 0.111295 0.063047 0.035330
0.922566 0.238537 0.054703 0.034165
0.342663 0.167751 0.048431 0.034104
0.724871 0.143223 0.048131 0.037200
0.440089 0.623316 0.042945 0.033228
0.919435 0.544127 0.048678 0.035183
0.635052 0.181293 0.041762 0.031784
0.343187 0.763469 0.047223 0.034122
0.445273 0.400479 0.049032 0.032305
0.822047 0.406168 0.046268 0.039176
0.823746 0.653867 0.041917 0.030611
0.344477 0.875504 0.048331 0.034941
0.536851 0.813527 0.047599 0.033475
0.241681 0.756750 0.055334 0.024539
0.245820 0.278905 0.047020 0.037476
0.823014 0.442259 0.047137 0.031813
0.243424 0.847409 0.071095 0.028691
0.725733 0.245012 0.041792 0.028905
0.917417 0.468235 0.044019 0.031393
0.442449 0.921743 0.042851 0.032838
0.338998 0.103203 0.049647 0.030337
0.827055 0.726253 0.056880 0.036020
0.921867 0.363609 0.050657 0.041744
0.241667 0.663944 0.049329 0.027781
0.541119 0.298682 0.050209 0.021860
0.637855 0.785647 0.042081 0.026020
0.439491 0.588925 0.046091 0.025371
0.437220 0.552832 0.044072 0.033180
0.818797 0.366803 0.046072 0.031738
0.637396 0.882788 0.043549 0.031410
0.823194 0.237854 0.051609 0.022147
0.247725 0.146584 0.047978 0.025566
0.146002 0.536321 0.062950 0.029035
0.541573 0.781960 0.049429 0.022320
0.912615 0.883910 0.040653 0.030902
0.442640 0.168487 0.042969 0.033742
0.722936 0.452845 0.041924 0.030864
0.541369 0.325209 0.057443 0.024828
0.343703 0.579324 0.043469 0.030475
0.641711 0.922582 0.052999 0.035833
0.923017 0.165978 0.045419 0.024496
0.820985 0.849601 0.050101 0.036748
0.248160 0.173630 0.058759 0.025770
0.249406 0.923569 0.071613 0.034844
0.635788 0.852006 0.052255 0.020627
0.242960 0.239339 0.057335 0.034213
0.243565 0.392042 0.051073 0.036189
0.439721 0.474307 0.044796 0.032944
0.542872 0.924362 0.043546 0.032027
0.636911 0.625254 0.047341 0.030789
0.340560 0.548322 0.054665 0.024146
0.345699 0.916034 0.043898 0.037142
0.823196 0.621863 0.048562 0.023076
0.244169 0.891456 0.043971 0.028972
0.912069 0.823402 0.047318 0.023283
0.912027 0.922149 0.043560 0.034036
0.913482 0.717797 0.042752 0.035835
0.637120 0.564506 0.038298 0.032296
0.440808 0.106510 0.045484 0.032677
0.638346 0.592919 0.041983 0.022896
0.914410 0.689048 0.047189 0.025377
0.822887 0.550268 0.041799 0.026941
0.441409 0.687384 0.060020 0.026027
0.541839 0.586872 0.050277 0.021214
0.634420 0.501037 0.046206 0.029503
0.441234 0.137438 0.047294 0.026025
0.153396 0.413121 0.074204 0.040443
0.732614 0.725681 0.037893 0.026516
0.634571 0.686893 0.052367 0.022660
0.825451 0.886748 0.056704 0.033580
0.828448 0.927564 0.065067 0.031653
0.732076 0.925203 0.054124 0.030963
0.146841 0.106715 0.043946 0.027180
0.243050 0.869530 0.048677 0.017401
