0.387013 0.379277 0.078866 0.049924
0.597794 0.294457 0.084924 0.053718
0.601125 0.458449 0.081569 0.054529
0.923866 0.126933 0.081405 0.053330
0.062606 0.568701 0.091861 0.053451
0.278660 0.279934 0.081388 0.049692
0.174158 0.802378 0.082144 0.042344
0.271585 0.174397 0.087755 0.052462
0.494750 0.546426 0.078411 0.058037
0.392750 0.752570 0.075753 0.052923
0.278042 0.228063 0.088538 0.053190
0.933060 0.890817 0.075245 0.042242
0.829457 0.275137 0.070735 0.048518
0.824062 0.437727 0.088536 0.052624
0.605217 0.791414 0.089342 0.049054
0.491114 0.385484 0.090963 0.051067
0.716195 0.539470 0.087850 0.047834
0.938359 0.839833 0.067590 0.050491
0.386550 0.540769 0.071074 0.050534
0.283869 0.835238 0.077134 0.040276
0.385555 0.170838 0.083195 0.058487
0.389323 0.639386 0.085642 0.048842
0.601472 0.349632 0.081730 0.055364
0.601544 0.403531 0.077377 0.047157
0.833028 0.924184 0.089325 0.044288
0.272583 0.332507 0.082936 0.044115
0.486152 0.127878 0.089404 0.056503
0.382045 0.327960 0.074888 0.049040
0.391587 0.694428 0.081036 0.054332
0.931267 0.181201 0.085760 0.050825
0.163035 0.132890 0.079938 0.056861
0.492217 0.441602 0.078243 0.051628
0.490118 0.286896 0.085671 0.045507
0.938977 0.930558 0.083998 0.034793
0.594724 0.132222 0.083251 0.058909
0.724357 0.645553 0.086721 0.044944
0.059185 0.515473 0.074288 0.053234
0.606367 0.514750 0.080283 0.047633
0.822274 0.118599 0.081099 0.050402
0.838666 0.829622 0.067290 0.046770
0.172520 0.755730 0.071413 0.047161
0.394122 0.809828 0.086628 0.054813
0.714331 0.220716 0.072647 0.055357
0.386219 0.430541 0.075994 0.053476
0.936311 0.386487 0.076881 0.056540
0.721478 0.697546 0.083728 0.048959
0.280962 0.787924 0.077314 0.046252
0.286670 0.929546 0.066008 0.043313
0.178335 0.702843 0.086090 0.056417
0.501320 0.702196 0.079140 0.051672
0.603301 0.843480 0.084798 0.045478
0.822123 0.170271 0.082564 0.051113
0.389195 0.919901 0.091620 0.051435
0.818726 0.381338 0.080185 0.056154
0.610402 0.738147 0.080809 0.053770
0.387748 0.226445 0.076307 0.046546
0.722846 0.749769 0.072202 0.050239
0.178204 0.643303 0.081759 0.047521
0.830063 0.598388 0.067768 0.047567
0.836073 0.779601 0.068175 0.049459
0.502642 0.795850 0.078318 0.053581
0.713964 0.167874 0.079818 0.045478
0.175965 0.497993 0.086662 0.049835
0.169629 0.445744 0.074762 0.052232
0.390046 0.591815 0.078385 0.041011
0.824216 0.327798 0.074947 0.048263
0.274013 0.428353 0.088995 0.051620
0.715318 0.594137 0.090561 0.056072
0.061357 0.676848 0.081362 0.055713
0.175869 0.891278 0.077999 0.046644
0.826010 0.223956 0.073824 0.052616
0.483487 0.183347 0.075851 0.049523
0.285251 0.738122 0.074070 0.045883
0.937670 0.732010 0.067958 0.047592
0.721314 0.901999 0.061073 0.045694
0.486532 0.069068 0.078249 0.057867
0.942147 0.786677 0.065070 0.048049
0.714875 0.115558 0.078280 0.048940
0.492229 0.494389 0.083530 0.045308
0.271502 0.073320 0.092812 0.061327
0.938520 0.684191 0.077380 0.050073
0.833984 0.879442 0.067038 0.043612
0.723586 0.804277 0.077113 0.053500
0.065050 0.621154 0.080547 0.047686
0.825623 0.066316 0.093771 0.052389
0.710804 0.062914 0.085148 0.052513
0.287264 0.690254 0.067939 0.045880
0.723225 0.956182 0.078036 0.049558
0.609201 0.891151 0.080239 0.046136
0.938309 0.491005 0.065589 0.044644
0.707977 0.334779 0.086656 0.043602
0.281333 0.636334 0.080726 0.047964
0.493072 0.334646 0.078187 0.049520
0.069034 0.831751 0.087059 0.052674
0.174658 0.291229 0.078541 0.050445
0.166096 0.236047 0.085945 0.048641
0.502057 0.601179 0.083557 0.047240
0.173842 0.593542 0.074866 0.050174
0.391983 0.866354 0.081332 0.049624
0.595099 0.194901 0.072610 0.059458
0.276718 0.378850 0.075170 0.038933
0.277311 0.526109 0.067706 0.047456
0.176926 0.846202 0.073022 0.042155
0.054043 0.073212 0.085705 0.056236
0.931983 0.233116 0.068704 0.054114
0.928535 0.069835 0.081105 0.058922
0.938653 0.631762 0.056157 0.048406
0.161252 0.073333 0.076002 0.059580
0.713619 0.282568 0.070352 0.058367
0.487832 0.238249 0.070754 0.048463
0.717069 0.488299 0.074508 0.046443
0.059063 0.735370 0.073569 0.052718
0.169143 0.386553 0.065765 0.055385
0.837770 0.965878 0.077956 0.035572
0.937798 0.332271 0.060799 0.045401
0.068665 0.886187 0.085146 0.047348
0.388787 0.485123 0.071607 0.051974
0.063008 0.784621 0.078268 0.039919
0.830024 0.549138 0.068194 0.045686
0.072534 0.974257 0.079975 0.043394
0.374418 0.068158 0.072935 0.050388
0.378253 0.114415 0.078883 0.044525
0.933326 0.442591 0.064769 0.048626
0.057825 0.233096 0.081116 0.050582
0.285542 0.971343 0.067460 0.039718
0.825318 0.494695 0.073164 0.053313
0.601998 0.630454 0.078291 0.043594
0.721835 0.854773 0.060018 0.044328
0.061050 0.291245 0.074406 0.058132
0.937258 0.581327 0.063155 0.051264
0.285746 0.882857 0.061896 0.048235
0.063004 0.346340 0.071357 0.048759
0.164221 0.186590 0.072562 0.046876
0.392854 0.967042 0.086685 0.044455
0.495487 0.849614 0.083721 0.048212
0.842242 0.730999 0.082188 0.040517
0.944686 0.966053 0.080337 0.037560
0.064417 0.180261 0.087028 0.044236
0.066506 0.932798 0.077793 0.044676
0.187410 0.974485 0.077852 0.034784
0.933150 0.284317 0.063075 0.044250
0.719847 0.442011 0.076689 0.043553
0.283156 0.476851 0.082415 0.042095
0.169395 0.336783 0.064418 0.036452
0.063138 0.457826 0.086484 0.046747
0.600767 0.070989 0.071154 0.060063
0.831860 0.642832 0.057780 0.040157
0.840494 0.688213 0.083920 0.042323
0.384494 0.275778 0.072590 0.048549
0.717457 0.389907 0.064260 0.055948
0.595836 0.247594 0.072031 0.034350
0.281587 0.581252 0.062496 0.054341
0.936509 0.532957 0.066872 0.034293
0.501721 0.650471 0.077875 0.048791
0.170451 0.545287 0.055989 0.041215
0.607131 0.683645 0.070676 0.053592
0.187965 0.937269 0.082481 0.039141
0.273876 0.126550 0.060945 0.040939
0.611318 0.942179 0.096017 0.050861
0.056433 0.128027 0.060348 0.050128
0.503730 0.946299 0.076699 0.043879
0.603924 0.571925 0.069550 0.061026
0.498984 0.750485 0.075810 0.037503
0.068677 0.398340 0.079027 0.047537
0.499408 0.900453 0.077477 0.044996
0.610882 0.970384 0.094231 0.038361
0.503208 0.978206 0.079317 0.031339
