0.818650 0.259950 0.054521 0.037764
0.607546 0.319103 0.061759 0.037924
0.815226 0.300605 0.068199 0.037169
0.818467 0.109203 0.058665 0.038957
0.818366 0.378541 0.056229 0.037941
0.493072 0.490052 0.061105 0.040042
0.814735 0.069068 0.059256 0.040072
0.711185 0.109218 0.052605 0.034167
0.825995 0.532731 0.059853 0.043560
0.818671 0.186258 0.052053 0.032427
0.285265 0.772905 0.053102 0.043792
0.399307 0.810701 0.052973 0.037481
0.077727 0.884010 0.060618 0.038710
0.707084 0.340524 0.050510 0.032285
0.933729 0.275012 0.053503 0.034391
0.276669 0.383299 0.072830 0.042703
0.611128 0.895406 0.056925 0.038202
0.383643 0.272521 0.069570 0.043464
0.823786 0.715084 0.055180 0.037839
0.928889 0.713132 0.065643 0.033747
0.711422 0.186388 0.057028 0.043096
0.934586 0.474842 0.052198 0.040245
0.491785 0.744380 0.061377 0.041254
0.179649 0.317650 0.057356 0.045516
0.604104 0.431842 0.065025 0.043397
0.933441 0.866809 0.061234 0.040492
0.493688 0.575648 0.066121 0.042386
0.820260 0.828185 0.055298 0.039021
0.821062 0.785529 0.052466 0.039640
0.714149 0.145706 0.060151 0.037300
0.603681 0.159867 0.057497 0.043792
0.495030 0.532708 0.054371 0.043150
0.073873 0.772598 0.050848 0.039891
0.711256 0.306314 0.054400 0.033543
0.395413 0.878534 0.056316 0.038212
0.934454 0.825964 0.051902 0.038483
0.821924 0.454282 0.050376 0.039467
0.610342 0.784770 0.051551 0.034538
0.485514 0.072616 0.057320 0.041891
0.820668 0.678116 0.047971 0.032684
0.494010 0.228453 0.055151 0.042668
0.707374 0.490639 0.054564 0.042253
0.713736 0.919826 0.066708 0.036218
0.388365 0.483166 0.057159 0.039074
0.285799 0.502181 0.057482 0.038585
0.818473 0.149252 0.051324 0.035918
0.712703 0.229310 0.059959 0.041612
0.927173 0.748900 0.051927 0.033375
0.604325 0.473996 0.063047 0.041090
0.935534 0.313688 0.056619 0.039915
0.065482 0.328461 0.061221 0.051825
0.276674 0.152551 0.051222 0.037287
0.928829 0.906701 0.059524 0.039004
0.609421 0.855103 0.053407 0.037703
0.931144 0.072098 0.048538 0.040934
0.286785 0.664294 0.059059 0.045276
0.496442 0.618865 0.057260 0.042635
0.500811 0.910546 0.054809 0.039388
0.932132 0.113387 0.053413 0.038784
0.925643 0.784836 0.056441 0.039490
0.607418 0.712010 0.055029 0.040003
0.496795 0.664425 0.050356 0.045477
0.489836 0.149434 0.071846 0.049032
0.936949 0.632864 0.050593 0.044211
0.610415 0.748901 0.059016 0.033979
0.824112 0.867873 0.054868 0.034867
0.399450 0.916846 0.055060 0.040430
0.278871 0.818042 0.057167 0.040579
0.074699 0.734564 0.053048 0.031496
0.279300 0.621449 0.056139 0.040474
0.822759 0.903473 0.048585 0.035102
0.821887 0.416696 0.047429 0.035779
0.601618 0.118652 0.055661 0.035577
0.932087 0.187423 0.052920 0.037156
0.181404 0.686235 0.062617 0.046473
0.286994 0.463320 0.054383 0.034801
0.938300 0.430377 0.060255 0.045066
0.606741 0.818700 0.054679 0.031828
0.604964 0.361487 0.052193 0.039948
0.712972 0.698102 0.051922 0.039771
0.274403 0.227218 0.059253 0.043457
0.711009 0.267004 0.054838 0.036736
0.181553 0.605553 0.063728 0.044889
0.386904 0.359201 0.054860 0.034444
0.934745 0.350713 0.064292 0.029259
0.718303 0.813132 0.065214 0.031370
0.173714 0.071474 0.051944 0.043036
0.822425 0.608399 0.055491 0.036900
0.825594 0.945260 0.056158 0.046202
0.388259 0.442763 0.053289 0.040362
0.934663 0.149821 0.047554 0.034302
0.707769 0.412939 0.051592 0.037770
0.283520 0.856144 0.053580 0.036246
0.077110 0.812310 0.060170 0.039161
0.074064 0.626123 0.063345 0.043771
0.716157 0.957403 0.052106 0.035858
0.383399 0.112218 0.058776 0.042322
0.397455 0.844051 0.052728 0.030507
0.180876 0.778554 0.064549 0.051213
0.935131 0.386497 0.055410 0.041503
0.707040 0.375230 0.054761 0.034247
0.822110 0.222376 0.047466 0.035408
0.821883 0.492827 0.051521 0.032875
0.601704 0.671233 0.065217 0.043301
0.077394 0.925999 0.068230 0.044641
0.283566 0.575705 0.052917 0.046560
0.607205 0.249927 0.051263 0.040392
0.609479 0.932483 0.049876 0.033467
0.933671 0.944125 0.053922 0.038876
0.379122 0.071145 0.058877 0.042814
0.075091 0.549865 0.054948 0.036953
0.178642 0.826704 0.055121 0.044948
0.286913 0.424704 0.049916 0.034984
0.715492 0.886989 0.053448 0.026903
0.603115 0.076432 0.050465 0.047155
0.285530 0.537491 0.054691 0.030083
0.381295 0.160927 0.074642 0.046947
0.072080 0.087088 0.058934 0.044999
0.502314 0.869274 0.051022 0.040275
0.822162 0.645086 0.048642 0.030170
0.174583 0.154502 0.053437 0.045761
0.283296 0.901939 0.059951 0.048597
0.932413 0.676698 0.045279 0.038354
0.609136 0.285032 0.045581 0.025681
0.819877 0.340892 0.053077 0.037341
0.395671 0.774165 0.054540 0.033714
0.501159 0.704687 0.053742 0.030839
0.707968 0.536314 0.066929 0.040572
0.711198 0.450271 0.054531 0.037267
0.182529 0.731222 0.066118 0.043749
0.931350 0.542477 0.055143 0.034178
0.070302 0.509957 0.049585 0.042100
0.605163 0.205104 0.047062 0.042045
0.390034 0.532434 0.083900 0.052092
0.709537 0.657095 0.048949 0.042173
0.936007 0.510868 0.044406 0.028670
0.394568 0.738814 0.053962 0.035610
0.607814 0.396280 0.050184 0.028976
0.071497 0.463561 0.050025 0.048079
0.275477 0.035394 0.055680 0.040907
0.717175 0.738497 0.053631 0.035854
0.496322 0.451559 0.047835 0.033696
0.065853 0.199806 0.055500 0.037991
0.498037 0.784320 0.053914 0.036522
0.179099 0.276983 0.052777 0.031073
0.179928 0.871056 0.055314 0.043218
0.391418 0.610913 0.054893 0.027967
0.822796 0.574822 0.057054 0.034491
0.069124 0.277580 0.053092 0.045841
0.283809 0.341236 0.050348 0.036614
0.076137 0.698283 0.044240 0.034155
0.389162 0.697796 0.048949 0.043161
0.076289 0.964495 0.064796 0.034976
0.492363 0.274762 0.050145 0.043183
0.283715 0.304058 0.053046 0.039382
0.711843 0.776217 0.064568 0.031005
0.712649 0.574029 0.053215 0.036749
0.932333 0.032889 0.051953 0.038145
0.604994 0.032878 0.057335 0.041044
0.284817 0.943996 0.052446 0.033638
0.290118 0.975775 0.053980 0.030467
0.182002 0.518402 0.066173 0.042908
0.274950 0.116839 0.046341 0.034397
0.712650 0.613409 0.052364 0.038308
0.386779 0.317586 0.054883 0.047287
0.489121 0.108951 0.054919 0.031969
0.495154 0.412545 0.042569 0.041913
0.600028 0.597211 0.051067 0.044254
0.827236 0.749367 0.056277 0.027136
0.073944 0.587882 0.052183 0.036986
0.070331 0.375051 0.051957 0.037930
0.077999 0.415690 0.066946 0.043255
0.708675 0.073896 0.056335 0.035038
0.493195 0.191270 0.050399 0.030309
0.175455 0.199747 0.050811 0.044613
0.389724 0.233689 0.052477 0.036469
0.712110 0.850662 0.054478 0.038254
0.174795 0.110441 0.050951 0.035873
0.704984 0.034494 0.048638 0.040881
0.614403 0.964499 0.050113 0.033352
0.273805 0.076151 0.066329 0.043376
0.813305 0.031639 0.060931 0.032268
0.489992 0.322207 0.053689 0.045836
0.491317 0.368484 0.046922 0.042530
0.604711 0.635881 0.048370 0.033154
0.937467 0.231813 0.059127 0.044789
0.603701 0.512446 0.051256 0.036224
0.071986 0.041390 0.055096 0.042832
0.391783 0.649906 0.047363 0.046485
0.286238 0.705209 0.044846 0.035628
0.277130 0.188530 0.046562 0.034302
0.181434 0.909062 0.048599 0.030506
0.078254 0.849263 0.051968 0.031260
0.279986 0.267230 0.047262 0.037580
0.070802 0.131208 0.049352 0.041493
0.185168 0.646427 0.048514 0.033277
0.285518 0.736323 0.051861 0.025861
0.506749 0.949042 0.058445 0.035772
0.077803 0.665521 0.041559 0.029807
0.068947 0.234112 0.048513 0.033098
0.497633 0.824439 0.051635 0.049351
0.388284 0.031083 0.057271 0.035829
0.603311 0.549641 0.053069 0.044659
0.935053 0.587208 0.047429 0.043578
0.179792 0.239396 0.048263 0.033141
0.181081 0.354957 0.050074 0.028844
0.389918 0.576340 0.052219 0.032596
0.185105 0.977320 0.043345 0.024445
0.069601 0.165493 0.044402 0.028468
0.387127 0.200500 0.054638 0.030016
0.179267 0.561944 0.057425 0.038524
0.490685 0.032463 0.044691 0.033958
0.181605 0.420151 0.054773 0.041247
0.178539 0.029777 0.053837 0.033312
0.183081 0.944958 0.045804 0.042754
0.507383 0.977324 0.054124 0.027171
0.384546 0.399604 0.051628 0.045190
0.405043 0.961915 0.051044 0.048785
0.178404 0.469066 0.052872 0.052613
0.179489 0.384703 0.042279 0.028697
0.880541 0.040304 0.028924 0.018693
