0.618699 0.578342 0.067649 0.040263
0.505174 0.825759 0.069590 0.039950
0.615513 0.797007 0.064417 0.037673
0.614413 0.875735 0.064915 0.038636
0.946375 0.611014 0.059954 0.036174
0.175009 0.722849 0.058037 0.036750
0.506254 0.401420 0.057085 0.041449
0.283901 0.202498 0.070499 0.041879
0.951483 0.651542 0.060280 0.037150
0.836861 0.620953 0.067788 0.040597
0.615178 0.753916 0.058775 0.046186
0.725626 0.409143 0.065241 0.044479
0.840448 0.551148 0.063563 0.043137
0.502634 0.356535 0.071690 0.044367
0.503228 0.682230 0.063665 0.043226
0.840500 0.755014 0.058851 0.050728
0.395528 0.706904 0.062131 0.041635
0.505308 0.158073 0.058799 0.036518
0.824591 0.355794 0.072335 0.049561
0.725768 0.237295 0.063375 0.039441
0.608920 0.708468 0.075618 0.041954
0.502925 0.120411 0.069294 0.042275
0.392350 0.579561 0.065344 0.039849
0.724849 0.281107 0.062797 0.043906
0.612807 0.535374 0.067954 0.039930
0.505546 0.631473 0.071278 0.049603
0.501370 0.906137 0.069340 0.042455
0.843056 0.916626 0.076526 0.042547
0.614828 0.290527 0.071423 0.042022
0.726662 0.796194 0.067200 0.039125
0.505956 0.225778 0.055012 0.038766
0.177774 0.763094 0.058029 0.041624
0.729370 0.644196 0.069565 0.041024
0.841248 0.707170 0.065694 0.038596
0.727021 0.158297 0.066273 0.044530
0.617473 0.249208 0.051679 0.035911
0.842539 0.802573 0.053024 0.043925
0.728783 0.685445 0.078069 0.034389
0.731607 0.757211 0.072387 0.036872
0.285832 0.848419 0.053414 0.039412
0.280830 0.280054 0.049832 0.038855
0.726122 0.067102 0.056424 0.046345
0.175277 0.809898 0.058440 0.043531
0.286505 0.586133 0.057553 0.039707
0.840454 0.663914 0.057415 0.040638
0.623514 0.366768 0.074028 0.041216
0.393858 0.538660 0.051617 0.038933
0.508358 0.506823 0.065283 0.040518
0.282265 0.808339 0.050636 0.034163
0.724607 0.460802 0.072500 0.049899
0.949441 0.734462 0.057373 0.045807
0.177413 0.681687 0.059490 0.036224
0.511089 0.581147 0.058298 0.041505
0.616913 0.210591 0.055203 0.042300
0.509699 0.724679 0.059244 0.041542
0.387777 0.794289 0.078839 0.042918
0.725919 0.836533 0.062295 0.040825
0.284373 0.348686 0.058648 0.030415
0.069453 0.216941 0.057851 0.042282
0.075136 0.757780 0.055354 0.041393
0.611087 0.665070 0.065475 0.042504
0.510958 0.309492 0.056358 0.041761
0.180717 0.853710 0.051414 0.038116
0.392246 0.622711 0.062379 0.040855
0.726014 0.953252 0.061277 0.048344
0.607838 0.459044 0.067346 0.049064
0.837908 0.506918 0.054443 0.038009
0.278392 0.508373 0.064044 0.051744
0.940392 0.571107 0.055219 0.036006
0.084632 0.505679 0.059853 0.041565
0.067832 0.261838 0.054167 0.040599
0.828193 0.030521 0.067087 0.039780
0.827809 0.178860 0.070780 0.047143
0.285895 0.416761 0.057434 0.041727
0.847265 0.842682 0.056190 0.034384
0.280486 0.157154 0.051802 0.042862
0.613500 0.835498 0.050480 0.035999
0.382883 0.133863 0.067807 0.039805
0.837160 0.261811 0.063444 0.041039
0.610350 0.621107 0.061989 0.041058
0.396512 0.752102 0.054441 0.040704
0.505731 0.032849 0.085929 0.045920
0.072006 0.300000 0.051929 0.035099
0.614485 0.409947 0.048780 0.041941
0.830562 0.221645 0.075002 0.038676
0.830863 0.307803 0.056421 0.043887
0.080374 0.544872 0.056801 0.033305
0.080902 0.711635 0.054888 0.042095
0.724409 0.112332 0.056905 0.040764
0.943008 0.487830 0.061630 0.041107
0.286239 0.625617 0.053696 0.036283
0.079908 0.668008 0.049483 0.038802
0.728738 0.911728 0.058793 0.031267
0.077631 0.583523 0.051705 0.042488
0.274844 0.078706 0.055393 0.038372
0.503401 0.775584 0.056517 0.051460
0.946521 0.780082 0.066455 0.043755
0.942296 0.444956 0.061047 0.046805
0.947987 0.899413 0.059781 0.040420
0.505903 0.864747 0.050056 0.034859
0.386014 0.220459 0.056175 0.044650
0.945261 0.530539 0.060010 0.035770
0.725946 0.515349 0.076413 0.053639
0.730806 0.720027 0.056813 0.033209
0.951761 0.691426 0.052405 0.034755
0.840477 0.961354 0.066238 0.043334
0.505205 0.437770 0.057030 0.029504
0.078179 0.799539 0.052890 0.040748
0.941848 0.107600 0.049851 0.040796
0.279525 0.460458 0.057661 0.042873
0.064872 0.172273 0.052520 0.042611
0.509874 0.191141 0.057093 0.028591
0.167689 0.155882 0.049947 0.041730
0.277844 0.117104 0.054561 0.037739
0.830838 0.135753 0.067108 0.040827
0.831829 0.069793 0.065475 0.034199
0.727944 0.600166 0.055572 0.044943
0.947132 0.938199 0.052798 0.038312
0.080771 0.626856 0.050100 0.037246
0.394957 0.879009 0.048292 0.046910
0.616869 0.327005 0.065478 0.029553
0.173741 0.643389 0.052151 0.032278
0.392166 0.663240 0.056687 0.039934
0.388995 0.359496 0.046428 0.033003
0.383032 0.090274 0.055124 0.049969
0.282783 0.665264 0.058628 0.044897
0.508654 0.267101 0.050506 0.041223
0.511017 0.542914 0.066574 0.030378
0.507051 0.076339 0.047930 0.042905
0.170522 0.115244 0.051660 0.036538
0.175772 0.576809 0.052598 0.035153
0.282616 0.243384 0.052718 0.034197
0.827303 0.463982 0.059691 0.038641
0.392004 0.391939 0.061919 0.036899
0.392096 0.834435 0.052053 0.036480
0.278600 0.315750 0.045408 0.028729
0.617812 0.027816 0.054159 0.035314
0.286820 0.739819 0.049851 0.035994
0.939766 0.179843 0.045633 0.034967
0.385215 0.295253 0.048481 0.043253
0.829200 0.428008 0.051642 0.036926
0.397568 0.953072 0.054205 0.043658
0.386267 0.175624 0.053823 0.043372
0.076919 0.378318 0.053157 0.031567
0.941323 0.070228 0.060218 0.030330
0.943162 0.397284 0.074239 0.044213
0.076004 0.339108 0.050865 0.041862
0.610996 0.910997 0.061478 0.030240
0.947791 0.974506 0.053093 0.034656
0.281194 0.036431 0.063917 0.042306
0.284967 0.378754 0.055792 0.031240
0.615818 0.498534 0.047403 0.029736
0.944199 0.305202 0.041314 0.039506
0.285469 0.705370 0.052895 0.033398
0.079020 0.414809 0.051160 0.040029
0.283843 0.774859 0.047650 0.030416
0.617030 0.171871 0.048577 0.035932
0.848689 0.879043 0.052269 0.029554
0.504717 0.954299 0.058144 0.049899
0.942094 0.030986 0.046491 0.035762
0.940417 0.264548 0.054755 0.040095
0.619981 0.942617 0.052000 0.034467
0.951197 0.857711 0.062237 0.037985
0.078556 0.459801 0.066359 0.047954
0.723587 0.323024 0.058001 0.038745
0.834780 0.395990 0.056526 0.027472
0.392421 0.499697 0.055538 0.037661
0.171879 0.608864 0.063806 0.029560
0.727552 0.875618 0.046794 0.037093
0.725603 0.558396 0.050382 0.033354
0.939151 0.145650 0.043214 0.033521
0.283996 0.886758 0.050569 0.034886
0.287490 0.966032 0.056076 0.041085
0.174636 0.534461 0.046978 0.041610
0.502001 0.470120 0.043896 0.034772
0.390270 0.257516 0.046896 0.026322
0.941248 0.219682 0.046988 0.043408
0.076952 0.879645 0.060319 0.043544
0.388625 0.330177 0.042334 0.023937
0.723968 0.026183 0.059606 0.033113
0.617965 0.976071 0.050460 0.036037
0.619831 0.061596 0.044067 0.030850
0.287872 0.548319 0.048162 0.028307
0.388652 0.465658 0.044848 0.035937
0.718496 0.366355 0.059797 0.037324
0.077998 0.839859 0.045611 0.033532
0.402955 0.917443 0.057325 0.027329
0.386031 0.037992 0.057937 0.047323
0.828896 0.100968 0.067627 0.028870
0.720874 0.199503 0.073103 0.034165
0.391389 0.429306 0.045714 0.034685
0.169978 0.244072 0.050247 0.040885
0.623358 0.098934 0.059011 0.042537
0.837538 0.586134 0.043950 0.024019
0.079129 0.925005 0.045404 0.041954
0.177215 0.410889 0.049165 0.040309
0.957088 0.817122 0.071306 0.034351
0.628391 0.135386 0.067121 0.032681
0.167533 0.200877 0.051953 0.039595
0.171646 0.040002 0.039584 0.044943
0.179790 0.889529 0.039704 0.031843
0.079558 0.964130 0.041166 0.034970
0.064847 0.044416 0.049838 0.041620
0.172874 0.374504 0.048455 0.027012
0.176221 0.494953 0.050049 0.034522
0.177523 0.917713 0.044751 0.029454
0.181328 0.954421 0.047351 0.037219
0.174374 0.338623 0.045763 0.039527
0.171627 0.081183 0.039013 0.027648
0.172269 0.292899 0.049228 0.049387
0.175938 0.453496 0.044002 0.037784
0.940410 0.350215 0.055931 0.045911
0.301834 0.923290 0.082465 0.041717
0.081403 0.129604 0.086156 0.039000
0.065258 0.093315 0.045531 0.043837
