0.698905 0.593492 0.060373 0.039810
0.879958 0.334996 0.055188 0.033235
0.616480 0.207859 0.055843 0.034771
0.704977 0.309371 0.055428 0.036979
0.702669 0.421922 0.055674 0.037011
0.126419 0.248568 0.056280 0.036276
0.516973 0.295477 0.055751 0.033178
0.509606 0.225153 0.077287 0.034545
0.610902 0.249727 0.056033 0.035644
0.225224 0.361786 0.059784 0.032913
0.121549 0.541332 0.066486 0.034994
0.707675 0.673018 0.059141 0.033717
0.701102 0.796841 0.055366 0.030660
0.705595 0.135243 0.062240 0.028850
0.514095 0.397146 0.050787 0.028608
0.884763 0.246630 0.052514 0.027539
0.703925 0.635959 0.051923 0.037041
0.130403 0.174372 0.058177 0.030317
0.797224 0.740907 0.055878 0.040319
0.128439 0.208583 0.050193 0.035317
0.228228 0.243193 0.057776 0.035023
0.705023 0.171797 0.064469 0.034276
0.323260 0.732352 0.052795 0.038225
0.229548 0.170120 0.054859 0.030131
0.884011 0.152705 0.055510 0.034003
0.703413 0.489340 0.059587 0.029762
0.799166 0.305358 0.046523 0.034050
0.232722 0.434369 0.059535 0.035719
0.803989 0.265218 0.047489 0.035789
0.610501 0.540612 0.053643 0.034587
0.515685 0.430080 0.047046 0.034592
0.610793 0.580503 0.060640 0.037066
0.612055 0.399542 0.055099 0.031940
0.873197 0.577430 0.054916 0.035818
0.417336 0.857894 0.048254 0.030233
0.883143 0.184046 0.052303 0.024369
0.793908 0.699818 0.053438 0.036094
0.801323 0.478504 0.060850 0.032183
0.225882 0.320416 0.051217 0.040619
0.803731 0.229109 0.054902 0.028118
0.802778 0.369594 0.057777 0.028978
0.120216 0.582164 0.056881 0.037320
0.128847 0.499673 0.066594 0.033091
0.607397 0.755768 0.050647 0.035823
0.228985 0.136234 0.057712 0.034282
0.700481 0.836631 0.064680 0.039947
0.793126 0.659247 0.051044 0.033474
0.872275 0.830151 0.049362 0.036120
0.700299 0.273947 0.051833 0.025518
0.699637 0.552294 0.051627 0.033147
0.316673 0.811157 0.051676 0.033997
0.879657 0.113326 0.053891 0.030344
0.506862 0.830115 0.048216 0.036042
0.129923 0.290589 0.057945 0.033571
0.795506 0.815539 0.063324 0.031355
0.877587 0.467505 0.051688 0.033100
0.511626 0.791638 0.047228 0.033317
0.798993 0.404668 0.047701 0.033393
0.701775 0.456859 0.053013 0.026720
0.325446 0.141659 0.056574 0.037064
0.328983 0.221438 0.055595 0.039647
0.798936 0.338280 0.064477 0.025909
0.228265 0.396520 0.059935 0.027628
0.125909 0.460383 0.051893 0.034184
0.417383 0.581442 0.056059 0.031642
0.516163 0.757900 0.050611 0.032806
0.118647 0.760367 0.053469 0.035561
0.610297 0.713912 0.049800 0.041437
0.875889 0.618006 0.052710 0.031078
0.704534 0.387024 0.060542 0.024777
0.803625 0.442167 0.053299 0.030131
0.514579 0.564853 0.056116 0.031016
0.508127 0.868249 0.048592 0.037623
0.880338 0.431117 0.054580 0.026168
0.227476 0.637963 0.056026 0.032542
0.323169 0.578665 0.047894 0.038187
0.801528 0.097170 0.060804 0.028727
0.229377 0.838474 0.060773 0.031353
0.869977 0.762552 0.050169 0.029321
0.232233 0.534845 0.064277 0.028485
0.803208 0.128010 0.060206 0.032383
0.705238 0.715475 0.053363 0.038607
0.507707 0.069946 0.064338 0.032480
0.225820 0.796111 0.046831 0.039604
0.419412 0.234151 0.050937 0.027135
0.230215 0.281558 0.048872 0.030313
0.708431 0.206592 0.053092 0.029250
0.131469 0.138483 0.054033 0.034405
0.323623 0.772468 0.061874 0.034865
0.611580 0.669961 0.054817 0.035252
0.608358 0.508739 0.054770 0.027773
0.229594 0.870890 0.053252 0.028234
0.797904 0.547128 0.050475 0.041141
0.609464 0.434997 0.047702 0.027375
0.323807 0.847850 0.047018 0.029061
0.882259 0.213575 0.044875 0.030879
0.878596 0.503138 0.051510 0.027256
0.229187 0.757581 0.050552 0.034517
0.519976 0.644754 0.064456 0.028475
0.421435 0.156563 0.055104 0.036404
0.117074 0.652311 0.054597 0.027421
0.613233 0.140649 0.053936 0.038955
0.793997 0.780799 0.045685 0.027264
0.325476 0.618751 0.053527 0.029071
0.609783 0.173742 0.049428 0.028819
0.520376 0.607399 0.050568 0.038261
0.516388 0.718414 0.051463 0.031909
0.791743 0.589328 0.052689 0.031745
0.228326 0.205605 0.050078 0.033792
0.512754 0.158767 0.042149 0.028900
0.702999 0.100404 0.046523 0.033291
0.130701 0.102061 0.050484 0.026900
0.799810 0.195085 0.044994 0.033489
0.509704 0.191092 0.043665 0.028695
0.417301 0.380859 0.050398 0.034686
0.322772 0.426910 0.053101 0.028293
0.881448 0.370967 0.049553 0.029381
0.115690 0.856450 0.051363 0.025068
0.611254 0.099198 0.058090 0.036135
0.326542 0.363911 0.054213 0.029187
0.420075 0.653569 0.063366 0.025528
0.609103 0.289031 0.049728 0.032280
0.227709 0.675701 0.047591 0.038881
0.609240 0.326521 0.044562 0.031375
0.803231 0.161831 0.062746 0.025821
0.415980 0.262326 0.059152 0.029809
0.231836 0.568267 0.068987 0.030037
0.328115 0.539730 0.056625 0.035237
0.322312 0.069106 0.055027 0.037845
0.516151 0.525651 0.046051 0.032886
0.603527 0.898775 0.050784 0.032842
0.518926 0.361942 0.048999 0.030093
0.116752 0.688257 0.049602 0.036552
0.701881 0.353616 0.051621 0.035060
0.605383 0.794886 0.061297 0.027032
0.607888 0.473157 0.048733 0.034084
0.417006 0.620258 0.046885 0.035707
0.120432 0.619023 0.061851 0.030692
0.414687 0.822025 0.045443 0.027390
0.703040 0.065886 0.059601 0.028182
0.227552 0.602198 0.047688 0.028979
0.868813 0.865948 0.046022 0.023746
0.123415 0.889973 0.043131 0.032214
0.419806 0.711384 0.042728 0.028149
0.128830 0.067063 0.050472 0.030382
0.419543 0.486439 0.057194 0.026712
0.417586 0.340124 0.045253 0.030532
0.513212 0.261026 0.050424 0.027962
0.515140 0.679440 0.049815 0.033455
0.790862 0.624668 0.052251 0.031696
0.875086 0.651889 0.055744 0.025668
0.603534 0.832865 0.044542 0.036373
0.326477 0.291093 0.051096 0.036128
0.324577 0.329914 0.039137 0.031145
0.880209 0.275877 0.053767 0.021711
0.517286 0.464277 0.056704 0.024541
0.883635 0.302917 0.035436 0.022268
0.866650 0.894092 0.044704 0.029286
0.869974 0.730343 0.042702 0.032984
0.324900 0.501155 0.054859 0.033984
0.415813 0.788496 0.045033 0.031517
0.324238 0.104238 0.055593 0.023733
0.319621 0.695106 0.045713 0.028732
0.703356 0.241063 0.039891 0.028609
0.327907 0.177381 0.054150 0.035347
0.607343 0.361861 0.039481 0.029637
0.881529 0.076061 0.047941 0.032410
0.118798 0.822455 0.042802 0.028825
0.420155 0.450956 0.045850 0.029750
0.227132 0.716882 0.047967 0.034228
0.226167 0.899525 0.047471 0.025850
0.416186 0.416800 0.043623 0.027047
0.115974 0.726556 0.059181 0.024310
0.873336 0.689125 0.044304 0.038275
0.799667 0.902548 0.058125 0.025887
0.417153 0.682388 0.044912 0.023054
0.875348 0.536938 0.038175 0.033856
0.227881 0.472620 0.043659 0.024096
0.516798 0.328296 0.035466 0.026971
0.323723 0.462017 0.040506 0.034214
0.884465 0.399314 0.055825 0.027767
0.125609 0.426574 0.041761 0.029986
0.508791 0.105563 0.051131 0.027943
0.123850 0.365569 0.042833 0.034067
0.231141 0.501570 0.050852 0.029586
0.417892 0.547934 0.039770 0.023668
0.229114 0.065867 0.050821 0.026618
0.511780 0.901966 0.051558 0.023313
0.324593 0.393439 0.056118 0.021204
0.114849 0.793155 0.057960 0.024181
0.418598 0.517921 0.044471 0.026044
0.704330 0.873404 0.047114 0.029825
0.420177 0.121491 0.043126 0.025078
0.419592 0.893349 0.047421 0.031727
0.799258 0.067244 0.057731 0.026261
0.417153 0.299123 0.040855 0.035412
0.869992 0.792833 0.041196 0.026048
0.416835 0.749640 0.037888 0.035991
0.706804 0.520121 0.053857 0.021650
0.519137 0.493834 0.051311 0.019645
0.795101 0.509790 0.036488 0.025265
0.705987 0.903045 0.036791 0.025598
0.131133 0.326223 0.045629 0.032838
0.514181 0.130654 0.050003 0.019673
0.129192 0.399017 0.052035 0.020532
0.610293 0.064807 0.049621 0.024655
0.602552 0.865363 0.040824 0.021548
0.326249 0.253621 0.045732 0.025777
0.418494 0.092042 0.042892 0.025766
0.362610 0.654233 0.041281 0.032446
0.230994 0.099380 0.054083 0.031085
0.613902 0.624646 0.051012 0.042085
0.704393 0.756655 0.036683 0.032896
0.423270 0.199134 0.069956 0.039680
0.320442 0.655579 0.043284 0.034707
0.420782 0.065808 0.048825 0.024020
0.363456 0.464129 0.031706 0.029483
0.324749 0.886909 0.044126 0.035832
0.363184 0.789157 0.039227 0.024157
0.366086 0.889805 0.030017 0.031373
0.795237 0.876001 0.044778 0.023036
0.791813 0.857180 0.048241 0.032677
