0.167640 0.104002 0.077742 0.052738
0.821329 0.102816 0.076582 0.047138
0.270640 0.379928 0.077610 0.059029
0.714525 0.794328 0.076649 0.045910
0.271901 0.528532 0.075297 0.047020
0.382376 0.858250 0.082751 0.051712
0.493905 0.314629 0.077947 0.052623
0.159989 0.590716 0.089176 0.049594
0.607048 0.777920 0.085626 0.047977
0.707674 0.102276 0.085079 0.043215
0.164440 0.480157 0.094794 0.047235
0.379069 0.439278 0.093181 0.056532
0.818803 0.206835 0.079244 0.042125
0.378186 0.379065 0.078617 0.057015
0.483537 0.152746 0.073622 0.051105
0.168861 0.695686 0.079609 0.047061
0.270410 0.270305 0.071473 0.052331
0.715473 0.740453 0.083869 0.055079
0.715363 0.478311 0.094475 0.050595
0.281514 0.817098 0.079845 0.048338
0.713864 0.845782 0.071409 0.048013
0.492693 0.721005 0.075541 0.047660
0.272530 0.216593 0.078287 0.050941
0.267810 0.478821 0.077305 0.043019
0.274298 0.727581 0.076370 0.044366
0.822474 0.539322 0.074815 0.055461
0.486441 0.461651 0.087628 0.061225
0.167219 0.428135 0.085986 0.047627
0.375503 0.319211 0.074269 0.053114
0.597917 0.684371 0.076880 0.037872
0.825392 0.370957 0.077772 0.054655
0.705895 0.425922 0.087200 0.047486
0.173001 0.645421 0.072819 0.044720
0.487205 0.204502 0.087028 0.051534
0.935391 0.911861 0.071946 0.038465
0.597239 0.484437 0.085344 0.048944
0.162018 0.212915 0.078638 0.048652
0.162935 0.265976 0.070774 0.050182
0.274863 0.323099 0.067072 0.051497
0.821043 0.155384 0.070478 0.048439
0.053047 0.091997 0.076461 0.044028
0.273703 0.679162 0.086949 0.043304
0.714537 0.632952 0.076735 0.048764
0.382178 0.911047 0.077792 0.047080
0.924946 0.480258 0.079663 0.051851
0.490969 0.875082 0.077768 0.054576
0.165258 0.159653 0.078460 0.050435
0.822755 0.596728 0.073056 0.053617
0.161746 0.533957 0.092897 0.050638
0.830784 0.317751 0.082082 0.049120
0.835169 0.705731 0.076770 0.049164
0.933191 0.368949 0.075632 0.060505
0.372746 0.145637 0.090471 0.044627
0.933082 0.864466 0.084659 0.049059
0.167152 0.049221 0.087378 0.052667
0.279926 0.866509 0.070882 0.048575
0.716014 0.373746 0.068203 0.050973
0.712126 0.151817 0.079971 0.045528
0.058026 0.139735 0.078390 0.043777
0.597352 0.097031 0.070317 0.055728
0.605372 0.879582 0.079872 0.048133
0.829534 0.918489 0.063034 0.044495
0.487283 0.672621 0.071137 0.042747
0.055249 0.593272 0.091432 0.053239
0.164046 0.323012 0.078359 0.053004
0.822152 0.264146 0.072591 0.059468
0.374700 0.263716 0.070002 0.052515
0.714169 0.687195 0.084299 0.048228
0.602787 0.635353 0.079912 0.048643
0.603717 0.268839 0.081485 0.047316
0.713734 0.950130 0.088132 0.046895
0.601763 0.153936 0.073597 0.053738
0.059591 0.837536 0.092983 0.044214
0.488568 0.103301 0.082683 0.047455
0.062968 0.191730 0.078349 0.050467
0.057734 0.383058 0.088727 0.043138
0.597771 0.830058 0.068259 0.048566
0.059645 0.242802 0.075990 0.043732
0.266840 0.582025 0.068597 0.049294
0.490645 0.962669 0.076594 0.038457
0.598628 0.534209 0.075492 0.048835
0.830321 0.816333 0.073495 0.051147
0.709724 0.318739 0.071744 0.050235
0.276302 0.964800 0.080549 0.047088
0.372612 0.497215 0.081169 0.053144
0.488542 0.819668 0.079288 0.052374
0.492187 0.522631 0.087713 0.059427
0.825643 0.869912 0.081661 0.044117
0.264936 0.107868 0.074039 0.057917
0.824715 0.652784 0.061450 0.051714
0.595681 0.044712 0.082052 0.043306
0.710364 0.898600 0.070572 0.049869
0.594844 0.727907 0.073644 0.042980
0.930896 0.210485 0.071780 0.049436
0.493377 0.768104 0.068508 0.042590
0.373495 0.744190 0.082761 0.045783
0.933485 0.426729 0.083468 0.048089
0.060605 0.891437 0.084097 0.052018
0.064800 0.333136 0.088442 0.049938
0.722958 0.526274 0.086921 0.041613
0.933817 0.809346 0.072503 0.047222
0.383804 0.956891 0.086098 0.039830
0.932556 0.306232 0.073536 0.057071
0.935511 0.647798 0.074659 0.048924
0.597403 0.375492 0.072808 0.050805
0.928897 0.538467 0.068772 0.055920
0.391198 0.798908 0.078124 0.055175
0.933389 0.952985 0.083391 0.042294
0.167847 0.796876 0.080679 0.046801
0.491829 0.363952 0.070914 0.041474
0.827400 0.431043 0.058624 0.052619
0.597644 0.213311 0.067352 0.056225
0.488124 0.406473 0.073459 0.040790
0.061321 0.698429 0.076876 0.039007
0.059180 0.746623 0.076188 0.050019
0.598452 0.432171 0.065624 0.050861
0.055644 0.538579 0.063541 0.052173
0.171342 0.851835 0.075183 0.047754
0.832575 0.760425 0.070587 0.054906
0.709193 0.050333 0.082699 0.053329
0.930403 0.595492 0.059880 0.053031
0.052214 0.436509 0.076420 0.055658
0.826568 0.047832 0.080015 0.050972
0.060576 0.794683 0.076047 0.039288
0.052812 0.487178 0.073844 0.040223
0.372839 0.053418 0.066963 0.052292
0.491837 0.922457 0.073365 0.041932
0.059533 0.286738 0.067096 0.034897
0.488914 0.259315 0.068553 0.054973
0.928167 0.258358 0.069433 0.035415
0.598867 0.321672 0.063381 0.048907
0.378103 0.204951 0.085056 0.061914
0.059028 0.649473 0.056572 0.049852
0.265326 0.166484 0.079319 0.042636
0.267024 0.048611 0.084935 0.050690
0.376296 0.650037 0.063981 0.037228
0.374750 0.694430 0.062049 0.041479
0.823468 0.485443 0.063412 0.047753
0.269052 0.433298 0.059007 0.039754
0.275924 0.915754 0.058576 0.046970
0.374338 0.604870 0.077853 0.053321
0.717226 0.577648 0.075686 0.047803
0.600625 0.585798 0.072819 0.038830
0.489426 0.629527 0.063520 0.037997
0.376956 0.551086 0.056835 0.051055
0.832152 0.958125 0.075998 0.033503
0.275769 0.772219 0.067907 0.032772
0.377126 0.098590 0.073788 0.036192
0.484411 0.052167 0.061634 0.050624
0.712889 0.203170 0.057695 0.043945
0.935625 0.704588 0.068108 0.056037
0.487738 0.582967 0.072473 0.055411
0.067114 0.953803 0.092794 0.056660
0.168439 0.744645 0.081020 0.041216
0.055830 0.046668 0.062021 0.040190
0.918302 0.101637 0.079699 0.049248
0.933264 0.757473 0.060551 0.045312
0.599544 0.923799 0.071970 0.037635
0.932781 0.156521 0.055801 0.049810
0.713475 0.261633 0.071111 0.058896
0.927277 0.047743 0.086776 0.051866
0.173518 0.960879 0.091042 0.044674
0.172888 0.902110 0.082165 0.046844
0.167975 0.379460 0.055851 0.047867
0.271538 0.633947 0.051237 0.044798
0.599186 0.958216 0.096285 0.035503
