0.596508 0.793142 0.084124 0.054122
0.816453 0.153708 0.075059 0.049796
0.277454 0.806535 0.095273 0.053407
0.472351 0.214865 0.081106 0.056306
0.825527 0.829165 0.096316 0.055486
0.937716 0.153164 0.096293 0.050794
0.935335 0.415368 0.075937 0.052985
0.822663 0.673208 0.089337 0.043207
0.821270 0.103629 0.070892 0.048464
0.600122 0.848918 0.090022 0.047242
0.060250 0.214843 0.085305 0.043968
0.703187 0.692774 0.070620 0.051049
0.934389 0.471815 0.088750 0.051092
0.584940 0.424102 0.089729 0.058837
0.710014 0.428754 0.082762 0.049075
0.060752 0.648471 0.076956 0.057266
0.826372 0.771817 0.089476 0.048863
0.476896 0.106253 0.079918 0.046921
0.060218 0.752012 0.086708 0.051702
0.593958 0.647615 0.077719 0.049139
0.703041 0.545176 0.083128 0.052961
0.703390 0.376264 0.088561 0.046312
0.924523 0.208221 0.092415 0.057895
0.708335 0.746298 0.084487 0.046767
0.589457 0.702154 0.079671 0.049232
0.170003 0.578721 0.073526 0.054239
0.701406 0.277944 0.079815 0.050233
0.816201 0.466953 0.069565 0.051895
0.709667 0.849928 0.093579 0.047508
0.280696 0.966331 0.080165 0.041866
0.697333 0.220754 0.079066 0.058811
0.282554 0.704439 0.086730 0.056155
0.486076 0.826484 0.077253 0.046433
0.484149 0.773902 0.065144 0.049428
0.056828 0.163768 0.078274 0.043037
0.379304 0.603733 0.078582 0.047469
0.473720 0.267589 0.080852 0.043591
0.586871 0.154269 0.088689 0.050482
0.375359 0.714065 0.079393 0.050609
0.830175 0.723435 0.085743 0.047019
0.485664 0.924262 0.082873 0.038142
0.165038 0.638773 0.079976 0.056111
0.478264 0.322507 0.069086 0.053672
0.489848 0.969510 0.080789 0.048248
0.586350 0.365161 0.087030 0.047107
0.382513 0.858863 0.077839 0.044252
0.818151 0.570956 0.079473 0.053516
0.705546 0.055037 0.092704 0.056929
0.938274 0.897577 0.083300 0.045089
0.589126 0.052055 0.077670 0.049265
0.706732 0.486591 0.083561 0.058630
0.937048 0.944835 0.081469 0.045072
0.271281 0.756410 0.086887 0.042013
0.933148 0.579465 0.076258 0.039148
0.932580 0.264010 0.090607 0.049645
0.062312 0.858253 0.079494 0.041355
0.584044 0.481433 0.085063 0.046503
0.389063 0.963479 0.071917 0.047371
0.594123 0.539585 0.075996 0.054786
0.939458 0.102924 0.086917 0.045570
0.372844 0.391517 0.074212 0.050696
0.274294 0.916623 0.059646 0.053270
0.818472 0.319309 0.078168 0.043608
0.170438 0.269718 0.073608 0.054497
0.372539 0.656498 0.073338 0.047522
0.274799 0.860575 0.086111 0.051878
0.048644 0.326093 0.086816 0.051830
0.061022 0.808377 0.078829 0.052243
0.707808 0.162016 0.081580 0.049398
0.584106 0.260234 0.077949 0.050803
0.935432 0.844639 0.068569 0.053241
0.592321 0.595360 0.069742 0.047267
0.821071 0.370441 0.069177 0.052475
0.384235 0.812818 0.076906 0.037687
0.171071 0.921858 0.064861 0.046191
0.823627 0.879517 0.085794 0.039025
0.819511 0.207623 0.072969 0.049321
0.705539 0.961261 0.085673 0.055068
0.378718 0.444732 0.083103 0.047676
0.172880 0.866699 0.066357 0.052360
0.374230 0.546722 0.065431 0.053974
0.479677 0.159249 0.073699 0.053098
0.378992 0.767608 0.072104 0.046239
0.375692 0.491941 0.078862 0.044803
0.822527 0.969685 0.087527 0.041764
0.056405 0.546248 0.061402 0.052594
0.589197 0.103440 0.067681 0.048192
0.172150 0.968627 0.077561 0.045181
0.705557 0.641944 0.065816 0.045087
0.371662 0.215349 0.069859 0.058258
0.705317 0.108983 0.081490 0.041919
0.936644 0.625438 0.086771 0.042976
0.165999 0.420623 0.066644 0.052479
0.274159 0.486961 0.074875 0.053760
0.819094 0.517245 0.074810 0.039104
0.482012 0.590126 0.059482 0.044716
0.166073 0.749847 0.075589 0.056418
0.472867 0.055999 0.084811 0.052292
0.593736 0.899590 0.085427 0.047638
0.704940 0.594691 0.078781 0.038975
0.268231 0.116139 0.066116 0.055435
0.054208 0.112691 0.071149 0.047998
0.709348 0.902916 0.082874 0.052254
0.478273 0.373092 0.070340 0.044178
0.927721 0.361783 0.071851 0.042173
0.374776 0.159512 0.065744 0.053633
0.053388 0.268559 0.059033 0.052105
0.167470 0.472277 0.062751 0.044883
0.936518 0.677370 0.068555 0.053871
0.935712 0.789772 0.062657 0.046554
0.819599 0.419705 0.073373 0.039189
0.487964 0.678353 0.080832 0.040293
0.172030 0.322292 0.091413 0.046107
0.059661 0.597058 0.062777 0.038032
0.270588 0.168741 0.074967 0.048878
0.273473 0.435477 0.069007 0.043996
0.166677 0.524360 0.062177 0.048116
0.479522 0.634129 0.058339 0.039472
0.829895 0.926204 0.071176 0.045465
0.056001 0.492536 0.063080 0.048585
0.065551 0.700441 0.077532 0.034534
0.479874 0.540311 0.056547 0.048469
0.166795 0.692286 0.058715 0.046260
0.933288 0.736754 0.064624 0.057468
0.825155 0.051843 0.060096 0.049334
0.269358 0.383258 0.066132 0.047325
0.165125 0.369502 0.074502 0.041839
0.932743 0.529000 0.054351 0.052894
0.380770 0.907900 0.054877 0.045771
0.282495 0.603883 0.080311 0.049201
0.065950 0.907608 0.062244 0.043562
0.373936 0.272730 0.069251 0.053040
0.709783 0.799122 0.051234 0.047171
0.824296 0.624779 0.054134 0.047483
0.820626 0.262414 0.067833 0.055657
0.367471 0.050849 0.079431 0.043714
0.170356 0.811082 0.066262 0.049874
0.594022 0.744789 0.071371 0.031525
0.933574 0.050785 0.079677 0.051816
0.058369 0.443218 0.077852 0.040343
0.269927 0.333371 0.070385 0.052142
0.370002 0.102716 0.062017 0.047936
0.168802 0.212925 0.066751 0.054985
0.369477 0.332650 0.070435 0.057165
0.490882 0.725312 0.078683 0.041393
0.073314 0.960167 0.080080 0.052058
0.477337 0.485075 0.076828 0.048020
0.588714 0.314545 0.052739 0.048493
0.063150 0.058237 0.068771 0.058491
0.705921 0.329422 0.057387 0.046435
0.481943 0.430025 0.069297 0.056050
0.927516 0.315108 0.053350 0.046415
0.266962 0.279247 0.050890 0.043848
0.267946 0.056185 0.073891 0.057180
0.591895 0.206365 0.065567 0.046816
0.279716 0.545025 0.069124 0.054274
0.169397 0.048312 0.073091 0.039564
0.054711 0.381417 0.089438 0.057204
0.485602 0.878268 0.050792 0.050068
0.172359 0.156507 0.068054 0.048206
0.268976 0.650136 0.097591 0.041442
0.600294 0.939299 0.077289 0.027789
0.167698 0.100496 0.061868 0.053947
0.598857 0.971571 0.064084 0.031852
0.268729 0.225626 0.062960 0.053026
0.933706 0.977661 0.082246 0.032446
