0.953794 0.567185 0.065815 0.039149
0.837792 0.520654 0.060937 0.038620
0.618261 0.903924 0.057910 0.035294
0.951768 0.611172 0.063742 0.039400
0.622071 0.721054 0.058054 0.041702
0.840983 0.735505 0.056380 0.035816
0.171702 0.208495 0.055823 0.034044
0.731987 0.729557 0.052390 0.033610
0.727688 0.168011 0.059820 0.036911
0.730573 0.424942 0.055895 0.038943
0.839882 0.851386 0.053306 0.033492
0.280758 0.702950 0.065117 0.040904
0.075553 0.673781 0.057779 0.039815
0.842605 0.560045 0.053861 0.038371
0.510321 0.916713 0.075429 0.038266
0.501577 0.309314 0.054705 0.038566
0.510022 0.759621 0.053498 0.037358
0.837045 0.347222 0.060518 0.045379
0.390643 0.791270 0.054585 0.042126
0.731850 0.385931 0.055646 0.035571
0.841092 0.436730 0.079500 0.039765
0.731589 0.653874 0.058847 0.039623
0.732099 0.868772 0.076214 0.038629
0.505257 0.118696 0.060791 0.037309
0.508271 0.607146 0.055177 0.035576
0.947772 0.728636 0.064260 0.040086
0.390918 0.868822 0.051344 0.039061
0.844042 0.924695 0.058820 0.031967
0.950432 0.309834 0.052199 0.033899
0.619021 0.277402 0.054591 0.035920
0.616215 0.860583 0.063433 0.046425
0.845927 0.888967 0.053218 0.038131
0.175700 0.173934 0.053694 0.034568
0.288937 0.858887 0.048072 0.034241
0.731937 0.800125 0.068109 0.039979
0.730000 0.613792 0.054211 0.036023
0.170130 0.136357 0.054799 0.037667
0.624176 0.314906 0.058546 0.036063
0.502067 0.381696 0.052138 0.040520
0.392502 0.162252 0.057578 0.034775
0.830331 0.478456 0.063773 0.036675
0.946064 0.378677 0.058238 0.040312
0.285735 0.780214 0.053287 0.039630
0.506528 0.531066 0.062634 0.034202
0.949374 0.231390 0.053453 0.040918
0.502130 0.162113 0.075380 0.044013
0.068459 0.633691 0.048330 0.036382
0.508038 0.676080 0.053037 0.043235
0.274463 0.519120 0.056974 0.037465
0.168735 0.583212 0.059901 0.032762
0.832765 0.813743 0.064183 0.037826
0.509219 0.876807 0.050702 0.036188
0.504215 0.720994 0.051879 0.039948
0.942627 0.144469 0.055346 0.039339
0.950748 0.652004 0.065807 0.038460
0.617206 0.401672 0.054024 0.035047
0.068034 0.180842 0.053245 0.039021
0.951601 0.455909 0.051347 0.034012
0.835443 0.394334 0.051806 0.040657
0.834487 0.218029 0.057783 0.033306
0.731557 0.693275 0.052096 0.039935
0.505399 0.424494 0.082978 0.045322
0.171153 0.465457 0.049418 0.037628
0.504984 0.800560 0.049346 0.039113
0.169617 0.874776 0.046574 0.040294
0.068761 0.719061 0.051338 0.044115
0.725421 0.315874 0.058563 0.040576
0.830485 0.257508 0.076155 0.042176
0.954289 0.492652 0.050490 0.037075
0.731859 0.278457 0.059562 0.031183
0.391727 0.556849 0.071008 0.036393
0.391160 0.657712 0.051327 0.037663
0.503413 0.568289 0.046239 0.036300
0.621459 0.551015 0.056570 0.039161
0.067023 0.140038 0.051636 0.037320
0.620036 0.511187 0.051499 0.039116
0.945434 0.944184 0.062866 0.047663
0.724903 0.207132 0.055326 0.038864
0.936256 0.064701 0.055972 0.044874
0.626124 0.816155 0.053489 0.037630
0.386913 0.828808 0.051642 0.035697
0.285404 0.822301 0.045706 0.038689
0.720169 0.055140 0.053860 0.031853
0.955472 0.528323 0.059729 0.028540
0.838391 0.772394 0.047765 0.037324
0.833826 0.176851 0.059314 0.038249
0.505842 0.955348 0.051689 0.039163
0.171012 0.243670 0.046054 0.036922
0.503248 0.467597 0.051028 0.036264
0.505343 0.839171 0.045852 0.034444
0.503430 0.205738 0.050694 0.037891
0.284758 0.742134 0.050275 0.035916
0.391085 0.906772 0.052772 0.037165
0.951174 0.867094 0.046940 0.032885
0.069465 0.259841 0.055701 0.038350
0.066379 0.595874 0.049513 0.037609
0.832746 0.104133 0.050007 0.038652
0.954661 0.902187 0.063781 0.033732
0.072944 0.912308 0.066485 0.041561
0.733627 0.764317 0.053421 0.030896
0.285584 0.659209 0.055045 0.042342
0.173814 0.689349 0.076176 0.043385
0.502051 0.345386 0.047914 0.028019
0.168257 0.544398 0.055546 0.042805
0.951988 0.273903 0.055970 0.033078
0.722764 0.088656 0.056950 0.032564
0.388673 0.703000 0.052959 0.048215
0.730827 0.242130 0.056238 0.032905
0.505061 0.271721 0.046112 0.033679
0.073694 0.869028 0.048007 0.040491
0.386153 0.491377 0.058516 0.036539
0.840636 0.697987 0.054202 0.033259
0.170062 0.909253 0.052810 0.028093
0.172837 0.618089 0.049850 0.038060
0.719514 0.021864 0.061783 0.030765
0.621764 0.674848 0.048836 0.045283
0.384397 0.378675 0.058861 0.047481
0.946876 0.776336 0.061478 0.046494
0.953215 0.416927 0.048032 0.035799
0.950625 0.689379 0.049712 0.034949
0.070420 0.826204 0.052912 0.037236
0.730301 0.574540 0.043963 0.037044
0.835605 0.139683 0.052982 0.028671
0.950878 0.344217 0.045141 0.028832
0.736086 0.906278 0.054216 0.032642
0.070354 0.471853 0.050232 0.037217
0.945882 0.187616 0.051947 0.044454
0.390507 0.329734 0.050490 0.043076
0.284053 0.614567 0.051774 0.042507
0.282773 0.478241 0.051785 0.033230
0.068705 0.069084 0.051128 0.041653
0.620449 0.967226 0.055929 0.030070
0.838171 0.600526 0.052078 0.039144
0.616882 0.066079 0.060966 0.041925
0.616649 0.239999 0.043927 0.034756
0.068322 0.790703 0.040286 0.034775
0.281249 0.439883 0.042999 0.039771
0.735076 0.351278 0.049880 0.029653
0.622932 0.771187 0.064112 0.048195
0.614006 0.109899 0.048675 0.043256
0.605701 0.025791 0.057489 0.035409
0.944945 0.103699 0.051284 0.029013
0.729814 0.468275 0.051041 0.044288
0.385286 0.076375 0.059121 0.039795
0.177616 0.096610 0.053429 0.038180
0.621233 0.360222 0.048406 0.045525
0.839331 0.666497 0.046915 0.033078
0.074787 0.339331 0.050419 0.040139
0.069827 0.300148 0.054005 0.039394
0.935812 0.024795 0.051502 0.030639
0.177339 0.766126 0.049676 0.039273
0.509429 0.639380 0.048903 0.028039
0.831644 0.069659 0.045937 0.028056
0.177360 0.802143 0.046536 0.033721
0.067321 0.028679 0.060719 0.038603
0.065854 0.554894 0.051227 0.041838
0.168288 0.430526 0.042670 0.027582
0.068686 0.106758 0.047146 0.029373
0.173885 0.281800 0.050165 0.035300
0.070678 0.758973 0.041600 0.031645
0.739908 0.834634 0.048421 0.024579
0.613650 0.208121 0.047285 0.029454
0.285660 0.226032 0.059901 0.043260
0.951088 0.826654 0.048863 0.044430
0.274731 0.066874 0.047639 0.036211
0.387395 0.288722 0.056574 0.039800
0.727130 0.507246 0.048461 0.030730
0.281382 0.313610 0.045729 0.034827
0.618157 0.937874 0.043359 0.029020
0.171918 0.504283 0.046718 0.036015
0.504432 0.499070 0.046498 0.025668
0.609167 0.148989 0.061764 0.033123
0.071383 0.219597 0.047727 0.036708
0.174391 0.321364 0.053271 0.042941
0.177168 0.727082 0.057041 0.033986
0.391495 0.624890 0.048185 0.028948
0.287585 0.938017 0.050676 0.039450
0.834348 0.301045 0.058569 0.037138
0.175110 0.835972 0.045600 0.032166
0.617411 0.469314 0.044377 0.039192
0.505536 0.238727 0.042752 0.030473
0.168854 0.398906 0.044419 0.035024
0.071651 0.511775 0.046379 0.036938
0.389564 0.245577 0.048107 0.043543
0.848703 0.958674 0.048099 0.031859
0.739449 0.962893 0.062021 0.029423
0.278614 0.148482 0.048855 0.026841
0.176369 0.361735 0.052051 0.034563
0.076525 0.957722 0.077253 0.047196
0.274639 0.030261 0.053986 0.036521
0.387111 0.120043 0.049869 0.043205
0.729597 0.538326 0.040231 0.031583
0.275869 0.108969 0.054052 0.045183
0.390351 0.594530 0.040897 0.033824
0.276427 0.351988 0.047626 0.037133
0.382720 0.417997 0.074549 0.030461
0.612128 0.181046 0.060838 0.023696
0.619486 0.435592 0.045923 0.030196
0.623807 0.589474 0.055013 0.033740
0.837508 0.636281 0.042570 0.024870
0.175146 0.654240 0.053886 0.028927
0.388488 0.748872 0.054516 0.038335
0.495556 0.030158 0.043040 0.042658
0.172448 0.056181 0.059716 0.044269
0.289662 0.973493 0.043243 0.030367
0.722680 0.124797 0.057825 0.041641
0.071944 0.430093 0.047822 0.041268
0.273267 0.396549 0.055370 0.047171
0.071847 0.386356 0.046770 0.046224
0.381367 0.035174 0.055221 0.042226
0.390234 0.451128 0.044266 0.039791
0.280096 0.181547 0.047866 0.040805
0.391297 0.972195 0.074699 0.033204
0.169624 0.943236 0.061738 0.040375
0.639603 0.623971 0.088888 0.044973
0.392197 0.941075 0.038585 0.030910
0.282216 0.561068 0.055391 0.040079
0.390502 0.200647 0.044770 0.035027
0.285730 0.270690 0.049897 0.043350
0.295847 0.896526 0.074184 0.039892
0.500693 0.076101 0.057095 0.043662
0.173090 0.022847 0.057002 0.030643
0.391556 0.524169 0.054021 0.029652
0.830726 0.030405 0.047140 0.044611
0.737889 0.935393 0.053497 0.023636
0.167279 0.975211 0.061956 0.022474
