0.832960 0.426243 0.072069 0.046179
0.070224 0.491102 0.080197 0.044859
0.183670 0.195526 0.062928 0.037047
0.411321 0.297698 0.068009 0.044781
0.070672 0.403486 0.074775 0.037304
0.402810 0.345373 0.083385 0.048935
0.619724 0.250892 0.066205 0.043768
0.074785 0.223677 0.070669 0.036219
0.620532 0.625274 0.074278 0.050696
0.725120 0.079748 0.074376 0.046289
0.408504 0.397469 0.069636 0.049650
0.181488 0.367982 0.070004 0.042529
0.629223 0.326729 0.064346 0.043276
0.047181 0.903265 0.074434 0.036323
0.514341 0.307423 0.070748 0.043246
0.068166 0.313970 0.073244 0.053690
0.511944 0.257359 0.070092 0.049681
0.180917 0.241514 0.066119 0.044595
0.514807 0.391447 0.069443 0.042659
0.622966 0.201412 0.060724 0.045395
0.929327 0.633400 0.069100 0.043448
0.182272 0.326947 0.066754 0.037286
0.287304 0.184003 0.074897 0.040529
0.289932 0.228896 0.075782 0.039718
0.399864 0.030259 0.083760 0.048911
0.404524 0.123545 0.069728 0.040451
0.833551 0.121295 0.069744 0.043957
0.508455 0.114374 0.087843 0.043401
0.296526 0.305577 0.063241 0.040757
0.066067 0.641058 0.074533 0.043822
0.169585 0.448519 0.077554 0.041990
0.068352 0.362692 0.071949 0.039668
0.289581 0.521187 0.063925 0.039812
0.830138 0.071841 0.072101 0.047488
0.064238 0.539829 0.078573 0.044755
0.509260 0.202558 0.055954 0.051118
0.071135 0.590774 0.068515 0.050667
0.503520 0.770552 0.075543 0.047271
0.934404 0.082814 0.061377 0.034669
0.289331 0.142794 0.066281 0.038136
0.055434 0.693799 0.070947 0.051966
0.622875 0.420708 0.070689 0.049611
0.622405 0.373719 0.054311 0.041457
0.180870 0.152134 0.082537 0.043584
0.073896 0.150518 0.062221 0.029923
0.184293 0.408957 0.072336 0.037419
0.926802 0.910890 0.062299 0.034639
0.398335 0.079919 0.060072 0.043429
0.508467 0.619634 0.070106 0.045037
0.408081 0.167208 0.082218 0.038865
0.510219 0.157385 0.073258 0.038396
0.724940 0.413750 0.069234 0.040928
0.832433 0.294393 0.061590 0.048572
0.505336 0.824580 0.059995 0.052695
0.073499 0.187239 0.079203 0.034532
0.618459 0.673243 0.055535 0.037987
0.722528 0.340028 0.071222 0.039759
0.069766 0.115935 0.054333 0.034495
0.177999 0.616497 0.062033 0.042896
0.284875 0.478296 0.062068 0.037984
0.728249 0.163256 0.068631 0.039386
0.829288 0.852098 0.071864 0.039099
0.508174 0.875748 0.060748 0.043939
0.722918 0.496893 0.056198 0.047055
0.283932 0.613482 0.068111 0.051043
0.725712 0.546999 0.071150 0.050262
0.408204 0.445235 0.086213 0.041978
0.932162 0.547403 0.060014 0.040752
0.621148 0.747174 0.061329 0.043550
0.618196 0.114572 0.062739 0.039250
0.822888 0.971191 0.067962 0.036656
0.519095 0.351929 0.079933 0.036575
0.290554 0.381588 0.070213 0.047820
0.049724 0.860486 0.062059 0.035905
0.507430 0.719174 0.062398 0.054878
0.511039 0.574093 0.073409 0.032360
0.945055 0.343598 0.060588 0.047191
0.625023 0.469729 0.067164 0.042458
0.171378 0.681489 0.070138 0.033959
0.927080 0.586829 0.056278 0.040375
0.832860 0.381066 0.057471 0.036001
0.728522 0.454614 0.059927 0.036020
0.623897 0.156027 0.058521 0.041262
0.939082 0.295647 0.060627 0.047266
0.923901 0.674115 0.066617 0.029237
0.513335 0.482365 0.073411 0.050512
0.503382 0.923490 0.058475 0.042670
0.720430 0.261348 0.076314 0.034212
0.409042 0.210840 0.067230 0.042819
0.287723 0.268008 0.065925 0.033907
0.046124 0.787688 0.065468 0.040660
0.720118 0.740876 0.070293 0.046705
0.071559 0.033507 0.074183 0.046211
0.824802 0.929782 0.056181 0.038367
0.179267 0.567856 0.082682 0.040011
0.616148 0.794803 0.057224 0.050325
0.929911 0.156554 0.064596 0.047830
0.619782 0.839217 0.061705 0.040451
0.930338 0.743911 0.054619 0.038435
0.602525 0.928335 0.066152 0.041009
0.617187 0.068113 0.051413 0.039729
0.279893 0.690649 0.085022 0.035507
0.409014 0.253037 0.055405 0.041375
0.073389 0.076893 0.046446 0.036599
0.830081 0.654707 0.064392 0.042569
0.511669 0.668439 0.068766 0.047707
0.827092 0.200045 0.062157 0.050260
0.513482 0.433617 0.055927 0.038982
0.726290 0.228052 0.073014 0.029890
0.721182 0.030145 0.056837 0.042180
0.722707 0.788521 0.058361 0.044493
0.070978 0.447395 0.057399 0.040397
0.413294 0.491260 0.068744 0.040530
0.513963 0.532515 0.051547 0.042257
0.828338 0.706781 0.061383 0.056652
0.286202 0.655689 0.058930 0.029382
0.830107 0.603733 0.057116 0.053476
0.496098 0.033002 0.070536 0.050938
0.832350 0.247528 0.064295 0.045067
0.070636 0.263979 0.051986 0.037833
0.288438 0.104245 0.053006 0.033160
0.730368 0.948865 0.076078 0.049084
0.837024 0.339372 0.059917 0.037448
0.946249 0.384167 0.064123 0.032294
0.830789 0.476055 0.072373 0.049398
0.724889 0.656396 0.062552 0.054762
0.829299 0.027466 0.065886 0.032251
0.726442 0.196564 0.060680 0.028525
0.179413 0.287118 0.054117 0.037143
0.933956 0.039469 0.058273 0.045578
0.920607 0.819317 0.059028 0.046310
0.277018 0.767063 0.057480 0.051399
0.167351 0.775818 0.085128 0.050079
0.924832 0.951719 0.062175 0.039093
0.932001 0.506538 0.054259 0.037643
0.287657 0.564955 0.059514 0.036491
0.932302 0.245219 0.055938 0.044168
0.505709 0.075407 0.074013 0.028547
0.293536 0.433432 0.049453 0.043039
0.724499 0.839436 0.062346 0.052193
0.827256 0.892318 0.071366 0.030967
0.166377 0.724677 0.061024 0.047335
0.934533 0.202688 0.054160 0.042250
0.722498 0.301119 0.060478 0.031143
0.280789 0.724779 0.069717 0.031968
0.822786 0.805144 0.052230 0.048960
0.181432 0.494876 0.056498 0.042894
0.924547 0.707730 0.049206 0.031945
0.608132 0.882591 0.053843 0.040758
0.626766 0.290142 0.054440 0.025523
0.922348 0.869656 0.049397 0.042208
0.831363 0.159196 0.055369 0.027996
0.293824 0.341116 0.061652 0.027245
0.050809 0.741312 0.044185 0.037431
0.615635 0.966569 0.084899 0.033503
0.721681 0.893643 0.060487 0.053078
0.044063 0.942397 0.056038 0.035103
0.724570 0.122009 0.067116 0.030909
0.181133 0.110123 0.055547 0.031610
0.936874 0.468557 0.054010 0.029136
0.834252 0.554718 0.062681 0.037157
0.944105 0.117449 0.059616 0.029624
0.626543 0.577224 0.051606 0.040171
0.041581 0.973875 0.062151 0.030150
0.507480 0.964894 0.055133 0.036374
0.929878 0.779320 0.051693 0.024354
0.628993 0.504524 0.059462 0.028629
0.616680 0.706030 0.048814 0.029864
0.723077 0.375541 0.045511 0.029071
0.625205 0.537992 0.047023 0.033628
0.824657 0.757156 0.053598 0.039141
0.722082 0.701198 0.066743 0.030493
0.723074 0.603848 0.057822 0.055546
0.615853 0.026259 0.049697 0.033004
0.286110 0.028577 0.048003 0.038362
0.285985 0.069120 0.047596 0.036255
0.940240 0.430411 0.037060 0.039623
0.182447 0.534284 0.056848 0.036211
0.830203 0.518843 0.050594 0.031765
0.046104 0.825016 0.043714 0.031379
0.174478 0.651782 0.050798 0.025117
