0.486700 0.897719 0.058046 0.037357
0.485587 0.627716 0.061310 0.040430
0.822137 0.446773 0.073602 0.038333
0.820526 0.737084 0.061938 0.035155
0.821941 0.860539 0.058246 0.041393
0.373819 0.872896 0.059819 0.041194
0.931263 0.721189 0.056461 0.037831
0.823019 0.404911 0.058771 0.040211
0.710892 0.485493 0.056307 0.035884
0.821453 0.254292 0.053568 0.036744
0.703105 0.765923 0.059097 0.038733
0.374587 0.911467 0.063440 0.035475
0.268508 0.283644 0.060199 0.042645
0.253643 0.864776 0.059117 0.040093
0.608420 0.301735 0.063834 0.040024
0.156481 0.213458 0.067472 0.041909
0.481512 0.709773 0.060190 0.037524
0.829176 0.560009 0.071581 0.034703
0.612958 0.096565 0.060495 0.034524
0.159717 0.327757 0.068951 0.038590
0.484704 0.670858 0.056066 0.039858
0.270459 0.402543 0.057263 0.037064
0.600775 0.379996 0.059204 0.036666
0.493775 0.363595 0.060673 0.039111
0.152318 0.871130 0.058870 0.034011
0.374933 0.793073 0.074481 0.037568
0.256327 0.725846 0.070390 0.039148
0.372087 0.950383 0.067101 0.039775
0.928679 0.211963 0.054373 0.037008
0.586199 0.944866 0.053661 0.030433
0.152288 0.794186 0.074926 0.040357
0.595389 0.797497 0.064391 0.040839
0.377661 0.182110 0.073909 0.041278
0.822791 0.328024 0.053985 0.036147
0.818758 0.817923 0.059435 0.039104
0.158065 0.136116 0.061908 0.038881
0.270361 0.508118 0.059350 0.031137
0.270881 0.163001 0.079654 0.039198
0.493440 0.138906 0.055894 0.033952
0.827975 0.365503 0.061767 0.034481
0.700619 0.840289 0.056518 0.034244
0.265898 0.583141 0.057017 0.031377
0.707748 0.647058 0.062391 0.041279
0.715115 0.308573 0.053420 0.037861
0.489729 0.288483 0.055929 0.041867
0.711813 0.604221 0.060406 0.038216
0.822578 0.670523 0.061812 0.040199
0.500541 0.171617 0.060837 0.028715
0.158025 0.715422 0.054470 0.038381
0.935260 0.793878 0.058139 0.035738
0.597313 0.417058 0.055236 0.032614
0.607360 0.200721 0.053529 0.034464
0.706263 0.523796 0.054640 0.037169
0.931975 0.870489 0.056169 0.035688
0.491600 0.207760 0.054374 0.039176
0.594813 0.759003 0.060750 0.038340
0.698496 0.880303 0.062572 0.039834
0.610023 0.164329 0.055967 0.034501
0.488251 0.248115 0.058650 0.037123
0.158362 0.439196 0.054075 0.041921
0.269565 0.545537 0.056590 0.039315
0.253740 0.904824 0.061895 0.037784
0.375201 0.675410 0.071064 0.040998
0.715577 0.380785 0.053983 0.034395
0.819944 0.905816 0.055972 0.041240
0.475236 0.782218 0.074385 0.041471
0.486834 0.861050 0.053745 0.035940
0.935567 0.555085 0.071799 0.034995
0.605702 0.264642 0.050810 0.032568
0.825105 0.292032 0.058149 0.034417
0.928776 0.832329 0.055066 0.040135
0.273659 0.122654 0.060649 0.035034
0.715671 0.229203 0.053552 0.036596
0.599595 0.452930 0.051419 0.031826
0.707105 0.564466 0.058810 0.041044
0.603664 0.483706 0.056525 0.027107
0.598630 0.517076 0.051964 0.036676
0.378564 0.715821 0.063073 0.038048
0.155106 0.755457 0.065602 0.035530
0.494744 0.027316 0.059867 0.040010
0.823224 0.213569 0.054342 0.039493
0.380294 0.832173 0.058926 0.037751
0.259552 0.938507 0.062770 0.029951
0.602720 0.341664 0.049513 0.039075
0.820025 0.942969 0.052369 0.033135
0.151286 0.834503 0.063993 0.031488
0.380233 0.370923 0.057145 0.039311
0.494441 0.101156 0.053141 0.039761
0.277713 0.090605 0.069228 0.031047
0.718791 0.096489 0.053161 0.034330
0.259698 0.793105 0.059884 0.033851
0.486834 0.585756 0.053960 0.031943
0.823132 0.021075 0.067010 0.035483
0.495934 0.403693 0.055963 0.038376
0.931713 0.760633 0.050874 0.031375
0.380084 0.408757 0.052652 0.033851
0.934314 0.485932 0.063259 0.037031
0.930267 0.309578 0.049868 0.035404
0.271552 0.471203 0.055145 0.039625
0.930155 0.591093 0.055109 0.036777
0.376433 0.753884 0.054594 0.036436
0.931183 0.448229 0.059952 0.037380
0.600555 0.656861 0.056803 0.040987
0.053643 0.535265 0.055366 0.038264
0.377760 0.444561 0.066895 0.035685
0.372828 0.632054 0.076881 0.043043
0.059893 0.912547 0.049043 0.039980
0.613752 0.020894 0.051661 0.036621
0.273490 0.203721 0.057301 0.036882
0.823850 0.522161 0.052128 0.037281
0.486248 0.822344 0.051255 0.039159
0.157632 0.675994 0.064577 0.035165
0.251063 0.828140 0.056253 0.034157
0.823612 0.094184 0.069591 0.037996
0.056440 0.215335 0.055092 0.039321
0.055429 0.293192 0.066267 0.033582
0.154668 0.634162 0.054108 0.037456
0.930584 0.410510 0.056252 0.036330
0.821517 0.634288 0.050535 0.031649
0.936772 0.103935 0.054589 0.035456
0.716383 0.446242 0.049899 0.033926
0.701561 0.942128 0.048298 0.033737
0.055869 0.173988 0.075383 0.039885
0.616787 0.059115 0.050859 0.036730
0.058406 0.953885 0.058110 0.036173
0.716390 0.266955 0.051293 0.039680
0.821829 0.598251 0.048726 0.036409
0.163525 0.096849 0.050851 0.035432
0.157627 0.258718 0.056533 0.041166
0.823539 0.172255 0.051635 0.037805
0.592629 0.841266 0.057391 0.042116
0.161195 0.400343 0.052044 0.032329
0.824847 0.058304 0.053728 0.034847
0.716240 0.344805 0.046049 0.032573
0.162003 0.365190 0.056087 0.033084
0.938405 0.067086 0.049590 0.036387
0.586617 0.914581 0.051664 0.030900
0.488089 0.932804 0.055645 0.033701
0.706356 0.686762 0.050917 0.033273
0.596390 0.721486 0.050754 0.033404
0.157254 0.173350 0.053334 0.034921
0.058764 0.617740 0.058320 0.041872
0.480354 0.744946 0.059183 0.032900
0.933918 0.685589 0.049572 0.030784
0.052478 0.370027 0.058296 0.042272
0.607262 0.130664 0.050357 0.032545
0.933030 0.626546 0.055192 0.033111
0.816861 0.777069 0.057615 0.041509
0.608453 0.233746 0.048708 0.028598
0.057676 0.718985 0.060439 0.037964
0.491028 0.445250 0.052627 0.036869
0.054281 0.130286 0.060114 0.046200
0.928644 0.343399 0.048682 0.033057
0.390480 0.024698 0.057600 0.038799
0.381073 0.286346 0.059748 0.038588
0.056849 0.451683 0.054510 0.040015
0.931515 0.936872 0.048596 0.039162
0.268908 0.242111 0.057422 0.037326
0.936205 0.656386 0.061150 0.026914
0.931071 0.903031 0.048145 0.029297
0.701525 0.803160 0.045248 0.034242
0.061148 0.796735 0.050238 0.041910
0.720210 0.196190 0.048481 0.026987
0.153083 0.906819 0.059625 0.035893
0.602599 0.587962 0.051182 0.031809
0.377863 0.327123 0.071088 0.043064
0.932250 0.521172 0.057481 0.033967
0.270590 0.436074 0.051764 0.026193
0.488433 0.329172 0.056123 0.034781
0.053968 0.411668 0.055218 0.037964
0.061148 0.026523 0.055286 0.037262
0.488836 0.966302 0.053802 0.030748
0.056877 0.257415 0.052683 0.037017
0.721698 0.021049 0.071185 0.032046
0.385174 0.136752 0.054175 0.038303
0.941321 0.028119 0.055857 0.036448
0.260889 0.687320 0.067433 0.036931
0.602761 0.554868 0.056953 0.029735
0.819776 0.483958 0.051839 0.033570
0.054288 0.495823 0.054908 0.040503
0.927427 0.274868 0.049292 0.032276
0.277598 0.056327 0.063879 0.039145
0.161783 0.025593 0.060465 0.039166
0.054422 0.328093 0.066638 0.036484
0.930552 0.375937 0.047271 0.032148
0.493480 0.066367 0.053284 0.034044
0.160278 0.293667 0.054745 0.028527
0.379628 0.482212 0.061532 0.042395
0.587554 0.972316 0.054965 0.023615
0.057453 0.684680 0.071874 0.027262
0.058014 0.875486 0.047462 0.032206
0.059943 0.754571 0.052342 0.037363
0.274762 0.325411 0.054844 0.036564
0.257703 0.967377 0.062764 0.030958
0.162075 0.510178 0.060432 0.036658
0.266773 0.618584 0.053294 0.029587
0.485795 0.510768 0.072388 0.036836
0.278549 0.021077 0.053498 0.030555
0.055723 0.574445 0.052458 0.036690
0.273413 0.364232 0.048002 0.038110
0.056354 0.839372 0.052316 0.036270
0.705188 0.723898 0.056038 0.039568
0.823024 0.134338 0.050076 0.037458
0.054179 0.087411 0.054180 0.035171
0.381295 0.218951 0.051509 0.029779
0.487613 0.548644 0.047863 0.035688
0.488367 0.477532 0.059447 0.026718
0.155737 0.476793 0.055976 0.033832
0.388665 0.098592 0.053223 0.036558
0.373031 0.553701 0.054464 0.039449
0.389601 0.064089 0.053945 0.036210
0.602532 0.618696 0.046766 0.032428
0.587355 0.879930 0.060283 0.036885
0.721389 0.058772 0.044388 0.041240
0.153204 0.940373 0.057029 0.033781
0.161579 0.549237 0.048964 0.040000
0.060294 0.654424 0.056322 0.031607
0.715561 0.414003 0.043624 0.031258
0.373476 0.591023 0.050434 0.037001
0.823000 0.705618 0.047536 0.027612
0.934068 0.138920 0.047118 0.035119
0.718388 0.129780 0.042331 0.029339
0.718923 0.162983 0.049191 0.037224
0.257568 0.762398 0.065470 0.024594
0.927921 0.244717 0.043797 0.029367
0.697969 0.973201 0.067952 0.031363
0.060429 0.058469 0.054538 0.026205
0.929836 0.971728 0.039869 0.032476
0.699023 0.913555 0.052830 0.023755
0.380331 0.249626 0.059085 0.033834
0.149131 0.970309 0.074946 0.032434
0.818194 0.975207 0.053214 0.032950
0.157647 0.592963 0.050945 0.041966
0.377320 0.518144 0.047644 0.027796
0.598753 0.689992 0.046890 0.025560
0.164104 0.062339 0.045789 0.032539
0.261976 0.650906 0.069696 0.032494
0.933989 0.174521 0.044960 0.035630
