0.722722 0.185430 0.067185 0.040198
0.605242 0.235454 0.052041 0.040507
0.486463 0.640946 0.056639 0.033946
0.593655 0.822464 0.057351 0.045070
0.609206 0.278252 0.071119 0.043056
0.706255 0.553958 0.056989 0.050854
0.377766 0.688871 0.055316 0.034648
0.275187 0.627423 0.051374 0.035752
0.487828 0.417197 0.059067 0.044635
0.606596 0.321860 0.061035 0.042834
0.708719 0.433217 0.056933 0.036903
0.488644 0.793430 0.056857 0.041735
0.707156 0.511014 0.059712 0.035161
0.493547 0.376072 0.066458 0.039125
0.931283 0.327159 0.072842 0.043551
0.160859 0.788775 0.068845 0.044094
0.495524 0.253630 0.059165 0.044804
0.265800 0.796324 0.063046 0.044612
0.928951 0.855175 0.057060 0.039941
0.066146 0.454797 0.064840 0.043905
0.711686 0.391760 0.063340 0.044758
0.830114 0.167939 0.054109 0.035575
0.934442 0.736473 0.050338 0.036359
0.929707 0.371908 0.062591 0.041823
0.591344 0.868251 0.060079 0.044157
0.380554 0.506046 0.058597 0.040240
0.596074 0.508505 0.055457 0.042159
0.379548 0.313374 0.059748 0.038865
0.376689 0.650132 0.050890 0.038560
0.927545 0.633173 0.060141 0.039376
0.494357 0.297900 0.053981 0.042628
0.709665 0.472762 0.051636 0.038850
0.711827 0.600499 0.057596 0.036601
0.711668 0.664658 0.056054 0.032320
0.711554 0.344202 0.060666 0.047374
0.384830 0.273693 0.051741 0.035459
0.706189 0.771417 0.072720 0.044706
0.932660 0.286692 0.052625 0.037833
0.378698 0.546972 0.054486 0.038982
0.486934 0.606634 0.045667 0.033477
0.927645 0.781062 0.059817 0.048704
0.935201 0.211612 0.059885 0.036171
0.495559 0.338244 0.054269 0.036394
0.384296 0.233901 0.058307 0.045219
0.819448 0.877458 0.052237 0.042020
0.276236 0.663308 0.048528 0.035108
0.830062 0.132415 0.048891 0.031503
0.486924 0.572586 0.053241 0.030541
0.931182 0.508487 0.049227 0.035697
0.608259 0.158950 0.058756 0.036565
0.272867 0.520390 0.071616 0.037479
0.585976 0.621081 0.060351 0.044152
0.483775 0.752564 0.055961 0.037723
0.276029 0.556305 0.054647 0.038113
0.822401 0.917050 0.054077 0.033838
0.930084 0.930519 0.075770 0.038465
0.488879 0.456521 0.059034 0.035515
0.608219 0.195478 0.047232 0.036260
0.164702 0.412031 0.054069 0.039726
0.268591 0.749263 0.062430 0.045131
0.382495 0.757802 0.056895 0.038349
0.717234 0.260908 0.055019 0.035199
0.594184 0.776149 0.055369 0.043918
0.592058 0.736893 0.058506 0.035580
0.703353 0.697676 0.071819 0.028995
0.481559 0.864833 0.067790 0.043628
0.931459 0.892471 0.053224 0.035887
0.275686 0.592731 0.051550 0.031072
0.055924 0.342006 0.059582 0.043832
0.387760 0.355341 0.060900 0.043295
0.165205 0.372467 0.050204 0.039017
0.825246 0.235553 0.043346 0.040097
0.823180 0.591774 0.048509 0.035585
0.376926 0.402448 0.056081 0.050031
0.591742 0.914042 0.056280 0.044787
0.931228 0.412331 0.051093 0.037332
0.824460 0.631257 0.051557 0.040110
0.376938 0.723623 0.049233 0.034545
0.065956 0.615969 0.059768 0.038289
0.822859 0.555942 0.046116 0.035542
0.484951 0.712912 0.058060 0.043178
0.481092 0.913004 0.066833 0.046474
0.816092 0.835194 0.050176 0.039936
0.381615 0.834737 0.071882 0.041220
0.386118 0.187928 0.052347 0.047715
0.502458 0.176452 0.052722 0.036953
0.930443 0.544380 0.054033 0.036462
0.267617 0.441055 0.056384 0.046532
0.162622 0.973692 0.064088 0.036754
0.376157 0.471078 0.048361 0.030982
0.060440 0.074166 0.049789 0.035795
0.589809 0.960463 0.059555 0.044403
0.486435 0.674213 0.042895 0.032841
0.274043 0.482688 0.051512 0.034435
0.710665 0.634427 0.045649 0.027575
0.818012 0.277797 0.061844 0.039744
0.375999 0.615467 0.047953 0.032278
0.823312 0.674655 0.055219 0.045660
0.062429 0.662278 0.051590 0.051597
0.722070 0.223921 0.048627 0.037003
0.606164 0.363312 0.062789 0.037305
0.378912 0.935624 0.050892 0.039440
0.725708 0.145578 0.050020 0.038397
0.932024 0.669301 0.049296 0.031834
0.060308 0.537198 0.054960 0.044134
0.835105 0.064944 0.054014 0.039052
0.931236 0.969456 0.052873 0.040112
0.166081 0.750740 0.056141 0.033090
0.933957 0.700662 0.044671 0.032278
0.706180 0.963644 0.055761 0.035854
0.613705 0.071808 0.058765 0.034455
0.158999 0.495564 0.058638 0.044116
0.063226 0.496983 0.050992 0.036763
0.061806 0.714152 0.061093 0.050462
0.822153 0.521327 0.045038 0.031421
0.485022 0.532324 0.063192 0.051257
0.833044 0.099214 0.050900 0.032303
0.935767 0.251666 0.060149 0.035706
0.499688 0.211630 0.049976 0.035092
0.590178 0.662366 0.049536 0.038252
0.933998 0.030035 0.052808 0.037735
0.163519 0.454535 0.058058 0.042535
0.930977 0.108491 0.054084 0.045505
0.602332 0.397855 0.053278 0.036796
0.501866 0.069397 0.046893 0.038543
0.921011 0.590525 0.066489 0.044032
0.593892 0.551215 0.050641 0.039879
0.937799 0.065801 0.050710 0.033651
0.931670 0.820756 0.043571 0.030192
0.706154 0.845496 0.056835 0.045105
0.380450 0.796436 0.046521 0.037750
0.600140 0.472606 0.050929 0.031774
0.710724 0.927797 0.055009 0.038468
0.708988 0.886830 0.049023 0.040098
0.271944 0.310530 0.050375 0.048404
0.600623 0.436304 0.060604 0.045406
0.166799 0.939861 0.058018 0.034676
0.267775 0.399334 0.058065 0.040495
0.060444 0.033409 0.047588 0.042105
0.388527 0.146435 0.051629 0.039238
0.932122 0.446452 0.043011 0.034944
0.707615 0.730501 0.048747 0.033802
0.380685 0.971205 0.047949 0.030668
0.834366 0.027128 0.055909 0.036561
0.272605 0.705019 0.046816 0.042042
0.059715 0.146435 0.043063 0.043441
0.820575 0.358900 0.041531 0.032012
0.059458 0.194807 0.049687 0.044800
0.932977 0.476662 0.042177 0.024699
0.716442 0.299870 0.047191 0.039347
0.725933 0.109429 0.053076 0.037090
0.932083 0.148528 0.043469 0.037138
0.262836 0.837410 0.063585 0.038626
0.817351 0.722797 0.049791 0.044878
0.503075 0.106177 0.046041 0.034904
0.934206 0.181660 0.050550 0.024203
0.165336 0.827865 0.054000 0.034202
0.269883 0.357132 0.047724 0.042541
0.493376 0.490392 0.051711 0.028023
0.482814 0.958963 0.049615 0.043082
0.613478 0.031988 0.050274 0.042515
0.165588 0.859193 0.070047 0.030667
0.823213 0.946788 0.043761 0.024373
0.826882 0.201392 0.046585 0.029409
0.273536 0.149906 0.065502 0.044415
0.062361 0.411700 0.044877 0.036061
0.819877 0.322020 0.048140 0.040319
0.385404 0.104106 0.050884 0.042983
0.729650 0.066608 0.054142 0.046951
0.060425 0.108730 0.040523 0.031419
0.164398 0.666524 0.044978 0.034696
0.160370 0.542586 0.050073 0.049347
0.062139 0.764608 0.054608 0.046414
0.378362 0.441464 0.053266 0.025731
0.275758 0.226644 0.051783 0.041573
0.280228 0.034460 0.049043 0.044322
0.275247 0.268048 0.047097 0.035889
0.393114 0.581921 0.078942 0.037448
0.814799 0.798758 0.043447 0.033808
0.594867 0.584909 0.044440 0.026933
0.815762 0.399617 0.053281 0.041556
0.378350 0.870842 0.044769 0.032372
0.058217 0.302059 0.046444 0.030346
0.162664 0.632492 0.053450 0.032303
0.164457 0.708268 0.045458 0.046321
0.501630 0.026231 0.067970 0.043744
0.499939 0.140417 0.045997 0.035815
0.060763 0.576288 0.042409 0.037451
0.707383 0.807451 0.052798 0.030857
0.277166 0.188891 0.048643 0.036288
0.827166 0.974738 0.057431 0.031544
0.166395 0.322895 0.052242 0.044065
0.157918 0.592058 0.049379 0.047665
0.166481 0.898365 0.050831 0.047263
0.486548 0.830533 0.054134 0.033850
0.063708 0.378125 0.049999 0.026787
0.377680 0.902417 0.039355 0.030622
0.274469 0.104568 0.064329 0.048774
0.815631 0.440971 0.052838 0.041632
0.263070 0.937984 0.062448 0.039082
0.731294 0.026161 0.043952 0.033459
0.386086 0.065022 0.047454 0.036537
0.163994 0.250290 0.045818 0.038765
0.163323 0.286101 0.043822 0.033321
0.160387 0.122444 0.062508 0.035776
0.816411 0.765070 0.043853 0.038092
0.282849 0.071525 0.048370 0.025089
0.057517 0.271440 0.039471 0.034652
0.819220 0.484642 0.056821 0.042502
0.063117 0.234774 0.044609 0.026392
0.263902 0.873763 0.042532 0.034282
0.610542 0.113990 0.054366 0.053652
0.168898 0.161839 0.050882 0.045351
0.591472 0.699731 0.046825 0.037217
0.261371 0.973017 0.058577 0.041764
0.173046 0.031214 0.053036 0.046698
0.389187 0.028367 0.041858 0.036947
0.265466 0.903089 0.040910 0.026976
0.164221 0.208411 0.047317 0.042081
