0.478811 0.728879 0.076004 0.056689
0.375621 0.578066 0.083649 0.055961
0.272438 0.417060 0.080021 0.052092
0.925389 0.733256 0.080487 0.053247
0.368693 0.931076 0.080467 0.044027
0.819723 0.347497 0.086246 0.059672
0.275850 0.306390 0.078941 0.046008
0.477313 0.790767 0.072349 0.054454
0.374344 0.143818 0.088113 0.056471
0.382373 0.363080 0.083598 0.055306
0.820176 0.905992 0.084973 0.051149
0.591455 0.768700 0.082497 0.050692
0.381541 0.203788 0.091574 0.055612
0.069417 0.377593 0.080214 0.050912
0.377387 0.830027 0.076636 0.051982
0.590833 0.442483 0.084893 0.045900
0.701916 0.768724 0.079143 0.050012
0.271045 0.203094 0.083223 0.051792
0.273246 0.839526 0.088705 0.048975
0.592936 0.228694 0.070782 0.052078
0.484895 0.396776 0.078555 0.057929
0.711900 0.169712 0.076053 0.048492
0.591596 0.339053 0.082318 0.052471
0.933825 0.577781 0.087435 0.047226
0.821562 0.454252 0.086017 0.050696
0.486056 0.168255 0.074047 0.052711
0.072822 0.321531 0.083103 0.051649
0.068185 0.433195 0.087506 0.054452
0.375137 0.675933 0.078519 0.050918
0.267433 0.688225 0.072699 0.055302
0.271104 0.745250 0.073129 0.051624
0.269350 0.516170 0.089635 0.055080
0.270852 0.893001 0.084769 0.051226
0.711980 0.114115 0.081993 0.050528
0.594531 0.282836 0.074116 0.045766
0.474200 0.889733 0.076908 0.041737
0.587816 0.865681 0.077833 0.048952
0.064781 0.719951 0.084046 0.057351
0.370700 0.884237 0.070893 0.049798
0.707024 0.601855 0.066075 0.045372
0.066194 0.263906 0.075300 0.055493
0.714467 0.224294 0.070093 0.052441
0.929425 0.828054 0.073560 0.042154
0.827163 0.291187 0.070063 0.049940
0.376957 0.524496 0.072768 0.047577
0.587172 0.603375 0.085838 0.050398
0.923193 0.780441 0.077257 0.041412
0.940243 0.105017 0.074381 0.048056
0.374793 0.724306 0.082293 0.039635
0.719561 0.055234 0.090036 0.055897
0.586427 0.712657 0.068584 0.048126
0.694704 0.878472 0.083377 0.048126
0.707570 0.549471 0.071765 0.053504
0.928729 0.484217 0.076385 0.053893
0.703620 0.652917 0.062504 0.050844
0.929357 0.630245 0.079620 0.052501
0.703249 0.824876 0.064243 0.053675
0.818600 0.403518 0.067647 0.044212
0.713829 0.497041 0.079229 0.046714
0.380475 0.088906 0.066622 0.046142
0.826596 0.183090 0.080647 0.064455
0.171201 0.539354 0.076190 0.049582
0.591588 0.550557 0.078634 0.051437
0.707446 0.970645 0.090915 0.045424
0.816591 0.854509 0.092359 0.046237
0.060783 0.487981 0.084541 0.043924
0.713674 0.277758 0.068624 0.051241
0.167940 0.374536 0.076732 0.043460
0.380140 0.308229 0.085438 0.045964
0.487756 0.289596 0.076266 0.055160
0.817840 0.663808 0.078331 0.041085
0.938177 0.426957 0.075433 0.051247
0.166132 0.754967 0.064974 0.054443
0.577112 0.963300 0.077489 0.044499
0.370605 0.774259 0.075055 0.049051
0.271579 0.632167 0.066402 0.047807
0.817187 0.714267 0.060610 0.050271
0.168505 0.952465 0.074092 0.049709
0.165548 0.426678 0.064114 0.051608
0.487391 0.108813 0.079799 0.060940
0.703186 0.711563 0.061889 0.051389
0.166864 0.647646 0.074231 0.053002
0.587276 0.916967 0.066165 0.042512
0.172950 0.102729 0.069649 0.056301
0.482583 0.051167 0.081753 0.052429
0.477950 0.451749 0.086296 0.046073
0.479040 0.671268 0.071927 0.053271
0.823506 0.238442 0.093276 0.047366
0.172416 0.853087 0.062490 0.047110
0.482340 0.615800 0.071682 0.052417
0.268834 0.937201 0.081331 0.033609
0.596483 0.051213 0.081465 0.057980
0.585538 0.661580 0.064988 0.050152
0.484076 0.342083 0.076163 0.039292
0.069474 0.095039 0.065351 0.042922
0.831157 0.509456 0.084550 0.050862
0.069507 0.881891 0.073450 0.052434
0.270749 0.361542 0.068871 0.054045
0.937154 0.161934 0.079361 0.059408
0.704536 0.442194 0.082626 0.057117
0.067313 0.593234 0.075365 0.045734
0.488929 0.230114 0.081812 0.061570
0.817980 0.612719 0.063682 0.053826
0.471738 0.932662 0.068252 0.037316
0.706164 0.383852 0.070740 0.050041
0.374151 0.418830 0.076985 0.045813
0.481840 0.505568 0.064273 0.054469
0.068415 0.045783 0.076924 0.047427
0.478772 0.971538 0.093655 0.038819
0.830905 0.056732 0.081824 0.059370
0.940299 0.375638 0.076821 0.049355
0.070739 0.541775 0.071237 0.052599
0.932749 0.531715 0.060054 0.041497
0.927527 0.681828 0.068641 0.042515
0.269538 0.465093 0.076912 0.039772
0.377464 0.470160 0.078385 0.048103
0.071291 0.924540 0.070402 0.035995
0.173958 0.322097 0.071818 0.049627
0.925420 0.915864 0.064821 0.039044
0.067228 0.774918 0.067383 0.052223
0.588739 0.816691 0.084073 0.038935
0.272064 0.096667 0.070252 0.049197
0.165471 0.702208 0.070562 0.042732
0.271736 0.793798 0.064625 0.036177
0.269734 0.047251 0.089119 0.048447
0.372821 0.626633 0.068507 0.036328
0.071149 0.965843 0.080595 0.043329
0.934309 0.323631 0.069094 0.048273
0.374077 0.971149 0.077435 0.035549
0.703474 0.925784 0.077076 0.042266
0.817119 0.766507 0.057322 0.046902
0.927086 0.871650 0.064479 0.040970
0.169187 0.902229 0.067853 0.038469
0.936830 0.270175 0.063272 0.053457
0.595366 0.171066 0.073091 0.051959
0.584404 0.495886 0.068567 0.044341
0.816082 0.811184 0.063492 0.036785
0.056339 0.828647 0.081082 0.048179
0.477039 0.844557 0.052117 0.045242
0.829056 0.117601 0.066037 0.059554
0.167457 0.483676 0.055724 0.050065
0.075392 0.202566 0.075704 0.056322
0.172980 0.154189 0.062904 0.042590
0.379410 0.043641 0.072999 0.041175
0.591011 0.393157 0.053973 0.047225
0.169499 0.804959 0.071353 0.037762
0.071443 0.142558 0.054994 0.045265
0.937122 0.218288 0.067908 0.049567
0.596726 0.111510 0.067061 0.058281
0.168004 0.590621 0.053159 0.048954
0.273342 0.150619 0.070026 0.051626
0.711148 0.331214 0.056237 0.046781
0.172411 0.046550 0.056349 0.046254
0.482259 0.559437 0.065174 0.044121
0.940204 0.054987 0.067565 0.053455
0.271389 0.576057 0.089646 0.055370
0.379013 0.260540 0.056287 0.049706
0.820589 0.561790 0.076875 0.036344
0.277294 0.971351 0.077728 0.036368
0.924806 0.965832 0.059915 0.045964
0.171460 0.210768 0.059011 0.060520
0.277367 0.258879 0.055557 0.048130
0.070476 0.646474 0.067345 0.053182
0.172076 0.267710 0.052552 0.047599
0.820349 0.963160 0.058021 0.051034
