0.391823 0.749075 0.090510 0.058658
0.938322 0.269854 0.072781 0.054946
0.618424 0.767255 0.073145 0.058456
0.057531 0.168062 0.073516 0.051887
0.944752 0.647978 0.080364 0.057712
0.940684 0.708030 0.075527 0.049556
0.060893 0.633554 0.076600 0.053516
0.394675 0.580172 0.075574 0.057097
0.056931 0.275362 0.092266 0.050290
0.611792 0.269696 0.073301 0.047849
0.505771 0.290538 0.071240 0.057114
0.502288 0.454998 0.079148 0.047588
0.059085 0.883042 0.081186 0.042726
0.831258 0.886292 0.085784 0.045300
0.054908 0.385673 0.083818 0.046076
0.616395 0.428819 0.077168 0.047572
0.830124 0.113633 0.079946 0.047099
0.165063 0.747946 0.086850 0.043659
0.393457 0.323852 0.078801 0.050798
0.509869 0.348986 0.078036 0.049400
0.166542 0.895015 0.085740 0.044949
0.502421 0.731002 0.079958 0.047628
0.395603 0.851314 0.091460 0.045052
0.392354 0.527180 0.064275 0.048300
0.165172 0.645296 0.077927 0.046965
0.394626 0.374291 0.090602 0.042786
0.938252 0.863104 0.078166 0.048731
0.717274 0.643070 0.072763 0.046152
0.281743 0.627765 0.072145 0.052110
0.826726 0.442755 0.071260 0.052832
0.605783 0.220610 0.078563 0.046259
0.392143 0.900949 0.086423 0.049864
0.064685 0.577606 0.082852 0.049897
0.615335 0.164694 0.084732 0.053723
0.725765 0.694473 0.086539 0.048073
0.165192 0.115711 0.087300 0.048402
0.280717 0.737356 0.086045 0.050398
0.166541 0.265201 0.069922 0.048960
0.934213 0.810920 0.071445 0.046019
0.619185 0.709976 0.087133 0.048873
0.392528 0.636354 0.084844 0.048969
0.162799 0.378692 0.071146 0.046123
0.282704 0.304456 0.084344 0.046144
0.506140 0.401507 0.065328 0.049757
0.935779 0.489024 0.100128 0.050980
0.277104 0.858951 0.074646 0.057174
0.280009 0.966136 0.078614 0.044189
0.723633 0.477649 0.071203 0.050325
0.723218 0.310827 0.093305 0.053323
0.391514 0.478939 0.072065 0.049572
0.619069 0.964472 0.083054 0.046151
0.617021 0.920973 0.073389 0.041618
0.055613 0.222400 0.087109 0.044093
0.278520 0.252325 0.062293 0.048839
0.936392 0.909663 0.073863 0.037279
0.723462 0.205384 0.071033 0.049150
0.830861 0.782683 0.073124 0.045671
0.722618 0.107244 0.078594 0.042274
0.510959 0.951957 0.081162 0.053005
0.725884 0.057663 0.080648 0.051294
0.504895 0.505663 0.086541 0.043284
0.719808 0.589798 0.070070 0.050768
0.832117 0.672672 0.080441 0.062855
0.054053 0.785126 0.064755 0.043675
0.943331 0.591987 0.073617 0.051964
0.272257 0.681845 0.086319 0.048480
0.509427 0.237360 0.081731 0.043876
0.166728 0.323600 0.070577 0.056011
0.829008 0.836630 0.073336 0.052042
0.393839 0.167476 0.091773 0.059947
0.170885 0.592752 0.065576 0.051279
0.605972 0.108166 0.075180 0.050486
0.059858 0.475558 0.072287 0.046857
0.722315 0.422503 0.087936 0.052924
0.724785 0.155350 0.077174 0.041816
0.505060 0.842370 0.070640 0.054376
0.280905 0.796941 0.073360 0.057617
0.386675 0.805088 0.084898 0.040843
0.389388 0.425874 0.076618 0.049460
0.616177 0.591146 0.069100 0.057650
0.833199 0.219709 0.067552 0.048119
0.830897 0.167300 0.065863 0.051520
0.835333 0.274660 0.067901 0.048225
0.507795 0.564985 0.072555 0.063138
0.939880 0.759458 0.062757 0.047385
0.059292 0.526110 0.060619 0.047853
0.054092 0.834915 0.071349 0.044336
0.938162 0.325967 0.076564 0.053373
0.058507 0.735371 0.069587 0.040767
0.057079 0.332127 0.065508 0.048805
0.612472 0.322280 0.092269 0.047195
0.061652 0.430401 0.076890 0.038869
0.060902 0.967632 0.078870 0.044220
0.609304 0.485004 0.079886 0.050688
0.939399 0.055777 0.069069 0.053527
0.168508 0.213905 0.069052 0.045825
0.276879 0.915935 0.063649 0.046110
0.937260 0.952453 0.088129 0.048825
0.159885 0.428489 0.077915 0.046769
0.276340 0.521418 0.071528 0.056330
0.502665 0.622448 0.072487 0.049559
0.830554 0.928988 0.065487 0.039332
0.165866 0.536202 0.070558 0.049972
0.722334 0.536057 0.070061 0.055635
0.718206 0.854050 0.061313 0.052504
0.610079 0.654367 0.079420 0.062279
0.163482 0.480467 0.078530 0.044841
0.396995 0.111736 0.083373 0.046539
0.507029 0.120565 0.069134 0.059062
0.161638 0.935798 0.080699 0.033056
0.609245 0.056260 0.078634 0.045874
0.829000 0.061297 0.062302 0.052544
0.610853 0.875433 0.080105 0.043903
0.054671 0.687924 0.063284 0.047044
0.505764 0.893634 0.066053 0.046616
0.282238 0.573255 0.080172 0.042930
0.827737 0.558328 0.076165 0.046260
0.722226 0.958249 0.085113 0.054004
0.395491 0.060973 0.075979 0.049598
0.500358 0.182058 0.086662 0.054065
0.060995 0.925775 0.084040 0.038267
0.940701 0.212045 0.071635 0.053166
0.170261 0.063259 0.076596 0.051214
0.389477 0.691593 0.060613 0.048376
0.720864 0.746827 0.065378 0.046979
0.825369 0.731865 0.066750 0.049147
0.272994 0.404561 0.073447 0.046545
0.835082 0.611084 0.073260 0.050283
0.939730 0.538009 0.079459 0.040199
0.719522 0.367309 0.081142 0.056310
0.168761 0.798213 0.056837 0.045602
0.936604 0.436688 0.075350 0.054213
0.283938 0.462876 0.089637 0.048684
0.507089 0.061684 0.069056 0.046197
0.938755 0.106840 0.053995 0.045454
0.720838 0.800141 0.060482 0.050679
0.056936 0.114821 0.059303 0.047107
0.941952 0.157639 0.052625 0.049625
0.616867 0.376098 0.077143 0.051137
0.614866 0.535250 0.059840 0.042091
0.722364 0.906611 0.062355 0.049720
0.832495 0.499122 0.063202 0.051811
0.823564 0.965765 0.066978 0.032226
0.278173 0.131517 0.067069 0.054299
0.504456 0.676103 0.078177 0.051008
0.055533 0.063952 0.059428 0.049431
0.167780 0.166629 0.055828 0.047849
0.836277 0.331233 0.074874 0.054087
0.942310 0.379910 0.049411 0.048135
0.169536 0.847283 0.059042 0.040054
0.507726 0.786343 0.059280 0.048406
0.398746 0.959974 0.099195 0.057495
0.169013 0.969573 0.069734 0.035463
0.275743 0.071671 0.091249 0.062905
0.273149 0.195084 0.088055 0.065915
0.726092 0.258487 0.061681 0.046270
0.396593 0.270132 0.056772 0.042847
0.834425 0.387794 0.069010 0.053944
0.391628 0.221788 0.071236 0.041314
0.169089 0.699021 0.050236 0.047830
0.284635 0.351999 0.088340 0.039623
0.614583 0.825254 0.072942 0.046950
