0.522162 0.847473 0.056071 0.032200
0.521397 0.433543 0.047934 0.031823
0.424869 0.456530 0.054020 0.031783
0.331880 0.814317 0.061592 0.035121
0.331270 0.775277 0.065081 0.032401
0.610774 0.633364 0.056807 0.031860
0.614112 0.835699 0.051587 0.035217
0.331497 0.306544 0.062186 0.035889
0.617584 0.433952 0.047198 0.034968
0.332607 0.372642 0.060566 0.031176
0.429130 0.356185 0.055540 0.028588
0.621249 0.333314 0.052675 0.032152
0.804430 0.270817 0.051239 0.036550
0.327663 0.852645 0.062601 0.031239
0.237993 0.354235 0.060819 0.036166
0.619770 0.367454 0.051832 0.029548
0.332135 0.890157 0.061549 0.035326
0.896874 0.708171 0.050024 0.030346
0.896540 0.873571 0.052115 0.033055
0.425584 0.734308 0.048798 0.035029
0.526454 0.296514 0.048616 0.035689
0.714492 0.459849 0.052867 0.031973
0.897584 0.673238 0.051384 0.033769
0.809280 0.620892 0.056105 0.029529
0.897683 0.637867 0.054353 0.032935
0.806092 0.445235 0.047913 0.037947
0.431337 0.217833 0.055759 0.033146
0.428616 0.183513 0.048649 0.028905
0.712261 0.755520 0.053340 0.032235
0.898879 0.483754 0.049501 0.033608
0.617976 0.874148 0.048760 0.031031
0.896436 0.838111 0.056909 0.031870
0.144687 0.244060 0.056731 0.036595
0.898012 0.574660 0.054489 0.031223
0.147512 0.587893 0.062138 0.033694
0.611577 0.741341 0.052980 0.036955
0.620570 0.301739 0.057701 0.032785
0.333206 0.704086 0.051536 0.029348
0.238047 0.589075 0.050843 0.030363
0.530648 0.187530 0.056160 0.034375
0.150060 0.547989 0.050729 0.032344
0.334361 0.232169 0.055775 0.032884
0.522038 0.370109 0.045065 0.036338
0.421415 0.882298 0.053793 0.031958
0.895980 0.448401 0.054551 0.033397
0.332489 0.199071 0.054195 0.028060
0.522441 0.466072 0.043963 0.028610
0.616670 0.467190 0.044840 0.027530
0.522700 0.627544 0.049241 0.032334
0.427001 0.388750 0.052111 0.029158
0.525337 0.500947 0.055736 0.031949
0.906441 0.184394 0.057368 0.029451
0.523543 0.335194 0.049117 0.031628
0.239682 0.730598 0.050014 0.035427
0.811226 0.875162 0.055106 0.031909
0.240741 0.764474 0.058166 0.028426
0.337211 0.137449 0.050391 0.031882
0.712670 0.369058 0.057514 0.030328
0.800948 0.229803 0.057316 0.033947
0.611957 0.665614 0.056440 0.029450
0.432684 0.281342 0.053015 0.030028
0.236513 0.653978 0.047551 0.036930
0.808443 0.587501 0.048385 0.035225
0.714327 0.168457 0.050219 0.035241
0.518781 0.662421 0.047854 0.035485
0.805581 0.306025 0.052393 0.028493
0.520005 0.596664 0.049226 0.027165
0.522262 0.881239 0.051180 0.025620
0.891357 0.738980 0.045836 0.028626
0.334380 0.407654 0.051805 0.032929
0.712318 0.266308 0.051511 0.026503
0.807135 0.408626 0.051461 0.030526
0.532169 0.261785 0.056682 0.033590
0.898531 0.604893 0.055268 0.030005
0.424980 0.587536 0.056824 0.029702
0.331627 0.560247 0.053367 0.035449
0.614241 0.397345 0.049416 0.029006
0.143198 0.279624 0.048392 0.027207
0.522427 0.568329 0.051639 0.024761
0.529794 0.154785 0.055787 0.025736
0.892590 0.802146 0.048960 0.027962
0.712162 0.595036 0.046501 0.032337
0.151751 0.512537 0.057551 0.030713
0.237214 0.386302 0.056972 0.025760
0.139022 0.172991 0.050765 0.027234
0.804547 0.512008 0.046285 0.036734
0.519612 0.538184 0.048605 0.033857
0.241827 0.420035 0.053059 0.032026
0.808986 0.652899 0.057858 0.026523
0.805145 0.807171 0.045185 0.034982
0.896057 0.414497 0.049446 0.031059
0.240819 0.694842 0.053244 0.033527
0.239544 0.527867 0.052021 0.029557
0.423049 0.694826 0.049927 0.027980
0.806671 0.161140 0.046771 0.031933
0.430595 0.494708 0.050406 0.034994
0.715443 0.202786 0.054640 0.030911
0.807186 0.195090 0.045704 0.032841
0.613414 0.597974 0.049626 0.032967
0.621253 0.130729 0.043057 0.035399
0.426161 0.421396 0.040107 0.029827
0.330034 0.636301 0.048482 0.032137
0.146535 0.381051 0.049025 0.030337
0.807649 0.372606 0.054529 0.039203
0.717519 0.723704 0.050569 0.032143
0.330422 0.921724 0.049943 0.029611
0.896746 0.909270 0.063255 0.036953
0.806136 0.478812 0.047529 0.023971
0.904548 0.215741 0.053857 0.032581
0.900719 0.513662 0.056023 0.028245
0.333578 0.738056 0.047449 0.029409
0.714883 0.494710 0.046927 0.035307
0.523209 0.402884 0.039097 0.024280
0.899886 0.321967 0.048120 0.035820
0.716786 0.654777 0.045216 0.026513
0.144449 0.206524 0.052865 0.029304
0.619812 0.163718 0.052638 0.025688
0.526442 0.223170 0.045455 0.033616
0.237287 0.834395 0.044499 0.030841
0.421827 0.660833 0.047506 0.030857
0.809745 0.095921 0.053695 0.029132
0.807308 0.687636 0.048726 0.036675
0.236106 0.172847 0.044321 0.029273
0.615951 0.803367 0.056820 0.024968
0.329659 0.339811 0.053650 0.024669
0.898982 0.543989 0.048005 0.027483
0.329848 0.670507 0.043205 0.028799
0.525589 0.099698 0.048018 0.030655
0.517578 0.780872 0.039908 0.027562
0.711729 0.234324 0.044288 0.032223
0.714868 0.336010 0.048747 0.033010
0.236517 0.202890 0.039174 0.028703
0.235320 0.912316 0.051589 0.035903
0.715334 0.887170 0.045692 0.031123
0.236344 0.316085 0.045127 0.030324
0.238573 0.873690 0.050646 0.035947
0.810444 0.911646 0.048383 0.035113
0.713761 0.297890 0.047061 0.035021
0.423445 0.917503 0.049857 0.029772
0.521027 0.811537 0.050912 0.027742
0.892908 0.770973 0.045516 0.028767
0.611924 0.561403 0.044276 0.034168
0.335572 0.271298 0.054337 0.036756
0.431211 0.253531 0.045755 0.027920
0.806217 0.729569 0.047024 0.039511
0.234160 0.559244 0.046363 0.023761
0.236718 0.621503 0.050269 0.024003
0.714981 0.791679 0.053699 0.027849
0.330063 0.509492 0.043725 0.029014
0.142144 0.311199 0.044927 0.032128
0.237153 0.232234 0.053422 0.023624
0.714777 0.626814 0.044528 0.023858
0.613949 0.532926 0.045955 0.026826
0.620688 0.226611 0.047987 0.036724
0.618739 0.265647 0.043593 0.037094
0.423113 0.767715 0.049901 0.025285
0.331667 0.475771 0.042077 0.031144
0.901075 0.284917 0.045074 0.035020
0.140458 0.345190 0.044845 0.033063
0.714206 0.919481 0.043824 0.030737
0.242726 0.797912 0.048870 0.034895
0.713790 0.563641 0.042034 0.032279
0.714109 0.429081 0.047886 0.021730
0.148083 0.478226 0.042630 0.030145
0.237439 0.457314 0.042947 0.034278
0.805053 0.336975 0.048759 0.031817
0.338704 0.104164 0.050431 0.027749
0.805413 0.769526 0.041002 0.031324
0.331886 0.441064 0.043980 0.029742
0.712499 0.531410 0.039562 0.031801
0.896083 0.382605 0.044846 0.031757
0.424144 0.528515 0.040060 0.031926
0.713382 0.684087 0.044705 0.034502
0.805634 0.127721 0.044435 0.029037
0.518082 0.753638 0.038498 0.029944
0.427766 0.154293 0.045644 0.025456
0.421233 0.842164 0.042488 0.030663
0.902908 0.354281 0.053988 0.026205
0.619209 0.192909 0.042391 0.029914
0.716379 0.824176 0.047952 0.036387
0.145314 0.736389 0.048613 0.035109
0.529055 0.128611 0.049735 0.022035
0.338187 0.168841 0.045257 0.025150
0.518008 0.913838 0.045688 0.034217
0.617506 0.905097 0.051720 0.028022
0.427863 0.556908 0.049165 0.020161
0.150365 0.822594 0.051607 0.028368
0.139608 0.138796 0.043418 0.028928
0.427233 0.318694 0.045295 0.036129
0.717747 0.134428 0.048535 0.027968
0.518732 0.727903 0.057632 0.023914
0.236457 0.492857 0.043064 0.031442
0.616983 0.500275 0.053732 0.036108
0.613099 0.700854 0.049150 0.036106
0.240422 0.106108 0.046939 0.034711
0.804728 0.840774 0.042126 0.028533
0.151898 0.779772 0.043927 0.037413
0.330722 0.598602 0.057543 0.031985
0.142413 0.108232 0.049435 0.028441
0.146322 0.660346 0.039738 0.030957
0.904393 0.131243 0.037050 0.031588
0.426713 0.102485 0.043502 0.031190
0.905084 0.157381 0.050725 0.020653
0.235690 0.259813 0.039138 0.024073
0.148275 0.442284 0.041449 0.030941
0.617756 0.097267 0.047089 0.028651
0.805278 0.550635 0.044954 0.032183
0.241472 0.141149 0.037992 0.030656
0.240249 0.287090 0.052906 0.019016
0.151316 0.412631 0.052872 0.022685
0.149595 0.624548 0.038966 0.031328
0.146268 0.698604 0.041070 0.037365
0.427099 0.131090 0.042910 0.023538
0.716487 0.098747 0.040235 0.032513
0.423449 0.623872 0.046659 0.036592
0.905885 0.099578 0.045078 0.033844
0.518302 0.700090 0.053334 0.028886
0.712038 0.399396 0.040835 0.032386
0.903610 0.250550 0.054419 0.033333
0.713004 0.854685 0.038443 0.028351
0.420800 0.801789 0.034974 0.039675
0.615662 0.774233 0.060576 0.025679
0.333366 0.533476 0.048537 0.011151
0.672419 0.039298 0.024651 0.024124
