0.773267 0.310640 0.062548 0.031551
0.294775 0.319946 0.054268 0.032520
0.586578 0.244961 0.058479 0.037833
0.773929 0.272804 0.053773 0.032579
0.093924 0.523428 0.053780 0.037117
0.483423 0.286814 0.059214 0.035420
0.294756 0.697115 0.056377 0.035975
0.294276 0.771093 0.056711 0.029024
0.585326 0.420559 0.054543 0.035407
0.862173 0.832855 0.049739 0.029295
0.085365 0.818393 0.059012 0.030450
0.199909 0.168605 0.065920 0.032672
0.581536 0.898413 0.051931 0.036826
0.681370 0.786691 0.064400 0.031981
0.297776 0.206333 0.053758 0.034355
0.864160 0.868899 0.052571 0.030475
0.296938 0.386489 0.060786 0.027453
0.086497 0.751173 0.063350 0.032983
0.389771 0.252255 0.054641 0.030238
0.481347 0.180424 0.051880 0.034201
0.584753 0.173379 0.054138 0.041102
0.197204 0.338386 0.051108 0.028989
0.483869 0.364289 0.052453 0.032014
0.291790 0.591042 0.054085 0.033756
0.100035 0.158095 0.063578 0.040146
0.690363 0.614394 0.061991 0.034715
0.099664 0.193456 0.054146 0.027724
0.584763 0.313808 0.052620 0.036648
0.589003 0.529577 0.050375 0.035670
0.780158 0.543244 0.054386 0.035541
0.772655 0.431161 0.046440 0.032731
0.773885 0.177191 0.056598 0.034102
0.297814 0.422616 0.057274 0.031693
0.773869 0.470152 0.058309 0.027420
0.487835 0.791955 0.055632 0.035939
0.774079 0.138086 0.059514 0.032430
0.294360 0.128502 0.056031 0.032397
0.094926 0.485977 0.054580 0.033472
0.682659 0.320099 0.057862 0.029026
0.391130 0.180792 0.050037 0.036597
0.581505 0.854784 0.048786 0.038425
0.392965 0.388994 0.051926 0.033340
0.387946 0.466576 0.066028 0.041015
0.192958 0.819676 0.054064 0.033468
0.197394 0.103032 0.065261 0.038137
0.297220 0.459318 0.064063 0.031809
0.591637 0.707892 0.051607 0.039070
0.779141 0.347078 0.058512 0.034770
0.390271 0.507388 0.055380 0.029204
0.689949 0.576852 0.056483 0.031537
0.297361 0.281974 0.054055 0.030888
0.190719 0.633323 0.052052 0.036005
0.867041 0.143614 0.050778 0.033470
0.584052 0.490801 0.047678 0.029758
0.686717 0.503133 0.047338 0.033327
0.672102 0.130540 0.045773 0.032512
0.097829 0.289257 0.052911 0.034484
0.290382 0.553354 0.041041 0.029907
0.680951 0.354242 0.056598 0.025899
0.092342 0.565844 0.049913 0.035987
0.780088 0.702450 0.059995 0.035258
0.587425 0.353063 0.060895 0.028900
0.587174 0.779443 0.061394 0.037839
0.490506 0.460628 0.052039 0.030422
0.682669 0.285377 0.053242 0.029450
0.192601 0.468555 0.049816 0.033549
0.492590 0.650699 0.061737 0.027935
0.297219 0.244328 0.049344 0.031173
0.870449 0.471732 0.056366 0.032979
0.394916 0.899157 0.051717 0.034741
0.487432 0.518975 0.050553 0.029576
0.587828 0.666780 0.049035 0.030170
0.490553 0.616422 0.055550 0.026491
0.490970 0.836738 0.054772 0.040635
0.591268 0.596053 0.052449 0.034201
0.093435 0.854074 0.051752 0.035077
0.295402 0.654083 0.043294 0.033975
0.095130 0.405264 0.042954 0.039604
0.490566 0.685153 0.050307 0.031400
0.391438 0.862179 0.056714 0.027401
0.581974 0.385618 0.054858 0.026225
0.088657 0.892368 0.071367 0.036096
0.392878 0.288932 0.047994 0.031018
0.871415 0.513455 0.049576 0.035463
0.389892 0.581585 0.043268 0.035565
0.868920 0.329544 0.052037 0.031510
0.191306 0.854021 0.055419 0.024338
0.481756 0.325643 0.055973 0.035853
0.196056 0.268848 0.044978 0.034536
0.582766 0.210327 0.050821 0.024621
0.490221 0.721715 0.052001 0.030682
0.195024 0.716181 0.048416 0.037777
0.868967 0.256124 0.046679 0.030110
0.392692 0.696177 0.051457 0.038853
0.688100 0.541581 0.045863 0.031182
0.098628 0.121207 0.053337 0.026372
0.482203 0.249000 0.058045 0.036767
0.772417 0.102590 0.050252 0.028578
0.489899 0.554777 0.052773 0.029988
0.587133 0.632804 0.055523 0.027731
0.778176 0.809158 0.045808 0.033722
0.868485 0.290368 0.047882 0.029982
0.865174 0.610383 0.046104 0.030535
0.196308 0.136554 0.059702 0.023453
0.581481 0.935716 0.061493 0.028778
0.199825 0.593494 0.050200 0.039149
0.679614 0.168427 0.045587 0.037922
0.292098 0.494824 0.044411 0.027821
0.391648 0.425189 0.049669 0.029318
0.195650 0.506625 0.048525 0.033789
0.684077 0.426418 0.045400 0.035297
0.777921 0.772984 0.051016 0.027090
0.586438 0.816422 0.056346 0.027528
0.488202 0.424701 0.053984 0.033921
0.393131 0.763456 0.044487 0.035314
0.386550 0.104020 0.050050 0.036157
0.194511 0.548167 0.047134 0.040386
0.191651 0.756030 0.045728 0.027682
0.686631 0.464618 0.044730 0.032203
0.770072 0.210904 0.046086 0.027575
0.490803 0.755037 0.047242 0.030249
0.774115 0.387639 0.042738 0.036729
0.101866 0.221594 0.051231 0.023958
0.684586 0.822093 0.049369 0.028738
0.858579 0.759107 0.054772 0.027714
0.094761 0.443564 0.045723 0.032713
0.303368 0.735048 0.081100 0.035877
0.088321 0.708845 0.048580 0.040277
0.862862 0.647122 0.052197 0.031973
0.870052 0.400504 0.045163 0.029825
0.292221 0.807533 0.044016 0.033588
0.862134 0.579980 0.046393 0.025005
0.195562 0.230093 0.042975 0.030255
0.690171 0.931843 0.050513 0.033776
0.778507 0.739982 0.046023 0.029059
0.686233 0.653193 0.056388 0.036864
0.196391 0.304760 0.039615 0.032018
0.295962 0.167175 0.050849 0.035546
0.093207 0.660890 0.050080 0.040373
0.391296 0.324805 0.041296 0.033812
0.869730 0.434761 0.044902 0.028914
0.096430 0.327525 0.041840 0.033963
0.484379 0.215784 0.039147 0.028117
0.584940 0.134079 0.053614 0.028883
0.388864 0.142647 0.046493 0.030694
0.490628 0.905599 0.045557 0.029699
0.865779 0.931722 0.056299 0.028966
0.191832 0.905451 0.054028 0.024329
0.779944 0.580310 0.051897 0.032979
0.396818 0.542889 0.050422 0.032725
0.861095 0.794333 0.043775 0.035435
0.393155 0.797549 0.055440 0.025665
0.869355 0.180810 0.048300 0.028930
0.774541 0.240783 0.051387 0.021962
0.085166 0.785563 0.042824 0.025937
0.294433 0.353694 0.037340 0.025641
0.590428 0.281156 0.057910 0.021903
0.096645 0.367536 0.046454 0.032459
0.870121 0.549729 0.046907 0.028181
0.679128 0.387782 0.041705 0.032913
0.090905 0.597229 0.054696 0.024515
0.685740 0.722005 0.043006 0.036049
0.865239 0.686915 0.046727 0.035775
0.389377 0.619891 0.049576 0.025716
0.291259 0.847750 0.054535 0.030837
0.779201 0.847630 0.046263 0.035956
0.484152 0.138429 0.039696 0.035224
0.866589 0.900527 0.054337 0.024864
0.196045 0.430654 0.041677 0.029077
0.485117 0.099607 0.052474 0.031218
0.776379 0.880457 0.041235 0.023147
0.295769 0.927030 0.050701 0.037223
0.388633 0.652209 0.038950 0.029698
0.196816 0.367942 0.040669 0.029404
0.676342 0.202472 0.059242 0.022327
0.392479 0.354895 0.040772 0.026020
0.869132 0.217308 0.040616 0.035764
0.394610 0.830507 0.047031 0.032706
0.586438 0.459238 0.040634 0.024205
0.292870 0.884679 0.038465 0.031127
0.777505 0.665319 0.042515 0.029479
0.196916 0.880271 0.053594 0.020382
0.869879 0.105312 0.043845 0.032048
0.394705 0.933670 0.043300 0.029174
0.391148 0.218737 0.042414 0.025417
0.196474 0.674296 0.042259 0.034130
0.490661 0.872831 0.044960 0.023884
0.097429 0.250945 0.041719 0.029860
0.865010 0.726304 0.048754 0.033932
0.295361 0.524876 0.048795 0.021035
0.393237 0.731389 0.047410 0.022547
0.869876 0.365386 0.039935 0.028496
0.684623 0.754723 0.044548 0.020210
0.483754 0.395797 0.043713 0.018829
0.775254 0.504560 0.039493 0.030738
0.777627 0.930738 0.052889 0.026068
0.290005 0.096668 0.053888 0.026681
0.684590 0.852772 0.038351 0.025432
0.783367 0.612148 0.052373 0.026499
0.590719 0.742045 0.037836 0.027635
0.488013 0.583706 0.037743 0.027410
0.780619 0.904690 0.056960 0.020997
0.195588 0.932561 0.041507 0.023197
0.683056 0.254524 0.044543 0.022589
0.676105 0.228116 0.049847 0.019960
0.675135 0.099841 0.041348 0.029147
0.487894 0.490288 0.044102 0.018323
0.580032 0.099978 0.059138 0.035873
0.782894 0.639374 0.054974 0.018099
0.291738 0.622255 0.040999 0.018921
0.093210 0.624270 0.044749 0.021799
0.195208 0.399702 0.052534 0.024291
0.688890 0.686635 0.043518 0.027194
0.587515 0.563065 0.045085 0.017705
0.102246 0.092633 0.046134 0.020764
0.490574 0.934977 0.039830 0.018838
0.689884 0.887725 0.039863 0.034211
0.192593 0.200154 0.049632 0.024872
0.099131 0.936899 0.051401 0.040302
0.193904 0.788956 0.054283 0.023739
