0.071673 0.533040 0.064675 0.036825
0.172447 0.258170 0.057999 0.038340
0.173862 0.339843 0.061284 0.046420
0.284689 0.685683 0.059511 0.036867
0.281378 0.875955 0.067029 0.036970
0.288781 0.609974 0.059243 0.034960
0.174877 0.296690 0.052736 0.033751
0.404078 0.195089 0.054220 0.040889
0.066354 0.345652 0.076442 0.041188
0.073049 0.464492 0.053799 0.038624
0.279042 0.411556 0.059285 0.039136
0.394734 0.635566 0.062136 0.039787
0.289034 0.159032 0.069478 0.039504
0.283013 0.488005 0.053326 0.038138
0.391153 0.678153 0.070238 0.037928
0.400899 0.273842 0.057467 0.035577
0.279240 0.765809 0.066436 0.046330
0.068494 0.193681 0.077448 0.043209
0.073797 0.805199 0.067969 0.038230
0.073949 0.732463 0.070226 0.042261
0.286530 0.527580 0.061968 0.030647
0.394619 0.548077 0.056020 0.037458
0.283441 0.723397 0.060613 0.033005
0.392265 0.724120 0.068093 0.042572
0.072878 0.271964 0.062747 0.044393
0.720892 0.733736 0.058120 0.034952
0.510572 0.307729 0.059487 0.037784
0.288970 0.647790 0.058574 0.031296
0.397012 0.589932 0.055095 0.043121
0.511564 0.228081 0.050981 0.041349
0.614441 0.771295 0.065821 0.037428
0.511250 0.269748 0.058823 0.033051
0.930618 0.445837 0.050371 0.039874
0.401846 0.314818 0.052612 0.038100
0.281685 0.373311 0.053461 0.034342
0.819868 0.657113 0.060239 0.039550
0.070627 0.104956 0.059553 0.033759
0.285814 0.245405 0.054203 0.034857
0.492294 0.737906 0.079941 0.036198
0.395086 0.444678 0.056437 0.038536
0.714121 0.770241 0.063742 0.031670
0.070669 0.648700 0.075223 0.042831
0.616033 0.735006 0.059085 0.030472
0.286709 0.566217 0.050713 0.042427
0.832637 0.852776 0.059161 0.046395
0.826883 0.144824 0.068250 0.043224
0.510188 0.350489 0.058061 0.041438
0.176410 0.696075 0.051736 0.033187
0.077295 0.690412 0.062513 0.040477
0.398141 0.399904 0.053350 0.038017
0.715423 0.506630 0.060351 0.039620
0.395835 0.840470 0.077527 0.046733
0.606912 0.928435 0.069154 0.038961
0.503904 0.430958 0.053900 0.037125
0.826500 0.731100 0.065889 0.034288
0.611356 0.359947 0.055249 0.035277
0.287749 0.911698 0.048596 0.032285
0.490715 0.779769 0.072154 0.045650
0.394228 0.948753 0.064520 0.043161
0.400250 0.078977 0.062077 0.039670
0.828060 0.350664 0.051614 0.042425
0.721889 0.151839 0.051873 0.041865
0.823062 0.530033 0.055055 0.039636
0.282133 0.448966 0.049054 0.033455
0.287261 0.203086 0.051174 0.043819
0.510387 0.146275 0.051070 0.037963
0.184174 0.432433 0.051631 0.040422
0.824844 0.029881 0.057756 0.031892
0.071056 0.068604 0.055819 0.038473
0.822869 0.063497 0.067139 0.032930
0.609392 0.809886 0.054748 0.035734
0.711993 0.955832 0.052152 0.039251
0.826622 0.574763 0.053251 0.044865
0.509849 0.183227 0.078349 0.037897
0.499593 0.909335 0.056021 0.036820
0.510127 0.106110 0.058291 0.036182
0.394125 0.356500 0.049079 0.042167
0.613615 0.237233 0.066033 0.041273
0.706682 0.883084 0.051348 0.038056
0.825000 0.695172 0.053695 0.033924
0.067086 0.386352 0.060694 0.038787
0.176871 0.856110 0.049514 0.038743
0.507207 0.391605 0.057478 0.040759
0.392848 0.882219 0.062214 0.034998
0.404189 0.122242 0.049733 0.039674
0.073176 0.604535 0.051029 0.045025
0.071419 0.147320 0.050000 0.045517
0.181194 0.385548 0.050667 0.038189
0.403455 0.234656 0.043869 0.033617
0.280301 0.279766 0.059057 0.030714
0.078532 0.930529 0.062979 0.034429
0.075203 0.841006 0.078208 0.029405
0.394464 0.762104 0.071159 0.028770
0.179156 0.619214 0.045867 0.031261
0.937288 0.325724 0.049008 0.045794
0.718394 0.398134 0.049424 0.039247
0.933466 0.373671 0.055941 0.044159
0.932434 0.488245 0.067689 0.041113
0.937980 0.279360 0.056474 0.038840
0.721064 0.111470 0.055832 0.039809
0.937563 0.145743 0.069568 0.037297
0.720840 0.073352 0.059277 0.036770
0.611494 0.447091 0.066557 0.032240
0.405572 0.157545 0.053005 0.026754
0.718975 0.694347 0.050534 0.043519
0.829341 0.764942 0.058604 0.033675
0.179136 0.763935 0.052642 0.040625
0.177043 0.654683 0.038671 0.036041
0.184302 0.969794 0.071067 0.039403
0.069838 0.425304 0.047429 0.034485
0.281955 0.312410 0.046278 0.030507
0.497031 0.470153 0.062450 0.038129
0.612692 0.281323 0.051108 0.043010
0.824194 0.388273 0.053432 0.031081
0.280767 0.341611 0.050519 0.029415
0.079655 0.964913 0.073398 0.035058
0.497962 0.870502 0.048916 0.034297
0.070443 0.499404 0.066368 0.026234
0.829227 0.617788 0.056581 0.038017
0.942779 0.235341 0.051726 0.043858
0.825961 0.425926 0.049339 0.041719
0.395895 0.508592 0.053697 0.034798
0.176953 0.216649 0.047289 0.038838
0.722058 0.465456 0.047493 0.041163
0.822804 0.272785 0.062282 0.046210
0.184516 0.473811 0.046752 0.036110
0.288164 0.037568 0.066471 0.041736
0.825828 0.225782 0.046655 0.041328
0.721925 0.359029 0.047399 0.038674
0.826082 0.101115 0.067634 0.037317
0.723077 0.191163 0.052513 0.035260
0.073742 0.770868 0.063068 0.025937
0.719233 0.230807 0.054983 0.039374
0.497415 0.825887 0.064957 0.045291
0.186368 0.930400 0.048493 0.040591
0.715054 0.034140 0.070166 0.036740
0.181827 0.514289 0.050572 0.040117
0.932488 0.409405 0.051338 0.029608
0.614621 0.322833 0.050528 0.037645
0.186481 0.109514 0.052763 0.035257
0.284030 0.809104 0.045056 0.037448
0.605051 0.965275 0.049931 0.032269
0.066352 0.232353 0.050606 0.030861
0.619017 0.194340 0.048057 0.040925
0.292933 0.112946 0.060225 0.043689
0.281122 0.946933 0.076261 0.039427
0.830476 0.806297 0.048759 0.041951
0.836839 0.954210 0.058211 0.038923
0.942152 0.188599 0.050659 0.044444
0.831336 0.919475 0.057546 0.034401
0.179992 0.729479 0.051168 0.022948
0.617689 0.148867 0.048369 0.039332
0.177379 0.812038 0.046513 0.045180
0.068434 0.567773 0.060945 0.028463
0.612997 0.405845 0.058711 0.045593
0.824789 0.461779 0.046341 0.031450
0.070851 0.033811 0.044196 0.028951
0.718197 0.545863 0.048253 0.033567
0.181467 0.558761 0.041805 0.037875
0.938421 0.102675 0.060308 0.046906
0.608744 0.488335 0.056831 0.049349
0.943653 0.533666 0.057666 0.044584
0.824930 0.493837 0.042746 0.031380
0.499949 0.514367 0.051893 0.045702
0.395867 0.797904 0.053244 0.035601
0.176603 0.894993 0.047437 0.030235
0.183832 0.035698 0.057537 0.035865
0.719472 0.321871 0.049877 0.032706
0.505511 0.665343 0.057543 0.027693
0.827132 0.312569 0.044920 0.034125
0.714659 0.582907 0.062652 0.038350
0.403730 0.038027 0.059060 0.039267
0.706906 0.920741 0.043363 0.030034
0.511637 0.072078 0.062832 0.033655
0.394891 0.913497 0.052074 0.024431
0.178006 0.178245 0.040635 0.034979
0.185495 0.071740 0.063639 0.038800
0.616009 0.700407 0.058800 0.031213
0.184627 0.143294 0.040488 0.033488
0.828786 0.184534 0.044185 0.036362
0.504768 0.038835 0.068376 0.037306
0.066947 0.311934 0.055498 0.026288
0.710506 0.838303 0.060577 0.039551
0.609400 0.890999 0.049755 0.034710
0.717996 0.620122 0.049223 0.039571
0.495979 0.954730 0.040575 0.039196
0.720201 0.434478 0.051700 0.028188
0.611711 0.849955 0.051064 0.042677
0.832381 0.889990 0.044986 0.028233
0.719951 0.656596 0.048707 0.028783
0.715083 0.805983 0.062012 0.032313
0.611489 0.662458 0.054263 0.047965
0.511322 0.584796 0.055067 0.033261
0.075860 0.895670 0.053657 0.035824
0.604645 0.619743 0.050303 0.035612
0.618414 0.110537 0.047149 0.033921
0.285980 0.842489 0.041099 0.025113
0.396887 0.477625 0.042000 0.029074
0.606740 0.536218 0.044099 0.040793
0.600819 0.581959 0.046483 0.037797
0.503296 0.550766 0.050772 0.030903
0.715256 0.278504 0.054129 0.048390
0.182403 0.589405 0.039883 0.022598
0.076558 0.872883 0.049651 0.030476
0.500647 0.700049 0.063213 0.037590
0.617535 0.034932 0.046949 0.039849
0.291246 0.074687 0.066304 0.028474
0.617454 0.075111 0.044898 0.033985
0.504781 0.624332 0.086600 0.044323
