0.619351 0.798025 0.057279 0.033634
0.397560 0.398979 0.055013 0.038432
0.723801 0.887047 0.061158 0.034480
0.721337 0.966352 0.067309 0.042926
0.065098 0.489688 0.054991 0.042284
0.827068 0.259536 0.061696 0.037031
0.181153 0.465235 0.053533 0.037731
0.932070 0.367212 0.055003 0.037410
0.065162 0.195418 0.063279 0.039306
0.612712 0.109369 0.051363 0.034689
0.185232 0.884350 0.066478 0.036938
0.507716 0.412522 0.075878 0.039127
0.722444 0.924378 0.056581 0.039974
0.290575 0.518490 0.062243 0.041892
0.504943 0.333697 0.058438 0.035254
0.293306 0.776557 0.068823 0.042364
0.393117 0.749406 0.052209 0.038350
0.623731 0.869214 0.056755 0.034840
0.942222 0.552911 0.052902 0.041156
0.940554 0.799059 0.049877 0.034903
0.828287 0.190423 0.057077 0.034397
0.833907 0.577349 0.056495 0.034719
0.508115 0.372453 0.057293 0.040280
0.502122 0.145634 0.052552 0.039374
0.833287 0.693358 0.055111 0.040370
0.289051 0.819419 0.071698 0.040175
0.936996 0.702626 0.064637 0.037577
0.065257 0.156097 0.051555 0.038666
0.292884 0.737253 0.059721 0.038994
0.828669 0.810242 0.064334 0.039198
0.395356 0.789550 0.065241 0.037683
0.394919 0.291010 0.071394 0.035805
0.389197 0.134081 0.064858 0.036762
0.286322 0.190093 0.052363 0.039122
0.501701 0.107283 0.051304 0.034918
0.622419 0.558358 0.055137 0.042753
0.183225 0.709747 0.052609 0.037805
0.931257 0.180935 0.053311 0.036573
0.065877 0.890031 0.055800 0.029900
0.066408 0.407848 0.052247 0.033592
0.400123 0.477649 0.053282 0.036780
0.722550 0.609698 0.062699 0.039777
0.066916 0.447384 0.051954 0.040041
0.509753 0.596603 0.059369 0.040024
0.066251 0.654581 0.051495 0.030549
0.505408 0.839212 0.058478 0.033205
0.176637 0.073382 0.064748 0.031799
0.833150 0.651081 0.052952 0.039717
0.500837 0.187032 0.070353 0.038332
0.932341 0.328148 0.049187 0.036538
0.616470 0.667525 0.056931 0.039046
0.609073 0.181870 0.062010 0.043231
0.065567 0.951240 0.052493 0.032083
0.720987 0.678747 0.059226 0.042271
0.292270 0.375572 0.068111 0.032912
0.510749 0.642242 0.055310 0.046070
0.720973 0.716131 0.057211 0.034174
0.064333 0.694228 0.057196 0.043950
0.396190 0.439445 0.053376 0.041139
0.279105 0.108655 0.066794 0.039971
0.181144 0.747945 0.053049 0.040236
0.391798 0.174027 0.055965 0.043625
0.065115 0.770720 0.052296 0.040195
0.296873 0.936552 0.058850 0.038601
0.063510 0.324374 0.053098 0.036808
0.389870 0.065589 0.056790 0.036380
0.283026 0.261642 0.051898 0.037222
0.390580 0.709891 0.055914 0.042090
0.281467 0.227407 0.053107 0.033469
0.062774 0.237508 0.058475 0.041679
0.728429 0.778770 0.061911 0.029682
0.063517 0.577175 0.055304 0.042873
0.505129 0.799838 0.053387 0.042972
0.614823 0.223407 0.055464 0.039896
0.293461 0.476150 0.062444 0.042747
0.506588 0.757734 0.051159 0.039955
0.395668 0.251987 0.052252 0.039263
0.943447 0.512582 0.056326 0.033348
0.292753 0.862687 0.068068 0.044989
0.179514 0.426750 0.059711 0.035559
0.612744 0.143472 0.049961 0.032749
0.285039 0.338674 0.065712 0.039786
0.617046 0.709369 0.054409 0.038912
0.068818 0.618076 0.061273 0.037114
0.174407 0.298060 0.056696 0.035235
0.934991 0.837590 0.070548 0.038300
0.505479 0.225280 0.053981 0.037677
0.828878 0.733406 0.052351 0.038882
0.295697 0.695144 0.055470 0.039975
0.943224 0.665640 0.057742 0.031854
0.068925 0.118260 0.048416 0.036196
0.505526 0.554490 0.066620 0.043817
0.727668 0.854224 0.060023 0.030190
0.612609 0.348083 0.073866 0.041991
0.065059 0.920824 0.048324 0.030833
0.618098 0.833739 0.048029 0.037626
0.511387 0.682060 0.061097 0.032302
0.943124 0.435994 0.053279 0.038060
0.939593 0.904061 0.048970 0.039326
0.182875 0.542106 0.057174 0.041396
0.617459 0.306198 0.055998 0.038465
0.619133 0.905454 0.060601 0.034969
0.400397 0.362624 0.056582 0.033257
0.395735 0.593142 0.070766 0.042445
0.398696 0.514992 0.052044 0.037771
0.394749 0.214222 0.049538 0.035612
0.611041 0.075147 0.054012 0.032848
0.719008 0.392549 0.056443 0.032945
0.065290 0.854577 0.051787 0.037921
0.388368 0.029527 0.054952 0.037614
0.725982 0.749798 0.059697 0.028757
0.067656 0.079612 0.056150 0.036666
0.513140 0.514777 0.047502 0.034652
0.721622 0.528687 0.059615 0.043087
0.182747 0.501173 0.048913 0.033962
0.827630 0.461091 0.053501 0.032277
0.943281 0.736133 0.057038 0.029531
0.833313 0.921462 0.048863 0.038324
0.179756 0.359603 0.051027 0.029646
0.510681 0.451466 0.058100 0.036141
0.511010 0.483382 0.064622 0.029292
0.395998 0.667085 0.050125 0.039686
0.183633 0.671126 0.051263 0.038480
0.941422 0.765887 0.049737 0.033810
0.723759 0.196735 0.061454 0.047571
0.610886 0.036353 0.064931 0.044539
0.827953 0.495775 0.060521 0.034741
0.826851 0.427254 0.043517 0.030636
0.621753 0.515660 0.057525 0.038436
0.939742 0.401595 0.057108 0.030255
0.500431 0.069065 0.048465 0.035913
0.726233 0.312042 0.058833 0.035020
0.174073 0.185108 0.063356 0.044136
0.390482 0.100186 0.051679 0.031090
0.829927 0.770834 0.045701 0.033256
0.615499 0.264998 0.057807 0.042367
0.719989 0.488211 0.054154 0.034350
0.177244 0.141604 0.055245 0.041914
0.942338 0.591488 0.056363 0.030558
0.724579 0.568644 0.051158 0.035556
0.064431 0.814147 0.052104 0.045300
0.505471 0.259741 0.053264 0.034247
0.402854 0.551328 0.058152 0.036549
0.616024 0.631311 0.046814 0.034242
0.299165 0.439581 0.060733 0.036319
0.619750 0.966167 0.055850 0.032658
0.934488 0.139424 0.056387 0.039363
0.827160 0.152209 0.050029 0.041770
0.939704 0.627978 0.044526 0.038992
0.181758 0.846804 0.054416 0.038713
0.722090 0.816684 0.062101 0.041636
0.831930 0.536258 0.055533 0.040702
0.283376 0.300709 0.049884 0.036999
0.617823 0.435443 0.051812 0.034579
0.726817 0.107962 0.053562 0.033612
0.728278 0.146688 0.052662 0.044175
0.931559 0.217763 0.047314 0.034949
0.500734 0.031323 0.054624 0.038917
0.061085 0.534535 0.052218 0.043446
0.284550 0.069347 0.047566 0.038763
0.186056 0.919660 0.054503 0.031182
0.183203 0.629518 0.051987 0.041205
0.394750 0.828933 0.047295 0.038366
0.833248 0.612550 0.046932 0.034158
0.504917 0.720067 0.048977 0.036640
0.392013 0.327413 0.067926 0.038846
0.063269 0.283353 0.048744 0.046600
0.397293 0.905600 0.065459 0.046045
0.293513 0.406526 0.058489 0.031204
0.717992 0.425908 0.045176 0.029971
0.064305 0.733645 0.050103 0.035163
0.180256 0.392022 0.049760 0.033788
0.066641 0.038246 0.056077 0.047204
0.299126 0.973850 0.049151 0.034060
0.831428 0.886964 0.049586 0.033062
0.399253 0.866326 0.059677 0.035601
0.399379 0.632299 0.044663 0.031807
0.829164 0.293870 0.047386 0.032048
0.173481 0.262828 0.043141 0.034188
0.286614 0.150009 0.052157 0.037048
0.505841 0.970011 0.063903 0.036468
0.175377 0.037559 0.055047 0.038301
0.825338 0.075927 0.046684 0.042267
0.828110 0.113659 0.049593 0.031070
0.287184 0.557634 0.053041 0.036518
0.718106 0.457008 0.040556 0.030597
0.292342 0.657503 0.058701 0.036372
0.834112 0.961989 0.061129 0.043695
0.721017 0.030841 0.058088 0.036253
0.511477 0.937978 0.056447 0.029651
0.725647 0.277443 0.048379 0.035083
0.185592 0.583831 0.062676 0.044839
0.179311 0.331675 0.062637 0.027292
0.824662 0.398647 0.042587 0.025588
0.506448 0.869858 0.054822 0.028534
0.933167 0.287732 0.051345 0.039969
0.939857 0.870530 0.051584 0.025237
0.068769 0.979914 0.047039 0.025878
0.619152 0.935424 0.051989 0.031181
0.614482 0.754068 0.058456 0.046564
0.177868 0.105867 0.046433 0.030464
0.825725 0.365135 0.041747 0.038387
0.947320 0.474756 0.060568 0.037915
0.724755 0.240983 0.052013 0.040213
0.724927 0.644253 0.047824 0.030866
0.828635 0.327277 0.051764 0.033361
0.182566 0.812128 0.052309 0.035752
0.937325 0.077262 0.059399 0.031085
0.932057 0.249935 0.045406 0.033846
0.829395 0.850436 0.049829 0.040065
0.401329 0.971345 0.056006 0.034732
0.507126 0.903943 0.070240 0.038637
0.511090 0.296189 0.048745 0.039925
0.929788 0.038078 0.059761 0.046151
0.618695 0.473960 0.060226 0.041390
0.065437 0.367462 0.045346 0.046396
0.824171 0.033800 0.049235 0.040390
0.288005 0.593100 0.040988 0.033001
0.289199 0.030759 0.043653 0.039340
0.294033 0.902066 0.047248 0.032544
0.176167 0.228694 0.048293 0.034729
0.829555 0.224606 0.053306 0.031627
0.183365 0.783264 0.043844 0.034050
0.934599 0.104976 0.065829 0.026104
0.292832 0.625096 0.045123 0.029797
0.618060 0.393903 0.050720 0.045215
0.724147 0.070879 0.042012 0.035077
0.618534 0.597991 0.042679 0.032654
0.722532 0.355173 0.050113 0.043761
0.401361 0.942689 0.042285 0.027112
0.189416 0.977968 0.046605 0.027602
0.935682 0.947361 0.067386 0.047923
0.187544 0.951215 0.055598 0.036969
0.938089 0.964642 0.067179 0.038776
