0.825113 0.625908 0.081589 0.055173
0.724367 0.394539 0.074382 0.057764
0.618993 0.677478 0.079986 0.050418
0.287696 0.226848 0.084149 0.056972
0.502738 0.317416 0.077089 0.052137
0.716035 0.617103 0.081785 0.055964
0.396806 0.845105 0.081035 0.057179
0.395443 0.278064 0.071943 0.058661
0.508339 0.429970 0.091791 0.050798
0.825487 0.146832 0.082739 0.041738
0.614859 0.226773 0.089003 0.054970
0.506565 0.922183 0.075250 0.048272
0.279946 0.852839 0.076942 0.051510
0.720495 0.280096 0.071943 0.051626
0.393864 0.554507 0.086039 0.051541
0.823781 0.199804 0.078470 0.054322
0.169891 0.753176 0.081701 0.052335
0.716998 0.671908 0.084988 0.048477
0.509029 0.698676 0.084560 0.057626
0.615727 0.456607 0.072360 0.054199
0.722029 0.557856 0.073441 0.051983
0.286030 0.166289 0.073843 0.055506
0.061812 0.974505 0.091491 0.038949
0.171344 0.584306 0.089853 0.048973
0.394792 0.501605 0.085880 0.044295
0.611956 0.508436 0.081168 0.042321
0.167168 0.415745 0.075712 0.048154
0.168713 0.526806 0.070202 0.057869
0.062180 0.706532 0.092898 0.047506
0.508032 0.869441 0.075606 0.051597
0.060868 0.276868 0.084423 0.057836
0.503781 0.546560 0.087960 0.054945
0.510719 0.153876 0.085910 0.049897
0.612299 0.832656 0.070039 0.052180
0.286182 0.797196 0.081195 0.049151
0.932805 0.214947 0.075997 0.055396
0.396561 0.718593 0.083865 0.051363
0.615520 0.108635 0.087044 0.050902
0.175684 0.854654 0.090574 0.056576
0.064337 0.549668 0.075479 0.056582
0.063228 0.876394 0.079179 0.051391
0.064743 0.492056 0.078033 0.050381
0.289674 0.287317 0.080399 0.059437
0.282859 0.686982 0.082221 0.047467
0.394907 0.606573 0.092113 0.050070
0.067127 0.930155 0.076566 0.045593
0.060779 0.607721 0.075825 0.051799
0.395803 0.451072 0.071336 0.048090
0.062129 0.217456 0.089508 0.054408
0.504338 0.603930 0.071843 0.051245
0.391442 0.337666 0.083069 0.053299
0.934271 0.785948 0.074653 0.049643
0.506224 0.258792 0.071749 0.058006
0.619651 0.052354 0.074471 0.059048
0.163289 0.639928 0.081361 0.054103
0.825761 0.096448 0.077554 0.050267
0.280870 0.633306 0.081149 0.055500
0.717701 0.924256 0.077483 0.041686
0.931019 0.102725 0.078753 0.050404
0.282175 0.050674 0.075477 0.057255
0.616611 0.779344 0.076644 0.045404
0.502441 0.970571 0.066298 0.043585
0.061724 0.327226 0.088123 0.041805
0.055413 0.159931 0.074189 0.051343
0.618959 0.167005 0.077687 0.058149
0.400634 0.781333 0.074780 0.059311
0.831790 0.847918 0.075302 0.058201
0.827561 0.252558 0.077718 0.045156
0.508955 0.376952 0.078922 0.055445
0.394501 0.049838 0.081704 0.057481
0.934776 0.425330 0.086117 0.046276
0.717421 0.501671 0.074682 0.049058
0.936425 0.048111 0.075674 0.050502
0.508497 0.812325 0.069704 0.052447
0.937203 0.154712 0.075264 0.051368
0.280881 0.110210 0.078474 0.055718
0.061599 0.820054 0.082617 0.054927
0.506964 0.101922 0.087285 0.043732
0.172109 0.145477 0.078324 0.046063
0.170172 0.306800 0.074847 0.048060
0.165451 0.466012 0.085926 0.043687
0.933486 0.373405 0.069328 0.047715
0.399110 0.160826 0.078844 0.060935
0.819927 0.572993 0.075885 0.038804
0.929843 0.686855 0.083424 0.051174
0.400475 0.104599 0.080155 0.044012
0.933686 0.841582 0.065432 0.050628
0.619139 0.933709 0.088845 0.041365
0.504888 0.755853 0.074883 0.045856
0.717847 0.969255 0.068328 0.044472
0.616011 0.340284 0.057574 0.052353
0.510398 0.486148 0.084043 0.056722
0.824850 0.905129 0.070133 0.048351
0.617516 0.884950 0.067424 0.051406
0.717301 0.817307 0.074650 0.052293
0.282411 0.397045 0.082994 0.053483
0.388928 0.661943 0.082624 0.053528
0.614066 0.285633 0.069609 0.052893
0.930236 0.891732 0.088612 0.040537
0.823108 0.792297 0.086331 0.044298
0.827397 0.355543 0.067223 0.052021
0.283766 0.569667 0.075086 0.058478
0.933136 0.319252 0.081304 0.044303
0.507196 0.648855 0.067474 0.035197
0.279582 0.510703 0.092371 0.048327
0.066625 0.764102 0.088055 0.055403
0.926014 0.523889 0.066882 0.045975
0.286615 0.342920 0.078570 0.047262
0.921651 0.935854 0.076323 0.035810
0.062277 0.049082 0.070416 0.049553
0.936050 0.633675 0.079810 0.047174
0.826670 0.046699 0.074547 0.041264
0.276006 0.453415 0.080080 0.048712
0.719692 0.451934 0.067298 0.046638
0.059084 0.437165 0.074234 0.048881
0.611632 0.731963 0.065875 0.047408
0.161723 0.251805 0.081506 0.054242
0.399153 0.896976 0.073374 0.035587
0.931233 0.472409 0.073869 0.043067
0.399739 0.938315 0.086958 0.044391
0.283790 0.744864 0.068878 0.051477
0.168978 0.194584 0.063419 0.049475
0.927639 0.581307 0.067438 0.055865
0.512081 0.049805 0.070625 0.051607
0.506973 0.203944 0.071329 0.042792
0.396975 0.397443 0.060298 0.055695
0.727642 0.049851 0.070433 0.050190
0.822046 0.958694 0.062074 0.044582
0.169224 0.803708 0.076903 0.039649
0.060412 0.382879 0.064385 0.050859
0.720025 0.874076 0.057114 0.052354
0.608905 0.620047 0.076292 0.052914
0.723156 0.335355 0.057117 0.053487
0.823398 0.301030 0.061666 0.050610
0.283343 0.952462 0.094865 0.050337
0.608178 0.564224 0.066052 0.049244
0.172799 0.695417 0.056616 0.051802
0.826915 0.411378 0.072708 0.052838
0.175104 0.903181 0.086017 0.042532
0.284238 0.903365 0.050740 0.044606
0.826144 0.520971 0.058736 0.053438
0.398103 0.220417 0.063650 0.053861
0.829860 0.740156 0.069719 0.054076
0.722048 0.101889 0.069829 0.042823
0.716608 0.721147 0.060966 0.038639
0.926491 0.973148 0.056793 0.035713
0.170993 0.358425 0.061080 0.053529
0.169636 0.098797 0.067267 0.039503
0.827976 0.682438 0.055067 0.043031
0.059824 0.103613 0.059103 0.052884
0.932560 0.735038 0.048402 0.038790
0.609237 0.398981 0.069562 0.051357
0.721250 0.762462 0.061776 0.042532
0.824967 0.466532 0.061504 0.052805
0.063126 0.658508 0.050473 0.044511
0.610185 0.972397 0.089812 0.037730
0.393295 0.976271 0.076595 0.035481
0.933373 0.271182 0.055528 0.047201
0.724692 0.156767 0.065050 0.055254
0.723351 0.220337 0.071378 0.053305
