0.719765 0.853302 0.073489 0.041980
0.604388 0.705793 0.064649 0.037710
0.054974 0.891469 0.079873 0.052177
0.708560 0.178810 0.061486 0.039369
0.285909 0.716789 0.066762 0.044333
0.064670 0.267595 0.066499 0.035128
0.058889 0.230930 0.067758 0.034559
0.605736 0.386094 0.059713 0.037858
0.597743 0.239253 0.065721 0.040175
0.174253 0.384882 0.065707 0.041173
0.505469 0.272487 0.069516 0.036600
0.710346 0.302285 0.054006 0.037450
0.274363 0.083216 0.065331 0.038872
0.609569 0.423664 0.068508 0.036923
0.711017 0.711585 0.068579 0.037520
0.384731 0.141537 0.081473 0.040107
0.393148 0.485818 0.070866 0.038531
0.603388 0.741882 0.062274 0.032241
0.392372 0.446829 0.068723 0.036033
0.716113 0.812132 0.072006 0.038101
0.821943 0.361235 0.068200 0.035523
0.709910 0.669477 0.070801 0.040914
0.387389 0.806781 0.066170 0.051150
0.385718 0.217300 0.065560 0.037189
0.712448 0.377098 0.058879 0.035192
0.714870 0.929502 0.068316 0.034668
0.599438 0.135364 0.068689 0.040277
0.281016 0.165232 0.070068 0.045394
0.822933 0.810985 0.068284 0.042136
0.276414 0.120696 0.059427 0.035029
0.924759 0.125492 0.071297 0.032719
0.498321 0.163598 0.073014 0.040169
0.385094 0.097660 0.066531 0.043919
0.716686 0.339972 0.067360 0.035690
0.287937 0.309088 0.075399 0.041174
0.177312 0.472488 0.065058 0.039392
0.930004 0.088889 0.061337 0.038515
0.390608 0.887128 0.074021 0.039601
0.177211 0.180751 0.080578 0.044889
0.710640 0.112515 0.066817 0.035797
0.713323 0.215876 0.054301 0.032524
0.392303 0.408783 0.076474 0.039963
0.286098 0.674694 0.069164 0.031658
0.935472 0.409730 0.058172 0.040430
0.820658 0.886584 0.066862 0.039320
0.713577 0.747553 0.060416 0.030095
0.930379 0.223929 0.057250 0.037057
0.290517 0.426753 0.066420 0.040139
0.381190 0.180352 0.073284 0.033462
0.600545 0.851848 0.070622 0.039850
0.935792 0.577707 0.062760 0.040660
0.054869 0.805536 0.068154 0.043710
0.287119 0.349856 0.067997 0.034126
0.166334 0.599799 0.057139 0.040732
0.063286 0.089882 0.073718 0.039271
0.177477 0.428479 0.065335 0.046083
0.599354 0.308993 0.071187 0.035948
0.933115 0.289491 0.052765 0.029818
0.941186 0.447591 0.060981 0.032587
0.818568 0.397102 0.056839 0.031806
0.819855 0.768123 0.062867 0.041326
0.495688 0.929396 0.058755 0.040660
0.928580 0.048365 0.062113 0.039045
0.929327 0.787523 0.060731 0.040340
0.170672 0.749039 0.077873 0.039815
0.808784 0.180564 0.078068 0.036733
0.717001 0.416049 0.056403 0.039382
0.057514 0.667205 0.077927 0.041392
0.714171 0.490701 0.055348 0.031652
0.286661 0.387868 0.062935 0.036365
0.603356 0.777338 0.058182 0.033753
0.499625 0.234227 0.057646 0.034401
0.935503 0.682882 0.059320 0.033774
0.931828 0.190032 0.060811 0.030541
0.593942 0.095265 0.058811 0.037256
0.604942 0.668025 0.054417 0.034294
0.928434 0.828635 0.061941 0.035348
0.934376 0.616222 0.057507 0.035059
0.063170 0.441078 0.062522 0.046960
0.170141 0.221400 0.065234 0.037349
0.178694 0.512004 0.072592 0.038386
0.393922 0.849151 0.073594 0.032765
0.286093 0.640736 0.059487 0.036116
0.822490 0.283687 0.062518 0.037891
0.502443 0.342828 0.078666 0.030524
0.704782 0.078583 0.072141 0.028870
0.391755 0.599243 0.057322 0.041881
0.062471 0.194935 0.057772 0.030940
0.714362 0.524507 0.058351 0.033209
0.395265 0.528071 0.058679 0.045091
0.932846 0.949577 0.071350 0.038472
0.499103 0.711190 0.055856 0.036932
0.496424 0.121312 0.059212 0.042159
0.054749 0.758146 0.067988 0.044459
0.597035 0.201716 0.059975 0.030286
0.812150 0.143894 0.054247 0.036042
0.397227 0.931162 0.084306 0.044880
0.716086 0.595439 0.059990 0.036381
0.931616 0.159652 0.053139 0.032153
0.717881 0.455085 0.063183 0.038683
0.607076 0.591950 0.061335 0.045427
0.393958 0.714072 0.058059 0.046981
0.821311 0.586988 0.059029 0.033671
0.822159 0.960933 0.061337 0.038613
0.813783 0.247721 0.055556 0.028280
0.390632 0.638144 0.052621 0.032872
0.503575 0.381135 0.062192 0.044313
0.932378 0.904373 0.061540 0.043501
0.282295 0.601128 0.066872 0.040743
0.494246 0.782235 0.059020 0.037241
0.501505 0.647467 0.056002 0.035331
0.493633 0.888246 0.061356 0.035303
0.714912 0.893479 0.054468 0.032413
0.175854 0.259170 0.057617 0.038555
0.717807 0.965008 0.071831 0.033088
0.063641 0.308007 0.054907 0.042424
0.933336 0.369364 0.056201 0.037547
0.939660 0.484780 0.063052 0.036334
0.165226 0.044753 0.068127 0.038905
0.048104 0.948649 0.086694 0.059540
0.498214 0.078579 0.054199 0.042155
0.599806 0.460294 0.058776 0.033321
0.266147 0.861796 0.058977 0.039292
0.601543 0.346974 0.051057 0.035891
0.287863 0.468888 0.060722 0.042780
0.174641 0.704207 0.066546 0.044967
0.285618 0.559867 0.074582 0.040978
0.167893 0.915727 0.063581 0.039063
0.819193 0.110805 0.063039 0.026876
0.814090 0.216088 0.051381 0.032309
0.606170 0.632874 0.050870 0.036013
0.172243 0.555170 0.055554 0.044147
0.822349 0.427398 0.055506 0.027305
0.601575 0.935081 0.071489 0.040382
0.059503 0.845322 0.072106 0.033540
0.501982 0.536735 0.067214 0.039844
0.704745 0.045525 0.072276 0.035565
0.166520 0.831342 0.059049 0.045074
0.494592 0.496634 0.055831 0.041593
0.815387 0.320827 0.053861 0.037878
0.935750 0.748373 0.069813 0.034194
0.937440 0.649401 0.061374 0.031793
0.282226 0.216826 0.063439 0.049279
0.815713 0.044050 0.070856 0.031807
0.498351 0.201003 0.059141 0.032146
0.928835 0.715507 0.054124 0.031962
0.598677 0.171005 0.057174 0.027003
0.052095 0.713040 0.057077 0.041697
0.050786 0.626070 0.061644 0.040320
0.711024 0.144100 0.057668 0.028065
0.820581 0.492633 0.044909 0.030410
0.167203 0.788752 0.057173 0.033514
0.818055 0.923885 0.052048 0.034385
0.281850 0.819593 0.063509 0.036955
0.822940 0.664154 0.054782 0.036410
0.708257 0.777317 0.054782 0.028100
0.059053 0.353208 0.062353 0.046489
0.270444 0.041918 0.064152 0.037026
0.924435 0.865182 0.055645 0.029437
0.596463 0.812370 0.055273 0.034302
0.058779 0.128505 0.054280 0.034927
0.597810 0.892614 0.050476 0.040678
0.164707 0.087293 0.060698 0.043108
0.501262 0.609196 0.052040 0.037475
0.058062 0.531236 0.072787 0.051457
0.603266 0.546649 0.053718 0.042739
0.048274 0.582384 0.069952 0.042552
0.821818 0.526223 0.063732 0.032679
0.175307 0.639273 0.071991 0.032819
0.821253 0.459914 0.046108 0.035707
0.932177 0.258419 0.045131 0.030983
0.496492 0.746655 0.048623 0.032636
0.817258 0.077904 0.058658 0.031109
0.062743 0.485059 0.060898 0.033223
0.393254 0.564943 0.064347 0.026537
0.289269 0.264378 0.060896 0.045133
0.593362 0.051432 0.056030 0.049881
0.274622 0.901821 0.060092 0.040092
0.712975 0.268842 0.054792 0.026863
0.174982 0.133087 0.064863 0.048859
0.715037 0.558779 0.053320 0.035599
0.385309 0.261836 0.064677 0.046833
0.167955 0.875132 0.059291 0.035577
0.058083 0.163180 0.048642 0.030463
0.500667 0.309317 0.054560 0.036119
0.607807 0.500588 0.054999 0.046221
0.826442 0.733058 0.058740 0.029286
0.174700 0.966197 0.089047 0.053203
0.175139 0.301828 0.056537 0.043676
0.507804 0.967098 0.071585 0.034410
0.602009 0.274032 0.067048 0.027177
0.056299 0.047333 0.058721 0.043559
0.389644 0.311038 0.060258 0.046290
0.394770 0.362198 0.050309 0.050757
0.714805 0.630087 0.048033 0.034906
0.943079 0.542278 0.051235 0.027546
0.181713 0.344702 0.063383 0.036552
0.601639 0.972994 0.060779 0.035663
0.393673 0.670606 0.044412 0.032256
0.505765 0.678403 0.059332 0.023499
0.823688 0.555944 0.056738 0.024382
0.279689 0.768180 0.065787 0.055487
0.499155 0.457255 0.042227 0.034804
0.494711 0.420541 0.056374 0.034299
0.392964 0.759368 0.049809 0.041167
0.939615 0.516224 0.043737 0.025761
0.491276 0.854582 0.051528 0.027228
0.817595 0.625125 0.056072 0.040367
0.826149 0.700605 0.047400 0.038191
0.711807 0.242888 0.052182 0.021652
0.820976 0.848987 0.056568 0.035455
0.385973 0.967715 0.075004 0.039753
0.494595 0.819787 0.049510 0.039990
0.059614 0.399071 0.075363 0.035438
0.377060 0.049993 0.053998 0.047143
0.491787 0.039414 0.049626 0.030538
0.283959 0.517368 0.052101 0.046547
0.934346 0.323653 0.046698 0.035209
0.167040 0.668896 0.064185 0.023963
0.276570 0.949238 0.069531 0.054745
0.500927 0.575220 0.057650 0.035322
