0.721924 0.285358 0.072276 0.038868
0.403013 0.309347 0.061484 0.037480
0.610833 0.282707 0.061257 0.041931
0.069709 0.591198 0.069703 0.037942
0.389399 0.270766 0.055320 0.039089
0.722866 0.208563 0.059449 0.038149
0.720558 0.822166 0.061805 0.038022
0.504884 0.423298 0.057946 0.042738
0.936451 0.657624 0.054809 0.038700
0.607092 0.573920 0.065667 0.040527
0.822218 0.674137 0.058440 0.036895
0.506569 0.546592 0.058905 0.038064
0.174384 0.689542 0.062213 0.040131
0.719155 0.368743 0.061608 0.038019
0.828480 0.904702 0.051846 0.037134
0.712634 0.941629 0.053018 0.037378
0.718350 0.169839 0.056940 0.038116
0.721899 0.327880 0.053075 0.040039
0.612036 0.529856 0.058422 0.040953
0.721898 0.603949 0.059229 0.044464
0.181992 0.475382 0.055280 0.036254
0.612975 0.711316 0.061108 0.037082
0.503411 0.380652 0.057727 0.041691
0.613873 0.834461 0.055765 0.033080
0.393648 0.109025 0.054435 0.032443
0.064193 0.810745 0.049907 0.038496
0.829201 0.835519 0.055348 0.029842
0.925769 0.882646 0.051345 0.036537
0.288300 0.347249 0.055155 0.043145
0.177728 0.439018 0.053633 0.030996
0.183810 0.233814 0.051783 0.035512
0.062901 0.427768 0.059455 0.044959
0.941113 0.732005 0.056384 0.034863
0.180705 0.367615 0.064137 0.037297
0.931555 0.384357 0.055195 0.040558
0.717411 0.904655 0.053123 0.032128
0.725409 0.245973 0.063604 0.037937
0.062128 0.122226 0.049478 0.040710
0.501066 0.303832 0.048074 0.041008
0.722625 0.515058 0.056514 0.040094
0.177231 0.274127 0.079799 0.042596
0.612831 0.243212 0.055200 0.035803
0.610866 0.613413 0.060019 0.036947
0.389979 0.469562 0.062590 0.041256
0.729247 0.717034 0.067184 0.034448
0.061615 0.210029 0.056635 0.040198
0.295211 0.878072 0.054389 0.038550
0.824826 0.601191 0.051375 0.039064
0.826865 0.868879 0.051027 0.036253
0.938535 0.768425 0.058835 0.036266
0.612286 0.867048 0.054527 0.031237
0.503906 0.343746 0.053886 0.030528
0.062932 0.165863 0.053754 0.043730
0.066546 0.631387 0.064719 0.036693
0.615983 0.445359 0.053508 0.040947
0.842510 0.390978 0.065388 0.046437
0.721533 0.752451 0.055006 0.031615
0.389145 0.192409 0.055928 0.044378
0.397452 0.920428 0.055174 0.034603
0.722545 0.435652 0.061001 0.034497
0.066629 0.514700 0.057594 0.039702
0.389547 0.430829 0.058383 0.035339
0.933951 0.427496 0.064702 0.043742
0.065038 0.247353 0.051494 0.033516
0.292690 0.972189 0.050232 0.035967
0.834328 0.283322 0.053640 0.030907
0.505088 0.114223 0.053119 0.034875
0.938739 0.696174 0.047852 0.036728
0.064414 0.554482 0.053178 0.032785
0.285123 0.180069 0.060768 0.045899
0.824490 0.750495 0.053319 0.038314
0.605729 0.076985 0.066032 0.037817
0.506726 0.893722 0.051859 0.038154
0.289626 0.781902 0.060396 0.040554
0.403947 0.353612 0.051840 0.046162
0.722174 0.134089 0.045565 0.029874
0.824331 0.639007 0.048856 0.032399
0.504932 0.151127 0.057009 0.028823
0.395589 0.844775 0.057928 0.045158
0.500792 0.586947 0.050700 0.037281
0.066636 0.890753 0.078169 0.040504
0.394122 0.148330 0.065396 0.040744
0.720085 0.862808 0.061583 0.040918
0.063561 0.960641 0.072784 0.033889
0.609630 0.676777 0.056588 0.033349
0.935852 0.344387 0.048791 0.032740
0.836719 0.347163 0.057621 0.040353
0.614338 0.115589 0.057142 0.036942
0.179237 0.404629 0.048571 0.033105
0.829454 0.939725 0.053949 0.033268
0.061276 0.775777 0.049328 0.032242
0.059881 0.743627 0.052725 0.033794
0.178572 0.765222 0.049847 0.045766
0.289637 0.267263 0.059968 0.042316
0.724170 0.402286 0.048263 0.029825
0.926183 0.915277 0.050715 0.032159
0.062021 0.078650 0.052981 0.039937
0.940981 0.112594 0.043311 0.032187
0.290381 0.224901 0.054019 0.038116
0.834437 0.440380 0.054201 0.043908
0.389146 0.072755 0.047950 0.035534
0.396977 0.764061 0.068396 0.049580
0.400081 0.886245 0.051184 0.035930
0.612929 0.488914 0.058450 0.033434
0.940324 0.079469 0.043179 0.031385
0.502884 0.265914 0.048136 0.032023
0.927763 0.846262 0.046201 0.035530
0.070175 0.317060 0.051493 0.040583
0.178314 0.726000 0.051778 0.027801
0.719707 0.558845 0.046257 0.043389
0.827436 0.533392 0.051536 0.045639
0.286761 0.693226 0.053695 0.037103
0.183366 0.587167 0.052057 0.036117
0.071903 0.352482 0.055503 0.035624
0.939421 0.509996 0.061271 0.033649
0.929558 0.809122 0.045867 0.037144
0.400501 0.958779 0.046831 0.041353
0.506201 0.509836 0.047949 0.035236
0.068743 0.281704 0.051263 0.033995
0.291662 0.385329 0.052064 0.031975
0.186495 0.514467 0.075311 0.037983
0.828966 0.170582 0.041535 0.028912
0.717403 0.074291 0.045002 0.038114
0.713727 0.034386 0.062928 0.038694
0.287218 0.737336 0.051545 0.048707
0.181147 0.199220 0.047822 0.032179
0.289310 0.307669 0.040686 0.033435
0.294094 0.416761 0.054060 0.030389
0.612200 0.645915 0.054104 0.029306
0.934396 0.584246 0.041471 0.028774
0.933957 0.547844 0.053886 0.037820
0.396599 0.596955 0.050578 0.041719
0.822024 0.710603 0.045885 0.035827
0.498762 0.819439 0.070045 0.041933
0.177882 0.806767 0.050228 0.036517
0.927825 0.945114 0.065484 0.026239
0.614777 0.798837 0.054689 0.036183
0.066431 0.387986 0.049108 0.036008
0.716291 0.973809 0.052071 0.029334
0.940208 0.143880 0.049450 0.029500
0.392863 0.232987 0.042307 0.035074
0.284623 0.034210 0.047880 0.036183
0.061781 0.039486 0.053868 0.039888
0.616049 0.902291 0.052434 0.039656
0.506579 0.469664 0.051846 0.044810
0.823114 0.795398 0.044331 0.043077
0.291975 0.940768 0.050589 0.031058
0.294798 0.911612 0.050783 0.030052
0.722612 0.473322 0.045553 0.037187
0.827307 0.034640 0.056889 0.033432
0.505675 0.188629 0.040368 0.040858
0.064337 0.708617 0.045788 0.033419
0.176327 0.623751 0.047127 0.035002
0.066713 0.472790 0.051111 0.039948
0.176961 0.885280 0.048260 0.039845
0.618592 0.938570 0.054195 0.036583
0.499624 0.076840 0.049267 0.034658
0.502654 0.658816 0.050299 0.030572
0.181495 0.164057 0.056502 0.039551
0.173576 0.844612 0.053041 0.038905
0.941456 0.179779 0.048676 0.041709
0.718646 0.649625 0.062476 0.041135
0.174038 0.948366 0.045091 0.028850
0.829781 0.200626 0.043892 0.032830
0.614227 0.199775 0.047280 0.045544
0.395005 0.510132 0.049434 0.038451
0.398395 0.719964 0.046656 0.035743
0.614739 0.155030 0.050635 0.041080
0.722097 0.786332 0.043467 0.036622
0.394922 0.551691 0.051880 0.045711
0.828764 0.106834 0.040655 0.029995
0.623830 0.971754 0.052733 0.032495
0.174673 0.974641 0.044274 0.027242
0.497272 0.037134 0.052952 0.039663
0.828753 0.138632 0.039053 0.034487
0.290345 0.566146 0.063097 0.033011
0.613629 0.365895 0.049596 0.040906
0.724655 0.684030 0.051861 0.029501
0.177409 0.325306 0.061830 0.048167
0.288870 0.492413 0.051510 0.042264
0.830702 0.243475 0.054148 0.047378
0.937989 0.267301 0.044544 0.032090
0.935357 0.619608 0.040801 0.036646
0.607499 0.035910 0.046663 0.037617
0.403699 0.643332 0.071479 0.045368
0.066226 0.849969 0.047588 0.039668
0.836566 0.313839 0.048247 0.030090
0.502872 0.227468 0.043164 0.032616
0.291941 0.530259 0.047924 0.036934
0.835267 0.965922 0.055218 0.023188
0.066112 0.671239 0.048543 0.041613
0.393556 0.033762 0.046697 0.035997
0.833964 0.487351 0.055243 0.038544
0.289157 0.453133 0.055204 0.038646
0.177601 0.655315 0.042320 0.026655
0.616340 0.324451 0.057577 0.039396
0.500317 0.778993 0.047233 0.036179
0.937420 0.472242 0.047045 0.041652
0.175589 0.920470 0.049323 0.031199
0.503650 0.933348 0.042438 0.037593
0.397305 0.806241 0.047346 0.032962
0.397814 0.396315 0.047886 0.035142
0.501482 0.694920 0.055350 0.036628
0.499149 0.625597 0.049009 0.032600
0.181621 0.122922 0.049946 0.039512
0.068130 0.927579 0.053178 0.032179
0.941636 0.035954 0.051957 0.047840
0.611119 0.756169 0.066783 0.048692
0.722626 0.105806 0.052181 0.026420
0.284717 0.652463 0.057773 0.041150
0.506079 0.971262 0.048520 0.025664
0.280807 0.064438 0.052473 0.024697
0.937051 0.307929 0.041586 0.036589
0.399260 0.684615 0.043870 0.030036
0.508971 0.854641 0.048049 0.034301
0.292980 0.829861 0.055130 0.052250
0.824127 0.071138 0.059121 0.039575
0.610919 0.403595 0.043320 0.037377
0.931232 0.971490 0.062910 0.026543
0.303849 0.607640 0.081691 0.045624
0.287471 0.136135 0.046836 0.039466
0.185559 0.551408 0.044457 0.036663
0.235001 0.134852 0.049152 0.032859
0.827311 0.568385 0.045365 0.027665
0.502577 0.739813 0.044988 0.045259
0.285478 0.094696 0.052096 0.031724
0.941105 0.223286 0.040606 0.040721
0.228545 0.044028 0.045932 0.032778
0.175231 0.039854 0.058862 0.045818
