0.485357 0.859415 0.059338 0.040038
0.599966 0.318395 0.076724 0.042526
0.828440 0.146284 0.056517 0.035196
0.270693 0.548541 0.062935 0.035937
0.494152 0.258276 0.063495 0.038478
0.488250 0.216620 0.064288 0.036979
0.938413 0.952345 0.069171 0.039045
0.714343 0.193463 0.061800 0.036755
0.711096 0.483616 0.060396 0.032943
0.379152 0.844722 0.054161 0.037450
0.826544 0.327903 0.071268 0.042454
0.938418 0.235256 0.069419 0.032318
0.822367 0.853907 0.066377 0.034622
0.610750 0.171312 0.060182 0.034134
0.270688 0.509082 0.074438 0.040124
0.827847 0.548686 0.067245 0.032827
0.611035 0.134340 0.053923 0.035581
0.826204 0.253140 0.051717 0.038007
0.823102 0.215075 0.052553 0.036138
0.590091 0.850604 0.066261 0.039523
0.264994 0.744698 0.060275 0.038404
0.820768 0.703774 0.075207 0.047016
0.484726 0.929225 0.058693 0.030845
0.933755 0.136957 0.055988 0.033044
0.929736 0.911711 0.068047 0.035913
0.597614 0.778506 0.059558 0.034336
0.496925 0.296728 0.060240 0.037475
0.934481 0.621638 0.064985 0.033924
0.931290 0.875449 0.054865 0.035242
0.266439 0.860405 0.053206 0.033993
0.704866 0.756621 0.085330 0.044220
0.378231 0.915763 0.056605 0.029987
0.712680 0.411964 0.073859 0.037367
0.063811 0.379167 0.058439 0.038622
0.825956 0.885837 0.054483 0.028018
0.380792 0.728597 0.076452 0.036633
0.606643 0.209458 0.071945 0.039697
0.275995 0.326330 0.071512 0.040148
0.270262 0.432038 0.058283 0.038269
0.932343 0.342494 0.082297 0.036950
0.488494 0.615932 0.057539 0.042035
0.712803 0.715462 0.063421 0.036220
0.381399 0.882382 0.049468 0.035930
0.069482 0.740173 0.060733 0.032115
0.818333 0.658784 0.073830 0.041646
0.822753 0.953769 0.080073 0.041706
0.823484 0.404534 0.070188 0.043045
0.712911 0.159658 0.057383 0.029645
0.166550 0.333698 0.056985 0.039933
0.825813 0.106908 0.053225 0.038698
0.499280 0.139524 0.067130 0.038746
0.383606 0.768917 0.063599 0.038706
0.705762 0.833399 0.083166 0.044311
0.492593 0.101075 0.069626 0.036483
0.704159 0.940556 0.067014 0.034107
0.379929 0.806874 0.053216 0.038925
0.386572 0.302560 0.059643 0.038568
0.592571 0.634147 0.051523 0.040928
0.272476 0.248349 0.058911 0.045395
0.603383 0.276888 0.066784 0.037258
0.939279 0.656004 0.072355 0.033725
0.066331 0.839129 0.059779 0.030873
0.172580 0.964818 0.058215 0.034062
0.930067 0.805752 0.072332 0.027948
0.482669 0.898014 0.053875 0.033082
0.501465 0.339855 0.062122 0.039859
0.164705 0.295914 0.052136 0.036818
0.716278 0.288793 0.074909 0.035804
0.702868 0.973158 0.055906 0.032100
0.068077 0.673672 0.056968 0.033159
0.479198 0.964264 0.071949 0.037205
0.065996 0.493493 0.056076 0.040067
0.392503 0.232313 0.058327 0.033608
0.061449 0.449848 0.063294 0.042460
0.825177 0.068502 0.055697 0.034402
0.067308 0.707372 0.050743 0.033828
0.171875 0.833248 0.057392 0.031125
0.163856 0.513515 0.066960 0.040905
0.162518 0.148478 0.060234 0.037302
0.287694 0.066062 0.057195 0.037973
0.826455 0.747373 0.064316 0.037808
0.830492 0.289006 0.064655 0.034098
0.933476 0.069975 0.047981 0.037422
0.592434 0.814750 0.055245 0.029298
0.067940 0.922197 0.052368 0.029770
0.166430 0.596967 0.063378 0.034285
0.935812 0.492278 0.054651 0.039308
0.821050 0.783967 0.081584 0.033887
0.716027 0.367669 0.055287 0.046329
0.600950 0.454698 0.058061 0.032477
0.705582 0.875997 0.077923 0.034380
0.165359 0.374845 0.047804 0.036102
0.378613 0.616691 0.074449 0.040838
0.272357 0.396973 0.050997 0.031494
0.929556 0.838032 0.060004 0.037279
0.934539 0.527712 0.050091 0.029934
0.820973 0.582972 0.070538 0.034540
0.273515 0.965519 0.074867 0.036894
0.714839 0.126581 0.051991 0.031778
0.720886 0.324710 0.064375 0.039874
0.268949 0.705608 0.061286 0.039220
0.716715 0.226803 0.057151 0.031347
0.598300 0.593406 0.057183 0.038701
0.935315 0.267342 0.062414 0.034899
0.934933 0.774860 0.055724 0.033818
0.933292 0.103995 0.048078 0.027545
0.164263 0.556323 0.063886 0.042414
0.265500 0.621371 0.072600 0.038595
0.714616 0.518175 0.064856 0.028387
0.377704 0.693186 0.064363 0.032936
0.709200 0.671988 0.056464 0.048408
0.272742 0.470680 0.053698 0.033817
0.389588 0.339314 0.058053 0.033738
0.281707 0.105186 0.053815 0.034362
0.163106 0.898307 0.076669 0.031793
0.483867 0.821926 0.048978 0.030626
0.269366 0.585045 0.059989 0.032975
0.818410 0.916187 0.068917 0.031723
0.066811 0.801882 0.047041 0.040007
0.388676 0.492047 0.059251 0.038431
0.264385 0.782575 0.053079 0.035845
0.170361 0.678743 0.053893 0.040968
0.607779 0.098528 0.049996 0.035820
0.942029 0.304117 0.067811 0.037401
0.060458 0.343828 0.049543 0.030968
0.162323 0.254711 0.054953 0.040808
0.496047 0.499870 0.062086 0.040575
0.596207 0.364234 0.068124 0.045527
0.264740 0.898900 0.062991 0.038606
0.167222 0.770872 0.056917 0.036678
0.496475 0.178172 0.048458 0.038961
0.825447 0.817761 0.054150 0.037661
0.059369 0.265825 0.053151 0.037537
0.483397 0.789993 0.051597 0.033782
0.707944 0.588117 0.058135 0.035442
0.935548 0.689701 0.075223 0.036715
0.170822 0.865054 0.053830 0.028820
0.499533 0.457361 0.055871 0.041545
0.072263 0.958337 0.049905 0.036966
0.168279 0.410109 0.051684 0.027893
0.593058 0.706905 0.049279 0.034939
0.166019 0.069279 0.051913 0.041770
0.827722 0.181099 0.049491 0.027800
0.704425 0.552961 0.078106 0.035484
0.496033 0.538804 0.052984 0.031504
0.375853 0.955429 0.066563 0.044029
0.934298 0.560747 0.044891 0.031312
0.717762 0.450090 0.054864 0.032127
0.066956 0.602588 0.051667 0.036156
0.939244 0.733614 0.059814 0.045271
0.384419 0.658677 0.047959 0.039594
0.827779 0.366322 0.061653 0.033689
0.171093 0.725571 0.053438 0.049293
0.715265 0.091824 0.048347 0.037146
0.498944 0.064279 0.055559 0.033122
0.488097 0.756371 0.050384 0.034642
0.493758 0.573470 0.049852 0.038051
0.168612 0.931068 0.052198 0.030931
0.826224 0.512141 0.049011 0.036293
0.827713 0.477653 0.046824 0.032692
0.710256 0.908090 0.056225 0.030154
0.061084 0.113406 0.053771 0.038984
0.279954 0.140832 0.049178 0.035251
0.268390 0.821397 0.049323 0.039296
0.062875 0.033245 0.065477 0.042394
0.608183 0.028982 0.065293 0.034027
0.169774 0.803289 0.048779 0.029239
0.703492 0.627074 0.063327 0.035003
0.590473 0.885279 0.053388 0.029135
0.823715 0.618796 0.061155 0.037999
0.934295 0.381773 0.053571 0.040469
0.169037 0.440386 0.048562 0.036423
0.599437 0.491141 0.048307 0.035486
0.061186 0.223102 0.049947 0.039320
0.388678 0.530682 0.052612 0.036162
0.267323 0.661440 0.064780 0.042970
0.595546 0.412927 0.060800 0.047787
0.939488 0.448358 0.056092 0.044485
0.168169 0.477151 0.048883 0.028822
0.589212 0.915493 0.056522 0.035863
0.059335 0.414427 0.053456 0.029747
0.496553 0.415333 0.051014 0.041461
0.164543 0.215167 0.048753 0.034892
0.498751 0.028618 0.053464 0.035932
0.276841 0.288121 0.044477 0.032727
0.591965 0.743128 0.046978 0.036356
0.595200 0.672187 0.042870 0.031650
0.059323 0.075019 0.047644 0.038442
0.721974 0.256780 0.060986 0.026138
0.932830 0.590534 0.040157 0.027765
0.278297 0.174107 0.048056 0.033462
0.168920 0.636803 0.051668 0.041849
0.067362 0.769531 0.047954 0.024891
0.594458 0.555758 0.056873 0.029185
0.388218 0.143761 0.051491 0.046581
0.932242 0.031078 0.052312 0.038795
0.278073 0.209064 0.045235 0.030972
0.391583 0.190423 0.053546 0.045816
0.059810 0.306702 0.046242 0.042227
0.582008 0.955069 0.070679 0.043272
0.499121 0.375965 0.064689 0.031626
0.285197 0.026406 0.055835 0.033307
0.485853 0.659913 0.048965 0.043116
0.380215 0.573198 0.058981 0.042055
0.611450 0.063814 0.044930 0.033240
0.163639 0.182492 0.044673 0.030129
0.063728 0.641236 0.048794 0.032934
0.389630 0.267114 0.041646 0.031446
0.705101 0.794211 0.063102 0.032376
0.935500 0.167691 0.052625 0.025460
0.932152 0.199905 0.065529 0.036484
0.163320 0.111374 0.049539 0.035907
0.063863 0.565638 0.043751 0.034834
0.274030 0.363902 0.044764 0.032223
0.491170 0.716836 0.063175 0.046563
0.061313 0.151641 0.041192 0.033993
0.594767 0.525766 0.055251 0.032061
0.060488 0.186634 0.039047 0.028393
0.824543 0.030656 0.047528 0.036066
0.609030 0.244860 0.054051 0.027719
0.063602 0.530002 0.042464 0.033423
0.825591 0.444001 0.042611 0.033436
0.936525 0.412814 0.049203 0.022930
0.272667 0.931773 0.050503 0.030177
0.385206 0.377488 0.042395 0.035242
0.167057 0.027065 0.056292 0.031934
0.713425 0.053590 0.077647 0.036215
0.388459 0.105065 0.048252 0.030360
0.068444 0.872205 0.059878 0.028255
0.384179 0.414096 0.038815 0.034080
0.067999 0.893866 0.056036 0.025522
0.385022 0.453143 0.043078 0.036645
0.707286 0.029235 0.088857 0.037760
0.392424 0.031617 0.050005 0.040102
