0.292206 0.702797 0.072987 0.043124
0.955527 0.854671 0.060576 0.040872
0.068807 0.656205 0.072006 0.044450
0.746814 0.885559 0.057980 0.039611
0.072594 0.733355 0.064184 0.037888
0.739659 0.841770 0.063159 0.038702
0.625202 0.327976 0.061263 0.038773
0.392022 0.094370 0.056973 0.035923
0.287331 0.661116 0.080157 0.037741
0.182495 0.809688 0.057340 0.037750
0.625915 0.747645 0.067065 0.038501
0.740044 0.802862 0.050290 0.036968
0.296508 0.466159 0.055750 0.039640
0.844611 0.838290 0.059368 0.034989
0.528120 0.876510 0.060566 0.046985
0.166452 0.077676 0.070738 0.044324
0.292272 0.508404 0.055937 0.040376
0.295211 0.920865 0.051355 0.033316
0.176875 0.476701 0.070180 0.038340
0.391574 0.133722 0.050879 0.037553
0.956309 0.481786 0.054649 0.035978
0.528307 0.919260 0.069596 0.038595
0.072648 0.934406 0.060974 0.028698
0.172666 0.163781 0.058564 0.039554
0.945076 0.123415 0.055324 0.037806
0.521239 0.701918 0.052523 0.037882
0.061531 0.273974 0.061579 0.043035
0.519827 0.786699 0.067155 0.042683
0.524095 0.744201 0.057375 0.038252
0.292218 0.546821 0.058175 0.034159
0.618715 0.250200 0.059840 0.039118
0.288455 0.236113 0.057904 0.035937
0.412008 0.912404 0.061156 0.036959
0.284119 0.619189 0.062462 0.040757
0.178432 0.260102 0.054095 0.034297
0.625729 0.703042 0.073662 0.043610
0.175767 0.121017 0.055044 0.040561
0.059956 0.235438 0.055563 0.034836
0.391032 0.175347 0.063230 0.039260
0.071294 0.768103 0.061992 0.031899
0.294616 0.811749 0.071006 0.034548
0.187115 0.878084 0.049375 0.035262
0.074543 0.840442 0.057609 0.045423
0.074584 0.968399 0.061283 0.037113
0.848877 0.873667 0.056172 0.031669
0.508083 0.363469 0.056223 0.039454
0.061932 0.200221 0.059870 0.035730
0.404012 0.785925 0.052575 0.039215
0.842956 0.908893 0.056899 0.032078
0.737970 0.253675 0.047205 0.033961
0.745305 0.581227 0.051304 0.035045
0.075022 0.523240 0.053032 0.045943
0.624913 0.289149 0.055157 0.038661
0.506646 0.154227 0.056720 0.038844
0.514065 0.402177 0.062253 0.033982
0.516182 0.240988 0.062968 0.042838
0.959446 0.771225 0.052427 0.039102
0.738437 0.764658 0.048460 0.037592
0.957540 0.519267 0.053618 0.034220
0.281044 0.063173 0.061485 0.034887
0.954831 0.924538 0.052563 0.030950
0.279791 0.105194 0.064650 0.046806
0.745414 0.504121 0.050190 0.044281
0.072509 0.476934 0.052718 0.044412
0.187788 0.772072 0.053912 0.036585
0.060910 0.072502 0.060277 0.039704
0.401955 0.563324 0.073446 0.048583
0.625405 0.576937 0.052087 0.037547
0.065811 0.314602 0.054791 0.036914
0.074284 0.611886 0.055064 0.038130
0.071889 0.801083 0.052459 0.030283
0.843121 0.251845 0.053037 0.035320
0.076773 0.567337 0.052772 0.039546
0.287202 0.196476 0.051780 0.042874
0.946668 0.161259 0.057671 0.034989
0.847536 0.802080 0.049865 0.034210
0.620092 0.133562 0.076506 0.043082
0.398367 0.348774 0.060594 0.041877
0.949291 0.384977 0.048517 0.032839
0.185609 0.366968 0.057725 0.037909
0.408400 0.871701 0.055118 0.038243
0.503350 0.071655 0.053590 0.035725
0.292643 0.743563 0.053144 0.038994
0.064284 0.432576 0.061265 0.040490
0.289912 0.339108 0.055651 0.044570
0.842709 0.320214 0.050168 0.028142
0.404302 0.743879 0.049616 0.038340
0.622666 0.500534 0.054190 0.034364
0.174952 0.296660 0.057792 0.037814
0.184963 0.845611 0.045880 0.028804
0.743783 0.545524 0.051248 0.035516
0.846618 0.352815 0.051905 0.033890
0.845135 0.157688 0.051287 0.036517
0.399258 0.476916 0.059425 0.044984
0.618563 0.056234 0.055063 0.034582
0.952895 0.812832 0.050880 0.039972
0.618111 0.210841 0.062915 0.038617
0.852084 0.730702 0.053447 0.035202
0.842885 0.418947 0.049513 0.036275
0.943956 0.199856 0.058517 0.038696
0.293374 0.852145 0.050205 0.044425
0.515578 0.435587 0.052524 0.030988
0.409420 0.826503 0.052044 0.040088
0.620273 0.367146 0.049355 0.035865
0.955389 0.699859 0.050613 0.033455
0.405542 0.697767 0.053447 0.047834
0.294594 0.426953 0.055326 0.034790
0.512096 0.196160 0.053758 0.044308
0.740087 0.375675 0.047221 0.030348
0.398658 0.305749 0.060616 0.043222
0.631967 0.966718 0.072438 0.037050
0.514499 0.476938 0.050289 0.044408
0.842846 0.385198 0.046575 0.030829
0.293773 0.270101 0.050101 0.031454
0.398743 0.433280 0.058300 0.041223
0.397789 0.216692 0.064374 0.037525
0.505650 0.286601 0.065375 0.044652
0.506049 0.030233 0.058664 0.037756
0.746590 0.924371 0.047429 0.035595
0.622707 0.091366 0.060376 0.035900
0.742403 0.458928 0.049052 0.042860
0.726081 0.096990 0.048848 0.037357
0.071271 0.905915 0.053196 0.028836
0.953927 0.665881 0.044163 0.029933
0.287339 0.151959 0.050170 0.043791
0.955729 0.602043 0.047592 0.041437
0.836522 0.086925 0.052241 0.037451
0.188028 0.916101 0.074733 0.032527
0.952814 0.448483 0.049065 0.030601
0.622795 0.398391 0.052654 0.026537
0.727351 0.131143 0.046949 0.032722
0.950397 0.234996 0.055233 0.033990
0.404673 0.653638 0.059639 0.033692
0.406010 0.611869 0.061689 0.046347
0.291722 0.385972 0.054467 0.044673
0.833060 0.020494 0.051477 0.034896
0.186548 0.736802 0.047731 0.032300
0.518027 0.662497 0.053431 0.037039
0.289623 0.778065 0.053641 0.029746
0.058811 0.107582 0.056718 0.031315
0.628699 0.666960 0.054216 0.030463
0.845792 0.455582 0.066514 0.037388
0.957801 0.957797 0.044670 0.036606
0.296753 0.959627 0.046167 0.038545
0.623416 0.539758 0.047055 0.035085
0.742804 0.413570 0.057165 0.041645
0.512144 0.329203 0.053402 0.029702
0.941145 0.055103 0.065818 0.032267
0.840081 0.123741 0.046016 0.033737
0.532894 0.964529 0.054668 0.048596
0.181036 0.330228 0.045163 0.030026
0.841210 0.287051 0.046668 0.032294
0.946003 0.086008 0.046047 0.032727
0.742187 0.344206 0.056172 0.028295
0.050344 0.032656 0.071804 0.039341
0.957700 0.892038 0.049072 0.033658
0.068510 0.389068 0.053154 0.041393
0.401491 0.391093 0.051986 0.040207
0.066719 0.349738 0.062883 0.034436
0.837367 0.054203 0.044599 0.027666
0.627694 0.788755 0.052334 0.039770
0.848990 0.766072 0.046403 0.033246
0.726423 0.062057 0.057440 0.030603
0.621990 0.173753 0.050162 0.035721
0.747618 0.958501 0.044192 0.032742
0.632797 0.831133 0.045204 0.039908
0.164977 0.032480 0.057876 0.040606
0.177160 0.225457 0.047367 0.034272
0.630592 0.868682 0.073047 0.033820
0.841745 0.218834 0.042168 0.032502
0.501016 0.111355 0.057884 0.044022
0.740963 0.314908 0.043818 0.031511
0.185094 0.699769 0.044995 0.037110
0.738320 0.730712 0.040453 0.031249
0.740457 0.285213 0.041532 0.029181
0.528144 0.829287 0.063408 0.041816
0.740976 0.661114 0.055609 0.031310
0.957415 0.557438 0.048279 0.039116
0.069094 0.695433 0.056925 0.033212
0.622738 0.466639 0.044526 0.034709
0.057661 0.167916 0.045412 0.030976
0.951571 0.417931 0.052010 0.031063
0.385657 0.060552 0.044329 0.032313
0.626853 0.625403 0.049265 0.050899
0.406625 0.517607 0.054166 0.037414
0.731092 0.173238 0.050258 0.039906
0.950310 0.351738 0.049187 0.033869
0.180514 0.519488 0.042777 0.043203
0.397412 0.258170 0.055167 0.045175
0.853104 0.699447 0.049523 0.028524
0.293635 0.581841 0.049782 0.030000
0.280364 0.027495 0.047168 0.033325
0.079710 0.877159 0.052070 0.024526
0.178060 0.404295 0.045678 0.036216
0.851569 0.661391 0.044861 0.041373
0.184158 0.619892 0.044662 0.030405
0.511798 0.517586 0.051635 0.032133
0.947262 0.316569 0.043731 0.035457
0.936541 0.024896 0.053023 0.029183
0.626422 0.430553 0.043217 0.034201
0.056662 0.137954 0.040893 0.030699
0.847674 0.188653 0.044246 0.025365
0.179047 0.439021 0.041469 0.032617
0.182126 0.561350 0.043632 0.033972
0.634726 0.931405 0.045257 0.035541
0.414806 0.944913 0.056850 0.030756
0.295480 0.890452 0.042451 0.026342
0.845454 0.492893 0.051961 0.036475
0.740183 0.697928 0.039824 0.033117
0.182971 0.658353 0.042757 0.040604
0.848778 0.617228 0.044790 0.043667
0.851326 0.938827 0.039225 0.028711
0.416927 0.975264 0.079720 0.035888
0.516962 0.556535 0.043993 0.042570
0.635234 0.898247 0.054771 0.031244
0.297742 0.301019 0.054717 0.025173
0.957454 0.732809 0.041770 0.030182
0.853144 0.966599 0.047789 0.025718
0.848248 0.530280 0.051453 0.041063
0.734365 0.213437 0.048277 0.040111
0.849239 0.570911 0.046354 0.040258
0.517389 0.625045 0.049484 0.035144
0.614833 0.023967 0.047450 0.028484
0.194774 0.958256 0.051279 0.045482
0.519449 0.592947 0.038963 0.025430
0.181746 0.592454 0.039386 0.027623
0.179046 0.197447 0.048633 0.025216
0.386664 0.027245 0.041043 0.033478
0.744254 0.621549 0.038511 0.042281
0.952138 0.637510 0.043760 0.026036
0.950266 0.274428 0.054984 0.038459
0.720469 0.026203 0.040272 0.036752
0.196147 0.978934 0.040736 0.018482
