0.940445 0.846061 0.062166 0.043037
0.180288 0.293171 0.061204 0.042332
0.931831 0.441621 0.054823 0.042307
0.717219 0.739293 0.067977 0.035965
0.502058 0.746558 0.057499 0.041907
0.932914 0.268070 0.063731 0.044117
0.505999 0.350310 0.048852 0.032745
0.505139 0.386439 0.057380 0.036828
0.504157 0.314166 0.049044 0.041218
0.512801 0.193488 0.054058 0.040137
0.825550 0.642351 0.065909 0.041220
0.822871 0.204387 0.056499 0.042137
0.181990 0.212581 0.061487 0.039469
0.609859 0.340308 0.064990 0.041254
0.934874 0.143881 0.054754 0.043708
0.719441 0.107751 0.056988 0.035773
0.824267 0.118436 0.060492 0.042065
0.822060 0.161928 0.056051 0.041664
0.177800 0.172819 0.061030 0.041683
0.505227 0.277644 0.055657 0.032388
0.936696 0.066528 0.049572 0.038058
0.720897 0.067455 0.058068 0.044685
0.937574 0.186977 0.053347 0.041092
0.506340 0.112945 0.065821 0.043227
0.822666 0.277058 0.049807 0.032490
0.831583 0.896738 0.048587 0.039408
0.835337 0.683029 0.059015 0.040581
0.717843 0.821160 0.057222 0.048023
0.718692 0.871207 0.066257 0.050358
0.935043 0.313387 0.054819 0.042075
0.497198 0.867471 0.058201 0.039459
0.829092 0.441257 0.062547 0.043113
0.831423 0.544674 0.055532 0.039095
0.610356 0.516690 0.055402 0.042010
0.401248 0.107179 0.052475 0.037219
0.077158 0.719823 0.057405 0.047470
0.824186 0.791671 0.059982 0.034888
0.296692 0.916409 0.054919 0.036544
0.941726 0.709159 0.054948 0.038342
0.509668 0.153752 0.050928 0.036838
0.614792 0.559197 0.049386 0.039596
0.090571 0.928471 0.049737 0.029048
0.933715 0.398784 0.048734 0.039033
0.286068 0.495409 0.051850 0.040116
0.397096 0.775123 0.056143 0.038653
0.502416 0.786363 0.050008 0.036712
0.073415 0.156008 0.051169 0.036495
0.719069 0.702402 0.050602 0.034313
0.287954 0.628145 0.056727 0.048133
0.075405 0.190959 0.050173 0.033004
0.823279 0.316259 0.050324 0.037792
0.080193 0.764054 0.068159 0.035725
0.724664 0.777393 0.069116 0.036641
0.504646 0.596431 0.054814 0.035580
0.826962 0.755379 0.049167 0.039362
0.186803 0.577073 0.051088 0.037675
0.180317 0.253375 0.053769 0.038538
0.510143 0.236849 0.053772 0.043418
0.504801 0.424076 0.053382 0.034108
0.097812 0.961116 0.061009 0.035328
0.717981 0.026962 0.054936 0.034459
0.283274 0.581164 0.061963 0.042352
0.300472 0.876989 0.052657 0.034832
0.500390 0.666349 0.056942 0.038757
0.394521 0.503337 0.054130 0.038751
0.073846 0.231911 0.055316 0.041467
0.931561 0.518257 0.052366 0.043543
0.933732 0.029012 0.058009 0.034825
0.398514 0.222181 0.044787 0.037631
0.291384 0.415206 0.049390 0.034975
0.822551 0.242894 0.049203 0.033427
0.934033 0.104053 0.056750 0.032597
0.181627 0.336849 0.058646 0.045850
0.616453 0.255837 0.054657 0.042211
0.610820 0.941708 0.048703 0.033869
0.830879 0.939396 0.050910 0.040015
0.500461 0.706751 0.050345 0.036539
0.389092 0.735273 0.051980 0.040063
0.942162 0.807174 0.044552 0.031510
0.185174 0.538609 0.049683 0.033414
0.933834 0.481145 0.052542 0.033671
0.826122 0.357859 0.047993 0.038082
0.722108 0.145067 0.051395 0.036946
0.397974 0.149369 0.050295 0.042571
0.830977 0.720426 0.045688 0.032729
0.724857 0.185332 0.052958 0.042334
0.498745 0.965990 0.050705 0.036325
0.830517 0.860750 0.042542 0.034046
0.290298 0.292683 0.047032 0.038877
0.828794 0.399053 0.053061 0.040797
0.281556 0.675891 0.066253 0.046238
0.087339 0.552017 0.052569 0.029393
0.293461 0.376637 0.051932 0.034011
0.398375 0.966415 0.048264 0.035797
0.083274 0.489477 0.051331 0.030950
0.943576 0.773060 0.050108 0.033563
0.076519 0.317199 0.052519 0.046991
0.393702 0.813043 0.049452 0.041458
0.617052 0.380646 0.056179 0.038397
0.605381 0.971855 0.054196 0.030056
0.392986 0.894660 0.052023 0.042132
0.505637 0.029869 0.068952 0.039963
0.399209 0.069641 0.047480 0.035878
0.187729 0.790178 0.059006 0.046762
0.084971 0.589106 0.056049 0.041208
0.397379 0.620604 0.050061 0.040025
0.185471 0.615458 0.055901 0.039172
0.937035 0.671264 0.048266 0.038196
0.940407 0.887905 0.047830 0.037712
0.296120 0.842142 0.047662 0.033791
0.394390 0.353530 0.051320 0.040721
0.291453 0.451939 0.053896 0.040012
0.398707 0.310231 0.052088 0.041028
0.087357 0.890533 0.044863 0.044688
0.392152 0.696247 0.044113 0.034710
0.511063 0.069602 0.049098 0.040525
0.503148 0.553359 0.045968 0.042560
0.939533 0.226974 0.042953 0.032902
0.390981 0.464942 0.041508 0.036934
0.080445 0.808328 0.053763 0.047971
0.612998 0.470695 0.054843 0.045432
0.395774 0.030640 0.059638 0.042959
0.396688 0.578374 0.055057 0.040208
0.830450 0.594026 0.053036 0.052517
0.611998 0.797026 0.046705 0.039880
0.185437 0.915382 0.045184 0.036750
0.394302 0.853825 0.044789 0.038088
0.390019 0.428592 0.041498 0.034159
0.937207 0.357734 0.047904 0.040841
0.187875 0.835492 0.044108 0.038210
0.825589 0.508652 0.039727 0.033025
0.397321 0.186514 0.050949 0.025911
0.182012 0.458542 0.055907 0.042182
0.291377 0.538831 0.045968 0.039932
0.286781 0.210294 0.048970 0.031822
0.502697 0.510891 0.050002 0.036356
0.182314 0.129830 0.047786 0.040867
0.501882 0.466491 0.047145 0.045845
0.496924 0.930344 0.055192 0.029118
0.716755 0.591164 0.048973 0.038673
0.615791 0.603328 0.057673 0.043160
0.075855 0.272145 0.050157 0.038308
0.285881 0.174464 0.045404 0.035219
0.395816 0.930250 0.053287 0.034827
0.185752 0.874576 0.053914 0.035168
0.296048 0.972582 0.049718 0.030130
0.830480 0.824863 0.045278 0.033873
0.292086 0.335013 0.044549 0.039861
0.293912 0.779175 0.043400 0.035530
0.940405 0.742910 0.044489 0.031816
0.287433 0.248990 0.052948 0.043788
0.395016 0.541775 0.045222 0.033761
0.182860 0.663770 0.056253 0.050704
0.295434 0.746099 0.056960 0.035227
0.715019 0.630039 0.038784 0.035006
0.287425 0.137578 0.054401 0.036750
0.720383 0.917237 0.046899 0.041712
0.611276 0.907566 0.040437 0.033245
0.502597 0.629823 0.042706 0.028208
0.391896 0.393621 0.039779 0.035002
0.617576 0.648025 0.048646 0.038955
0.713425 0.666459 0.051618 0.036053
0.611044 0.838043 0.042269 0.037597
0.498106 0.903197 0.047927 0.028617
0.087174 0.519936 0.052456 0.029237
0.723206 0.474921 0.045188 0.038293
0.825975 0.478450 0.037674 0.029929
0.190967 0.745912 0.054526 0.041171
0.612079 0.068461 0.049301 0.041984
0.610049 0.425007 0.060431 0.042649
0.932758 0.556062 0.057083 0.035979
0.083857 0.851470 0.048712 0.036669
0.722977 0.392729 0.056279 0.040232
0.615495 0.688606 0.046659 0.041551
0.935408 0.592734 0.049357 0.042237
0.827987 0.076953 0.049326 0.039712
0.943230 0.960596 0.044803 0.035839
0.935391 0.632404 0.038133 0.030749
0.084618 0.668739 0.048471 0.049122
0.184186 0.499880 0.050013 0.039050
0.184394 0.380927 0.051325 0.039273
0.285854 0.104669 0.041218 0.032871
0.829621 0.974424 0.051735 0.026879
0.720900 0.349067 0.046703 0.038314
0.622089 0.151864 0.052845 0.043201
0.611744 0.872598 0.042957 0.030928
0.941490 0.925806 0.046430 0.034020
0.293777 0.809255 0.038850 0.026466
0.618218 0.110382 0.054526 0.038428
0.721075 0.228429 0.048960 0.045097
0.720379 0.514358 0.047462 0.036266
0.071171 0.116399 0.040036 0.038474
0.292179 0.714674 0.046989 0.029894
0.188175 0.957006 0.040397 0.035496
0.394630 0.660241 0.043333 0.032433
0.075139 0.398551 0.051246 0.036204
0.719551 0.552195 0.045885 0.034410
0.078909 0.444452 0.050388 0.054072
0.612095 0.757183 0.048089 0.033514
0.722687 0.432923 0.047997 0.041474
0.078182 0.360415 0.050746 0.038752
0.297063 0.947792 0.045891 0.023043
0.188975 0.707796 0.041712 0.035355
0.611657 0.028061 0.049158 0.040526
0.187889 0.419113 0.043507 0.036408
0.284668 0.067977 0.043910 0.037708
0.069411 0.078360 0.039827 0.035507
0.617759 0.203493 0.056792 0.054069
0.720444 0.959531 0.038363 0.035088
0.718178 0.310581 0.048803 0.037724
0.398086 0.266260 0.042909 0.043444
0.181969 0.087351 0.053813 0.042719
0.721698 0.269755 0.059714 0.042510
0.500082 0.826355 0.050715 0.038490
0.616221 0.299222 0.057203 0.038115
0.287942 0.032165 0.045359 0.035192
0.087627 0.627678 0.046077 0.031496
0.614514 0.724868 0.045401 0.030174
0.177229 0.040144 0.048318 0.048620
0.827962 0.005416 0.046253 0.010832
0.066260 0.039777 0.039030 0.033763
