0.718837 0.903558 0.081262 0.042870
0.707906 0.234952 0.083614 0.038749
0.830148 0.827875 0.073518 0.045361
0.938780 0.573258 0.068299 0.042083
0.277518 0.700798 0.077169 0.037139
0.939366 0.403544 0.075438 0.044498
0.940387 0.446895 0.069962 0.040201
0.605245 0.422723 0.069268 0.037223
0.053157 0.229088 0.061785 0.037617
0.397131 0.615833 0.076586 0.041623
0.826715 0.784367 0.076107 0.037485
0.282853 0.284435 0.071096 0.038659
0.929780 0.083279 0.071532 0.040674
0.502190 0.322241 0.070981 0.038592
0.822022 0.700919 0.068630 0.043076
0.390922 0.462899 0.071049 0.036893
0.070571 0.735476 0.072536 0.038438
0.711239 0.195390 0.069706 0.036671
0.823879 0.321403 0.075804 0.039895
0.389597 0.825648 0.085036 0.049145
0.828756 0.916336 0.073671 0.041855
0.940481 0.620122 0.068822 0.041157
0.392474 0.571935 0.064875 0.034670
0.938829 0.702794 0.081302 0.042869
0.049750 0.308033 0.067863 0.039283
0.612492 0.258934 0.074578 0.041625
0.717928 0.820485 0.068085 0.037212
0.607284 0.512665 0.075502 0.043209
0.711699 0.155437 0.071702 0.038075
0.822547 0.162586 0.076595 0.044818
0.394915 0.211066 0.062473 0.041135
0.493095 0.960936 0.068032 0.036851
0.498120 0.804875 0.077902 0.035175
0.390295 0.377586 0.062962 0.044590
0.826025 0.873359 0.066756 0.038996
0.713361 0.085548 0.065704 0.044629
0.392496 0.253718 0.066390 0.037677
0.712849 0.632946 0.072754 0.042249
0.392094 0.292281 0.074962 0.036557
0.820368 0.115144 0.067387 0.042216
0.278859 0.240091 0.072892 0.042039
0.396523 0.423292 0.061897 0.037425
0.599964 0.894791 0.060863 0.035016
0.607646 0.177307 0.059425 0.040095
0.494295 0.562006 0.055705 0.038559
0.712862 0.318506 0.081249 0.041164
0.170529 0.256205 0.066202 0.038048
0.495298 0.486293 0.064944 0.038712
0.282794 0.955983 0.084748 0.050475
0.280244 0.860933 0.071097 0.036812
0.825639 0.284233 0.073993 0.033094
0.604845 0.809527 0.062158 0.043799
0.826010 0.744040 0.063749 0.037961
0.278559 0.904072 0.062250 0.046555
0.598881 0.933717 0.060824 0.031485
0.712815 0.277154 0.065131 0.036646
0.719294 0.861461 0.079875 0.037043
0.712978 0.494539 0.063387 0.036834
0.281243 0.331537 0.066729 0.048566
0.820629 0.567715 0.086858 0.039575
0.713528 0.584894 0.061982 0.044672
0.601972 0.597734 0.059818 0.035722
0.828522 0.245710 0.069244 0.038069
0.497576 0.654894 0.061236 0.040666
0.389003 0.087070 0.069516 0.042735
0.396003 0.743054 0.062290 0.039966
0.398292 0.333092 0.067133 0.041184
0.940815 0.491406 0.064914 0.040597
0.710871 0.408476 0.061885 0.040768
0.940963 0.828262 0.073760 0.041765
0.825617 0.205932 0.084550 0.036351
0.494447 0.444860 0.072633 0.036026
0.173885 0.765905 0.059645 0.049245
0.715921 0.451566 0.065533 0.041542
0.171581 0.378222 0.056466 0.040095
0.600110 0.855450 0.064281 0.040178
0.059378 0.422591 0.061172 0.040920
0.057218 0.462646 0.063397 0.034096
0.713960 0.538994 0.059777 0.042345
0.495941 0.848126 0.062258 0.043764
0.280782 0.083993 0.071945 0.034437
0.599708 0.968609 0.059926 0.039321
0.171872 0.215651 0.061353 0.040909
0.710304 0.362591 0.064743 0.045692
0.390455 0.532090 0.060447 0.039209
0.837994 0.964726 0.074232 0.045726
0.605967 0.465968 0.057242 0.043300
0.605837 0.344902 0.062474 0.041140
0.826461 0.525832 0.071351 0.046072
0.937023 0.359234 0.058389 0.037396
0.279964 0.159320 0.063188 0.029623
0.398933 0.699886 0.062991 0.041966
0.281327 0.196613 0.057609 0.038614
0.819560 0.614055 0.071441 0.043915
0.925745 0.037964 0.071142 0.044991
0.175459 0.810418 0.057185 0.035890
0.943481 0.916203 0.071098 0.032923
0.163904 0.671491 0.068577 0.035827
0.705508 0.709882 0.073160 0.034838
0.278388 0.487531 0.072379 0.034267
0.277399 0.609009 0.051591 0.042423
0.611664 0.087888 0.063618 0.045121
0.057196 0.500892 0.073994 0.036090
0.821684 0.450042 0.083891 0.034115
0.062893 0.889799 0.059297 0.040912
0.493514 0.608691 0.066750 0.043881
0.934544 0.742271 0.077299 0.033937
0.503077 0.090280 0.055987 0.044059
0.605942 0.556930 0.085538 0.041469
0.279382 0.815731 0.058164 0.042948
0.168182 0.132648 0.064158 0.045060
0.059346 0.183867 0.069079 0.043476
0.056168 0.135568 0.064206 0.035094
0.933351 0.282965 0.064924 0.037299
0.494408 0.888866 0.051720 0.039065
0.943709 0.959747 0.064468 0.043099
0.931564 0.211084 0.056951 0.045375
0.934448 0.165461 0.077341 0.040843
0.712848 0.749582 0.053997 0.040696
0.172577 0.715427 0.063300 0.045289
0.498490 0.405220 0.053212 0.039112
0.057420 0.379171 0.067533 0.033793
0.929596 0.248792 0.068078 0.026157
0.499610 0.363222 0.063140 0.037149
0.170995 0.083552 0.066835 0.049127
0.396791 0.656799 0.073992 0.033962
0.053548 0.268121 0.062557 0.030963
0.611429 0.132660 0.056708 0.042614
0.385293 0.131967 0.057143 0.033383
0.936008 0.532246 0.048157 0.036058
0.493873 0.924935 0.048992 0.032301
0.281776 0.123623 0.065535 0.037877
0.068708 0.814068 0.058421 0.034420
0.280312 0.655022 0.058432 0.044198
0.166706 0.506361 0.059326 0.046877
0.169245 0.850079 0.067120 0.030831
0.720975 0.122967 0.067493 0.023916
0.170372 0.888669 0.056568 0.038077
0.386225 0.039446 0.063957 0.044020
0.601585 0.643594 0.054035 0.043863
0.824255 0.656717 0.057007 0.037201
0.938514 0.662394 0.058900 0.036786
0.056459 0.092216 0.056783 0.046238
0.500789 0.737004 0.066884 0.046909
0.601798 0.300987 0.065072 0.037250
0.280599 0.042060 0.071234 0.046219
0.403232 0.497086 0.068216 0.027155
0.057481 0.579753 0.062651 0.046170
0.056836 0.623365 0.060893 0.032209
0.600279 0.688018 0.056148 0.041787
0.171962 0.337207 0.054678 0.037117
0.505914 0.166647 0.063596 0.026099
0.501413 0.205308 0.051238 0.041125
0.394697 0.937422 0.057177 0.037745
0.824111 0.362494 0.057313 0.038687
0.277259 0.565482 0.051251 0.036292
0.827846 0.076138 0.066934 0.034945
0.173958 0.420851 0.076738 0.035707
0.936990 0.320783 0.052296 0.036627
0.721820 0.786431 0.066288 0.024361
0.063637 0.657935 0.060407 0.032832
0.168721 0.174191 0.062853 0.030442
0.391489 0.167773 0.050705 0.036661
0.824878 0.409510 0.058552 0.049003
0.602834 0.384443 0.056792 0.034722
0.172533 0.296704 0.053131 0.032724
0.939290 0.876000 0.065539 0.037814
0.500695 0.132596 0.049232 0.039298
0.613690 0.218085 0.055124 0.034701
0.070976 0.851585 0.066744 0.027666
0.500593 0.692825 0.057796 0.031913
0.498959 0.279450 0.044274 0.040478
0.057459 0.345725 0.068446 0.027898
0.400868 0.885777 0.082523 0.059871
0.713770 0.038815 0.058740 0.042745
0.051701 0.537835 0.068179 0.033584
0.282794 0.450956 0.070354 0.035002
0.174869 0.633351 0.078648 0.038743
0.826150 0.486185 0.061155 0.035507
0.071561 0.935228 0.069991 0.043322
0.063459 0.693410 0.055262 0.035107
0.716078 0.673938 0.057333 0.033203
0.602052 0.039904 0.055685 0.044279
0.938974 0.783212 0.045628 0.041149
0.067883 0.774539 0.060496 0.033509
0.280120 0.527534 0.049966 0.037905
0.163580 0.552553 0.055332 0.036967
0.501279 0.242730 0.046454 0.026849
0.389665 0.780718 0.058272 0.028334
0.595165 0.727310 0.055325 0.036441
0.276083 0.737883 0.050739 0.034334
0.821911 0.034932 0.048003 0.042860
0.283313 0.776063 0.055082 0.032180
0.605886 0.763507 0.051519 0.038187
0.279771 0.413309 0.047479 0.032354
0.171733 0.460071 0.073861 0.036721
0.058754 0.039742 0.065245 0.043627
0.175850 0.037364 0.060659 0.033780
0.403149 0.971438 0.080361 0.031990
0.498226 0.524925 0.059188 0.032889
0.933051 0.126148 0.084776 0.040472
0.175027 0.929650 0.065093 0.039617
0.279710 0.375891 0.044611 0.035286
0.502944 0.038438 0.057051 0.039370
0.168565 0.592313 0.039971 0.035621
0.496158 0.773340 0.051806 0.024152
0.715494 0.947699 0.080502 0.041598
0.180397 0.961367 0.084537 0.036046
0.714316 0.964853 0.076547 0.049941
