0.924671 0.646337 0.052380 0.037359
0.822174 0.648413 0.059686 0.036736
0.815290 0.608379 0.063380 0.042688
0.709452 0.563902 0.060388 0.032284
0.590904 0.636867 0.057918 0.035767
0.823652 0.376279 0.054758 0.031435
0.710419 0.638151 0.066550 0.033406
0.813259 0.823012 0.062243 0.027740
0.924531 0.903341 0.060776 0.034810
0.717340 0.222203 0.059092 0.029959
0.923732 0.714769 0.054970 0.036899
0.066559 0.494278 0.058016 0.040182
0.935505 0.351430 0.052028 0.034629
0.927373 0.679642 0.055249 0.030727
0.926774 0.747686 0.049582 0.031447
0.262765 0.884028 0.063809 0.034295
0.282319 0.274788 0.057432 0.038112
0.713543 0.412436 0.061575 0.035973
0.824699 0.407475 0.050963 0.030439
0.280814 0.312620 0.060999 0.033203
0.484195 0.811470 0.057635 0.036064
0.064768 0.455660 0.051784 0.033664
0.934559 0.283774 0.052579 0.033242
0.814992 0.564667 0.076402 0.038981
0.279537 0.345560 0.060012 0.032913
0.717498 0.377769 0.054051 0.031003
0.929188 0.779728 0.058716 0.030312
0.599350 0.528741 0.050847 0.034033
0.269262 0.648171 0.052032 0.036241
0.830197 0.308404 0.051019 0.040760
0.926736 0.415620 0.057384 0.032635
0.823155 0.443205 0.063043 0.040684
0.065318 0.357987 0.053432 0.038574
0.484116 0.775765 0.049788 0.032226
0.261349 0.966032 0.056659 0.033709
0.813644 0.885998 0.059438 0.038626
0.925033 0.869965 0.050756 0.031365
0.481590 0.919226 0.055251 0.030390
0.263962 0.848840 0.057250 0.032755
0.936237 0.208680 0.049070 0.036743
0.589192 0.671912 0.065152 0.036669
0.918553 0.837079 0.047899 0.032824
0.928621 0.571376 0.051442 0.040375
0.711382 0.530330 0.059006 0.031429
0.831373 0.241117 0.063637 0.030432
0.382331 0.434602 0.053515 0.034791
0.827305 0.271687 0.051188 0.031646
0.815646 0.852619 0.051965 0.030007
0.928165 0.608804 0.043627 0.034546
0.065721 0.750424 0.048543 0.036247
0.718514 0.154916 0.052604 0.035067
0.593594 0.599775 0.054290 0.038513
0.604639 0.443901 0.052334 0.027948
0.815588 0.787484 0.050880 0.038979
0.938618 0.246835 0.064643 0.040091
0.714402 0.188436 0.054300 0.028354
0.503907 0.245721 0.066817 0.033228
0.270247 0.679513 0.048226 0.028496
0.717850 0.117375 0.057484 0.039632
0.167835 0.358426 0.058965 0.040944
0.817328 0.715409 0.066089 0.034768
0.818184 0.750990 0.050702 0.035547
0.073631 0.125418 0.061923 0.040239
0.263353 0.776211 0.062337 0.032153
0.933155 0.316736 0.047725 0.035919
0.381005 0.767755 0.051914 0.029275
0.266209 0.812179 0.055964 0.038324
0.813800 0.921747 0.054234 0.032614
0.161825 0.790070 0.059120 0.037133
0.062032 0.900767 0.058461 0.043630
0.482261 0.883192 0.053227 0.032623
0.932369 0.384142 0.045408 0.028404
0.609699 0.232876 0.054819 0.036520
0.581967 0.917165 0.051904 0.031833
0.483564 0.849005 0.048749 0.036031
0.600673 0.473324 0.046043 0.027798
0.073135 0.169023 0.054746 0.040876
0.702451 0.918790 0.049979 0.028716
0.599194 0.563744 0.048005 0.033669
0.164483 0.959020 0.061998 0.042359
0.700559 0.814730 0.057971 0.031259
0.379032 0.733234 0.053099 0.037061
0.934075 0.115544 0.066153 0.032428
0.065393 0.420782 0.054929 0.031194
0.580463 0.954904 0.055376 0.041595
0.828376 0.344686 0.045770 0.030831
0.161813 0.862350 0.051490 0.039407
0.067532 0.710619 0.051872 0.036706
0.923012 0.809605 0.052773 0.023998
0.593784 0.742430 0.050728 0.033961
0.068581 0.318731 0.052572 0.036148
0.702225 0.721121 0.069060 0.031213
0.495450 0.317174 0.051396 0.034112
0.821304 0.682199 0.053307 0.033044
0.071626 0.085355 0.052343 0.039506
0.065934 0.596346 0.051623 0.039765
0.065638 0.250791 0.052474 0.039187
0.069643 0.210660 0.053812 0.040062
0.282611 0.163784 0.059760 0.037079
0.066089 0.823387 0.050577 0.031039
0.716066 0.346039 0.051471 0.033494
0.589769 0.780176 0.058338 0.037773
0.389410 0.244659 0.054528 0.036737
0.938205 0.174034 0.049037 0.029437
0.600843 0.412189 0.045805 0.032624
0.166801 0.825096 0.047949 0.033797
0.065505 0.788447 0.049074 0.037389
0.064589 0.637523 0.054722 0.038903
0.604611 0.273490 0.054814 0.038819
0.064832 0.857397 0.046362 0.036504
0.165919 0.752419 0.048895 0.035737
0.705047 0.887897 0.052906 0.034396
0.379326 0.697908 0.052910 0.033856
0.717015 0.256719 0.046874 0.035123
0.930679 0.510370 0.047270 0.035020
0.373902 0.905854 0.050320 0.031154
0.711006 0.690154 0.053987 0.030144
0.269529 0.708374 0.046042 0.026418
0.284970 0.235765 0.048984 0.040157
0.389413 0.325631 0.049351 0.040134
0.611710 0.157347 0.057199 0.037771
0.608631 0.195293 0.049049 0.036497
0.281462 0.380122 0.044180 0.035464
0.170696 0.436510 0.051160 0.036685
0.387602 0.369417 0.049630 0.037022
0.606340 0.340613 0.045842 0.032762
0.484002 0.709029 0.056148 0.038110
0.396977 0.119028 0.049649 0.040032
0.813078 0.952132 0.052955 0.031133
0.268656 0.614014 0.046741 0.032792
0.269311 0.575180 0.060491 0.044883
0.489651 0.514687 0.058969 0.036987
0.725498 0.078668 0.057697 0.035771
0.918584 0.944068 0.054279 0.041603
0.402916 0.079957 0.060706 0.035936
0.610670 0.117355 0.052010 0.041532
0.066303 0.390840 0.053249 0.029081
0.067997 0.531304 0.042334 0.031835
0.170078 0.312635 0.056118 0.037757
0.713870 0.500124 0.053277 0.030222
0.590248 0.819210 0.053619 0.039601
0.059925 0.965816 0.062618 0.037828
0.066649 0.674484 0.048041 0.036287
0.168455 0.475606 0.046368 0.038400
0.484477 0.651161 0.046571 0.036035
0.490308 0.381846 0.053624 0.030013
0.936549 0.144665 0.052727 0.028196
0.278413 0.199541 0.055475 0.031137
0.592568 0.707031 0.047759 0.033329
0.381706 0.835606 0.056461 0.036063
0.065285 0.285905 0.057206 0.031892
0.485314 0.611171 0.050149 0.038373
0.395653 0.161552 0.052709 0.043582
0.372047 0.966648 0.046421 0.028882
0.929202 0.444632 0.049065 0.024079
0.068023 0.562652 0.048657 0.029471
0.391963 0.284375 0.050935 0.039699
0.713125 0.449707 0.050081 0.036589
0.497056 0.280874 0.051783 0.039069
0.698200 0.781142 0.074073 0.032670
0.265336 0.742622 0.044065 0.034212
0.391633 0.204345 0.048058 0.035758
0.381646 0.523199 0.044415 0.036177
0.271070 0.532953 0.056582 0.038798
0.173428 0.118982 0.051365 0.035815
0.487759 0.548722 0.056916 0.035461
0.605847 0.309455 0.041386 0.032603
0.603870 0.376142 0.049429 0.035206
0.381857 0.598987 0.051510 0.031911
0.921222 0.976130 0.047002 0.024608
0.387049 0.402646 0.041133 0.027382
0.170363 0.398645 0.050532 0.039740
0.485706 0.743403 0.047459 0.028186
0.492947 0.472964 0.055619 0.043042
0.825793 0.209069 0.047539 0.031548
0.587640 0.856923 0.042282 0.030524
0.937474 0.538419 0.057599 0.022066
0.164352 0.640487 0.057219 0.044758
0.062156 0.936152 0.050832 0.026273
0.493818 0.411096 0.042389 0.031140
0.379186 0.799325 0.057726 0.033727
0.700372 0.978616 0.056786 0.023367
0.501508 0.180347 0.057119 0.036918
0.164399 0.513992 0.056488 0.036944
0.378806 0.489937 0.047856 0.027167
0.478028 0.956202 0.051420 0.040623
0.499919 0.215030 0.054573 0.029630
0.611746 0.078644 0.054636 0.037985
0.493063 0.350443 0.041304 0.031770
0.700829 0.751656 0.067525 0.035665
0.266510 0.935053 0.048534 0.026930
0.173978 0.241129 0.047271 0.034993
0.816139 0.530934 0.064506 0.031573
0.818535 0.504640 0.061357 0.030782
0.283533 0.125239 0.043990 0.035202
0.822861 0.477569 0.044201 0.029285
0.178336 0.082521 0.047903 0.036105
0.169976 0.715731 0.055335 0.032790
0.168302 0.682288 0.052491 0.035075
0.705908 0.666180 0.051792 0.024448
0.704109 0.949834 0.070315 0.034190
0.704154 0.851139 0.068335 0.039866
0.161905 0.594061 0.046182 0.043945
0.374035 0.936304 0.040976 0.029202
0.177207 0.273884 0.055127 0.033505
0.814207 0.978578 0.050713 0.024715
0.716736 0.290564 0.046621 0.029488
0.377648 0.667757 0.036665 0.028238
0.381455 0.464207 0.048486 0.026503
0.824288 0.182153 0.040145 0.030072
0.937547 0.082344 0.038150 0.032613
0.277545 0.415272 0.046961 0.031255
0.500413 0.146809 0.049904 0.032334
0.581653 0.885744 0.041422 0.030772
0.489810 0.578749 0.048468 0.025268
0.825655 0.151973 0.041126 0.031913
0.714932 0.476540 0.058222 0.022232
0.481362 0.681522 0.038773 0.020040
0.163199 0.553815 0.045709 0.036836
0.500456 0.114894 0.045361 0.036248
0.715302 0.315666 0.048227 0.029428
0.497355 0.080749 0.052871 0.032061
0.161534 0.903665 0.064632 0.044361
0.378662 0.564146 0.055586 0.038098
0.381047 0.634031 0.038279 0.033318
0.494333 0.437210 0.039799 0.022877
0.176642 0.154805 0.046830 0.040247
0.274849 0.497139 0.044449 0.031919
0.828654 0.083564 0.044742 0.039100
0.378469 0.874336 0.065848 0.033834
0.265075 0.912841 0.044681 0.025484
0.704528 0.599635 0.056869 0.039939
0.283602 0.084528 0.049522 0.040792
0.603598 0.500689 0.040047 0.021894
0.930287 0.475128 0.049269 0.036252
0.160291 0.919585 0.068724 0.034156
0.169881 0.200665 0.052473 0.046283
0.828802 0.120265 0.042936 0.032593
0.498035 0.016351 0.031028 0.021479
0.456486 0.017239 0.025820 0.021751
