0.135102 0.183486 0.058708 0.030329
0.427617 0.229127 0.059872 0.030238
0.746757 0.862449 0.051676 0.035805
0.323021 0.202551 0.056112 0.034408
0.141634 0.278598 0.058897 0.033797
0.744536 0.826073 0.052880 0.033460
0.638649 0.710999 0.052276 0.032660
0.624809 0.432289 0.059905 0.035644
0.730388 0.684077 0.050174 0.034721
0.544562 0.702326 0.052677 0.037310
0.260327 0.778365 0.054053 0.043746
0.242483 0.434354 0.048608 0.028559
0.708190 0.288239 0.046871 0.030701
0.828427 0.803206 0.053831 0.029998
0.552684 0.744485 0.050258 0.031204
0.136901 0.247747 0.051168 0.027218
0.166628 0.820190 0.057045 0.029900
0.243748 0.466805 0.047299 0.027885
0.343482 0.510561 0.054908 0.037044
0.144531 0.385724 0.055658 0.036094
0.236000 0.246615 0.056654 0.032362
0.554869 0.858026 0.050764 0.027786
0.240846 0.400478 0.050985 0.030716
0.819502 0.726284 0.052573 0.038873
0.898513 0.435222 0.048502 0.035883
0.142289 0.216439 0.054928 0.027974
0.614960 0.279848 0.060138 0.033212
0.346134 0.469112 0.052679 0.035330
0.166539 0.784381 0.061475 0.031220
0.709808 0.319983 0.050251 0.024337
0.825765 0.767035 0.049531 0.028331
0.241152 0.329980 0.054704 0.038875
0.638865 0.647156 0.049303 0.028105
0.551310 0.820420 0.048695 0.037569
0.262445 0.819664 0.057285 0.029308
0.516477 0.179144 0.055865 0.032063
0.633548 0.572791 0.047183 0.034673
0.898870 0.395853 0.048951 0.035018
0.516236 0.215235 0.048681 0.031005
0.437058 0.474885 0.048293 0.037003
0.458213 0.798342 0.057464 0.033667
0.349367 0.549166 0.053762 0.029898
0.538745 0.586540 0.053784 0.035079
0.358255 0.867390 0.046060 0.030587
0.631783 0.494423 0.053654 0.032539
0.607068 0.204154 0.049487 0.032295
0.808665 0.460512 0.053110 0.034002
0.327496 0.279313 0.045314 0.037769
0.522087 0.289511 0.049672 0.038304
0.449386 0.610696 0.050183 0.036901
0.239682 0.288096 0.053819 0.040707
0.326796 0.240982 0.052364 0.029931
0.636372 0.531138 0.055807 0.032070
0.544374 0.662852 0.046892 0.031458
0.247293 0.536026 0.054571 0.032488
0.923205 0.834741 0.050400 0.036653
0.140773 0.315618 0.052825 0.029476
0.650211 0.819746 0.052784 0.032316
0.522524 0.250800 0.055216 0.032964
0.164228 0.751153 0.048679 0.034967
0.332159 0.349117 0.051322 0.039249
0.330704 0.315926 0.058566 0.027338
0.434662 0.396148 0.053460 0.038077
0.799787 0.179016 0.051939 0.033990
0.806438 0.424670 0.048234 0.027217
0.548653 0.623620 0.057442 0.036691
0.738312 0.789224 0.051271 0.028741
0.342046 0.428024 0.054649 0.035552
0.697936 0.148782 0.049522 0.036371
0.424880 0.195746 0.050531 0.029863
0.534195 0.515180 0.056982 0.032664
0.135552 0.145054 0.043051 0.036477
0.908777 0.536458 0.060473 0.032223
0.621706 0.321376 0.050789 0.038486
0.709281 0.251591 0.048094 0.030262
0.145091 0.422046 0.053308 0.035243
0.141151 0.349563 0.052841 0.030347
0.359179 0.899587 0.043247 0.031245
0.148036 0.461436 0.047063 0.037379
0.801201 0.313912 0.049614 0.029893
0.323377 0.160798 0.054818 0.040413
0.525341 0.329472 0.051324 0.029038
0.153963 0.504751 0.046309 0.035510
0.336102 0.390054 0.061908 0.031620
0.321317 0.085549 0.055309 0.032103
0.903960 0.646579 0.046287 0.031010
0.251247 0.574828 0.052291 0.036332
0.806262 0.350252 0.051061 0.036549
0.813253 0.560595 0.042925 0.030658
0.598479 0.109657 0.047507 0.036919
0.808688 0.496862 0.047845 0.026410
0.742760 0.752286 0.061914 0.035667
0.528516 0.387652 0.051093 0.026721
0.636255 0.610817 0.045764 0.029161
0.360593 0.829111 0.047743 0.033650
0.353445 0.717656 0.047818 0.036299
0.619342 0.396096 0.045123 0.031352
0.818864 0.600468 0.047702 0.036242
0.458373 0.866571 0.051011 0.035367
0.446441 0.574957 0.056042 0.023952
0.718663 0.448482 0.048026 0.033502
0.822366 0.640591 0.050640 0.033714
0.413718 0.081564 0.052819 0.031554
0.734695 0.718204 0.050634 0.025707
0.456003 0.728664 0.044416 0.027248
0.913449 0.750435 0.048038 0.030099
0.447862 0.545403 0.049265 0.025441
0.430964 0.292421 0.054275 0.031889
0.887848 0.177492 0.055056 0.028882
0.251780 0.677017 0.041661 0.029903
0.417619 0.117889 0.050013 0.033828
0.628734 0.463948 0.051412 0.023224
0.421268 0.157731 0.056267 0.037680
0.255918 0.710734 0.052729 0.032317
0.792010 0.142214 0.043999 0.034735
0.510852 0.078838 0.050281 0.032871
0.456069 0.763394 0.039487 0.031520
0.704801 0.212719 0.049103 0.036971
0.903316 0.501604 0.054008 0.022117
0.551029 0.782311 0.045699 0.031417
0.266640 0.895837 0.050938 0.030173
0.509942 0.113280 0.046459 0.035231
0.650565 0.854059 0.039950 0.029301
0.879235 0.077722 0.062386 0.030136
0.899094 0.360171 0.056867 0.026858
0.890929 0.285361 0.044697 0.026834
0.168233 0.859156 0.044236 0.037453
0.907607 0.606786 0.040545 0.030906
0.605035 0.145208 0.050181 0.026583
0.532111 0.423086 0.047474 0.027736
0.900416 0.472054 0.040256 0.024253
0.710520 0.350867 0.047998 0.025338
0.608375 0.174880 0.055264 0.022669
0.156591 0.643734 0.046225 0.036286
0.153760 0.539559 0.056203 0.024499
0.728381 0.521765 0.051043 0.025924
0.698510 0.112281 0.050814 0.023650
0.883730 0.143850 0.046926 0.029512
0.804980 0.390556 0.045186 0.036125
0.747130 0.897199 0.038752 0.026297
0.639044 0.749893 0.070394 0.034506
0.825689 0.681316 0.050958 0.032236
0.612261 0.241041 0.042152 0.032112
0.171913 0.899829 0.052574 0.034004
0.884873 0.215482 0.046903 0.037239
0.251586 0.643853 0.040086 0.029886
0.430083 0.329243 0.042272 0.033201
0.514648 0.147826 0.059424 0.026524
0.152155 0.571281 0.049637 0.031398
0.787434 0.076144 0.046342 0.024887
0.439908 0.513293 0.047464 0.029299
0.917229 0.788111 0.040724 0.037704
0.460272 0.834814 0.044029 0.031899
0.721988 0.487252 0.052844 0.026281
0.534237 0.549835 0.041763 0.029712
0.715042 0.411133 0.039117 0.030330
0.728567 0.646105 0.039056 0.034538
0.162932 0.683382 0.045456 0.037034
0.233528 0.184847 0.059166 0.025276
0.430997 0.360537 0.040579 0.030956
0.696745 0.078791 0.041270 0.033526
0.889420 0.252591 0.049023 0.027422
0.727174 0.578579 0.038225 0.025319
0.832567 0.837779 0.045724 0.025852
0.836722 0.896607 0.048752 0.025873
0.811712 0.527364 0.037073 0.028212
0.250368 0.611811 0.050258 0.030416
0.908257 0.683119 0.038985 0.035121
0.265256 0.855983 0.038482 0.033368
0.360381 0.793460 0.061080 0.029862
0.426708 0.260780 0.037642 0.025287
0.730082 0.612234 0.041563 0.031512
0.325037 0.119714 0.051180 0.033885
0.233953 0.213437 0.047756 0.028608
0.449970 0.672739 0.053723 0.023524
0.356174 0.755403 0.043848 0.035890
0.651847 0.888587 0.040644 0.030383
0.242300 0.365985 0.047287 0.027199
0.639814 0.677226 0.041395 0.022123
0.349322 0.586199 0.059316 0.027398
0.348902 0.679660 0.041831 0.030023
0.134698 0.111675 0.042264 0.023458
0.450843 0.699558 0.046608 0.021609
0.437050 0.435207 0.053454 0.029877
0.347854 0.647501 0.038319 0.023509
0.449760 0.644114 0.056651 0.022192
0.921396 0.879901 0.057202 0.034522
0.225974 0.087719 0.052565 0.029882
0.714991 0.379517 0.048653 0.019897
0.909899 0.715892 0.045188 0.029772
0.908590 0.570096 0.039002 0.030820
0.459039 0.899416 0.041606 0.029881
0.346813 0.618143 0.041853 0.021831
0.528267 0.452411 0.040862 0.020464
0.790233 0.106134 0.033977 0.028324
0.600248 0.075785 0.042087 0.029151
0.249084 0.500302 0.055483 0.030454
0.623243 0.359280 0.046362 0.032186
0.224832 0.158212 0.048113 0.020128
0.168621 0.717859 0.056958 0.022964
0.838800 0.867114 0.041661 0.022470
0.648069 0.785924 0.043393 0.021825
0.796856 0.256818 0.041139 0.030046
0.531140 0.480286 0.039043 0.025665
0.561717 0.892497 0.049741 0.033778
0.155926 0.607489 0.040027 0.029927
0.699748 0.181769 0.040843 0.019185
0.803293 0.281805 0.047660 0.018792
0.532250 0.359660 0.048124 0.020351
0.262824 0.740944 0.055299 0.022968
0.883406 0.112501 0.045676 0.023517
0.132768 0.085531 0.051715 0.027220
0.726419 0.549848 0.036183 0.020090
0.895434 0.321807 0.039262 0.034830
0.799015 0.212184 0.054589 0.024693
0.231983 0.126210 0.065374 0.042217
