0.155326 0.380286 0.052075 0.032918
0.816397 0.648623 0.063597 0.030097
0.822728 0.470463 0.052024 0.030054
0.443272 0.869246 0.056487 0.031932
0.627080 0.338972 0.058457 0.029327
0.816712 0.741453 0.051283 0.028767
0.247359 0.258624 0.064217 0.034500
0.250174 0.420354 0.049967 0.029490
0.439205 0.833767 0.054264 0.029380
0.822016 0.438601 0.053694 0.031475
0.623880 0.207510 0.055643 0.029122
0.339884 0.385851 0.049161 0.031366
0.535042 0.889619 0.052794 0.032991
0.911748 0.648258 0.065483 0.037161
0.342111 0.172966 0.060493 0.036902
0.437068 0.704030 0.052995 0.035364
0.531723 0.255482 0.053374 0.027903
0.824812 0.158410 0.047124 0.031561
0.817663 0.774461 0.051731 0.029419
0.532915 0.855785 0.049844 0.029895
0.156858 0.545946 0.051268 0.031313
0.623094 0.371234 0.053221 0.031732
0.250901 0.359378 0.048523 0.029825
0.153928 0.107028 0.062695 0.032044
0.435929 0.259332 0.051130 0.032321
0.628176 0.266915 0.047994 0.027572
0.157573 0.513001 0.055483 0.031223
0.531287 0.140542 0.052397 0.030075
0.243806 0.729390 0.046009 0.032449
0.155737 0.306190 0.064190 0.032496
0.916997 0.401879 0.054379 0.030514
0.533831 0.584124 0.050008 0.028821
0.824778 0.403182 0.045688 0.030540
0.533052 0.318109 0.046124 0.032020
0.533074 0.352872 0.047657 0.034835
0.909289 0.832993 0.047803 0.030427
0.911667 0.776345 0.054010 0.031523
0.540976 0.791190 0.051366 0.028473
0.435194 0.188237 0.046149 0.034656
0.826137 0.191082 0.051186 0.027092
0.245657 0.618644 0.050611 0.028653
0.822224 0.579878 0.048704 0.037484
0.533979 0.616820 0.046581 0.033811
0.921071 0.147115 0.059276 0.028899
0.244890 0.804712 0.047837 0.036396
0.537935 0.689796 0.061004 0.037278
0.723313 0.205337 0.056866 0.027186
0.719118 0.172717 0.050185 0.032024
0.918666 0.337462 0.045381 0.030746
0.816449 0.709745 0.051482 0.026088
0.818090 0.810640 0.051381 0.032822
0.342589 0.243744 0.047340 0.031894
0.246181 0.291943 0.050087 0.026516
0.343253 0.630813 0.053184 0.032604
0.437263 0.153242 0.043446 0.028700
0.918849 0.243870 0.051917 0.029714
0.149609 0.140836 0.051819 0.034860
0.157324 0.581005 0.049282 0.030392
0.439004 0.549102 0.049911 0.031325
0.159072 0.415368 0.054949 0.031057
0.822448 0.614546 0.047715 0.031123
0.343325 0.138113 0.053409 0.030473
0.824337 0.543101 0.046702 0.032464
0.248143 0.522210 0.056850 0.030354
0.439756 0.901712 0.047458 0.026892
0.342226 0.728167 0.048901 0.030786
0.247775 0.766096 0.047617 0.029909
0.148461 0.242905 0.044199 0.029380
0.442385 0.514621 0.050502 0.034744
0.531882 0.171978 0.046981 0.026537
0.533676 0.284607 0.054855 0.031632
0.916295 0.306244 0.045502 0.029461
0.248626 0.489045 0.054387 0.031941
0.531147 0.553439 0.049000 0.027855
0.719195 0.460832 0.055972 0.025352
0.339472 0.415970 0.049043 0.023883
0.345279 0.534228 0.050884 0.034803
0.248233 0.553313 0.048715 0.028451
0.152007 0.690766 0.049800 0.030002
0.531647 0.227933 0.048484 0.024124
0.441588 0.580806 0.055813 0.028758
0.437385 0.672048 0.042344 0.030083
0.720374 0.139956 0.054075 0.027727
0.345256 0.210434 0.052005 0.032310
0.914679 0.548288 0.049372 0.030994
0.911622 0.742345 0.050576 0.029413
0.344151 0.302593 0.049762 0.029409
0.914586 0.515442 0.053370 0.026845
0.531284 0.200838 0.046348 0.025599
0.535241 0.650109 0.045894 0.028769
0.247172 0.920425 0.047028 0.031849
0.718989 0.107434 0.049813 0.031444
0.538060 0.759443 0.046256 0.034287
0.630933 0.438914 0.045253 0.033450
0.725900 0.264983 0.046705 0.031684
0.434411 0.330556 0.049396 0.026265
0.342110 0.595005 0.046761 0.032194
0.246400 0.390621 0.044532 0.024384
0.628584 0.404439 0.051444 0.029389
0.436021 0.297387 0.046494 0.037645
0.343148 0.353642 0.043473 0.025970
0.823160 0.320931 0.047758 0.027803
0.913283 0.611603 0.043906 0.032242
0.721289 0.551892 0.047037 0.029155
0.249111 0.586667 0.047972 0.031421
0.919562 0.274570 0.041804 0.028678
0.439539 0.481261 0.057290 0.025447
0.147430 0.722318 0.055319 0.026969
0.151363 0.657061 0.043233 0.031299
0.437682 0.224606 0.043067 0.031248
0.246157 0.689127 0.049844 0.041001
0.536382 0.725689 0.052180 0.030918
0.345864 0.102934 0.058949 0.031469
0.818967 0.680023 0.045083 0.027796
0.915392 0.577858 0.042204 0.030273
0.340863 0.497670 0.045771 0.029691
0.918889 0.110863 0.051332 0.032811
0.530448 0.524699 0.053674 0.026296
0.248143 0.222581 0.046055 0.034040
0.825981 0.507323 0.045626 0.038212
0.438786 0.766596 0.040352 0.032845
0.915273 0.369712 0.046824 0.027429
0.720404 0.431077 0.043357 0.027949
0.154334 0.620178 0.046588 0.039648
0.922690 0.210366 0.059241 0.030037
0.246483 0.453911 0.038631 0.033705
0.149731 0.175931 0.043829 0.030767
0.146637 0.208785 0.044800 0.032217
0.440389 0.641661 0.044908 0.024915
0.535169 0.105193 0.056367 0.031689
0.823300 0.288930 0.039467 0.029100
0.442607 0.931020 0.044983 0.028102
0.149980 0.760431 0.045031 0.038123
0.245021 0.650106 0.042199 0.031859
0.338404 0.443659 0.044950 0.026785
0.721354 0.397310 0.043840 0.034255
0.626879 0.177966 0.046142 0.023290
0.341278 0.856822 0.048918 0.024507
0.341586 0.760712 0.050529 0.027256
0.340148 0.886865 0.045844 0.032877
0.438509 0.418468 0.047245 0.029584
0.820862 0.373123 0.043352 0.026778
0.341473 0.275849 0.048749 0.023372
0.534302 0.388946 0.050579 0.028651
0.440097 0.451671 0.043769 0.025484
0.724077 0.365943 0.052590 0.026979
0.910940 0.805684 0.047525 0.022125
0.824367 0.255382 0.041138 0.029515
0.342488 0.821150 0.045825 0.040304
0.439980 0.612167 0.044032 0.028709
0.721638 0.489599 0.045954 0.027376
0.249965 0.137733 0.047449 0.033002
0.149858 0.838235 0.046799 0.035271
0.152005 0.273680 0.049172 0.024414
0.343405 0.695204 0.041563 0.027631
0.912546 0.681767 0.045568 0.028361
0.438158 0.736152 0.043279 0.024471
0.724454 0.301328 0.040394 0.034096
0.245732 0.837108 0.061223 0.025975
0.155352 0.341992 0.043615 0.034987
0.817504 0.345514 0.054726 0.022861
0.915600 0.179194 0.041957 0.027876
0.245935 0.889438 0.046946 0.026354
0.341977 0.662998 0.040392 0.030904
0.916323 0.430079 0.051591 0.023595
0.628246 0.480580 0.049486 0.044519
0.816350 0.846923 0.041554 0.031034
0.914914 0.457337 0.043906 0.029693
0.436031 0.359931 0.038009 0.026649
0.723709 0.521207 0.039793 0.029270
0.436051 0.386138 0.034848 0.026589
0.250404 0.101852 0.050939 0.028632
0.627480 0.236366 0.042171 0.022470
0.911763 0.709990 0.038108 0.029023
0.824463 0.130136 0.040294 0.020791
0.150085 0.900248 0.043667 0.028155
0.722720 0.235071 0.041217 0.025017
0.536156 0.924473 0.044674 0.026595
0.912491 0.484667 0.038990 0.028414
0.910035 0.888454 0.038632 0.027738
0.154395 0.475637 0.052081 0.039131
0.150372 0.928827 0.046468 0.024263
0.531943 0.490349 0.038739 0.032928
0.155419 0.442878 0.039725 0.020032
0.724141 0.335152 0.039840 0.030282
0.724566 0.588106 0.039698 0.036054
0.344541 0.328894 0.047573 0.020384
0.531403 0.421952 0.042177 0.031600
0.340004 0.468649 0.037232 0.023489
0.538701 0.823787 0.045264 0.029067
0.914883 0.861573 0.049164 0.019972
0.907054 0.923773 0.040105 0.030890
0.625079 0.150915 0.047482 0.028384
0.247890 0.863433 0.045958 0.027022
0.247246 0.324911 0.042870 0.032596
0.150382 0.800716 0.040655 0.031637
0.827106 0.224489 0.059802 0.031246
0.435248 0.101045 0.046179 0.024418
0.151102 0.873015 0.037373 0.024438
0.530477 0.453979 0.042612 0.033925
0.625674 0.301173 0.042708 0.034291
0.816758 0.883271 0.038174 0.028017
0.827682 0.105773 0.049209 0.025711
0.817090 0.919507 0.045727 0.035177
0.247509 0.165911 0.038889 0.019362
0.342596 0.786352 0.037368 0.024710
0.341879 0.920889 0.044936 0.020575
0.433140 0.125090 0.039821 0.019845
0.441588 0.800238 0.050384 0.029807
0.341875 0.564270 0.043515 0.020124
0.248999 0.186827 0.039004 0.025271
