0.295743 0.362506 0.063933 0.037851
0.181370 0.221989 0.063619 0.039502
0.525849 0.545897 0.068832 0.039416
0.522628 0.369890 0.059008 0.036872
0.515255 0.255926 0.070282 0.039274
0.297218 0.400363 0.055313 0.035439
0.945684 0.415158 0.061232 0.043953
0.296724 0.292773 0.053604 0.036977
0.290631 0.183369 0.061106 0.036837
0.527166 0.475441 0.059149 0.030927
0.303835 0.585890 0.052792 0.036604
0.084423 0.628112 0.076047 0.040008
0.526992 0.584059 0.063736 0.036341
0.832525 0.389029 0.060960 0.042544
0.630273 0.483969 0.058893 0.037823
0.409940 0.444518 0.064953 0.044690
0.522186 0.143264 0.061774 0.040477
0.192031 0.479841 0.059773 0.034966
0.399320 0.188579 0.054857 0.040353
0.304106 0.697458 0.078525 0.040949
0.413314 0.487508 0.062535 0.037462
0.298449 0.438736 0.076012 0.037540
0.087650 0.672447 0.058238 0.038873
0.616793 0.060236 0.059280 0.037684
0.427385 0.927782 0.058906 0.035528
0.836265 0.545395 0.074618 0.041049
0.297560 0.476472 0.060884 0.035855
0.407104 0.314734 0.052224 0.033591
0.189049 0.442300 0.063140 0.040307
0.845807 0.587025 0.067609 0.039082
0.398557 0.149128 0.058223 0.031277
0.637241 0.715553 0.060208 0.039492
0.635456 0.676277 0.071381 0.034907
0.627996 0.403493 0.059402 0.042574
0.641165 0.796220 0.060981 0.038452
0.072859 0.189359 0.053273 0.036811
0.627306 0.446638 0.056604 0.032899
0.831263 0.062911 0.057382 0.037199
0.194691 0.616261 0.057012 0.036269
0.426219 0.856901 0.064910 0.046872
0.526060 0.811643 0.057784 0.039377
0.314499 0.824987 0.059625 0.036984
0.406778 0.276942 0.050028 0.035349
0.950325 0.522333 0.061110 0.039469
0.524533 0.775273 0.068851 0.033789
0.288252 0.146731 0.052129 0.034870
0.414602 0.801268 0.066229 0.054176
0.525617 0.627274 0.058334 0.044495
0.414712 0.567253 0.077466 0.039338
0.510831 0.101600 0.068736 0.040053
0.282536 0.108469 0.069483 0.036979
0.631020 0.523560 0.059809 0.039488
0.198525 0.689943 0.053421 0.039916
0.419739 0.647430 0.051015 0.039930
0.292037 0.220524 0.051657 0.034463
0.522635 0.508040 0.044731 0.030180
0.618872 0.208353 0.060962 0.046888
0.299945 0.514909 0.058830 0.036679
0.955646 0.740407 0.057595 0.036988
0.402395 0.115314 0.053599 0.034662
0.296356 0.255818 0.049538 0.034817
0.716038 0.111663 0.054178 0.039113
0.835745 0.350993 0.053860 0.032347
0.525045 0.671754 0.059399 0.037341
0.186127 0.367394 0.060406 0.042407
0.848111 0.626367 0.058982 0.039009
0.302315 0.624434 0.060402 0.036974
0.844399 0.695991 0.056268 0.035518
0.291331 0.327517 0.054744 0.032236
0.200272 0.871172 0.054078 0.032824
0.078864 0.373135 0.051678 0.031444
0.641123 0.951947 0.076040 0.045081
0.942356 0.372082 0.067085 0.035186
0.189970 0.518183 0.051961 0.034716
0.948059 0.484607 0.056089 0.033369
0.079886 0.410873 0.056944 0.039956
0.082697 0.554028 0.058831 0.039117
0.527244 0.854007 0.062585 0.040162
0.201140 0.909267 0.053567 0.040005
0.077308 0.308375 0.052137 0.032854
0.839861 0.247413 0.048344 0.034567
0.636487 0.601251 0.053188 0.043195
0.839109 0.283875 0.047833 0.037260
0.632885 0.327260 0.061423 0.037860
0.728388 0.289625 0.059795 0.036769
0.841645 0.505484 0.053139 0.034286
0.621715 0.132166 0.056227 0.034840
0.731462 0.361131 0.051691 0.035514
0.089139 0.910661 0.056954 0.043661
0.184680 0.263774 0.067716 0.036855
0.951915 0.703159 0.050996 0.034904
0.510243 0.063047 0.062963 0.037140
0.724207 0.323401 0.054170 0.033836
0.076302 0.224712 0.056706 0.030766
0.196686 0.580463 0.052315 0.032119
0.181201 0.179988 0.055581 0.038071
0.197638 0.770130 0.051482 0.034777
0.309013 0.786089 0.054292 0.037815
0.421187 0.687599 0.050157 0.034987
0.515423 0.294777 0.055679 0.037508
0.302604 0.550176 0.052585 0.034568
0.837680 0.433398 0.055840 0.038526
0.627727 0.289667 0.055848 0.032763
0.519280 0.442240 0.046983 0.035534
0.284887 0.072424 0.056300 0.035667
0.403353 0.232572 0.045443 0.044099
0.414070 0.608826 0.055206 0.037577
0.519721 0.182771 0.066875 0.034507
0.518025 0.330491 0.056457 0.037164
0.838463 0.212565 0.052317 0.032558
0.937287 0.298343 0.056230 0.042097
0.196138 0.730652 0.053293 0.036607
0.076133 0.795907 0.068167 0.041296
0.947890 0.824436 0.060817 0.043401
0.933444 0.102494 0.050360 0.036253
0.092043 0.948380 0.062378 0.032173
0.301413 0.658621 0.056981 0.032152
0.071284 0.152020 0.046467 0.037798
0.639668 0.759154 0.052790 0.036781
0.085584 0.712099 0.052316 0.035294
0.839279 0.176260 0.059628 0.033237
0.405229 0.354907 0.052831 0.044406
0.414933 0.525862 0.051128 0.038781
0.175687 0.146527 0.071009 0.026754
0.306994 0.743033 0.049752 0.042675
0.952494 0.781427 0.056216 0.037341
0.619348 0.097257 0.051794 0.032086
0.196953 0.652160 0.044583 0.030743
0.641663 0.865028 0.058827 0.038655
0.400575 0.076118 0.050861 0.043442
0.717726 0.069902 0.051792 0.042380
0.625916 0.252420 0.048882 0.041006
0.398554 0.031501 0.067011 0.043262
0.075653 0.343166 0.053466 0.028331
0.067290 0.112420 0.060584 0.038538
0.847470 0.875480 0.051874 0.038278
0.088614 0.751086 0.052974 0.039044
0.937365 0.255701 0.046404 0.041116
0.729417 0.246468 0.053214 0.042651
0.525709 0.706870 0.046638 0.031207
0.832893 0.100324 0.053161 0.036093
0.722952 0.210518 0.050560 0.030939
0.524161 0.741087 0.073908 0.035166
0.935211 0.064142 0.053107 0.040442
0.427157 0.726350 0.069578 0.039484
0.845207 0.727753 0.048548 0.029375
0.529441 0.888039 0.058996 0.032365
0.174822 0.066771 0.050572 0.041438
0.065628 0.071584 0.053813 0.042170
0.836289 0.137627 0.043900 0.035221
0.186501 0.326702 0.048219 0.034096
0.633719 0.560742 0.064010 0.032162
0.205146 0.953517 0.052829 0.047314
0.713942 0.028094 0.056629 0.037602
0.935755 0.209635 0.061653 0.050024
0.177434 0.109680 0.050373 0.042797
0.427523 0.897574 0.061081 0.025488
0.313898 0.859991 0.052569 0.034673
0.939817 0.137011 0.052966 0.032970
0.840064 0.319543 0.047820 0.030386
0.424835 0.961431 0.059945 0.031063
0.944185 0.452718 0.055932 0.031747
0.851124 0.839635 0.052461 0.032292
0.622521 0.167307 0.050647 0.031847
0.719833 0.147657 0.045941 0.030101
0.077353 0.450228 0.049098 0.032307
0.523088 0.405247 0.042256 0.032517
0.940143 0.337308 0.046058 0.034932
0.516973 0.218054 0.049960 0.034689
0.634776 0.642086 0.047407 0.034039
0.720708 0.180215 0.049674 0.031465
0.641430 0.830804 0.049394 0.030711
0.953373 0.866556 0.048212 0.036624
0.187198 0.404139 0.047573 0.032863
0.841250 0.468962 0.047087 0.035191
0.089602 0.589137 0.052135 0.032763
0.629609 0.364655 0.044617 0.031495
0.087426 0.834784 0.065315 0.034057
0.503095 0.024238 0.056105 0.039312
0.074944 0.266156 0.047550 0.049496
0.200066 0.804046 0.040327 0.031951
0.199797 0.837034 0.044112 0.033784
0.846315 0.662341 0.045602 0.031368
0.405313 0.400075 0.049230 0.039744
0.850620 0.798432 0.052016 0.048247
0.615360 0.024113 0.046165 0.033354
0.090446 0.515250 0.075583 0.036510
0.535305 0.918801 0.050620 0.031920
0.732502 0.400263 0.051998 0.040906
0.094558 0.976235 0.057678 0.029122
0.949671 0.602334 0.050835 0.043334
0.945861 0.561624 0.044287 0.036760
0.828052 0.024691 0.043240 0.035544
0.285515 0.031956 0.054959 0.041502
0.854046 0.949898 0.057461 0.038814
0.315811 0.895445 0.045591 0.036310
0.195641 0.549084 0.052550 0.024726
0.957924 0.903560 0.042200 0.033770
0.643772 0.907158 0.053990 0.042106
0.849095 0.911510 0.044545 0.033347
0.090546 0.870258 0.049854 0.037468
0.185346 0.295108 0.063771 0.027666
0.948044 0.642370 0.046659 0.037208
0.172435 0.029221 0.054659 0.035787
0.939785 0.168011 0.049849 0.035032
0.850689 0.758632 0.045359 0.027162
0.067472 0.029595 0.046433 0.037050
0.082785 0.484697 0.070690 0.034025
0.934721 0.025853 0.048202 0.033529
0.423185 0.760233 0.082214 0.025038
0.948297 0.670960 0.043612 0.029794
0.315460 0.968806 0.070338 0.040442
0.316803 0.934682 0.074974 0.039704
0.539975 0.962183 0.043863 0.035444
0.954623 0.942502 0.043887 0.044859
