0.937006 0.171332 0.070446 0.037780
0.722977 0.408896 0.055824 0.029884
0.289191 0.179158 0.058001 0.034698
0.070130 0.279467 0.059567 0.036493
0.707036 0.676165 0.082382 0.036040
0.288454 0.106061 0.062929 0.041617
0.505257 0.184955 0.052397 0.032521
0.507687 0.253055 0.052835 0.032421
0.731923 0.223382 0.051833 0.034375
0.735952 0.186827 0.061562 0.034793
0.725412 0.297761 0.060901 0.043980
0.703649 0.746007 0.058892 0.033474
0.718699 0.446887 0.053264 0.041105
0.507516 0.288509 0.057390 0.033441
0.606010 0.256771 0.075455 0.042201
0.070756 0.244449 0.056247 0.034557
0.924918 0.667621 0.060647 0.039703
0.061311 0.908948 0.060148 0.035530
0.479019 0.787332 0.083462 0.041301
0.514292 0.070521 0.055409 0.036313
0.378474 0.636549 0.057015 0.042262
0.383708 0.557406 0.062138 0.032341
0.378255 0.710837 0.051744 0.042927
0.596358 0.704037 0.057988 0.037436
0.731972 0.257873 0.054787 0.034790
0.071460 0.049885 0.053444 0.033416
0.507650 0.219938 0.049015 0.032071
0.622119 0.068516 0.054950 0.041706
0.057317 0.692676 0.063125 0.040397
0.596246 0.628426 0.055904 0.040295
0.355271 0.886537 0.062228 0.041227
0.495272 0.553146 0.050783 0.038414
0.278926 0.473088 0.056575 0.033131
0.938397 0.545755 0.053512 0.034726
0.706575 0.637326 0.066972 0.043278
0.053742 0.650063 0.061750 0.040515
0.496271 0.513673 0.050256 0.035221
0.823988 0.959124 0.069423 0.042507
0.940284 0.133993 0.051423 0.037003
0.070387 0.315562 0.070222 0.035083
0.946443 0.209125 0.050782 0.034281
0.590320 0.815672 0.057991 0.033722
0.070673 0.086791 0.056084 0.038078
0.393394 0.307532 0.059821 0.039450
0.483290 0.897523 0.053338 0.038072
0.596112 0.666906 0.056461 0.036609
0.379463 0.672806 0.060379 0.032524
0.279453 0.436593 0.056283 0.039401
0.835821 0.215228 0.053866 0.041133
0.932294 0.584393 0.061787 0.038217
0.720306 0.373546 0.053567 0.036178
0.270517 0.586313 0.049997 0.034010
0.168459 0.441345 0.070752 0.040867
0.485114 0.707439 0.080263 0.038329
0.595142 0.742537 0.050020 0.039492
0.269483 0.622886 0.055852 0.038006
0.593954 0.778115 0.047227 0.034517
0.290678 0.144337 0.053988 0.036565
0.820259 0.840333 0.054408 0.031510
0.935849 0.509588 0.047574 0.038797
0.819352 0.806304 0.052249 0.035772
0.272567 0.548349 0.056305 0.039106
0.383169 0.593734 0.050889 0.038534
0.940010 0.313351 0.051212 0.039760
0.615181 0.297995 0.052112 0.038565
0.381517 0.522514 0.050616 0.035198
0.064128 0.871326 0.058853 0.034242
0.593291 0.846336 0.053735 0.030327
0.706968 0.711369 0.056910 0.035666
0.494791 0.367863 0.053350 0.039399
0.512406 0.030594 0.058111 0.038511
0.496450 0.476690 0.048511 0.034842
0.488076 0.829794 0.065880 0.044050
0.703122 0.561856 0.070581 0.040437
0.615553 0.213375 0.050853 0.038542
0.701948 0.823621 0.052877 0.039257
0.618830 0.109294 0.052011 0.036103
0.834483 0.256366 0.054482 0.039825
0.074360 0.207245 0.046859 0.034278
0.731221 0.151404 0.049865 0.032175
0.821978 0.617831 0.061797 0.040355
0.365627 0.846532 0.059334 0.037320
0.069853 0.174522 0.055546 0.028206
0.384820 0.486595 0.053130 0.037318
0.929258 0.626969 0.055086 0.040596
0.395422 0.229075 0.058614 0.044278
0.821094 0.578315 0.056921 0.038607
0.841168 0.073025 0.054933 0.040704
0.290962 0.212815 0.052030 0.032478
0.490516 0.745327 0.054335 0.040284
0.391680 0.349310 0.052326 0.039149
0.834422 0.293935 0.052314 0.031418
0.603278 0.437200 0.055654 0.038640
0.514500 0.106618 0.046651 0.031600
0.818570 0.765413 0.048443 0.039648
0.944061 0.245050 0.049771 0.038398
0.593399 0.918050 0.050081 0.033025
0.283547 0.372228 0.049607 0.036909
0.605949 0.480231 0.051037 0.040937
0.827264 0.535462 0.054728 0.046546
0.497876 0.406474 0.047860 0.033907
0.517308 0.143437 0.048154 0.040074
0.293318 0.250293 0.050440 0.041197
0.377422 0.750162 0.060311 0.037852
0.818532 0.687963 0.061049 0.039487
0.274127 0.509752 0.049804 0.034297
0.927799 0.785638 0.045788 0.038971
0.830466 0.488855 0.055016 0.039913
0.489584 0.933326 0.054866 0.029319
0.933581 0.471677 0.049539 0.038276
0.056329 0.579020 0.047721 0.042285
0.926127 0.707677 0.051196 0.037464
0.064042 0.812696 0.055945 0.033131
0.936439 0.394430 0.044151 0.031957
0.930985 0.880133 0.049165 0.035108
0.709885 0.598079 0.053919 0.035489
0.170433 0.518470 0.053144 0.040372
0.361224 0.963083 0.053444 0.038974
0.605164 0.398811 0.055611 0.031533
0.938127 0.356751 0.048779 0.042656
0.827351 0.403573 0.051578 0.038294
0.170925 0.396308 0.055031 0.044870
0.609063 0.335255 0.049429 0.033268
0.820599 0.726169 0.057842 0.038462
0.831851 0.328606 0.045277 0.032355
0.498127 0.440378 0.045324 0.033501
0.506834 0.327152 0.057847 0.041014
0.070136 0.434533 0.045601 0.039799
0.832268 0.363193 0.048321 0.036969
0.933491 0.430763 0.046663 0.037011
0.715600 0.489556 0.049080 0.040347
0.620844 0.030373 0.059173 0.032988
0.828717 0.446933 0.047159 0.040850
0.722091 0.337600 0.046234 0.034077
0.284235 0.334493 0.051008 0.037470
0.731920 0.073339 0.046663 0.035897
0.703414 0.783715 0.047479 0.039093
0.925538 0.744418 0.044608 0.036816
0.703925 0.864739 0.050875 0.041350
0.602021 0.587184 0.050638 0.037754
0.061997 0.781871 0.042595 0.029131
0.938820 0.070290 0.047909 0.027720
0.936419 0.034364 0.052519 0.040292
0.835208 0.032049 0.055280 0.036192
0.836901 0.112632 0.057657 0.037558
0.387345 0.448093 0.055326 0.038297
0.266414 0.785589 0.052960 0.042805
0.061777 0.506910 0.052777 0.032372
0.711170 0.527577 0.052744 0.032451
0.604890 0.519575 0.048679 0.034809
0.491903 0.587230 0.051141 0.027126
0.057353 0.971120 0.058238 0.032944
0.169211 0.479664 0.057258 0.036345
0.481873 0.865532 0.061554 0.029705
0.605125 0.367883 0.052347 0.034170
0.289714 0.065168 0.044735 0.039095
0.493787 0.624353 0.050295 0.042173
0.836130 0.180942 0.045452 0.023514
0.069974 0.121251 0.039134 0.028063
0.943447 0.276966 0.049230 0.024626
0.492156 0.666920 0.057530 0.043122
0.395302 0.185799 0.043774 0.039397
0.283040 0.404960 0.050742 0.026178
0.173099 0.266004 0.054017 0.040599
0.596054 0.949009 0.048587 0.031497
0.940243 0.098799 0.038823 0.027231
0.814155 0.915836 0.050097 0.039883
0.590881 0.881371 0.052031 0.039690
0.402406 0.032007 0.062035 0.042156
0.704846 0.904477 0.051501 0.036194
0.928842 0.845214 0.040894 0.034424
0.703098 0.973277 0.052934 0.034405
0.293250 0.026661 0.053850 0.038729
0.061441 0.539886 0.044902 0.031699
0.399176 0.145332 0.054550 0.035735
0.270692 0.707304 0.051980 0.044431
0.270134 0.662181 0.055881 0.038950
0.064778 0.473387 0.057226 0.038036
0.369918 0.813333 0.045537 0.032521
0.395482 0.269561 0.046851 0.035323
0.061951 0.841960 0.048429 0.024069
0.072742 0.146496 0.038652 0.024673
0.287086 0.294394 0.048257 0.042284
0.057273 0.615246 0.043194 0.031322
0.598964 0.976655 0.054682 0.026596
0.174060 0.350886 0.050880 0.041012
0.073727 0.019863 0.041836 0.027564
0.372231 0.782652 0.047506 0.032235
0.269389 0.746733 0.050431 0.036797
0.405782 0.070792 0.051695 0.039143
0.063916 0.943792 0.056065 0.027151
0.606238 0.552253 0.047486 0.027717
0.360552 0.925591 0.053240 0.036662
0.058133 0.729417 0.051958 0.031118
0.172864 0.309255 0.052531 0.042849
0.818183 0.875116 0.058048 0.036027
0.621694 0.143044 0.044533 0.029720
0.930370 0.923469 0.043789 0.041832
0.069949 0.398619 0.055473 0.026619
0.931035 0.816035 0.051341 0.022570
0.174197 0.225441 0.046029 0.038037
0.182166 0.058936 0.064399 0.034604
0.402914 0.109188 0.047832 0.038024
0.729849 0.112632 0.040518 0.037758
0.177349 0.098017 0.053633 0.038648
0.388262 0.386445 0.067124 0.036496
0.619783 0.175046 0.049290 0.034465
0.064525 0.754756 0.049586 0.022374
0.728445 0.032780 0.055318 0.042153
0.835103 0.149684 0.055121 0.036854
0.072419 0.355365 0.056350 0.039675
0.817618 0.650215 0.058776 0.036298
0.705766 0.936252 0.049792 0.034306
0.933306 0.967073 0.046308 0.042572
0.180377 0.142713 0.063714 0.043828
0.177527 0.022820 0.047105 0.032430
0.263683 0.895397 0.048003 0.046889
0.489150 0.965092 0.052343 0.036548
0.385230 0.409606 0.068228 0.035880
0.175197 0.187805 0.045966 0.037547
0.265690 0.850026 0.065786 0.041719
0.262065 0.963333 0.045373 0.033976
0.492367 0.979424 0.049512 0.029829
0.263796 0.930882 0.050371 0.026507
0.265646 0.819484 0.040845 0.022449
