0.212885 0.670593 0.061472 0.033571
0.314866 0.691856 0.059853 0.042120
0.503966 0.817243 0.062623 0.038458
0.209693 0.516459 0.066661 0.037494
0.212158 0.634621 0.058509 0.029752
0.115930 0.813063 0.054516 0.032431
0.118945 0.413883 0.061743 0.035985
0.582037 0.234229 0.052120 0.028643
0.777556 0.231893 0.058690 0.036026
0.411596 0.742389 0.057477 0.036895
0.865990 0.382987 0.047960 0.031423
0.118388 0.775510 0.054654 0.031307
0.864597 0.274879 0.056869 0.035142
0.871838 0.617882 0.052991 0.036992
0.398014 0.310210 0.051461 0.029796
0.778740 0.470496 0.056318 0.029636
0.117287 0.660541 0.058801 0.029783
0.395005 0.239533 0.054401 0.033767
0.115151 0.699997 0.055523 0.033940
0.314818 0.612715 0.058585 0.037442
0.776720 0.363008 0.052937 0.034802
0.866609 0.420529 0.054486 0.027417
0.778162 0.545429 0.058035 0.029324
0.393973 0.157417 0.051787 0.031640
0.310042 0.571805 0.053397 0.034536
0.505316 0.621980 0.049499 0.036641
0.316525 0.845347 0.055487 0.033020
0.691896 0.873095 0.048980 0.033892
0.305290 0.307514 0.051199 0.038482
0.216319 0.598074 0.060772 0.034835
0.871851 0.657284 0.056037 0.030597
0.119338 0.886575 0.054173 0.034215
0.413873 0.874780 0.057349 0.031294
0.776175 0.508107 0.046840 0.035858
0.679966 0.367704 0.049190 0.034788
0.206764 0.185174 0.047919 0.031438
0.699011 0.911269 0.066185 0.029996
0.868833 0.508583 0.057534 0.029333
0.868992 0.544967 0.057448 0.029647
0.870790 0.580666 0.052466 0.031588
0.212944 0.708210 0.054537 0.031600
0.492583 0.159870 0.055274 0.029891
0.305659 0.347969 0.056175 0.034165
0.778761 0.577242 0.050225 0.029920
0.863793 0.126624 0.056992 0.035988
0.391420 0.197451 0.047783 0.037187
0.324378 0.883822 0.051059 0.037270
0.309880 0.453069 0.056781 0.027867
0.775093 0.296322 0.059959 0.026926
0.592884 0.436889 0.049603 0.030033
0.873172 0.693631 0.048784 0.031190
0.869781 0.728597 0.046039 0.032114
0.871799 0.766744 0.048019 0.035072
0.677279 0.329875 0.056974 0.028155
0.110923 0.301989 0.052826 0.033007
0.691304 0.838930 0.052760 0.029279
0.863773 0.200235 0.050827 0.032261
0.599374 0.842816 0.063987 0.033697
0.689993 0.732738 0.050570 0.034213
0.391090 0.122658 0.053386 0.029316
0.590489 0.404144 0.052813 0.023863
0.216678 0.786595 0.053119 0.036607
0.202661 0.120934 0.047701 0.027966
0.782251 0.645539 0.047870 0.031838
0.772710 0.193566 0.051877 0.030385
0.588140 0.369490 0.046030 0.034611
0.502504 0.580538 0.053066 0.034053
0.404775 0.432217 0.044405 0.037539
0.401013 0.350923 0.056729 0.042777
0.598497 0.808352 0.052322 0.033165
0.307803 0.384039 0.045923 0.037215
0.581072 0.268513 0.047508 0.031474
0.116217 0.485755 0.052407 0.033893
0.221058 0.747789 0.054105 0.034304
0.402627 0.393080 0.051547 0.036259
0.673193 0.156203 0.045791 0.030778
0.503457 0.542930 0.047108 0.032434
0.862563 0.237427 0.050811 0.031206
0.311884 0.490848 0.058952 0.035722
0.866836 0.310799 0.059108 0.028673
0.672131 0.224076 0.048698 0.034827
0.303980 0.154090 0.052406 0.033497
0.208965 0.448147 0.046552 0.035457
0.494675 0.365848 0.048713 0.035375
0.783489 0.836864 0.043411 0.035030
0.494043 0.323089 0.048856 0.034503
0.596718 0.589669 0.049189 0.036743
0.109499 0.336787 0.054631 0.029429
0.675048 0.297737 0.051331 0.025584
0.686711 0.580613 0.051864 0.031754
0.602781 0.764787 0.045897 0.036668
0.507726 0.505097 0.052539 0.037852
0.781053 0.734626 0.041900 0.033843
0.206886 0.406204 0.055665 0.035817
0.212181 0.482234 0.056304 0.025408
0.415152 0.699320 0.051334 0.037909
0.781316 0.772950 0.046229 0.029342
0.771097 0.160805 0.051982 0.027682
0.680158 0.401487 0.056702 0.028754
0.686273 0.508616 0.049581 0.033085
0.317229 0.772430 0.044520 0.034891
0.502476 0.693727 0.043866 0.031912
0.868575 0.452167 0.052068 0.025664
0.774791 0.327018 0.053340 0.025864
0.305884 0.421735 0.047987 0.025431
0.117554 0.920170 0.048801 0.029993
0.871501 0.836423 0.052642 0.036635
0.409620 0.578587 0.045164 0.033967
0.579569 0.154268 0.049696 0.039527
0.410226 0.612780 0.057402 0.024262
0.588095 0.302077 0.049684 0.025894
0.206280 0.255872 0.062965 0.024702
0.499892 0.440141 0.045370 0.029627
0.687703 0.621533 0.043435 0.036532
0.202825 0.359947 0.046661 0.039314
0.315989 0.733987 0.048910 0.031107
0.220142 0.821248 0.054918 0.032950
0.414211 0.839030 0.040999 0.029051
0.687365 0.659803 0.052275 0.030194
0.878886 0.907372 0.051070 0.034354
0.206943 0.151983 0.051739 0.025392
0.206493 0.222570 0.043540 0.033838
0.861729 0.089697 0.052023 0.027732
0.485596 0.193446 0.053728 0.023955
0.683311 0.470221 0.048379 0.029615
0.676631 0.262166 0.045326 0.036594
0.299655 0.230062 0.043639 0.036615
0.102799 0.129820 0.057296 0.027176
0.104318 0.098293 0.054822 0.029361
0.311590 0.531139 0.045602 0.034236
0.875555 0.872421 0.048019 0.027993
0.603153 0.700594 0.057355 0.025584
0.661896 0.123507 0.044806 0.026172
0.395281 0.275344 0.042501 0.029441
0.401880 0.539197 0.060145 0.031780
0.593518 0.514847 0.055499 0.034865
0.606610 0.877443 0.058853 0.024116
0.487770 0.120223 0.043663 0.036349
0.114092 0.736946 0.050180 0.032958
0.597840 0.670753 0.060303 0.025710
0.313602 0.653069 0.046034 0.031701
0.206145 0.323841 0.056666 0.031943
0.104867 0.158954 0.048915 0.030119
0.111298 0.622462 0.044190 0.031589
0.223358 0.888979 0.056003 0.031641
0.769333 0.093633 0.048096 0.034720
0.782236 0.704069 0.050403 0.024030
0.121304 0.850834 0.058859 0.028628
0.781291 0.611165 0.037189 0.029864
0.110601 0.371961 0.046923 0.035804
0.315566 0.811681 0.041663 0.025463
0.304010 0.190784 0.051418 0.031953
0.597783 0.633029 0.042905 0.038894
0.109198 0.195556 0.052594 0.031123
0.114019 0.451473 0.058595 0.028145
0.689647 0.435966 0.059149 0.032050
0.864783 0.345556 0.050033 0.030279
0.414554 0.805219 0.043146 0.025128
0.391140 0.088846 0.055502 0.026678
0.782235 0.801962 0.042274 0.023616
0.508666 0.861072 0.042303 0.034926
0.784999 0.907058 0.056259 0.032119
0.664593 0.091227 0.049835 0.029110
0.779031 0.402853 0.041104 0.033959
0.587917 0.332807 0.041939 0.024938
0.221715 0.855773 0.041463 0.030346
0.414129 0.776614 0.046672 0.021153
0.672679 0.189079 0.038973 0.028580
0.871550 0.801069 0.045936 0.028377
0.577442 0.117828 0.044741 0.025147
0.501969 0.661843 0.046021 0.023558
0.402599 0.499815 0.054318 0.035432
0.587240 0.198065 0.052661 0.032981
0.202890 0.090266 0.045231 0.024091
0.482911 0.087946 0.051814 0.024425
0.414889 0.651373 0.050461 0.042966
0.490615 0.288181 0.049497 0.034962
0.776818 0.439539 0.042195 0.027773
0.685842 0.543634 0.047425 0.027139
0.227163 0.923027 0.061876 0.029263
0.117217 0.583556 0.048970 0.033303
0.782416 0.869679 0.053547 0.023783
0.612335 0.913283 0.055716 0.037399
0.109313 0.234610 0.038928 0.034595
0.301174 0.268950 0.045808 0.028259
0.593875 0.551355 0.038907 0.030873
0.500206 0.403685 0.036475 0.030215
0.687150 0.695200 0.042200 0.031075
0.697288 0.809252 0.051345 0.025240
0.860953 0.164803 0.044513 0.027065
0.417993 0.911377 0.040308 0.030895
0.109424 0.266143 0.038028 0.029181
0.401857 0.466399 0.043921 0.020838
0.501930 0.733878 0.045049 0.038378
0.207292 0.556886 0.063936 0.033102
0.602121 0.729937 0.047110 0.024226
0.113407 0.519706 0.045037 0.020826
0.870120 0.479475 0.050310 0.020024
0.115069 0.548992 0.038597 0.025673
0.773985 0.127031 0.056175 0.029840
0.691740 0.773649 0.039001 0.034722
0.300711 0.092188 0.041116 0.032476
0.489253 0.220336 0.047603 0.020717
0.488855 0.249305 0.038400 0.027269
0.322679 0.917537 0.059254 0.025783
0.204131 0.287239 0.042904 0.029283
0.775862 0.265045 0.043523 0.025276
0.300999 0.120369 0.038406 0.023813
0.594354 0.478371 0.044115 0.040644
0.501711 0.775211 0.051209 0.038577
0.784271 0.676622 0.048190 0.018680
0.510008 0.903398 0.043230 0.033617
0.503337 0.468548 0.053335 0.020433
0.575557 0.088676 0.032734 0.027251
