0.818607 0.735524 0.090094 0.056225
0.714329 0.905893 0.079888 0.055589
0.930812 0.153441 0.075259 0.048295
0.381578 0.736702 0.082916 0.056723
0.280492 0.402532 0.074863 0.049524
0.385823 0.203786 0.070279 0.055767
0.817073 0.333313 0.087658 0.055403
0.932487 0.102593 0.073953 0.052355
0.068622 0.335669 0.079900 0.056110
0.378475 0.100251 0.078365 0.042211
0.064155 0.279124 0.078345 0.051896
0.383485 0.894088 0.069524 0.054033
0.382469 0.678053 0.081954 0.052960
0.929034 0.207548 0.087169 0.054951
0.490797 0.104719 0.092839 0.050194
0.378360 0.795280 0.085949 0.049490
0.177581 0.447890 0.083152 0.044981
0.065600 0.220906 0.079196 0.058829
0.602743 0.600823 0.078699 0.047801
0.710536 0.850289 0.075115 0.047593
0.826233 0.902852 0.080131 0.045137
0.718333 0.166588 0.072385 0.048763
0.723438 0.378259 0.083340 0.045069
0.491757 0.924495 0.073659 0.042806
0.602810 0.545947 0.069338 0.052771
0.069399 0.921440 0.068772 0.042822
0.827619 0.052015 0.079945 0.054843
0.712921 0.225238 0.081973 0.054126
0.817077 0.679861 0.084034 0.047159
0.058574 0.395077 0.078242 0.056958
0.173619 0.502028 0.070946 0.046278
0.832078 0.955111 0.091739 0.049640
0.069512 0.717691 0.083926 0.046464
0.284355 0.462504 0.082265 0.055922
0.715185 0.798915 0.082045 0.051695
0.930913 0.908417 0.082963 0.040889
0.712744 0.330634 0.076161 0.047396
0.490621 0.266981 0.073149 0.052936
0.183225 0.951642 0.093541 0.050299
0.921357 0.814335 0.064866 0.052261
0.383105 0.954621 0.085454 0.058255
0.284938 0.574703 0.074434 0.049945
0.175689 0.848014 0.076082 0.054754
0.709657 0.650056 0.063702 0.048997
0.711850 0.747343 0.075096 0.040694
0.716733 0.108751 0.086260 0.059232
0.065641 0.163473 0.077146 0.052246
0.177106 0.273987 0.076070 0.058648
0.716807 0.963762 0.097484 0.053466
0.066468 0.054524 0.083775 0.054932
0.180403 0.673456 0.067485 0.052335
0.278525 0.677475 0.077097 0.046750
0.712906 0.699420 0.085752 0.049849
0.389220 0.841840 0.076394 0.041032
0.381830 0.146642 0.063848 0.045204
0.594952 0.117657 0.090518 0.053358
0.924591 0.655974 0.072451 0.047433
0.381519 0.267523 0.070314 0.055806
0.064717 0.107853 0.072546 0.050984
0.711191 0.427963 0.073727 0.051606
0.487516 0.657265 0.070626 0.049527
0.387292 0.508200 0.077183 0.055711
0.923456 0.379011 0.074759 0.050748
0.820308 0.107943 0.068174 0.049931
0.498998 0.320207 0.082176 0.044449
0.179313 0.729441 0.075542 0.051771
0.183074 0.618374 0.085115 0.047374
0.929547 0.759778 0.072524 0.052555
0.605416 0.232817 0.083268 0.055043
0.925063 0.863451 0.074209 0.041652
0.063423 0.504388 0.080373 0.050890
0.928114 0.434637 0.071629 0.050224
0.493123 0.710892 0.073247 0.048633
0.599055 0.887518 0.081416 0.042784
0.278444 0.631258 0.067971 0.051611
0.288239 0.842616 0.077923 0.046966
0.180593 0.332585 0.078461 0.050749
0.933170 0.485850 0.079821 0.043324
0.600859 0.294189 0.080099 0.058321
0.062096 0.620178 0.076330 0.046636
0.281639 0.518855 0.068825 0.047282
0.488658 0.965075 0.075275 0.041488
0.283152 0.184247 0.081570 0.052748
0.927765 0.956726 0.061332 0.048511
0.282175 0.347559 0.063410 0.053193
0.595607 0.968419 0.069857 0.034976
0.824297 0.277907 0.070497 0.041691
0.927706 0.710251 0.077148 0.045869
0.822107 0.853236 0.063384 0.049798
0.179883 0.055889 0.075677 0.053240
0.819716 0.388226 0.069081 0.045084
0.601125 0.422957 0.085783 0.062763
0.487139 0.817721 0.079624 0.056078
0.176962 0.389849 0.087830 0.056259
0.712920 0.598091 0.067509 0.051285
0.177675 0.161737 0.061884 0.038682
0.824210 0.560426 0.077425 0.047200
0.822894 0.795898 0.066372 0.057464
0.176522 0.113554 0.065359 0.051067
0.066138 0.963481 0.085610 0.034551
0.596515 0.931827 0.061257 0.038039
0.178781 0.788828 0.085315 0.056602
0.283067 0.787956 0.059451 0.054231
0.926639 0.326437 0.083027 0.048996
0.494846 0.156956 0.081424 0.049799
0.717923 0.540844 0.069772 0.057489
0.177529 0.559658 0.068916 0.059366
0.279278 0.054702 0.080771 0.055576
0.490840 0.051077 0.077371 0.052986
0.487960 0.607242 0.072682 0.052334
0.494357 0.762613 0.068755 0.053031
0.601319 0.173978 0.096377 0.055025
0.274791 0.121060 0.087057 0.053842
0.280075 0.235835 0.069452 0.031576
0.821068 0.506521 0.077640 0.053913
0.069122 0.668807 0.058613 0.045867
0.716974 0.483024 0.076718 0.048437
0.283785 0.728514 0.072713 0.051289
0.926442 0.266130 0.067017 0.060340
0.601050 0.839236 0.068681 0.042060
0.714205 0.051333 0.078698 0.047086
0.067634 0.450855 0.077164 0.051309
0.600491 0.356769 0.078681 0.061578
0.602548 0.059603 0.076080 0.058720
0.824928 0.158731 0.067815 0.046523
0.180296 0.210545 0.076623 0.050281
0.604487 0.490636 0.076696 0.056379
0.073492 0.772988 0.070858 0.052107
0.821189 0.443890 0.058833 0.053277
0.280669 0.286581 0.068279 0.059457
0.918712 0.604199 0.074597 0.056125
0.070938 0.823908 0.058543 0.045622
0.600590 0.659723 0.066576 0.059806
0.824414 0.622645 0.070222 0.055447
0.389105 0.389611 0.068474 0.058633
0.488968 0.208616 0.081309 0.051421
0.388234 0.324798 0.071389 0.054683
0.066330 0.562108 0.063730 0.060035
0.386364 0.565231 0.074404 0.053884
0.497886 0.368946 0.076315 0.052318
0.927723 0.541110 0.069177 0.057186
0.496217 0.541087 0.075883 0.053061
0.602298 0.781960 0.068896 0.059268
0.497927 0.873961 0.057192 0.050678
0.180045 0.900979 0.054048 0.043874
0.601920 0.718917 0.075124 0.052200
0.498710 0.486327 0.075509 0.051799
0.718368 0.279342 0.051206 0.048555
0.386277 0.049361 0.068994 0.047354
0.493967 0.431135 0.059740 0.043441
0.815009 0.227042 0.082102 0.046729
0.388202 0.448168 0.054507 0.047782
0.285902 0.950838 0.060322 0.061150
0.388498 0.621991 0.059344 0.052499
0.074236 0.875300 0.080654 0.037042
0.928471 0.049880 0.067478 0.049641
0.610157 0.005006 0.071936 0.009556
0.281888 0.889541 0.054342 0.032431
