0.070297 0.490949 0.072588 0.046193
0.838755 0.282559 0.078500 0.038527
0.511681 0.325602 0.080691 0.048828
0.839392 0.129467 0.067637 0.041807
0.507241 0.498226 0.063405 0.036499
0.507174 0.917514 0.070301 0.043842
0.730540 0.351031 0.066063 0.044281
0.402880 0.880790 0.082010 0.044654
0.182616 0.221661 0.075383 0.038205
0.947605 0.527491 0.057187 0.040884
0.830991 0.621174 0.064360 0.042113
0.393037 0.075208 0.075787 0.045721
0.402419 0.695439 0.089758 0.050224
0.841139 0.574900 0.067447 0.043278
0.063549 0.618660 0.082011 0.047771
0.732973 0.119398 0.069582 0.046780
0.618658 0.183018 0.071405 0.048182
0.623114 0.757338 0.078799 0.045478
0.515161 0.692600 0.070811 0.047970
0.735003 0.477659 0.068763 0.040495
0.511715 0.200057 0.078196 0.038215
0.509016 0.783359 0.060674 0.042571
0.832944 0.081965 0.071258 0.042984
0.733767 0.303232 0.064696 0.044712
0.729111 0.433223 0.071381 0.042508
0.393053 0.453961 0.064783 0.047933
0.946100 0.186529 0.056028 0.040060
0.622779 0.342858 0.063961 0.044452
0.612865 0.849855 0.077673 0.039864
0.614428 0.710366 0.077988 0.041347
0.842426 0.492858 0.067806 0.031553
0.948787 0.264858 0.057103 0.039968
0.511361 0.869688 0.068152 0.040808
0.514755 0.827920 0.066271 0.038021
0.730580 0.028538 0.076245 0.041334
0.063154 0.441075 0.074664 0.045398
0.512658 0.277600 0.054230 0.038618
0.624893 0.433509 0.079444 0.045946
0.839720 0.665004 0.059521 0.039658
0.512052 0.418638 0.065991 0.038326
0.734469 0.889383 0.082484 0.045708
0.948978 0.640674 0.063909 0.033604
0.836257 0.955932 0.071826 0.044297
0.840115 0.326101 0.066495 0.045459
0.398616 0.226303 0.067807 0.038206
0.623335 0.386838 0.063539 0.038948
0.837271 0.739650 0.066074 0.042172
0.625080 0.302029 0.065540 0.037225
0.839743 0.414657 0.057669 0.044531
0.513958 0.646052 0.060568 0.042446
0.949772 0.405445 0.061208 0.041900
0.400706 0.268379 0.064103 0.037926
0.178895 0.592552 0.067020 0.041211
0.622009 0.266243 0.065672 0.038595
0.178185 0.639443 0.069853 0.045010
0.286086 0.089233 0.081544 0.046799
0.836942 0.169059 0.069681 0.033952
0.511373 0.457942 0.060484 0.039383
0.622416 0.557898 0.086805 0.051500
0.064890 0.343779 0.080315 0.042266
0.731597 0.255313 0.058823 0.048349
0.285718 0.230135 0.060725 0.050092
0.731828 0.843261 0.074713 0.044345
0.064850 0.253145 0.070269 0.046727
0.733901 0.163591 0.065208 0.039862
0.399674 0.742934 0.078894 0.047082
0.732846 0.563040 0.057576 0.043053
0.056391 0.389462 0.070598 0.044489
0.070452 0.536372 0.058717 0.041518
0.729145 0.765457 0.081045 0.039876
0.410032 0.967254 0.087130 0.045210
0.951111 0.605413 0.056215 0.034744
0.732117 0.802062 0.084949 0.034387
0.831286 0.782907 0.080305 0.041917
0.172083 0.505082 0.062657 0.036216
0.836242 0.371162 0.063130 0.041453
0.176865 0.337084 0.068289 0.041418
0.398959 0.647560 0.057439 0.042092
0.730325 0.073840 0.054048 0.040770
0.067401 0.164932 0.089494 0.053254
0.735950 0.206507 0.057544 0.044551
0.615415 0.803911 0.057982 0.045546
0.068555 0.671081 0.064695 0.048645
0.948467 0.567337 0.057633 0.035291
0.609750 0.077916 0.056516 0.046281
0.730430 0.963655 0.059378 0.045048
0.949155 0.366067 0.065780 0.030993
0.510021 0.601075 0.051773 0.039486
0.945103 0.681739 0.062895 0.040021
0.513920 0.374705 0.055166 0.047916
0.839089 0.212172 0.064364 0.045557
0.504476 0.076523 0.055486 0.040738
0.834515 0.701477 0.061046 0.030910
0.397429 0.028396 0.080749 0.037855
0.172164 0.548642 0.065090 0.040762
0.736977 0.607700 0.072935 0.041879
0.518285 0.239995 0.063934 0.036737
0.944770 0.858186 0.057620 0.038958
0.068115 0.210605 0.066854 0.028134
0.946013 0.447104 0.049776 0.036290
0.178604 0.413550 0.065511 0.046892
0.946989 0.486027 0.046212 0.040069
0.843524 0.457176 0.049948 0.033387
0.944722 0.761583 0.058542 0.048516
0.949740 0.149406 0.053045 0.028788
0.619073 0.226922 0.072721 0.039310
0.282156 0.184592 0.054055 0.039634
0.953774 0.225793 0.065481 0.035492
0.952205 0.303889 0.049382 0.035862
0.510709 0.156181 0.054533 0.043427
0.402011 0.602206 0.051399 0.043181
0.734690 0.516838 0.062606 0.036841
0.280480 0.138598 0.059642 0.044562
0.286851 0.288534 0.068070 0.052621
0.397896 0.121238 0.062462 0.039045
0.182615 0.263646 0.074075 0.037329
0.173407 0.299277 0.069220 0.034177
0.625200 0.479548 0.059975 0.045556
0.736469 0.722150 0.060547 0.047905
0.844744 0.531215 0.052722 0.038106
0.517258 0.532533 0.059982 0.027721
0.622255 0.640531 0.070885 0.040995
0.402277 0.560736 0.074353 0.034473
0.731467 0.393570 0.055281 0.032692
0.395205 0.408662 0.054281 0.037619
0.508921 0.565312 0.050898 0.029346
0.730811 0.927745 0.068805 0.025271
0.946706 0.716237 0.065394 0.027489
0.839533 0.829519 0.050591 0.046244
0.623109 0.518493 0.076729 0.026334
0.500176 0.032251 0.059758 0.046593
0.830412 0.876327 0.052196 0.044722
0.397142 0.171850 0.062334 0.053713
0.509722 0.116189 0.055865 0.030036
0.951304 0.336693 0.052846 0.023784
0.176616 0.692577 0.057833 0.050807
0.402131 0.320830 0.064252 0.062144
0.835512 0.036157 0.061694 0.046933
0.519214 0.738961 0.064451 0.043165
0.511890 0.965612 0.056203 0.047150
0.186836 0.133014 0.050210 0.037216
0.616059 0.608185 0.075711 0.038201
0.608034 0.029935 0.063849 0.041687
0.944546 0.812672 0.052689 0.043314
0.399878 0.923271 0.056309 0.036963
0.282556 0.036006 0.060626 0.050889
0.932114 0.038633 0.063316 0.044901
0.947064 0.119970 0.046819 0.028306
0.184007 0.176821 0.058507 0.042758
0.405830 0.371973 0.061489 0.028206
0.401847 0.833527 0.051863 0.041517
0.622536 0.960600 0.095731 0.062787
0.619277 0.129858 0.060892 0.053328
0.398838 0.791564 0.052491 0.037402
0.945676 0.083494 0.042792 0.040991
0.740382 0.684213 0.063331 0.027051
0.178715 0.085345 0.064305 0.051451
0.833065 0.911901 0.048157 0.030992
0.067943 0.578629 0.057432 0.028565
0.179363 0.373189 0.059133 0.023768
0.178752 0.461944 0.043820 0.041231
0.839682 0.249383 0.047706 0.024195
0.938381 0.939579 0.047028 0.033509
0.179231 0.031373 0.046221 0.042188
0.398851 0.503330 0.076110 0.045869
0.620744 0.899811 0.066092 0.048627
0.064702 0.112996 0.060694 0.033429
0.937657 0.968120 0.059959 0.030651
0.939126 0.901000 0.051916 0.037427
0.739317 0.649772 0.052087 0.044946
0.620717 0.674312 0.057529 0.022598
0.064028 0.300417 0.054343 0.040885
