0.327974 0.732022 0.061339 0.031269
0.137131 0.633165 0.055573 0.031274
0.141729 0.563255 0.068473 0.035380
0.716002 0.222131 0.064865 0.033709
0.139140 0.732434 0.052980 0.032762
0.430877 0.653009 0.054781 0.035643
0.136320 0.767196 0.058416 0.031782
0.149005 0.383017 0.061908 0.027351
0.811570 0.437958 0.055483 0.035299
0.240265 0.439193 0.060681 0.032814
0.430100 0.540575 0.053548 0.036321
0.233850 0.784259 0.059844 0.031687
0.811613 0.471814 0.059331 0.028206
0.624650 0.464862 0.054477 0.036585
0.148092 0.178161 0.053600 0.036459
0.334504 0.355770 0.054604 0.034000
0.243652 0.364416 0.066840 0.033312
0.424420 0.833414 0.059042 0.037135
0.151199 0.278873 0.062086 0.035902
0.147102 0.350390 0.057450 0.030306
0.521362 0.890499 0.049225 0.031050
0.804418 0.773685 0.049488 0.034896
0.137539 0.696942 0.055696 0.028583
0.889154 0.809638 0.052063 0.030897
0.907024 0.342656 0.049995 0.031494
0.241664 0.248080 0.052315 0.035391
0.328720 0.633664 0.060162 0.027828
0.807568 0.591393 0.052022 0.035391
0.522556 0.746014 0.051169 0.036170
0.715927 0.576988 0.052652 0.036284
0.620939 0.504818 0.050353 0.038318
0.518578 0.371521 0.056285 0.030478
0.143007 0.484071 0.054375 0.030047
0.429231 0.502752 0.050655 0.033402
0.717607 0.788114 0.052290 0.035328
0.522590 0.669529 0.060845 0.029903
0.330220 0.825366 0.056664 0.034677
0.806625 0.852991 0.055037 0.038419
0.428075 0.692183 0.048593 0.034517
0.430658 0.461618 0.059114 0.034538
0.515194 0.854538 0.045715 0.033810
0.522476 0.407856 0.054950 0.030446
0.324584 0.566867 0.060235 0.033518
0.808793 0.629781 0.056215 0.033294
0.616436 0.705294 0.047284 0.028923
0.139680 0.522449 0.049253 0.035733
0.132017 0.801582 0.056247 0.028216
0.903647 0.509851 0.052448 0.033267
0.718749 0.462399 0.054561 0.034764
0.886723 0.842961 0.048677 0.029140
0.236533 0.822822 0.058868 0.033715
0.521261 0.706550 0.051642 0.034390
0.522516 0.337879 0.045445 0.033668
0.524550 0.239159 0.055362 0.035276
0.714095 0.752107 0.047651 0.029242
0.807014 0.528362 0.051112 0.033284
0.322826 0.698115 0.048484 0.030717
0.332344 0.393781 0.048430 0.036721
0.619515 0.807394 0.046406 0.034556
0.619135 0.575909 0.052237 0.030920
0.903351 0.407103 0.057450 0.028841
0.811454 0.333255 0.047254 0.032419
0.805085 0.735982 0.042877 0.035335
0.138850 0.450962 0.050968 0.026365
0.522162 0.444578 0.050979 0.033810
0.892093 0.772874 0.049229 0.033117
0.431833 0.332922 0.046541 0.032436
0.802806 0.891257 0.048176 0.026820
0.338963 0.251825 0.053711 0.040059
0.716350 0.291876 0.049484 0.028116
0.517615 0.635953 0.047551 0.031508
0.818440 0.120012 0.049434 0.027909
0.326369 0.602202 0.062045 0.027023
0.617653 0.846368 0.044978 0.032064
0.811860 0.400527 0.051082 0.031629
0.149130 0.316533 0.059009 0.027220
0.813779 0.266595 0.048295 0.035919
0.807823 0.809590 0.049098 0.032879
0.325218 0.532316 0.055160 0.028644
0.715708 0.425505 0.049181 0.029116
0.618448 0.392233 0.054060 0.036123
0.130421 0.832979 0.047307 0.031372
0.429004 0.614267 0.048708 0.030942
0.128393 0.868938 0.052624 0.032455
0.429623 0.577858 0.051037 0.028082
0.240352 0.323335 0.053959 0.040258
0.331274 0.428138 0.052072 0.025875
0.809835 0.920075 0.059982 0.028763
0.521104 0.523156 0.049303 0.036930
0.241382 0.175490 0.049881 0.037703
0.617993 0.609244 0.047341 0.024721
0.627477 0.294143 0.063249 0.030920
0.619706 0.543524 0.052015 0.030757
0.620137 0.879566 0.056931 0.024787
0.618756 0.640017 0.044772 0.029529
0.240762 0.400231 0.051393 0.033389
0.143120 0.417219 0.049501 0.033239
0.717991 0.181768 0.052796 0.032641
0.715483 0.644319 0.054766 0.022303
0.717281 0.826600 0.049453 0.029293
0.720346 0.496440 0.047603 0.035136
0.620284 0.428724 0.053215 0.026622
0.715527 0.111106 0.055754 0.034667
0.895301 0.701895 0.042066 0.031064
0.427946 0.869966 0.049103 0.027159
0.427730 0.222670 0.048038 0.030163
0.525467 0.142918 0.047989 0.036979
0.149402 0.211762 0.060102 0.025281
0.333103 0.318367 0.047941 0.029411
0.240196 0.213176 0.051836 0.030551
0.526045 0.599613 0.048051 0.032722
0.428511 0.755547 0.055040 0.033598
0.146054 0.243289 0.052235 0.035993
0.621697 0.910182 0.060123 0.026472
0.516964 0.815707 0.047806 0.034625
0.622276 0.264074 0.057252 0.031040
0.714929 0.614203 0.041810 0.030175
0.898064 0.668678 0.047492 0.030330
0.432770 0.364730 0.054668 0.023900
0.623075 0.768131 0.049101 0.033573
0.237764 0.283750 0.051329 0.029441
0.334774 0.286992 0.056521 0.027051
0.628200 0.079127 0.043965 0.029061
0.234978 0.608252 0.049586 0.037994
0.805954 0.665450 0.044569 0.030001
0.332019 0.865922 0.058136 0.031081
0.720206 0.258702 0.047008 0.029290
0.716791 0.535165 0.048150 0.034853
0.812231 0.367076 0.044474 0.027833
0.712396 0.672107 0.045768 0.027312
0.621110 0.194610 0.040902 0.028744
0.147681 0.141518 0.049081 0.027560
0.236670 0.475361 0.052548 0.030727
0.324458 0.790280 0.051812 0.025003
0.893678 0.877794 0.049947 0.032858
0.235653 0.511380 0.043234 0.034189
0.896560 0.736784 0.042105 0.032523
0.236559 0.686120 0.062745 0.030276
0.246054 0.137145 0.050625 0.031978
0.524359 0.561402 0.049250 0.030062
0.245743 0.105762 0.060917 0.027844
0.619662 0.353090 0.047129 0.030374
0.822907 0.201319 0.044427 0.030959
0.903995 0.307507 0.041734 0.031563
0.334296 0.211568 0.048357 0.033049
0.910289 0.232919 0.052339 0.034132
0.714669 0.077429 0.048418 0.028230
0.140915 0.598479 0.042947 0.029046
0.717129 0.325154 0.039304 0.030952
0.138554 0.666657 0.056152 0.025438
0.426164 0.901306 0.050514 0.032663
0.623315 0.159791 0.039215 0.026932
0.514819 0.918879 0.046340 0.023993
0.909771 0.194879 0.053515 0.035175
0.617508 0.736756 0.050007 0.024349
0.146122 0.111643 0.048596 0.026354
0.325833 0.463009 0.045347 0.035999
0.322032 0.663027 0.048680 0.026044
0.717203 0.364707 0.049441 0.038233
0.522485 0.781665 0.045861 0.028414
0.717713 0.895551 0.049801 0.030879
0.624657 0.228751 0.041057 0.030921
0.243497 0.074021 0.054659 0.029124
0.424039 0.793656 0.052702 0.036173
0.903441 0.573171 0.048689 0.029251
0.327891 0.904039 0.058005 0.030559
0.816017 0.083467 0.042649 0.035528
0.899632 0.609797 0.042369 0.027996
0.331617 0.764163 0.051457 0.024929
0.809798 0.301927 0.044224 0.024290
0.806224 0.699182 0.041373 0.031404
0.904006 0.473684 0.054301 0.031255
0.522282 0.482944 0.042058 0.027613
0.235890 0.575106 0.048589 0.024711
0.613862 0.671773 0.040226 0.023682
0.340043 0.178549 0.049758 0.033160
0.526664 0.106893 0.037226 0.029587
0.338523 0.075952 0.042841 0.029438
0.528433 0.075839 0.055510 0.027306
0.898019 0.635684 0.048943 0.022881
0.907660 0.271538 0.043570 0.033679
0.714398 0.709974 0.050703 0.039316
0.343770 0.109472 0.059761 0.030239
0.434422 0.120811 0.046316 0.031780
0.903073 0.539787 0.045102 0.027002
0.230924 0.861361 0.047432 0.034983
0.816821 0.233591 0.041173 0.028740
0.427099 0.190289 0.038026 0.025113
0.428783 0.426967 0.040481 0.028833
0.148074 0.075426 0.049618 0.035271
0.723064 0.398525 0.047923 0.020689
0.716450 0.860677 0.035759 0.027391
0.232913 0.900151 0.048725 0.028247
0.326027 0.500909 0.044097 0.031473
0.720337 0.144320 0.044107 0.028254
0.232523 0.649372 0.056709 0.032512
0.519019 0.305689 0.043186 0.021936
0.624843 0.131615 0.052856 0.022296
0.427273 0.725971 0.040646 0.020756
0.428893 0.298308 0.050141 0.022442
0.433158 0.264163 0.048520 0.041616
0.912096 0.155236 0.051325 0.035420
0.433809 0.393783 0.048467 0.030489
0.237097 0.544064 0.047934 0.021797
0.903185 0.437809 0.041080 0.030615
0.427588 0.156569 0.036882 0.029554
0.234118 0.720198 0.049013 0.039393
0.523789 0.200835 0.041534 0.023150
0.626722 0.108660 0.044516 0.018967
0.522650 0.175904 0.044474 0.020002
0.885631 0.908960 0.036755 0.024124
0.339143 0.142783 0.044608 0.032652
0.907400 0.373906 0.050229 0.031251
0.820848 0.170502 0.036102 0.021654
0.429994 0.081180 0.052949 0.040142
0.624885 0.323534 0.047356 0.020230
0.234299 0.752638 0.039385 0.020686
0.663869 0.355249 0.032861 0.026504
0.810892 0.559784 0.051646 0.022463
0.907715 0.084329 0.040453 0.031687
0.921537 0.907180 0.032032 0.024627
0.817991 0.146160 0.037770 0.017890
0.806042 0.498911 0.045030 0.018671
0.127215 0.908682 0.046974 0.030828
0.906168 0.119326 0.038336 0.030820
0.519101 0.274533 0.043904 0.032938
0.474996 0.078822 0.031433 0.026340
0.169967 0.906987 0.026311 0.028595
0.473667 0.098319 0.040333 0.018270
