0.707253 0.934401 0.069990 0.037656
0.371825 0.711157 0.067429 0.039396
0.717480 0.296057 0.065891 0.040628
0.940848 0.466391 0.061358 0.033901
0.370601 0.521388 0.067167 0.037708
0.375846 0.666190 0.059144 0.043918
0.370835 0.751815 0.075686 0.039272
0.391846 0.066058 0.060284 0.038621
0.478851 0.832963 0.059722 0.037821
0.375587 0.255494 0.069250 0.042120
0.837667 0.382884 0.062522 0.036039
0.378936 0.339659 0.057430 0.040406
0.609547 0.384526 0.057853 0.040592
0.151164 0.867076 0.058468 0.039217
0.590863 0.847779 0.057761 0.042985
0.703479 0.895247 0.062066 0.033978
0.940029 0.796949 0.058708 0.041379
0.597691 0.893804 0.058851 0.042496
0.492261 0.388840 0.055485 0.041411
0.049749 0.636632 0.068118 0.038315
0.495683 0.345648 0.057246 0.041856
0.164892 0.144511 0.057801 0.033019
0.483422 0.666274 0.064172 0.044546
0.941990 0.080699 0.061742 0.038075
0.390740 0.139330 0.070579 0.036519
0.260451 0.823990 0.064133 0.039941
0.720399 0.224395 0.055301 0.035373
0.591469 0.722528 0.062401 0.039207
0.714678 0.339764 0.058005 0.042587
0.832705 0.684873 0.055397 0.037674
0.363321 0.793503 0.057943 0.038983
0.498321 0.107057 0.059970 0.040307
0.943136 0.428871 0.053504 0.034424
0.055472 0.132787 0.062675 0.042126
0.259090 0.786043 0.062750 0.037533
0.943987 0.839144 0.061042 0.039622
0.718468 0.692916 0.063771 0.040387
0.482624 0.617207 0.069159 0.050288
0.606103 0.558341 0.066143 0.052138
0.939927 0.757968 0.058077 0.035616
0.055926 0.250402 0.061087 0.041206
0.150181 0.336589 0.064658 0.037388
0.162213 0.181072 0.060022 0.040559
0.266814 0.240644 0.060367 0.041405
0.590968 0.800320 0.058575 0.042366
0.261770 0.590179 0.058065 0.038391
0.711558 0.604930 0.051662 0.039152
0.054970 0.370186 0.069178 0.039487
0.837505 0.341334 0.052495 0.038906
0.607397 0.430752 0.071762 0.044262
0.478714 0.871095 0.054050 0.034152
0.149297 0.490707 0.056644 0.040649
0.834715 0.496838 0.075069 0.039735
0.721122 0.259039 0.052127 0.032852
0.050151 0.674297 0.056096 0.035946
0.276390 0.159840 0.056730 0.032621
0.941560 0.309834 0.053430 0.029165
0.360615 0.833377 0.073458 0.039728
0.592537 0.967545 0.059955 0.041491
0.365566 0.943845 0.050725 0.041829
0.831723 0.774460 0.053050 0.037869
0.834907 0.614423 0.055599 0.036527
0.150443 0.906051 0.052886 0.034936
0.379624 0.297919 0.060633 0.040741
0.832508 0.728922 0.054553 0.043725
0.711447 0.648659 0.051348 0.041638
0.384649 0.215219 0.062610 0.036674
0.267773 0.338884 0.056416 0.038665
0.844301 0.218331 0.080273 0.039708
0.716701 0.428930 0.068123 0.035294
0.268683 0.197453 0.054643 0.042521
0.258712 0.631388 0.055720 0.039895
0.246663 0.934062 0.050681 0.034874
0.055209 0.412085 0.065005 0.043292
0.942470 0.722793 0.054766 0.027729
0.048658 0.719629 0.062862 0.049787
0.605504 0.152525 0.058386 0.040163
0.941742 0.502291 0.062725 0.033734
0.947116 0.657457 0.053589 0.032660
0.611171 0.194516 0.062977 0.042522
0.836610 0.456715 0.055423 0.035306
0.497412 0.230032 0.061109 0.036978
0.724319 0.082513 0.058527 0.039911
0.057541 0.485805 0.053452 0.037413
0.060557 0.175579 0.050684 0.036887
0.943338 0.390009 0.046625 0.040676
0.260134 0.707293 0.053278 0.042527
0.059295 0.211914 0.064037 0.033503
0.150271 0.825868 0.060515 0.040576
0.375104 0.414641 0.056283 0.032032
0.942001 0.576372 0.050268 0.036287
0.603011 0.603775 0.057836 0.039974
0.055935 0.524939 0.054524 0.031118
0.944994 0.278590 0.051480 0.030941
0.840606 0.136780 0.053422 0.037640
0.716115 0.386949 0.055855 0.045879
0.163197 0.105772 0.054867 0.043975
0.363109 0.909633 0.058134 0.025276
0.498041 0.305837 0.059104 0.031907
0.939947 0.977251 0.062900 0.030297
0.260521 0.555216 0.055573 0.033766
0.837989 0.178774 0.056329 0.039139
0.943206 0.618144 0.049523 0.039777
0.599297 0.646251 0.059118 0.043893
0.278254 0.062329 0.054636 0.031947
0.054112 0.332989 0.048242 0.030338
0.480367 0.909379 0.079009 0.037816
0.829803 0.838117 0.053065 0.033461
0.499576 0.033590 0.064106 0.041143
0.937281 0.920233 0.050483 0.032106
0.497916 0.191457 0.053345 0.036157
0.843058 0.062862 0.056085 0.034452
0.153820 0.562917 0.060253 0.033775
0.605007 0.077942 0.061755 0.039190
0.276904 0.126778 0.052223 0.033296
0.494945 0.269474 0.052507 0.039799
0.388961 0.103418 0.061872 0.029528
0.371202 0.626385 0.043660 0.031046
0.054579 0.563635 0.057393 0.044807
0.706184 0.816160 0.051857 0.046224
0.612510 0.343083 0.057242 0.036579
0.382957 0.379092 0.052915 0.037887
0.705102 0.859812 0.049529 0.034171
0.710043 0.517012 0.052903 0.037460
0.611522 0.235950 0.053714 0.040155
0.604063 0.509151 0.069896 0.041100
0.833482 0.651186 0.048842 0.032957
0.607527 0.303528 0.078985 0.037877
0.836587 0.420758 0.047662 0.034826
0.711102 0.774176 0.048714 0.036873
0.708159 0.970540 0.052044 0.034232
0.055784 0.800002 0.053634 0.039625
0.146435 0.950504 0.061781 0.048193
0.374856 0.558585 0.055623 0.032626
0.939856 0.881876 0.050241 0.044365
0.266170 0.303869 0.051684 0.030852
0.489394 0.522528 0.057794 0.045552
0.378816 0.448887 0.067562 0.028559
0.726704 0.187206 0.051567 0.037277
0.492004 0.431908 0.055357 0.039194
0.153986 0.373681 0.054713 0.027772
0.833280 0.533029 0.068903 0.031477
0.592053 0.932567 0.053138 0.031716
0.167642 0.060996 0.054548 0.037095
0.056938 0.061266 0.048911 0.032739
0.248124 0.966943 0.053757 0.028701
0.059412 0.095746 0.047987 0.028596
0.944173 0.122506 0.049584 0.040351
0.610310 0.271791 0.048065 0.026691
0.151844 0.408125 0.061795 0.040471
0.939782 0.537111 0.053132 0.038570
0.707905 0.735705 0.053366 0.039448
0.833961 0.572959 0.050033 0.042729
0.253445 0.865258 0.055398 0.036579
0.156157 0.709145 0.056055 0.038545
0.153444 0.749176 0.047939 0.039955
0.160518 0.265047 0.046493 0.033857
0.951667 0.691757 0.061339 0.030353
0.712212 0.473766 0.049451 0.043020
0.478327 0.789250 0.049175 0.044410
0.268747 0.275165 0.060506 0.026666
0.256795 0.749493 0.054471 0.035306
0.046352 0.911615 0.063855 0.036126
0.502169 0.070888 0.053442 0.028262
0.942824 0.348637 0.048456 0.041239
0.053751 0.450443 0.066443 0.028273
0.152273 0.528283 0.049021 0.031275
0.152151 0.673284 0.073523 0.028897
0.267143 0.378493 0.045738 0.034719
0.378872 0.483666 0.050176 0.032142
0.260773 0.484155 0.051864 0.045098
0.479830 0.974645 0.055430 0.035291
0.389585 0.029456 0.057282 0.032098
0.051310 0.762223 0.043450 0.036086
0.596666 0.761155 0.061444 0.034501
0.939773 0.036905 0.052178 0.042277
0.478916 0.748954 0.050889 0.036607
0.260727 0.522717 0.065040 0.027981
0.049069 0.874517 0.058561 0.036482
0.366466 0.873530 0.055331 0.037557
0.050040 0.837730 0.052542 0.035942
0.707700 0.560087 0.054195 0.044896
0.607812 0.034543 0.061018 0.046039
0.944969 0.165427 0.046127 0.042224
0.497812 0.150373 0.052177 0.043720
0.057526 0.602103 0.048062 0.026388
0.486576 0.567970 0.047971 0.043012
0.367656 0.977437 0.055905 0.025959
0.059518 0.026797 0.049258 0.031448
0.487507 0.475557 0.063117 0.045093
0.154531 0.601424 0.060549 0.039689
0.947216 0.204848 0.047572 0.030307
0.838647 0.259081 0.049841 0.040213
0.280747 0.025780 0.057164 0.037160
0.943683 0.241233 0.043098 0.038226
0.479956 0.710607 0.051597 0.037044
0.279574 0.094309 0.046911 0.034122
0.251889 0.898898 0.051889 0.033875
0.053958 0.294498 0.047715 0.042490
0.724832 0.124034 0.054992 0.040040
0.818728 0.968482 0.055258 0.038362
0.832821 0.808574 0.049697 0.023279
0.265104 0.446938 0.071865 0.030130
0.600383 0.685133 0.048872 0.027224
0.257653 0.669339 0.042486 0.031152
0.157580 0.639178 0.057298 0.030940
0.157945 0.299628 0.047000 0.033907
0.150723 0.450445 0.047734 0.036163
0.603252 0.114638 0.047309 0.033768
0.608659 0.470961 0.056514 0.034468
0.147480 0.787028 0.058759 0.037679
0.478313 0.943568 0.055725 0.029700
0.838177 0.029114 0.056979 0.031690
0.375275 0.592897 0.041395 0.034506
0.267734 0.414335 0.064659 0.038628
0.385247 0.175472 0.051634 0.038675
0.158453 0.224015 0.066702 0.042338
0.052134 0.968518 0.065196 0.037252
0.728465 0.155095 0.050781 0.022776
0.827528 0.883001 0.045810 0.036633
0.839465 0.300086 0.055536 0.036567
0.724156 0.038749 0.058862 0.050174
0.937060 0.948868 0.055861 0.026619
0.839294 0.099780 0.055277 0.035365
0.168278 0.025268 0.044028 0.031894
0.825551 0.927725 0.044932 0.039809
0.828326 0.866273 0.047435 0.022759
0.049487 0.942394 0.059509 0.025706
