0.504626 0.219308 0.062362 0.036509
0.392976 0.786430 0.065842 0.035658
0.503825 0.181581 0.066007 0.035777
0.504624 0.105849 0.057489 0.037091
0.392996 0.258024 0.064461 0.037386
0.167257 0.921752 0.066635 0.042410
0.058921 0.834890 0.061560 0.039185
0.398226 0.410500 0.056610 0.036038
0.391904 0.822106 0.058690 0.033201
0.503144 0.443742 0.068030 0.038591
0.162559 0.558250 0.058225 0.041012
0.165065 0.626755 0.056011 0.038272
0.066795 0.795150 0.054630 0.038227
0.388755 0.451308 0.067549 0.037903
0.171741 0.666816 0.070030 0.038320
0.288778 0.337190 0.065308 0.035078
0.724326 0.469555 0.064272 0.040829
0.487782 0.920476 0.065478 0.033820
0.722781 0.342849 0.069859 0.045877
0.278225 0.622602 0.063048 0.042518
0.282688 0.841415 0.057342 0.037825
0.060019 0.506580 0.064612 0.032313
0.165298 0.836749 0.060548 0.043887
0.509628 0.336093 0.066802 0.026683
0.384086 0.573006 0.073582 0.041613
0.289420 0.181129 0.071246 0.036904
0.284465 0.877275 0.063134 0.033012
0.387243 0.612705 0.069511 0.034279
0.730230 0.165293 0.056349 0.031943
0.168953 0.793173 0.059684 0.038972
0.494825 0.674723 0.057604 0.039428
0.497499 0.757344 0.056698 0.042089
0.623311 0.411289 0.068563 0.048047
0.393369 0.139783 0.055584 0.035158
0.397034 0.372560 0.053336 0.033584
0.496257 0.857083 0.070941 0.034965
0.504707 0.480909 0.053850 0.033373
0.938407 0.796303 0.060581 0.038290
0.179126 0.272955 0.056820 0.041293
0.069045 0.719478 0.056000 0.038444
0.505847 0.403905 0.058184 0.035529
0.388968 0.530775 0.054737 0.036174
0.061591 0.228767 0.052859 0.037387
0.618842 0.236580 0.054569 0.039913
0.616611 0.364371 0.063567 0.041254
0.616857 0.320119 0.067163 0.045400
0.830933 0.110844 0.057152 0.038167
0.382318 0.648694 0.064036 0.032615
0.064944 0.547150 0.055379 0.042152
0.506453 0.065418 0.050654 0.041137
0.393877 0.332776 0.055495 0.038555
0.057134 0.076864 0.072586 0.040031
0.163923 0.514967 0.073130 0.037851
0.174455 0.354733 0.052605 0.033583
0.936589 0.486498 0.068119 0.036861
0.059976 0.302045 0.049153 0.037232
0.061739 0.433658 0.062035 0.043164
0.494112 0.824149 0.057542 0.031569
0.503457 0.143357 0.052834 0.038243
0.396221 0.952802 0.053502 0.041162
0.059160 0.909243 0.053177 0.034162
0.278026 0.910579 0.049835 0.029268
0.732998 0.234775 0.062191 0.029623
0.064677 0.626392 0.062020 0.041788
0.168649 0.709465 0.053648 0.038660
0.934514 0.687356 0.074419 0.035670
0.834016 0.192862 0.071785 0.042769
0.278867 0.695422 0.052936 0.036545
0.497688 0.714202 0.063142 0.041534
0.389818 0.752155 0.055098 0.029149
0.281190 0.660563 0.059182 0.026813
0.287191 0.294963 0.055346 0.044950
0.066891 0.757587 0.049400 0.033301
0.487721 0.960375 0.078917 0.043725
0.290112 0.406569 0.063975 0.038703
0.294573 0.116576 0.063125 0.032951
0.062051 0.586141 0.056428 0.030765
0.735278 0.200836 0.074052 0.034496
0.065634 0.471850 0.053284 0.030953
0.176198 0.315781 0.051040 0.040668
0.932512 0.651909 0.059526 0.032284
0.061858 0.674262 0.068307 0.042400
0.276738 0.805398 0.047980 0.032974
0.165004 0.879819 0.060153 0.041655
0.397254 0.180768 0.056883 0.042696
0.287517 0.216699 0.056694 0.034189
0.498682 0.633577 0.050690 0.039265
0.386349 0.684455 0.051960 0.037947
0.171350 0.963933 0.056052 0.040102
0.061344 0.119434 0.055977 0.040139
0.284468 0.579027 0.051427 0.039374
0.390472 0.491890 0.051515 0.036257
0.174099 0.137094 0.064838 0.034689
0.728239 0.130712 0.047629 0.036318
0.932013 0.587973 0.055463 0.035134
0.065307 0.389039 0.057243 0.037836
0.179428 0.227876 0.055473 0.044056
0.494460 0.792283 0.057535 0.027263
0.941016 0.079096 0.054006 0.039094
0.944514 0.178300 0.052053 0.032134
0.287676 0.370707 0.050652 0.026289
0.945147 0.146695 0.053323 0.031836
0.388957 0.719129 0.060397 0.035025
0.947026 0.963745 0.065573 0.032623
0.831124 0.236497 0.054505 0.041200
0.835647 0.314339 0.063813 0.034333
0.174458 0.063483 0.067568 0.037485
0.061601 0.951892 0.063339 0.046733
0.503059 0.303946 0.064534 0.033283
0.390074 0.888068 0.064623 0.034389
0.393020 0.295951 0.046291 0.034346
0.290209 0.080607 0.052006 0.036482
0.938089 0.931213 0.062212 0.031046
0.501687 0.517591 0.051870 0.036651
0.059017 0.267005 0.047160 0.033367
0.939318 0.250046 0.067291 0.042236
0.171507 0.389651 0.048204 0.036117
0.289387 0.251870 0.061900 0.032556
0.728307 0.268110 0.055864 0.033694
0.833810 0.276926 0.051643 0.035388
0.395138 0.105444 0.046905 0.030376
0.930308 0.621017 0.053739 0.029392
0.725185 0.590946 0.069443 0.047736
0.505392 0.263371 0.060554 0.044181
0.060446 0.874744 0.050108 0.032709
0.393733 0.220915 0.046893 0.032871
0.940426 0.448958 0.047571 0.033574
0.830866 0.150025 0.057103 0.038952
0.507010 0.368495 0.054321 0.032252
0.171589 0.751006 0.047590 0.042209
0.275836 0.772724 0.054990 0.029295
0.724990 0.429311 0.059430 0.035018
0.178298 0.101818 0.055372 0.033639
0.166718 0.592957 0.055953 0.028365
0.935748 0.762521 0.052126 0.033242
0.939494 0.366391 0.051042 0.046629
0.057602 0.036212 0.058652 0.038275
0.932543 0.553734 0.044528 0.034691
0.723171 0.303825 0.053158 0.031584
0.279854 0.944207 0.053480 0.033471
0.057362 0.344356 0.054171 0.042993
0.280911 0.507016 0.062349 0.033299
0.942191 0.114063 0.057797 0.033432
0.722424 0.390056 0.050985 0.043689
0.390990 0.855072 0.057044 0.034170
0.059843 0.194673 0.044295 0.031282
0.293412 0.037832 0.067595 0.040969
0.172653 0.428402 0.059349 0.041441
0.727717 0.096908 0.049926 0.030336
0.729316 0.543511 0.063376 0.044321
0.943401 0.831519 0.059059 0.027988
0.280061 0.735992 0.058512 0.042151
0.398690 0.039449 0.050155 0.038538
0.170526 0.472566 0.072101 0.041105
0.939911 0.410061 0.052122 0.038669
0.834499 0.351015 0.047097 0.037073
0.939966 0.294168 0.059869 0.045743
0.285489 0.541256 0.054793 0.034335
0.284486 0.475637 0.072303 0.031481
0.499549 0.592985 0.047845 0.042185
0.935831 0.521647 0.047217 0.031008
0.944511 0.212346 0.047687 0.035058
0.061647 0.157926 0.045279 0.031840
0.492730 0.889673 0.062233 0.028241
0.620801 0.195757 0.058411 0.041505
0.287707 0.441970 0.063663 0.035472
0.397113 0.073544 0.044866 0.029414
0.723620 0.638688 0.070303 0.050403
0.290461 0.148442 0.065923 0.028272
0.182480 0.180956 0.049332 0.049244
0.943337 0.868061 0.052789 0.041484
0.934272 0.726444 0.049996 0.037650
0.500964 0.554252 0.045228 0.035892
0.940171 0.037772 0.049381 0.043424
0.506849 0.031656 0.059956 0.027862
0.618006 0.087448 0.057916 0.029356
0.724093 0.506398 0.049823 0.030445
0.726247 0.066231 0.042249 0.030658
0.395289 0.918345 0.052093 0.022362
0.830521 0.069894 0.054889 0.041210
0.280211 0.974042 0.061981 0.028672
0.941888 0.903077 0.045680 0.024782
0.619145 0.160186 0.058622 0.025696
0.723799 0.029193 0.050202 0.039601
0.943041 0.329560 0.048347 0.026893
0.837771 0.386513 0.053756 0.031599
0.823239 0.033878 0.045753 0.037041
0.615138 0.275538 0.061731 0.041598
0.612084 0.125738 0.071420 0.042497
0.182027 0.029588 0.049691 0.026467
0.216556 0.443199 0.042612 0.034525
0.331532 0.520966 0.029480 0.029657
