0.633025 0.108049 0.073534 0.040281
0.295809 0.206263 0.067273 0.039779
0.406344 0.369020 0.079272 0.045383
0.519984 0.469031 0.067437 0.043901
0.630655 0.396239 0.070416 0.041465
0.515242 0.719832 0.070929 0.037279
0.055827 0.437427 0.057642 0.033324
0.185589 0.501374 0.069634 0.034589
0.285434 0.723778 0.069200 0.040406
0.843604 0.142835 0.070243 0.039571
0.840011 0.930169 0.074399 0.037802
0.410214 0.080046 0.070922 0.039981
0.517091 0.420737 0.066158 0.042160
0.844571 0.337264 0.071489 0.038437
0.732954 0.145126 0.068216 0.035010
0.841162 0.260288 0.061989 0.034302
0.406852 0.458450 0.077118 0.037135
0.186040 0.381536 0.061217 0.041341
0.062694 0.323055 0.052683 0.034962
0.843349 0.298352 0.068172 0.036891
0.733241 0.304269 0.067875 0.037810
0.640451 0.263760 0.074425 0.039435
0.058220 0.471563 0.066608 0.029791
0.287136 0.770388 0.062353 0.044982
0.290591 0.816266 0.079432 0.043620
0.410723 0.200323 0.067237 0.035157
0.727346 0.867866 0.072234 0.043292
0.071968 0.893638 0.075835 0.041411
0.520664 0.228717 0.064441 0.038606
0.520679 0.682076 0.063448 0.033269
0.408268 0.241078 0.067580 0.039708
0.408801 0.896889 0.064701 0.035476
0.842548 0.076474 0.056901 0.035818
0.512641 0.800345 0.073819 0.038539
0.736603 0.499751 0.069170 0.034270
0.292226 0.859939 0.071298 0.038046
0.516223 0.515762 0.065889 0.046870
0.617121 0.738240 0.070323 0.042498
0.185112 0.539191 0.059955 0.038125
0.298053 0.369035 0.060610 0.036656
0.729029 0.960209 0.068380 0.039939
0.409339 0.123559 0.077320 0.043201
0.941411 0.161398 0.067620 0.032136
0.735319 0.187133 0.062731 0.040974
0.944294 0.902213 0.067420 0.044359
0.731160 0.915594 0.081767 0.042471
0.515449 0.760609 0.073679 0.034903
0.183929 0.228572 0.059525 0.038316
0.399061 0.568855 0.060761 0.038171
0.941694 0.853757 0.069683 0.048015
0.731813 0.576034 0.075711 0.045604
0.073307 0.122604 0.061748 0.033167
0.615172 0.859099 0.064908 0.032856
0.183099 0.463075 0.070518 0.037193
0.937235 0.396129 0.072472 0.039411
0.733774 0.106385 0.059371 0.037663
0.187317 0.187142 0.067873 0.039933
0.185813 0.110117 0.060679 0.039368
0.640643 0.218293 0.067138 0.045452
0.738241 0.458710 0.072369 0.041435
0.836897 0.484418 0.057368 0.036591
0.066549 0.286878 0.069845 0.032164
0.731233 0.342239 0.062989 0.033835
0.410964 0.416716 0.064532 0.039366
0.841450 0.791538 0.062586 0.036171
0.399424 0.746851 0.054212 0.034225
0.055652 0.589231 0.069257 0.037672
0.289642 0.683796 0.058788 0.030025
0.398923 0.644729 0.057874 0.034963
0.186034 0.423987 0.056243 0.037491
0.403203 0.531602 0.071620 0.033818
0.736008 0.624436 0.059932 0.044512
0.057474 0.551147 0.053871 0.034885
0.400487 0.605145 0.058277 0.035497
0.628337 0.349606 0.071666 0.045758
0.517588 0.376319 0.075727 0.040833
0.403464 0.860847 0.062999 0.030931
0.058854 0.510803 0.053687 0.039909
0.403286 0.788313 0.054459 0.040989
0.299773 0.244129 0.062913 0.033338
0.735959 0.230508 0.076719 0.040109
0.064091 0.703475 0.058286 0.030757
0.066914 0.816294 0.057924 0.042668
0.401188 0.680115 0.059575 0.033875
0.842466 0.218368 0.054210 0.040205
0.634921 0.307744 0.069714 0.037798
0.625641 0.438401 0.062075 0.034092
0.404766 0.282292 0.056871 0.035477
0.288618 0.590657 0.058101 0.035548
0.940683 0.354659 0.080128 0.039615
0.188460 0.609392 0.063370 0.039455
0.516548 0.189490 0.056271 0.032335
0.071360 0.930463 0.062501 0.029326
0.183691 0.336712 0.066202 0.043491
0.062725 0.363394 0.051455 0.039047
0.634736 0.143521 0.056976 0.032124
0.616040 0.780635 0.050693 0.037453
0.617089 0.962493 0.071697 0.043420
0.514406 0.925248 0.062747 0.037130
0.724169 0.791889 0.069186 0.039499
0.615175 0.821515 0.053836 0.040208
0.843399 0.421286 0.052461 0.037398
0.936389 0.074225 0.072323 0.040604
0.618913 0.919748 0.058048 0.033275
0.187143 0.651349 0.057286 0.041316
0.634008 0.071316 0.062146 0.030747
0.624089 0.555627 0.081027 0.048591
0.940846 0.702881 0.056965 0.035183
0.187812 0.268867 0.076736 0.037441
0.946522 0.939190 0.075965 0.029787
0.938285 0.120856 0.056208 0.045669
0.933067 0.034526 0.066260 0.035649
0.834738 0.757480 0.071868 0.030480
0.517055 0.113944 0.065455 0.030182
0.619446 0.666610 0.056917 0.036575
0.058142 0.401453 0.051106 0.031622
0.843442 0.034924 0.070437 0.041338
0.061454 0.629715 0.060003 0.032655
0.068935 0.161953 0.067144 0.040462
0.943696 0.558111 0.057634 0.037325
0.406509 0.323196 0.056578 0.041453
0.730776 0.535256 0.071239 0.029456
0.406048 0.164095 0.067372 0.034921
0.062516 0.211273 0.056837 0.047289
0.296366 0.288263 0.081612 0.050653
0.838971 0.377550 0.051959 0.041676
0.175517 0.768069 0.073555 0.029095
0.513128 0.838723 0.054033 0.036362
0.507242 0.881624 0.052276 0.047387
0.842529 0.966730 0.069379 0.034915
0.625045 0.512363 0.056607 0.030944
0.732812 0.418523 0.084960 0.036110
0.404109 0.495559 0.054666 0.030627
0.396339 0.712947 0.062383 0.026141
0.177805 0.728795 0.048783 0.044439
0.945367 0.274665 0.044932 0.040740
0.729850 0.711789 0.065248 0.046083
0.519776 0.079619 0.049216 0.031713
0.065762 0.774768 0.058158 0.034168
0.071279 0.857479 0.059307 0.027248
0.070025 0.963096 0.063510 0.034787
0.839034 0.177848 0.056354 0.027825
0.292798 0.647575 0.058869 0.038107
0.942789 0.316183 0.064591 0.034526
0.733387 0.266981 0.056001 0.033874
0.183117 0.572783 0.065188 0.027111
0.832942 0.600210 0.054927 0.029343
0.176716 0.894602 0.059017 0.030614
0.065307 0.666910 0.047069 0.037829
0.515264 0.649607 0.053177 0.032115
0.185735 0.036068 0.072454 0.043233
0.524162 0.325595 0.064302 0.045390
0.298069 0.081687 0.052497 0.039664
0.839116 0.541426 0.066732 0.028200
0.837869 0.635936 0.050302 0.036272
0.293445 0.410485 0.053039 0.035239
0.061345 0.740451 0.055572 0.027684
0.177174 0.809428 0.076779 0.043871
0.193899 0.148848 0.077925 0.033658
0.738649 0.379477 0.051028 0.036535
0.620409 0.702523 0.073266 0.025822
0.629957 0.033685 0.051373 0.038557
0.942627 0.807691 0.074481 0.039059
0.942364 0.229060 0.051810 0.044300
0.632966 0.476407 0.071454 0.036118
0.941686 0.470406 0.056186 0.046269
0.622885 0.629796 0.070141 0.029668
0.837034 0.891567 0.050262 0.034092
0.401803 0.826747 0.044500 0.031406
0.294206 0.894853 0.068526 0.026793
0.175722 0.853520 0.051293 0.043137
0.843275 0.857037 0.061560 0.026677
0.840306 0.108616 0.049393 0.025654
0.518539 0.610818 0.072774 0.043026
0.948663 0.516889 0.051586 0.043776
0.299268 0.160848 0.052775 0.044203
0.295976 0.332154 0.050198 0.035336
0.286661 0.933089 0.049772 0.040849
0.621404 0.595670 0.077141 0.030740
0.519028 0.150947 0.073297 0.036837
0.072114 0.083448 0.053699 0.043906
0.404808 0.960711 0.052039 0.035099
0.297222 0.120772 0.048361 0.030334
0.836268 0.571432 0.047807 0.030950
0.402597 0.928181 0.043643 0.023332
0.943788 0.740115 0.047127 0.038989
0.524579 0.039333 0.055252 0.045851
0.943698 0.669882 0.048262 0.031431
0.633185 0.176663 0.061526 0.030451
0.941113 0.594990 0.051032 0.033977
0.297039 0.501330 0.059562 0.033560
0.940448 0.433825 0.064092 0.029735
0.726657 0.828606 0.052137 0.026925
0.839909 0.452821 0.048758 0.023650
0.735254 0.075921 0.072086 0.024818
0.833201 0.826477 0.063247 0.025364
0.730804 0.668212 0.050441 0.037404
0.834680 0.674264 0.042628 0.034103
0.403415 0.034394 0.068621 0.046600
0.185090 0.300955 0.071272 0.026518
0.943237 0.773833 0.076465 0.027553
0.063432 0.252967 0.046458 0.031050
0.835588 0.716538 0.045982 0.049068
0.942093 0.634385 0.043190 0.038347
0.067820 0.036285 0.057879 0.045180
0.176682 0.073646 0.065903 0.027156
0.291846 0.558575 0.056020 0.025433
0.296411 0.034883 0.052335 0.043961
0.614815 0.887659 0.053953 0.025861
0.946059 0.974623 0.044691 0.037954
0.295255 0.532066 0.070835 0.021715
0.182618 0.689976 0.042577 0.030302
0.837307 0.516304 0.052479 0.021767
0.525903 0.261440 0.081633 0.023706
0.939617 0.192105 0.049537 0.026047
0.735602 0.039385 0.057265 0.049260
0.515123 0.564920 0.050063 0.048266
0.181381 0.959332 0.092142 0.039083
0.290393 0.965810 0.073246 0.028644
0.294941 0.451269 0.053796 0.040953
0.521238 0.287307 0.064865 0.025687
0.727317 0.750033 0.077634 0.032042
0.177886 0.924608 0.051919 0.024120
0.515900 0.964045 0.069152 0.037790
0.289235 0.618679 0.049716 0.020427
