0.596971 0.496188 0.070117 0.039402
0.824268 0.604328 0.077314 0.045868
0.596249 0.452717 0.071824 0.044467
0.489833 0.299067 0.080044 0.051727
0.062749 0.236415 0.061980 0.041211
0.483306 0.696360 0.066163 0.044364
0.823450 0.511102 0.065540 0.041477
0.935026 0.234599 0.072905 0.036572
0.592617 0.707073 0.069741 0.044211
0.705611 0.555424 0.076155 0.038632
0.817819 0.427707 0.076091 0.043297
0.485930 0.739624 0.064717 0.042346
0.817919 0.470643 0.070894 0.038125
0.163476 0.347679 0.075874 0.045235
0.273622 0.317528 0.071196 0.045155
0.057849 0.578690 0.069076 0.047483
0.163157 0.743000 0.074046 0.041710
0.600743 0.310375 0.067242 0.037636
0.933590 0.359367 0.070024 0.042319
0.279398 0.178024 0.060456 0.044504
0.604072 0.234693 0.064381 0.037816
0.710141 0.282289 0.068015 0.036334
0.057986 0.404075 0.064690 0.050034
0.380618 0.081632 0.075744 0.053030
0.934106 0.604012 0.075980 0.039709
0.487051 0.651781 0.068699 0.039252
0.488904 0.389786 0.069115 0.039592
0.707449 0.238633 0.070423 0.043665
0.709881 0.326311 0.076382 0.051025
0.935067 0.797376 0.063122 0.046273
0.378833 0.515142 0.080016 0.041743
0.066179 0.079596 0.065376 0.043710
0.274430 0.665714 0.076967 0.046517
0.814959 0.720530 0.066373 0.036608
0.277272 0.545146 0.071662 0.040953
0.695525 0.899598 0.068441 0.050994
0.492158 0.250563 0.076772 0.041124
0.170954 0.523892 0.067339 0.044563
0.382995 0.132587 0.076976 0.048357
0.600631 0.411845 0.065001 0.037040
0.383594 0.271488 0.078486 0.045718
0.608311 0.161384 0.070770 0.041278
0.701900 0.851210 0.069577 0.044470
0.599680 0.272481 0.077032 0.035629
0.277523 0.505567 0.062858 0.034308
0.700743 0.810264 0.075139 0.036448
0.820228 0.080591 0.076794 0.040080
0.607549 0.118287 0.072070 0.043224
0.169139 0.059626 0.074902 0.038639
0.713480 0.075635 0.072156 0.041673
0.281776 0.134274 0.062969 0.043393
0.275707 0.272868 0.067272 0.044669
0.485791 0.785483 0.059920 0.047853
0.170913 0.652186 0.060412 0.045063
0.928446 0.271925 0.082553 0.039447
0.695643 0.709015 0.061329 0.037553
0.377918 0.814882 0.067785 0.043866
0.376722 0.730407 0.064242 0.042787
0.827730 0.557740 0.070789 0.047101
0.380074 0.223303 0.069220 0.049562
0.167549 0.608047 0.060432 0.040273
0.066722 0.196875 0.057712 0.034694
0.162490 0.783108 0.071734 0.035939
0.704232 0.126920 0.061336 0.051997
0.390078 0.442077 0.064002 0.038460
0.054377 0.664172 0.056137 0.046785
0.702109 0.632551 0.062547 0.037607
0.064377 0.160941 0.064166 0.034761
0.270292 0.584398 0.070572 0.037280
0.703425 0.670513 0.067938 0.035524
0.935602 0.751388 0.057837 0.042381
0.381929 0.602661 0.056154 0.043233
0.825554 0.681634 0.081068 0.043597
0.374170 0.772134 0.056362 0.040320
0.489095 0.608005 0.060915 0.042733
0.928768 0.880958 0.072335 0.039441
0.814841 0.385957 0.065023 0.029598
0.368942 0.908147 0.070448 0.048810
0.930603 0.400225 0.074446 0.042083
0.930209 0.076226 0.066422 0.034235
0.272573 0.365974 0.075959 0.047351
0.490145 0.347606 0.062017 0.045231
0.391570 0.356160 0.075798 0.044046
0.584201 0.887931 0.071633 0.046951
0.493277 0.562572 0.062726 0.043274
0.704161 0.449210 0.074510 0.038350
0.697680 0.770416 0.080388 0.038923
0.711238 0.594045 0.059572 0.036367
0.932380 0.314898 0.062917 0.044237
0.063835 0.280770 0.057668 0.041114
0.059307 0.486875 0.057256 0.042876
0.607407 0.072004 0.075415 0.043374
0.701711 0.030808 0.079299 0.045389
0.930758 0.150396 0.078394 0.041483
0.065309 0.033845 0.067824 0.045352
0.930239 0.110615 0.068167 0.034590
0.264719 0.891921 0.080467 0.043578
0.488942 0.519275 0.085429 0.041752
0.587254 0.932511 0.068650 0.040334
0.164022 0.909159 0.050936 0.036999
0.268255 0.768708 0.069107 0.048434
0.167846 0.566706 0.067934 0.039785
0.064611 0.124194 0.059065 0.040067
0.596389 0.538071 0.055934 0.042035
0.388634 0.180869 0.068546 0.039188
0.061196 0.531633 0.062250 0.042248
0.933888 0.712482 0.078706 0.035122
0.062997 0.446067 0.071349 0.035179
0.059623 0.622426 0.063450 0.035911
0.170932 0.269462 0.061014 0.047524
0.935233 0.561698 0.064717 0.041820
0.163870 0.389467 0.069682 0.034949
0.823061 0.255352 0.068824 0.056363
0.936329 0.841170 0.058613 0.037292
0.712532 0.198529 0.062740 0.033268
0.928842 0.516872 0.069155 0.045274
0.056800 0.853771 0.055217 0.039706
0.167947 0.126515 0.070232 0.032278
0.169803 0.159299 0.081069 0.037322
0.821447 0.348182 0.056538 0.040621
0.604915 0.199905 0.083352 0.032467
0.377016 0.683869 0.055526 0.043508
0.162860 0.868837 0.065569 0.042132
0.708201 0.375386 0.072349 0.045687
0.596364 0.581415 0.050771 0.040754
0.276431 0.405196 0.062624 0.036469
0.593693 0.622987 0.055363 0.037836
0.490089 0.104025 0.070943 0.047240
0.167096 0.698477 0.057084 0.044755
0.274534 0.032643 0.066975 0.048319
0.273158 0.622616 0.059489 0.036095
0.491818 0.148202 0.087651 0.037589
0.272868 0.442171 0.059160 0.034029
0.587818 0.842483 0.071655 0.039183
0.499278 0.433175 0.060681 0.045772
0.709943 0.413342 0.071028 0.031398
0.054971 0.355661 0.057501 0.036332
0.172145 0.309266 0.059091 0.028732
0.938112 0.644716 0.078769 0.039795
0.272362 0.812062 0.066442 0.038662
0.171832 0.478736 0.055971 0.040210
0.379651 0.030577 0.073032 0.045014
0.052007 0.710398 0.068559 0.038613
0.271969 0.714935 0.069050 0.052977
0.821682 0.761302 0.059328 0.039797
0.494781 0.477440 0.057123 0.038309
0.273554 0.226577 0.074040 0.049268
0.054826 0.898491 0.053851 0.044746
0.827478 0.169829 0.069333 0.039171
0.814257 0.966148 0.070428 0.046433
0.483887 0.932082 0.070972 0.047176
0.377676 0.642758 0.052640 0.037604
0.590470 0.774692 0.076034 0.040449
0.932990 0.194544 0.055103 0.043847
0.601037 0.028455 0.078559 0.042934
0.595077 0.662900 0.055211 0.040341
0.941668 0.926570 0.071393 0.046923
0.706412 0.488866 0.060071 0.038560
0.380609 0.961274 0.072797 0.052289
0.822665 0.305951 0.054181 0.043266
0.272828 0.085771 0.060547 0.048037
0.585547 0.970576 0.066440 0.037461
0.279928 0.474224 0.060188 0.026042
0.821175 0.207822 0.071586 0.031216
0.384517 0.313294 0.062884 0.036119
0.934068 0.443376 0.073270 0.041391
0.263273 0.964012 0.077343 0.035945
0.486897 0.832452 0.067052 0.043538
0.931562 0.035429 0.055868 0.043768
0.820501 0.801892 0.054869 0.042208
0.935793 0.968948 0.060205 0.038050
0.820800 0.035278 0.060797 0.049023
0.377893 0.557985 0.053374 0.043359
0.821500 0.847572 0.077280 0.045000
0.483498 0.882687 0.060370 0.046008
0.377992 0.859871 0.061511 0.046600
0.598522 0.344485 0.050779 0.031866
0.384699 0.402293 0.067473 0.044770
0.823257 0.643071 0.061016 0.026834
0.159851 0.823436 0.054998 0.041171
0.171425 0.432680 0.059812 0.047486
0.269243 0.929247 0.065214 0.033227
0.059488 0.318623 0.054860 0.034955
0.388442 0.476592 0.057248 0.027679
0.940525 0.678875 0.062525 0.027771
0.589692 0.808274 0.056149 0.027053
0.829366 0.125859 0.069861 0.045604
0.052938 0.754402 0.046956 0.046149
0.487751 0.182180 0.065098 0.032470
0.818625 0.924954 0.081199 0.035727
0.930689 0.478671 0.069738 0.025605
0.055460 0.949285 0.085459 0.056819
0.594635 0.375609 0.071016 0.032657
0.589205 0.742166 0.049875 0.024033
0.703477 0.522824 0.053988 0.023464
0.708867 0.167625 0.054903 0.027970
0.496773 0.212974 0.068356 0.026808
0.169094 0.095058 0.070295 0.026368
0.813533 0.890441 0.077270 0.036866
0.052461 0.807069 0.064524 0.048489
0.698974 0.739111 0.054536 0.024496
0.487030 0.970540 0.059198 0.034990
0.165324 0.023316 0.048422 0.026458
0.692569 0.948721 0.063362 0.047648
0.497485 0.060047 0.083669 0.044302
0.170853 0.206694 0.082695 0.054519
0.167627 0.957456 0.072393 0.053234
0.273616 0.850017 0.066502 0.032917
0.694643 0.972065 0.067619 0.043659
0.496352 0.027324 0.074697 0.036645
