0.621206 0.802194 0.067216 0.040300
0.513622 0.122420 0.053814 0.040739
0.399190 0.782334 0.060565 0.034242
0.402160 0.672475 0.052845 0.034978
0.291745 0.666330 0.066981 0.042921
0.404052 0.745908 0.051335 0.033401
0.941936 0.269476 0.053455 0.038946
0.402351 0.708837 0.054912 0.036268
0.072718 0.193987 0.064474 0.045686
0.179761 0.595317 0.065630 0.041363
0.939753 0.344008 0.055069 0.039785
0.067989 0.753333 0.060974 0.041984
0.504229 0.862159 0.057067 0.037160
0.946099 0.933627 0.054139 0.033058
0.292901 0.496699 0.060396 0.042958
0.060667 0.710599 0.064019 0.041813
0.180967 0.551676 0.058737 0.043190
0.076167 0.341671 0.052910 0.032927
0.069513 0.816497 0.063865 0.036938
0.625722 0.845594 0.049776 0.040674
0.618834 0.762497 0.058460 0.034451
0.728211 0.786123 0.051064 0.039027
0.620948 0.320223 0.071106 0.042120
0.182417 0.858171 0.050884 0.031395
0.618615 0.082584 0.063504 0.047742
0.507870 0.823957 0.049678 0.034830
0.298532 0.140855 0.055116 0.038164
0.949036 0.382993 0.059842 0.037892
0.943845 0.196110 0.053812 0.036179
0.511055 0.162837 0.050884 0.040857
0.515819 0.305041 0.055815 0.036259
0.400409 0.360939 0.054595 0.036631
0.840987 0.294394 0.055895 0.033993
0.187806 0.714580 0.057788 0.032426
0.393233 0.121041 0.062014 0.045237
0.400735 0.599021 0.060591 0.042227
0.510747 0.199424 0.051594 0.032512
0.512171 0.268081 0.047870 0.036894
0.066824 0.889926 0.048561 0.037214
0.728679 0.718989 0.061524 0.038237
0.291735 0.624638 0.062552 0.037848
0.401840 0.399086 0.049794 0.032682
0.179357 0.895757 0.052643 0.039865
0.736746 0.294471 0.056017 0.041464
0.620209 0.655192 0.049345 0.033351
0.944802 0.680740 0.052120 0.038656
0.839798 0.450989 0.052754 0.034113
0.516781 0.078231 0.054784 0.041682
0.400197 0.436215 0.052583 0.041275
0.506173 0.566049 0.052366 0.035877
0.293027 0.583152 0.051544 0.042143
0.735884 0.377875 0.052897 0.041810
0.067073 0.924555 0.051116 0.032424
0.080042 0.111135 0.057417 0.038470
0.292263 0.950101 0.051309 0.035673
0.066088 0.669553 0.049677 0.036388
0.183599 0.753655 0.052105 0.039815
0.828916 0.887570 0.058574 0.040387
0.731808 0.681954 0.059086 0.036624
0.507152 0.789405 0.044145 0.037526
0.941386 0.828184 0.048657 0.039147
0.291072 0.872109 0.060182 0.038403
0.730111 0.211533 0.051410 0.039214
0.842289 0.255864 0.054142 0.039270
0.941802 0.644474 0.051208 0.030277
0.297819 0.108328 0.048874 0.027540
0.071660 0.852150 0.056881 0.034517
0.505995 0.470417 0.055457 0.041252
0.943494 0.306569 0.050497 0.032743
0.077069 0.238039 0.054814 0.041391
0.398412 0.475232 0.051202 0.037441
0.286889 0.737586 0.050139 0.034634
0.065783 0.599867 0.054933 0.040335
0.828765 0.772993 0.054319 0.039494
0.734316 0.251105 0.045755 0.040420
0.288765 0.774769 0.047241 0.040704
0.944951 0.967919 0.062582 0.036803
0.072643 0.378938 0.048279 0.038787
0.833630 0.851691 0.052901 0.031707
0.180466 0.477023 0.061032 0.030179
0.628347 0.407495 0.062039 0.032710
0.070597 0.518666 0.046700 0.036294
0.510461 0.753480 0.049487 0.032546
0.402838 0.636712 0.045629 0.033684
0.299642 0.185959 0.050084 0.043006
0.510240 0.232327 0.047476 0.033265
0.730188 0.136475 0.044775 0.038816
0.734115 0.173186 0.049537 0.035963
0.625976 0.442957 0.047423 0.034279
0.296531 0.420488 0.048031 0.037655
0.391702 0.208721 0.049942 0.036420
0.944535 0.232435 0.044257 0.034628
0.621628 0.692427 0.058487 0.040445
0.183955 0.308765 0.044975 0.032928
0.066423 0.957894 0.070231 0.034170
0.944281 0.716474 0.052126 0.031119
0.079356 0.071063 0.050431 0.041632
0.831202 0.703603 0.056624 0.041254
0.184286 0.678936 0.052941 0.032665
0.620052 0.210896 0.051673 0.039183
0.397698 0.515137 0.060963 0.041367
0.727483 0.822754 0.046070 0.032530
0.394885 0.321219 0.054100 0.039525
0.942131 0.751554 0.048237 0.038104
0.289143 0.912198 0.054622 0.039416
0.173551 0.937319 0.048642 0.040205
0.938946 0.584800 0.047164 0.038522
0.511912 0.034592 0.056181 0.038081
0.291913 0.072793 0.050500 0.036167
0.725692 0.859410 0.045181 0.040866
0.289598 0.818974 0.060791 0.044241
0.944983 0.463065 0.048983 0.036784
0.941911 0.139914 0.054143 0.037448
0.181273 0.511603 0.048021 0.035168
0.077138 0.030148 0.061302 0.036890
0.621532 0.573723 0.049332 0.043503
0.394182 0.286656 0.046076 0.031812
0.509327 0.718884 0.043927 0.034068
0.294425 0.332951 0.042626 0.035829
0.070269 0.635292 0.058449 0.028400
0.836253 0.520723 0.051087 0.032343
0.187300 0.236988 0.051323 0.034635
0.181017 0.640084 0.057149 0.045538
0.076468 0.310097 0.047254 0.027777
0.739781 0.335880 0.052282 0.036705
0.620134 0.122946 0.052255 0.035044
0.733558 0.419639 0.047947 0.043029
0.726491 0.950754 0.055815 0.038220
0.393166 0.165674 0.053733 0.046174
0.180570 0.825461 0.048637 0.033853
0.297583 0.540282 0.049339 0.040494
0.070516 0.558249 0.050520 0.039706
0.622501 0.368888 0.051890 0.048121
0.837099 0.484851 0.053023 0.033783
0.394174 0.250476 0.053308 0.038804
0.619108 0.164829 0.057103 0.050674
0.181730 0.133863 0.044896 0.030694
0.298434 0.229122 0.043945 0.041667
0.509866 0.898331 0.055426 0.031006
0.179625 0.347621 0.043415 0.036748
0.835061 0.663582 0.052557 0.036202
0.507016 0.508739 0.045395 0.036407
0.073908 0.277086 0.039382 0.032924
0.837909 0.552261 0.050456 0.034600
0.620992 0.248761 0.047977 0.036218
0.837723 0.332907 0.049566 0.038961
0.621911 0.617904 0.045805 0.036628
0.619635 0.728813 0.071541 0.029224
0.177787 0.443752 0.049459 0.039245
0.182013 0.792076 0.040095 0.034001
0.400737 0.898666 0.047482 0.041253
0.408195 0.824195 0.052667 0.041321
0.840474 0.212831 0.052548 0.041119
0.944709 0.501799 0.054427 0.041196
0.513962 0.338641 0.043876 0.032606
0.511963 0.370345 0.047547 0.033680
0.298495 0.457170 0.045338 0.031275
0.073767 0.151462 0.056660 0.041592
0.728077 0.752060 0.065244 0.027978
0.945501 0.864250 0.046921 0.031579
0.179970 0.102212 0.045862 0.035274
0.288671 0.705573 0.049387 0.032871
0.941919 0.543227 0.045214 0.039150
0.946627 0.788756 0.045786 0.036416
0.401749 0.557059 0.047889 0.038400
0.944232 0.069408 0.040831 0.032996
0.625474 0.499842 0.047335 0.027018
0.623579 0.472888 0.048182 0.026921
0.179939 0.406226 0.057780 0.033931
0.833349 0.587842 0.052166 0.035468
0.070774 0.452152 0.046282 0.044747
0.619814 0.532030 0.049872 0.035824
0.945635 0.898609 0.048706 0.036288
0.292102 0.034956 0.051725 0.039836
0.296793 0.375275 0.051853 0.044052
0.624307 0.281700 0.053433 0.033526
0.625389 0.960991 0.053929 0.034320
0.510133 0.680506 0.055885 0.040612
0.182621 0.070190 0.043656 0.031048
0.837544 0.951564 0.052394 0.035024
0.179886 0.164539 0.047625 0.031250
0.514070 0.601723 0.049970 0.036770
0.944475 0.424519 0.055135 0.041404
0.730253 0.074778 0.045798 0.034928
0.188344 0.199322 0.050276 0.037126
0.838278 0.137046 0.048524 0.035014
0.832545 0.813145 0.054408 0.042376
0.726843 0.644549 0.045067 0.041220
0.177713 0.034057 0.059822 0.043546
0.943776 0.616213 0.043689 0.022891
0.728224 0.566328 0.041909 0.037886
0.830250 0.737699 0.057753 0.027029
0.728823 0.497808 0.046014 0.038589
0.071910 0.413573 0.041171 0.033889
0.719726 0.605760 0.048533 0.038351
0.405334 0.862001 0.045896 0.033989
0.515983 0.638861 0.053443 0.036609
0.945589 0.102084 0.047013 0.031833
0.295853 0.268178 0.039869 0.035097
0.836679 0.624776 0.050676 0.038602
0.835140 0.105236 0.039735 0.031139
0.185596 0.274237 0.038696 0.033264
0.839207 0.173693 0.042074 0.036646
0.396031 0.076136 0.050647 0.041164
0.729401 0.460424 0.043718 0.034736
0.727927 0.532528 0.042261 0.029785
0.724723 0.037177 0.049901 0.035572
0.943855 0.036603 0.040330 0.028715
0.623540 0.889394 0.067346 0.043476
0.618447 0.037322 0.041396 0.037342
0.834387 0.393355 0.045921 0.034706
0.508091 0.930636 0.049886 0.036342
0.831317 0.041013 0.054706 0.039556
0.174203 0.972351 0.048290 0.028744
0.619927 0.926195 0.061827 0.037408
0.077124 0.786702 0.054954 0.020071
0.836448 0.420196 0.046311 0.025796
0.071898 0.487263 0.045683 0.027643
0.408395 0.945390 0.042938 0.045720
0.842293 0.919233 0.055828 0.021855
0.945280 0.166967 0.042487 0.022101
0.727242 0.901276 0.058331 0.043018
0.511083 0.536732 0.047050 0.022814
0.294039 0.299929 0.037665 0.025965
0.732948 0.103892 0.041254 0.024686
0.837430 0.362504 0.042010 0.028945
0.179542 0.379163 0.043156 0.026572
0.398278 0.037918 0.039884 0.037304
0.830140 0.075674 0.047835 0.030311
0.507354 0.967066 0.038885 0.035007
0.511155 0.419405 0.040066 0.045302
