0.602251 0.273702 0.085970 0.050525
0.381222 0.440369 0.075080 0.057014
0.719952 0.352199 0.076046 0.055479
0.268556 0.761396 0.086230 0.054415
0.605928 0.323382 0.087753 0.041294
0.277932 0.155517 0.076481 0.052008
0.833989 0.202169 0.081396 0.051345
0.163639 0.858768 0.093166 0.051529
0.938435 0.262465 0.084571 0.052226
0.833010 0.150572 0.089026 0.042233
0.940327 0.053444 0.080550 0.052596
0.172528 0.605982 0.076403 0.046230
0.818317 0.751131 0.072142 0.049420
0.069301 0.161037 0.083351 0.057913
0.599329 0.758513 0.072706 0.047013
0.274146 0.102787 0.075107 0.046023
0.390678 0.212222 0.087396 0.045308
0.388721 0.378133 0.079860 0.051888
0.716559 0.507904 0.079184 0.056232
0.387938 0.107309 0.077095 0.054654
0.391759 0.266132 0.083323 0.056151
0.706805 0.676966 0.082107 0.051559
0.267779 0.819309 0.081842 0.052534
0.504921 0.106537 0.084806 0.049178
0.390215 0.321235 0.084705 0.050699
0.813318 0.898101 0.086620 0.047257
0.943819 0.154278 0.087156 0.045537
0.831958 0.053049 0.076191 0.051891
0.065961 0.320002 0.088791 0.050327
0.706650 0.727392 0.082486 0.041028
0.930501 0.776581 0.074214 0.056219
0.826437 0.257952 0.083841 0.055600
0.503801 0.315517 0.085072 0.048958
0.375878 0.658082 0.078093 0.052467
0.925596 0.830879 0.083458 0.043761
0.484624 0.872594 0.073380 0.051629
0.492820 0.263432 0.073463 0.051566
0.273820 0.444732 0.074085 0.054732
0.170693 0.327532 0.074959 0.045059
0.821876 0.803979 0.064445 0.050007
0.721576 0.450835 0.087082 0.045431
0.724031 0.154521 0.089532 0.044933
0.066296 0.431891 0.084472 0.056438
0.493186 0.486694 0.079323 0.057192
0.486453 0.765912 0.079896 0.052490
0.382494 0.495806 0.082331 0.045057
0.377446 0.917693 0.074442 0.045607
0.606624 0.428955 0.080939 0.054085
0.066332 0.372700 0.090542 0.053659
0.059247 0.790964 0.088920 0.051717
0.723408 0.205923 0.085986 0.048654
0.069420 0.265801 0.070057 0.048284
0.715235 0.622350 0.090491 0.053402
0.168433 0.558571 0.077980 0.039674
0.273027 0.385106 0.092797 0.054143
0.069458 0.103517 0.075415 0.046708
0.935491 0.607952 0.084195 0.046948
0.056576 0.928063 0.075576 0.042835
0.263513 0.707612 0.085249 0.049428
0.934427 0.317005 0.084213 0.044156
0.600904 0.700147 0.084692 0.057999
0.829087 0.378502 0.091831 0.058866
0.269635 0.919294 0.088423 0.040558
0.276009 0.049666 0.083663 0.053323
0.929886 0.719033 0.096740 0.056398
0.067333 0.684464 0.084130 0.051983
0.381244 0.867881 0.068148 0.050454
0.930971 0.880826 0.081266 0.047117
0.273864 0.268297 0.089553 0.052244
0.165849 0.756666 0.084160 0.044125
0.378704 0.553104 0.073138 0.050150
0.934335 0.556237 0.081641 0.054239
0.373930 0.710468 0.079113 0.041435
0.718490 0.052345 0.085152 0.055660
0.610263 0.217531 0.066823 0.055394
0.610371 0.103974 0.084161 0.054820
0.172308 0.052389 0.081045 0.054577
0.275234 0.212227 0.080130 0.051904
0.498917 0.372185 0.089970 0.057573
0.599528 0.642761 0.072155 0.048571
0.607542 0.160576 0.076341 0.055058
0.721454 0.567304 0.082194 0.052028
0.603519 0.484943 0.077212 0.050948
0.488914 0.820818 0.082030 0.045725
0.375635 0.757141 0.077700 0.043888
0.172119 0.112552 0.079247 0.058875
0.060597 0.884851 0.067252 0.041597
0.605061 0.373870 0.070040 0.047389
0.724947 0.295894 0.083956 0.049984
0.166619 0.804509 0.080818 0.049790
0.824368 0.538818 0.084641 0.046710
0.600251 0.589785 0.085357 0.042139
0.491532 0.959099 0.080224 0.044506
0.493050 0.592369 0.081852 0.043777
0.833598 0.317465 0.089658 0.057561
0.498865 0.429438 0.086018 0.048465
0.375094 0.810464 0.072623 0.054716
0.069522 0.534884 0.085693 0.048535
0.494987 0.643712 0.073361 0.054453
0.163687 0.659285 0.070810 0.052614
0.495281 0.156881 0.067972 0.046643
0.929499 0.960694 0.077661 0.041238
0.823697 0.645874 0.087149 0.045396
0.600083 0.538617 0.070174 0.046894
0.384380 0.603543 0.068823 0.044133
0.820302 0.698138 0.073609 0.052769
0.943393 0.206082 0.070696 0.050072
0.072612 0.049956 0.088847 0.055652
0.273120 0.552970 0.076201 0.051338
0.170811 0.276042 0.064877 0.053475
0.166118 0.217382 0.062693 0.055285
0.268314 0.653929 0.057303 0.048859
0.386030 0.051102 0.082523 0.054156
0.499341 0.210619 0.059838 0.050834
0.708988 0.950148 0.088137 0.054568
0.487551 0.918228 0.072103 0.035223
0.066166 0.634326 0.070103 0.039544
0.709749 0.834738 0.096527 0.055983
0.065248 0.588291 0.069843 0.046614
0.261360 0.604513 0.068943 0.047115
0.721832 0.249735 0.075655 0.034579
0.934167 0.661153 0.066600 0.051987
0.827009 0.435130 0.094150 0.051364
0.936488 0.434019 0.078241 0.055391
0.070589 0.484999 0.083198 0.046902
0.494514 0.542624 0.071265 0.047776
0.941782 0.496301 0.072046 0.059909
0.066605 0.216328 0.063815 0.043823
0.942778 0.104305 0.055763 0.045095
0.156594 0.961135 0.067920 0.042861
0.276803 0.964505 0.092430 0.048541
0.491887 0.706068 0.069615 0.059079
0.705740 0.889474 0.066846 0.048451
0.158080 0.913357 0.076346 0.051051
0.168346 0.165102 0.069778 0.037473
0.598077 0.868949 0.086471 0.049044
0.064557 0.969175 0.081642 0.037285
0.060730 0.737335 0.073233 0.045076
0.380789 0.962922 0.063481 0.040737
0.822244 0.593929 0.066207 0.054043
0.810849 0.951283 0.087546 0.055066
0.717632 0.401371 0.069771 0.036846
0.058929 0.842590 0.073466 0.044138
0.723281 0.107229 0.059824 0.048841
0.931033 0.921105 0.071998 0.030117
0.272694 0.327278 0.076050 0.060254
0.823296 0.850868 0.082548 0.035197
0.167113 0.448100 0.078989 0.055087
0.392904 0.161512 0.051586 0.046336
0.596383 0.919743 0.067436 0.046802
0.834518 0.104679 0.052250 0.045204
0.270820 0.499994 0.085461 0.046320
0.828705 0.487210 0.073268 0.042527
0.941009 0.371911 0.064164 0.054771
0.712205 0.778154 0.072228 0.050845
0.498459 0.051865 0.075456 0.058677
0.163347 0.710371 0.047783 0.042764
0.163355 0.506301 0.080922 0.051830
0.168276 0.383014 0.064871 0.056248
0.613824 0.050466 0.069478 0.052343
0.597683 0.812599 0.067562 0.056598
0.270005 0.873357 0.055205 0.046569
0.593152 0.963628 0.070004 0.036600
