0.711436 0.870217 0.072342 0.042392
0.180517 0.769015 0.064573 0.036450
0.180798 0.933522 0.057324 0.041659
0.713456 0.789156 0.063906 0.040435
0.933012 0.131472 0.057549 0.034688
0.392886 0.905961 0.058996 0.037606
0.284764 0.682264 0.065806 0.039413
0.282423 0.902617 0.049615 0.036344
0.935390 0.542407 0.064508 0.044115
0.828899 0.056833 0.058100 0.038701
0.824630 0.438781 0.068585 0.038888
0.392189 0.142393 0.059406 0.038223
0.394866 0.462780 0.068211 0.042472
0.825548 0.829504 0.067389 0.033887
0.600597 0.705664 0.057522 0.038649
0.388993 0.940384 0.053321 0.032559
0.283709 0.939734 0.055887 0.035776
0.185158 0.098804 0.068844 0.036911
0.070309 0.296814 0.055914 0.042632
0.183653 0.809619 0.059002 0.035877
0.833275 0.749972 0.056629 0.037224
0.714374 0.748925 0.054784 0.037289
0.599159 0.785448 0.064796 0.041619
0.070199 0.484078 0.059776 0.043431
0.829869 0.864068 0.062827 0.035081
0.599750 0.898364 0.049131 0.035456
0.936163 0.841086 0.057667 0.039140
0.936966 0.168931 0.062493 0.032735
0.834919 0.902593 0.064379 0.038565
0.180935 0.181226 0.069575 0.039491
0.384414 0.972372 0.059515 0.032446
0.180654 0.890764 0.058615 0.038417
0.183582 0.056507 0.059266 0.039178
0.488815 0.807433 0.074197 0.037944
0.492401 0.409698 0.069002 0.040018
0.608232 0.192211 0.067436 0.045340
0.827731 0.631406 0.052787 0.038048
0.394794 0.065023 0.054378 0.037708
0.498329 0.182869 0.053969 0.035236
0.387967 0.634128 0.054725 0.041316
0.285133 0.828484 0.048847 0.039600
0.938939 0.877409 0.048160 0.030269
0.711995 0.524328 0.055332 0.038318
0.605235 0.277271 0.058206 0.038963
0.287625 0.279641 0.057041 0.043839
0.710788 0.403513 0.063773 0.037267
0.494373 0.367048 0.051038 0.039567
0.388176 0.591843 0.065084 0.035875
0.826532 0.667406 0.061227 0.030924
0.182558 0.137268 0.055368 0.038503
0.831680 0.708533 0.056791 0.042684
0.711954 0.562195 0.053252 0.035275
0.821806 0.518164 0.058305 0.040851
0.605046 0.349089 0.060142 0.041806
0.718496 0.830814 0.068283 0.035308
0.603388 0.744544 0.057282 0.036417
0.078068 0.635174 0.052632 0.037295
0.828798 0.095624 0.058656 0.038034
0.719691 0.231639 0.065889 0.040750
0.603611 0.237248 0.057626 0.038575
0.074625 0.673857 0.052403 0.036379
0.602377 0.665400 0.064134 0.035291
0.075176 0.134873 0.052516 0.037737
0.927100 0.651732 0.067917 0.036867
0.079109 0.839573 0.067493 0.035382
0.075102 0.560179 0.063738 0.039445
0.931369 0.463877 0.049228 0.040480
0.598415 0.860951 0.052251 0.034272
0.600042 0.824230 0.048202 0.035047
0.938250 0.910847 0.055850 0.034554
0.284296 0.645102 0.051304 0.035814
0.489211 0.843315 0.060379 0.033013
0.931126 0.025536 0.062430 0.031375
0.711026 0.912451 0.056790 0.040968
0.935533 0.317677 0.054927 0.037423
0.934764 0.281182 0.054648 0.033205
0.606143 0.067158 0.057514 0.040821
0.937471 0.093181 0.053224 0.036401
0.281733 0.443720 0.064382 0.041068
0.714136 0.483189 0.054249 0.036722
0.396874 0.417956 0.055985 0.040990
0.938973 0.800658 0.060897 0.032626
0.601336 0.961862 0.054591 0.031569
0.496968 0.327723 0.053758 0.035179
0.606615 0.390138 0.055280 0.040777
0.281057 0.537888 0.058093 0.040122
0.386080 0.833367 0.065192 0.032129
0.080028 0.713568 0.064305 0.040392
0.719399 0.327257 0.066704 0.039517
0.076504 0.224707 0.052106 0.039109
0.183764 0.708922 0.057448 0.038463
0.933745 0.763438 0.050540 0.039341
0.600152 0.625979 0.047494 0.039940
0.281048 0.396405 0.061695 0.043733
0.710548 0.956002 0.051005 0.039616
0.717991 0.148964 0.048689 0.040664
0.935043 0.421103 0.048335 0.041683
0.392371 0.235577 0.052571 0.032117
0.499862 0.287979 0.055446 0.040460
0.289089 0.723967 0.065905 0.038417
0.709088 0.711012 0.052487 0.037134
0.287988 0.353084 0.051780 0.038670
0.606043 0.312174 0.063953 0.027740
0.399728 0.102310 0.053243 0.035435
0.487405 0.879466 0.048704 0.035938
0.932635 0.724369 0.062533 0.034203
0.832177 0.790828 0.048943 0.040291
0.390083 0.341096 0.050085 0.040423
0.392804 0.272030 0.045381 0.036952
0.181582 0.970863 0.051910 0.030100
0.933984 0.689118 0.065132 0.037528
0.824826 0.400753 0.054201 0.032036
0.603767 0.488787 0.055422 0.036885
0.180053 0.327433 0.058936 0.040039
0.178853 0.666122 0.056735 0.042628
0.599254 0.931099 0.041564 0.027919
0.180113 0.220442 0.046216 0.033058
0.393270 0.550651 0.049945 0.036735
0.934003 0.501682 0.049269 0.035511
0.933304 0.242001 0.047901 0.037591
0.595666 0.557482 0.064333 0.035917
0.176946 0.285908 0.049666 0.036965
0.392214 0.380422 0.049766 0.035157
0.932654 0.614753 0.059627 0.037080
0.604910 0.455302 0.055664 0.030330
0.287628 0.491133 0.050356 0.047584
0.718571 0.107336 0.058491 0.038067
0.394221 0.025706 0.058156 0.034574
0.182950 0.849761 0.045378 0.038448
0.710491 0.672298 0.047555 0.037218
0.072365 0.443176 0.053959 0.033330
0.174367 0.553203 0.051763 0.038954
0.934032 0.383930 0.046203 0.033200
0.490078 0.915051 0.049713 0.034884
0.710002 0.278362 0.050875 0.045831
0.711024 0.596988 0.047510 0.029082
0.176229 0.507797 0.054244 0.043780
0.717708 0.364986 0.052887 0.036849
0.071906 0.404121 0.047680 0.040100
0.935238 0.057010 0.051401 0.029657
0.498117 0.249272 0.055228 0.029562
0.712781 0.442306 0.051309 0.033210
0.387443 0.716122 0.047414 0.041164
0.826965 0.325977 0.069694 0.034587
0.831523 0.592691 0.059627 0.032920
0.083659 0.759241 0.050082 0.040949
0.822591 0.476315 0.054852 0.036091
0.717914 0.065817 0.060539 0.040017
0.496443 0.677510 0.048548 0.031511
0.077820 0.179763 0.048341 0.044990
0.290096 0.025823 0.062895 0.038518
0.932290 0.204980 0.045463 0.030908
0.830002 0.967769 0.057903 0.039754
0.608447 0.026715 0.058359 0.035240
0.281011 0.867054 0.046353 0.034018
0.610197 0.424627 0.052067 0.031257
0.394486 0.202082 0.054557 0.027163
0.090147 0.946697 0.048160 0.035098
0.936149 0.351957 0.046633 0.026935
0.495937 0.711828 0.047772 0.035482
0.287718 0.065083 0.051526 0.033953
0.282345 0.164028 0.057220 0.030549
0.388052 0.799215 0.045624 0.033890
0.389042 0.868088 0.048377 0.035051
0.827469 0.364098 0.051076 0.036762
0.710947 0.631070 0.045496 0.035705
0.496353 0.447623 0.052509 0.034986
0.610029 0.111538 0.047791 0.043608
0.827502 0.558363 0.053054 0.037998
0.087821 0.801501 0.066651 0.036184
0.392975 0.508935 0.047858 0.041915
0.178361 0.251611 0.051289 0.025223
0.084641 0.875772 0.063625 0.037820
0.174069 0.618536 0.056449 0.037729
0.086591 0.912542 0.046413 0.033826
0.718291 0.026838 0.063306 0.035375
0.072543 0.097799 0.046173 0.036186
0.076833 0.597056 0.046060 0.034404
0.498776 0.516628 0.052074 0.042934
0.599075 0.590262 0.058933 0.030236
0.385002 0.759876 0.057206 0.039302
0.500340 0.559765 0.053791 0.038704
0.824817 0.163965 0.056447 0.034507
0.284853 0.763373 0.046885 0.034996
0.290031 0.319186 0.047809 0.028636
0.720173 0.190044 0.051436 0.039723
0.072407 0.026468 0.046660 0.035487
0.494632 0.642950 0.055802 0.034025
0.828811 0.020642 0.051464 0.025743
0.500215 0.217545 0.045430 0.027292
0.939251 0.581880 0.049299 0.028050
0.600916 0.524007 0.047415 0.031130
0.174292 0.459085 0.053746 0.046976
0.496062 0.954508 0.056318 0.040997
0.391835 0.174457 0.058957 0.025427
0.825069 0.287414 0.052830 0.039646
0.830335 0.129862 0.065754 0.032644
0.077882 0.260494 0.047471 0.025936
0.501906 0.055411 0.061018 0.038866
0.284001 0.608569 0.041892 0.032357
0.492105 0.601401 0.063353 0.042450
0.828234 0.207468 0.059427 0.046198
0.830307 0.937496 0.052426 0.025368
0.390684 0.305573 0.040024 0.028738
0.177526 0.368243 0.044325 0.036611
0.177253 0.410874 0.049899 0.042302
0.610567 0.152662 0.052239 0.031947
0.286333 0.097751 0.051773 0.030099
0.492309 0.770718 0.049293 0.031748
0.281330 0.975276 0.041064 0.031938
0.075290 0.523653 0.046067 0.032670
0.384207 0.676192 0.053344 0.040095
0.286162 0.201968 0.052726 0.037795
0.285936 0.574602 0.041586 0.032256
0.285507 0.126528 0.058633 0.035745
0.179886 0.586766 0.069049 0.027514
0.283625 0.793400 0.042065 0.030203
0.823438 0.250374 0.045237 0.032493
0.071152 0.062180 0.037603 0.030528
0.182641 0.021918 0.046114 0.029162
0.186249 0.737046 0.057487 0.026333
0.935656 0.943771 0.050409 0.031447
0.493904 0.742480 0.042839 0.028013
0.497654 0.099919 0.094530 0.046614
0.507687 0.479366 0.068619 0.035004
0.939139 0.970351 0.052248 0.027570
0.508208 0.023071 0.068239 0.030711
0.289895 0.237160 0.041256 0.032547
0.077125 0.338205 0.051141 0.034629
0.501095 0.145821 0.065855 0.038289
0.080934 0.365623 0.057895 0.029344
