0.393917 0.722884 0.058924 0.037074
0.388704 0.328438 0.076361 0.050942
0.060347 0.347969 0.066504 0.036938
0.506543 0.596891 0.068508 0.038337
0.278250 0.822612 0.062469 0.029528
0.283648 0.255581 0.075450 0.041492
0.168140 0.639434 0.059300 0.036940
0.284459 0.712793 0.063637 0.039666
0.280941 0.610119 0.068824 0.033914
0.613549 0.933092 0.060900 0.040818
0.504785 0.558647 0.058919 0.036525
0.397005 0.844324 0.060597 0.041682
0.825452 0.308747 0.058073 0.035453
0.711859 0.890565 0.063699 0.046601
0.392052 0.554993 0.058554 0.045176
0.608223 0.972795 0.064230 0.036737
0.276341 0.370638 0.071859 0.040017
0.281638 0.788098 0.057531 0.038539
0.066771 0.156957 0.062862 0.041379
0.281818 0.409611 0.072239 0.037465
0.713456 0.353430 0.057959 0.042842
0.390183 0.509846 0.068621 0.041500
0.505165 0.437036 0.072666 0.037650
0.611643 0.605463 0.065861 0.041582
0.282757 0.674523 0.063292 0.032937
0.163034 0.739986 0.064378 0.037095
0.396905 0.765888 0.074506 0.040463
0.062716 0.198874 0.052225 0.036792
0.163427 0.677482 0.056683 0.034038
0.609831 0.645552 0.054448 0.037342
0.278310 0.751045 0.055496 0.036195
0.604909 0.746658 0.065529 0.035387
0.493420 0.927003 0.068668 0.041583
0.501330 0.256259 0.061961 0.046937
0.384080 0.228274 0.072234 0.046567
0.390679 0.150033 0.059951 0.034942
0.824993 0.468875 0.056732 0.035097
0.506782 0.396571 0.062787 0.042998
0.719098 0.309592 0.056675 0.037174
0.279512 0.066336 0.068659 0.037599
0.932811 0.421514 0.060101 0.042972
0.162413 0.815230 0.055870 0.041321
0.507512 0.350829 0.063182 0.044380
0.826734 0.184006 0.057280 0.041353
0.607094 0.524756 0.060961 0.041157
0.169150 0.485889 0.053255 0.038524
0.056615 0.273886 0.059505 0.036339
0.829437 0.432393 0.060583 0.037805
0.613262 0.890074 0.061163 0.038420
0.500056 0.302893 0.070208 0.042987
0.394613 0.070099 0.069225 0.041658
0.822060 0.267420 0.058048 0.041213
0.165729 0.566877 0.069557 0.040605
0.282889 0.180057 0.069334 0.037334
0.613512 0.407146 0.066253 0.041187
0.280567 0.486915 0.056845 0.042175
0.391500 0.600825 0.071816 0.039522
0.393456 0.680225 0.059961 0.043612
0.282117 0.574089 0.056146 0.035436
0.277952 0.447679 0.054861 0.037899
0.281585 0.535302 0.060461 0.044215
0.608490 0.183544 0.070954 0.035270
0.610154 0.711949 0.058329 0.033211
0.933977 0.509701 0.065276 0.044691
0.059622 0.082875 0.059391 0.034346
0.930463 0.839578 0.053851 0.042669
0.166355 0.776203 0.053983 0.034396
0.391979 0.957120 0.065115 0.047564
0.825433 0.392768 0.054418 0.039395
0.500972 0.967559 0.069098 0.038451
0.719458 0.114009 0.056715 0.040614
0.171082 0.146995 0.058754 0.044711
0.393919 0.460793 0.073281 0.044524
0.283213 0.889994 0.055017 0.037242
0.169638 0.439868 0.058648 0.049766
0.930529 0.104675 0.077843 0.052307
0.390154 0.277897 0.067731 0.046005
0.391570 0.111724 0.057016 0.039277
0.503725 0.082036 0.062939 0.042371
0.165270 0.859069 0.064469 0.040589
0.058906 0.309788 0.053893 0.037249
0.610401 0.140284 0.052081 0.050921
0.169357 0.524767 0.066669 0.041540
0.499698 0.210177 0.065351 0.042585
0.392954 0.375186 0.071173 0.035327
0.940155 0.151134 0.062979 0.036325
0.833456 0.115020 0.056308 0.035212
0.611192 0.565271 0.054211 0.033089
0.823994 0.225697 0.052528 0.038237
0.504836 0.520513 0.056105 0.037994
0.283422 0.855144 0.067888 0.030712
0.928502 0.885819 0.054951 0.042059
0.278359 0.141138 0.055331 0.037807
0.061623 0.236642 0.049669 0.035094
0.279684 0.922759 0.064610 0.029981
0.706922 0.969298 0.055368 0.039610
0.607631 0.813340 0.080521 0.040200
0.822884 0.510337 0.056136 0.045018
0.498654 0.816392 0.074189 0.037087
0.166976 0.901812 0.065174 0.044035
0.820855 0.627422 0.053504 0.039959
0.279743 0.216219 0.059899 0.036790
0.714779 0.460871 0.061634 0.043423
0.170142 0.102322 0.059054 0.043419
0.283363 0.958852 0.068148 0.041021
0.387748 0.913218 0.074759 0.038188
0.937285 0.315574 0.054979 0.041311
0.816278 0.774870 0.049464 0.039632
0.170351 0.322853 0.051368 0.037360
0.280320 0.104497 0.056795 0.036242
0.172179 0.285712 0.050621 0.037561
0.389920 0.185049 0.055116 0.037399
0.394431 0.638048 0.058059 0.034845
0.605530 0.485554 0.049763 0.036925
0.508316 0.673947 0.072952 0.037484
0.718843 0.070200 0.054106 0.043513
0.714995 0.807240 0.061736 0.044225
0.284662 0.328238 0.068599 0.039490
0.611711 0.678714 0.050388 0.030040
0.498800 0.853306 0.063947 0.037122
0.061305 0.116690 0.052613 0.036378
0.940499 0.060625 0.058088 0.033281
0.171042 0.187573 0.053813 0.034647
0.703623 0.931658 0.057387 0.033180
0.168978 0.394974 0.057742 0.038297
0.814568 0.736043 0.055106 0.036229
0.825223 0.349106 0.058321 0.044304
0.932341 0.465294 0.052943 0.041619
0.814772 0.699729 0.053151 0.039496
0.940636 0.268047 0.055258 0.045171
0.499967 0.481649 0.058643 0.044880
0.608131 0.292234 0.056102 0.044493
0.930742 0.959585 0.055666 0.035788
0.389832 0.027297 0.057632 0.038571
0.388933 0.415417 0.068634 0.040934
0.940610 0.225003 0.046711 0.038003
0.719012 0.394486 0.057625 0.036136
0.609671 0.219609 0.058977 0.040941
0.716300 0.156555 0.060355 0.041862
0.172622 0.359817 0.048526 0.033722
0.501077 0.888287 0.055606 0.036932
0.831127 0.075295 0.054849 0.040311
0.714837 0.497489 0.059348 0.029597
0.717641 0.766531 0.052729 0.037202
0.608537 0.335950 0.052121 0.033070
0.941022 0.188080 0.047376 0.035800
0.820831 0.585510 0.053853 0.041292
0.602999 0.061342 0.053278 0.041249
0.168620 0.605166 0.044704 0.029633
0.818829 0.665470 0.053185 0.033539
0.398688 0.805390 0.054983 0.034480
0.287155 0.642329 0.060265 0.026101
0.824360 0.548067 0.050038 0.029132
0.610132 0.447349 0.046636 0.036408
0.277317 0.028718 0.054567 0.034696
0.493437 0.035862 0.064031 0.048201
0.059064 0.389718 0.048724 0.040067
0.720860 0.734167 0.058403 0.031991
0.169390 0.707506 0.059941 0.025017
0.935526 0.556758 0.050623 0.047998
0.714041 0.848539 0.047803 0.035591
0.934897 0.381054 0.045432 0.036550
0.279009 0.293506 0.070685 0.033661
0.169259 0.219942 0.057946 0.026377
0.937909 0.027606 0.071969 0.030203
0.506523 0.637211 0.060808 0.038507
0.502477 0.166616 0.059154 0.041148
0.922965 0.750554 0.045047 0.036164
0.508097 0.714548 0.047319 0.041994
0.060470 0.037900 0.054704 0.051081
0.061331 0.427759 0.060507 0.029023
0.935844 0.601152 0.051894 0.037345
0.171038 0.062855 0.058042 0.035260
0.497238 0.127162 0.066115 0.046364
0.608373 0.097347 0.059432 0.031587
0.814580 0.814423 0.045995 0.036586
0.612207 0.851419 0.055230 0.031692
0.608432 0.370904 0.053591 0.030324
0.928256 0.714434 0.055150 0.033005
0.715652 0.574614 0.056679 0.041929
0.167696 0.027092 0.081744 0.033810
0.809798 0.855666 0.049502 0.045098
0.611116 0.255452 0.048951 0.033057
0.934699 0.793953 0.052560 0.042299
0.718838 0.691442 0.053319 0.054219
0.176222 0.248916 0.054571 0.025881
0.804655 0.903353 0.052524 0.045561
0.718385 0.424907 0.049978 0.030426
0.719169 0.530682 0.050305 0.037682
0.830769 0.149013 0.042943 0.028962
0.715456 0.028523 0.055671 0.035427
0.599873 0.025999 0.059838 0.031227
0.826099 0.034024 0.050915 0.042376
0.719297 0.194661 0.042316 0.032529
0.715616 0.268558 0.048966 0.040089
0.938979 0.348870 0.042039 0.026506
0.716394 0.230893 0.039076 0.035473
0.931403 0.924705 0.053335 0.035558
0.613729 0.780735 0.053644 0.025748
0.396147 0.880012 0.050957 0.027425
0.504657 0.758451 0.067010 0.041789
0.804213 0.942189 0.045590 0.030303
0.714850 0.614985 0.050280 0.038928
0.712728 0.646085 0.049376 0.036217
0.802608 0.969484 0.050356 0.029066
0.930870 0.676033 0.059412 0.042117
0.942889 0.638440 0.071689 0.035606
0.162008 0.949263 0.061537 0.048688
0.502479 0.779675 0.061177 0.033394
