0.618426 0.459552 0.070012 0.038560
0.392577 0.292974 0.065532 0.046781
0.188657 0.114920 0.061723 0.044398
0.940608 0.246974 0.058112 0.038039
0.942472 0.376886 0.064361 0.046958
0.507830 0.426210 0.064424 0.040746
0.059575 0.882790 0.058862 0.039675
0.622059 0.205072 0.062394 0.040400
0.828033 0.207914 0.064865 0.042999
0.940394 0.207222 0.059344 0.036923
0.283355 0.637304 0.073005 0.044612
0.621768 0.660183 0.057056 0.040796
0.399581 0.117926 0.071587 0.046368
0.506048 0.104803 0.053785 0.043845
0.509581 0.511481 0.062204 0.047406
0.285468 0.359543 0.054466 0.041241
0.509195 0.291185 0.065362 0.045242
0.294082 0.318422 0.057539 0.040782
0.934376 0.331708 0.065442 0.042439
0.516667 0.381459 0.056591 0.041268
0.612168 0.917160 0.070569 0.036873
0.721554 0.797371 0.070633 0.042202
0.619436 0.502232 0.053172 0.042498
0.509543 0.337745 0.053582 0.041888
0.288628 0.244042 0.081698 0.041045
0.173740 0.238784 0.072351 0.043446
0.936609 0.918227 0.057065 0.044502
0.191165 0.068949 0.063622 0.044934
0.289952 0.072427 0.056839 0.044174
0.732007 0.241124 0.070990 0.043459
0.284828 0.556173 0.056956 0.042444
0.395580 0.164366 0.061227 0.045715
0.060332 0.923099 0.058932 0.039364
0.832975 0.253868 0.062112 0.049133
0.717536 0.929135 0.082166 0.044917
0.513757 0.248720 0.052135 0.036770
0.402826 0.368409 0.053818 0.037263
0.625826 0.704612 0.063445 0.047148
0.519724 0.732044 0.083430 0.045070
0.065346 0.696311 0.058356 0.045426
0.610004 0.955231 0.070462 0.039551
0.064888 0.398617 0.050511 0.036401
0.507653 0.561310 0.065444 0.044298
0.278236 0.889046 0.078217 0.037142
0.617806 0.421508 0.051673 0.036788
0.174019 0.957905 0.069962 0.042876
0.835940 0.114988 0.053052 0.039703
0.064596 0.841396 0.050156 0.039890
0.283165 0.970150 0.079592 0.039041
0.625982 0.618540 0.054591 0.039330
0.284819 0.595856 0.055711 0.037161
0.396459 0.246779 0.052808 0.039292
0.287279 0.168218 0.051263 0.037501
0.172082 0.282338 0.074853 0.041807
0.943457 0.646252 0.051659 0.040496
0.064458 0.359175 0.052950 0.036765
0.064640 0.231119 0.052772 0.042303
0.063894 0.189801 0.051359 0.038872
0.397728 0.410402 0.053344 0.042235
0.622852 0.546195 0.057550 0.043199
0.622248 0.098734 0.050831 0.040998
0.288988 0.122928 0.065606 0.050978
0.940726 0.165078 0.051379 0.038743
0.171218 0.884322 0.054089 0.036334
0.062323 0.145256 0.053093 0.037580
0.282604 0.476584 0.061319 0.045458
0.062688 0.737869 0.056718 0.036097
0.064476 0.273819 0.053952 0.042947
0.404752 0.070217 0.051927 0.044321
0.291223 0.027420 0.056983 0.045753
0.185317 0.159138 0.053136 0.041095
0.063446 0.603264 0.049217 0.045351
0.511667 0.211697 0.048586 0.037849
0.513341 0.829777 0.053983 0.038440
0.932415 0.777845 0.059876 0.053348
0.288799 0.929036 0.057721 0.042573
0.500900 0.063165 0.055701 0.039700
0.285550 0.205339 0.047741 0.038009
0.831995 0.160439 0.054758 0.048164
0.401011 0.494306 0.050687 0.040022
0.398931 0.206164 0.048669 0.036289
0.070390 0.649018 0.058016 0.044148
0.174442 0.648437 0.058297 0.047894
0.837692 0.496649 0.056663 0.038755
0.939511 0.873478 0.050386 0.038468
0.065993 0.436480 0.049570 0.035575
0.399522 0.614630 0.056951 0.043977
0.738205 0.593461 0.058193 0.039500
0.295002 0.282611 0.057140 0.029983
0.516553 0.941162 0.068684 0.035128
0.724177 0.841709 0.057832 0.045851
0.177954 0.197877 0.051879 0.036449
0.403070 0.537421 0.060601 0.043863
0.293450 0.434279 0.054699 0.035516
0.722722 0.070507 0.061137 0.039664
0.177241 0.422044 0.057689 0.037819
0.515949 0.641781 0.067625 0.042043
0.065382 0.473293 0.045995 0.036569
0.512844 0.906258 0.052829 0.032648
0.061124 0.801134 0.050780 0.035369
0.936647 0.961286 0.060851 0.038769
0.942527 0.684341 0.047296 0.035277
0.617239 0.384211 0.049140 0.035698
0.617945 0.878333 0.050098 0.038327
0.938465 0.829034 0.054306 0.044952
0.511463 0.467413 0.054682 0.040953
0.065862 0.515269 0.047009 0.047778
0.935925 0.288305 0.055356 0.041039
0.718131 0.971582 0.066145 0.038419
0.508744 0.870596 0.051324 0.038482
0.065359 0.100989 0.053632 0.038880
0.621979 0.273660 0.050824 0.035526
0.282095 0.766882 0.055864 0.037899
0.624913 0.240406 0.059946 0.030894
0.282477 0.518385 0.055512 0.032096
0.177099 0.460650 0.067863 0.041844
0.397291 0.333566 0.045992 0.031123
0.063649 0.960618 0.056659 0.035807
0.514955 0.785012 0.053396 0.051000
0.167694 0.698400 0.068373 0.047627
0.618749 0.840131 0.060450 0.042628
0.625856 0.062810 0.058230 0.028348
0.065825 0.559465 0.050917 0.040521
0.616159 0.796142 0.052552 0.048163
0.069491 0.318940 0.058320 0.034330
0.502342 0.175071 0.076455 0.036857
0.621039 0.583416 0.049505 0.029149
0.617803 0.749274 0.056747 0.044199
0.059819 0.770135 0.048058 0.029986
0.833561 0.457061 0.054212 0.043401
0.175121 0.605957 0.050782 0.036789
0.177564 0.335677 0.080656 0.055977
0.722809 0.886010 0.051469 0.042850
0.285575 0.855580 0.053658 0.028745
0.940496 0.726601 0.050083 0.047425
0.287842 0.400949 0.052874 0.036239
0.399626 0.577079 0.055542 0.032589
0.399358 0.450443 0.045017 0.038669
0.728754 0.753402 0.055521 0.039147
0.829294 0.346757 0.051462 0.043694
0.942128 0.549925 0.050040 0.044795
0.940829 0.079043 0.045991 0.049441
0.515010 0.602604 0.052488 0.037502
0.945647 0.505436 0.052322 0.044018
0.939628 0.425048 0.059079 0.042334
0.941498 0.123258 0.050458 0.037039
0.187406 0.026651 0.056585 0.035129
0.831031 0.300684 0.055016 0.044436
0.518383 0.687605 0.058430 0.040890
0.284544 0.675965 0.058687 0.030387
0.174191 0.917481 0.052542 0.029687
0.945275 0.461089 0.055987 0.040175
0.719935 0.028746 0.054546 0.038741
0.623532 0.135906 0.048098 0.032918
0.502988 0.026390 0.064223 0.032807
0.835799 0.415145 0.061975 0.037320
0.836154 0.072173 0.050078 0.031169
0.726766 0.147211 0.044801 0.037129
0.063199 0.058489 0.051144 0.037228
0.511225 0.142557 0.050057 0.030778
0.618484 0.028072 0.056522 0.036951
0.730505 0.282052 0.041073 0.034614
0.733326 0.636843 0.053723 0.044208
0.734627 0.356994 0.051865 0.041546
0.404040 0.027922 0.050161 0.037591
0.734758 0.316414 0.045859 0.035170
0.721468 0.110289 0.049672 0.037220
0.514078 0.975836 0.060460 0.036443
0.618881 0.353031 0.050817 0.030619
0.837416 0.031338 0.061721 0.043174
0.725689 0.192121 0.051639 0.049295
0.733638 0.503123 0.051550 0.049402
0.619453 0.168290 0.044095 0.037096
0.732842 0.550664 0.050114 0.045662
0.171551 0.570023 0.039793 0.034928
0.829535 0.381858 0.048414 0.032974
0.400606 0.664779 0.069203 0.053267
0.943296 0.597079 0.049755 0.045519
0.176049 0.534054 0.040145 0.032552
0.729560 0.679433 0.043718 0.041247
0.282836 0.718486 0.054961 0.050186
0.165188 0.838483 0.056939 0.046760
0.063699 0.025305 0.049584 0.029883
0.834476 0.573985 0.048051 0.042742
0.832609 0.643680 0.050626 0.041875
0.837350 0.533976 0.053123 0.040699
0.828510 0.691282 0.057983 0.047360
0.832302 0.608472 0.043114 0.029928
0.285782 0.802225 0.048244 0.033266
0.620429 0.311008 0.056628 0.039506
0.731681 0.713991 0.046716 0.033455
0.734994 0.453838 0.051948 0.047695
0.174773 0.739977 0.050293 0.035712
0.171110 0.785655 0.054189 0.054067
0.176974 0.499522 0.047413 0.034418
0.943259 0.032541 0.053087 0.042571
0.832444 0.730142 0.054597 0.036085
0.182154 0.383485 0.061798 0.038960
0.730024 0.403716 0.067889 0.050446
0.284789 0.824322 0.051957 0.034251
0.836742 0.771083 0.051886 0.038875
0.834702 0.810453 0.048509 0.039461
0.829712 0.861405 0.052802 0.047414
0.818930 0.932531 0.049527 0.033994
0.815535 0.962808 0.045320 0.023603
