0.393480 0.256068 0.058522 0.034209
0.173887 0.376353 0.078610 0.039262
0.281820 0.171431 0.069888 0.032560
0.173857 0.814810 0.063387 0.034302
0.926358 0.752679 0.060432 0.042458
0.602172 0.164116 0.068950 0.038216
0.816093 0.445907 0.062460 0.036435
0.710289 0.365794 0.062112 0.043416
0.701446 0.208753 0.071588 0.036821
0.928208 0.798443 0.062868 0.038809
0.817553 0.795836 0.065945 0.044480
0.286209 0.497673 0.067001 0.031829
0.176184 0.779434 0.076518 0.034889
0.285032 0.206021 0.076484 0.032588
0.715295 0.628489 0.060828 0.045320
0.174414 0.849447 0.068191 0.030251
0.501696 0.265415 0.074365 0.037308
0.597694 0.124800 0.066740 0.030703
0.707529 0.325040 0.072002 0.034948
0.816371 0.720865 0.060154 0.033283
0.283456 0.322453 0.076104 0.038877
0.818335 0.186810 0.059561 0.034077
0.066876 0.338245 0.082163 0.040631
0.175500 0.455116 0.063116 0.036524
0.282549 0.530647 0.059225 0.031267
0.171538 0.336271 0.080545 0.039472
0.928569 0.566800 0.063826 0.044622
0.174251 0.416556 0.060174 0.038117
0.390102 0.215939 0.064468 0.039420
0.812594 0.679976 0.068364 0.040105
0.708503 0.166910 0.061589 0.041254
0.274726 0.432368 0.057574 0.031754
0.284797 0.726656 0.056753 0.036110
0.707366 0.077740 0.060600 0.040363
0.496819 0.430444 0.049938 0.035047
0.059481 0.377956 0.077382 0.033589
0.173939 0.660002 0.072518 0.039379
0.810054 0.881593 0.065630 0.037833
0.818368 0.332257 0.059036 0.041693
0.812776 0.405483 0.065179 0.039615
0.280571 0.136604 0.062520 0.029389
0.284227 0.924083 0.060542 0.031918
0.279758 0.768756 0.069446 0.043924
0.289734 0.648511 0.069772 0.040987
0.818012 0.560703 0.064030 0.042671
0.279373 0.282345 0.062817 0.036130
0.700981 0.246873 0.071941 0.036315
0.707876 0.123963 0.075005 0.043676
0.500662 0.393847 0.071095 0.034392
0.920171 0.670109 0.063604 0.035780
0.067046 0.193487 0.074691 0.042613
0.064758 0.300896 0.080397 0.034147
0.061152 0.854846 0.068201 0.032241
0.713672 0.671603 0.061739 0.033758
0.056727 0.455661 0.070691 0.035642
0.176862 0.300290 0.059940 0.032590
0.815856 0.149229 0.066571 0.035322
0.604077 0.788264 0.075095 0.033603
0.922392 0.873558 0.060480 0.041664
0.607723 0.511550 0.065456 0.039410
0.497594 0.528637 0.077030 0.040625
0.176244 0.229360 0.067634 0.035170
0.499401 0.327188 0.058995 0.031917
0.275477 0.567294 0.062328 0.040193
0.395089 0.287553 0.074571 0.027998
0.710630 0.777190 0.070803 0.031438
0.279448 0.361024 0.060877 0.034349
0.605942 0.616089 0.065343 0.039341
0.274357 0.244116 0.063645 0.037371
0.716707 0.708175 0.070664 0.033546
0.286523 0.689616 0.053915 0.035316
0.601778 0.355502 0.061755 0.042875
0.602161 0.469679 0.064396 0.040304
0.814888 0.519928 0.054189 0.033840
0.060788 0.972778 0.072001 0.039267
0.274900 0.104961 0.054679 0.028659
0.066795 0.755627 0.076031 0.040627
0.492651 0.359419 0.066083 0.027907
0.808135 0.483049 0.071436 0.035429
0.929676 0.295458 0.057193 0.036938
0.064481 0.097983 0.058778 0.035903
0.392086 0.405636 0.077171 0.037938
0.703714 0.285332 0.071822 0.035890
0.712815 0.501400 0.074909 0.035229
0.924330 0.629859 0.067973 0.036044
0.601174 0.059439 0.052737 0.033267
0.067118 0.654144 0.081681 0.038613
0.928654 0.483723 0.051978 0.038626
0.173759 0.553367 0.077946 0.027803
0.812466 0.756080 0.055292 0.030442
0.277878 0.072624 0.059181 0.033870
0.057693 0.933208 0.071073 0.036040
0.280780 0.465789 0.054554 0.029210
0.929139 0.524656 0.068512 0.033183
0.172046 0.739209 0.081025 0.041015
0.500909 0.226858 0.071084 0.033737
0.600932 0.092599 0.052715 0.032129
0.931964 0.408639 0.061724 0.038009
0.808376 0.838945 0.072828 0.040434
0.059373 0.893247 0.081214 0.040222
0.927460 0.336768 0.057349 0.038833
0.277301 0.398586 0.049365 0.034179
0.175382 0.267003 0.072841 0.035020
0.173272 0.191053 0.074988 0.036423
0.812317 0.222951 0.069357 0.033478
0.056308 0.418172 0.077614 0.037518
0.284421 0.606946 0.082615 0.040055
0.397941 0.317968 0.068828 0.031315
0.272954 0.033034 0.070549 0.041688
0.499854 0.566421 0.066310 0.031542
0.066348 0.129540 0.059048 0.029395
0.607607 0.548176 0.073672 0.032598
0.812997 0.111859 0.068525 0.036102
0.286652 0.811043 0.092518 0.037958
0.929757 0.212269 0.055266 0.044990
0.932608 0.446963 0.056739 0.028867
0.603067 0.203910 0.077800 0.038166
0.176907 0.585269 0.076353 0.031793
0.602149 0.244834 0.070335 0.039462
0.816663 0.033881 0.063186 0.041151
0.174962 0.623019 0.081437 0.031037
0.067063 0.717427 0.072680 0.033057
0.600691 0.395332 0.085691 0.035303
0.919175 0.035502 0.065279 0.039931
0.062577 0.493133 0.082040 0.038607
0.820651 0.255305 0.077436 0.034876
0.496922 0.464918 0.051294 0.028519
0.173272 0.029951 0.063736 0.040466
0.924139 0.164822 0.060296 0.042297
0.608131 0.314714 0.063328 0.030601
0.065912 0.586305 0.083508 0.037044
0.708530 0.894572 0.072430 0.036774
0.604012 0.581897 0.058821 0.028177
0.610566 0.689089 0.066025 0.037060
0.815449 0.292443 0.054252 0.031127
0.171925 0.066322 0.073165 0.031823
0.716266 0.742539 0.059670 0.032833
0.501976 0.079281 0.062745 0.025700
0.612537 0.651787 0.055746 0.032222
0.604451 0.430307 0.085068 0.037290
0.379771 0.136226 0.086983 0.040382
0.176365 0.488077 0.067047 0.024878
0.714172 0.852771 0.087538 0.042693
0.815799 0.640250 0.055497 0.040641
0.718059 0.813781 0.066678 0.035706
0.922718 0.078269 0.052535 0.033319
0.811430 0.916263 0.054290 0.033189
0.921672 0.119215 0.054568 0.038126
0.395215 0.350283 0.069536 0.030795
0.172702 0.159142 0.080643 0.033616
0.061626 0.527711 0.066436 0.028130
0.500544 0.493351 0.053825 0.026305
0.923715 0.708770 0.050296 0.038207
0.932399 0.255725 0.050099 0.032862
0.713732 0.544686 0.080767 0.043219
0.820711 0.952598 0.064488 0.038567
0.715857 0.406669 0.061139 0.035001
0.066201 0.063272 0.070713 0.026110
0.811458 0.075345 0.061703 0.035416
0.177810 0.520697 0.081973 0.036537
0.699767 0.034158 0.054936 0.043799
0.713492 0.584207 0.075394 0.038462
0.595253 0.026140 0.058047 0.028021
0.496070 0.053306 0.046594 0.024897
0.606374 0.719712 0.071281 0.026621
0.822144 0.369073 0.076332 0.029663
0.069873 0.158432 0.060674 0.022782
0.173365 0.885350 0.084132 0.038692
0.502100 0.166634 0.076728 0.028009
0.497897 0.607571 0.049740 0.040866
0.495558 0.105866 0.076608 0.028623
0.177507 0.929857 0.098400 0.040947
0.492219 0.194858 0.076974 0.029452
0.814588 0.601681 0.053468 0.033134
0.060739 0.795699 0.074929 0.033417
0.603209 0.821311 0.073356 0.030939
0.927236 0.834966 0.046651 0.028080
0.608823 0.751060 0.078419 0.035587
0.496143 0.023997 0.049218 0.029404
0.497596 0.135670 0.080969 0.029452
0.296015 0.965613 0.085505 0.042414
0.062050 0.029795 0.072204 0.035016
0.066647 0.619708 0.079365 0.027199
0.171549 0.698171 0.086250 0.034745
0.502729 0.297920 0.073395 0.024204
0.377606 0.099967 0.064583 0.026452
0.281708 0.889404 0.058587 0.036959
0.384056 0.441870 0.082923 0.035591
0.921465 0.911559 0.039287 0.027896
0.618437 0.281209 0.074124 0.035071
0.068343 0.687513 0.055787 0.022414
0.930136 0.371876 0.047629 0.028955
0.181945 0.967634 0.093844 0.042088
0.073265 0.229813 0.080596 0.025329
0.062755 0.824732 0.056716 0.023051
0.279807 0.849213 0.078011 0.041856
0.067265 0.262720 0.096424 0.038749
0.064543 0.553231 0.074962 0.027132
0.714373 0.961222 0.084350 0.037489
0.178081 0.129250 0.066857 0.024444
0.388734 0.175555 0.076700 0.036135
0.396152 0.374310 0.060204 0.020063
0.713587 0.447135 0.072210 0.042479
0.172694 0.099607 0.084961 0.032701
0.711866 0.934190 0.072992 0.042272
0.922171 0.949821 0.060496 0.046685
0.354122 0.642584 0.046227 0.040172
0.927811 0.600633 0.045241 0.018078
