0.280586 0.822461 0.060781 0.035777
0.181103 0.725858 0.075999 0.039581
0.934271 0.773275 0.064639 0.043713
0.824056 0.882035 0.071032 0.033940
0.281844 0.208270 0.064214 0.040489
0.719687 0.115046 0.064983 0.038510
0.281306 0.861618 0.056791 0.035857
0.282704 0.248249 0.052423 0.035092
0.085575 0.889432 0.056615 0.035712
0.078870 0.853313 0.049659 0.033438
0.604138 0.570675 0.061546 0.034907
0.494277 0.708753 0.064627 0.044883
0.932150 0.551907 0.060516 0.046976
0.073656 0.657514 0.057118 0.039053
0.390626 0.933095 0.055909 0.039554
0.076236 0.618451 0.064091 0.037705
0.610631 0.455064 0.064918 0.035724
0.608953 0.533322 0.054078 0.039829
0.173406 0.147010 0.057480 0.036723
0.716286 0.566801 0.055614 0.037840
0.931473 0.474224 0.059455 0.034656
0.499487 0.830627 0.056820 0.039990
0.281048 0.708438 0.062972 0.041712
0.075861 0.580123 0.058631 0.034409
0.387169 0.969960 0.063835 0.035621
0.934775 0.661760 0.066839 0.039956
0.936674 0.818183 0.053939 0.041697
0.717509 0.757953 0.054381 0.032750
0.717598 0.791161 0.053370 0.033932
0.717159 0.321184 0.057786 0.037200
0.504156 0.279173 0.056675 0.043724
0.716044 0.605824 0.053395 0.034403
0.717637 0.828465 0.057502 0.039607
0.169321 0.404839 0.058743 0.037144
0.403477 0.690159 0.077848 0.046035
0.610969 0.608848 0.055336 0.038810
0.828529 0.845626 0.050153 0.035425
0.712954 0.874056 0.067970 0.048245
0.828518 0.804692 0.053376 0.042135
0.065583 0.121465 0.056584 0.041696
0.713056 0.522614 0.054967 0.047109
0.280132 0.292278 0.064581 0.048554
0.935319 0.319174 0.059058 0.041519
0.606132 0.650447 0.059236 0.038183
0.285860 0.902404 0.060022 0.038644
0.504839 0.149384 0.059169 0.038234
0.937415 0.899534 0.056642 0.041726
0.170279 0.257894 0.052307 0.038808
0.933645 0.362022 0.052049 0.040045
0.176176 0.685714 0.055152 0.039537
0.824248 0.298010 0.049795 0.039213
0.178018 0.967794 0.061396 0.034458
0.496301 0.795355 0.051005 0.031182
0.276714 0.510637 0.068469 0.038565
0.282443 0.159851 0.056356 0.047783
0.719772 0.282955 0.052363 0.037561
0.071149 0.543773 0.057146 0.036567
0.175747 0.606317 0.065509 0.034634
0.821893 0.254336 0.073037 0.042032
0.173185 0.366775 0.053299 0.039120
0.824564 0.068752 0.063250 0.040821
0.718815 0.916684 0.056534 0.030389
0.938252 0.622835 0.055432 0.033533
0.176326 0.645357 0.054603 0.036858
0.603858 0.870355 0.051929 0.041377
0.502055 0.441676 0.063378 0.035859
0.503287 0.232333 0.052913 0.042593
0.385139 0.465831 0.058242 0.043602
0.717134 0.074397 0.055590 0.039397
0.713076 0.479646 0.063829 0.037782
0.506245 0.034511 0.075183 0.041881
0.175652 0.765514 0.053339 0.032187
0.829241 0.917663 0.054949 0.035370
0.277968 0.340507 0.058788 0.040916
0.715983 0.394931 0.052280 0.039031
0.177120 0.882097 0.060552 0.029943
0.602990 0.687903 0.055329 0.034571
0.938110 0.733952 0.050635 0.030090
0.602202 0.910294 0.048636 0.035904
0.939384 0.859864 0.045958 0.038005
0.607716 0.494477 0.055261 0.034479
0.934128 0.437334 0.046852 0.034244
0.708339 0.438235 0.071486 0.044766
0.278490 0.550986 0.064366 0.038998
0.063536 0.163423 0.058229 0.038727
0.281594 0.669213 0.054454 0.037374
0.175445 0.447072 0.053030 0.038494
0.384652 0.537385 0.054429 0.038653
0.608657 0.419625 0.051084 0.039856
0.280970 0.474136 0.057750 0.034497
0.934076 0.161592 0.057249 0.039895
0.170679 0.295708 0.048489 0.033204
0.714005 0.643804 0.050772 0.034892
0.509500 0.073179 0.061220 0.036545
0.169698 0.842981 0.047016 0.038515
0.171421 0.103396 0.057710 0.038688
0.392008 0.573669 0.065674 0.032250
0.173996 0.220021 0.048583 0.037028
0.173431 0.805276 0.052575 0.036582
0.831638 0.470805 0.056028 0.036087
0.184645 0.912697 0.054524 0.025925
0.282619 0.629571 0.047734 0.039556
0.824768 0.760561 0.046500 0.039016
0.498738 0.402095 0.050280 0.039505
0.933485 0.701716 0.050386 0.033148
0.940432 0.940036 0.051041 0.036829
0.930787 0.235973 0.063286 0.035909
0.173170 0.183467 0.049057 0.033442
0.497732 0.660766 0.056920 0.049875
0.606025 0.725077 0.051138 0.038942
0.721428 0.155345 0.051736 0.039674
0.715741 0.681467 0.047490 0.040738
0.721107 0.241514 0.046556 0.042854
0.615033 0.145121 0.050628 0.037333
0.177416 0.530033 0.059838 0.034179
0.401676 0.083527 0.046698 0.034188
0.714417 0.722703 0.050165 0.040097
0.938754 0.972993 0.066105 0.030447
0.073717 0.503315 0.052128 0.041020
0.286923 0.116880 0.047207 0.038742
0.931534 0.508101 0.064505 0.032823
0.828713 0.144812 0.047679 0.036825
0.499415 0.588002 0.056819 0.031623
0.063754 0.082736 0.048418 0.029575
0.284972 0.078511 0.049697 0.038420
0.508109 0.109850 0.048516 0.035221
0.502948 0.476732 0.055975 0.036377
0.502844 0.510709 0.052455 0.027889
0.937356 0.123133 0.050129 0.038643
0.497340 0.756181 0.046152 0.044335
0.615443 0.185305 0.048157 0.035802
0.829497 0.509702 0.048250 0.035780
0.398580 0.737809 0.053554 0.045521
0.393966 0.234190 0.072882 0.042677
0.174497 0.487695 0.069871 0.039640
0.719445 0.951098 0.047356 0.034866
0.064882 0.398025 0.052113 0.039563
0.936351 0.040554 0.052237 0.042353
0.825605 0.722810 0.043712 0.035951
0.718791 0.196866 0.049364 0.042753
0.172276 0.329143 0.045727 0.035860
0.080210 0.758637 0.053663 0.034929
0.066440 0.206657 0.056618 0.040499
0.608302 0.381627 0.055440 0.034552
0.829168 0.180065 0.054070 0.033098
0.182180 0.939825 0.047576 0.022774
0.387610 0.894472 0.047465 0.033772
0.395941 0.777917 0.053898 0.032363
0.280353 0.434469 0.049767 0.041922
0.498019 0.326847 0.059493 0.044778
0.830332 0.956753 0.043770 0.034873
0.825294 0.685700 0.045063 0.035086
0.280661 0.589684 0.050645 0.038683
0.934958 0.591015 0.054092 0.031397
0.402879 0.119153 0.057495 0.035651
0.499355 0.365891 0.048400 0.034116
0.068905 0.315151 0.051085 0.028423
0.829926 0.107851 0.045528 0.035122
0.396849 0.816735 0.068051 0.039417
0.073344 0.694412 0.057378 0.033513
0.069725 0.277746 0.048045 0.033766
0.825361 0.032795 0.053941 0.031526
0.395579 0.649786 0.057430 0.029354
0.076731 0.820758 0.056473 0.028782
0.503123 0.186966 0.047078 0.038529
0.498827 0.879077 0.069007 0.046216
0.612895 0.342093 0.050961 0.042457
0.179062 0.568825 0.048436 0.034095
0.607476 0.830062 0.051837 0.036599
0.277450 0.388473 0.051636 0.046493
0.831486 0.581247 0.044689 0.038149
0.935834 0.401597 0.043226 0.029374
0.069798 0.243734 0.049001 0.036498
0.826332 0.212930 0.052495 0.036925
0.501354 0.620563 0.043446 0.031431
0.283130 0.785494 0.042953 0.037166
0.939261 0.082487 0.050416 0.041678
0.080199 0.726222 0.056030 0.032672
0.385493 0.417562 0.052023 0.043408
0.494201 0.962872 0.061065 0.048519
0.608719 0.764497 0.042800 0.035716
0.071571 0.467980 0.058368 0.031212
0.076045 0.921749 0.044003 0.024393
0.395567 0.855183 0.071394 0.038748
0.831461 0.435024 0.051172 0.027093
0.176751 0.069522 0.047716 0.031083
0.071125 0.353084 0.047020 0.041888
0.497422 0.920314 0.051965 0.036068
0.935091 0.274122 0.069673 0.039015
0.827035 0.618204 0.045063 0.032617
0.613895 0.079367 0.046619 0.034432
0.830662 0.546607 0.044938 0.031604
0.719890 0.356872 0.045825 0.034388
0.063391 0.046600 0.056428 0.040461
0.293110 0.972690 0.060359 0.034663
0.290567 0.940674 0.085362 0.032527
0.076623 0.791229 0.050143 0.032421
0.172051 0.036659 0.061792 0.032223
0.616778 0.110092 0.045343 0.027597
0.285011 0.749050 0.044216 0.034166
0.401319 0.042981 0.049469 0.040656
0.386911 0.501095 0.050494 0.027916
0.614131 0.037735 0.056981 0.043300
0.827448 0.401363 0.043251 0.037658
0.501354 0.548900 0.055383 0.042899
0.073702 0.433991 0.057064 0.031597
0.394385 0.280802 0.052906 0.046840
0.388148 0.612876 0.067715 0.045837
0.598175 0.946669 0.045839 0.032457
0.608482 0.798789 0.046453 0.026264
0.825563 0.651248 0.054604 0.031664
0.611218 0.225731 0.063272 0.043755
0.076319 0.957755 0.041184 0.043092
0.610969 0.298849 0.048675 0.036517
0.827060 0.363329 0.043792 0.035748
0.926786 0.200290 0.069848 0.039522
0.720764 0.034915 0.041580 0.037598
0.286368 0.037214 0.054532 0.040849
0.826221 0.334620 0.041679 0.028696
0.397595 0.324465 0.054114 0.041196
0.394532 0.369451 0.048371 0.045974
0.648860 0.944751 0.049183 0.032519
0.406234 0.190414 0.096936 0.042258
0.400362 0.154184 0.051956 0.037175
0.624270 0.263731 0.075032 0.037418
0.510966 0.005370 0.060455 0.009091
