0.280294 0.162293 0.061372 0.037047
0.082571 0.861220 0.063720 0.036513
0.285504 0.571117 0.057635 0.036701
0.715841 0.290509 0.060822 0.039578
0.290986 0.904791 0.055760 0.035343
0.391546 0.227983 0.053849 0.039414
0.832417 0.230542 0.061753 0.037142
0.283863 0.242415 0.060516 0.037271
0.390921 0.925953 0.063146 0.039839
0.937111 0.538508 0.073729 0.040785
0.504641 0.235762 0.054408 0.038232
0.063273 0.209222 0.069183 0.042995
0.502253 0.156154 0.068013 0.036294
0.938567 0.387095 0.052806 0.037083
0.718426 0.479442 0.057599 0.038044
0.390793 0.634314 0.061405 0.038680
0.719490 0.371087 0.061548 0.036555
0.495938 0.494170 0.057472 0.040430
0.608462 0.475081 0.063324 0.036805
0.832325 0.307295 0.053910 0.040919
0.600150 0.854997 0.080438 0.044270
0.175967 0.409912 0.062115 0.035042
0.498051 0.567093 0.070440 0.042871
0.284110 0.124671 0.064034 0.033835
0.840883 0.788052 0.060110 0.034645
0.934437 0.346961 0.065223 0.040402
0.609535 0.513269 0.057079 0.036724
0.394348 0.546037 0.061256 0.044174
0.389837 0.834742 0.056846 0.040818
0.938410 0.160267 0.063313 0.034573
0.831450 0.453835 0.063598 0.039479
0.607031 0.664842 0.063841 0.041278
0.502079 0.195273 0.057074 0.037077
0.949749 0.908659 0.060227 0.028526
0.936586 0.619083 0.070365 0.038554
0.719760 0.685604 0.058908 0.033015
0.062658 0.086899 0.064706 0.041736
0.841903 0.899313 0.056792 0.037802
0.079133 0.823242 0.053731 0.032531
0.072337 0.542862 0.062158 0.049306
0.938529 0.281882 0.051533 0.035053
0.604634 0.809421 0.059369 0.040600
0.067148 0.286960 0.056788 0.042926
0.607160 0.439646 0.058124 0.035276
0.714057 0.332884 0.056864 0.041901
0.075452 0.788459 0.057887 0.036262
0.072767 0.622487 0.067524 0.034879
0.179576 0.729959 0.059766 0.039203
0.831123 0.415268 0.058317 0.033936
0.385495 0.358159 0.078190 0.039675
0.495130 0.455103 0.064237 0.037751
0.841909 0.823418 0.060461 0.031990
0.721972 0.588160 0.062803 0.032467
0.498938 0.609666 0.073711 0.042167
0.943324 0.578375 0.052849 0.037274
0.717046 0.621497 0.064833 0.031967
0.841612 0.749769 0.067620 0.039906
0.179777 0.807750 0.058788 0.039267
0.839102 0.858762 0.054427 0.039106
0.175469 0.453549 0.051541 0.047175
0.607819 0.357626 0.067487 0.041433
0.499694 0.891609 0.058508 0.040727
0.387387 0.192224 0.052730 0.029448
0.601946 0.549759 0.068533 0.037199
0.174277 0.184644 0.050227 0.036105
0.938037 0.199585 0.062386 0.036233
0.612998 0.241750 0.066182 0.037937
0.292141 0.677186 0.061578 0.032695
0.722879 0.872819 0.059314 0.036034
0.620429 0.116391 0.062037 0.037225
0.177168 0.691376 0.064057 0.037020
0.176164 0.371759 0.051741 0.037882
0.288052 0.866899 0.052344 0.036947
0.936960 0.241504 0.056948 0.042172
0.714960 0.515392 0.051844 0.030045
0.294732 0.938329 0.055270 0.031443
0.285015 0.203209 0.049870 0.037984
0.170174 0.284837 0.048703 0.037616
0.953698 0.937831 0.069013 0.028442
0.385649 0.316426 0.062838 0.041348
0.181473 0.655751 0.054918 0.033465
0.067423 0.249229 0.063239 0.028865
0.082588 0.906213 0.067427 0.034576
0.068792 0.498675 0.058535 0.035872
0.176550 0.537800 0.061738 0.035807
0.490398 0.414532 0.067341 0.039112
0.499825 0.810076 0.057612 0.037155
0.502402 0.934281 0.054683 0.037395
0.283688 0.324467 0.053814 0.039434
0.830686 0.377609 0.053208 0.034556
0.714293 0.216916 0.052126 0.033930
0.944929 0.660405 0.063524 0.036852
0.068862 0.328245 0.056910 0.036943
0.934454 0.120879 0.058478 0.039416
0.174524 0.579374 0.054343 0.039497
0.388796 0.503008 0.055874 0.039571
0.387461 0.272621 0.054184 0.041598
0.073808 0.586398 0.051209 0.030452
0.841055 0.935035 0.060528 0.035249
0.605049 0.624902 0.057741 0.039314
0.168024 0.113215 0.050168 0.037870
0.721912 0.653266 0.051692 0.031996
0.175608 0.892341 0.052079 0.030046
0.604763 0.733452 0.059164 0.032148
0.942296 0.803461 0.064754 0.027026
0.497624 0.722014 0.074998 0.039169
0.177896 0.621464 0.058232 0.034911
0.389112 0.965180 0.058595 0.036521
0.168125 0.326575 0.060545 0.044501
0.826721 0.161648 0.058313 0.036301
0.391112 0.791692 0.057445 0.035252
0.503638 0.319065 0.053459 0.043185
0.946022 0.728843 0.050462 0.041373
0.067926 0.370280 0.052453 0.035349
0.392203 0.395811 0.056383 0.037433
0.181673 0.961931 0.065678 0.036692
0.166456 0.034817 0.063127 0.040367
0.718329 0.760495 0.058493 0.039313
0.946325 0.694573 0.058753 0.031168
0.712643 0.251840 0.058464 0.036160
0.502501 0.118759 0.053003 0.034411
0.721209 0.835533 0.052504 0.039688
0.939320 0.463190 0.049252 0.039598
0.499974 0.686245 0.071368 0.034067
0.947953 0.769739 0.051421 0.037768
0.611737 0.399848 0.053653 0.040388
0.834765 0.490729 0.049346 0.034277
0.285947 0.830752 0.047370 0.034055
0.389733 0.153953 0.046904 0.042368
0.289088 0.492836 0.049871 0.034850
0.284144 0.363788 0.052615 0.034057
0.391293 0.679808 0.057380 0.041065
0.175360 0.926318 0.053173 0.033954
0.718205 0.184139 0.048584 0.030669
0.713685 0.551096 0.068871 0.039634
0.609851 0.158425 0.059688 0.041682
0.838474 0.528127 0.062985 0.039196
0.291068 0.748563 0.051327 0.047437
0.289577 0.610672 0.059919 0.036682
0.287932 0.531160 0.045672 0.037035
0.610443 0.320402 0.060145 0.032438
0.289003 0.794279 0.048076 0.038286
0.610342 0.702404 0.052981 0.030311
0.067347 0.130846 0.050774 0.034559
0.295653 0.970245 0.067693 0.032442
0.724263 0.911665 0.056034 0.037639
0.288091 0.457461 0.065219 0.032717
0.938252 0.077894 0.053489 0.039688
0.940385 0.500132 0.048400 0.034388
0.502802 0.275660 0.057790 0.038486
0.830964 0.198279 0.062307 0.027858
0.175367 0.498805 0.047705 0.036977
0.602236 0.769965 0.074791 0.039173
0.718146 0.147160 0.047951 0.040247
0.720623 0.721635 0.049635 0.033681
0.180585 0.849631 0.054001 0.044078
0.841284 0.680863 0.045883 0.033284
0.166967 0.073609 0.055380 0.037739
0.396397 0.591061 0.051048 0.039953
0.836517 0.645037 0.049350 0.035116
0.938994 0.313923 0.048645 0.027506
0.066329 0.458450 0.054922 0.042027
0.391844 0.756103 0.056962 0.027989
0.391136 0.881374 0.051567 0.047154
0.838950 0.711813 0.056618 0.026578
0.500620 0.529944 0.055170 0.030327
0.613994 0.963740 0.054726 0.036980
0.816612 0.027968 0.069884 0.037508
0.832012 0.267871 0.052816 0.035342
0.292582 0.710201 0.052149 0.027001
0.072185 0.660608 0.044792 0.038124
0.283656 0.082874 0.061661 0.043899
0.607009 0.896267 0.052926 0.038809
0.951243 0.970747 0.049485 0.034295
0.079530 0.694570 0.055307 0.029822
0.839897 0.342448 0.052786 0.026369
0.064715 0.168136 0.047068 0.032012
0.835338 0.609294 0.049679 0.035323
0.060407 0.040659 0.049172 0.045773
0.614411 0.283083 0.051925 0.043483
0.721068 0.103977 0.066012 0.043286
0.503488 0.649666 0.047119 0.038207
0.841816 0.970803 0.074467 0.033917
0.719070 0.797062 0.051600 0.036619
0.609775 0.585911 0.044561 0.036465
0.287686 0.644237 0.045579 0.028488
0.618088 0.076465 0.054909 0.042170
0.171515 0.246352 0.044234 0.030796
0.180394 0.770829 0.046944 0.034685
0.170876 0.148997 0.046388 0.031266
0.823059 0.126017 0.043761 0.035594
0.390860 0.434429 0.043782 0.034154
0.068091 0.409950 0.043183 0.034972
0.946841 0.838907 0.054366 0.041991
0.501320 0.368003 0.054644 0.049395
0.078386 0.754680 0.043096 0.027693
0.505247 0.970884 0.044947 0.036913
0.607229 0.931048 0.047492 0.030717
0.080976 0.942057 0.063966 0.039554
0.833445 0.570160 0.056855 0.042050
0.388968 0.722595 0.053174 0.040573
0.174014 0.218883 0.044833 0.027104
0.821404 0.060257 0.053451 0.029420
0.715480 0.406465 0.040653 0.031144
0.713539 0.441664 0.044215 0.037132
0.821388 0.092878 0.045839 0.032387
0.717643 0.061759 0.067532 0.039021
0.392190 0.117935 0.049552 0.029553
0.290811 0.428110 0.063264 0.024145
0.615320 0.034409 0.065387 0.043669
0.285962 0.399926 0.067097 0.033189
0.952963 0.876956 0.054596 0.034086
0.943196 0.424268 0.051240 0.037162
0.390070 0.466498 0.040875 0.030446
0.723593 0.944830 0.047755 0.032408
0.394437 0.035618 0.064040 0.036845
0.073175 0.725156 0.069376 0.025247
0.501871 0.030408 0.062090 0.036637
0.935413 0.034219 0.048712 0.046862
0.290253 0.281670 0.066957 0.041021
0.280035 0.039734 0.067776 0.044398
0.722767 0.974428 0.045514 0.030965
0.499714 0.849577 0.055068 0.039415
0.391859 0.080243 0.055653 0.041552
0.616456 0.200255 0.067949 0.041950
0.082531 0.975850 0.061795 0.025826
0.498478 0.074872 0.065107 0.051582
0.720675 0.028502 0.049083 0.029772
0.499568 0.768782 0.049050 0.040817
