0.064151 0.479883 0.073000 0.045805
0.598285 0.601195 0.068657 0.047814
0.497271 0.695048 0.091082 0.052798
0.170518 0.842176 0.068945 0.053550
0.379149 0.839501 0.078628 0.040065
0.381986 0.889679 0.071971 0.048196
0.598782 0.898169 0.071878 0.053103
0.487396 0.839235 0.068691 0.049969
0.391934 0.427848 0.074977 0.049820
0.058276 0.748247 0.068532 0.035491
0.167584 0.898625 0.079172 0.047880
0.599680 0.650089 0.064113 0.045135
0.064794 0.382535 0.073776 0.042933
0.600001 0.698468 0.064328 0.048796
0.817718 0.745308 0.067062 0.037406
0.721929 0.398018 0.069193 0.044819
0.167387 0.645106 0.067591 0.053834
0.502861 0.156425 0.068365 0.039159
0.392630 0.334628 0.063703 0.041413
0.060606 0.837260 0.065780 0.045671
0.055809 0.792308 0.065195 0.039503
0.824064 0.333855 0.071746 0.036457
0.287395 0.439816 0.071055 0.047034
0.813090 0.638829 0.064992 0.045356
0.396156 0.378084 0.059365 0.043313
0.599910 0.394927 0.067353 0.041790
0.491842 0.887951 0.065526 0.037718
0.392927 0.180520 0.064839 0.040820
0.599537 0.547334 0.068010 0.049182
0.816220 0.544960 0.054789 0.046718
0.378339 0.698792 0.065407 0.044226
0.268262 0.715526 0.069208 0.049735
0.168822 0.588683 0.064313 0.050759
0.718910 0.264943 0.065565 0.046786
0.497715 0.328145 0.065828 0.049981
0.489754 0.741770 0.066772 0.039890
0.489096 0.786882 0.063071 0.042458
0.603668 0.749339 0.057810 0.045333
0.816655 0.591752 0.065839 0.040271
0.611618 0.261991 0.076455 0.035796
0.599267 0.950437 0.073611 0.046605
0.697434 0.544172 0.064372 0.046515
0.288383 0.352820 0.059972 0.042060
0.811354 0.500396 0.056836 0.038488
0.828132 0.211090 0.072308 0.044958
0.491899 0.546220 0.071325 0.045751
0.605164 0.183064 0.064673 0.033869
0.290904 0.129214 0.064648 0.040812
0.816248 0.828812 0.063604 0.039013
0.278577 0.535495 0.076932 0.047375
0.716998 0.353312 0.058310 0.039554
0.605676 0.349717 0.059508 0.040039
0.715008 0.162852 0.083389 0.047479
0.178953 0.182951 0.063044 0.038230
0.816196 0.710112 0.057867 0.030676
0.603118 0.049833 0.063537 0.051235
0.386287 0.268806 0.071287 0.037190
0.066991 0.528835 0.062826 0.048641
0.489039 0.644739 0.066674 0.038855
0.276065 0.766687 0.059897 0.046743
0.498858 0.070928 0.060322 0.043197
0.824389 0.411901 0.058908 0.045988
0.172145 0.536958 0.068728 0.040198
0.385032 0.617968 0.064250 0.040626
0.171747 0.791972 0.071151 0.036740
0.605246 0.304150 0.054667 0.040732
0.385095 0.797143 0.061693 0.038987
0.381089 0.934904 0.070195 0.036351
0.056016 0.430380 0.068064 0.044148
0.271092 0.663318 0.059896 0.043702
0.829558 0.167091 0.066590 0.038051
0.277267 0.583530 0.055778 0.040784
0.384300 0.478657 0.073075 0.053053
0.183931 0.140133 0.064993 0.043663
0.294901 0.088147 0.070185 0.036136
0.719604 0.217131 0.064960 0.048108
0.391344 0.224842 0.052008 0.041584
0.602354 0.495248 0.062500 0.041964
0.386036 0.573354 0.070709 0.045382
0.395273 0.138922 0.071539 0.032690
0.809209 0.787246 0.078813 0.040658
0.057613 0.578241 0.083103 0.039991
0.388612 0.527102 0.071494 0.035433
0.501805 0.112446 0.078311 0.032726
0.717109 0.310542 0.050864 0.038058
0.290648 0.176756 0.053187 0.044637
0.829574 0.256755 0.078989 0.037162
0.601750 0.800091 0.049670 0.045087
0.177727 0.488986 0.071967 0.041009
0.268509 0.952470 0.068874 0.045466
0.820862 0.293922 0.063521 0.039779
0.492558 0.379805 0.058218 0.047118
0.712598 0.499804 0.068349 0.034895
0.494867 0.932099 0.079326 0.040289
0.602729 0.445921 0.072707 0.050276
0.056778 0.704399 0.053824 0.043807
0.491675 0.597064 0.051373 0.045381
0.045294 0.884855 0.062377 0.041697
0.497428 0.233074 0.056726 0.046785
0.382351 0.969640 0.078508 0.039343
0.286734 0.276524 0.062093 0.038455
0.275948 0.814128 0.050549 0.044217
0.185961 0.091060 0.061551 0.045707
0.278836 0.622006 0.059658 0.027227
0.608493 0.224568 0.078454 0.036647
0.497546 0.277970 0.058477 0.041419
0.284329 0.487381 0.061175 0.044190
0.049869 0.930434 0.064639 0.038763
0.383977 0.659740 0.063232 0.037873
0.818549 0.876659 0.054470 0.052610
0.285956 0.314521 0.064779 0.030010
0.045375 0.969989 0.060895 0.041141
0.282557 0.040661 0.065697 0.045455
0.273105 0.858343 0.047240 0.035776
0.595006 0.850116 0.071450 0.039197
0.815306 0.677792 0.049754 0.035824
0.183039 0.223677 0.060657 0.038481
0.391349 0.097245 0.054011 0.046140
0.073015 0.107387 0.075618 0.047012
0.166501 0.949805 0.068413 0.050242
0.936283 0.167310 0.059699 0.035996
0.720422 0.440229 0.075277 0.039099
0.938909 0.083482 0.047598 0.028036
0.491727 0.490767 0.058755 0.054466
0.061511 0.660459 0.045262 0.038881
0.938089 0.045020 0.052113 0.037302
0.817689 0.459570 0.046020 0.037996
0.180332 0.266630 0.053957 0.033653
0.060856 0.619795 0.046967 0.033128
0.163569 0.748891 0.052848 0.045672
0.386857 0.748785 0.060577 0.046692
0.495431 0.435510 0.052434 0.054720
0.162205 0.699426 0.065305 0.051225
0.172369 0.385148 0.055550 0.035115
0.599718 0.142514 0.049732 0.034519
0.602645 0.100618 0.043879 0.041559
0.069605 0.332805 0.058312 0.051647
0.826359 0.370377 0.052029 0.028535
0.287506 0.395669 0.049690 0.031838
0.178577 0.437718 0.060753 0.055349
0.182587 0.040109 0.071379 0.049860
0.075101 0.282279 0.078724 0.041952
0.235537 0.266289 0.042611 0.029858
0.072724 0.203614 0.066664 0.050714
0.497121 0.029421 0.049189 0.034059
0.712269 0.119912 0.057921 0.031029
0.291311 0.230494 0.068284 0.051350
0.062857 0.049276 0.072944 0.065516
0.491115 0.966230 0.089943 0.036568
0.075564 0.156354 0.088934 0.046670
0.507682 0.192059 0.060850 0.026543
0.175758 0.308320 0.069852 0.044259
0.236651 0.180213 0.041993 0.024513
0.233045 0.239234 0.039216 0.022652
0.233487 0.431810 0.037900 0.028284
0.237220 0.208728 0.040481 0.032725
0.233604 0.384318 0.045990 0.027444
0.232063 0.297124 0.038188 0.029346
0.700201 0.593725 0.084566 0.043672
0.827028 0.121924 0.050022 0.041206
0.237631 0.149941 0.040799 0.031014
0.274182 0.899615 0.052805 0.042779
0.073015 0.246009 0.050694 0.038356
0.228244 0.354626 0.038887 0.030228
0.230123 0.494857 0.029834 0.027202
0.395663 0.300139 0.043431 0.023759
0.390932 0.046057 0.059321 0.051689
0.935428 0.124518 0.045288 0.039844
0.181242 0.348497 0.055016 0.029118
0.826826 0.078924 0.040850 0.035936
0.827724 0.040854 0.046619 0.034898
0.231148 0.325401 0.036025 0.028138
0.232417 0.409959 0.042793 0.015362
0.235021 0.117972 0.036819 0.030621
0.232867 0.463921 0.037693 0.031082
0.227082 0.559413 0.036016 0.027958
