0.720046 0.233953 0.061855 0.036391
0.831919 0.081400 0.073091 0.043257
0.942007 0.890874 0.070071 0.040718
0.836781 0.303145 0.061889 0.041521
0.947314 0.671878 0.056421 0.042377
0.172984 0.334111 0.066393 0.041849
0.938851 0.932015 0.068181 0.040268
0.837232 0.343158 0.060159 0.038675
0.724823 0.342759 0.074437 0.038967
0.722413 0.195480 0.074943 0.039636
0.833465 0.676749 0.065564 0.033275
0.834135 0.201470 0.058782 0.041003
0.509804 0.070310 0.073402 0.041339
0.834167 0.125335 0.057873 0.040810
0.836202 0.549339 0.059506 0.035904
0.936761 0.195234 0.073296 0.040648
0.066572 0.351322 0.059628 0.039234
0.722949 0.304305 0.054992 0.038278
0.173997 0.254234 0.049937 0.037814
0.836681 0.709907 0.062095 0.031336
0.936451 0.154731 0.067389 0.038920
0.068387 0.284753 0.051546 0.033211
0.063860 0.251851 0.057574 0.032691
0.720892 0.270104 0.061493 0.031194
0.175957 0.292614 0.051227 0.037378
0.396786 0.191042 0.061477 0.039739
0.844396 0.385087 0.069561 0.045649
0.949079 0.631208 0.050996 0.038465
0.067455 0.318030 0.052045 0.030668
0.718927 0.635457 0.063666 0.046402
0.066879 0.216272 0.062328 0.036581
0.604471 0.754764 0.062557 0.039697
0.612502 0.591063 0.054185 0.038528
0.505084 0.818720 0.056002 0.045048
0.941532 0.589992 0.055034 0.044258
0.066588 0.833629 0.067731 0.043589
0.607525 0.718182 0.053767 0.031455
0.724930 0.066062 0.052015 0.033557
0.839174 0.509644 0.051225 0.039333
0.511647 0.152773 0.053471 0.042259
0.835522 0.949833 0.069434 0.041952
0.616865 0.229615 0.062784 0.042444
0.937745 0.513878 0.053793 0.042712
0.833011 0.163905 0.052072 0.031868
0.946011 0.342398 0.044499 0.039139
0.836502 0.470364 0.055620 0.039513
0.180566 0.531162 0.070930 0.041600
0.073719 0.690394 0.051159 0.042686
0.612972 0.462979 0.058349 0.035276
0.284881 0.256425 0.053370 0.035230
0.836905 0.429147 0.052859 0.039912
0.836942 0.801919 0.062486 0.032597
0.937980 0.969742 0.066354 0.035717
0.621048 0.191825 0.054174 0.032781
0.071482 0.420881 0.056690 0.032426
0.945181 0.814634 0.056657 0.035318
0.403503 0.066979 0.051412 0.036835
0.508862 0.278535 0.055423 0.039441
0.611879 0.427241 0.052608 0.033100
0.940949 0.474190 0.055381 0.035861
0.725692 0.932489 0.060260 0.033012
0.836783 0.836226 0.061350 0.039160
0.282282 0.293351 0.055041 0.038151
0.722900 0.594196 0.055641 0.031868
0.285979 0.421671 0.055894 0.040303
0.510658 0.746509 0.060299 0.035494
0.069015 0.571427 0.048526 0.043784
0.726914 0.446663 0.051141 0.035320
0.071457 0.387068 0.054644 0.030098
0.071326 0.877712 0.069474 0.041960
0.509328 0.111822 0.056784 0.038527
0.721944 0.969053 0.053506 0.041119
0.943965 0.778975 0.044578 0.032112
0.183696 0.572538 0.055431 0.043921
0.835067 0.586848 0.074108 0.035726
0.066262 0.497646 0.053026 0.042465
0.283997 0.374699 0.059963 0.045702
0.723894 0.411872 0.055167 0.033766
0.502911 0.632750 0.053408 0.041505
0.174482 0.493374 0.052010 0.039709
0.838814 0.740205 0.060024 0.028927
0.943442 0.309002 0.044127 0.027345
0.722399 0.029335 0.055203 0.037455
0.943420 0.434951 0.051477 0.043472
0.506505 0.235868 0.058963 0.043348
0.505233 0.554124 0.060414 0.033850
0.398242 0.151292 0.047938 0.035617
0.835729 0.876999 0.045475 0.041735
0.403328 0.109508 0.056535 0.044389
0.724700 0.154201 0.050999 0.038378
0.280238 0.211692 0.070824 0.047856
0.395556 0.963178 0.063339 0.032829
0.508176 0.320342 0.048648 0.040732
0.941925 0.387696 0.057889 0.047552
0.939851 0.111104 0.045544 0.044233
0.943053 0.747265 0.043707 0.030946
0.720680 0.679461 0.057475 0.035148
0.499509 0.593009 0.055511 0.039858
0.940721 0.551955 0.049026 0.029184
0.279769 0.615308 0.063250 0.041584
0.281594 0.331335 0.055860 0.041563
0.073067 0.612877 0.052601 0.036773
0.392050 0.728554 0.056693 0.042548
0.724119 0.380605 0.049069 0.031432
0.602635 0.791532 0.054137 0.031228
0.615348 0.311467 0.047981 0.034929
0.177930 0.458082 0.053243 0.030573
0.286122 0.165212 0.053340 0.041358
0.619410 0.065125 0.048157 0.034634
0.940551 0.848940 0.044818 0.037201
0.836518 0.914413 0.052300 0.030259
0.076269 0.728406 0.048840 0.033474
0.942227 0.712289 0.047641 0.036106
0.069092 0.458088 0.048868 0.040967
0.507822 0.360161 0.049365 0.036935
0.503978 0.859849 0.050581 0.037352
0.290337 0.080001 0.055404 0.038227
0.291109 0.037150 0.052917 0.043632
0.940704 0.278003 0.042281 0.030210
0.617864 0.273636 0.047530 0.038079
0.067880 0.535424 0.048530 0.029029
0.836296 0.770953 0.043786 0.030090
0.619688 0.104106 0.052229 0.045114
0.941018 0.036545 0.050125 0.036653
0.939902 0.072312 0.045097 0.028213
0.071472 0.791208 0.050055 0.039125
0.401777 0.029052 0.049893 0.037650
0.612761 0.495768 0.049235 0.024362
0.726378 0.794365 0.056996 0.034989
0.609060 0.636773 0.048605 0.038657
0.506717 0.029313 0.051275 0.038426
0.603944 0.827919 0.048295 0.042993
0.504817 0.713253 0.048228 0.034884
0.941007 0.237406 0.058313 0.043800
0.505797 0.674287 0.076047 0.042268
0.621084 0.029587 0.049281 0.036259
0.174214 0.381420 0.061364 0.048510
0.611882 0.524237 0.042454 0.031936
0.177501 0.422473 0.047059 0.036401
0.279782 0.579435 0.054247 0.028841
0.285366 0.460949 0.051585 0.038447
0.835435 0.035401 0.055089 0.045349
0.174729 0.176777 0.040673 0.041256
0.072536 0.758366 0.060162 0.025838
0.616110 0.351577 0.062468 0.042405
0.281264 0.650920 0.051073 0.035498
0.506108 0.896559 0.046632 0.037354
0.727902 0.719711 0.059043 0.045818
0.725342 0.758714 0.043045 0.030592
0.389884 0.690841 0.048084 0.034605
0.602913 0.911329 0.049092 0.037586
0.391742 0.812893 0.057142 0.035993
0.723214 0.102548 0.053922 0.039970
0.391696 0.280833 0.045105 0.035302
0.390601 0.650138 0.051331 0.044254
0.170057 0.218095 0.053148 0.037322
0.621088 0.149698 0.043139 0.043786
0.834661 0.240296 0.046177 0.031257
0.615582 0.555047 0.047389 0.025616
0.607956 0.679254 0.048998 0.042222
0.511842 0.193246 0.050534 0.039256
0.723299 0.556249 0.048888 0.038181
0.065517 0.175212 0.041929 0.037424
0.507774 0.780293 0.044896 0.031827
0.291536 0.121538 0.053948 0.042539
0.726130 0.513010 0.049382 0.045517
0.285334 0.496633 0.047266 0.027820
0.723270 0.861238 0.041951 0.033944
0.279996 0.537044 0.064095 0.047954
0.836657 0.647432 0.039696 0.025353
0.500898 0.516095 0.044365 0.039143
0.722712 0.896522 0.049684 0.038670
0.500689 0.479167 0.042253 0.035437
0.390151 0.439568 0.049195 0.037421
0.390188 0.351387 0.050077 0.043782
0.508121 0.403752 0.051456 0.045753
0.611620 0.391937 0.040977 0.032841
0.504538 0.959065 0.047753 0.037918
0.391229 0.512806 0.048689 0.035894
0.074427 0.650701 0.052021 0.035160
0.837203 0.267437 0.041233 0.027113
0.072591 0.914681 0.039251 0.032541
0.392309 0.770752 0.052328 0.040944
0.722959 0.827755 0.041683 0.032153
0.391969 0.602312 0.047879 0.046097
0.392191 0.476275 0.051067 0.038806
0.604194 0.868246 0.049811 0.042628
0.067089 0.136412 0.045950 0.035903
0.836964 0.620168 0.046162 0.027114
0.605087 0.965155 0.044606 0.032458
0.506468 0.925190 0.051240 0.025570
0.387947 0.851203 0.042202 0.034298
0.387877 0.399485 0.049059 0.042920
0.394150 0.244068 0.046151 0.035947
0.390286 0.927491 0.046234 0.037773
0.391625 0.313088 0.044310 0.030826
0.504419 0.444964 0.043326 0.034562
0.075235 0.946219 0.034517 0.029146
0.385683 0.889573 0.037284 0.033123
0.725889 0.476389 0.059492 0.024236
0.066424 0.089869 0.045017 0.034054
0.393096 0.552536 0.052680 0.043507
0.066469 0.060986 0.043684 0.022994
0.725465 0.125574 0.045146 0.020870
0.074146 0.974732 0.039236 0.028461
0.066528 0.038058 0.043365 0.036155
0.172204 0.128078 0.047952 0.041322
0.604594 0.938580 0.042495 0.020742
