0.897780 0.359327 0.061783 0.030702
0.698993 0.708915 0.062980 0.033541
0.398630 0.408075 0.058154 0.039976
0.897618 0.873872 0.062805 0.032265
0.691151 0.409213 0.052280 0.036106
0.695873 0.845291 0.058581 0.027990
0.696970 0.599513 0.066747 0.031495
0.900068 0.397757 0.056790 0.039618
0.590126 0.883530 0.062244 0.025583
0.694842 0.633690 0.053028 0.031554
0.402332 0.619714 0.052965 0.033555
0.503489 0.599528 0.060623 0.031165
0.124461 0.224830 0.055544 0.031060
0.402479 0.732905 0.049941 0.030945
0.401179 0.443880 0.056003 0.032157
0.127097 0.594272 0.058715 0.033360
0.406593 0.144927 0.055110 0.029718
0.898377 0.838883 0.057342 0.032132
0.792961 0.553997 0.065095 0.028801
0.310855 0.532144 0.050417 0.037898
0.895437 0.439350 0.050951 0.037625
0.799363 0.737120 0.058148 0.032456
0.898196 0.478414 0.059223 0.032791
0.891033 0.149133 0.056974 0.028234
0.215807 0.237651 0.061521 0.028788
0.896380 0.577887 0.058746 0.036220
0.798609 0.836284 0.052956 0.034546
0.798700 0.873723 0.062348 0.032996
0.215286 0.270277 0.055718 0.029884
0.802032 0.447944 0.061012 0.032686
0.686341 0.143195 0.053438 0.035559
0.595119 0.727276 0.049409 0.036258
0.594001 0.484635 0.055139 0.028330
0.126856 0.517553 0.051311 0.038745
0.405946 0.292724 0.052776 0.036926
0.589955 0.803366 0.049245 0.035513
0.796308 0.799755 0.061990 0.029281
0.599607 0.350358 0.060179 0.039231
0.399482 0.582940 0.055315 0.027646
0.499182 0.753583 0.055283 0.033277
0.793626 0.207319 0.056935 0.027351
0.313472 0.465488 0.057826 0.025225
0.221956 0.627915 0.050778 0.030628
0.117429 0.289818 0.048988 0.036872
0.897619 0.285502 0.057590 0.035237
0.218805 0.859402 0.056280 0.028635
0.311454 0.184212 0.051347 0.031927
0.692810 0.368767 0.057462 0.035741
0.693496 0.233620 0.067672 0.031325
0.221689 0.523873 0.052891 0.037434
0.693057 0.668965 0.048548 0.034589
0.897231 0.648024 0.051525 0.031761
0.794027 0.642453 0.052409 0.029607
0.122629 0.665013 0.050185 0.034230
0.311999 0.246563 0.050489 0.029257
0.891758 0.178407 0.056342 0.026823
0.689312 0.297482 0.063030 0.028015
0.123454 0.479843 0.050793 0.029990
0.308642 0.495093 0.051183 0.027555
0.402464 0.477670 0.049376 0.030068
0.224378 0.659690 0.057973 0.029541
0.801008 0.768116 0.059164 0.029444
0.126696 0.729754 0.050394 0.031693
0.795729 0.377124 0.052335 0.029738
0.794469 0.238757 0.054891 0.032434
0.896782 0.614534 0.053153 0.028539
0.306941 0.572588 0.060133 0.034660
0.500380 0.529136 0.048648 0.032565
0.124153 0.627457 0.047479 0.032296
0.695393 0.330454 0.061175 0.029124
0.500439 0.273082 0.055588 0.035597
0.796317 0.413691 0.056388 0.029758
0.311519 0.647338 0.054813 0.031696
0.126080 0.762931 0.054331 0.028333
0.501078 0.495626 0.058673 0.029552
0.593781 0.631457 0.056687 0.031755
0.496732 0.139579 0.052919 0.030403
0.399710 0.843326 0.046439 0.031621
0.696863 0.777561 0.043292 0.029763
0.308443 0.873263 0.057065 0.030962
0.691748 0.527447 0.046540 0.029420
0.123830 0.155511 0.050620 0.035576
0.701990 0.879047 0.078355 0.032338
0.593272 0.665269 0.053660 0.027722
0.592299 0.149609 0.048018 0.035810
0.127203 0.798040 0.048025 0.032284
0.400841 0.515984 0.050953 0.040267
0.691209 0.178314 0.047192 0.024722
0.307861 0.836873 0.052064 0.035365
0.791348 0.277487 0.054086 0.038231
0.594326 0.766372 0.059656 0.030268
0.793746 0.517160 0.044358 0.036040
0.309068 0.278348 0.044771 0.026475
0.308559 0.762764 0.051238 0.032449
0.698170 0.813599 0.044091 0.031181
0.591539 0.916136 0.049857 0.034036
0.500610 0.667698 0.059875 0.034926
0.216824 0.823122 0.048242 0.032747
0.407065 0.908842 0.048291 0.033048
0.400711 0.770621 0.046310 0.034457
0.403125 0.697788 0.052327 0.031483
0.798270 0.481564 0.053468 0.035030
0.217744 0.784605 0.050497 0.031466
0.591641 0.845277 0.046021 0.038205
0.693013 0.444913 0.053320 0.028793
0.802507 0.173457 0.054442 0.030039
0.315264 0.341660 0.050919 0.034750
0.309368 0.723020 0.045931 0.036621
0.595092 0.246675 0.047339 0.037433
0.410746 0.255357 0.055328 0.027441
0.399881 0.657955 0.045223 0.032564
0.794691 0.316580 0.042343 0.032800
0.891595 0.213154 0.052890 0.034358
0.135692 0.921391 0.053724 0.041247
0.497078 0.710046 0.056405 0.039762
0.132836 0.877710 0.052000 0.038600
0.501301 0.465262 0.046764 0.032086
0.500417 0.897845 0.066908 0.028354
0.897157 0.515381 0.054607 0.034610
0.219490 0.347422 0.061684 0.034245
0.899501 0.901314 0.052369 0.021811
0.217663 0.306066 0.048504 0.036117
0.309842 0.799155 0.046010 0.034280
0.217520 0.448274 0.050671 0.030498
0.892583 0.246276 0.065584 0.031852
0.498346 0.792010 0.047357 0.037490
0.124865 0.350138 0.065883 0.030974
0.499565 0.390551 0.047272 0.039469
0.211115 0.207667 0.054247 0.024664
0.497563 0.563873 0.044756 0.033145
0.123393 0.697822 0.059949 0.024673
0.691528 0.562124 0.047518 0.033117
0.310385 0.215587 0.047759 0.024354
0.886593 0.112266 0.054759 0.033481
0.593255 0.540180 0.052008 0.028559
0.404072 0.364945 0.051776 0.040297
0.696196 0.743370 0.049132 0.032678
0.219451 0.485622 0.050844 0.032415
0.217401 0.415227 0.047287 0.027263
0.312170 0.152682 0.061949 0.025230
0.595812 0.183560 0.061872 0.024365
0.594808 0.311297 0.055358 0.028109
0.312171 0.435640 0.044236 0.024258
0.503353 0.175621 0.054767 0.034395
0.497421 0.864437 0.044452 0.030105
0.405809 0.328786 0.049043 0.031710
0.791742 0.584705 0.047023 0.028629
0.900286 0.750387 0.064238 0.023539
0.407325 0.180503 0.050209 0.032590
0.896689 0.323501 0.045360 0.032573
0.896261 0.681030 0.038589 0.029028
0.690612 0.107997 0.052965 0.027002
0.593091 0.568230 0.062717 0.024747
0.592504 0.599535 0.042675 0.031183
0.691506 0.498894 0.056868 0.025081
0.898911 0.715766 0.046553 0.033512
0.592439 0.451122 0.041564 0.031068
0.311242 0.119894 0.046370 0.032695
0.689340 0.204383 0.058636 0.022094
0.405407 0.218170 0.047947 0.041454
0.307941 0.904829 0.053498 0.025544
0.596492 0.281055 0.061934 0.022241
0.396426 0.807401 0.062208 0.026667
0.792372 0.676468 0.047556 0.031202
0.594388 0.386586 0.047054 0.032218
0.219626 0.892674 0.043609 0.026435
0.797731 0.926620 0.042491 0.024671
0.312506 0.307720 0.038386 0.029422
0.214465 0.148936 0.054246 0.024297
0.125880 0.117528 0.057706 0.028291
0.126110 0.557974 0.042250 0.033976
0.500953 0.210807 0.047271 0.032841
0.693069 0.266623 0.053189 0.023449
0.595061 0.209533 0.043281 0.029062
0.593338 0.420713 0.041004 0.030636
0.592951 0.111821 0.044213 0.036002
0.505093 0.430279 0.049835 0.030416
0.219870 0.592790 0.042302 0.029931
0.219950 0.926343 0.049304 0.027563
0.401159 0.554187 0.057103 0.023298
0.120819 0.256567 0.052180 0.023683
0.498169 0.110209 0.058752 0.023202
0.309834 0.608677 0.037223 0.029665
0.501140 0.242838 0.040491 0.022135
0.318076 0.377494 0.057415 0.027781
0.797568 0.141169 0.050624 0.029159
0.596496 0.693580 0.049967 0.021646
0.220672 0.692487 0.046308 0.028179
0.225129 0.561252 0.055257 0.026789
0.591576 0.513539 0.042119 0.025945
0.307852 0.682498 0.046335 0.031924
0.898640 0.925553 0.044713 0.024560
0.897642 0.779039 0.063901 0.025905
0.124198 0.321521 0.051623 0.019399
0.222492 0.723464 0.038127 0.027102
0.500576 0.308051 0.055732 0.025477
0.133312 0.838102 0.052462 0.029299
0.123376 0.443971 0.053150 0.032160
0.123773 0.191589 0.038487 0.029006
0.705231 0.930675 0.072472 0.030087
0.498355 0.344658 0.050345 0.042096
0.121481 0.409926 0.038427 0.024051
0.796605 0.902106 0.044428 0.021608
0.214301 0.178310 0.048752 0.031394
0.800081 0.706603 0.054289 0.023097
0.495376 0.928742 0.042643 0.025628
0.217837 0.121657 0.044624 0.031572
0.217586 0.381594 0.035733 0.028964
0.896479 0.545292 0.050131 0.019920
0.314352 0.406293 0.037626 0.026881
0.500433 0.633679 0.034787 0.027999
0.902474 0.805488 0.058878 0.021249
0.792253 0.612299 0.036777 0.025990
0.692814 0.473871 0.056584 0.022053
0.117691 0.383165 0.039754 0.019991
0.496591 0.830431 0.036002 0.024103
0.791879 0.348383 0.048107 0.020731
0.794852 0.109709 0.038162 0.026960
0.404353 0.875727 0.038198 0.029299
0.315599 0.933545 0.059773 0.025957
0.219177 0.751622 0.037616 0.025597
0.404823 0.112554 0.035635 0.026643
0.705740 0.906163 0.070513 0.018297
0.400641 0.935716 0.044611 0.016851
