0.175499 0.479568 0.076320 0.056085
0.179559 0.528986 0.085264 0.041424
0.933626 0.578462 0.074537 0.050002
0.599904 0.271218 0.079475 0.055221
0.388775 0.268291 0.087053 0.055503
0.504294 0.828791 0.072395 0.053321
0.390035 0.113561 0.075583 0.059299
0.392941 0.213928 0.080664 0.049400
0.716785 0.444488 0.078526 0.055385
0.719711 0.766818 0.087844 0.052256
0.824446 0.204109 0.080651 0.043883
0.496719 0.203880 0.079381 0.045482
0.287179 0.420098 0.073125 0.047960
0.829694 0.528745 0.080911 0.057156
0.398059 0.689641 0.080904 0.046073
0.176541 0.576868 0.086179 0.044904
0.278181 0.471328 0.081353 0.050542
0.284254 0.215041 0.074027 0.051104
0.276964 0.369880 0.074233 0.048018
0.491304 0.480413 0.075830 0.054043
0.608818 0.329081 0.083679 0.055710
0.282500 0.671916 0.076402 0.053088
0.839075 0.897546 0.088472 0.045573
0.721015 0.387509 0.085128 0.052938
0.716273 0.662341 0.076522 0.054997
0.608223 0.216982 0.075522 0.050604
0.835534 0.852123 0.073231 0.040316
0.498845 0.771995 0.074188 0.052696
0.833287 0.953623 0.066207 0.055869
0.608042 0.838810 0.078034 0.047703
0.924329 0.101897 0.081243 0.046865
0.490705 0.376717 0.072054 0.050050
0.611184 0.890553 0.079498 0.048524
0.177907 0.423482 0.084503 0.049814
0.182776 0.881615 0.084668 0.050606
0.390541 0.379882 0.090023 0.054619
0.935636 0.527357 0.073129 0.046080
0.065983 0.214913 0.070973 0.048926
0.928953 0.208930 0.074862 0.056271
0.182647 0.830438 0.076644 0.047575
0.721420 0.714079 0.085847 0.043369
0.718394 0.167303 0.067076 0.051472
0.721694 0.817454 0.089815 0.044707
0.826148 0.421154 0.070995 0.055255
0.390636 0.054861 0.077910 0.054158
0.068648 0.489097 0.069259 0.053016
0.292461 0.884420 0.078194 0.043054
0.395717 0.890427 0.067145 0.048364
0.279699 0.319346 0.084800 0.043152
0.609093 0.788382 0.077881 0.050048
0.285068 0.052567 0.070547 0.049624
0.280290 0.523569 0.073246 0.040891
0.828546 0.151996 0.065198 0.049465
0.178063 0.052098 0.080379 0.051575
0.501464 0.259087 0.077385 0.056067
0.398674 0.838749 0.078748 0.045283
0.721930 0.111688 0.077597 0.053777
0.071392 0.706845 0.072407 0.053080
0.187516 0.272875 0.084494 0.049881
0.930917 0.736240 0.067627 0.053097
0.929183 0.265970 0.077751 0.049854
0.924071 0.320021 0.064053 0.052699
0.284179 0.107029 0.076236 0.049030
0.184967 0.679851 0.080228 0.049768
0.922244 0.477568 0.079086 0.052608
0.073823 0.763665 0.080248 0.049211
0.178896 0.628702 0.068108 0.046408
0.399188 0.740076 0.077103 0.046606
0.054498 0.382188 0.086487 0.048631
0.170029 0.326854 0.078589 0.049366
0.301968 0.833633 0.081008 0.049474
0.821062 0.366186 0.061702 0.047621
0.604910 0.575158 0.089418 0.046825
0.731222 0.866989 0.074739 0.048691
0.829122 0.475759 0.082706 0.046677
0.715584 0.276609 0.088745 0.054748
0.190616 0.928308 0.084178 0.039266
0.718218 0.051680 0.077143 0.059683
0.504727 0.927595 0.081945 0.039118
0.822478 0.315453 0.060587 0.049342
0.279798 0.619443 0.084617 0.040485
0.503716 0.884156 0.072100 0.048321
0.388299 0.638888 0.070474 0.046457
0.295728 0.931750 0.084549 0.045918
0.391186 0.167103 0.073491 0.041805
0.828706 0.582496 0.072366 0.048015
0.061092 0.053451 0.079160 0.050053
0.828039 0.099829 0.080908 0.051520
0.070637 0.653804 0.082635 0.046679
0.938575 0.787962 0.086131 0.047985
0.494081 0.153279 0.073751 0.050134
0.723754 0.964196 0.085012 0.041784
0.721717 0.499105 0.066423 0.050585
0.928789 0.153579 0.063692 0.051396
0.608101 0.679540 0.081247 0.048799
0.283270 0.569145 0.076077 0.042965
0.180171 0.375170 0.076748 0.041889
0.388850 0.491912 0.077672 0.047782
0.058476 0.332358 0.067410 0.048078
0.396003 0.789597 0.073447 0.045792
0.938580 0.930227 0.056677 0.041308
0.606487 0.161934 0.064214 0.048906
0.065344 0.548580 0.071262 0.054265
0.724734 0.916712 0.058895 0.047042
0.927315 0.049166 0.070808 0.052490
0.492648 0.659483 0.073465 0.054507
0.066522 0.162313 0.064960 0.044824
0.607493 0.473484 0.059398 0.045478
0.392712 0.542061 0.076499 0.039276
0.189012 0.782378 0.084272 0.041556
0.937481 0.834419 0.079066 0.043471
0.931358 0.632120 0.062008 0.052841
0.495817 0.427822 0.067696 0.047235
0.289272 0.726988 0.062213 0.051597
0.607500 0.627014 0.066336 0.050977
0.936917 0.884883 0.063009 0.045746
0.720637 0.221519 0.067525 0.051518
0.065406 0.273354 0.071557 0.061680
0.603893 0.105801 0.075305 0.056028
0.831764 0.802906 0.063926 0.046450
0.497669 0.715424 0.066099 0.051635
0.611597 0.734495 0.080181 0.048204
0.603104 0.430408 0.064046 0.038226
0.933608 0.684562 0.060601 0.042993
0.080796 0.962284 0.070020 0.044207
0.931964 0.375599 0.072674 0.055829
0.835608 0.744657 0.069502 0.050449
0.498462 0.532389 0.063375 0.046753
0.177115 0.106001 0.082664 0.049729
0.387366 0.323253 0.078266 0.052300
0.285777 0.159628 0.064386 0.045640
0.079623 0.916983 0.060077 0.039815
0.175611 0.732463 0.068250 0.044768
0.833176 0.047130 0.083880 0.048968
0.834268 0.691781 0.088962 0.051605
0.938169 0.970342 0.057501 0.037662
0.616217 0.522929 0.091306 0.048581
0.068514 0.110709 0.085450 0.048723
0.603783 0.383770 0.073734 0.054805
0.604830 0.049262 0.066386 0.054055
0.824107 0.258980 0.070437 0.052683
0.718157 0.331649 0.069016 0.048971
0.496126 0.320581 0.069799 0.056358
0.506018 0.967076 0.071891 0.041949
0.193204 0.968778 0.081250 0.040708
0.063883 0.436237 0.074505 0.046274
0.178995 0.214702 0.058548 0.056155
0.387957 0.436508 0.075634 0.050793
0.721666 0.549274 0.054914 0.040564
0.931476 0.428034 0.064737 0.041996
0.182419 0.156878 0.060705 0.046473
0.401420 0.965965 0.080621 0.038089
0.389518 0.590225 0.061680 0.043416
0.294270 0.971756 0.077382 0.039597
0.292651 0.782086 0.069057 0.050712
0.080457 0.867061 0.069327 0.052769
0.080767 0.813003 0.075928 0.036775
0.828739 0.636755 0.066337 0.058610
0.720902 0.603429 0.073778 0.054590
0.398988 0.934776 0.070926 0.031521
0.496119 0.101377 0.075754 0.047081
0.612544 0.959959 0.097565 0.046380
0.496665 0.052385 0.078339 0.055637
0.283724 0.270905 0.050953 0.048607
0.071246 0.604504 0.053087 0.046578
0.499311 0.589378 0.073555 0.051610
0.614784 0.941988 0.083152 0.045963
