0.937272 0.907637 0.060043 0.039280
0.279055 0.290616 0.052679 0.038847
0.825502 0.318262 0.067224 0.045829
0.601450 0.629081 0.055263 0.039554
0.938852 0.804650 0.060788 0.037002
0.938084 0.135096 0.060213 0.041425
0.166060 0.790976 0.055206 0.036056
0.935105 0.208423 0.076546 0.042616
0.936767 0.693090 0.055352 0.037202
0.389817 0.194937 0.057479 0.032245
0.834711 0.962285 0.061604 0.034462
0.832177 0.854415 0.063459 0.037698
0.828663 0.243302 0.063197 0.037087
0.940479 0.540753 0.057534 0.036855
0.059269 0.629347 0.057996 0.037799
0.596168 0.764470 0.065544 0.040413
0.936558 0.729926 0.055506 0.036364
0.378603 0.876615 0.053020 0.036851
0.825241 0.451171 0.069414 0.033588
0.830389 0.812646 0.060875 0.038998
0.280618 0.106641 0.055960 0.038846
0.828084 0.652315 0.059487 0.037326
0.161457 0.106574 0.068684 0.041747
0.058983 0.731112 0.050985 0.036143
0.829866 0.492646 0.066581 0.047652
0.595710 0.879295 0.051953 0.029162
0.597266 0.946079 0.051089 0.026785
0.714221 0.525398 0.060573 0.044356
0.492543 0.774356 0.072710 0.049719
0.376832 0.712082 0.071714 0.036732
0.388623 0.156204 0.059934 0.041887
0.282484 0.068071 0.060477 0.038503
0.594096 0.912789 0.057792 0.037433
0.057615 0.440262 0.067339 0.040416
0.277260 0.429820 0.064808 0.038455
0.831736 0.928050 0.050016 0.033038
0.173566 0.972016 0.068983 0.038682
0.715985 0.241485 0.081851 0.035587
0.281086 0.328416 0.050661 0.034589
0.704662 0.753406 0.049807 0.031982
0.604459 0.584500 0.055012 0.042495
0.941337 0.404386 0.050872 0.038734
0.594555 0.806404 0.050659 0.041122
0.714522 0.283921 0.059725 0.045944
0.173560 0.486448 0.054092 0.041040
0.279140 0.175261 0.061689 0.035508
0.936855 0.765905 0.055984 0.031108
0.164657 0.571513 0.055078 0.038203
0.161638 0.338169 0.054270 0.035142
0.706414 0.789561 0.048616 0.036533
0.938389 0.581034 0.050216 0.040289
0.160084 0.260910 0.059493 0.034668
0.936536 0.503118 0.044189 0.038518
0.496512 0.656937 0.052995 0.045050
0.059793 0.328647 0.050168 0.039138
0.609496 0.316690 0.067650 0.051301
0.167062 0.750601 0.055965 0.036806
0.380515 0.636888 0.070712 0.033542
0.831540 0.893773 0.072493 0.036797
0.055968 0.800373 0.056952 0.038063
0.936887 0.945219 0.065160 0.034763
0.165621 0.826518 0.050515 0.031877
0.387180 0.230241 0.053153 0.028965
0.058042 0.588274 0.052985 0.038661
0.832721 0.775719 0.061971 0.029313
0.056958 0.546421 0.054190 0.041240
0.388082 0.378104 0.056740 0.033410
0.378595 0.672758 0.055596 0.036003
0.599351 0.727206 0.049144 0.029515
0.599932 0.843746 0.052235 0.035193
0.827216 0.693082 0.083375 0.043416
0.163375 0.932982 0.052832 0.035003
0.941656 0.867811 0.045183 0.038210
0.713960 0.478633 0.049274 0.041799
0.282118 0.566607 0.056199 0.037858
0.716890 0.324249 0.062663 0.032245
0.388740 0.304088 0.049337 0.038478
0.172749 0.447403 0.055553 0.036191
0.826456 0.537372 0.061168 0.039079
0.276476 0.248689 0.048819 0.042261
0.064384 0.215933 0.054356 0.044803
0.400688 0.041172 0.070970 0.044239
0.270982 0.392480 0.059792 0.038246
0.712754 0.358819 0.053012 0.037078
0.496479 0.440709 0.054374 0.043935
0.609934 0.234335 0.077545 0.034757
0.385511 0.264123 0.055607 0.038677
0.605678 0.156966 0.077806 0.040211
0.167971 0.530559 0.055376 0.043145
0.835814 0.178895 0.049039 0.036036
0.498030 0.566502 0.060653 0.044954
0.938856 0.286835 0.053963 0.038751
0.279123 0.501912 0.051489 0.036887
0.387159 0.343573 0.049506 0.037076
0.598103 0.975111 0.050124 0.030901
0.169818 0.407745 0.053970 0.035643
0.601825 0.697224 0.050712 0.028862
0.714152 0.566380 0.052926 0.033479
0.280137 0.359599 0.053937 0.025950
0.156246 0.299296 0.055881 0.041476
0.377732 0.778350 0.049438 0.041194
0.491433 0.696562 0.054741 0.035716
0.825329 0.613154 0.054036 0.038791
0.161386 0.153472 0.049758 0.043686
0.825234 0.575018 0.059033 0.035193
0.607730 0.365315 0.067901 0.045263
0.600933 0.666631 0.051591 0.030402
0.499032 0.483476 0.052803 0.035960
0.938391 0.097062 0.052662 0.034092
0.059707 0.401437 0.048040 0.036335
0.942001 0.363926 0.054442 0.039494
0.282381 0.974236 0.069809 0.030705
0.718945 0.636196 0.051874 0.042809
0.497253 0.610668 0.058545 0.041259
0.064266 0.130681 0.060307 0.045307
0.396897 0.115575 0.059193 0.038158
0.713096 0.440834 0.050913 0.033720
0.714048 0.967108 0.055022 0.038382
0.161578 0.896912 0.048648 0.034580
0.381940 0.489623 0.054604 0.036942
0.057856 0.368063 0.049597 0.034619
0.826639 0.277732 0.053005 0.032740
0.711281 0.400957 0.080197 0.042392
0.718460 0.207062 0.076915 0.033177
0.382920 0.556722 0.060158 0.043054
0.493679 0.822459 0.080628 0.043302
0.708740 0.925053 0.065216 0.041974
0.493234 0.863945 0.048844 0.037940
0.939288 0.439632 0.044372 0.031072
0.386087 0.413427 0.059165 0.036880
0.937714 0.325300 0.051488 0.037010
0.381899 0.846014 0.046360 0.022916
0.828619 0.035410 0.071500 0.039233
0.058049 0.665339 0.044581 0.033454
0.160636 0.610925 0.059337 0.039212
0.053132 0.936797 0.050626 0.036195
0.719331 0.083462 0.063350 0.052369
0.709667 0.852129 0.045540 0.038309
0.379669 0.912870 0.044746 0.035831
0.285329 0.940647 0.064746 0.032191
0.276449 0.209534 0.046938 0.033306
0.940878 0.171556 0.053983 0.025231
0.939923 0.035195 0.054025 0.037061
0.161390 0.689484 0.071895 0.036130
0.835588 0.210320 0.052528 0.027678
0.828787 0.358681 0.049823 0.034156
0.724879 0.172673 0.052122 0.038588
0.723952 0.130018 0.054299 0.039922
0.285192 0.607902 0.059695 0.040345
0.163956 0.860710 0.042995 0.033772
0.492886 0.968255 0.068710 0.041664
0.826745 0.418141 0.050973 0.033229
0.940000 0.836320 0.057383 0.025131
0.273575 0.714711 0.053507 0.040323
0.175200 0.033636 0.055472 0.031484
0.058080 0.508354 0.053205 0.033193
0.623448 0.037372 0.055344 0.043495
0.604736 0.537241 0.048597 0.045579
0.713733 0.821691 0.052123 0.023721
0.064244 0.174611 0.052701 0.035712
0.278678 0.140763 0.049104 0.030543
0.277825 0.466449 0.046479 0.032437
0.506566 0.036653 0.069494 0.043028
0.082868 0.083672 0.088789 0.048106
0.377674 0.947841 0.055525 0.032877
0.378601 0.816543 0.046943 0.035113
0.494459 0.905593 0.047835 0.041482
0.289468 0.033150 0.050757 0.029732
0.717725 0.597378 0.048762 0.030238
0.276429 0.678634 0.042327 0.031886
0.831453 0.739301 0.053659 0.044710
0.486851 0.732717 0.055686 0.037363
0.936585 0.470047 0.042916 0.030154
0.157391 0.224127 0.060035 0.031979
0.940146 0.975315 0.061536 0.031260
0.058845 0.477005 0.050987 0.030652
0.387037 0.521242 0.054119 0.027098
0.397906 0.079788 0.054313 0.030019
0.606706 0.272070 0.050576 0.036986
0.709026 0.721128 0.040261 0.029489
0.834250 0.141522 0.046033 0.037875
0.058143 0.696274 0.044164 0.028330
0.500040 0.523228 0.054700 0.042659
0.934613 0.623556 0.047811 0.042306
0.611075 0.116480 0.063982 0.040468
0.058253 0.766186 0.043285 0.030386
0.501127 0.110570 0.055661 0.036606
0.382851 0.451212 0.045622 0.035658
0.714385 0.679616 0.060082 0.043794
0.380667 0.744493 0.057768 0.027977
0.065432 0.039219 0.079348 0.040666
0.619471 0.077994 0.051288 0.032975
0.708577 0.886563 0.042194 0.032848
0.164176 0.192877 0.050254 0.029463
0.936179 0.657324 0.044354 0.031260
0.835258 0.104975 0.053668 0.035480
0.280795 0.794234 0.053221 0.048274
0.055279 0.839053 0.047714 0.036130
0.828315 0.387370 0.049483 0.029133
0.722138 0.037013 0.064414 0.043248
0.168793 0.068135 0.044594 0.032163
0.282543 0.533581 0.050762 0.026890
0.280613 0.752244 0.051969 0.035005
0.831569 0.071371 0.052775 0.033528
0.062155 0.261182 0.042052 0.034529
0.059558 0.294730 0.041469 0.030498
0.610766 0.198991 0.044737 0.037616
0.935762 0.250143 0.057835 0.036051
0.607358 0.459638 0.049609 0.041497
0.499130 0.190766 0.051028 0.044864
0.381521 0.599240 0.037540 0.038318
0.609246 0.415613 0.051626 0.046417
0.050257 0.971142 0.039701 0.031369
0.380716 0.976222 0.052789 0.032083
0.939532 0.067258 0.042872 0.024494
0.161273 0.373957 0.053960 0.034100
0.496129 0.392933 0.045473 0.047413
0.494432 0.936600 0.049232 0.025893
0.606289 0.497830 0.045991 0.031914
0.050023 0.898716 0.063279 0.040116
0.495254 0.148299 0.053764 0.037401
0.281569 0.874431 0.061188 0.031855
0.292534 0.907441 0.077008 0.033883
0.279624 0.837828 0.046058 0.036225
0.277721 0.646767 0.042656 0.032000
0.497321 0.238696 0.047690 0.045676
0.495861 0.279261 0.048829 0.034610
0.496265 0.315762 0.051732 0.038972
0.053322 0.866793 0.047527 0.028183
0.499858 0.074076 0.053499 0.034541
0.162742 0.651440 0.032348 0.033713
0.496585 0.351072 0.045908 0.035678
0.172620 0.718920 0.049115 0.023150
0.813906 0.993971 0.054040 0.011391
