0.597510 0.232885 0.063155 0.034379
0.486456 0.790669 0.066861 0.039102
0.599441 0.072978 0.059843 0.040245
0.905335 0.691142 0.056848 0.038278
0.283426 0.172694 0.065730 0.032676
0.172293 0.442453 0.064309 0.046332
0.278976 0.395666 0.058007 0.036124
0.809460 0.541099 0.059344 0.036205
0.693042 0.671897 0.074649 0.040912
0.902160 0.828351 0.064200 0.033170
0.376753 0.697525 0.065509 0.043667
0.375900 0.576271 0.077634 0.045615
0.277685 0.137141 0.072588 0.036178
0.168707 0.184622 0.059966 0.041045
0.928656 0.146695 0.067835 0.036731
0.485756 0.472631 0.060535 0.040481
0.065362 0.364187 0.071120 0.036645
0.600879 0.195703 0.055970 0.034806
0.596371 0.307948 0.069977 0.038047
0.803877 0.658446 0.059923 0.039610
0.903387 0.929148 0.052165 0.036850
0.272536 0.794655 0.070467 0.042670
0.800311 0.811017 0.059892 0.037130
0.587613 0.878753 0.060530 0.040410
0.698101 0.758489 0.063504 0.042412
0.595242 0.379089 0.067193 0.043339
0.798088 0.771101 0.052261 0.037152
0.812455 0.267017 0.056435 0.040524
0.070477 0.240925 0.055766 0.044440
0.494394 0.660649 0.058020 0.038658
0.285726 0.212377 0.071860 0.039431
0.924294 0.279210 0.053613 0.037834
0.815289 0.382691 0.058062 0.033172
0.067596 0.666034 0.068287 0.038775
0.490070 0.272543 0.063725 0.042638
0.054923 0.749932 0.061292 0.035229
0.808783 0.225565 0.055312 0.039853
0.904843 0.763384 0.053467 0.033956
0.171714 0.026482 0.067941 0.043131
0.050076 0.886920 0.072560 0.044134
0.488137 0.353784 0.060932 0.040068
0.600815 0.114184 0.052887 0.041793
0.696691 0.409627 0.065107 0.038702
0.498369 0.158964 0.047167 0.029685
0.697641 0.552979 0.056400 0.037569
0.588908 0.720657 0.069279 0.038798
0.068215 0.197870 0.055866 0.038332
0.066806 0.403124 0.048566 0.042588
0.278617 0.097216 0.053787 0.040811
0.702675 0.486371 0.056189 0.041010
0.604134 0.028973 0.060331 0.041319
0.176961 0.226749 0.066950 0.039958
0.063636 0.322295 0.057775 0.040954
0.497871 0.127370 0.052141 0.031409
0.598352 0.269231 0.053722 0.034259
0.076051 0.065954 0.058199 0.046176
0.699120 0.447504 0.055528 0.034841
0.494649 0.193340 0.059377 0.038284
0.692598 0.909376 0.055631 0.033967
0.056865 0.709467 0.055751 0.039495
0.279628 0.022544 0.061024 0.032754
0.592027 0.836063 0.058857 0.044656
0.810278 0.148588 0.051481 0.033872
0.486763 0.860609 0.051355 0.039948
0.807961 0.108617 0.069095 0.042245
0.166356 0.544008 0.061557 0.044404
0.906729 0.727749 0.048629 0.035194
0.921547 0.237494 0.056664 0.039829
0.486301 0.747969 0.052273 0.043958
0.600870 0.154777 0.050361 0.034710
0.049644 0.837062 0.060446 0.044347
0.928571 0.068064 0.054153 0.042535
0.701853 0.323432 0.054138 0.040554
0.911782 0.650933 0.060309 0.036773
0.696935 0.589530 0.059947 0.036192
0.812418 0.184867 0.055469 0.033547
0.270147 0.544613 0.062625 0.039888
0.588811 0.940320 0.065477 0.029860
0.073749 0.154578 0.054328 0.044607
0.485086 0.515121 0.062420 0.040370
0.805556 0.619065 0.050890 0.040069
0.059596 0.485465 0.058136 0.042359
0.905134 0.795516 0.051252 0.030784
0.908970 0.613397 0.050424 0.038531
0.812935 0.420136 0.057324 0.036131
0.809230 0.500057 0.049707 0.040803
0.387122 0.271254 0.066775 0.031592
0.494524 0.433147 0.059073 0.038908
0.067891 0.578173 0.064422 0.043686
0.917160 0.404890 0.061718 0.044597
0.278309 0.332110 0.047582 0.033553
0.174060 0.396828 0.051035 0.039222
0.279297 0.470249 0.056930 0.028179
0.283131 0.058309 0.060462 0.036367
0.796176 0.697591 0.065335 0.027841
0.388531 0.104160 0.049787 0.035875
0.703328 0.366748 0.047756 0.041630
0.071894 0.110252 0.053440 0.039149
0.699014 0.877439 0.057710 0.027410
0.170022 0.493884 0.056486 0.051341
0.597765 0.759093 0.058088 0.037756
0.814604 0.345976 0.048064 0.036071
0.277009 0.433866 0.046758 0.035115
0.273363 0.587361 0.059847 0.040451
0.801698 0.732763 0.050509 0.035571
0.807275 0.579170 0.048264 0.037900
0.376948 0.923083 0.053739 0.038884
0.381502 0.457395 0.056081 0.041182
0.279682 0.250762 0.051940 0.039263
0.388460 0.139723 0.055656 0.035887
0.174443 0.267375 0.049913 0.039992
0.802555 0.913509 0.058333 0.037548
0.065096 0.623924 0.060205 0.036011
0.696388 0.840581 0.048191 0.042842
0.384714 0.209906 0.071435 0.039083
0.694354 0.940606 0.060429 0.029224
0.053703 0.789548 0.057398 0.042212
0.928159 0.108437 0.049874 0.037232
0.277342 0.503878 0.048752 0.036046
0.594006 0.795699 0.050250 0.034031
0.061820 0.531196 0.052513 0.042557
0.698456 0.713485 0.048671 0.040322
0.065734 0.446528 0.047468 0.035293
0.279104 0.955101 0.053837 0.042900
0.912186 0.494430 0.057415 0.044636
0.699175 0.800093 0.051774 0.038241
0.381327 0.657671 0.051139 0.031100
0.379584 0.496721 0.054131 0.039185
0.272898 0.627935 0.057453 0.034869
0.904309 0.964999 0.050341 0.031567
0.489519 0.702753 0.049488 0.043183
0.484244 0.930177 0.048841 0.032843
0.168149 0.353198 0.054391 0.047642
0.375879 0.778169 0.063977 0.033080
0.162508 0.852474 0.059450 0.044265
0.922560 0.363404 0.058049 0.035343
0.273867 0.911095 0.053622 0.036108
0.173027 0.308697 0.048887 0.037074
0.393763 0.304512 0.064952 0.035027
0.802883 0.953634 0.053132 0.042514
0.702938 0.279928 0.048149 0.040744
0.494173 0.396035 0.055234 0.037626
0.489101 0.966101 0.048828 0.039249
0.585992 0.970350 0.061571 0.033307
0.382844 0.342429 0.060115 0.039584
0.931316 0.027793 0.061572 0.036124
0.270094 0.670710 0.055769 0.041872
0.814561 0.307841 0.051164 0.037072
0.490173 0.584046 0.055579 0.037487
0.278776 0.294564 0.049786 0.038301
0.707443 0.143163 0.051529 0.045770
0.378521 0.382717 0.054630 0.039311
0.382782 0.619622 0.051839 0.040499
0.813426 0.072360 0.051230 0.030597
0.803338 0.873210 0.051301 0.036474
0.912017 0.571783 0.046585 0.041881
0.382097 0.533551 0.062775 0.038653
0.176128 0.073177 0.054193 0.042819
0.272084 0.837686 0.051643 0.041671
0.276832 0.750305 0.055067 0.037711
0.275926 0.875441 0.049625 0.033200
0.489305 0.896695 0.049169 0.032329
0.905359 0.895577 0.049766 0.026939
0.265590 0.710955 0.063176 0.041638
0.593472 0.422359 0.052968 0.040476
0.700706 0.236784 0.047933 0.041118
0.693620 0.970390 0.058382 0.028378
0.926722 0.192511 0.051291 0.045587
0.811128 0.458523 0.048788 0.040930
0.374313 0.817205 0.061329 0.043158
0.801136 0.841324 0.058966 0.023819
0.490923 0.824674 0.056515 0.027099
0.388900 0.063765 0.049031 0.040853
0.378045 0.418100 0.054829 0.035171
0.491288 0.232353 0.058863 0.038012
0.493026 0.622929 0.052362 0.037384
0.913275 0.532175 0.059273 0.032391
0.591991 0.651316 0.066529 0.037238
0.699453 0.630647 0.044844 0.039597
0.050851 0.927331 0.057834 0.036926
0.280255 0.363036 0.048104 0.022841
0.920009 0.324119 0.050881 0.044922
0.378662 0.885395 0.046561 0.035228
0.899301 0.862857 0.059653 0.034901
0.592287 0.463811 0.053436 0.042656
0.591199 0.567381 0.055523 0.040625
0.390110 0.174236 0.044743 0.030448
0.164844 0.584967 0.058755 0.039414
0.380970 0.966840 0.054916 0.046644
0.172799 0.143579 0.049855 0.039772
0.071754 0.023597 0.051365 0.038308
0.706427 0.190220 0.048764 0.047385
0.391254 0.024679 0.050277 0.036450
0.490770 0.313924 0.051740 0.035174
0.166342 0.767018 0.052665 0.040954
0.068174 0.282856 0.041865 0.030365
0.599607 0.340332 0.045377 0.031910
0.373226 0.739931 0.073743 0.040107
0.807457 0.031895 0.055749 0.047625
0.594960 0.912537 0.055924 0.024087
0.055095 0.962216 0.054315 0.039862
0.384372 0.241251 0.069630 0.024307
0.711334 0.100608 0.055598 0.035767
0.499379 0.059155 0.044356 0.032146
0.378669 0.854064 0.049423 0.028536
0.921575 0.449766 0.054458 0.041944
0.710267 0.026911 0.043893 0.040537
0.497786 0.091108 0.043225 0.035430
0.162844 0.810423 0.044325 0.033611
0.177277 0.109129 0.050711 0.030044
0.158983 0.722608 0.050111 0.046384
0.711971 0.064495 0.047766 0.033711
0.700279 0.521042 0.044853 0.025004
0.496377 0.026020 0.052868 0.037542
0.591314 0.686323 0.051378 0.034308
0.589971 0.501383 0.051304 0.038913
0.160873 0.673238 0.043822 0.045891
0.161696 0.895455 0.043214 0.035719
0.491844 0.550591 0.050383 0.025809
0.159840 0.930584 0.056658 0.040417
0.593910 0.532159 0.055357 0.028716
0.591974 0.610779 0.042652 0.041544
0.163631 0.966870 0.048137 0.033318
0.160776 0.627411 0.057189 0.042870
