0.066647 0.184121 0.068413 0.038678
0.378747 0.245142 0.070905 0.045934
0.705885 0.313441 0.066883 0.038773
0.589049 0.173431 0.070922 0.043881
0.486139 0.800836 0.066410 0.041611
0.479938 0.128754 0.069416 0.035998
0.175134 0.383248 0.074243 0.041823
0.585435 0.813288 0.074324 0.047566
0.375709 0.852940 0.062694 0.040460
0.068489 0.227414 0.070031 0.041793
0.702651 0.233862 0.069963 0.043762
0.815544 0.689975 0.065272 0.037340
0.595648 0.291920 0.058431 0.034122
0.929985 0.246319 0.069531 0.031095
0.487088 0.497060 0.062230 0.037637
0.816518 0.799176 0.059574 0.036522
0.812880 0.760370 0.058288 0.035727
0.823602 0.403114 0.075626 0.037094
0.592558 0.133429 0.066593 0.036198
0.697540 0.682225 0.070799 0.044276
0.270371 0.080513 0.072549 0.041495
0.272323 0.684462 0.060981 0.036307
0.930050 0.917716 0.072855 0.042393
0.707326 0.189211 0.072033 0.040918
0.818899 0.128798 0.064508 0.039687
0.701340 0.797170 0.060620 0.035613
0.819081 0.906697 0.067599 0.039891
0.174908 0.096066 0.069006 0.039449
0.933174 0.391713 0.073955 0.039939
0.276992 0.250618 0.064354 0.032299
0.273999 0.724453 0.061843 0.042287
0.379191 0.290483 0.059897 0.041313
0.594610 0.256746 0.064089 0.032029
0.489008 0.929627 0.070893 0.038102
0.821661 0.315390 0.070103 0.041942
0.815702 0.087871 0.076991 0.038359
0.487061 0.461597 0.059185 0.035218
0.590470 0.655015 0.063781 0.050201
0.700188 0.535057 0.058972 0.029861
0.814884 0.652392 0.060703 0.030561
0.277922 0.373273 0.060226 0.048797
0.931956 0.527790 0.059786 0.037864
0.703641 0.275072 0.054012 0.034955
0.382225 0.329996 0.062350 0.038115
0.813515 0.614731 0.061833 0.040909
0.492981 0.572563 0.071945 0.035625
0.700589 0.388318 0.062420 0.036567
0.595122 0.903592 0.068866 0.040856
0.701362 0.837319 0.061420 0.040253
0.485241 0.723376 0.060303 0.045793
0.706658 0.086547 0.061897 0.036030
0.163774 0.561505 0.067180 0.038692
0.705934 0.350362 0.062368 0.035002
0.372934 0.899360 0.063503 0.047641
0.927846 0.657325 0.071954 0.032478
0.155062 0.643496 0.068160 0.042560
0.591675 0.606936 0.058752 0.039551
0.274864 0.829305 0.056760 0.043264
0.170842 0.304857 0.062197 0.043065
0.372861 0.083664 0.058586 0.038333
0.063335 0.098440 0.059565 0.048351
0.058578 0.421821 0.057906 0.036561
0.479538 0.167258 0.079896 0.037997
0.591171 0.217436 0.058052 0.041142
0.377614 0.543968 0.053988 0.035667
0.492114 0.390603 0.075750 0.044965
0.175385 0.172164 0.068322 0.030964
0.595884 0.518542 0.061193 0.043427
0.927877 0.211135 0.050539 0.037022
0.065095 0.307343 0.065502 0.038797
0.699139 0.603666 0.069704 0.035426
0.277194 0.287419 0.055656 0.039389
0.277124 0.453357 0.058654 0.035698
0.064405 0.651621 0.071766 0.039038
0.599809 0.475128 0.065115 0.040945
0.816422 0.274271 0.083106 0.036395
0.376918 0.813479 0.057710 0.036675
0.819342 0.839244 0.062212 0.039837
0.821036 0.572770 0.056307 0.037883
0.704960 0.965956 0.076911 0.039642
0.932053 0.142061 0.070297 0.042073
0.163013 0.887213 0.076481 0.037071
0.814581 0.725820 0.068625 0.029177
0.162390 0.724220 0.066964 0.038551
0.380212 0.159164 0.066290 0.034424
0.587861 0.860328 0.057642 0.042773
0.490036 0.843765 0.063167 0.038969
0.927694 0.282916 0.062070 0.039415
0.383147 0.367977 0.068483 0.034404
0.702729 0.727834 0.058170 0.039768
0.818293 0.495483 0.087507 0.037988
0.921760 0.692068 0.054979 0.034600
0.165919 0.446939 0.063938 0.034907
0.817138 0.194386 0.060931 0.038946
0.818618 0.956138 0.069541 0.048407
0.937327 0.432944 0.063242 0.039859
0.380521 0.122975 0.068386 0.035246
0.485513 0.427337 0.068584 0.028755
0.594405 0.096218 0.049768 0.036248
0.707937 0.497772 0.061210 0.040545
0.382268 0.655389 0.063019 0.040685
0.275051 0.872814 0.060179 0.041050
0.385302 0.403827 0.058504 0.033850
0.480634 0.088074 0.069104 0.042953
0.701318 0.639877 0.056459 0.038590
0.489355 0.537170 0.053047 0.037277
0.282140 0.211212 0.059025 0.044107
0.378102 0.693983 0.056519 0.036626
0.380138 0.199328 0.055395 0.043413
0.924344 0.564293 0.060319 0.034148
0.053317 0.881533 0.061147 0.039582
0.381953 0.581964 0.053964 0.034593
0.595743 0.564863 0.055985 0.042136
0.485606 0.762685 0.059142 0.035861
0.272205 0.169537 0.054514 0.036789
0.931273 0.596507 0.060632 0.026136
0.276599 0.328654 0.056169 0.036303
0.814260 0.045997 0.070589 0.040596
0.373147 0.041195 0.068721 0.039847
0.074184 0.143914 0.073535 0.041404
0.823083 0.233613 0.062001 0.039014
0.486719 0.886508 0.059750 0.045224
0.384637 0.504485 0.064919 0.039087
0.933463 0.354940 0.067711 0.030767
0.163395 0.931180 0.072242 0.045800
0.277174 0.913089 0.072446 0.039334
0.931053 0.095521 0.058519 0.049380
0.054799 0.928672 0.059036 0.050135
0.928311 0.625618 0.059818 0.031026
0.066248 0.268397 0.059829 0.039555
0.274410 0.759454 0.065570 0.026905
0.827523 0.361144 0.059234 0.041648
0.167536 0.520823 0.056618 0.038012
0.052929 0.842094 0.058525 0.033887
0.923617 0.760626 0.062816 0.034240
0.381412 0.438184 0.066353 0.034926
0.712514 0.043302 0.067879 0.041430
0.697044 0.881882 0.068490 0.042562
0.593905 0.387607 0.060567 0.035823
0.935563 0.961398 0.071301 0.042280
0.588648 0.696431 0.067234 0.031647
0.930680 0.320764 0.054870 0.031894
0.483667 0.346047 0.056349 0.044781
0.166526 0.848973 0.060117 0.032373
0.926111 0.796136 0.053177 0.032603
0.583769 0.765035 0.056535 0.036713
0.278549 0.958802 0.071294 0.047413
0.586046 0.728027 0.053050 0.034683
0.172618 0.205235 0.060981 0.031059
0.278173 0.789442 0.057280 0.031913
0.380975 0.616748 0.061176 0.034418
0.918408 0.726725 0.055874 0.028570
0.483745 0.296974 0.057586 0.051678
0.275788 0.487243 0.049981 0.032940
0.273275 0.416678 0.054135 0.036814
0.173193 0.135004 0.056453 0.038474
0.921361 0.875437 0.075411 0.041336
0.698559 0.425885 0.055190 0.037128
0.923965 0.833562 0.061229 0.041065
0.157351 0.683783 0.054837 0.036764
0.594646 0.430229 0.048981 0.047552
0.488022 0.970022 0.062166 0.035299
0.273037 0.124855 0.051183 0.042243
0.176955 0.343910 0.055391 0.033525
0.168693 0.482621 0.054755 0.034321
0.058863 0.608795 0.053892 0.039963
0.169108 0.238065 0.068555 0.029368
0.059221 0.454958 0.070006 0.027966
0.063338 0.346531 0.050352 0.036527
0.060258 0.386188 0.046699 0.035146
0.158147 0.762146 0.058950 0.036080
0.173759 0.046302 0.079874 0.054784
0.710827 0.147884 0.058550 0.036271
0.705414 0.925225 0.057226 0.040442
0.931988 0.046685 0.069117 0.040701
0.176203 0.267089 0.063497 0.027758
0.928803 0.178433 0.046599 0.025605
0.699233 0.763689 0.050719 0.030081
0.598956 0.354792 0.062922 0.026706
0.605462 0.326206 0.076466 0.027610
0.164079 0.804747 0.054679 0.048698
0.173387 0.416125 0.067733 0.026859
0.061838 0.568683 0.047430 0.037914
0.274995 0.650574 0.060996 0.025624
0.062424 0.720318 0.056804 0.043913
0.816019 0.873084 0.061223 0.024285
0.275196 0.547123 0.051476 0.032077
0.270203 0.617659 0.046062 0.040004
0.279986 0.517164 0.058944 0.026497
0.160576 0.599621 0.045749 0.036609
0.821754 0.461311 0.063260 0.027830
0.700742 0.567089 0.045684 0.029870
0.064780 0.046797 0.075612 0.047640
0.057182 0.488691 0.053730 0.041568
0.064325 0.685726 0.061650 0.025735
0.819086 0.435159 0.054788 0.025170
0.058667 0.803021 0.071081 0.038591
0.479120 0.250941 0.064980 0.035847
0.932465 0.471120 0.066355 0.035748
0.834197 0.534529 0.082469 0.036762
0.480368 0.042411 0.053186 0.044424
0.702461 0.459085 0.046376 0.031823
0.056424 0.529910 0.045770 0.039638
0.477172 0.211245 0.048205 0.046385
0.271247 0.582676 0.042640 0.032835
0.485756 0.683373 0.042367 0.033397
0.380837 0.470267 0.049403 0.032509
0.377291 0.725012 0.061974 0.025693
0.491048 0.608224 0.060758 0.036725
0.381207 0.953370 0.095156 0.054659
0.055361 0.975115 0.052525 0.033026
0.267402 0.038172 0.053167 0.035141
0.592014 0.953962 0.061060 0.052983
0.052805 0.761762 0.049476 0.035880
0.818251 0.161442 0.046971 0.022839
0.156739 0.970290 0.044583 0.031192
0.594127 0.062964 0.045551 0.025046
0.706210 0.116794 0.053274 0.020601
0.375346 0.770776 0.056628 0.048920
0.489917 0.646100 0.055306 0.042236
0.929264 0.497215 0.054499 0.017811
0.594630 0.035555 0.037701 0.028142
