0.949887 0.332102 0.057684 0.031637
0.176074 0.558117 0.066250 0.038671
0.275339 0.338673 0.066776 0.039188
0.177419 0.418871 0.058217 0.036015
0.486274 0.847181 0.057023 0.029186
0.785159 0.835346 0.059347 0.029850
0.868973 0.256068 0.058798 0.030360
0.869320 0.668707 0.055866 0.032853
0.774197 0.227467 0.057343 0.030426
0.579211 0.504536 0.053529 0.035239
0.580685 0.730026 0.051423 0.034221
0.674593 0.266785 0.052703 0.031685
0.279853 0.243472 0.053226 0.032331
0.685528 0.671257 0.054384 0.032688
0.870571 0.732991 0.059556 0.030357
0.178656 0.654088 0.055466 0.032979
0.870729 0.870751 0.054859 0.026926
0.493138 0.672168 0.066831 0.031872
0.954182 0.296789 0.049444 0.030759
0.864906 0.218444 0.061024 0.032739
0.954377 0.639697 0.051696 0.033998
0.680405 0.455973 0.053964 0.031541
0.473871 0.191871 0.050641 0.035240
0.783087 0.762099 0.056559 0.029724
0.173889 0.304073 0.052153 0.035266
0.388489 0.662761 0.060206 0.031995
0.669997 0.230511 0.060954 0.032258
0.390548 0.767546 0.057673 0.035556
0.391408 0.837825 0.055118 0.030718
0.379644 0.339013 0.054539 0.031131
0.774196 0.293947 0.048228 0.034160
0.292938 0.882475 0.058303 0.028099
0.380775 0.234951 0.065315 0.030953
0.953428 0.204735 0.052645 0.029354
0.479199 0.317091 0.053959 0.031613
0.381506 0.302868 0.059932 0.030649
0.681065 0.527145 0.052618 0.035470
0.281142 0.662264 0.052991 0.033254
0.579145 0.228690 0.057067 0.034578
0.290030 0.772783 0.057634 0.036758
0.485028 0.405994 0.060149 0.030027
0.786220 0.727750 0.052752 0.028746
0.177974 0.484083 0.060843 0.027213
0.952801 0.436004 0.050220 0.034949
0.285109 0.565311 0.055175 0.032722
0.174137 0.169737 0.065274 0.029953
0.485164 0.880238 0.052976 0.031602
0.687353 0.733704 0.061692 0.029873
0.575472 0.263480 0.055191 0.031750
0.864784 0.296553 0.050171 0.036756
0.772851 0.330463 0.052353 0.030201
0.870579 0.485612 0.057712 0.038427
0.279216 0.175639 0.057190 0.035873
0.781102 0.800135 0.046657 0.034724
0.179063 0.693115 0.056697 0.034280
0.280939 0.628938 0.051459 0.030633
0.488504 0.633988 0.050470 0.035119
0.678762 0.419958 0.050622 0.028678
0.780171 0.466831 0.056466 0.036122
0.589136 0.806865 0.056877 0.038332
0.285697 0.733562 0.050860 0.031499
0.391392 0.800808 0.065353 0.031923
0.864192 0.415321 0.051883 0.027653
0.955605 0.764702 0.044764 0.031804
0.956397 0.607898 0.045278 0.028343
0.955832 0.827792 0.052252 0.026070
0.584487 0.607769 0.054102 0.031159
0.290540 0.844468 0.059735 0.039736
0.784611 0.627748 0.049772 0.029280
0.276016 0.137248 0.050025 0.032120
0.863899 0.380981 0.057738 0.030622
0.682001 0.828786 0.063185 0.037402
0.867245 0.803052 0.047120 0.030134
0.680404 0.490181 0.053970 0.032317
0.485805 0.813572 0.052751 0.033507
0.475892 0.227398 0.054933 0.028054
0.169160 0.138320 0.052878 0.032178
0.774589 0.432171 0.050641 0.029213
0.957282 0.577318 0.046523 0.025890
0.772680 0.146108 0.055193 0.026234
0.280821 0.209697 0.053731 0.030610
0.680566 0.602478 0.052004 0.031952
0.281265 0.534526 0.051663 0.028600
0.873219 0.598054 0.049427 0.037494
0.487819 0.599693 0.058084 0.030038
0.385399 0.566261 0.061662 0.031950
0.675257 0.383630 0.045400 0.036627
0.380458 0.596121 0.052839 0.025743
0.781476 0.693838 0.046133 0.031375
0.178369 0.620308 0.053770 0.027543
0.580237 0.407085 0.051695 0.031011
0.387610 0.444790 0.052543 0.032404
0.579619 0.463892 0.048508 0.034931
0.774466 0.368023 0.047625 0.034841
0.275289 0.101848 0.057023 0.030873
0.491487 0.739937 0.061772 0.030070
0.862578 0.132460 0.045367 0.028221
0.953525 0.401152 0.048467 0.029073
0.580120 0.767563 0.053707 0.032493
0.574340 0.168023 0.059063 0.031767
0.172570 0.232677 0.047635 0.038143
0.954761 0.265093 0.051501 0.025312
0.475416 0.285987 0.051167 0.024980
0.280923 0.299821 0.059275 0.026078
0.869325 0.341825 0.050697 0.043221
0.281107 0.376950 0.061163 0.029566
0.175253 0.269951 0.051360 0.029448
0.871790 0.525629 0.061697 0.036734
0.955889 0.366379 0.053534 0.031209
0.586161 0.849914 0.053555 0.034784
0.578801 0.371454 0.051803 0.031087
0.488611 0.774358 0.049588 0.034763
0.960159 0.890357 0.056107 0.025699
0.396091 0.876670 0.051900 0.041848
0.281949 0.409623 0.064817 0.026814
0.574072 0.136073 0.058981 0.031304
0.484862 0.502004 0.052295 0.043328
0.771174 0.196525 0.049398 0.023261
0.579999 0.571084 0.047714 0.034224
0.286248 0.808322 0.048984 0.028440
0.387399 0.507687 0.063862 0.031309
0.176018 0.340646 0.056201 0.035223
0.179763 0.452762 0.050788 0.025554
0.472536 0.258006 0.054519 0.026352
0.388456 0.477949 0.056647 0.029250
0.773498 0.261110 0.045514 0.025061
0.680046 0.766391 0.054390 0.025802
0.958028 0.136438 0.059427 0.034745
0.960903 0.514605 0.058384 0.034291
0.952080 0.236224 0.043548 0.027265
0.670856 0.134923 0.051496 0.024762
0.772045 0.400077 0.053768 0.027587
0.487123 0.539976 0.068387 0.029343
0.179229 0.878846 0.056390 0.030456
0.283715 0.598510 0.049303 0.025787
0.871047 0.700807 0.062503 0.023418
0.375934 0.103237 0.066486 0.034049
0.383830 0.626853 0.058868 0.032123
0.782098 0.661273 0.040650 0.031076
0.389621 0.725706 0.060054 0.036989
0.868105 0.837322 0.054153 0.028521
0.871364 0.634225 0.044020 0.026218
0.473306 0.155417 0.047508 0.031491
0.376153 0.174216 0.063731 0.025772
0.582178 0.694522 0.045285 0.030387
0.683069 0.864983 0.048735 0.027585
0.290154 0.697682 0.055147 0.034601
0.861316 0.100165 0.050322 0.027047
0.379091 0.201582 0.059770 0.025409
0.283279 0.440669 0.050651 0.026761
0.174654 0.517453 0.049598 0.034198
0.384467 0.267445 0.057111 0.032230
0.677057 0.352268 0.052756 0.022644
0.176285 0.841749 0.051664 0.032117
0.860895 0.162313 0.045403 0.024308
0.778857 0.596697 0.046595 0.024682
0.773513 0.505073 0.044521 0.034138
0.671193 0.164532 0.042928 0.028486
0.176279 0.381090 0.047111 0.034419
0.684828 0.636842 0.048775 0.028674
0.872649 0.905723 0.059747 0.034809
0.573629 0.198036 0.055644 0.023833
0.866870 0.561196 0.062321 0.031959
0.669054 0.100234 0.045805 0.030831
0.784915 0.870917 0.047697 0.032183
0.954352 0.672033 0.056288 0.024892
0.578725 0.537407 0.058804 0.025598
0.683002 0.893434 0.046077 0.027054
0.282143 0.472297 0.042242 0.030781
0.952967 0.699335 0.046776 0.023672
0.488503 0.708799 0.050671 0.033205
0.956295 0.797153 0.043402 0.023501
0.383732 0.410338 0.048741 0.033190
0.684287 0.797081 0.048996 0.026342
0.376368 0.142280 0.045401 0.038328
0.683147 0.702189 0.045475 0.022834
0.288821 0.914766 0.054763 0.032020
0.385282 0.535723 0.059086 0.026526
0.280502 0.273106 0.053683 0.023273
0.954372 0.475607 0.044678 0.033748
0.577422 0.337910 0.046982 0.035653
0.282731 0.501651 0.043192 0.028785
0.681871 0.565258 0.049428 0.033760
0.573748 0.100403 0.046541 0.030680
0.955585 0.099445 0.045969 0.031292
0.864225 0.449033 0.049339 0.030623
0.952367 0.728973 0.038835 0.032796
0.782521 0.541681 0.065163 0.033077
0.954810 0.171475 0.038662 0.031194
0.387871 0.693494 0.062889 0.022722
0.483697 0.346723 0.055076 0.021331
0.180907 0.911263 0.063328 0.028293
0.590837 0.882191 0.046274 0.023370
0.584028 0.663015 0.042366 0.024615
0.683780 0.921363 0.051470 0.028186
0.487280 0.438685 0.057910 0.032601
0.169512 0.199053 0.046941 0.023106
0.579360 0.300015 0.056212 0.034956
0.490486 0.912110 0.045484 0.029255
0.491429 0.567264 0.064691 0.026913
0.178194 0.732060 0.038234 0.035075
0.393046 0.914826 0.061843 0.027652
0.672362 0.297846 0.045236 0.022398
0.176376 0.806216 0.037951 0.030324
0.862498 0.187691 0.051777 0.019951
0.166860 0.104639 0.042389 0.032558
0.479160 0.374481 0.045875 0.029436
0.783171 0.908470 0.040828 0.031030
0.958288 0.915871 0.044608 0.027215
0.590552 0.914776 0.058269 0.034214
0.471117 0.100148 0.045146 0.035827
0.179070 0.771353 0.050074 0.032144
0.671554 0.198945 0.046737 0.031756
0.867660 0.762883 0.047472 0.033276
0.489342 0.463823 0.058842 0.024707
0.675914 0.323196 0.035816 0.024734
0.581836 0.637106 0.048924 0.020125
0.959590 0.861539 0.047417 0.026650
0.180187 0.591484 0.053004 0.022170
0.773531 0.120455 0.053359 0.020493
0.772038 0.169828 0.043358 0.021439
0.775911 0.570488 0.044354 0.020220
0.386184 0.373794 0.061669 0.032950
0.578757 0.434859 0.043615 0.018341
0.469807 0.129193 0.044469 0.018203
0.960923 0.549958 0.052477 0.026483
0.765505 0.097484 0.057260 0.021133
0.016157 0.522534 0.032313 0.022380
0.015622 0.544607 0.030361 0.018133
0.009295 0.677345 0.018264 0.042012
0.016323 0.593374 0.032646 0.025192
