0.916023 0.479227 0.064235 0.037725
0.266674 0.075683 0.083120 0.045008
0.711391 0.370594 0.069140 0.040482
0.806628 0.340367 0.061784 0.046138
0.372359 0.170640 0.073974 0.038093
0.703706 0.719820 0.071144 0.042583
0.373432 0.097752 0.062991 0.036252
0.930289 0.183149 0.072515 0.032970
0.593833 0.281464 0.069192 0.042396
0.915883 0.439657 0.058941 0.038658
0.376283 0.390510 0.077443 0.041608
0.065883 0.527730 0.074432 0.047395
0.916657 0.401184 0.065687 0.037904
0.919430 0.888342 0.065820 0.049515
0.168321 0.362940 0.064429 0.040734
0.915738 0.626226 0.062593 0.034006
0.913408 0.732623 0.062887 0.037378
0.271708 0.301447 0.073379 0.044651
0.707694 0.416825 0.062245 0.043286
0.492679 0.375884 0.059028 0.038230
0.592426 0.327435 0.059918 0.044294
0.055218 0.689334 0.063402 0.041678
0.263133 0.884949 0.062827 0.039339
0.171526 0.405135 0.070927 0.038649
0.810290 0.639800 0.062195 0.038818
0.170646 0.275019 0.064447 0.042151
0.920054 0.696029 0.064197 0.034062
0.710437 0.228571 0.072979 0.037240
0.919758 0.323280 0.055801 0.039189
0.710200 0.460121 0.060764 0.039875
0.811846 0.209603 0.074901 0.045315
0.811932 0.598227 0.065590 0.039998
0.065742 0.198675 0.063158 0.045752
0.172026 0.116541 0.079030 0.037372
0.488674 0.515113 0.064627 0.043472
0.922721 0.363555 0.064724 0.033516
0.065290 0.376563 0.055488 0.032196
0.377839 0.436654 0.063642 0.047183
0.594281 0.106013 0.056718 0.038367
0.599867 0.203786 0.080839 0.040615
0.915545 0.556521 0.058628 0.037212
0.273326 0.634124 0.068466 0.037876
0.922068 0.517795 0.066509 0.039734
0.371305 0.062295 0.068951 0.031592
0.491066 0.860100 0.064704 0.041636
0.377884 0.210720 0.064424 0.040995
0.593695 0.440846 0.060737 0.038196
0.594211 0.244048 0.069312 0.036044
0.486642 0.108057 0.062934 0.037937
0.582362 0.735059 0.060500 0.038556
0.265314 0.841059 0.061600 0.044004
0.366350 0.310045 0.073855 0.033434
0.492723 0.182324 0.066451 0.037614
0.804993 0.095848 0.066027 0.033217
0.272076 0.428159 0.062966 0.038243
0.817142 0.500380 0.073135 0.043921
0.813026 0.865826 0.062163 0.040303
0.934173 0.217029 0.054981 0.032799
0.268800 0.511394 0.056236 0.044158
0.274620 0.553038 0.074304 0.040192
0.269963 0.714611 0.057516 0.040079
0.272033 0.592716 0.058745 0.040267
0.064692 0.412719 0.056460 0.039490
0.810643 0.419802 0.051748 0.037459
0.807099 0.458849 0.053324 0.037892
0.378398 0.347412 0.054732 0.039950
0.708486 0.325032 0.061141 0.044471
0.488060 0.262094 0.059839 0.045439
0.488764 0.906695 0.062503 0.045554
0.494037 0.220831 0.067942 0.034389
0.810641 0.169045 0.065527 0.032977
0.597095 0.401627 0.058609 0.035141
0.376676 0.700034 0.057756 0.044922
0.595176 0.481593 0.055975 0.042203
0.064908 0.312737 0.073056 0.031300
0.171965 0.493097 0.054933 0.038394
0.595921 0.366711 0.065552 0.026991
0.171661 0.232434 0.063754 0.032839
0.923996 0.284119 0.064831 0.036963
0.700670 0.144798 0.061850 0.040130
0.589385 0.928999 0.068890 0.037046
0.706986 0.557083 0.068765 0.049174
0.809484 0.935821 0.065236 0.031356
0.812746 0.709199 0.067652 0.030792
0.372433 0.026114 0.059569 0.036672
0.808657 0.252151 0.063439 0.038346
0.490434 0.302588 0.069714 0.030270
0.377447 0.777176 0.067895 0.040581
0.920091 0.117698 0.063106 0.037531
0.916094 0.661323 0.052791 0.033305
0.703751 0.641210 0.057933 0.037274
0.269486 0.673090 0.075575 0.037336
0.065341 0.345324 0.062960 0.028791
0.705423 0.033089 0.068643 0.043793
0.923514 0.077335 0.082536 0.039057
0.056678 0.276335 0.061209 0.031846
0.268643 0.754170 0.067608 0.037694
0.169264 0.448488 0.052816 0.042362
0.707406 0.189335 0.068030 0.045902
0.703510 0.840605 0.063882 0.048695
0.587156 0.593424 0.063062 0.040484
0.811168 0.293491 0.058252 0.043407
0.700521 0.884876 0.069323 0.031285
0.807893 0.384355 0.047094 0.034551
0.379955 0.478845 0.064791 0.037008
0.490543 0.657701 0.059153 0.041745
0.172539 0.194993 0.056995 0.036644
0.381861 0.651856 0.055745 0.046785
0.707106 0.275487 0.069869 0.051702
0.593292 0.029756 0.073044 0.040102
0.169891 0.076229 0.065281 0.035038
0.490524 0.147749 0.065910 0.035096
0.379530 0.525348 0.064416 0.043475
0.592490 0.890867 0.060063 0.034672
0.494399 0.442827 0.068124 0.039198
0.706387 0.602740 0.056140 0.037085
0.163749 0.318473 0.061018 0.041706
0.909859 0.841698 0.056097 0.040122
0.170749 0.029888 0.058939 0.040847
0.272074 0.468942 0.054064 0.036462
0.589300 0.776136 0.052244 0.041945
0.265615 0.925878 0.057697 0.036411
0.269018 0.120598 0.048950 0.040563
0.812907 0.820376 0.060707 0.044446
0.474292 0.028380 0.056246 0.040968
0.815092 0.902239 0.059101 0.031383
0.064359 0.574646 0.056959 0.043295
0.589253 0.817816 0.051127 0.041992
0.276012 0.253981 0.061220 0.047327
0.064122 0.240856 0.049380 0.034861
0.919294 0.768907 0.059527 0.030704
0.927313 0.153156 0.062302 0.030009
0.490674 0.821808 0.061022 0.038861
0.812226 0.743361 0.060855 0.034292
0.064903 0.485441 0.050163 0.033202
0.475342 0.067849 0.071175 0.034549
0.499816 0.953751 0.074279 0.042381
0.494552 0.559020 0.059604 0.041381
0.590915 0.695544 0.055967 0.039925
0.056510 0.646691 0.050592 0.038383
0.811491 0.676080 0.060519 0.028252
0.703216 0.505622 0.051612 0.044070
0.585569 0.966650 0.067100 0.036705
0.488525 0.336748 0.051405 0.035775
0.381081 0.567014 0.072624 0.039884
0.375035 0.274953 0.068333 0.033379
0.918471 0.590790 0.048645 0.031655
0.171439 0.154371 0.052865 0.034778
0.702125 0.075112 0.049768 0.038215
0.588534 0.856518 0.059535 0.031733
0.917431 0.036377 0.066836 0.038448
0.492753 0.409970 0.068243 0.024666
0.810139 0.033892 0.072523 0.042819
0.593278 0.553901 0.051905 0.031554
0.065879 0.117305 0.083715 0.044925
0.264872 0.966634 0.058796 0.038341
0.927258 0.249912 0.056676 0.031922
0.270495 0.386426 0.068276 0.044117
0.590526 0.520782 0.049725 0.033160
0.591916 0.630778 0.054704 0.035509
0.377850 0.134746 0.071015 0.027116
0.808265 0.132758 0.050846 0.037893
0.913821 0.802066 0.052838 0.031279
0.699614 0.763109 0.049245 0.038708
0.265084 0.797082 0.053430 0.039859
0.489635 0.608226 0.060651 0.051843
0.060900 0.612563 0.063164 0.028671
0.487977 0.786477 0.063906 0.026997
0.065779 0.157494 0.062432 0.027682
0.269780 0.202418 0.052557 0.050802
0.273276 0.343309 0.051896 0.036015
0.384782 0.605953 0.064061 0.038890
0.593360 0.066843 0.048560 0.038556
0.701235 0.109837 0.045505 0.032814
0.378498 0.740685 0.060924 0.029223
0.495369 0.478449 0.064483 0.027623
0.706686 0.677245 0.050903 0.034652
0.268948 0.158640 0.047906 0.031579
0.270010 0.028162 0.053180 0.036622
0.376221 0.244232 0.065865 0.026767
0.374153 0.899271 0.061060 0.036223
0.700099 0.924472 0.042870 0.038538
0.065812 0.450539 0.041424 0.035664
0.807899 0.778194 0.072208 0.037596
0.057293 0.731940 0.056066 0.039468
0.699004 0.966885 0.046604 0.040637
0.812814 0.967354 0.054041 0.034685
0.487491 0.749789 0.049133 0.040247
0.699778 0.799424 0.055958 0.032692
0.594040 0.662076 0.053741 0.024755
0.375395 0.815784 0.054668 0.031866
0.490879 0.704789 0.044643 0.046210
0.812574 0.537690 0.047748 0.030213
0.168407 0.538386 0.068462 0.043968
0.599308 0.145674 0.068656 0.030223
0.601080 0.170433 0.071332 0.023135
0.372315 0.940997 0.063664 0.037810
0.812785 0.564355 0.043936 0.024543
0.375866 0.866177 0.054531 0.029232
0.917272 0.964834 0.065126 0.045719
0.919053 0.935175 0.063927 0.042355
0.812653 0.066806 0.042341 0.024019
0.380461 0.972165 0.073606 0.043467
0.374791 0.845414 0.047469 0.032115
