0.705358 0.206959 0.072411 0.039360
0.931687 0.641751 0.067746 0.047406
0.706064 0.381075 0.074641 0.049773
0.382392 0.427439 0.064323 0.044191
0.276032 0.220367 0.068005 0.038848
0.708684 0.456250 0.083194 0.048681
0.925411 0.089697 0.072212 0.043158
0.169893 0.289669 0.065521 0.047334
0.497226 0.534868 0.070177 0.057602
0.708639 0.333889 0.072954 0.043928
0.704163 0.095079 0.063789 0.040275
0.810553 0.260895 0.081459 0.045974
0.606512 0.596156 0.064848 0.043353
0.166675 0.148681 0.062994 0.046247
0.820867 0.646698 0.065923 0.034150
0.810133 0.173026 0.060254 0.035114
0.819147 0.730760 0.064989 0.044304
0.276182 0.377816 0.064500 0.050997
0.604595 0.718179 0.078209 0.039534
0.277972 0.330334 0.060857 0.041038
0.929547 0.728580 0.072510 0.043065
0.488306 0.765956 0.067314 0.044253
0.278971 0.590782 0.059014 0.039670
0.705941 0.247514 0.061581 0.038480
0.609871 0.964487 0.093039 0.051306
0.820000 0.773328 0.065175 0.038886
0.492802 0.224186 0.074270 0.043802
0.167851 0.098631 0.060984 0.049763
0.817175 0.357744 0.071921 0.040015
0.597916 0.426588 0.067646 0.047473
0.383735 0.960719 0.082506 0.049906
0.590424 0.115289 0.075820 0.037803
0.491675 0.358415 0.062739 0.040801
0.383186 0.472841 0.058934 0.044162
0.278700 0.546226 0.061304 0.047218
0.381372 0.868861 0.063294 0.040990
0.491142 0.267294 0.057548 0.041963
0.280761 0.426778 0.065185 0.041575
0.933384 0.202890 0.060904 0.034581
0.380730 0.822336 0.056226 0.044611
0.930191 0.245775 0.058159 0.042384
0.071717 0.646265 0.059389 0.042095
0.821724 0.609053 0.061373 0.035403
0.605041 0.678246 0.061326 0.036125
0.703593 0.290248 0.058950 0.039860
0.169030 0.242323 0.070358 0.041012
0.492566 0.313110 0.056890 0.049853
0.492451 0.178709 0.062865 0.044675
0.930598 0.508552 0.070988 0.031162
0.387166 0.605310 0.065311 0.049353
0.599023 0.762459 0.066909 0.042322
0.176233 0.697078 0.061129 0.044417
0.931842 0.164183 0.056807 0.038755
0.934078 0.393334 0.066725 0.044855
0.493936 0.954827 0.075858 0.045037
0.382621 0.220333 0.068705 0.053213
0.492799 0.585982 0.064244 0.041608
0.700352 0.803595 0.053324 0.044532
0.602057 0.344003 0.079093 0.044208
0.375950 0.129973 0.064074 0.046227
0.706985 0.677843 0.062051 0.044770
0.065306 0.346548 0.057258 0.039618
0.605467 0.550829 0.063301 0.041910
0.928522 0.687250 0.061789 0.039234
0.280054 0.506432 0.062641 0.034084
0.486559 0.812748 0.065228 0.045861
0.062677 0.081660 0.060017 0.035142
0.817333 0.815297 0.053314 0.039861
0.384277 0.694928 0.069258 0.045614
0.072325 0.477941 0.067512 0.043151
0.809081 0.133121 0.071740 0.043783
0.386696 0.912945 0.068813 0.041347
0.490606 0.398155 0.070299 0.029459
0.702973 0.134805 0.049299 0.032851
0.934421 0.435254 0.067826 0.035411
0.492763 0.720019 0.066369 0.047507
0.281658 0.853040 0.065074 0.054146
0.704289 0.168619 0.064660 0.032502
0.168318 0.197229 0.056681 0.047921
0.604769 0.639807 0.061363 0.038306
0.271161 0.132503 0.071879 0.035435
0.388755 0.303842 0.058968 0.039158
0.065559 0.299682 0.059567 0.047803
0.938387 0.471981 0.056034 0.033568
0.498715 0.436092 0.071915 0.043004
0.383268 0.555216 0.054905 0.044912
0.278448 0.467440 0.056818 0.040673
0.067703 0.124819 0.060930 0.044702
0.174648 0.377439 0.056380 0.043790
0.708917 0.891253 0.067132 0.041262
0.699765 0.048612 0.065774 0.045766
0.378131 0.172538 0.061911 0.038179
0.600934 0.197683 0.060349 0.042913
0.376450 0.088201 0.062655 0.034026
0.285097 0.721414 0.058385 0.041198
0.805870 0.048545 0.071731 0.043965
0.071306 0.169025 0.055372 0.042619
0.702862 0.847446 0.063076 0.037260
0.595626 0.156045 0.055015 0.042490
0.072384 0.040774 0.069051 0.044287
0.065894 0.741737 0.069599 0.051339
0.810404 0.310123 0.060328 0.047510
0.599456 0.244939 0.059341 0.050218
0.819844 0.863983 0.069999 0.050228
0.808692 0.091524 0.073455 0.035019
0.596998 0.079480 0.067791 0.029716
0.489116 0.676520 0.058471 0.037357
0.280428 0.677365 0.053175 0.044712
0.933886 0.816426 0.054923 0.046051
0.601224 0.468919 0.075213 0.034578
0.379910 0.780340 0.059404 0.040581
0.600690 0.508187 0.056975 0.041854
0.064389 0.553839 0.057355 0.047380
0.599844 0.297149 0.059390 0.046562
0.067983 0.602362 0.054042 0.042197
0.602347 0.910773 0.074697 0.051695
0.069078 0.255091 0.057435 0.036628
0.175644 0.878853 0.064599 0.043887
0.383410 0.387370 0.062500 0.034480
0.272457 0.095985 0.073559 0.030750
0.820147 0.912265 0.074107 0.046294
0.174866 0.741735 0.060966 0.041744
0.488749 0.132377 0.075451 0.046503
0.280184 0.633850 0.058057 0.044229
0.930726 0.596014 0.055986 0.040324
0.496382 0.482412 0.065021 0.045930
0.278759 0.288373 0.054010 0.037680
0.701777 0.721598 0.061614 0.039804
0.282640 0.803464 0.056213 0.041551
0.174486 0.333313 0.050718 0.038218
0.492032 0.903695 0.053708 0.052094
0.820049 0.686197 0.056175 0.038350
0.173016 0.466855 0.055686 0.047161
0.160957 0.045881 0.067301 0.045100
0.932064 0.772247 0.054015 0.039066
0.067012 0.212809 0.054426 0.041296
0.487486 0.857102 0.080065 0.035833
0.071722 0.434689 0.063758 0.045401
0.275986 0.903147 0.059552 0.045687
0.821287 0.567055 0.052214 0.036968
0.919870 0.045275 0.058061 0.038264
0.931991 0.863819 0.056672 0.041111
0.390101 0.513176 0.056974 0.034993
0.707590 0.635539 0.059735 0.037926
0.074446 0.829639 0.054602 0.040906
0.070899 0.879705 0.073678 0.053905
0.071319 0.788002 0.062179 0.036573
0.387530 0.263734 0.056247 0.034279
0.710220 0.501383 0.051579 0.039835
0.819635 0.494935 0.053810 0.041634
0.378142 0.346377 0.055979 0.041406
0.278150 0.254266 0.054823 0.028091
0.068027 0.689899 0.058196 0.045334
0.593878 0.382657 0.054626 0.034245
0.384373 0.738183 0.063447 0.043459
0.176113 0.831108 0.060356 0.052100
0.595025 0.859520 0.058315 0.047576
0.174203 0.552469 0.053309 0.039004
0.931382 0.345200 0.057229 0.047657
0.174749 0.512087 0.053240 0.040872
0.923842 0.127065 0.052626 0.030289
0.373853 0.047656 0.072433 0.045960
0.810737 0.213336 0.049626 0.039566
0.595439 0.811267 0.057166 0.050291
0.390299 0.650034 0.064803 0.043370
0.073696 0.934246 0.060952 0.049113
0.711419 0.539620 0.063500 0.030430
0.819044 0.957855 0.060328 0.041286
0.174378 0.646460 0.065808 0.051773
0.710847 0.584618 0.059478 0.055198
0.927641 0.295720 0.054417 0.051055
0.175961 0.422741 0.051550 0.039564
0.175661 0.783298 0.057438 0.039617
0.283740 0.761195 0.052354 0.037303
0.594977 0.043663 0.066587 0.042942
0.065789 0.390675 0.059145 0.044471
0.932311 0.551457 0.049973 0.044807
0.176259 0.596203 0.046828 0.044651
0.822104 0.451523 0.068526 0.043920
0.700067 0.761750 0.052353 0.040229
0.818874 0.404637 0.057800 0.044368
0.930288 0.914798 0.060806 0.053902
0.494504 0.631343 0.046449 0.049182
0.074475 0.975044 0.059181 0.035566
0.490249 0.091369 0.083292 0.035097
0.818391 0.531335 0.042623 0.028998
0.933736 0.961029 0.058324 0.033014
0.707839 0.417882 0.070869 0.028555
0.066626 0.515301 0.046463 0.032817
0.174807 0.924304 0.054228 0.039908
0.710062 0.934748 0.071037 0.037737
0.279422 0.946024 0.044852 0.033571
0.272688 0.175279 0.063105 0.047490
0.273113 0.050255 0.065752 0.054890
0.285464 0.976318 0.080766 0.032682
0.478629 0.042891 0.050111 0.044893
0.174137 0.965563 0.062639 0.048624
0.725533 0.964017 0.088914 0.037618
