0.813913 0.920656 0.060762 0.034163
0.704363 0.845226 0.061540 0.039840
0.487492 0.390849 0.061224 0.041558
0.589025 0.883348 0.061078 0.038944
0.933559 0.697874 0.064490 0.043261
0.816270 0.522455 0.079310 0.041626
0.271493 0.754208 0.060303 0.039611
0.931208 0.802340 0.065115 0.038380
0.380065 0.190122 0.061467 0.045226
0.924610 0.911457 0.061978 0.030634
0.713216 0.412264 0.060758 0.041363
0.487106 0.698082 0.067059 0.038662
0.489440 0.915267 0.058940 0.039774
0.705693 0.257338 0.061243 0.035771
0.707361 0.764704 0.067754 0.040997
0.814930 0.848639 0.051416 0.032140
0.822781 0.437227 0.068330 0.040913
0.928877 0.296366 0.059329 0.038478
0.932550 0.873377 0.051831 0.041241
0.810824 0.781653 0.066696 0.032024
0.269597 0.672597 0.062406 0.039762
0.822535 0.272830 0.056449 0.037884
0.710888 0.805295 0.066768 0.035932
0.380286 0.596906 0.069661 0.044638
0.276510 0.300141 0.060398 0.037289
0.383209 0.276039 0.061445 0.046228
0.589030 0.843642 0.058617 0.035928
0.710196 0.297251 0.067657 0.044610
0.598081 0.553196 0.074949 0.053763
0.704431 0.649449 0.065431 0.042863
0.485372 0.475373 0.070905 0.045513
0.707641 0.607673 0.076888 0.040785
0.380148 0.637480 0.063082 0.032504
0.823654 0.312699 0.053110 0.038764
0.931367 0.445896 0.062014 0.046130
0.604293 0.235317 0.058899 0.043691
0.166080 0.509822 0.055847 0.040098
0.384123 0.710598 0.049948 0.036087
0.705093 0.917204 0.054773 0.039395
0.386238 0.440474 0.061829 0.043566
0.712639 0.453332 0.049763 0.035322
0.816549 0.884034 0.050084 0.035306
0.384833 0.673517 0.055870 0.034152
0.271454 0.713176 0.057617 0.037206
0.818169 0.687752 0.055112 0.042105
0.821190 0.166257 0.057962 0.036511
0.484276 0.872995 0.052770 0.042596
0.708024 0.693515 0.074139 0.043016
0.931469 0.942643 0.053071 0.030700
0.596658 0.503989 0.053601 0.042088
0.708076 0.218601 0.058065 0.036111
0.274531 0.794827 0.058565 0.037029
0.704741 0.881483 0.051453 0.030998
0.928660 0.186733 0.054557 0.039517
0.164474 0.592681 0.061209 0.043718
0.489423 0.348526 0.051282 0.038746
0.382395 0.148477 0.065243 0.034900
0.585945 0.805290 0.053901 0.038416
0.488964 0.432204 0.057345 0.035487
0.166403 0.673547 0.053109 0.040838
0.595225 0.926193 0.055912 0.037191
0.278907 0.195914 0.059881 0.042107
0.278147 0.834354 0.068106 0.034919
0.599341 0.463424 0.057933 0.038152
0.269223 0.627898 0.050128 0.042587
0.274483 0.340959 0.060914 0.041742
0.596058 0.325473 0.048625 0.041719
0.270843 0.430499 0.052953 0.044211
0.818593 0.566806 0.078508 0.042466
0.928075 0.973521 0.060025 0.030901
0.379707 0.232566 0.068850 0.037408
0.590083 0.692633 0.075276 0.036574
0.713268 0.523264 0.062946 0.041136
0.171335 0.268789 0.062463 0.042886
0.495701 0.118007 0.058989 0.039544
0.282644 0.912246 0.056108 0.038320
0.816297 0.479613 0.073294 0.039687
0.930607 0.837373 0.052156 0.031551
0.933968 0.655147 0.047820 0.039133
0.927449 0.402997 0.050170 0.036330
0.933360 0.552364 0.050012 0.034680
0.486334 0.518359 0.059356 0.037466
0.596394 0.281658 0.055428 0.042860
0.272185 0.583472 0.053762 0.041405
0.933636 0.516096 0.047736 0.036354
0.583527 0.762758 0.064366 0.043872
0.932996 0.764228 0.058583 0.035656
0.388302 0.512217 0.054542 0.036775
0.705782 0.564209 0.054456 0.041837
0.929576 0.150697 0.056369 0.028969
0.062698 0.308990 0.059758 0.042971
0.704473 0.959528 0.050851 0.041584
0.386504 0.398209 0.058150 0.042191
0.489876 0.655315 0.068280 0.038243
0.176329 0.965501 0.061717 0.039963
0.173475 0.152894 0.062261 0.036966
0.714080 0.485254 0.048678 0.030415
0.491423 0.961184 0.059192 0.050906
0.387783 0.552584 0.063581 0.039439
0.819158 0.236709 0.052296 0.033198
0.176885 0.853747 0.054530 0.032923
0.169796 0.716615 0.054433 0.041865
0.822772 0.642960 0.052522 0.040847
0.379804 0.747598 0.048512 0.033982
0.933423 0.733350 0.052110 0.027229
0.076539 0.945637 0.048338 0.034275
0.063715 0.434838 0.056571 0.041078
0.822583 0.604978 0.059657 0.031674
0.491080 0.238937 0.057495 0.032515
0.931367 0.484026 0.060884 0.026952
0.496024 0.204557 0.057404 0.033221
0.608547 0.152381 0.051852 0.032435
0.483668 0.611872 0.072012 0.044072
0.174962 0.893011 0.055444 0.042431
0.071025 0.773755 0.057856 0.045261
0.928864 0.112457 0.046550 0.042023
0.174318 0.811397 0.064436 0.049626
0.820346 0.094158 0.063974 0.034875
0.607485 0.191316 0.055526 0.038427
0.927537 0.227562 0.048306 0.035227
0.274244 0.505082 0.048845 0.039497
0.710352 0.079251 0.059386 0.040033
0.167582 0.313932 0.056458 0.041887
0.934947 0.587420 0.046770 0.032936
0.168945 0.111022 0.057978 0.040503
0.706398 0.183996 0.046737 0.032791
0.272060 0.386128 0.050048 0.043296
0.823540 0.130192 0.047140 0.035871
0.267907 0.468920 0.061570 0.031943
0.390955 0.033985 0.065873 0.044649
0.067819 0.726695 0.047674 0.042319
0.276173 0.957716 0.059827 0.047717
0.078224 0.977482 0.054620 0.029879
0.174172 0.763473 0.057246 0.048271
0.929162 0.368572 0.049607 0.032318
0.597691 0.427259 0.046723 0.035740
0.279470 0.265598 0.047204 0.033139
0.063777 0.354706 0.050870 0.045045
0.485860 0.742850 0.093018 0.043567
0.172499 0.436154 0.055956 0.033950
0.496912 0.163058 0.054988 0.047088
0.167882 0.354665 0.059022 0.040223
0.489515 0.310665 0.046500 0.035972
0.593141 0.364497 0.069136 0.026740
0.934695 0.619461 0.049059 0.027740
0.712604 0.368739 0.048141 0.039984
0.166325 0.635283 0.049303 0.035534
0.714629 0.335612 0.054022 0.029451
0.379444 0.886206 0.055408 0.035758
0.489729 0.825829 0.075559 0.047302
0.486819 0.562258 0.049763 0.048009
0.815004 0.814901 0.047710 0.032399
0.389750 0.479090 0.050896 0.028250
0.379409 0.815431 0.052494 0.041833
0.073693 0.822963 0.060043 0.049132
0.169770 0.193092 0.051478 0.037498
0.602887 0.070344 0.062971 0.041139
0.593054 0.395210 0.058758 0.030596
0.387194 0.078365 0.060803 0.042894
0.597124 0.658246 0.080314 0.032645
0.492782 0.274299 0.045680 0.037796
0.062907 0.531976 0.042932 0.042512
0.482372 0.785385 0.074158 0.038819
0.385549 0.114670 0.049412 0.030922
0.064625 0.676862 0.056531 0.050201
0.926358 0.335479 0.041050 0.033538
0.169120 0.397986 0.047755 0.042221
0.064494 0.264072 0.053516 0.040449
0.825220 0.392437 0.048280 0.043553
0.933763 0.261868 0.051496 0.025529
0.830388 0.028886 0.067130 0.037149
0.382460 0.956128 0.063815 0.046055
0.818034 0.957205 0.044751 0.035417
0.381331 0.852608 0.055411 0.034292
0.174723 0.927717 0.058936 0.034571
0.821371 0.203742 0.043213 0.034200
0.069997 0.872117 0.064024 0.049503
0.708919 0.729519 0.051419 0.029096
0.609915 0.113441 0.051938 0.044841
0.596508 0.964810 0.047104 0.034192
0.601296 0.596004 0.059004 0.031585
0.066977 0.396235 0.044137 0.033903
0.280142 0.232506 0.043003 0.030389
0.061259 0.578414 0.048742 0.039689
0.929631 0.070909 0.048047 0.037316
0.281092 0.873965 0.049808 0.037677
0.495680 0.032797 0.064087 0.041838
0.171860 0.071240 0.057049 0.039734
0.063673 0.485819 0.052745 0.049324
0.385092 0.780046 0.047767 0.025402
0.278913 0.151288 0.071868 0.043196
0.825802 0.351270 0.050036 0.037453
0.723467 0.035610 0.061367 0.045745
0.709287 0.148867 0.047036 0.034199
0.386587 0.316743 0.048102 0.034238
0.064829 0.624197 0.047415 0.050432
0.171296 0.229976 0.040422 0.032764
0.925356 0.032948 0.050139 0.037796
0.388344 0.354521 0.044887 0.040756
0.586391 0.725437 0.076038 0.027237
0.171221 0.471686 0.042529 0.031524
0.605162 0.029947 0.058786 0.039850
0.715606 0.116008 0.052291 0.027466
0.278283 0.543897 0.043422 0.033323
0.596292 0.627985 0.067705 0.033708
0.280020 0.112258 0.053508 0.034797
0.074890 0.912872 0.048688 0.030003
0.828903 0.060936 0.056820 0.030833
0.816021 0.740393 0.051457 0.048829
0.060914 0.170829 0.047410 0.044748
0.498148 0.076023 0.056281 0.043680
0.170505 0.549769 0.052998 0.039743
0.383489 0.917355 0.050199 0.034159
0.178523 0.030300 0.050230 0.036267
0.063563 0.219980 0.050806 0.047511
0.280865 0.033853 0.055163 0.044309
0.059780 0.084344 0.043735 0.035299
0.283127 0.073731 0.058053 0.037320
0.058467 0.125123 0.048231 0.041512
0.064957 0.039941 0.044970 0.039431
