0.184728 0.881835 0.062537 0.037590
0.502009 0.135007 0.072221 0.039931
0.506213 0.346588 0.065329 0.042624
0.502226 0.219919 0.063042 0.039430
0.615898 0.318133 0.054668 0.038424
0.287000 0.794232 0.060256 0.033094
0.397997 0.699704 0.080529 0.039276
0.504364 0.301722 0.058860 0.043004
0.608371 0.236410 0.064664 0.037926
0.933413 0.244626 0.068851 0.041133
0.293167 0.644780 0.058259 0.039682
0.512802 0.667025 0.061304 0.043881
0.724305 0.166555 0.064835 0.034320
0.827024 0.459862 0.065721 0.040094
0.616604 0.197169 0.055418 0.040156
0.613767 0.359350 0.054336 0.038063
0.180176 0.235031 0.065326 0.041358
0.398671 0.428001 0.059216 0.032377
0.503197 0.090473 0.063816 0.043518
0.620619 0.755408 0.055327 0.038541
0.071132 0.465632 0.064395 0.042314
0.183066 0.692060 0.062044 0.036900
0.286932 0.417048 0.055036 0.039260
0.620092 0.629362 0.059921 0.033832
0.286808 0.339851 0.074504 0.037803
0.513490 0.625183 0.055614 0.034389
0.286661 0.831248 0.072136 0.036888
0.293627 0.931758 0.057115 0.035829
0.066927 0.804028 0.059200 0.038271
0.730257 0.868678 0.055725 0.040545
0.182588 0.838662 0.071036 0.050329
0.072887 0.973465 0.070865 0.039735
0.076072 0.422855 0.059795 0.039343
0.512857 0.716978 0.062512 0.046064
0.072296 0.878859 0.051181 0.030297
0.074228 0.716673 0.076297 0.047148
0.833155 0.799394 0.055080 0.031916
0.403620 0.900803 0.051032 0.047012
0.619584 0.499720 0.066946 0.040672
0.401167 0.496022 0.048442 0.035600
0.398751 0.576712 0.065530 0.046735
0.287263 0.527283 0.066980 0.042244
0.286333 0.067648 0.065805 0.038484
0.722565 0.789862 0.059793 0.033375
0.829601 0.293945 0.061290 0.044682
0.288967 0.301415 0.055785 0.036290
0.181328 0.977597 0.054182 0.031249
0.066889 0.546828 0.054869 0.038215
0.403291 0.533974 0.055190 0.038475
0.622061 0.670261 0.060084 0.040961
0.399054 0.186581 0.062531 0.033523
0.062729 0.097301 0.050916 0.038158
0.723928 0.203226 0.064025 0.035771
0.396905 0.778396 0.054888 0.035005
0.834435 0.721844 0.054986 0.044350
0.072772 0.844266 0.051624 0.034444
0.727302 0.240261 0.056989 0.037818
0.938407 0.736082 0.051254 0.035906
0.727135 0.827745 0.058456 0.037023
0.834536 0.337304 0.060765 0.038545
0.510662 0.260869 0.067028 0.037926
0.294051 0.488310 0.060373 0.036803
0.291083 0.571128 0.060904 0.041022
0.722839 0.069447 0.061096 0.032841
0.402329 0.658208 0.056137 0.034846
0.399097 0.462687 0.058140 0.031938
0.398293 0.813895 0.054067 0.035258
0.613052 0.397214 0.047525 0.033677
0.936228 0.403343 0.053585 0.036058
0.402813 0.947707 0.060714 0.043098
0.502741 0.179176 0.055482 0.040304
0.618966 0.712207 0.053112 0.043360
0.291828 0.377720 0.052011 0.036834
0.069378 0.508057 0.054360 0.033397
0.516224 0.490570 0.062921 0.046313
0.401783 0.855123 0.051601 0.042056
0.185065 0.787063 0.077238 0.049776
0.728847 0.621037 0.050121 0.038332
0.831277 0.832897 0.051459 0.032707
0.396178 0.393448 0.055727 0.035035
0.395052 0.292559 0.053484 0.037642
0.176576 0.057855 0.068863 0.032635
0.394430 0.254407 0.052983 0.037403
0.840206 0.673151 0.057610 0.048179
0.398425 0.328974 0.051088 0.035075
0.291724 0.146327 0.059042 0.036169
0.621993 0.461692 0.050862 0.035897
0.613419 0.067491 0.049547 0.038172
0.508213 0.912503 0.073079 0.044452
0.831510 0.865950 0.053988 0.031645
0.836518 0.184019 0.052864 0.039676
0.722786 0.104150 0.053228 0.034277
0.732840 0.908181 0.054864 0.039430
0.511237 0.418114 0.053764 0.035451
0.508530 0.762670 0.053309 0.040459
0.508385 0.803697 0.051510 0.038288
0.935946 0.281496 0.054762 0.033401
0.079413 0.938164 0.057196 0.031984
0.289643 0.453549 0.051631 0.033762
0.182370 0.916864 0.057187 0.029359
0.823081 0.070373 0.054622 0.039358
0.400080 0.740224 0.054870 0.037017
0.062951 0.061049 0.050576 0.034214
0.937603 0.165574 0.051319 0.030597
0.935230 0.661827 0.054423 0.037842
0.833839 0.378472 0.053755 0.037464
0.937501 0.135837 0.045712 0.030619
0.936965 0.201766 0.052832 0.039667
0.613505 0.160334 0.052524 0.031993
0.072007 0.631704 0.063411 0.042382
0.511156 0.383497 0.051636 0.033034
0.934582 0.846419 0.048190 0.041751
0.615898 0.131177 0.051305 0.031992
0.284957 0.025836 0.056128 0.039020
0.178829 0.141126 0.052392 0.036424
0.072353 0.380619 0.053437 0.041132
0.719137 0.528219 0.061424 0.039533
0.395823 0.150154 0.057921 0.037859
0.176343 0.464651 0.049435 0.037597
0.182447 0.736549 0.058295 0.045565
0.068640 0.673390 0.065519 0.036545
0.390909 0.026048 0.054091 0.035801
0.835497 0.764081 0.056038 0.034268
0.513902 0.537009 0.060603 0.042149
0.289602 0.109304 0.046286 0.037862
0.725773 0.030612 0.057129 0.045230
0.297468 0.608559 0.062868 0.031067
0.296322 0.685666 0.060788 0.036905
0.937032 0.699390 0.048585 0.034192
0.931649 0.439736 0.070522 0.032059
0.292599 0.895811 0.058710 0.033851
0.080795 0.909316 0.063494 0.026066
0.937563 0.620352 0.048681 0.041758
0.727142 0.281591 0.050753 0.046176
0.180523 0.657715 0.046700 0.030536
0.402273 0.361070 0.054196 0.028862
0.401777 0.620860 0.047260 0.039280
0.937426 0.103401 0.046281 0.034354
0.067218 0.134291 0.053176 0.034869
0.175019 0.026094 0.063955 0.032897
0.934661 0.537419 0.065431 0.046359
0.507226 0.838487 0.053356 0.034426
0.071001 0.588993 0.049354 0.040500
0.832011 0.418213 0.049011 0.037336
0.933691 0.320227 0.068496 0.040696
0.176562 0.096700 0.059439 0.041242
0.068252 0.170317 0.045733 0.035775
0.937812 0.578005 0.050536 0.033689
0.621250 0.567128 0.054628 0.033844
0.935820 0.063110 0.066132 0.041811
0.611221 0.276921 0.046881 0.042585
0.389043 0.059170 0.048654 0.032204
0.181192 0.185962 0.059286 0.048251
0.618214 0.429887 0.048110 0.032381
0.729435 0.405487 0.047016 0.042178
0.617080 0.798656 0.053018 0.041053
0.833538 0.143507 0.047145 0.037554
0.935779 0.361672 0.052283 0.041830
0.941520 0.773549 0.049633 0.037442
0.290879 0.258467 0.048919 0.045429
0.620873 0.534392 0.067752 0.026012
0.067520 0.763863 0.052598 0.040365
0.512204 0.584594 0.051808 0.041570
0.395917 0.220351 0.051039 0.032493
0.617033 0.840658 0.060655 0.040204
0.514457 0.952729 0.065567 0.038840
0.179814 0.423515 0.045680 0.041918
0.832710 0.253818 0.053413 0.036152
0.185186 0.588321 0.053027 0.028963
0.729292 0.135193 0.049562 0.027178
0.719834 0.327145 0.072387 0.047324
0.182092 0.277189 0.045927 0.038166
0.293686 0.181442 0.066421 0.036108
0.833590 0.902836 0.048635 0.040183
0.726859 0.658289 0.046491 0.034658
0.833887 0.935532 0.049080 0.029640
0.184845 0.349663 0.043801 0.035916
0.181740 0.621941 0.045591 0.036998
0.835672 0.966945 0.051972 0.035000
0.179125 0.948011 0.046604 0.028467
0.619409 0.916004 0.051211 0.030808
0.180048 0.506319 0.053061 0.045513
0.286643 0.863347 0.059642 0.029592
0.065649 0.239818 0.046603 0.038757
0.722623 0.488790 0.053782 0.037322
0.182608 0.315146 0.045908 0.033202
0.939217 0.807829 0.048343 0.033722
0.293705 0.216063 0.052956 0.036047
0.831536 0.601225 0.067312 0.026823
0.837152 0.632101 0.046124 0.031162
0.068821 0.204508 0.043409 0.032450
0.065491 0.025923 0.052054 0.033291
0.725999 0.573061 0.052867 0.047750
0.931886 0.887978 0.049871 0.039487
0.622638 0.969583 0.048033 0.031673
0.930713 0.484496 0.063960 0.053543
0.625916 0.597551 0.047451 0.026364
0.835912 0.564834 0.046829 0.040058
0.610611 0.027647 0.045350 0.037853
0.615270 0.100303 0.049679 0.026067
0.835519 0.220682 0.051893 0.029026
0.938339 0.024364 0.060263 0.036803
0.395873 0.091038 0.048246 0.031867
0.830248 0.107195 0.046923 0.035296
0.182046 0.386229 0.051821 0.027348
0.292937 0.966042 0.051924 0.031525
0.723635 0.705569 0.047742 0.039877
0.509067 0.871900 0.050800 0.034463
0.936049 0.921800 0.042190 0.031414
0.292185 0.764493 0.044345 0.023568
0.732084 0.954376 0.047336 0.045966
0.516346 0.450509 0.052548 0.031110
0.729217 0.367101 0.047836 0.033880
0.292617 0.729726 0.050242 0.042286
0.826044 0.031350 0.047901 0.034561
0.619197 0.881462 0.044211 0.039672
0.721746 0.748185 0.048781 0.043418
0.181358 0.551071 0.047905 0.042121
0.067471 0.336998 0.055310 0.045139
0.391319 0.120026 0.054143 0.024640
0.728005 0.449228 0.045388 0.042225
0.623612 0.943182 0.042716 0.024215
0.067106 0.284641 0.053579 0.045769
0.829599 0.501701 0.055622 0.043910
0.932804 0.956785 0.063428 0.038925
0.502037 0.045885 0.045560 0.040647
0.833672 0.528790 0.051582 0.032026
0.501211 0.021605 0.048079 0.024799
