0.597532 0.453220 0.076841 0.044008
0.714262 0.427883 0.074780 0.043220
0.933620 0.253353 0.073201 0.042726
0.593521 0.746381 0.083197 0.047371
0.825095 0.502342 0.075347 0.040207
0.822351 0.090801 0.081240 0.042947
0.929066 0.165781 0.072958 0.040477
0.699511 0.619921 0.094676 0.056101
0.827266 0.455905 0.076004 0.046768
0.927873 0.858362 0.063729 0.038814
0.603132 0.260244 0.083411 0.045220
0.601801 0.504295 0.086824 0.051315
0.617595 0.178813 0.079008 0.050080
0.931283 0.209001 0.076668 0.042221
0.927636 0.122612 0.064940 0.039909
0.377442 0.500600 0.078000 0.041927
0.490265 0.164226 0.066119 0.045133
0.711308 0.519995 0.077266 0.052082
0.706401 0.828935 0.084423 0.042580
0.928633 0.081864 0.074644 0.040062
0.590540 0.794670 0.074996 0.048203
0.705709 0.777876 0.069363 0.056513
0.927784 0.817524 0.068742 0.037786
0.387402 0.596543 0.074842 0.047419
0.377035 0.459735 0.066202 0.036754
0.267248 0.314240 0.062520 0.040735
0.704189 0.675564 0.084001 0.049418
0.161065 0.204248 0.062479 0.040473
0.714188 0.258108 0.067661 0.042778
0.163725 0.511934 0.068014 0.036015
0.815581 0.185726 0.083999 0.046445
0.592250 0.894411 0.069373 0.045111
0.601383 0.309559 0.085415 0.046345
0.708445 0.969229 0.075804 0.044493
0.378216 0.417946 0.075529 0.041824
0.925920 0.449028 0.083195 0.039773
0.382362 0.237524 0.071268 0.040477
0.486286 0.744611 0.065792 0.042437
0.160405 0.470781 0.063368 0.041535
0.712046 0.926286 0.071246 0.038231
0.603568 0.409001 0.082746 0.039408
0.158654 0.552923 0.075897 0.041965
0.822943 0.885345 0.084208 0.042079
0.050164 0.120123 0.066567 0.046162
0.383269 0.154498 0.063193 0.035134
0.920745 0.574004 0.069136 0.041232
0.155375 0.900770 0.065869 0.032982
0.928081 0.776886 0.073015 0.039703
0.264318 0.485613 0.076741 0.045612
0.257502 0.805837 0.061178 0.040914
0.583434 0.607584 0.065646 0.043462
0.153890 0.812211 0.064272 0.045251
0.043527 0.256724 0.067995 0.040492
0.266778 0.706113 0.080100 0.045048
0.925225 0.492970 0.064986 0.039260
0.814024 0.583881 0.073476 0.042579
0.476146 0.968463 0.079110 0.045207
0.493598 0.115802 0.062760 0.043122
0.155866 0.858939 0.056735 0.041865
0.385293 0.194382 0.057143 0.041185
0.259842 0.923896 0.081995 0.040199
0.603668 0.362711 0.069696 0.052106
0.485597 0.545412 0.069395 0.042199
0.379055 0.373365 0.058415 0.041876
0.710695 0.068345 0.072086 0.033089
0.260799 0.625776 0.071499 0.048078
0.715119 0.172981 0.083073 0.036497
0.710722 0.877225 0.059053 0.045241
0.377809 0.695371 0.081140 0.042339
0.930992 0.338665 0.058097 0.035673
0.917926 0.666247 0.066020 0.041680
0.925687 0.295962 0.079378 0.040545
0.714430 0.107642 0.060603 0.037944
0.380341 0.329361 0.062049 0.038609
0.926821 0.619256 0.072331 0.038174
0.376460 0.547451 0.064730 0.047001
0.267022 0.438805 0.057184 0.046043
0.048508 0.910883 0.056011 0.038549
0.928931 0.895474 0.075405 0.034834
0.820758 0.329806 0.067282 0.044086
0.383646 0.283464 0.066628 0.041424
0.265001 0.357029 0.055557 0.040751
0.923400 0.964592 0.070475 0.036604
0.807934 0.717106 0.062549 0.054767
0.820430 0.809145 0.055487 0.041167
0.495197 0.215993 0.068607 0.046748
0.279731 0.105473 0.077263 0.036447
0.152041 0.941009 0.058818 0.043486
0.717555 0.214446 0.059414 0.043062
0.496243 0.592839 0.078135 0.043510
0.932004 0.928660 0.067560 0.029670
0.379733 0.645619 0.090122 0.048609
0.050227 0.210366 0.054474 0.041714
0.584665 0.655811 0.063845 0.041059
0.485579 0.354560 0.064754 0.037018
0.479055 0.308589 0.061318 0.042817
0.600743 0.029445 0.086932 0.046369
0.589556 0.843473 0.059648 0.046267
0.159130 0.341682 0.061042 0.040443
0.371986 0.779420 0.078427 0.051742
0.260658 0.882253 0.060800 0.039258
0.263916 0.756358 0.066106 0.049786
0.933130 0.378055 0.081630 0.035368
0.052748 0.509019 0.066061 0.047584
0.827896 0.282139 0.068892 0.045594
0.255876 0.842757 0.078109 0.034913
0.274258 0.144611 0.089416 0.039862
0.363297 0.832121 0.080627 0.051694
0.155950 0.390084 0.056892 0.045414
0.928151 0.037489 0.081466 0.043840
0.824697 0.137935 0.061218 0.043961
0.482332 0.497905 0.067492 0.047521
0.706569 0.473130 0.084260 0.040036
0.048917 0.645542 0.053631 0.038227
0.709761 0.033066 0.064129 0.037672
0.275997 0.186640 0.070781 0.042656
0.812552 0.766617 0.065166 0.043012
0.822576 0.234133 0.081560 0.043605
0.588998 0.697767 0.055124 0.036275
0.700729 0.725445 0.090512 0.046090
0.054523 0.077574 0.058083 0.035288
0.712686 0.333541 0.088441 0.037545
0.822272 0.036326 0.075589 0.046439
0.489836 0.792528 0.067110 0.045893
0.711424 0.568664 0.072052 0.037310
0.369578 0.920563 0.061996 0.036251
0.160528 0.299033 0.065535 0.037746
0.156382 0.253184 0.053061 0.046535
0.495398 0.034964 0.064992 0.042004
0.047495 0.688609 0.054335 0.039268
0.929661 0.532939 0.064282 0.027978
0.376811 0.031667 0.072295 0.044491
0.052302 0.384236 0.048912 0.033151
0.269470 0.573895 0.069553 0.041409
0.055030 0.164965 0.053377 0.035463
0.058458 0.949174 0.062227 0.035299
0.262392 0.530697 0.058871 0.038416
0.714310 0.139591 0.064703 0.024516
0.488201 0.694152 0.066056 0.052233
0.927066 0.740226 0.044635 0.034251
0.158872 0.430453 0.062330 0.032125
0.480880 0.260799 0.068002 0.041404
0.480328 0.450024 0.067794 0.045024
0.158249 0.114886 0.057960 0.039967
0.590296 0.556392 0.060871 0.048223
0.708782 0.379716 0.049275 0.045608
0.050540 0.343595 0.047532 0.041043
0.611555 0.076174 0.076486 0.045302
0.158282 0.161094 0.054020 0.039699
0.153597 0.742382 0.057274 0.037395
0.820841 0.662099 0.077916 0.042015
0.046894 0.464718 0.053594 0.031374
0.051677 0.554782 0.059519 0.037955
0.271652 0.070660 0.071837 0.029260
0.925632 0.704733 0.052593 0.030920
0.265161 0.271232 0.064180 0.036738
0.060829 0.035899 0.056801 0.037364
0.492548 0.641675 0.057944 0.046895
0.373239 0.733225 0.054032 0.032472
0.046925 0.868575 0.051310 0.040858
0.581462 0.961428 0.082779 0.044934
0.822339 0.408985 0.050155 0.037681
0.258097 0.963277 0.066957 0.035624
0.814755 0.846013 0.069697 0.027975
0.721772 0.297068 0.067368 0.029871
0.820136 0.541081 0.051220 0.029890
0.274317 0.031664 0.051888 0.038038
0.610554 0.221004 0.071976 0.034388
0.049985 0.299469 0.043239 0.038389
0.368770 0.881685 0.066692 0.035239
0.484724 0.401906 0.057418 0.048644
0.490572 0.077763 0.054637 0.031869
0.049697 0.601408 0.051900 0.045607
0.939282 0.410535 0.090445 0.030149
0.271279 0.231341 0.051404 0.044716
0.821080 0.371290 0.048802 0.033254
0.266562 0.396297 0.047541 0.033403
0.486397 0.895873 0.075840 0.036240
0.819627 0.923170 0.090194 0.035219
0.268444 0.665911 0.064850 0.027612
0.611671 0.125737 0.074575 0.050440
0.383768 0.117804 0.043543 0.031075
0.385209 0.078119 0.052955 0.038527
0.820200 0.963137 0.065583 0.041679
0.820916 0.623235 0.062788 0.028217
0.046951 0.730264 0.050253 0.038969
0.046282 0.781644 0.050519 0.036476
0.478639 0.930006 0.087987 0.028884
0.157265 0.075658 0.044792 0.034652
0.379297 0.967980 0.063136 0.044535
0.486191 0.846399 0.085532 0.051795
0.047514 0.423896 0.046303 0.041268
0.157191 0.035333 0.063087 0.044341
0.158042 0.650425 0.057662 0.045993
0.163584 0.599149 0.072103 0.045224
0.153766 0.700221 0.044611 0.036938
0.047202 0.824884 0.039899 0.041554
0.155087 0.773868 0.040900 0.023062
0.589373 0.928355 0.049191 0.023393
