0.627222 0.864988 0.069287 0.044275
0.621652 0.740529 0.063696 0.038461
0.717640 0.226097 0.069800 0.042871
0.715981 0.386517 0.075132 0.050194
0.945644 0.866386 0.067715 0.039820
0.297182 0.823470 0.060942 0.037936
0.628005 0.821447 0.053758 0.038591
0.733295 0.874425 0.057960 0.031748
0.287963 0.120855 0.059393 0.045314
0.724671 0.339055 0.065790 0.037348
0.516690 0.929662 0.064845 0.035892
0.286651 0.258764 0.051185 0.035401
0.062446 0.194809 0.068130 0.047940
0.177842 0.288615 0.067578 0.040628
0.614456 0.173256 0.065663 0.044530
0.942910 0.383417 0.053680 0.038624
0.615549 0.267253 0.062539 0.047163
0.724491 0.505133 0.063845 0.036508
0.511530 0.552173 0.071949 0.041847
0.519671 0.855293 0.055970 0.032700
0.615884 0.219577 0.061472 0.044246
0.177154 0.207344 0.058048 0.043005
0.522249 0.892662 0.055105 0.036766
0.732311 0.834257 0.053192 0.040211
0.391127 0.269390 0.065546 0.040115
0.719432 0.098819 0.069078 0.042882
0.285961 0.215343 0.054319 0.048161
0.497299 0.186719 0.050540 0.036786
0.719310 0.179209 0.070215 0.045533
0.177399 0.247995 0.057363 0.040641
0.723444 0.433085 0.055912 0.041162
0.623876 0.780432 0.053558 0.040544
0.287550 0.298362 0.060054 0.040601
0.832917 0.661065 0.070379 0.032203
0.189564 0.475190 0.059773 0.041285
0.841209 0.738281 0.072349 0.040539
0.396539 0.312121 0.054670 0.040221
0.614263 0.542006 0.068325 0.046176
0.296019 0.415936 0.070156 0.035430
0.831077 0.621288 0.068955 0.040155
0.504394 0.628328 0.078821 0.044239
0.286571 0.340384 0.065030 0.041309
0.830490 0.581262 0.068626 0.042420
0.612539 0.308793 0.055459 0.035431
0.953163 0.530852 0.063420 0.036574
0.295143 0.741599 0.063869 0.042515
0.945628 0.311174 0.060282 0.040393
0.620974 0.698398 0.070000 0.041605
0.495708 0.224397 0.060550 0.035767
0.625424 0.933800 0.057947 0.034393
0.404709 0.843641 0.077050 0.039156
0.506561 0.673945 0.061856 0.038368
0.720296 0.300800 0.055291 0.034329
0.935663 0.201240 0.059381 0.037967
0.389076 0.104203 0.073150 0.041677
0.188489 0.518193 0.066391 0.043089
0.511920 0.714863 0.064577 0.034906
0.723649 0.542644 0.054467 0.035964
0.295815 0.782553 0.058427 0.042208
0.726558 0.582988 0.059620 0.040748
0.388865 0.151678 0.074476 0.048208
0.835996 0.697920 0.069385 0.040593
0.840297 0.855281 0.053158 0.036018
0.716906 0.137457 0.069688 0.032956
0.283242 0.077447 0.054734 0.039037
0.396367 0.352052 0.053505 0.039230
0.189728 0.824872 0.057273 0.036427
0.940763 0.237911 0.056513 0.032418
0.075514 0.431971 0.053531 0.038821
0.619993 0.626191 0.053774 0.037615
0.840115 0.889307 0.064592 0.033138
0.297096 0.494641 0.063327 0.038299
0.184664 0.436352 0.059531 0.037024
0.298031 0.696624 0.058935 0.043136
0.298070 0.862762 0.064239 0.041869
0.942021 0.424151 0.060786 0.040464
0.950404 0.752637 0.054482 0.036486
0.949916 0.792418 0.057700 0.043383
0.942524 0.347852 0.052307 0.032130
0.392626 0.228839 0.059425 0.039562
0.503750 0.324781 0.063165 0.039521
0.191344 0.636362 0.055215 0.041790
0.395314 0.393439 0.062792 0.042073
0.837472 0.819213 0.053557 0.034564
0.085026 0.878753 0.052724 0.038802
0.826741 0.381375 0.059420 0.045878
0.942555 0.273602 0.050167 0.034650
0.945934 0.460581 0.073376 0.029082
0.948727 0.569426 0.055716 0.039382
0.505060 0.437415 0.061002 0.035456
0.828269 0.336429 0.053312 0.041214
0.286635 0.166944 0.053159 0.044583
0.508404 0.512414 0.064784 0.035749
0.187417 0.397032 0.066405 0.040674
0.827974 0.156933 0.057411 0.046761
0.492417 0.116621 0.062392 0.039984
0.955607 0.904898 0.053999 0.034573
0.507216 0.588986 0.062820 0.033647
0.492030 0.074885 0.070547 0.043116
0.620366 0.493104 0.052998 0.048910
0.291958 0.574334 0.075768 0.041146
0.842102 0.780587 0.064047 0.038731
0.952473 0.712098 0.053068 0.043076
0.177806 0.162171 0.062249 0.044486
0.188438 0.560816 0.057663 0.039291
0.395019 0.031558 0.068921 0.039334
0.297879 0.614135 0.056001 0.040275
0.953086 0.670546 0.049644 0.038036
0.289733 0.453711 0.058849 0.036961
0.519229 0.967768 0.054795 0.039281
0.622982 0.660626 0.054237 0.032154
0.078545 0.835564 0.065501 0.044696
0.077313 0.655160 0.059901 0.048475
0.068091 0.072252 0.051339 0.041918
0.619111 0.586717 0.055458 0.041470
0.076047 0.702471 0.059575 0.037074
0.730337 0.629857 0.060840 0.048511
0.941692 0.084747 0.056717 0.041309
0.176283 0.083831 0.055086 0.037883
0.715941 0.058338 0.064227 0.038693
0.608029 0.125530 0.056415 0.049564
0.069777 0.238536 0.052124 0.037886
0.303109 0.653911 0.054827 0.040203
0.073233 0.353587 0.054353 0.040629
0.403106 0.652069 0.056361 0.047839
0.068971 0.277523 0.054468 0.039757
0.292001 0.380370 0.046680 0.033567
0.830267 0.494418 0.055547 0.039698
0.725970 0.469913 0.049490 0.032583
0.835351 0.537035 0.057233 0.043542
0.401024 0.566933 0.052388 0.037462
0.947387 0.493684 0.052894 0.035371
0.184869 0.735764 0.061582 0.041273
0.729269 0.681391 0.053161 0.052330
0.827625 0.072491 0.053949 0.038843
0.400570 0.525249 0.063479 0.042266
0.830305 0.264107 0.053117 0.041847
0.295231 0.536247 0.045826 0.036772
0.510178 0.398849 0.047586 0.040294
0.937675 0.161495 0.059742 0.036274
0.828637 0.457052 0.046710 0.033949
0.301950 0.906632 0.066990 0.042008
0.402160 0.772834 0.049660 0.034290
0.405445 0.703992 0.047672 0.047665
0.511863 0.361043 0.051370 0.034763
0.931266 0.037341 0.073919 0.047010
0.830486 0.228336 0.059229 0.031291
0.517771 0.761213 0.062492 0.048588
0.937349 0.123922 0.060057 0.036673
0.629809 0.967187 0.055037 0.030090
0.732970 0.796028 0.047948 0.035500
0.074989 0.474806 0.045967 0.042557
0.495658 0.152667 0.046865 0.032313
0.503633 0.287347 0.045969 0.035725
0.725079 0.266029 0.056800 0.031596
0.175101 0.120564 0.057968 0.035601
0.832262 0.299867 0.055025 0.027293
0.403858 0.807068 0.047726 0.035160
0.082726 0.741678 0.047921 0.039017
0.618870 0.348507 0.046663 0.039387
0.515863 0.811650 0.057921 0.049048
0.843985 0.923489 0.056824 0.034820
0.187319 0.780550 0.056173 0.047987
0.955576 0.940291 0.045709 0.035408
0.079831 0.567206 0.050005 0.035308
0.601224 0.035473 0.062859 0.049019
0.178276 0.326850 0.053882 0.036680
0.073386 0.392621 0.047285 0.037029
0.403495 0.607270 0.051831 0.039560
0.191303 0.862474 0.054476 0.031207
0.394649 0.479382 0.044501 0.044282
0.180446 0.361567 0.051732 0.034489
0.733650 0.907584 0.056104 0.033498
0.949508 0.635405 0.049764 0.034078
0.174241 0.041412 0.055731 0.044911
0.949568 0.830881 0.049650 0.033114
0.308776 0.983629 0.053595 0.030004
0.829554 0.196672 0.053214 0.030839
0.827220 0.032993 0.055355 0.041940
0.061915 0.142636 0.072249 0.048519
0.090380 0.979826 0.063943 0.031067
0.194546 0.941433 0.057016 0.040902
0.607479 0.080661 0.053353 0.037425
0.079156 0.605233 0.045489 0.040999
0.189930 0.901523 0.059084 0.043490
0.728075 0.761087 0.044891 0.033821
0.504019 0.474100 0.063730 0.038179
0.189711 0.598329 0.048801 0.033466
0.625770 0.903444 0.053662 0.026841
0.826586 0.111272 0.051121 0.040260
0.731862 0.934983 0.062440 0.031976
0.849780 0.964085 0.072867 0.042771
0.726400 0.724821 0.056993 0.035919
0.825142 0.423004 0.050779 0.035163
0.412881 0.976315 0.069172 0.038285
0.284940 0.036308 0.056714 0.038734
0.087790 0.948152 0.060688 0.033417
0.494137 0.033360 0.046690 0.036941
0.192861 0.979022 0.054023 0.036188
0.395607 0.193066 0.048633 0.032178
0.954270 0.974249 0.057112 0.031540
0.067935 0.313775 0.050545 0.034115
0.193536 0.672096 0.052469 0.029044
0.731500 0.970710 0.069849 0.040865
0.952740 0.606946 0.042366 0.033592
0.503100 0.255378 0.052208 0.026965
0.070189 0.032629 0.048869 0.034095
0.615500 0.384552 0.041837 0.029754
0.716259 0.025458 0.054115 0.031004
0.085289 0.915029 0.045283 0.032819
0.084230 0.789132 0.049870 0.046407
0.302801 0.947902 0.046315 0.039931
0.393182 0.068239 0.049688 0.029782
0.415694 0.881699 0.054337 0.035979
0.082280 0.524959 0.059502 0.046028
0.067535 0.106064 0.048713 0.026266
0.625111 0.449435 0.062419 0.038119
0.393912 0.435076 0.047336 0.040459
0.613060 0.414734 0.049962 0.032024
0.403770 0.741853 0.048508 0.026758
0.187478 0.703579 0.051079 0.031728
0.414118 0.913414 0.045098 0.025734
0.410320 0.943486 0.058393 0.033316
