0.599826 0.671117 0.064255 0.043144
0.272690 0.892283 0.069752 0.038570
0.176566 0.785000 0.061301 0.036491
0.270394 0.784036 0.067142 0.041172
0.175693 0.890343 0.055722 0.041526
0.929828 0.243752 0.069150 0.043867
0.391598 0.652746 0.065208 0.039640
0.070823 0.886040 0.062201 0.040714
0.065753 0.845389 0.075223 0.040770
0.929080 0.322838 0.052262 0.040136
0.600804 0.714517 0.057728 0.041701
0.380044 0.391763 0.060721 0.042109
0.069902 0.927321 0.061387 0.035046
0.603625 0.594705 0.063779 0.038439
0.176782 0.379239 0.054473 0.044784
0.601602 0.363843 0.062022 0.034326
0.389356 0.693329 0.063436 0.042376
0.274244 0.698727 0.063053 0.032441
0.274848 0.286494 0.054128 0.036514
0.493800 0.448213 0.059644 0.038503
0.494963 0.406938 0.055561 0.038402
0.281605 0.530381 0.064190 0.040964
0.596944 0.404319 0.070063 0.044539
0.823634 0.528612 0.064230 0.041741
0.069427 0.122055 0.061891 0.037684
0.067616 0.362105 0.058211 0.044807
0.608849 0.095929 0.068364 0.041745
0.495998 0.534133 0.055195 0.039423
0.381252 0.821486 0.055005 0.037711
0.602278 0.325937 0.058565 0.037472
0.605936 0.837157 0.052626 0.043349
0.165237 0.101874 0.071767 0.035445
0.495450 0.612713 0.064438 0.040210
0.377586 0.210059 0.053325 0.044467
0.377139 0.297504 0.055480 0.041190
0.821531 0.222411 0.053317 0.044197
0.609956 0.554723 0.051739 0.036535
0.494866 0.369173 0.048858 0.036460
0.714981 0.395301 0.061269 0.043896
0.171152 0.928430 0.062284 0.034858
0.070354 0.637072 0.069353 0.045241
0.493126 0.573606 0.061785 0.035959
0.062097 0.547968 0.071757 0.046711
0.610184 0.221506 0.053052 0.039441
0.073347 0.164031 0.057454 0.039431
0.070439 0.252516 0.056563 0.041278
0.608828 0.292091 0.061836 0.029832
0.065693 0.801631 0.061375 0.043963
0.928988 0.827767 0.049999 0.033734
0.824726 0.265303 0.049095 0.033211
0.378155 0.861744 0.054242 0.039182
0.067757 0.207215 0.057905 0.043677
0.280085 0.247519 0.051562 0.037328
0.491491 0.109612 0.068307 0.049793
0.820211 0.573759 0.051848 0.045917
0.379117 0.738160 0.068024 0.045188
0.274014 0.657826 0.055007 0.040867
0.611397 0.180039 0.072564 0.042265
0.824647 0.301358 0.051090 0.037071
0.066021 0.077306 0.062794 0.049861
0.492322 0.491295 0.053023 0.047392
0.168228 0.746236 0.067707 0.037091
0.281019 0.453032 0.057227 0.043042
0.280738 0.968568 0.065181 0.044518
0.929323 0.284031 0.051275 0.033341
0.604386 0.877063 0.064089 0.030793
0.930973 0.621674 0.049055 0.039872
0.929238 0.361320 0.056277 0.034661
0.278718 0.110137 0.060342 0.047648
0.175711 0.289109 0.068613 0.035005
0.065386 0.408376 0.055913 0.045154
0.929947 0.511320 0.055246 0.045085
0.821218 0.490554 0.051029 0.034392
0.273341 0.738933 0.051899 0.043640
0.281760 0.027690 0.054076 0.034334
0.494766 0.858825 0.058142 0.039771
0.830835 0.658241 0.051012 0.040954
0.497033 0.895691 0.051443 0.036074
0.490658 0.963111 0.063605 0.039734
0.494697 0.029995 0.058507 0.042992
0.171682 0.253899 0.058311 0.035519
0.707063 0.606126 0.067553 0.046064
0.824933 0.343234 0.056323 0.044192
0.168715 0.033746 0.055946 0.038813
0.069538 0.593879 0.055126 0.040193
0.280801 0.325146 0.050988 0.037352
0.606794 0.631069 0.053987 0.037231
0.385426 0.030403 0.063064 0.041544
0.601485 0.443244 0.058894 0.035778
0.608344 0.794647 0.057504 0.040865
0.279094 0.064514 0.059570 0.035467
0.275553 0.569993 0.056485 0.033599
0.716356 0.883096 0.056613 0.033830
0.931212 0.203283 0.050052 0.036391
0.379086 0.432918 0.063840 0.040499
0.375042 0.900380 0.057698 0.037750
0.278202 0.930705 0.064011 0.031433
0.609172 0.481601 0.055008 0.038706
0.377958 0.255754 0.052044 0.039020
0.066526 0.448255 0.067222 0.034027
0.167768 0.184328 0.050706 0.039270
0.385413 0.470455 0.062649 0.036601
0.171465 0.817961 0.058032 0.029905
0.280213 0.364696 0.050282 0.037670
0.274969 0.854669 0.057933 0.032569
0.385108 0.612376 0.069232 0.039135
0.713349 0.734105 0.058636 0.040690
0.380394 0.166598 0.058985 0.040585
0.722410 0.956955 0.062550 0.039627
0.823929 0.178436 0.052701 0.038044
0.068756 0.759335 0.054628 0.036041
0.378106 0.344550 0.052060 0.045343
0.603236 0.753977 0.052252 0.037101
0.285016 0.491795 0.057405 0.029572
0.386299 0.782872 0.053986 0.037669
0.710231 0.221725 0.044808 0.034817
0.612490 0.136941 0.054499 0.038903
0.492527 0.657590 0.059232 0.044654
0.175011 0.849983 0.052121 0.034084
0.278340 0.821776 0.055775 0.030393
0.283243 0.409987 0.049229 0.042742
0.606627 0.518529 0.050293 0.033354
0.170493 0.139284 0.060031 0.039783
0.824139 0.617100 0.050005 0.038739
0.932267 0.859464 0.040524 0.029443
0.496512 0.821468 0.052917 0.035658
0.936929 0.132538 0.057948 0.038835
0.160943 0.962769 0.081139 0.032789
0.071089 0.679789 0.082042 0.040956
0.709127 0.690742 0.056202 0.046096
0.174644 0.415529 0.048595 0.028480
0.276089 0.202725 0.054676 0.047123
0.171022 0.220982 0.046638 0.032755
0.929705 0.473557 0.055151 0.026504
0.493347 0.223413 0.052017 0.036302
0.710350 0.649090 0.061701 0.041086
0.822310 0.820988 0.063159 0.043421
0.717841 0.917346 0.051802 0.040295
0.496321 0.928521 0.047684 0.031450
0.933695 0.887991 0.046515 0.030562
0.175783 0.332201 0.053086 0.047513
0.072859 0.962397 0.065557 0.032581
0.607993 0.258233 0.049441 0.032987
0.928090 0.437332 0.065249 0.041695
0.168978 0.068746 0.048346 0.027722
0.607025 0.058307 0.057376 0.035677
0.826239 0.702940 0.051163 0.044793
0.382207 0.076663 0.059758 0.051013
0.493476 0.068569 0.061790 0.032084
0.931637 0.090403 0.050417 0.042488
0.712989 0.299949 0.063887 0.035743
0.711721 0.439544 0.055142 0.044475
0.607636 0.910542 0.046057 0.032370
0.706131 0.513190 0.068157 0.044876
0.928275 0.399343 0.053513 0.032830
0.819270 0.449730 0.048878 0.041688
0.171786 0.673251 0.049137 0.049032
0.929862 0.170169 0.053246 0.029103
0.493160 0.156504 0.059219 0.042032
0.375446 0.946578 0.052748 0.048729
0.606563 0.024851 0.060640 0.030601
0.819783 0.861784 0.047884 0.039545
0.173128 0.488907 0.049700 0.034715
0.931858 0.794416 0.042382 0.034238
0.715176 0.338864 0.058100 0.042005
0.713683 0.147708 0.050578 0.037083
0.389567 0.573780 0.051358 0.037624
0.824095 0.139900 0.049492 0.036435
0.492901 0.327757 0.048055 0.038693
0.492589 0.698733 0.050611 0.040661
0.722227 0.110381 0.054381 0.036254
0.712893 0.845805 0.050448 0.036814
0.383834 0.537531 0.052037 0.036800
0.492232 0.290885 0.051273 0.031910
0.930458 0.751869 0.054927 0.047632
0.932180 0.662289 0.046941 0.039604
0.171527 0.450032 0.053924 0.038825
0.709759 0.811060 0.041482 0.036078
0.067937 0.721436 0.053058 0.039307
0.491913 0.259910 0.044597 0.031573
0.064227 0.323102 0.050721 0.032807
0.932854 0.584201 0.046629 0.033353
0.171838 0.588737 0.051551 0.030146
0.935373 0.915173 0.048244 0.026657
0.067660 0.292505 0.049462 0.034789
0.824262 0.901020 0.047059 0.040071
0.932681 0.945657 0.045651 0.033805
0.932950 0.550785 0.043565 0.032651
0.717352 0.072805 0.055456 0.041549
0.492407 0.191917 0.045542 0.027497
0.708245 0.475236 0.054563 0.032179
0.174456 0.627655 0.049797 0.036264
0.933779 0.704040 0.047642 0.039265
0.274546 0.609822 0.046463 0.045357
0.712422 0.259332 0.054012 0.040889
0.280685 0.156786 0.046347 0.035482
0.709340 0.560122 0.055442 0.047375
0.064311 0.033586 0.049670 0.039072
0.492175 0.740259 0.057513 0.044725
0.177021 0.520672 0.050874 0.021554
0.381406 0.125140 0.059386 0.043987
0.710723 0.774167 0.045132 0.035619
0.716133 0.031756 0.057154 0.047487
0.612572 0.966462 0.064565 0.032593
0.173155 0.710091 0.043171 0.024881
0.385955 0.504445 0.047097 0.030499
0.172104 0.551319 0.042974 0.037415
0.491557 0.782502 0.057297 0.042665
0.609134 0.941643 0.054598 0.029951
0.821128 0.384055 0.042195 0.032728
0.713457 0.184926 0.042132 0.034420
0.832720 0.787410 0.052552 0.025820
0.069307 0.504024 0.052062 0.037434
0.826584 0.745607 0.040784 0.036409
0.818579 0.411523 0.048627 0.032755
0.823463 0.063736 0.039417 0.037721
0.824598 0.098540 0.044351 0.038344
0.931544 0.031519 0.049061 0.043182
0.828979 0.950427 0.071309 0.051981
0.068083 0.484472 0.052279 0.041214
0.978514 0.048856 0.036211 0.020069
0.977497 0.027543 0.030781 0.032950
