0.287275 0.177726 0.078363 0.046142
0.833707 0.878526 0.079480 0.050149
0.827804 0.826311 0.081218 0.045984
0.824026 0.128030 0.072285 0.043214
0.402037 0.546221 0.078052 0.047652
0.503498 0.704497 0.077687 0.040003
0.399855 0.352292 0.073733 0.045428
0.288778 0.329295 0.076486 0.048915
0.497710 0.796283 0.076412 0.051372
0.505372 0.426198 0.069009 0.042183
0.940098 0.750651 0.065169 0.039748
0.939912 0.921002 0.076612 0.046885
0.620851 0.331871 0.070426 0.049537
0.496871 0.846022 0.072499 0.044824
0.835418 0.741264 0.073785 0.035703
0.173541 0.313088 0.072932 0.037836
0.619077 0.283575 0.074140 0.040691
0.610141 0.189372 0.069757 0.051753
0.938833 0.792090 0.082385 0.041691
0.936819 0.370185 0.080594 0.043488
0.933689 0.416391 0.071115 0.043539
0.936265 0.124129 0.066876 0.032430
0.278395 0.689963 0.072351 0.048725
0.288759 0.230411 0.068179 0.051141
0.938096 0.214570 0.077109 0.041821
0.829582 0.392707 0.070047 0.044672
0.934214 0.167454 0.071082 0.045747
0.720082 0.179137 0.067228 0.046922
0.721002 0.225287 0.074046 0.036270
0.507389 0.125647 0.071418 0.037255
0.508105 0.168830 0.069650 0.046339
0.604131 0.753928 0.076050 0.044836
0.830590 0.257565 0.090392 0.043741
0.607294 0.140322 0.068836 0.040472
0.173790 0.528738 0.071732 0.041290
0.931934 0.667698 0.073692 0.043298
0.605478 0.663341 0.067773 0.040461
0.611901 0.575322 0.062874 0.045438
0.942967 0.838561 0.068577 0.045934
0.935478 0.463828 0.079533 0.044249
0.607630 0.619443 0.067399 0.037588
0.609310 0.888654 0.064601 0.040200
0.060192 0.365051 0.063746 0.044634
0.826102 0.928215 0.084007 0.040127
0.823701 0.038494 0.079095 0.040719
0.391801 0.088373 0.067229 0.047539
0.394152 0.259557 0.071495 0.043519
0.824054 0.080833 0.076205 0.040521
0.828377 0.513491 0.070711 0.041587
0.291546 0.377465 0.082883 0.043037
0.825052 0.780000 0.087934 0.039870
0.935954 0.086799 0.075423 0.039367
0.401988 0.920503 0.073399 0.051968
0.826643 0.435525 0.059079 0.036799
0.829179 0.699404 0.056458 0.042827
0.937559 0.968371 0.073423 0.043709
0.170477 0.088879 0.078486 0.043548
0.720198 0.263759 0.073934 0.035269
0.505831 0.892802 0.076108 0.042850
0.062955 0.129382 0.066197 0.051377
0.612941 0.378926 0.064783 0.040545
0.713108 0.131400 0.067668 0.041854
0.282485 0.903411 0.078055 0.040324
0.609407 0.528925 0.061017 0.041689
0.289575 0.278210 0.057932 0.043860
0.284519 0.127461 0.073251 0.050285
0.063038 0.174918 0.067482 0.036858
0.396495 0.130123 0.054088 0.038369
0.938582 0.326627 0.065224 0.038673
0.170158 0.168047 0.064647 0.038915
0.506634 0.342522 0.062036 0.037180
0.508919 0.255164 0.069563 0.050927
0.936664 0.709475 0.073635 0.041512
0.502308 0.084526 0.081646 0.039966
0.830045 0.174297 0.072769 0.045311
0.608594 0.800938 0.068710 0.040624
0.275885 0.823402 0.061330 0.046102
0.396928 0.305796 0.069816 0.037094
0.720485 0.042854 0.071007 0.051372
0.931952 0.510223 0.070373 0.043451
0.172992 0.400488 0.068992 0.056362
0.501195 0.660718 0.072610 0.046139
0.832827 0.969317 0.069633 0.038847
0.830932 0.214522 0.078331 0.034337
0.069973 0.664313 0.070226 0.039319
0.499540 0.508694 0.063829 0.044679
0.399806 0.590712 0.065679 0.039037
0.176150 0.352507 0.064466 0.034037
0.171372 0.273992 0.055482 0.031847
0.720866 0.359338 0.061707 0.032393
0.183989 0.841402 0.076066 0.046347
0.825133 0.345253 0.057712 0.044793
0.063387 0.489493 0.064831 0.048740
0.060273 0.570661 0.067044 0.045487
0.614228 0.425702 0.070143 0.049679
0.608679 0.705986 0.063549 0.040949
0.176325 0.574773 0.061765 0.044425
0.280876 0.558316 0.063084 0.038859
0.273788 0.640692 0.064984 0.042975
0.828801 0.656398 0.062737 0.034924
0.709338 0.904454 0.057332 0.045388
0.828039 0.554467 0.068372 0.031778
0.068299 0.710751 0.062818 0.049131
0.938018 0.878924 0.065877 0.034622
0.287418 0.469844 0.063147 0.048952
0.399878 0.869141 0.058389 0.046731
0.507107 0.383634 0.051087 0.038660
0.717079 0.668656 0.054327 0.040568
0.403637 0.449908 0.066082 0.056696
0.289636 0.516249 0.064385 0.037345
0.396447 0.819130 0.073244 0.045758
0.068120 0.760285 0.061362 0.041543
0.393557 0.168004 0.063558 0.034067
0.498411 0.747014 0.061351 0.040897
0.717740 0.088268 0.065312 0.037291
0.943696 0.254156 0.083843 0.032671
0.932973 0.547966 0.060078 0.032529
0.277309 0.598979 0.070413 0.033753
0.927622 0.583996 0.059354 0.031906
0.508966 0.300967 0.059550 0.039438
0.064197 0.211876 0.057901 0.037024
0.510976 0.038140 0.063271 0.042200
0.396402 0.633273 0.064505 0.042169
0.173560 0.041866 0.079500 0.046298
0.725738 0.404978 0.062237 0.047972
0.828893 0.472192 0.056576 0.033211
0.175442 0.128701 0.076604 0.035026
0.605107 0.844820 0.056752 0.039402
0.174791 0.792506 0.066233 0.049547
0.607617 0.969514 0.078094 0.041670
0.826088 0.593339 0.075799 0.037257
0.611797 0.240555 0.069210 0.037823
0.071983 0.933084 0.069679 0.045113
0.068880 0.619006 0.060274 0.047461
0.176639 0.206256 0.057900 0.036535
0.062288 0.806735 0.056769 0.042328
0.942682 0.287256 0.063882 0.030365
0.289377 0.423614 0.063888 0.040214
0.062628 0.278080 0.064074 0.034509
0.181637 0.447417 0.074215 0.040603
0.398628 0.399164 0.058398 0.039763
0.403627 0.966710 0.084548 0.039510
0.178791 0.489440 0.055220 0.038671
0.177341 0.617699 0.078021 0.034534
0.509824 0.212405 0.076141 0.028917
0.607261 0.929994 0.061888 0.032439
0.933819 0.042357 0.063771 0.048734
0.172771 0.707233 0.072309 0.052503
0.065558 0.530433 0.078594 0.031794
0.056048 0.320124 0.052556 0.038368
0.276802 0.778657 0.058097 0.036626
0.718632 0.812101 0.069638 0.048558
0.059523 0.442138 0.067669 0.035788
0.053015 0.408563 0.057222 0.030109
0.500019 0.614015 0.061271 0.042017
0.275402 0.736266 0.055563 0.040353
0.611161 0.091757 0.059172 0.047180
0.394078 0.683219 0.063694 0.054061
0.400749 0.211188 0.060301 0.049831
0.277171 0.864148 0.058721 0.029999
0.613028 0.040113 0.064517 0.051118
0.175018 0.657449 0.058157 0.038716
0.716389 0.625696 0.058418 0.035888
0.400055 0.499983 0.066416 0.041102
0.716658 0.459863 0.058364 0.051661
0.833095 0.300185 0.074633 0.037390
0.929427 0.624241 0.056968 0.039275
0.278639 0.043360 0.066818 0.038474
0.508201 0.468053 0.071135 0.031839
0.390065 0.038100 0.059712 0.042540
0.182368 0.889551 0.079264 0.040597
0.398140 0.767810 0.079509 0.041895
0.721012 0.764267 0.074566 0.039956
0.063081 0.080100 0.059448 0.039315
0.716172 0.717818 0.061120 0.049467
0.067995 0.886830 0.082550 0.029308
0.062142 0.244356 0.048764 0.026925
0.184198 0.968771 0.070018 0.036373
0.282249 0.081597 0.048909 0.032537
0.610546 0.481435 0.065866 0.054386
0.285106 0.957239 0.081770 0.058485
0.496257 0.564142 0.056964 0.056995
0.180799 0.932729 0.062591 0.039855
0.173798 0.238489 0.049458 0.025225
0.067320 0.849457 0.066828 0.037572
0.400666 0.726184 0.080771 0.038109
0.714263 0.952463 0.065581 0.043305
0.060219 0.040022 0.074997 0.040905
0.714500 0.582339 0.053167 0.047826
0.723314 0.857581 0.070134 0.037984
0.828239 0.625573 0.054444 0.023548
0.167814 0.750993 0.056203 0.028400
0.074483 0.969702 0.060124 0.026454
0.720684 0.306344 0.055013 0.044812
0.715959 0.514597 0.057545 0.053222
0.502624 0.954008 0.083532 0.056842
0.723227 0.324774 0.061638 0.033104
