0.273331 0.870753 0.065565 0.031353
0.601245 0.233574 0.063150 0.031460
0.466004 0.845115 0.061091 0.031558
0.105606 0.391681 0.063693 0.036765
0.695178 0.309648 0.063479 0.032445
0.590206 0.386524 0.069605 0.034038
0.792673 0.309231 0.062872 0.033344
0.463930 0.879907 0.062501 0.031532
0.370336 0.845928 0.055315 0.029131
0.690425 0.345464 0.060218 0.033466
0.473138 0.653953 0.060055 0.035613
0.199238 0.407019 0.064092 0.033126
0.881462 0.377852 0.059361 0.041084
0.888927 0.217308 0.056466 0.036159
0.857106 0.852196 0.056910 0.038939
0.276458 0.798640 0.056229 0.037125
0.389105 0.447563 0.053258 0.030806
0.561767 0.890277 0.057415 0.037070
0.579991 0.567424 0.060647 0.032474
0.865949 0.708914 0.064557 0.027264
0.479648 0.553268 0.057909 0.029102
0.367750 0.880104 0.059752 0.030397
0.201328 0.366902 0.057349 0.035708
0.390734 0.413162 0.064976 0.032122
0.376744 0.714013 0.066911 0.030681
0.110174 0.314572 0.054057 0.041534
0.394764 0.334924 0.056705 0.037066
0.857617 0.810001 0.050019 0.033109
0.493021 0.415257 0.052639 0.033134
0.477280 0.584638 0.055080 0.030083
0.380491 0.612127 0.065626 0.032415
0.888150 0.179013 0.051978 0.033046
0.587925 0.464077 0.065313 0.032254
0.795116 0.200845 0.057124 0.029489
0.393774 0.298576 0.059713 0.031693
0.872483 0.526374 0.058665 0.033808
0.372611 0.777900 0.057791 0.029090
0.668573 0.837022 0.060081 0.028307
0.793090 0.234837 0.053486 0.035876
0.087945 0.834233 0.057183 0.033438
0.496113 0.236221 0.050220 0.037188
0.781686 0.600496 0.054024 0.033555
0.092551 0.717643 0.054935 0.033759
0.867923 0.633862 0.051471 0.034443
0.378217 0.646302 0.056099 0.028980
0.588451 0.424635 0.058968 0.034629
0.494548 0.374596 0.052319 0.043100
0.184451 0.744635 0.059052 0.028998
0.670714 0.802704 0.057124 0.029872
0.668696 0.699516 0.048188 0.035126
0.784041 0.373620 0.050497 0.035201
0.875690 0.489124 0.052401 0.034544
0.684569 0.474533 0.063563 0.032228
0.669966 0.766985 0.055713 0.027867
0.273505 0.760656 0.052180 0.029175
0.196287 0.478279 0.054810 0.039517
0.563484 0.849595 0.054021 0.033655
0.599935 0.195669 0.053990 0.033510
0.859863 0.742069 0.051401 0.034248
0.402926 0.165605 0.053463 0.029752
0.096514 0.502223 0.060671 0.034083
0.405503 0.133542 0.048535 0.028954
0.290894 0.446497 0.048628 0.026252
0.594293 0.353596 0.051295 0.030513
0.776558 0.659454 0.050115 0.029469
0.276772 0.726004 0.054666 0.031181
0.296569 0.311247 0.058550 0.033518
0.672131 0.659639 0.046422 0.038720
0.691991 0.380935 0.056322 0.030684
0.697962 0.203559 0.056698 0.039012
0.677682 0.585634 0.053297 0.042075
0.208883 0.214314 0.053827 0.043572
0.492541 0.447661 0.053948 0.026406
0.110114 0.239843 0.053367 0.029162
0.610197 0.129021 0.056458 0.030780
0.296146 0.345713 0.059055 0.029922
0.492277 0.336594 0.057013 0.028392
0.180857 0.780473 0.051953 0.034912
0.870936 0.599558 0.050072 0.034599
0.572423 0.661850 0.050822 0.028656
0.190283 0.640696 0.052318 0.029276
0.490935 0.479329 0.059218 0.030471
0.386800 0.513816 0.055583 0.032742
0.085859 0.873524 0.055833 0.033480
0.769117 0.863694 0.052901 0.031263
0.290813 0.512962 0.062302 0.033892
0.091151 0.753526 0.057195 0.036758
0.092961 0.612402 0.048557 0.033700
0.300076 0.275793 0.054919 0.028544
0.180840 0.822346 0.054398 0.038655
0.281401 0.661458 0.061991 0.030287
0.273820 0.835447 0.050211 0.026373
0.497894 0.305014 0.059437 0.034784
0.288031 0.584706 0.050072 0.033816
0.688811 0.509839 0.057199 0.034564
0.474209 0.617219 0.046862 0.033653
0.880040 0.453736 0.057129 0.032663
0.784106 0.504139 0.049643 0.036894
0.210920 0.171773 0.052481 0.029827
0.669714 0.932824 0.058343 0.031210
0.393181 0.374542 0.050569 0.036232
0.687622 0.439020 0.047815 0.030541
0.858478 0.776399 0.058916 0.028598
0.574794 0.741378 0.051366 0.034277
0.189479 0.605488 0.054681 0.030793
0.572554 0.700701 0.067435 0.043314
0.782204 0.410949 0.051207 0.028827
0.671038 0.898241 0.052510 0.030828
0.577610 0.629090 0.044344 0.027770
0.199407 0.440852 0.050645 0.030688
0.879052 0.419644 0.049146 0.035334
0.880773 0.338005 0.052637 0.033531
0.796417 0.136328 0.049264 0.031456
0.685723 0.545498 0.049821 0.031082
0.768363 0.763009 0.061217 0.035619
0.107307 0.204946 0.048330 0.031571
0.405285 0.235272 0.046157 0.026191
0.604403 0.161594 0.057178 0.029910
0.374185 0.679113 0.051943 0.027983
0.561128 0.929406 0.066542 0.031164
0.178669 0.897002 0.050634 0.026709
0.875629 0.564420 0.055264 0.031867
0.787621 0.342223 0.054946 0.025992
0.884035 0.296253 0.054677 0.039225
0.292094 0.476864 0.041326 0.029402
0.671263 0.735497 0.051020 0.026824
0.384760 0.479064 0.045930 0.029334
0.571471 0.779541 0.050362 0.036548
0.093194 0.795496 0.048941 0.034124
0.783478 0.470059 0.043560 0.030302
0.587342 0.495197 0.053219 0.031714
0.473670 0.764084 0.057153 0.042176
0.778901 0.567615 0.048848 0.028822
0.864576 0.673551 0.055713 0.035760
0.107665 0.273087 0.050514 0.033385
0.285420 0.625727 0.047576 0.040291
0.500312 0.195461 0.048822 0.036586
0.566978 0.816139 0.054633 0.029307
0.304265 0.177242 0.047116 0.034270
0.699174 0.136201 0.054648 0.025921
0.192515 0.521593 0.051444 0.038326
0.402474 0.264607 0.063548 0.028041
0.194763 0.567946 0.049349 0.039197
0.500048 0.269800 0.057503 0.029063
0.769214 0.933530 0.057764 0.029050
0.600156 0.267111 0.049153 0.026530
0.366707 0.812291 0.048582 0.032245
0.094515 0.537853 0.051352 0.031944
0.855428 0.890864 0.044666 0.032231
0.094833 0.575318 0.051944 0.034623
0.482905 0.516972 0.051659 0.035283
0.669098 0.868859 0.064185 0.024599
0.799249 0.104259 0.050991 0.031996
0.702672 0.166565 0.057627 0.029585
0.695526 0.240291 0.051348 0.028707
0.378284 0.573990 0.045276 0.032684
0.578295 0.528918 0.047135 0.032729
0.469935 0.725850 0.066707 0.025968
0.305767 0.137960 0.049400 0.032643
0.592409 0.320259 0.051188 0.028210
0.505450 0.101264 0.056108 0.035246
0.412455 0.099793 0.051219 0.032260
0.105848 0.354069 0.043676 0.033592
0.768573 0.802034 0.048920 0.030798
0.894364 0.108549 0.062948 0.035196
0.702292 0.104525 0.056265 0.032066
0.297023 0.376264 0.045483 0.030769
0.467677 0.809161 0.043481 0.033020
0.207574 0.273862 0.057646 0.025991
0.773184 0.696276 0.040617 0.035094
0.689706 0.408897 0.048330 0.025182
0.266283 0.901868 0.048791 0.023358
0.090469 0.684221 0.043923 0.031657
0.186631 0.713250 0.054884 0.024129
0.789058 0.272531 0.043922 0.034994
0.885435 0.254887 0.041992 0.035586
0.376348 0.746287 0.043218 0.027501
0.383213 0.543206 0.048341 0.024438
0.184141 0.925907 0.064044 0.028008
0.107802 0.176617 0.050724 0.022785
0.795843 0.169082 0.045574 0.029105
0.697364 0.272838 0.045054 0.034775
0.856003 0.927083 0.067039 0.034762
0.500288 0.135116 0.046703 0.028955
0.205002 0.332054 0.045508 0.031884
0.102146 0.463594 0.043109 0.034060
0.091582 0.647990 0.040944 0.031089
0.277920 0.692597 0.043033 0.029818
0.302178 0.210580 0.040510 0.030974
0.103626 0.429220 0.041037 0.029635
0.300964 0.240098 0.042999 0.032318
0.774404 0.729452 0.050289 0.020234
0.362120 0.930041 0.048882 0.024795
0.294583 0.412750 0.039870 0.035517
0.609266 0.098408 0.061099 0.026606
0.785109 0.442071 0.049307 0.022478
0.673858 0.624084 0.056501 0.027466
0.189083 0.677277 0.044942 0.036940
0.110619 0.095944 0.044877 0.028103
0.182023 0.863320 0.040393 0.033806
0.362578 0.906247 0.049218 0.020826
0.208455 0.301084 0.053327 0.020695
0.469148 0.692507 0.040436 0.031916
0.783216 0.537554 0.051609 0.019964
0.766039 0.899487 0.045854 0.034579
0.085044 0.911328 0.045757 0.032816
0.890178 0.144747 0.039492 0.029350
0.109689 0.148222 0.040858 0.025027
0.267106 0.927473 0.048507 0.025186
0.405508 0.199672 0.049315 0.034583
0.767952 0.832212 0.042176 0.021141
0.504324 0.163072 0.047521 0.020450
0.777745 0.630051 0.043194 0.020145
0.596684 0.293398 0.048331 0.020578
0.288722 0.549190 0.048617 0.029580
0.306452 0.100501 0.046720 0.032450
0.212093 0.133575 0.039824 0.036586
0.215838 0.096459 0.039358 0.030791
0.110083 0.121657 0.039541 0.018942
0.468383 0.928398 0.067091 0.028041
0.578336 0.599985 0.041386 0.028242
0.466245 0.908111 0.060428 0.019978
0.209176 0.247977 0.039010 0.017277
