0.942200 0.267762 0.082853 0.058571
0.604408 0.580931 0.075353 0.061566
0.937483 0.394943 0.083879 0.059411
0.607904 0.518014 0.080975 0.059184
0.611234 0.253941 0.084436 0.053125
0.829170 0.319187 0.078372 0.058853
0.939645 0.575905 0.066550 0.053316
0.832628 0.256493 0.081590 0.057662
0.607842 0.387994 0.090984 0.060607
0.935464 0.332292 0.081961 0.060524
0.828640 0.199939 0.079751 0.051458
0.827350 0.445123 0.093051 0.055353
0.932124 0.630125 0.081562 0.046937
0.939908 0.517063 0.079222 0.057128
0.723818 0.250165 0.083099 0.052265
0.604218 0.893016 0.072772 0.055179
0.833340 0.142125 0.081637 0.058256
0.608105 0.831391 0.093953 0.058004
0.831121 0.383903 0.081421 0.061153
0.824036 0.504410 0.086473 0.048086
0.940265 0.208159 0.079369 0.053328
0.606647 0.452628 0.076777 0.056617
0.605427 0.709694 0.084619 0.057333
0.602693 0.771770 0.098384 0.058671
0.944423 0.456412 0.077843 0.057719
0.724021 0.430323 0.078922 0.055613
0.620868 0.146871 0.082968 0.056692
0.724649 0.491450 0.071991 0.058210
0.729059 0.143816 0.084657 0.057360
0.604558 0.647901 0.075315 0.060736
0.605224 0.320419 0.094638 0.072525
0.832913 0.565951 0.065583 0.060779
0.725105 0.309467 0.073806 0.060639
0.728864 0.197296 0.077046 0.042995
0.944283 0.149105 0.079588 0.059073
0.937153 0.687186 0.076098 0.059670
0.058993 0.092214 0.084928 0.053602
0.716151 0.612681 0.074682 0.058949
0.826330 0.686282 0.077839 0.062562
0.946209 0.085997 0.077403 0.060515
0.615363 0.200733 0.076653 0.042801
0.607101 0.955901 0.068241 0.058945
0.829207 0.623898 0.069219 0.045171
0.835639 0.082148 0.070631 0.053978
0.721598 0.369738 0.059404 0.057125
0.729028 0.086169 0.071612 0.052464
0.722054 0.552984 0.062099 0.049420
0.619676 0.088900 0.072005 0.052252
0.908045 0.792554 0.040144 0.041256
0.960031 0.799712 0.048809 0.052401
0.959924 0.750856 0.040449 0.044463
0.907012 0.837404 0.052037 0.044683
0.906650 0.920618 0.047990 0.044285
0.911408 0.749544 0.038979 0.041351
0.965818 0.849471 0.044261 0.044940
0.964412 0.893262 0.032685 0.039173
0.904864 0.878569 0.037775 0.032145
0.961960 0.972059 0.033278 0.039884
0.962180 0.931428 0.034441 0.034387
