0.832792 0.677407 0.070248 0.041447
0.062951 0.221513 0.073402 0.037591
0.407624 0.809605 0.068048 0.039574
0.176691 0.333499 0.066294 0.041094
0.286638 0.783245 0.073460 0.040873
0.176697 0.257767 0.060520 0.034624
0.059896 0.258360 0.060475 0.034527
0.065492 0.599703 0.073526 0.042697
0.176274 0.377032 0.072354 0.042246
0.406860 0.923120 0.066827 0.039231
0.181653 0.510398 0.078544 0.038294
0.284106 0.359119 0.068970 0.041991
0.508324 0.314495 0.064036 0.036875
0.183976 0.629541 0.075797 0.041997
0.820308 0.111197 0.063674 0.037206
0.061612 0.558465 0.067312 0.032101
0.063981 0.707830 0.066672 0.034189
0.619523 0.509771 0.057564 0.041113
0.718826 0.118209 0.067105 0.042504
0.061917 0.886888 0.063722 0.042082
0.505348 0.196880 0.064402 0.039975
0.288739 0.745006 0.069729 0.032945
0.062215 0.378628 0.081762 0.042009
0.176479 0.221169 0.067274 0.032613
0.294024 0.579435 0.071161 0.041915
0.061201 0.084266 0.064004 0.032845
0.180480 0.549262 0.067715 0.038939
0.840208 0.635799 0.072662 0.037546
0.818726 0.068695 0.070937 0.039870
0.169497 0.143451 0.064214 0.039538
0.064819 0.186239 0.066810 0.030854
0.063064 0.484349 0.059568 0.038065
0.061393 0.449739 0.073126 0.033416
0.289287 0.444965 0.083088 0.043367
0.190314 0.905173 0.055492 0.035682
0.824645 0.209915 0.051067 0.037268
0.404777 0.559146 0.075437 0.041381
0.404110 0.881505 0.086146 0.040305
0.832544 0.473509 0.055876 0.035710
0.289770 0.651743 0.071076 0.040525
0.934153 0.075436 0.063214 0.038176
0.388018 0.234715 0.057458 0.043388
0.185068 0.468413 0.066668 0.043970
0.065340 0.741807 0.062022 0.031000
0.169346 0.102492 0.074818 0.035326
0.062843 0.521103 0.060185 0.035117
0.833313 0.746858 0.061391 0.033973
0.730348 0.230558 0.068484 0.037836
0.175963 0.420561 0.062181 0.041097
0.189535 0.866648 0.058043 0.037642
0.062550 0.150172 0.072686 0.033481
0.186687 0.827264 0.057081 0.034805
0.188045 0.742201 0.062084 0.037538
0.062852 0.295775 0.080113 0.036376
0.932545 0.193213 0.071063 0.036105
0.392661 0.281112 0.082433 0.044110
0.178871 0.672272 0.062810 0.033647
0.936971 0.304385 0.059394 0.045365
0.507635 0.159934 0.072652 0.032484
0.071488 0.843883 0.073662 0.042322
0.938928 0.399841 0.071000 0.038562
0.292650 0.492978 0.061454 0.042708
0.622960 0.552548 0.060222 0.041254
0.402239 0.326536 0.062847 0.044012
0.178260 0.181633 0.063481 0.034510
0.177872 0.294214 0.072806 0.032610
0.181473 0.589426 0.058173 0.036816
0.400176 0.728552 0.055213 0.041656
0.063109 0.674091 0.073003 0.029197
0.069332 0.974543 0.058917 0.039744
0.937723 0.912132 0.065088 0.040864
0.285233 0.318005 0.062664 0.036017
0.057402 0.337312 0.073636 0.036373
0.935215 0.116375 0.055818 0.036842
0.071596 0.931875 0.060593 0.041603
0.292525 0.865769 0.066222 0.043494
0.940386 0.353447 0.055426 0.045635
0.625712 0.379887 0.078212 0.040655
0.281865 0.244551 0.073450 0.044551
0.404997 0.685995 0.078148 0.038000
0.287067 0.698765 0.076754 0.047914
0.293628 0.403846 0.077928 0.035935
0.515192 0.393192 0.057712 0.037169
0.828960 0.436488 0.054027 0.038029
0.516065 0.431881 0.066802 0.034864
0.936280 0.154231 0.059108 0.036786
0.931524 0.230004 0.060272 0.034134
0.286473 0.909574 0.053095 0.036933
0.389828 0.156981 0.054143 0.037255
0.063338 0.116430 0.064451 0.030242
0.618092 0.223382 0.066968 0.046009
0.831314 0.390836 0.055876 0.045667
0.519960 0.354209 0.068802 0.036546
0.185495 0.973863 0.067863 0.034174
0.401495 0.601817 0.068051 0.044452
0.395104 0.406353 0.082293 0.040709
0.387259 0.067117 0.070951 0.034733
0.396502 0.367998 0.081706 0.032913
0.403151 0.646311 0.057359 0.036794
0.068545 0.642058 0.079725 0.035888
0.188465 0.784973 0.055197 0.046017
0.826094 0.295895 0.052500 0.031898
0.623567 0.604066 0.067169 0.049689
0.929320 0.034056 0.065277 0.042319
0.932403 0.264749 0.054402 0.029986
0.504030 0.275284 0.053140 0.038287
0.186563 0.940935 0.049846 0.033579
0.066284 0.041245 0.071354 0.048151
0.822930 0.340678 0.055710 0.048427
0.822300 0.254489 0.054508 0.044139
0.290308 0.283550 0.060956 0.030939
0.623190 0.268745 0.067121 0.031815
0.618282 0.141346 0.067028 0.035699
0.624103 0.308191 0.053977 0.039969
0.839863 0.862676 0.055896 0.042001
0.725595 0.191912 0.055716 0.036725
0.388086 0.194741 0.051375 0.032767
0.511392 0.471360 0.050382 0.040939
0.067478 0.803531 0.053750 0.033093
0.385274 0.110080 0.068728 0.046792
0.403805 0.769627 0.056642 0.036368
0.057137 0.416649 0.057994 0.033838
0.290781 0.824885 0.061977 0.040720
0.496160 0.117868 0.075098 0.046861
0.828315 0.505130 0.054630 0.026525
0.398583 0.518301 0.052514 0.036734
0.932834 0.724200 0.063909 0.033837
0.822658 0.173409 0.053297 0.028589
0.941471 0.869140 0.057106 0.041463
0.416256 0.966339 0.075700 0.043343
0.728982 0.267092 0.056560 0.032975
0.509201 0.516644 0.081917 0.041903
0.183203 0.708514 0.054357 0.029905
0.943820 0.620780 0.051389 0.040664
0.942696 0.953684 0.063326 0.039538
0.835938 0.714317 0.069214 0.025552
0.941347 0.436822 0.066863 0.032537
0.942602 0.826341 0.061586 0.036231
0.732887 0.314800 0.070763 0.049035
0.836754 0.906136 0.052200 0.042296
0.382199 0.028250 0.062736 0.038866
0.943165 0.688232 0.059376 0.037717
0.289487 0.616960 0.064006 0.027512
0.820864 0.029701 0.060366 0.036185
0.285850 0.203221 0.065604 0.027178
0.286280 0.943502 0.054912 0.030454
0.169495 0.067296 0.058265 0.031523
0.723730 0.069410 0.061641 0.052692
0.288758 0.535771 0.056747 0.036881
0.506561 0.237398 0.046336 0.037687
0.837657 0.819110 0.054945 0.040592
0.941025 0.533204 0.070153 0.037925
0.287606 0.975678 0.057143 0.034496
0.939408 0.760741 0.059238 0.034426
0.617888 0.175954 0.065108 0.033899
0.837874 0.543729 0.056495 0.044021
0.621771 0.465984 0.052568 0.034880
0.624686 0.344442 0.061017 0.026499
0.727184 0.155901 0.054749 0.030438
0.720030 0.025786 0.066608 0.032423
0.165942 0.031455 0.052045 0.035462
0.835228 0.591682 0.050726 0.040655
0.395926 0.446668 0.051538 0.035486
0.413135 0.844257 0.062513 0.028149
0.624851 0.654331 0.057869 0.049084
0.067725 0.773180 0.047365 0.025414
0.277617 0.165119 0.062996 0.045210
0.611012 0.104516 0.043479 0.033512
0.283124 0.116158 0.068242 0.044773
0.399163 0.481560 0.041553 0.033567
0.840853 0.955329 0.058040 0.046471
0.819214 0.144266 0.048726 0.028513
0.942072 0.496553 0.041994 0.030617
0.274757 0.033987 0.054256 0.038336
0.625159 0.423325 0.050744 0.040827
0.834972 0.779371 0.070118 0.031351
0.942248 0.794211 0.057852 0.023361
0.945825 0.654987 0.055075 0.023600
0.942569 0.466792 0.041903 0.028960
0.610784 0.071463 0.043310 0.029387
0.279961 0.074728 0.045351 0.036225
0.608282 0.030859 0.047719 0.039010
0.941245 0.574323 0.048645 0.041819
