0.388709 0.310207 0.062182 0.038722
0.488938 0.676138 0.070392 0.044435
0.279278 0.273263 0.065098 0.037671
0.486789 0.720081 0.065526 0.037547
0.815274 0.777929 0.068356 0.040105
0.502480 0.077824 0.074480 0.046703
0.698643 0.844158 0.070149 0.042179
0.482368 0.902672 0.064175 0.040794
0.504341 0.265215 0.066182 0.041225
0.718068 0.144286 0.067804 0.037546
0.510725 0.123335 0.067409 0.040355
0.929787 0.213880 0.065667 0.039226
0.055857 0.820418 0.061105 0.033781
0.596293 0.596677 0.078876 0.040435
0.276881 0.496654 0.066797 0.040428
0.394153 0.228154 0.063669 0.047138
0.054710 0.591326 0.072505 0.044730
0.818220 0.737722 0.065611 0.035930
0.819360 0.435070 0.071290 0.037605
0.507226 0.312859 0.060528 0.046905
0.387157 0.505177 0.075748 0.046700
0.610231 0.187251 0.062527 0.043801
0.707067 0.766034 0.073518 0.038741
0.045907 0.476951 0.069420 0.038186
0.706694 0.639369 0.071412 0.040742
0.393352 0.180581 0.064675 0.039743
0.172037 0.157983 0.069926 0.035559
0.485684 0.808162 0.070551 0.048370
0.472172 0.951206 0.072612 0.044727
0.920005 0.678313 0.065538 0.044895
0.156007 0.919830 0.072474 0.045075
0.825350 0.277763 0.061741 0.039211
0.506067 0.363278 0.063331 0.049043
0.053612 0.358565 0.063554 0.037808
0.721690 0.227155 0.066764 0.037499
0.174901 0.113421 0.066677 0.045806
0.817263 0.548141 0.069913 0.034521
0.164659 0.599804 0.068076 0.036071
0.286977 0.359262 0.067937 0.041797
0.164656 0.820560 0.069316 0.041581
0.815607 0.358077 0.063691 0.038396
0.386425 0.397426 0.060313 0.036884
0.169981 0.367681 0.075014 0.043722
0.505167 0.411924 0.063123 0.041060
0.698929 0.934021 0.073640 0.039957
0.505056 0.029145 0.072298 0.042975
0.288156 0.314880 0.078495 0.037088
0.708420 0.447772 0.068945 0.031070
0.381882 0.354969 0.071433 0.042464
0.928240 0.101993 0.069352 0.034956
0.059592 0.020527 0.063102 0.038627
0.608188 0.350686 0.073059 0.035749
0.823362 0.140574 0.073635 0.043008
0.277891 0.449310 0.063815 0.044239
0.809047 0.866249 0.058730 0.043882
0.287549 0.165349 0.071806 0.037803
0.374857 0.886790 0.061482 0.036697
0.056591 0.549237 0.070837 0.035370
0.919420 0.634618 0.078738 0.035979
0.507328 0.218215 0.064222 0.048045
0.924066 0.845880 0.071822 0.043577
0.593068 0.640797 0.075590 0.042372
0.722923 0.065262 0.065114 0.038739
0.922460 0.447989 0.063537 0.038570
0.588229 0.829588 0.054280 0.038410
0.486200 0.493677 0.066734 0.037269
0.164055 0.779068 0.064884 0.036299
0.824855 0.185134 0.069083 0.043617
0.819370 0.470883 0.065534 0.034250
0.063015 0.108505 0.057608 0.040051
0.058926 0.784123 0.054097 0.030948
0.701000 0.594540 0.065065 0.044867
0.702324 0.550246 0.058010 0.038898
0.176109 0.195406 0.061806 0.031005
0.824256 0.318763 0.072918 0.034828
0.920599 0.918402 0.057607 0.035273
0.923670 0.407651 0.069949 0.039856
0.368494 0.808424 0.060165 0.037778
0.607765 0.073943 0.071966 0.039683
0.700624 0.681100 0.058452 0.039429
0.283348 0.401631 0.066461 0.041078
0.509995 0.168992 0.064306 0.043482
0.705498 0.513936 0.068556 0.031127
0.612913 0.146873 0.062939 0.034756
0.813485 0.662146 0.066073 0.034921
0.814577 0.698752 0.073678 0.032570
0.823401 0.097355 0.049849 0.037570
0.374055 0.847299 0.064372 0.036938
0.722832 0.185213 0.061003 0.041978
0.712290 0.724073 0.064603 0.040556
0.156585 0.561922 0.084353 0.032181
0.815022 0.624121 0.050848 0.035582
0.929599 0.292668 0.055134 0.037032
0.170189 0.413284 0.077613 0.042172
0.171769 0.070624 0.061511 0.039471
0.056982 0.720020 0.058313 0.035999
0.490694 0.629862 0.061517 0.037244
0.161459 0.735493 0.068870 0.042900
0.615865 0.110293 0.075012 0.033279
0.930335 0.254295 0.060153 0.038575
0.052223 0.638883 0.064988 0.044902
0.049700 0.680038 0.058167 0.031461
0.484532 0.762265 0.063181 0.040096
0.284872 0.126899 0.056834 0.033656
0.819188 0.509433 0.056271 0.039072
0.721633 0.105137 0.064852 0.040014
0.715913 0.369876 0.056305 0.046071
0.707101 0.805141 0.063548 0.035298
0.391352 0.271590 0.051487 0.036913
0.377456 0.711852 0.062238 0.045100
0.277070 0.539194 0.056122 0.039179
0.266152 0.781401 0.091574 0.045236
0.928329 0.333006 0.053645 0.036325
0.268539 0.655615 0.071647 0.038142
0.053915 0.438121 0.073394 0.034014
0.924380 0.483863 0.052495 0.031587
0.159411 0.526152 0.071367 0.031083
0.482832 0.856904 0.056916 0.044452
0.053753 0.866780 0.060028 0.042506
0.058878 0.269674 0.060556 0.045589
0.580245 0.903290 0.062569 0.035037
0.262530 0.736053 0.057930 0.042749
0.704194 0.480665 0.061286 0.033576
0.374072 0.762840 0.062327 0.051647
0.702992 0.890144 0.060521 0.043811
0.161890 0.866378 0.077807 0.048267
0.592357 0.748016 0.050251 0.035352
0.612185 0.228582 0.056177 0.035692
0.375417 0.670085 0.060164 0.037452
0.823320 0.396434 0.057317 0.035078
0.262483 0.898160 0.066326 0.043823
0.060032 0.228353 0.076239 0.030699
0.823571 0.233797 0.057077 0.041215
0.396265 0.077095 0.053527 0.037584
0.929362 0.957623 0.068001 0.035652
0.178428 0.280771 0.078653 0.041950
0.179975 0.234912 0.056096 0.038749
0.585376 0.867641 0.076954 0.031380
0.282759 0.092332 0.058269 0.027077
0.599305 0.458652 0.057353 0.050088
0.600673 0.549822 0.075467 0.044021
0.927433 0.137695 0.061896 0.033449
0.813873 0.820881 0.055253 0.043622
0.376724 0.923842 0.064832 0.032242
0.616167 0.028579 0.065301 0.041625
0.824713 0.057092 0.062295 0.040924
0.595415 0.680709 0.058073 0.032198
0.710699 0.412116 0.052333 0.034227
0.925282 0.764821 0.055188 0.044337
0.714085 0.325171 0.069319 0.041035
0.155165 0.961781 0.073195 0.038085
0.614093 0.266027 0.060528 0.039928
0.921983 0.596027 0.056759 0.040981
0.924181 0.721032 0.065529 0.038351
0.286901 0.058705 0.044435 0.033982
0.175441 0.325155 0.080945 0.037949
0.922986 0.066804 0.052596 0.034197
0.611406 0.310073 0.052850 0.043688
0.922650 0.553057 0.048827 0.035990
0.581604 0.950883 0.060919 0.050071
0.814468 0.907646 0.053306 0.035656
0.259469 0.857331 0.070876 0.031815
0.054482 0.956329 0.063054 0.038542
0.157052 0.644535 0.071091 0.046490
0.920179 0.883269 0.055301 0.031932
0.491624 0.582851 0.059065 0.049347
0.924353 0.804184 0.059910 0.031931
0.399813 0.028369 0.056392 0.043569
0.053388 0.399332 0.055997 0.038304
0.052671 0.913050 0.075342 0.046349
0.396603 0.112988 0.052712 0.027842
0.278260 0.577863 0.068092 0.029761
0.926450 0.028978 0.065122 0.034231
0.589022 0.788302 0.048102 0.039329
0.818962 0.971351 0.084920 0.039910
0.398700 0.142074 0.062141 0.030852
0.159852 0.456896 0.051316 0.037209
0.287795 0.203984 0.044983 0.032973
0.268849 0.823087 0.077632 0.030836
0.057318 0.150500 0.066586 0.035533
0.059062 0.189138 0.083789 0.040642
0.700309 0.971474 0.077350 0.034604
0.271424 0.696243 0.052981 0.030976
0.062829 0.062503 0.050032 0.041756
0.813593 0.586005 0.047911 0.034776
0.493077 0.533504 0.053734 0.041682
0.047472 0.514651 0.054404 0.028465
0.288025 0.236023 0.060400 0.024557
0.929630 0.368690 0.046810 0.037332
0.380600 0.959679 0.057998 0.040166
0.376776 0.632184 0.050798 0.030817
0.599029 0.502859 0.055164 0.037812
0.060046 0.316010 0.048420 0.034801
0.715207 0.025910 0.065841 0.036058
0.919189 0.519425 0.056388 0.024661
0.162545 0.691725 0.054015 0.038830
0.386288 0.557154 0.098859 0.049724
0.494929 0.453498 0.050218 0.035307
0.720384 0.288932 0.072593 0.031320
0.383809 0.467849 0.065032 0.025601
0.060888 0.752320 0.056508 0.023909
0.926782 0.173710 0.049775 0.035285
0.166951 0.027826 0.048117 0.035134
0.602584 0.713407 0.065161 0.024954
0.605487 0.414443 0.048006 0.034171
0.722173 0.261301 0.071677 0.025418
0.164955 0.492549 0.056185 0.023559
0.270502 0.613470 0.053115 0.032369
0.378253 0.598529 0.047377 0.026512
0.611511 0.382405 0.053886 0.024226
0.288469 0.022919 0.042757 0.030490
0.827794 0.022315 0.060063 0.025855
0.811155 0.938651 0.056729 0.029327
0.383907 0.436282 0.053903 0.035209
0.422375 0.440558 0.040184 0.032332
0.268553 0.956672 0.086300 0.052525
