0.394867 0.174850 0.061458 0.038131
0.394837 0.254234 0.054255 0.033692
0.836994 0.144862 0.065376 0.039842
0.392881 0.581231 0.061411 0.038668
0.486798 0.741030 0.073757 0.044889
0.275851 0.660224 0.055963 0.036989
0.493072 0.697993 0.054533 0.038369
0.835889 0.107711 0.058128 0.033022
0.937049 0.661384 0.072036 0.040589
0.942053 0.885320 0.052760 0.035177
0.493877 0.855901 0.051367 0.034601
0.386829 0.622532 0.062547 0.040565
0.399320 0.291348 0.059720 0.034626
0.072921 0.883996 0.046949 0.031916
0.071558 0.687241 0.062839 0.039859
0.829986 0.608259 0.071279 0.041540
0.397535 0.096153 0.062899 0.037708
0.834096 0.359235 0.056426 0.038041
0.386311 0.465419 0.068540 0.039362
0.174705 0.635201 0.069561 0.039147
0.941873 0.703705 0.056746 0.042698
0.714274 0.347682 0.061835 0.042249
0.178242 0.594926 0.053141 0.036839
0.276541 0.917691 0.068317 0.034925
0.502835 0.270914 0.054343 0.036441
0.834573 0.316304 0.057375 0.039722
0.277044 0.878464 0.062228 0.036716
0.275765 0.699250 0.053623 0.036050
0.830802 0.747266 0.059529 0.048712
0.067933 0.504642 0.062934 0.048647
0.938066 0.744866 0.058546 0.037868
0.393408 0.214952 0.051330 0.036709
0.386263 0.504886 0.060169 0.038506
0.942678 0.818295 0.058347 0.038267
0.382830 0.831566 0.057173 0.034062
0.173142 0.380797 0.050616 0.037951
0.272148 0.837774 0.070320 0.046491
0.169797 0.737068 0.054780 0.032665
0.173701 0.450114 0.064780 0.034365
0.072437 0.279116 0.047255 0.028423
0.272033 0.334252 0.054926 0.034198
0.072261 0.943304 0.062289 0.030505
0.718132 0.805525 0.054898 0.036873
0.376369 0.965548 0.062756 0.031782
0.945759 0.257398 0.062370 0.036383
0.717457 0.765830 0.054977 0.040042
0.495152 0.917894 0.052276 0.034128
0.393559 0.133999 0.050093 0.036829
0.716787 0.650398 0.055011 0.037700
0.072279 0.389156 0.054441 0.040662
0.717497 0.687916 0.067695 0.033609
0.073703 0.314801 0.045301 0.036196
0.180897 0.517596 0.057188 0.034491
0.395000 0.668916 0.053161 0.044077
0.499836 0.353221 0.052939 0.044776
0.494358 0.662915 0.061973 0.032959
0.941351 0.618557 0.055818 0.046278
0.836875 0.072837 0.050771 0.037147
0.831631 0.879159 0.054292 0.035439
0.389144 0.393107 0.053808 0.033549
0.387235 0.541615 0.058074 0.036955
0.176751 0.553237 0.048917 0.038599
0.488961 0.437925 0.059595 0.042232
0.942442 0.779867 0.052822 0.033302
0.071241 0.553963 0.050503 0.045031
0.279248 0.033623 0.062454 0.037555
0.834159 0.031686 0.051136 0.041413
0.073529 0.727249 0.061954 0.039130
0.938554 0.216449 0.059572 0.043414
0.273187 0.560657 0.048111 0.034903
0.278767 0.396947 0.049434 0.034839
0.598600 0.847415 0.053177 0.044411
0.607801 0.622130 0.062037 0.049554
0.079523 0.764688 0.060205 0.032278
0.826732 0.189354 0.065715 0.044949
0.075737 0.844309 0.047830 0.043126
0.600034 0.698108 0.061374 0.031605
0.380176 0.928791 0.045278 0.040501
0.495066 0.888116 0.048291 0.025162
0.488938 0.545385 0.053341 0.038339
0.075384 0.217086 0.049363 0.033994
0.604523 0.124511 0.060029 0.047954
0.273422 0.518148 0.051452 0.042868
0.939851 0.923126 0.048446 0.035537
0.169909 0.819249 0.056750 0.030499
0.379683 0.761534 0.061841 0.046599
0.607755 0.380863 0.054152 0.043234
0.601872 0.665648 0.055287 0.035181
0.177109 0.415191 0.051391 0.029100
0.164411 0.780325 0.062335 0.045344
0.715718 0.498121 0.049940 0.045370
0.831074 0.232875 0.054634 0.040095
0.072691 0.460470 0.047189 0.035116
0.602182 0.500264 0.057977 0.036963
0.939850 0.141376 0.048292 0.032463
0.494631 0.814502 0.052258 0.047029
0.078882 0.651792 0.048164 0.029060
0.945479 0.852727 0.045284 0.025850
0.718512 0.455125 0.058711 0.041559
0.611879 0.341136 0.054975 0.033569
0.945856 0.575897 0.062913 0.034705
0.396218 0.325902 0.054936 0.028654
0.831202 0.841160 0.055283 0.035552
0.388945 0.427665 0.056884 0.034836
0.607585 0.258628 0.046604 0.039885
0.486037 0.506893 0.050747 0.038991
0.606446 0.167634 0.049621 0.033028
0.943062 0.177452 0.046669 0.035828
0.276412 0.070823 0.047093 0.035042
0.281129 0.435269 0.044555 0.037235
0.486443 0.397298 0.071476 0.038179
0.492542 0.957002 0.051965 0.040532
0.606415 0.764362 0.049559 0.039704
0.268630 0.766227 0.082152 0.040338
0.482966 0.587397 0.068153 0.041941
0.170920 0.907191 0.048713 0.030135
0.719977 0.977658 0.064993 0.032763
0.492739 0.077050 0.060186 0.035717
0.940682 0.962483 0.055738 0.040163
0.945588 0.537278 0.046093 0.038273
0.275618 0.475756 0.044654 0.042009
0.600317 0.892544 0.052588 0.043959
0.172239 0.849593 0.050514 0.030955
0.939375 0.495705 0.060320 0.040850
0.830911 0.697236 0.059523 0.041659
0.077408 0.801574 0.052017 0.036444
0.726563 0.193452 0.064551 0.031457
0.719802 0.303423 0.052132 0.043668
0.500027 0.309260 0.055825 0.035338
0.076139 0.596145 0.048133 0.030897
0.274274 0.220534 0.067179 0.045528
0.717730 0.265896 0.049667 0.031184
0.719047 0.869388 0.050077 0.036940
0.827896 0.521725 0.051844 0.050871
0.829276 0.272956 0.051024 0.041406
0.949481 0.456234 0.061729 0.033203
0.494804 0.627060 0.066053 0.037686
0.271156 0.593659 0.074024 0.027806
0.829389 0.395989 0.045188 0.037230
0.181271 0.269540 0.048411 0.040516
0.179125 0.343358 0.052791 0.033974
0.070218 0.082103 0.052035 0.039321
0.279935 0.135117 0.049510 0.027362
0.830769 0.433309 0.046756 0.035438
0.277472 0.104427 0.049781 0.029147
0.279983 0.731775 0.048469 0.022679
0.729032 0.156563 0.046573 0.034684
0.607747 0.076138 0.047757 0.044962
0.605699 0.543199 0.059883 0.042495
0.171533 0.940593 0.047834 0.036769
0.607674 0.579241 0.049405 0.031496
0.274842 0.299800 0.039006 0.034993
0.384014 0.890272 0.042233 0.029845
0.168363 0.704970 0.040534 0.031793
0.494164 0.117924 0.056472 0.044830
0.394877 0.030318 0.062998 0.035964
0.392891 0.060141 0.056477 0.031375
0.282806 0.977515 0.058789 0.027499
0.720492 0.836996 0.052649 0.023911
0.390903 0.713505 0.050601 0.041476
0.718957 0.914819 0.063252 0.046536
0.167449 0.878783 0.049890 0.027606
0.606021 0.424221 0.045085 0.037212
0.277172 0.366839 0.042684 0.024981
0.073515 0.973712 0.055013 0.026271
0.077396 0.915983 0.048966 0.026941
0.723062 0.612456 0.057660 0.031010
0.711581 0.540867 0.052778 0.040223
0.168871 0.672459 0.043485 0.029972
0.497828 0.161835 0.054883 0.040964
0.827481 0.915521 0.076074 0.033794
0.275607 0.624665 0.042449 0.030052
0.827723 0.973301 0.052981 0.029717
0.388027 0.798736 0.048426 0.025719
0.383474 0.862024 0.042485 0.024237
0.719193 0.034279 0.051015 0.034751
0.719644 0.381973 0.042285 0.024814
0.071922 0.123615 0.050844 0.042493
0.832146 0.651258 0.053384 0.038804
0.171757 0.973437 0.045305 0.023451
0.938700 0.029044 0.046707 0.035285
0.393288 0.359164 0.044172 0.031822
0.603083 0.463235 0.045081 0.037179
0.072814 0.250803 0.038920 0.029515
0.180046 0.481964 0.052158 0.030770
0.496185 0.034770 0.054358 0.046977
0.831378 0.798131 0.063885 0.047826
0.717315 0.577149 0.050959 0.038444
0.077586 0.350189 0.055541 0.035706
0.945296 0.418173 0.047552 0.039453
0.611860 0.301008 0.045926 0.038689
0.825180 0.944363 0.052163 0.025897
0.717742 0.230664 0.048190 0.039280
0.940611 0.100182 0.048489 0.042617
0.072723 0.427959 0.040702 0.031244
0.178369 0.186024 0.044910 0.040378
0.490402 0.473084 0.047774 0.029400
0.830975 0.568422 0.041916 0.037940
0.276341 0.263066 0.041985 0.035365
0.829630 0.473173 0.046710 0.038068
0.940850 0.061965 0.040799 0.031605
0.721508 0.413603 0.044869 0.035825
0.605507 0.806822 0.043600 0.035069
0.593588 0.949178 0.091698 0.057876
0.723057 0.115041 0.058410 0.044183
0.071166 0.037157 0.048389 0.044352
0.719716 0.724186 0.048024 0.039746
0.608442 0.212114 0.052837 0.049675
0.178025 0.227772 0.044966 0.036307
0.180276 0.307890 0.041124 0.033360
0.281148 0.172710 0.047964 0.042228
0.497339 0.776048 0.045531 0.024505
0.280029 0.948868 0.052388 0.029925
0.072105 0.163466 0.042544 0.038244
0.942622 0.345631 0.038829 0.029139
0.940302 0.378169 0.035999 0.038056
0.605407 0.728908 0.041738 0.024815
0.722194 0.074117 0.068610 0.039135
0.181594 0.145786 0.049700 0.036255
0.500726 0.234488 0.045013 0.032283
0.723310 0.950261 0.064907 0.023730
0.496231 0.206013 0.054056 0.045280
0.615033 0.034018 0.042283 0.038983
0.180925 0.037694 0.068855 0.042771
0.274444 0.799393 0.049914 0.028700
0.942133 0.295686 0.040088 0.039454
0.078271 0.622981 0.033446 0.020703
0.073178 0.183506 0.041874 0.024389
0.174573 0.004724 0.059332 0.009448
0.944263 0.315564 0.047637 0.024781
0.182573 0.106132 0.047896 0.034288
0.277554 0.005262 0.053166 0.009777
