0.713708 0.867006 0.080543 0.058465
0.274308 0.176363 0.077045 0.056817
0.714583 0.341090 0.079275 0.052348
0.495028 0.468687 0.077944 0.053410
0.824980 0.646017 0.073543 0.059267
0.062732 0.568620 0.090466 0.050199
0.930469 0.264919 0.070925 0.059578
0.068307 0.268772 0.080191 0.048311
0.829920 0.862315 0.086825 0.054214
0.595718 0.716450 0.084035 0.055776
0.384799 0.518513 0.073563 0.050407
0.600564 0.606143 0.083171 0.048841
0.067462 0.362361 0.084243 0.043087
0.932065 0.771785 0.090546 0.050364
0.383717 0.404999 0.081881 0.062368
0.061086 0.620741 0.086105 0.045801
0.385529 0.466114 0.074712 0.049095
0.719285 0.571969 0.104845 0.058920
0.937861 0.881210 0.073043 0.053788
0.485550 0.892488 0.072202 0.048084
0.072921 0.921184 0.072181 0.042385
0.066859 0.828180 0.094150 0.048882
0.711393 0.968227 0.089710 0.044705
0.169781 0.225351 0.081291 0.046487
0.385563 0.125495 0.078082 0.050477
0.600664 0.916145 0.084691 0.047132
0.062819 0.316676 0.082408 0.046223
0.928068 0.826904 0.090395 0.041077
0.380202 0.236422 0.082893 0.058286
0.601846 0.392581 0.083489 0.049348
0.174807 0.435107 0.081088 0.039949
0.488705 0.415056 0.078210 0.047978
0.168036 0.327673 0.088157 0.051254
0.382923 0.940645 0.082085 0.036805
0.379053 0.790157 0.085594 0.048968
0.596448 0.773009 0.075450 0.051351
0.933131 0.718053 0.076519 0.055865
0.718981 0.175670 0.085588 0.051258
0.494813 0.128434 0.083019 0.049957
0.828766 0.808927 0.078308 0.045850
0.718534 0.396501 0.078790 0.050215
0.594491 0.555314 0.080464 0.048477
0.488283 0.936789 0.082846 0.033316
0.927725 0.662795 0.082855 0.047818
0.489108 0.628372 0.077456 0.049113
0.825463 0.487054 0.070721 0.051077
0.596988 0.866507 0.082264 0.045636
0.073330 0.963849 0.082861 0.042480
0.382297 0.847964 0.075984 0.051218
0.600704 0.124435 0.078503 0.054509
0.824319 0.123030 0.082681 0.041697
0.071383 0.216637 0.074137 0.044570
0.065336 0.669311 0.086609 0.043522
0.932475 0.606789 0.078582 0.056117
0.936944 0.491071 0.081016 0.048606
0.712059 0.451839 0.086185 0.054192
0.494928 0.067037 0.084387 0.059102
0.934214 0.550390 0.081108 0.052361
0.172804 0.385496 0.076635 0.049532
0.486116 0.684256 0.080845 0.053551
0.069908 0.460917 0.075808 0.046343
0.715327 0.921810 0.069879 0.044526
0.829553 0.585744 0.077655 0.053901
0.487644 0.354372 0.071558 0.058236
0.604966 0.226567 0.067585 0.050676
0.065537 0.877852 0.064877 0.042137
0.491715 0.789709 0.086979 0.044306
0.379167 0.291807 0.084821 0.047105
0.064651 0.513889 0.072621 0.049694
0.383600 0.571935 0.090638 0.052214
0.491918 0.840546 0.071706 0.050216
0.489943 0.292761 0.083913 0.054499
0.720864 0.627395 0.079971 0.049461
0.823083 0.917151 0.073975 0.050532
0.824460 0.068716 0.076012 0.056250
0.829267 0.705774 0.074567 0.049025
0.176767 0.485382 0.089286 0.043926
0.605745 0.065784 0.085081 0.054289
0.273673 0.232961 0.076487 0.041761
0.827277 0.273615 0.078001 0.054861
0.823822 0.965060 0.062831 0.045267
0.065938 0.410167 0.073266 0.048372
0.385514 0.346688 0.075401 0.046347
0.828402 0.757829 0.070254 0.046663
0.714647 0.228211 0.079487 0.049375
0.829835 0.215708 0.075545 0.047791
0.596846 0.963086 0.081803 0.040824
0.935154 0.380212 0.090712 0.056634
0.713102 0.065459 0.085393 0.054474
0.385115 0.735097 0.072669 0.050533
0.381018 0.181063 0.071682 0.048981
0.600162 0.501055 0.067929 0.050818
0.931814 0.930308 0.088723 0.045894
0.716276 0.814201 0.084096 0.040243
0.174088 0.529293 0.084384 0.043155
0.716374 0.765926 0.070473 0.046588
0.932337 0.436907 0.089160 0.050575
0.933509 0.122710 0.082068 0.044011
0.176874 0.684292 0.087456 0.054810
0.382882 0.679151 0.060889 0.051303
0.720475 0.283478 0.074885 0.052741
0.825307 0.534753 0.059869 0.036852
0.492207 0.187479 0.078934 0.059115
0.603864 0.339161 0.077355 0.056450
0.069692 0.726449 0.066812 0.054679
0.275352 0.117474 0.069642 0.052457
0.381904 0.067921 0.095914 0.056407
0.174260 0.174081 0.074949 0.051448
0.494087 0.518740 0.075299 0.040809
0.602982 0.659663 0.070667 0.051833
0.606982 0.176976 0.082003 0.044534
0.068757 0.778906 0.067740 0.039219
0.719560 0.120758 0.074724 0.052376
0.388733 0.974600 0.079770 0.034237
0.068432 0.167329 0.073040 0.044847
0.601021 0.447317 0.063269 0.052279
0.066797 0.064181 0.075554 0.053582
0.276618 0.403796 0.080738 0.061144
0.923804 0.069730 0.084362 0.057864
0.487234 0.972039 0.085262 0.036916
0.596016 0.819656 0.071354 0.034226
0.490739 0.571226 0.065420 0.054270
0.181666 0.583963 0.065043 0.056162
0.931981 0.207792 0.068121 0.047691
0.602385 0.282291 0.065365 0.052639
0.178769 0.274394 0.082108 0.045777
0.935921 0.970334 0.087383 0.040635
0.279192 0.343247 0.058245 0.047498
0.279611 0.063597 0.074632 0.050377
0.718017 0.675526 0.085338 0.040909
0.826760 0.433094 0.064513 0.048040
0.492180 0.242126 0.070646 0.037938
0.827423 0.171015 0.059134 0.039730
0.934738 0.322306 0.070590 0.054512
0.279489 0.289140 0.061376 0.053176
0.382794 0.624730 0.085272 0.048997
0.177537 0.634434 0.062986 0.036717
0.171829 0.123470 0.072794 0.044753
0.715361 0.511388 0.072172 0.052334
0.385985 0.899048 0.051456 0.043081
0.828640 0.330146 0.058796 0.048805
0.940765 0.166204 0.076333 0.035713
0.491548 0.741055 0.056787 0.049047
0.714683 0.715455 0.085078 0.045097
0.070082 0.119674 0.052401 0.044350
0.827418 0.381168 0.056118 0.045606
