0.721335 0.117650 0.079779 0.052684
0.070009 0.500617 0.077085 0.055628
0.175817 0.465838 0.072892 0.058178
0.078362 0.659162 0.085600 0.052472
0.939563 0.732746 0.082255 0.052904
0.406521 0.748644 0.084262 0.054711
0.407068 0.803203 0.092932 0.046022
0.827043 0.425782 0.079932 0.052978
0.826988 0.169503 0.079660 0.056251
0.940849 0.431040 0.078402 0.051138
0.397869 0.179104 0.071638 0.052530
0.719107 0.174831 0.081058 0.053182
0.617989 0.293419 0.089654 0.053408
0.826296 0.845029 0.080667 0.051443
0.176598 0.255567 0.081323 0.053069
0.719767 0.403778 0.074381 0.051106
0.066206 0.247253 0.082412 0.053970
0.505454 0.277147 0.091991 0.047895
0.941399 0.279559 0.083166 0.048074
0.404362 0.425913 0.093334 0.047317
0.716365 0.455244 0.084336 0.044985
0.068539 0.188962 0.076070 0.056470
0.404905 0.853519 0.096822 0.052376
0.398621 0.231861 0.085781 0.043316
0.287428 0.189064 0.091907 0.052496
0.506349 0.329344 0.087458 0.051642
0.719111 0.880509 0.079513 0.047218
0.187930 0.686217 0.085217 0.052042
0.823755 0.792873 0.087221 0.049100
0.616505 0.234893 0.083917 0.058692
0.407858 0.693401 0.078798 0.048237
0.080753 0.875457 0.100060 0.052027
0.406096 0.328664 0.079863 0.047026
0.719907 0.508831 0.082800 0.051646
0.182345 0.631281 0.076056 0.046691
0.831922 0.224360 0.082359 0.044592
0.938899 0.331410 0.091532 0.050305
0.831084 0.272239 0.093954 0.048453
0.512135 0.494470 0.089541 0.050712
0.402145 0.476717 0.081421 0.044198
0.834126 0.371905 0.073361 0.053931
0.071328 0.718639 0.078106 0.055744
0.401745 0.376565 0.082514 0.040217
0.827356 0.583080 0.090217 0.044187
0.937719 0.482618 0.081289 0.047752
0.511013 0.548572 0.081328 0.047026
0.189372 0.963844 0.087937 0.049296
0.282014 0.131941 0.080410 0.056965
0.723866 0.782625 0.076811 0.053039
0.289826 0.354397 0.087545 0.054444
0.513163 0.179746 0.086203 0.048758
0.071097 0.447128 0.079787 0.045899
0.407672 0.906185 0.092479 0.052468
0.066639 0.397367 0.102228 0.048425
0.073647 0.608750 0.079102 0.043844
0.621625 0.129201 0.075689 0.046521
0.828644 0.479995 0.066369 0.051185
0.295685 0.835521 0.084624 0.051228
0.941980 0.837621 0.082265 0.052471
0.725541 0.348343 0.079584 0.052728
0.835383 0.682894 0.088899 0.049975
0.292396 0.891483 0.080122 0.048811
0.613094 0.182443 0.079190 0.047313
0.829203 0.948524 0.087692 0.045633
0.177310 0.359893 0.071368 0.043729
0.933945 0.576360 0.085424 0.049930
0.937558 0.786581 0.087730 0.044807
0.290082 0.517278 0.081414 0.048979
0.516108 0.384513 0.077410 0.052156
0.719962 0.623800 0.071896 0.052589
0.723249 0.724844 0.074247 0.054800
0.072391 0.557173 0.075124 0.045656
0.406150 0.639775 0.074252 0.050307
0.169950 0.164865 0.079315 0.045339
0.399808 0.585659 0.078404 0.054081
0.516700 0.653251 0.088704 0.058714
0.290227 0.297275 0.071495 0.050595
0.399079 0.280565 0.068916 0.043975
0.286838 0.243204 0.073652 0.046502
0.724050 0.233415 0.080298 0.056835
0.722880 0.567096 0.086191 0.056813
0.067435 0.348024 0.072526 0.034730
0.936953 0.530274 0.089255 0.043582
0.188626 0.738981 0.081547 0.048484
0.285949 0.409320 0.078570 0.052298
0.936587 0.121815 0.069488 0.049828
0.183482 0.578628 0.067212 0.046476
0.721042 0.672435 0.077428 0.041295
0.412963 0.960334 0.102249 0.051177
0.295079 0.732336 0.072633 0.041934
0.291887 0.684093 0.065816 0.043131
0.290378 0.462869 0.065728 0.050432
0.939606 0.227332 0.086486 0.051122
0.829700 0.534254 0.065378 0.052126
0.837439 0.632619 0.081725 0.046414
0.943423 0.629235 0.081790 0.041817
0.722048 0.065059 0.073465 0.044169
0.175829 0.210249 0.068349 0.033774
0.938072 0.174550 0.092925 0.053069
0.292544 0.782783 0.070916 0.049916
0.181717 0.411034 0.081553 0.047695
0.069907 0.300276 0.057508 0.047646
0.067290 0.130136 0.077087 0.048040
0.729678 0.961463 0.079562 0.039238
0.288620 0.569203 0.071114 0.050983
0.179765 0.118883 0.089273 0.047669
0.832632 0.320297 0.080523 0.041978
0.943853 0.887819 0.083594 0.038199
0.405988 0.530581 0.060657 0.052174
0.934023 0.069713 0.083293 0.053207
0.075068 0.968417 0.066881 0.045732
0.615665 0.069872 0.072781 0.054063
0.724233 0.923961 0.091736 0.035656
0.940764 0.379519 0.084150 0.043025
0.507545 0.227077 0.068042 0.037098
0.822701 0.738294 0.082131 0.056368
0.074430 0.772601 0.062298 0.049874
0.074585 0.925344 0.073632 0.042888
0.935632 0.938906 0.074865 0.049876
0.512533 0.438156 0.056990 0.050855
0.621109 0.348168 0.074174 0.045337
0.291723 0.631551 0.073724 0.060353
0.830131 0.117485 0.061305 0.044987
0.725077 0.293270 0.068968 0.052952
0.516157 0.127118 0.079691 0.047466
0.186827 0.911321 0.063428 0.047061
0.513387 0.598357 0.059162 0.043192
0.403729 0.122458 0.063574 0.052821
0.831715 0.900156 0.056715 0.048120
0.281749 0.073406 0.089538 0.057871
0.401376 0.068983 0.076063 0.053100
0.077883 0.824009 0.091422 0.044403
0.722387 0.833602 0.065505 0.041279
0.833580 0.067061 0.061519 0.043615
0.290235 0.973460 0.091719 0.040460
0.941757 0.675938 0.080405 0.050485
0.189640 0.791992 0.085194 0.050227
0.295831 0.939161 0.081484 0.041275
0.181469 0.310119 0.055334 0.047591
0.620414 0.409582 0.078765 0.060318
0.169113 0.067446 0.082277 0.047797
0.183466 0.856813 0.075892 0.055349
0.179710 0.526248 0.066469 0.057229
0.078938 0.071377 0.092502 0.055304
