0.383421 0.769555 0.080336 0.051588
0.276543 0.553472 0.072645 0.051543
0.931882 0.852945 0.067556 0.049983
0.714194 0.821279 0.078114 0.049919
0.835512 0.100822 0.070065 0.051681
0.282322 0.217865 0.070603 0.053027
0.935094 0.904060 0.086752 0.047007
0.052333 0.680576 0.072801 0.050247
0.508676 0.103860 0.089802 0.045492
0.611780 0.722142 0.076927 0.048741
0.610696 0.773293 0.083224 0.041431
0.819434 0.575324 0.077888 0.047712
0.936825 0.228627 0.076625 0.054659
0.156191 0.506190 0.076279 0.053641
0.266589 0.611371 0.077767 0.053183
0.266014 0.722154 0.081958 0.049208
0.615429 0.607399 0.078778 0.048955
0.499409 0.419697 0.073418 0.053224
0.614258 0.358797 0.084049 0.051836
0.272693 0.273933 0.092616 0.054181
0.386492 0.715242 0.072411 0.048825
0.058851 0.299724 0.079121 0.049078
0.380982 0.446516 0.075376 0.044521
0.510012 0.262929 0.085654 0.045839
0.058718 0.731320 0.083731 0.047610
0.938528 0.643705 0.071550 0.052926
0.161855 0.391896 0.081068 0.058593
0.607530 0.824525 0.070386 0.048361
0.830908 0.841301 0.073864 0.042795
0.389319 0.335483 0.090710 0.057593
0.717959 0.914689 0.063479 0.046478
0.284572 0.167052 0.078010 0.042223
0.831280 0.154530 0.074180 0.049642
0.493336 0.876237 0.062019 0.046205
0.270374 0.969683 0.070862 0.048071
0.052926 0.352837 0.070205 0.051165
0.277995 0.387302 0.078882 0.044617
0.272415 0.445343 0.067618 0.055939
0.276042 0.502761 0.078488 0.041782
0.933755 0.386877 0.080026 0.048352
0.610944 0.877046 0.081792 0.047626
0.278568 0.117801 0.073078 0.050106
0.934268 0.488168 0.067720 0.047304
0.715592 0.868285 0.073126 0.040664
0.493432 0.731690 0.072206 0.049219
0.151956 0.969861 0.080370 0.043135
0.057649 0.625552 0.080912 0.051836
0.935322 0.801852 0.076251 0.040118
0.156066 0.923926 0.083167 0.046361
0.611686 0.306854 0.065174 0.045794
0.386942 0.662704 0.085840 0.048848
0.274267 0.058153 0.093845 0.058020
0.503552 0.477106 0.091256 0.055089
0.384290 0.395444 0.070481 0.051578
0.931655 0.535341 0.078140 0.036189
0.385437 0.869263 0.086408 0.044016
0.720278 0.390245 0.076318 0.049572
0.268641 0.922662 0.073366 0.039079
0.822470 0.526344 0.064852 0.047856
0.166239 0.819575 0.073054 0.050000
0.051006 0.462834 0.074358 0.055126
0.497991 0.578258 0.074848 0.040630
0.162058 0.717043 0.066660 0.046899
0.164187 0.110222 0.072363 0.052899
0.723148 0.543963 0.083170 0.042581
0.720229 0.768371 0.071612 0.047444
0.158649 0.662454 0.069189 0.051351
0.614862 0.417064 0.082296 0.052770
0.725399 0.445725 0.078019 0.047659
0.721515 0.654318 0.072965 0.053669
0.827050 0.416028 0.067782 0.054076
0.606760 0.506429 0.091376 0.053977
0.722680 0.335101 0.077625 0.056452
0.162944 0.610672 0.069828 0.046665
0.719827 0.596240 0.069430 0.054638
0.272860 0.332657 0.074575 0.052548
0.721476 0.714422 0.062055 0.057043
0.935502 0.436382 0.074270 0.041008
0.833843 0.315175 0.083046 0.036769
0.158661 0.556779 0.069555 0.042655
0.735488 0.109587 0.071026 0.056049
0.053446 0.203970 0.060043 0.047998
0.055032 0.250803 0.075507 0.041117
0.158990 0.873163 0.080925 0.049570
0.166261 0.056716 0.084281 0.046641
0.493389 0.675930 0.080462 0.051492
0.493059 0.780773 0.086450 0.041215
0.272092 0.665436 0.077230 0.051858
0.716725 0.961876 0.069935 0.046185
0.272932 0.876619 0.064847 0.046867
0.928399 0.755345 0.062079 0.045253
0.620901 0.103690 0.070650 0.042338
0.613877 0.927009 0.071686 0.047870
0.728642 0.221911 0.070485 0.050760
0.934143 0.279741 0.077193 0.041299
0.623963 0.054971 0.074688 0.049516
0.936137 0.334553 0.069194 0.053879
0.937194 0.586249 0.079798 0.050312
0.824150 0.893249 0.071877 0.050417
0.384504 0.552334 0.064850 0.050343
0.932921 0.701009 0.068577 0.052082
0.928769 0.955489 0.094178 0.051649
0.392935 0.607103 0.090109 0.053662
0.493910 0.826948 0.059014 0.045901
0.825634 0.739009 0.068344 0.042677
0.155743 0.447871 0.069860 0.043645
0.831761 0.791118 0.072798 0.050722
0.049331 0.406341 0.071840 0.048467
0.157178 0.331926 0.072931 0.044753
0.604746 0.969673 0.077674 0.036954
0.498531 0.529273 0.069913 0.044596
0.826840 0.626400 0.062878 0.043230
0.167855 0.222098 0.080213 0.051432
0.830478 0.361009 0.088020 0.045841
0.836704 0.266779 0.062368 0.055399
0.823632 0.683921 0.077209 0.056257
0.395860 0.102809 0.069475 0.051853
0.163111 0.769416 0.063843 0.045340
0.728657 0.276526 0.079710 0.056090
0.944008 0.173553 0.075815 0.052318
0.167749 0.164810 0.065861 0.046820
0.506022 0.209512 0.082996 0.048855
0.835452 0.207745 0.065603 0.050690
0.732682 0.165509 0.062873 0.053095
0.052409 0.511523 0.075226 0.037512
0.394434 0.052414 0.072722 0.042450
0.938538 0.120160 0.078448 0.051217
0.511103 0.155046 0.075176 0.051521
0.611249 0.556328 0.084285 0.039320
0.380186 0.499869 0.066665 0.052876
0.734183 0.053651 0.085254 0.047273
0.380408 0.920371 0.056629 0.047467
0.052515 0.962290 0.095145 0.051959
0.834969 0.051560 0.070195 0.037612
0.502410 0.314033 0.066203 0.048692
0.052144 0.848210 0.078488 0.047502
0.615794 0.252057 0.065138 0.049827
0.054407 0.787767 0.076290 0.058927
0.499319 0.366016 0.062150 0.043950
0.501666 0.967434 0.081396 0.039840
0.057004 0.152226 0.064118 0.050792
0.067968 0.106146 0.088247 0.035534
0.383453 0.964023 0.059310 0.039171
0.398528 0.222578 0.094977 0.054697
0.052467 0.061471 0.065976 0.051037
0.158399 0.279317 0.071263 0.051300
0.496811 0.925689 0.084864 0.047732
0.612248 0.661909 0.062840 0.052199
0.827787 0.473304 0.058922 0.052708
0.617778 0.201349 0.072951 0.042264
0.389048 0.278346 0.064382 0.050361
0.055448 0.566125 0.067145 0.060349
0.617466 0.152569 0.082532 0.048463
0.514001 0.054889 0.054499 0.045809
0.384236 0.820659 0.056822 0.046154
0.268534 0.773971 0.088910 0.045058
0.821232 0.948749 0.067965 0.052204
0.270504 0.825772 0.076123 0.043095
0.395554 0.151239 0.065135 0.043610
0.723117 0.498727 0.044513 0.043247
0.611308 0.460845 0.087198 0.021597
0.937765 0.057449 0.065731 0.053453
0.049088 0.911487 0.050195 0.042003
0.502967 0.624868 0.087013 0.038580
0.395095 0.174536 0.073413 0.043243
