0.503205 0.328426 0.074249 0.055555
0.511839 0.872623 0.083786 0.043405
0.715644 0.529036 0.092586 0.059181
0.291868 0.102548 0.078249 0.052380
0.724827 0.640329 0.075482 0.053251
0.510859 0.766886 0.070444 0.050605
0.931759 0.877571 0.089315 0.054019
0.929548 0.143432 0.085417 0.050100
0.289614 0.324202 0.081437 0.056200
0.715824 0.213882 0.094236 0.059561
0.066584 0.314695 0.074126 0.058461
0.405405 0.903402 0.091391 0.050055
0.724892 0.376082 0.083551 0.055397
0.717566 0.753613 0.065816 0.051656
0.610867 0.743651 0.089082 0.049668
0.934110 0.088658 0.075075 0.051191
0.929476 0.415726 0.082160 0.061415
0.400064 0.801482 0.074022 0.045644
0.187469 0.906330 0.089540 0.047907
0.395308 0.092060 0.091645 0.046190
0.508309 0.920574 0.072379 0.046766
0.181493 0.465077 0.084738 0.047300
0.609229 0.863833 0.072810 0.054271
0.502176 0.441998 0.081003 0.047178
0.927625 0.034098 0.092301 0.053036
0.500377 0.159111 0.076587 0.058156
0.282814 0.441592 0.076698 0.051062
0.068518 0.375510 0.088715 0.051883
0.061886 0.090495 0.080142 0.043033
0.186411 0.854891 0.071973 0.045862
0.405740 0.591894 0.081529 0.042718
0.718113 0.477452 0.080631 0.043500
0.401430 0.428054 0.084203 0.050632
0.501992 0.216900 0.082121 0.047905
0.069023 0.039825 0.085175 0.045167
0.929517 0.534252 0.074276 0.063714
0.179836 0.246506 0.084361 0.044801
0.931332 0.768114 0.070360 0.048958
0.719711 0.152337 0.067004 0.049465
0.071673 0.661144 0.076230 0.058370
0.926029 0.649511 0.081735 0.054111
0.924017 0.594413 0.085262 0.047473
0.395630 0.151150 0.078267 0.061057
0.286415 0.668555 0.069785 0.057795
0.719941 0.905324 0.071468 0.047056
0.812680 0.034106 0.078599 0.046812
0.179732 0.301200 0.077595 0.054372
0.180582 0.957792 0.079963 0.052737
0.175082 0.146734 0.072448 0.054846
0.820379 0.311759 0.075969 0.048919
0.603607 0.039714 0.066135 0.056729
0.824936 0.574226 0.078858 0.053240
0.929674 0.202575 0.083465 0.062089
0.071518 0.718599 0.071316 0.049434
0.283604 0.616434 0.081482 0.046924
0.823578 0.515815 0.069528 0.051180
0.178641 0.520882 0.078287 0.053636
0.075676 0.771587 0.064874 0.051796
0.068676 0.967490 0.083662 0.042197
0.285273 0.561548 0.073893 0.055860
0.719920 0.857164 0.069390 0.044790
0.608090 0.308030 0.079869 0.049617
0.609316 0.094940 0.076028 0.047675
0.816487 0.143250 0.095078 0.057061
0.293572 0.725131 0.075657 0.047439
0.609603 0.530553 0.075828 0.053147
0.180489 0.643517 0.086195 0.052837
0.722218 0.100754 0.086892 0.045668
0.714730 0.272225 0.074474 0.057091
0.614440 0.581771 0.080982 0.049262
0.606683 0.147343 0.067645 0.052256
0.287954 0.502782 0.068300 0.057345
0.404406 0.207491 0.079314 0.050687
0.821867 0.676136 0.089167 0.048390
0.513691 0.821494 0.069557 0.048442
0.401965 0.954477 0.088495 0.050256
0.509141 0.489856 0.078701 0.040231
0.179086 0.362230 0.073787 0.052546
0.823052 0.784909 0.073528 0.049623
0.723840 0.430058 0.077916 0.046020
0.077113 0.923159 0.083158 0.042629
0.507472 0.655849 0.074954 0.056106
0.504060 0.271592 0.067857 0.053151
0.820882 0.199758 0.080242 0.054907
0.610786 0.804617 0.076817 0.063208
0.394259 0.038476 0.091381 0.051249
0.932040 0.358539 0.081118 0.048586
0.818719 0.255477 0.067939 0.050069
0.401199 0.851515 0.059326 0.047062
0.720382 0.696632 0.065667 0.051241
0.505701 0.098267 0.071878 0.054550
0.935723 0.822940 0.077298 0.048675
0.611022 0.690774 0.071434 0.048228
0.933919 0.709580 0.074835 0.055366
0.075297 0.602729 0.082299 0.054929
0.931341 0.259202 0.071371 0.045706
0.176145 0.415626 0.068487 0.046746
0.074069 0.430368 0.079850 0.052769
0.930167 0.307056 0.083008 0.046110
0.718687 0.807259 0.063473 0.050538
0.404187 0.479971 0.068191 0.050008
0.816028 0.086937 0.060921 0.048561
0.506473 0.387386 0.065100 0.052889
0.498859 0.038109 0.092994 0.053281
0.609701 0.257235 0.067216 0.043589
0.607062 0.634025 0.077785 0.053161
0.284701 0.271929 0.073157 0.042700
0.176128 0.087600 0.071775 0.055718
0.406568 0.646509 0.080775 0.059346
0.615961 0.912819 0.063256 0.040126
0.288945 0.385222 0.067087 0.055950
0.504882 0.598456 0.066304 0.052197
0.826250 0.891743 0.076247 0.049165
0.399469 0.376975 0.065480 0.050357
0.617702 0.358056 0.084921 0.038108
0.404032 0.539855 0.076420 0.056325
0.402426 0.756189 0.059956 0.040270
0.932817 0.473251 0.065718 0.045463
0.292185 0.878986 0.062652 0.051497
0.176892 0.584471 0.070927 0.058177
0.070656 0.142226 0.072348 0.047688
0.825330 0.463958 0.070491 0.044477
0.076034 0.827528 0.068904 0.050866
0.078178 0.878546 0.071456 0.047930
0.608604 0.206090 0.056852 0.053102
0.290610 0.158011 0.083145 0.045189
0.505664 0.540744 0.059819 0.054076
0.516393 0.960257 0.075548 0.036883
0.072378 0.551861 0.073757 0.050201
0.717361 0.325479 0.068985 0.038264
0.933594 0.929039 0.060702 0.044866
0.406936 0.705105 0.076719 0.054349
0.823842 0.729527 0.054969 0.048291
0.294809 0.925599 0.064911 0.038545
0.822711 0.410695 0.058546 0.052149
0.509634 0.713988 0.071552 0.044161
0.297977 0.825355 0.081446 0.046290
0.284310 0.043057 0.065455 0.056128
0.721787 0.583662 0.058594 0.050094
0.827723 0.946054 0.090950 0.053611
0.290126 0.217187 0.082504 0.058702
0.179689 0.035155 0.075858 0.043150
0.069230 0.200586 0.056950 0.054195
0.609640 0.472359 0.068261 0.048152
0.614569 0.953022 0.060759 0.040567
0.290395 0.964663 0.062492 0.037934
0.718028 0.955327 0.096979 0.047618
0.073436 0.492795 0.081755 0.059997
0.401280 0.265595 0.065264 0.058296
0.821692 0.359281 0.068997 0.038731
0.186051 0.802261 0.064832 0.054126
0.178808 0.198262 0.052989 0.045819
0.289012 0.776055 0.057288 0.043866
0.823928 0.626862 0.054873 0.045902
0.723045 0.041628 0.079620 0.061306
0.615231 0.416316 0.071353 0.059607
0.825109 0.840276 0.047743 0.046071
0.185265 0.746591 0.054560 0.046580
0.078376 0.251878 0.090157 0.047577
0.179724 0.693800 0.058268 0.047891
0.400827 0.322558 0.062833 0.049387
