0.824887 0.371679 0.069842 0.040663
0.490297 0.535626 0.065709 0.043946
0.829730 0.266670 0.053265 0.038309
0.281811 0.373542 0.054070 0.037342
0.831306 0.702666 0.065865 0.036765
0.502180 0.770155 0.057673 0.040057
0.604529 0.693505 0.061048 0.034786
0.393783 0.116699 0.067006 0.045543
0.926487 0.893508 0.064010 0.039902
0.274039 0.796456 0.056652 0.036966
0.067240 0.565512 0.049300 0.040648
0.066320 0.341825 0.058844 0.038732
0.826904 0.809078 0.062039 0.028294
0.508709 0.117781 0.060551 0.040034
0.066991 0.120313 0.058535 0.041967
0.179892 0.322061 0.053801 0.039589
0.380555 0.958271 0.054220 0.044065
0.503604 0.388474 0.057820 0.039090
0.071368 0.604521 0.058680 0.036127
0.397316 0.208640 0.073541 0.042878
0.283138 0.289852 0.064543 0.040407
0.496114 0.859626 0.050993 0.043152
0.066996 0.527335 0.052821 0.034998
0.390088 0.658633 0.075543 0.040418
0.493868 0.732040 0.054860 0.036624
0.932876 0.238655 0.056645 0.035449
0.933339 0.202049 0.051615 0.035428
0.500505 0.429624 0.066798 0.036581
0.826777 0.148888 0.058093 0.041380
0.612654 0.183358 0.052054 0.036970
0.397638 0.163516 0.054665 0.043172
0.827381 0.306687 0.053249 0.036627
0.180742 0.136970 0.050033 0.036233
0.934774 0.303931 0.043287 0.037484
0.066793 0.639539 0.050878 0.033567
0.287497 0.211007 0.048638 0.037078
0.828017 0.558424 0.053423 0.036983
0.065409 0.491372 0.052785 0.032046
0.719546 0.450752 0.058968 0.036219
0.182479 0.908457 0.051092 0.036210
0.708749 0.490880 0.071943 0.038343
0.502739 0.268124 0.047856 0.037465
0.280659 0.723420 0.061774 0.037297
0.180512 0.251470 0.044773 0.040680
0.619366 0.021723 0.061213 0.034195
0.827519 0.517020 0.050072 0.040105
0.825935 0.411948 0.068326 0.038510
0.061982 0.458697 0.052055 0.033846
0.713993 0.935961 0.054874 0.030988
0.609493 0.359840 0.051031 0.039881
0.825068 0.842090 0.053160 0.033830
0.183974 0.940293 0.062003 0.031943
0.720765 0.068127 0.051249 0.040308
0.498375 0.619186 0.057035 0.036601
0.068651 0.706037 0.047107 0.035699
0.070078 0.672256 0.049763 0.030339
0.604125 0.730622 0.051356 0.034087
0.615042 0.108636 0.054261 0.042004
0.615472 0.147922 0.047328 0.036888
0.491999 0.579292 0.052884 0.039771
0.168709 0.609674 0.047548 0.038796
0.179101 0.064334 0.060309 0.038125
0.714898 0.273268 0.057474 0.033414
0.932827 0.062275 0.052005 0.039253
0.387145 0.858216 0.046386 0.031882
0.176758 0.677932 0.048469 0.036489
0.289019 0.250799 0.055465 0.037169
0.288093 0.178438 0.058424 0.024568
0.725190 0.024071 0.058115 0.040144
0.926990 0.856382 0.046215 0.032608
0.180907 0.834226 0.044794 0.037440
0.718689 0.314495 0.056493 0.040294
0.613922 0.223122 0.057350 0.041803
0.612924 0.262785 0.058596 0.036403
0.713760 0.813270 0.060598 0.044464
0.832211 0.225837 0.048417 0.034388
0.608657 0.400718 0.048228 0.041202
0.717225 0.900836 0.056972 0.035719
0.172735 0.644904 0.046710 0.031057
0.718381 0.359061 0.061279 0.046031
0.604413 0.815735 0.051571 0.042629
0.181864 0.714924 0.058464 0.037705
0.617370 0.297165 0.049010 0.032480
0.182316 0.173729 0.045962 0.034125
0.607067 0.768817 0.057246 0.047135
0.397829 0.383816 0.052935 0.038971
0.397776 0.298075 0.052178 0.040735
0.069666 0.303563 0.047510 0.035550
0.717080 0.407947 0.063260 0.045710
0.826608 0.066929 0.054597 0.038885
0.714707 0.564556 0.050729 0.041086
0.397538 0.067475 0.055420 0.048000
0.829342 0.190664 0.048974 0.037452
0.397915 0.253868 0.047968 0.040650
0.936768 0.419398 0.048651 0.034151
0.178528 0.210984 0.050647 0.036548
0.931687 0.931833 0.048640 0.033653
0.492998 0.497452 0.056150 0.032289
0.827825 0.663634 0.048143 0.037145
0.187725 0.972543 0.055310 0.034624
0.391391 0.554635 0.054135 0.029118
0.275595 0.869043 0.048647 0.037063
0.283751 0.333701 0.047627 0.042704
0.280753 0.939280 0.052713 0.037205
0.287698 0.144039 0.048515 0.037933
0.176603 0.756416 0.050943 0.043792
0.500989 0.160694 0.059644 0.044779
0.392954 0.621167 0.050873 0.034854
0.073062 0.960754 0.062198 0.040873
0.070826 0.219426 0.058092 0.041784
0.278504 0.690537 0.048371 0.031646
0.281194 0.453212 0.053792 0.043083
0.498746 0.348494 0.051349 0.037164
0.394580 0.584821 0.047509 0.034592
0.824461 0.629668 0.055257 0.032419
0.179561 0.795667 0.048649 0.035715
0.828481 0.596159 0.051857 0.035049
0.069585 0.262799 0.046932 0.039627
0.503480 0.231620 0.045722 0.031720
0.496522 0.812960 0.050514 0.042501
0.281720 0.409675 0.051418 0.036711
0.274492 0.903877 0.046307 0.030779
0.400431 0.706099 0.059324 0.048462
0.935673 0.102084 0.058897 0.033682
0.940997 0.665388 0.050801 0.044506
0.172436 0.565092 0.051944 0.041483
0.280221 0.759188 0.049340 0.033762
0.501970 0.309702 0.045461 0.039086
0.383674 0.889936 0.046666 0.026838
0.931011 0.166316 0.050763 0.038341
0.606092 0.511903 0.054659 0.038082
0.064311 0.383397 0.049841 0.044161
0.183474 0.871965 0.049755 0.037132
0.180222 0.362876 0.055625 0.034390
0.718977 0.240480 0.047501 0.035435
0.935957 0.709138 0.049057 0.033349
0.717551 0.527331 0.046483 0.035885
0.492195 0.690955 0.049668 0.037475
0.828430 0.106814 0.051772 0.041157
0.602764 0.440368 0.059039 0.038875
0.827280 0.936637 0.046218 0.035865
0.928701 0.270338 0.042546 0.030834
0.061782 0.423695 0.043669 0.035271
0.925604 0.822680 0.043881 0.034635
0.073080 0.025895 0.061642 0.044537
0.179482 0.024198 0.062084 0.039314
0.278730 0.656789 0.048066 0.037048
0.069165 0.862159 0.056458 0.027652
0.714039 0.731910 0.045898 0.040845
0.933348 0.965906 0.046362 0.036151
0.711977 0.772103 0.043192 0.036574
0.937468 0.622617 0.045302 0.037475
0.383068 0.919876 0.040313 0.031633
0.829192 0.971861 0.047236 0.032250
0.499279 0.464033 0.055690 0.034774
0.600003 0.657494 0.052943 0.035466
0.832020 0.739465 0.050283 0.032905
0.614836 0.062451 0.062208 0.046583
0.936468 0.339481 0.039765 0.032322
0.832267 0.774268 0.048145 0.034633
0.827675 0.477928 0.043899 0.037125
0.067413 0.737999 0.044928 0.030010
0.826479 0.025239 0.046030 0.042820
0.181447 0.286862 0.054818 0.024788
0.936517 0.377108 0.046458 0.039667
0.390343 0.517144 0.052116 0.042025
0.071688 0.922654 0.043645 0.029641
0.714577 0.860653 0.044709 0.042814
0.938891 0.458037 0.048527 0.039828
0.722119 0.160353 0.044587 0.034837
0.617600 0.327185 0.051360 0.023335
0.932496 0.133454 0.042038 0.029280
0.934967 0.583733 0.049873 0.038277
0.398417 0.750210 0.045060 0.038663
0.068632 0.074202 0.048175 0.049122
0.274478 0.831685 0.040764 0.032000
0.714808 0.646854 0.046606 0.039750
0.600906 0.624105 0.043730 0.032681
0.723671 0.128253 0.037996 0.027951
0.178285 0.101079 0.052469 0.035704
0.289005 0.108632 0.044851 0.032994
0.393393 0.430454 0.049774 0.048733
0.938469 0.501763 0.044361 0.043419
0.498088 0.896946 0.043043 0.031486
0.605772 0.552128 0.049568 0.042687
0.598989 0.965848 0.050682 0.038168
0.394494 0.820845 0.045857 0.040134
0.716778 0.967390 0.040596 0.029359
0.397166 0.022620 0.049593 0.039876
0.832779 0.338050 0.050106 0.025722
0.072840 0.891803 0.047332 0.025891
0.826677 0.444420 0.055092 0.031649
0.184319 0.445737 0.059764 0.046466
0.393440 0.785212 0.047837 0.031821
0.495283 0.655113 0.043462 0.035905
0.605636 0.474350 0.050812 0.037043
0.717524 0.688027 0.051579 0.040227
0.398504 0.343591 0.043860 0.036147
0.939555 0.541808 0.041340 0.036461
0.179173 0.401035 0.062858 0.039205
0.274887 0.972800 0.068414 0.032734
0.272679 0.622484 0.055864 0.030811
0.930393 0.023730 0.039287 0.037780
0.934073 0.791242 0.042687 0.027545
0.599664 0.929762 0.047590 0.034186
0.065111 0.767377 0.034352 0.028821
0.720289 0.201326 0.047510 0.041367
0.391471 0.473921 0.044659 0.037027
0.274343 0.591429 0.048325 0.035066
0.172086 0.526469 0.045117 0.035346
0.294023 0.024273 0.046871 0.038253
0.507329 0.023112 0.044555 0.037197
0.715665 0.605735 0.050674 0.037514
0.509585 0.060147 0.055185 0.032244
0.602684 0.592949 0.043872 0.034753
0.825671 0.873543 0.038594 0.029300
0.934573 0.749163 0.061869 0.047612
0.604142 0.867352 0.051039 0.040863
0.064903 0.798006 0.032724 0.029609
0.175024 0.489732 0.042814 0.035745
0.601625 0.901513 0.046276 0.027157
0.499252 0.927698 0.055283 0.031971
0.499574 0.198937 0.045454 0.032578
0.290579 0.064704 0.046431 0.044026
0.824831 0.901762 0.041957 0.032189
0.070777 0.180812 0.041585 0.033759
0.282536 0.503166 0.050966 0.048811
0.065260 0.832643 0.036673 0.032745
0.278896 0.552295 0.045294 0.041448
0.728624 0.100500 0.047733 0.023839
0.512403 0.084052 0.045985 0.025569
0.070277 0.155003 0.044122 0.027312
0.494913 0.963326 0.044645 0.031058
