0.174198 0.882182 0.059630 0.035478
0.376482 0.702143 0.056296 0.044139
0.277320 0.310399 0.069122 0.040964
0.715897 0.161193 0.054179 0.035835
0.712846 0.235334 0.064308 0.033600
0.928104 0.706104 0.052405 0.038084
0.592062 0.765094 0.073649 0.041861
0.821815 0.817260 0.055393 0.034080
0.492974 0.902390 0.067163 0.044624
0.175387 0.842043 0.059701 0.040420
0.274661 0.616855 0.062075 0.038852
0.700674 0.716650 0.066201 0.037718
0.716514 0.199172 0.052836 0.036319
0.065574 0.297664 0.057395 0.040668
0.378981 0.834800 0.048039 0.031943
0.710276 0.384556 0.055003 0.039550
0.707396 0.849859 0.049486 0.037838
0.707622 0.613614 0.067287 0.032010
0.815500 0.852420 0.057735 0.031798
0.378564 0.581388 0.066799 0.041982
0.378387 0.900648 0.053097 0.034083
0.386080 0.625499 0.059552 0.041536
0.383559 0.801049 0.054482 0.033008
0.816465 0.241920 0.053071 0.036213
0.062595 0.373141 0.056649 0.037614
0.382715 0.344935 0.057786 0.040144
0.267042 0.660337 0.065868 0.043633
0.274742 0.774118 0.055046 0.034038
0.489460 0.857927 0.056369 0.034138
0.273235 0.396232 0.067827 0.043344
0.383581 0.538928 0.060725 0.042123
0.706120 0.545833 0.064305 0.046374
0.394529 0.151209 0.064355 0.035729
0.383676 0.233056 0.050231 0.038464
0.925892 0.416526 0.062595 0.041734
0.817365 0.670285 0.056235 0.037802
0.496538 0.585016 0.070533 0.047137
0.592496 0.718614 0.056737 0.047013
0.066313 0.249922 0.057122 0.043178
0.500751 0.159821 0.053467 0.036729
0.271002 0.894237 0.066508 0.043082
0.485980 0.710378 0.064891 0.032826
0.277347 0.158222 0.052895 0.034448
0.925289 0.638204 0.051855 0.033438
0.927582 0.498775 0.055672 0.035066
0.501772 0.971584 0.065393 0.032466
0.924684 0.858764 0.056966 0.035629
0.818653 0.890681 0.050128 0.042193
0.066215 0.164951 0.051442 0.039118
0.492047 0.669083 0.052182 0.040502
0.383314 0.663062 0.054276 0.031333
0.598162 0.584336 0.050012 0.040538
0.069077 0.207271 0.058574 0.036075
0.601526 0.542900 0.057492 0.037823
0.714486 0.122257 0.047200 0.039732
0.271749 0.971077 0.064658 0.040602
0.929042 0.747523 0.052370 0.040074
0.274754 0.353170 0.061789 0.039675
0.065380 0.335093 0.051049 0.036224
0.172582 0.640078 0.054427 0.041418
0.176971 0.944880 0.057535 0.027965
0.818730 0.167639 0.060223 0.035931
0.272475 0.572534 0.050954 0.042186
0.066979 0.121951 0.057242 0.041675
0.820401 0.436431 0.053198 0.038392
0.928920 0.256938 0.070793 0.038733
0.385242 0.271147 0.053239 0.032150
0.600150 0.503055 0.051528 0.040437
0.711398 0.887917 0.071152 0.031678
0.824581 0.351473 0.049218 0.040438
0.709391 0.649298 0.050076 0.037724
0.817386 0.927213 0.049964 0.032014
0.703206 0.682677 0.067202 0.026302
0.816724 0.478319 0.054289 0.038308
0.490866 0.821959 0.055170 0.037233
0.710543 0.423406 0.054063 0.038989
0.605599 0.365990 0.051480 0.035200
0.166465 0.721276 0.049251 0.037963
0.814388 0.965248 0.054994 0.035749
0.380825 0.437155 0.055728 0.046951
0.711316 0.959565 0.053196 0.039498
0.271854 0.933381 0.060384 0.035400
0.170356 0.596335 0.052821 0.040266
0.378739 0.867181 0.047004 0.026253
0.820439 0.203700 0.059298 0.037064
0.063955 0.778914 0.048746 0.037845
0.383923 0.306038 0.049027 0.035215
0.389642 0.191646 0.058170 0.040810
0.064134 0.818056 0.047853 0.037656
0.593195 0.628060 0.051257 0.037052
0.934464 0.900856 0.050826 0.045773
0.928908 0.671145 0.050448 0.032255
0.486833 0.781633 0.059447 0.037985
0.495724 0.323195 0.055489 0.047673
0.823153 0.779075 0.048180 0.039609
0.493100 0.629359 0.057955 0.035930
0.823165 0.279001 0.053194 0.035026
0.498180 0.248624 0.050541 0.032993
0.379301 0.740310 0.049264 0.027740
0.169262 0.683127 0.048304 0.037011
0.928909 0.458617 0.053981 0.040758
0.713547 0.343215 0.053717 0.040625
0.053584 0.534284 0.050554 0.036750
0.822624 0.071205 0.069590 0.042636
0.823601 0.740624 0.052525 0.032267
0.814136 0.522518 0.055637 0.046483
0.273588 0.703089 0.057083 0.039899
0.922350 0.535249 0.064300 0.034229
0.167403 0.355050 0.054236 0.034293
0.285290 0.194557 0.064687 0.031774
0.591964 0.671170 0.046947 0.042804
0.816985 0.632722 0.045512 0.028920
0.280181 0.440482 0.051835 0.042394
0.164261 0.390926 0.055667 0.035105
0.057710 0.595735 0.055345 0.033293
0.056844 0.456234 0.051626 0.038624
0.280777 0.268440 0.050341 0.041075
0.707968 0.922480 0.051983 0.033275
0.277851 0.529328 0.057921 0.039655
0.610668 0.196809 0.056078 0.045021
0.163949 0.190220 0.048505 0.036653
0.605348 0.410257 0.047734 0.040635
0.162194 0.108976 0.060982 0.038538
0.279935 0.119663 0.053577 0.044217
0.710782 0.465179 0.048432 0.041806
0.057345 0.415946 0.057464 0.039759
0.495500 0.281762 0.048713 0.030328
0.606467 0.458521 0.053910 0.044714
0.704072 0.756668 0.050041 0.036719
0.926702 0.335585 0.064402 0.048979
0.065655 0.897779 0.049727 0.035843
0.925700 0.603991 0.040030 0.034468
0.271446 0.740894 0.048843 0.032779
0.062254 0.679071 0.044777 0.036404
0.824204 0.313735 0.059339 0.032737
0.928108 0.108037 0.047641 0.031186
0.924370 0.791649 0.046819 0.042072
0.497614 0.939465 0.061422 0.029133
0.171202 0.556334 0.055978 0.036298
0.061013 0.082932 0.055167 0.036547
0.498448 0.206427 0.045869 0.044777
0.706936 0.583728 0.048062 0.029332
0.281097 0.485567 0.050198 0.045466
0.926052 0.377020 0.045718 0.034042
0.060482 0.637260 0.064028 0.042441
0.175214 0.916157 0.049791 0.026870
0.380279 0.768008 0.047959 0.026431
0.930992 0.181286 0.051873 0.042539
0.597435 0.967437 0.048604 0.036802
0.599504 0.833518 0.080913 0.033678
0.166683 0.315122 0.047620 0.041903
0.928938 0.220333 0.053608 0.030920
0.379887 0.940760 0.048127 0.041785
0.822433 0.121858 0.053922 0.050630
0.055579 0.496840 0.045697 0.037466
0.612829 0.108092 0.050650 0.040879
0.058916 0.745216 0.054411 0.035458
0.393686 0.108316 0.047038 0.040384
0.387405 0.388552 0.057194 0.042212
0.279731 0.808133 0.048791 0.026999
0.281765 0.230271 0.047173 0.033428
0.062759 0.933014 0.053813 0.030683
0.165119 0.762788 0.063016 0.040868
0.496275 0.455488 0.054159 0.043212
0.712899 0.305469 0.063591 0.036311
0.499120 0.123409 0.047706 0.031825
0.598174 0.934980 0.044211 0.029387
0.497418 0.371561 0.050215 0.043446
0.161753 0.227125 0.050374 0.033408
0.173024 0.975883 0.042121 0.032675
0.172052 0.802383 0.049648 0.033763
0.929212 0.140630 0.051850 0.033325
0.162001 0.269010 0.053406 0.044418
0.384422 0.975320 0.050358 0.026303
0.936053 0.938069 0.059028 0.027076
0.823846 0.393773 0.047668 0.043174
0.708327 0.802399 0.045669 0.050658
0.496493 0.535093 0.043732 0.042115
0.824301 0.030852 0.071979 0.035024
0.496782 0.495813 0.053183 0.031201
0.815839 0.707603 0.042497 0.034532
0.065798 0.039720 0.064512 0.047122
0.930284 0.824918 0.049516 0.027259
0.925901 0.569359 0.042765 0.034051
0.711948 0.272176 0.072404 0.032048
0.941516 0.965738 0.059984 0.030833
0.278223 0.844968 0.044536 0.045251
0.601491 0.870686 0.052005 0.039670
0.058284 0.713803 0.052689 0.031687
0.594435 0.803281 0.076056 0.029698
0.709097 0.504210 0.039031 0.032700
0.495833 0.416098 0.047009 0.037643
0.817016 0.565976 0.041651 0.033186
0.067335 0.963404 0.043447 0.029832
0.597841 0.905968 0.086257 0.026992
0.395051 0.066172 0.059278 0.035285
0.618785 0.034025 0.067953 0.039017
0.171969 0.513751 0.049881 0.041711
0.928530 0.072006 0.049164 0.036611
0.162962 0.151920 0.054634 0.040843
0.169063 0.427729 0.046838 0.039379
0.615556 0.071450 0.058962 0.033378
0.608672 0.238165 0.051931 0.033936
0.384090 0.491735 0.060819 0.049833
0.063044 0.858736 0.046711 0.038915
0.167544 0.469565 0.044682 0.038416
0.931662 0.034632 0.055665 0.037139
0.501094 0.082690 0.057446 0.042518
0.611924 0.150773 0.040953 0.039199
0.719062 0.081817 0.052053 0.040183
0.607136 0.326415 0.045578 0.037201
0.168029 0.072025 0.051644 0.033487
0.061293 0.563991 0.044010 0.024516
0.606933 0.286826 0.043441 0.036763
0.497747 0.037343 0.075849 0.047951
0.932992 0.293634 0.053362 0.033964
0.395608 0.030095 0.043266 0.035108
0.813692 0.600225 0.044586 0.034016
0.496889 0.747172 0.065568 0.034944
0.280783 0.073962 0.056875 0.041042
0.279754 0.035203 0.063871 0.040267
0.171293 0.035537 0.047586 0.036439
0.725572 0.036828 0.065384 0.045853
0.208297 0.228906 0.048035 0.032430
0.111776 0.862735 0.048147 0.034669
0.607705 0.267129 0.052946 0.022694
