0.400767 0.152738 0.076203 0.041094
0.715038 0.343715 0.067934 0.045969
0.504279 0.599304 0.064540 0.034569
0.930599 0.419528 0.069102 0.039795
0.398106 0.772620 0.076269 0.039677
0.508595 0.251834 0.064515 0.037845
0.610991 0.551937 0.066670 0.041891
0.506378 0.562560 0.063125 0.032826
0.932049 0.189762 0.065445 0.036434
0.715587 0.670623 0.062468 0.038574
0.711644 0.297509 0.066349 0.040922
0.933348 0.348171 0.072132 0.033839
0.932946 0.615921 0.061783 0.037329
0.507316 0.370531 0.066972 0.042826
0.281257 0.299266 0.077933 0.039181
0.717364 0.549246 0.064751 0.038483
0.398463 0.402665 0.061601 0.039427
0.930212 0.229229 0.072028 0.037994
0.933525 0.273583 0.068613 0.044874
0.074618 0.847813 0.063909 0.040203
0.716186 0.430317 0.065003 0.036671
0.401511 0.847029 0.062323 0.038851
0.717987 0.184933 0.060396 0.033736
0.827676 0.229955 0.070981 0.035204
0.715858 0.630296 0.058363 0.039248
0.833261 0.272803 0.074156 0.047699
0.395878 0.450290 0.063462 0.049829
0.400358 0.359460 0.058562 0.042013
0.280578 0.212545 0.072637 0.038250
0.832676 0.355058 0.076737 0.038893
0.603696 0.223351 0.059690 0.038885
0.608131 0.684208 0.074527 0.045126
0.612938 0.733703 0.077497 0.044258
0.606199 0.479198 0.076226 0.041106
0.609782 0.829817 0.093449 0.052769
0.404886 0.889945 0.066446 0.045816
0.287032 0.589631 0.064869 0.047858
0.926601 0.314706 0.074543 0.031082
0.609039 0.312498 0.064140 0.044764
0.506340 0.710599 0.068895 0.032796
0.181886 0.871596 0.072484 0.036505
0.930373 0.531257 0.056230 0.039839
0.505346 0.292949 0.067948 0.042583
0.715377 0.389333 0.056604 0.038756
0.500643 0.171700 0.064939 0.046385
0.401924 0.273558 0.066097 0.032843
0.503873 0.919349 0.077154 0.037796
0.724041 0.960663 0.078950 0.041966
0.286791 0.542659 0.063639 0.041892
0.499894 0.672470 0.071705 0.040658
0.400713 0.237495 0.058410 0.035820
0.288343 0.871766 0.060026 0.040846
0.291429 0.125476 0.085132 0.047911
0.507139 0.330528 0.062435 0.035186
0.284745 0.465824 0.068006 0.033390
0.716423 0.074193 0.078557 0.043309
0.716907 0.116298 0.058617 0.032525
0.606057 0.780318 0.079647 0.045162
0.933589 0.459151 0.052311 0.035509
0.284814 0.829025 0.058761 0.039261
0.610475 0.185171 0.081528 0.038308
0.395793 0.110252 0.073136 0.035936
0.612483 0.638588 0.083790 0.042530
0.604952 0.266721 0.056284 0.042102
0.728023 0.790575 0.062640 0.044770
0.724076 0.709662 0.070170 0.038423
0.063703 0.179569 0.058621 0.031573
0.931269 0.574003 0.047851 0.041042
0.608292 0.356641 0.080265 0.043797
0.503446 0.882537 0.074054 0.031054
0.822183 0.188643 0.084618 0.046116
0.719791 0.223564 0.072745 0.032764
0.612881 0.143675 0.087504 0.043711
0.830760 0.502277 0.069974 0.031442
0.602269 0.595956 0.085163 0.039711
0.504888 0.452565 0.055635 0.036178
0.063462 0.146107 0.053049 0.034198
0.926871 0.115108 0.058080 0.037133
0.184427 0.741607 0.068661 0.038064
0.720644 0.746690 0.058502 0.038336
0.926025 0.494185 0.051978 0.030388
0.607145 0.397433 0.079243 0.034909
0.077548 0.895481 0.059998 0.041578
0.714892 0.590403 0.058992 0.031927
0.506680 0.414583 0.049931 0.038100
0.274047 0.255683 0.074957 0.045302
0.181182 0.554498 0.061810 0.034001
0.397610 0.630366 0.063695 0.043533
0.722865 0.915473 0.081678 0.038568
0.719728 0.257934 0.071018 0.034914
0.401580 0.810410 0.054036 0.030902
0.398143 0.584881 0.085121 0.041197
0.507793 0.080102 0.061928 0.046887
0.399429 0.536559 0.066226 0.049189
0.064265 0.110219 0.054840 0.029456
0.280672 0.721669 0.059835 0.031993
0.931919 0.382196 0.075435 0.031192
0.182958 0.441562 0.067627 0.037197
0.176283 0.291424 0.054748 0.042650
0.504657 0.751234 0.054715 0.045770
0.077624 0.691657 0.062988 0.044600
0.506183 0.843400 0.054292 0.044668
0.498745 0.213530 0.056754 0.036800
0.400013 0.195997 0.060424 0.041139
0.177199 0.163381 0.061779 0.036526
0.503628 0.487123 0.054868 0.030221
0.505225 0.795884 0.056985 0.042887
0.181131 0.121315 0.056396 0.042169
0.071347 0.809025 0.068985 0.030831
0.284340 0.639688 0.062490 0.042171
0.723861 0.471911 0.060700 0.042224
0.933652 0.151998 0.056290 0.033679
0.182439 0.828920 0.053061 0.038625
0.287767 0.380737 0.055900 0.039109
0.068575 0.730991 0.058902 0.030552
0.612707 0.102647 0.065433 0.036593
0.608029 0.436811 0.061458 0.042138
0.501186 0.635806 0.061013 0.030755
0.076884 0.942841 0.068320 0.041607
0.396888 0.674416 0.047331 0.037551
0.289370 0.339226 0.064000 0.036396
0.833525 0.317207 0.050772 0.037115
0.068947 0.266625 0.052565 0.044543
0.832706 0.414494 0.078899 0.030606
0.180007 0.478828 0.071723 0.035642
0.181654 0.785573 0.053324 0.041002
0.183845 0.701899 0.070406 0.035997
0.277527 0.077671 0.080190 0.042565
0.290003 0.422511 0.058175 0.044407
0.180412 0.516489 0.051945 0.038600
0.184227 0.590536 0.052283 0.037359
0.405361 0.963749 0.064831 0.047535
0.720799 0.509793 0.051116 0.033586
0.169778 0.075578 0.080455 0.045120
0.617153 0.912250 0.071359 0.031131
0.822613 0.535021 0.065301 0.038293
0.167863 0.202355 0.085763 0.040728
0.610747 0.878116 0.061680 0.036828
0.614095 0.067884 0.072263 0.033419
0.287276 0.758878 0.050793 0.038351
0.827661 0.582298 0.095233 0.047715
0.399233 0.492667 0.050660 0.033276
0.831715 0.449430 0.075376 0.038951
0.177853 0.246675 0.055139 0.041812
0.066677 0.220239 0.052616 0.040767
0.290381 0.502924 0.043455 0.035230
0.174016 0.335233 0.058813 0.040021
0.073099 0.604360 0.046381 0.043026
0.075126 0.648675 0.046036 0.035357
0.069444 0.561308 0.049894 0.037107
0.184574 0.404064 0.056191 0.034812
0.401387 0.314881 0.047964 0.041446
0.611718 0.515312 0.059421 0.025303
0.180496 0.666192 0.070875 0.029076
0.501304 0.524682 0.062747 0.038493
0.502964 0.126409 0.047918 0.036364
0.395244 0.717212 0.068877 0.041824
0.409256 0.927391 0.070583 0.022248
0.932151 0.659907 0.050474 0.044913
0.284055 0.681547 0.045567 0.038886
0.391245 0.071577 0.062506 0.033135
0.815418 0.146898 0.060522 0.032629
0.070897 0.471395 0.056868 0.048469
0.176943 0.630228 0.068339 0.040085
0.190803 0.904521 0.060570 0.024815
0.070130 0.408015 0.062308 0.036925
0.831632 0.386860 0.069163 0.023698
0.291168 0.172664 0.055697 0.039915
0.932901 0.071896 0.044729 0.039945
0.283751 0.792255 0.050950 0.027305
0.074029 0.518810 0.047233 0.038054
0.719638 0.860062 0.077635 0.040518
0.712059 0.150284 0.065081 0.029875
0.718044 0.826363 0.055628 0.027402
0.060012 0.075072 0.056093 0.030298
0.289220 0.912739 0.058234 0.039309
0.070705 0.770530 0.047008 0.038599
0.503099 0.963094 0.053616 0.044256
0.073629 0.318968 0.055618 0.049791
0.071566 0.366295 0.041741 0.039588
0.180315 0.371084 0.045148 0.028211
0.615381 0.949615 0.079217 0.032570
0.283987 0.957867 0.092021 0.047203
0.614814 0.978035 0.076510 0.033553
0.188435 0.938715 0.059908 0.036251
0.073802 0.435849 0.051782 0.023773
0.518667 0.015513 0.060449 0.025515
0.834506 0.474407 0.058860 0.025168
0.190612 0.960516 0.077450 0.049057
0.232414 0.679596 0.033257 0.028421
0.722582 0.883336 0.059303 0.020328
