0.178834 0.270419 0.070540 0.040685
0.064658 0.478588 0.073875 0.044089
0.493024 0.164452 0.074391 0.040560
0.280754 0.360972 0.083062 0.042558
0.066358 0.564535 0.069287 0.053389
0.275163 0.195160 0.069325 0.036789
0.277819 0.233877 0.068033 0.037486
0.060573 0.165920 0.066786 0.036896
0.927734 0.080742 0.074865 0.045597
0.494713 0.325718 0.067275 0.041652
0.273246 0.276892 0.079456 0.040678
0.170693 0.071686 0.068884 0.039700
0.934198 0.589789 0.075718 0.042484
0.174689 0.230743 0.078494 0.036225
0.400270 0.490437 0.071725 0.047078
0.064055 0.389642 0.064259 0.039471
0.703016 0.237087 0.069371 0.035254
0.812234 0.524538 0.077245 0.037287
0.930397 0.125374 0.073438 0.038337
0.603236 0.766906 0.074264 0.043790
0.805280 0.121806 0.069307 0.041452
0.593591 0.406099 0.072289 0.042516
0.056367 0.070809 0.064369 0.042822
0.929485 0.307799 0.061732 0.033347
0.930536 0.453014 0.064672 0.039417
0.934557 0.495116 0.069472 0.043242
0.494151 0.209871 0.062464 0.039599
0.497495 0.467554 0.068841 0.044622
0.487999 0.073806 0.066469 0.044173
0.271203 0.156647 0.072206 0.042561
0.501662 0.842858 0.075344 0.055463
0.933900 0.271276 0.074808 0.035462
0.717876 0.723973 0.075898 0.041866
0.172718 0.195256 0.078506 0.035956
0.392142 0.403628 0.066674 0.042985
0.715729 0.627159 0.075667 0.044371
0.600611 0.156181 0.079811 0.047228
0.923153 0.930588 0.076493 0.042874
0.816606 0.602214 0.068851 0.034901
0.931655 0.753582 0.075548 0.050366
0.173577 0.314007 0.072804 0.040618
0.381662 0.230371 0.093322 0.045657
0.816897 0.324360 0.063484 0.045696
0.600521 0.199752 0.073844 0.040802
0.180373 0.876479 0.079084 0.053141
0.933524 0.164875 0.057294 0.038415
0.162072 0.026780 0.078712 0.044096
0.613275 0.720875 0.070815 0.044009
0.932257 0.234997 0.070898 0.031485
0.711106 0.492030 0.063876 0.043251
0.812497 0.241052 0.058220 0.036687
0.164395 0.118014 0.060931 0.044605
0.603616 0.244334 0.071693 0.043955
0.397328 0.575448 0.076127 0.045943
0.059605 0.245269 0.057500 0.034800
0.604546 0.360327 0.073076 0.041530
0.810600 0.204269 0.061181 0.031080
0.594888 0.073844 0.064416 0.043345
0.069084 0.434666 0.073588 0.041820
0.823694 0.856981 0.053340 0.039255
0.928380 0.201782 0.064093 0.029325
0.057576 0.291591 0.066022 0.049586
0.487093 0.026207 0.062074 0.043243
0.818152 0.371425 0.064327 0.042326
0.498868 0.119907 0.065340 0.042210
0.171184 0.435456 0.064614 0.037661
0.599657 0.815043 0.080739 0.044565
0.712554 0.891911 0.084615 0.053135
0.059876 0.206006 0.056110 0.039590
0.076559 0.859818 0.090912 0.052097
0.938157 0.665720 0.058339 0.040842
0.179260 0.927516 0.065394 0.048260
0.934565 0.834687 0.075686 0.043446
0.708809 0.582466 0.061103 0.044196
0.815061 0.564699 0.064826 0.035907
0.390087 0.446865 0.057378 0.036167
0.715655 0.676340 0.061959 0.048046
0.930011 0.883124 0.062236 0.044592
0.171425 0.775931 0.079803 0.054744
0.927288 0.033885 0.075686 0.047171
0.171177 0.395711 0.058090 0.038068
0.168475 0.158872 0.068330 0.031283
0.171127 0.682000 0.070977 0.034746
0.813252 0.281543 0.062296 0.038324
0.173167 0.354943 0.059981 0.039194
0.389098 0.094980 0.076360 0.044487
0.592454 0.027428 0.054871 0.044991
0.933925 0.543679 0.057509 0.044648
0.395976 0.814244 0.062762 0.045801
0.389702 0.362914 0.065137 0.037451
0.712105 0.948874 0.091461 0.060604
0.706565 0.195994 0.057494 0.041920
0.498720 0.372130 0.066251 0.044687
0.825083 0.815340 0.064238 0.039122
0.177716 0.825029 0.064584 0.045362
0.061011 0.119480 0.062730 0.050244
0.706604 0.366179 0.058784 0.042536
0.289355 0.406317 0.064556 0.045063
0.065224 0.664718 0.066012 0.042072
0.935925 0.415390 0.070878 0.032504
0.607671 0.637473 0.063725 0.052940
0.495912 0.419067 0.060179 0.046665
0.705090 0.317687 0.060827 0.046935
0.602661 0.286833 0.055627 0.039453
0.812214 0.642550 0.054821 0.040775
0.397542 0.532967 0.073860 0.036823
0.607610 0.322193 0.056539 0.031516
0.713075 0.538306 0.076222 0.042042
0.716009 0.768880 0.067405 0.038977
0.698483 0.150482 0.059424 0.042979
0.168504 0.723942 0.075813 0.043120
0.927359 0.344795 0.090393 0.035237
0.600326 0.452748 0.059004 0.046659
0.704293 0.276143 0.060542 0.038068
0.278799 0.316694 0.058880 0.038365
0.813417 0.413370 0.064162 0.038295
0.073849 0.962129 0.075133 0.053356
0.071354 0.909892 0.074960 0.046516
0.801426 0.021642 0.059162 0.038163
0.176817 0.638416 0.062559 0.051482
0.171908 0.480588 0.061424 0.047219
0.807581 0.165755 0.049488 0.039278
0.614119 0.681584 0.073996 0.034677
0.503989 0.742414 0.065133 0.047645
0.065521 0.765224 0.077194 0.048919
0.382044 0.321031 0.053977 0.042234
0.053729 0.024943 0.058752 0.040390
0.926960 0.381517 0.067511 0.031557
0.599780 0.498073 0.060717 0.039847
0.501902 0.245932 0.062784 0.031039
0.605573 0.542576 0.060846 0.045580
0.813923 0.457282 0.055569 0.043776
0.399604 0.762444 0.065842 0.049824
0.506542 0.931777 0.075089 0.036416
0.395431 0.672736 0.084724 0.053293
0.381990 0.187918 0.068298 0.039900
0.491156 0.282222 0.058830 0.039809
0.821198 0.723279 0.051993 0.043415
0.613959 0.954731 0.077491 0.045678
0.934622 0.705531 0.054685 0.036240
0.507332 0.892720 0.059550 0.039422
0.061359 0.618213 0.058496 0.050013
0.809385 0.071754 0.072573 0.052031
0.937661 0.629271 0.053653 0.032569
0.933792 0.793582 0.070832 0.034053
0.508305 0.790723 0.054408 0.043481
0.379978 0.052330 0.056550 0.035399
0.825469 0.771436 0.050130 0.044770
0.710496 0.842915 0.053624 0.038862
0.179800 0.972593 0.057387 0.043294
0.065432 0.810514 0.057735 0.039133
0.062033 0.342354 0.050419 0.042616
0.397870 0.622761 0.066021 0.045009
0.383476 0.142679 0.080657 0.046347
0.827099 0.936618 0.063738 0.043430
0.704586 0.036321 0.077926 0.061252
0.497158 0.511295 0.059739 0.040452
0.824405 0.681343 0.058493 0.032593
0.700681 0.094816 0.059671 0.053673
0.387246 0.275410 0.075471 0.040272
0.395545 0.857582 0.060910 0.035358
0.173554 0.590209 0.062247 0.037105
0.596884 0.113724 0.053214 0.035036
0.827042 0.895958 0.055304 0.031959
0.500694 0.562213 0.062229 0.054901
0.066281 0.519377 0.072868 0.031303
0.713835 0.807187 0.061772 0.033776
0.503299 0.702096 0.058757 0.033474
0.701993 0.408968 0.065694 0.041745
0.271620 0.105996 0.059150 0.053981
0.497995 0.665958 0.061398 0.037234
0.701536 0.447593 0.064923 0.044507
0.619010 0.863869 0.072008 0.051612
0.931006 0.968434 0.066923 0.035953
0.608438 0.588597 0.052376 0.038579
0.612265 0.911537 0.050907 0.042374
0.173950 0.537654 0.064163 0.062204
0.399683 0.716620 0.076894 0.038216
0.378157 0.018807 0.052427 0.031795
0.061217 0.711749 0.051820 0.046124
0.512092 0.967693 0.055778 0.039012
0.816172 0.492923 0.051368 0.022836
0.497699 0.620722 0.056164 0.053043
0.819252 0.973152 0.052880 0.030685
0.397835 0.890176 0.048084 0.034009
