0.729357 0.546461 0.056488 0.038170
0.938385 0.270432 0.059573 0.042015
0.836593 0.890020 0.057151 0.043629
0.950991 0.770064 0.073169 0.046804
0.716145 0.259328 0.058785 0.039978
0.394040 0.507577 0.065481 0.042469
0.728496 0.931297 0.054878 0.035974
0.497191 0.442624 0.063526 0.042538
0.835791 0.932511 0.064292 0.038990
0.943465 0.397036 0.060783 0.040327
0.831904 0.498553 0.057997 0.043130
0.714913 0.163533 0.064930 0.049823
0.830014 0.620183 0.060974 0.040977
0.614030 0.608443 0.058411 0.039699
0.828030 0.538477 0.066609 0.034152
0.731937 0.772413 0.067241 0.037571
0.951499 0.722406 0.062313 0.047263
0.496687 0.486023 0.070970 0.044054
0.717078 0.336376 0.055844 0.044513
0.500313 0.160426 0.061433 0.042726
0.934373 0.158806 0.053572 0.039080
0.615201 0.569055 0.055286 0.038269
0.827521 0.414369 0.065050 0.039576
0.830788 0.295156 0.056749 0.036253
0.407170 0.883185 0.067981 0.036732
0.279572 0.237844 0.068759 0.041757
0.834335 0.577181 0.062545 0.040126
0.950386 0.560327 0.068350 0.044306
0.604200 0.115864 0.069804 0.046487
0.833567 0.691435 0.055965 0.042091
0.726529 0.507604 0.051122 0.034013
0.393694 0.729503 0.070433 0.041613
0.942366 0.315103 0.064890 0.044544
0.619587 0.961427 0.062822 0.034849
0.939443 0.229284 0.054324 0.040833
0.616034 0.923369 0.057363 0.039340
0.838277 0.846175 0.052785 0.036890
0.832265 0.332932 0.055547 0.038916
0.832446 0.221565 0.065052 0.041520
0.284115 0.198124 0.049266 0.036370
0.077485 0.256076 0.063875 0.039348
0.937180 0.120010 0.051919 0.038152
0.735559 0.634832 0.059711 0.048708
0.618999 0.711918 0.060033 0.039455
0.941456 0.926146 0.069042 0.039081
0.832738 0.453405 0.054583 0.039510
0.613530 0.883144 0.064283 0.042453
0.608111 0.375662 0.054864 0.042168
0.732959 0.724607 0.051073 0.048014
0.826104 0.066191 0.058425 0.041017
0.836727 0.971246 0.069750 0.037743
0.620832 0.837619 0.056500 0.044729
0.280442 0.124521 0.064419 0.045956
0.945876 0.819121 0.057648 0.039364
0.945264 0.515067 0.056269 0.039159
0.939008 0.078667 0.053598 0.035428
0.285995 0.765141 0.069334 0.043377
0.385372 0.255035 0.052595 0.042849
0.720123 0.215455 0.053991 0.043373
0.724390 0.470999 0.056469 0.036315
0.956118 0.472228 0.063178 0.039765
0.281982 0.352245 0.048902 0.040779
0.716351 0.380367 0.058966 0.043207
0.296207 0.806407 0.058731 0.039467
0.502365 0.956186 0.059889 0.044299
0.501076 0.615867 0.063712 0.041290
0.611214 0.241575 0.058047 0.039946
0.731610 0.680400 0.059641 0.037071
0.608734 0.331378 0.060414 0.046483
0.729695 0.586810 0.052686 0.044499
0.405480 0.921855 0.056194 0.041361
0.839162 0.804056 0.048968 0.038024
0.953902 0.603694 0.052357 0.038999
0.402902 0.847806 0.056130 0.037502
0.298463 0.846419 0.053419 0.039101
0.390390 0.426705 0.055257 0.038228
0.614792 0.753359 0.075557 0.043000
0.393861 0.468052 0.050452 0.037049
0.395406 0.554951 0.057138 0.050768
0.623948 0.794403 0.064951 0.037882
0.823677 0.105790 0.051080 0.037559
0.279978 0.075294 0.063329 0.049736
0.828201 0.182153 0.052825 0.032518
0.389772 0.690658 0.064678 0.036675
0.724984 0.854057 0.062654 0.043190
0.605535 0.415712 0.062266 0.038857
0.944274 0.887027 0.050024 0.034813
0.073776 0.216220 0.051312 0.037197
0.391817 0.770718 0.056669 0.042537
0.728984 0.812669 0.054418 0.038791
0.281020 0.530975 0.061097 0.042476
0.286528 0.164930 0.051954 0.029702
0.077501 0.325606 0.049702 0.041054
0.287391 0.574694 0.059390 0.045276
0.391518 0.387608 0.060683 0.040968
0.607675 0.454996 0.049677 0.039940
0.305802 0.921708 0.056509 0.041174
0.396600 0.809513 0.064279 0.038372
0.720168 0.426731 0.052159 0.046721
0.386848 0.343845 0.069515 0.048794
0.288883 0.715238 0.052792 0.050265
0.500117 0.530985 0.050020 0.040135
0.618352 0.678443 0.052129 0.028407
0.081376 0.529304 0.055375 0.035155
0.610846 0.159665 0.051225 0.036115
0.297742 0.882446 0.056320 0.038329
0.826822 0.146700 0.053264 0.034406
0.388625 0.298030 0.057850 0.044823
0.614743 0.527048 0.057841 0.039723
0.720499 0.297564 0.048579 0.033103
0.505391 0.864842 0.053610 0.050716
0.610067 0.287353 0.058876 0.041063
0.618390 0.645867 0.046826 0.038235
0.728819 0.964488 0.056237 0.029562
0.279709 0.491030 0.052926 0.038937
0.941325 0.193720 0.047872 0.028116
0.070028 0.177515 0.047986 0.039860
0.289556 0.662827 0.055418 0.050044
0.081129 0.826491 0.067523 0.041653
0.079959 0.569617 0.053169 0.043668
0.280993 0.424017 0.051704 0.035715
0.839116 0.764980 0.052334 0.036341
0.608516 0.075045 0.059551 0.037015
0.495797 0.733072 0.048253 0.045765
0.498700 0.117035 0.056548 0.042862
0.492464 0.337754 0.074891 0.029368
0.497324 0.404413 0.050963 0.036340
0.074625 0.615344 0.061375 0.045740
0.405058 0.962729 0.056007 0.039344
0.946414 0.434241 0.044482 0.030271
0.390670 0.079059 0.067668 0.044569
0.079703 0.490743 0.048299 0.037090
0.837081 0.731552 0.043534 0.031787
0.951314 0.640979 0.047096 0.028799
0.078582 0.291827 0.052878 0.031706
0.076103 0.783768 0.073188 0.046231
0.498257 0.573692 0.064596 0.042990
0.178637 0.090348 0.063826 0.044566
0.830116 0.372986 0.043484 0.039164
0.611576 0.199315 0.050001 0.039742
0.835699 0.654443 0.047237 0.028275
0.281315 0.314340 0.046430 0.035458
0.081499 0.736866 0.057012 0.041450
0.078538 0.449117 0.047769 0.044567
0.395905 0.604936 0.061206 0.046646
0.286100 0.035355 0.056109 0.033521
0.386739 0.168250 0.050028 0.035343
0.386087 0.127252 0.064731 0.049155
0.392671 0.649094 0.046072 0.040732
0.179095 0.042310 0.057674 0.048517
0.945462 0.965110 0.054123 0.040800
0.607747 0.038769 0.059946 0.040505
0.728755 0.896773 0.040627 0.032664
0.500394 0.689418 0.048955 0.041767
0.281570 0.390502 0.042599 0.032055
0.493618 0.300491 0.049753 0.044435
0.384092 0.208618 0.044237 0.044746
0.080497 0.360896 0.049122 0.028268
0.285126 0.278464 0.047318 0.036089
0.288822 0.617108 0.049964 0.037168
0.933656 0.039783 0.067581 0.039047
0.946751 0.357566 0.047838 0.035364
0.501763 0.653261 0.048176 0.032504
0.951940 0.675819 0.053426 0.038670
0.612488 0.489339 0.050652 0.032704
0.501828 0.911411 0.064322 0.042113
0.716537 0.079786 0.051150 0.038513
0.309405 0.960876 0.057722 0.039683
0.497055 0.042827 0.055902 0.048216
0.077988 0.402559 0.047251 0.045142
0.946431 0.854604 0.043384 0.029072
0.082718 0.691829 0.050708 0.048661
0.833352 0.259246 0.045188 0.024311
0.502735 0.817321 0.050643 0.042623
0.180797 0.133655 0.050663 0.043592
0.718756 0.117325 0.049645 0.037084
0.719501 0.038868 0.060522 0.038730
0.071559 0.137316 0.046978 0.040435
0.496490 0.253035 0.050086 0.046006
0.499317 0.368813 0.053661 0.031448
0.501057 0.200623 0.056413 0.037218
0.283391 0.456021 0.050906 0.027240
0.500516 0.080306 0.053343 0.031304
0.502846 0.775333 0.050867 0.041456
0.083574 0.654425 0.056060 0.033613
0.386468 0.039371 0.046179 0.037915
0.070994 0.091677 0.060638 0.047720
0.827964 0.030604 0.053775 0.022825
0.085839 0.874895 0.061989 0.049235
0.074191 0.045892 0.051240 0.041826
0.974274 0.047762 0.022525 0.020479
