0.613152 0.296088 0.063994 0.047084
0.285974 0.211398 0.052649 0.040338
0.600786 0.776357 0.068026 0.044426
0.060972 0.842727 0.066790 0.039860
0.924306 0.528838 0.055095 0.040122
0.827912 0.222864 0.049863 0.039333
0.172752 0.609844 0.058489 0.037361
0.395174 0.412770 0.064472 0.038996
0.604446 0.247591 0.068442 0.045476
0.164116 0.687998 0.065193 0.038750
0.172930 0.727264 0.063717 0.035830
0.605377 0.650461 0.065794 0.041223
0.821127 0.374194 0.053079 0.038972
0.379979 0.526684 0.062241 0.047477
0.723798 0.182156 0.053362 0.034429
0.175598 0.319089 0.054481 0.042220
0.603219 0.732589 0.055450 0.039961
0.817034 0.742271 0.061624 0.043688
0.926342 0.598199 0.062823 0.031249
0.065547 0.885966 0.054781 0.039372
0.713240 0.419294 0.063038 0.035864
0.603815 0.558519 0.081206 0.045630
0.714075 0.771818 0.062842 0.044117
0.273148 0.787414 0.058490 0.043471
0.067436 0.568851 0.055263 0.039265
0.927363 0.716869 0.049151 0.042196
0.070589 0.612971 0.052081 0.044769
0.925737 0.566862 0.055584 0.034229
0.175508 0.078903 0.072167 0.044990
0.502888 0.160916 0.074135 0.037706
0.938008 0.097450 0.065156 0.038096
0.605482 0.819631 0.061410 0.041892
0.385724 0.891222 0.057745 0.041900
0.174856 0.236235 0.054990 0.039582
0.491389 0.781141 0.059633 0.044336
0.166738 0.649560 0.052332 0.036867
0.824987 0.143229 0.060216 0.047230
0.815018 0.959351 0.060262 0.042039
0.066460 0.927148 0.060804 0.040226
0.709496 0.692773 0.062144 0.040018
0.597295 0.913770 0.059344 0.045245
0.287822 0.258652 0.057970 0.046850
0.606730 0.691554 0.061561 0.040543
0.070759 0.412893 0.065829 0.038554
0.481295 0.968485 0.077171 0.046597
0.498444 0.120832 0.054479 0.042566
0.500421 0.079260 0.064089 0.043498
0.491723 0.664412 0.053344 0.039272
0.825978 0.336479 0.055805 0.034267
0.827643 0.185890 0.051653 0.034774
0.925298 0.800455 0.049490 0.045689
0.276593 0.831097 0.053730 0.043599
0.929263 0.172736 0.050656 0.035502
0.174776 0.277332 0.052451 0.034814
0.384257 0.698455 0.058484 0.039701
0.498208 0.328405 0.064575 0.046405
0.825914 0.099952 0.052439 0.036659
0.927197 0.758171 0.050696 0.035103
0.708778 0.458846 0.054676 0.041418
0.603291 0.606500 0.066542 0.048549
0.931065 0.238372 0.054114 0.030518
0.403769 0.105881 0.059973 0.042609
0.068331 0.709292 0.060171 0.039687
0.394658 0.332878 0.055232 0.038549
0.387786 0.371499 0.058027 0.041656
0.273024 0.703515 0.057853 0.041736
0.285196 0.142260 0.049333 0.035578
0.387858 0.448498 0.051082 0.034065
0.382507 0.484340 0.049923 0.036022
0.171173 0.841445 0.056384 0.038424
0.715225 0.309348 0.050809 0.045005
0.815556 0.877703 0.052165 0.032726
0.273683 0.745071 0.052949 0.040494
0.822294 0.299465 0.050673 0.039871
0.930480 0.636372 0.052227 0.039404
0.601987 0.866059 0.050753 0.046233
0.288407 0.108886 0.052611 0.031324
0.070875 0.367500 0.071497 0.046415
0.063958 0.800649 0.049010 0.037818
0.929874 0.676095 0.048992 0.038271
0.825952 0.262762 0.046079 0.037718
0.825831 0.062208 0.050764 0.037530
0.496828 0.533227 0.059906 0.051330
0.286513 0.174161 0.045205 0.029573
0.710923 0.347338 0.057975 0.031263
0.169511 0.444466 0.060501 0.043145
0.066979 0.662679 0.050333 0.046136
0.069326 0.533697 0.050967 0.032024
0.389315 0.286689 0.072656 0.046498
0.712763 0.965716 0.051923 0.037858
0.711299 0.816359 0.055152 0.037959
0.285018 0.301018 0.051298 0.034451
0.616174 0.203822 0.047859 0.036828
0.487745 0.738313 0.054868 0.037418
0.723283 0.140859 0.046309 0.039375
0.922184 0.447345 0.056797 0.046734
0.711972 0.500243 0.053512 0.044019
0.070830 0.204622 0.053211 0.048707
0.381691 0.777087 0.066655 0.047075
0.070160 0.496737 0.048781 0.033802
0.381956 0.852555 0.049037 0.034758
0.725234 0.071216 0.058743 0.040948
0.926190 0.839392 0.050870 0.031439
0.401672 0.024357 0.068773 0.037106
0.381031 0.578461 0.061437 0.052754
0.070678 0.249437 0.051079 0.039543
0.817376 0.815640 0.055983 0.028721
0.168700 0.361702 0.056117 0.042047
0.169293 0.484485 0.062375 0.039789
0.496322 0.483415 0.054982 0.046056
0.069163 0.157648 0.075842 0.039395
0.386536 0.929599 0.053903 0.033712
0.488996 0.702114 0.050862 0.036840
0.168501 0.762628 0.063662 0.034134
0.812400 0.916772 0.043635 0.040022
0.288351 0.337451 0.050448 0.039413
0.398183 0.205477 0.050131 0.045234
0.933180 0.206429 0.052769 0.028919
0.170389 0.565353 0.055969 0.045244
0.073492 0.455012 0.051309 0.043856
0.707317 0.584024 0.053782 0.046537
0.711598 0.381786 0.058781 0.038311
0.610863 0.513968 0.061513 0.040045
0.817808 0.539936 0.050705 0.040186
0.397985 0.245140 0.048676 0.032248
0.283716 0.411330 0.055341 0.034641
0.930068 0.135554 0.042581 0.033781
0.491290 0.582369 0.063398 0.050077
0.918509 0.902513 0.053888 0.036659
0.497787 0.434090 0.073310 0.050632
0.814041 0.846687 0.056439 0.026083
0.499197 0.031830 0.064285 0.054634
0.494972 0.380753 0.053319 0.052312
0.919721 0.938251 0.048505 0.033219
0.277969 0.658870 0.046515 0.042124
0.713735 0.730158 0.050339 0.035243
0.070645 0.316806 0.050477 0.044379
0.607681 0.346923 0.057376 0.047236
0.064850 0.755703 0.050843 0.050154
0.820791 0.610428 0.047579 0.037971
0.403506 0.065509 0.049887 0.041796
0.929817 0.277838 0.049476 0.045569
0.712208 0.889782 0.052059 0.041976
0.712679 0.927626 0.045422 0.039922
0.816174 0.781528 0.041530 0.030893
0.923307 0.490182 0.048874 0.037534
0.707213 0.541075 0.047788 0.037631
0.264236 0.964178 0.065858 0.038696
0.283039 0.375107 0.065561 0.038332
0.063496 0.969026 0.048067 0.044895
0.073147 0.115756 0.056181 0.039829
0.918537 0.970706 0.040951 0.033005
0.182346 0.121977 0.052309 0.041092
0.069324 0.034733 0.054395 0.047529
0.167383 0.523328 0.057330 0.036742
0.172315 0.402536 0.060358 0.038349
0.271318 0.926733 0.046340 0.033128
0.388781 0.962789 0.056697 0.035168
0.489290 0.826120 0.052131 0.039603
0.505641 0.241747 0.047891 0.036870
0.815633 0.500697 0.051326 0.036911
0.168587 0.801291 0.061995 0.040865
0.282225 0.443638 0.049261 0.033248
0.604947 0.474695 0.049854 0.038176
0.491802 0.623436 0.054595 0.035793
0.504338 0.283348 0.045033 0.043930
0.072689 0.078878 0.048140 0.034384
0.721801 0.227586 0.061132 0.049525
0.489332 0.868432 0.050863 0.041597
0.402488 0.156301 0.055291 0.049274
0.592834 0.958803 0.053251 0.042309
0.276519 0.617216 0.050608 0.038562
0.382441 0.818238 0.050336 0.035929
0.721629 0.106418 0.041346 0.032165
0.286761 0.075237 0.045980 0.036432
0.932279 0.056486 0.057502 0.039450
0.174556 0.198394 0.043198 0.035732
0.485183 0.916756 0.049329 0.052153
0.708866 0.653097 0.052889 0.035809
0.717684 0.269826 0.044358 0.031638
0.176644 0.031340 0.051133 0.048954
0.930119 0.366576 0.049481 0.038280
0.817734 0.411711 0.044149 0.035897
0.621212 0.060018 0.045829 0.038446
0.165356 0.886746 0.061138 0.048396
0.601284 0.430419 0.054888 0.051119
0.820398 0.575781 0.044041 0.030821
0.273853 0.883147 0.055198 0.052538
0.606175 0.388314 0.053307 0.036584
0.926551 0.403901 0.045869 0.038368
0.281313 0.031342 0.054152 0.052660
0.930620 0.325416 0.043675 0.042252
0.618468 0.165280 0.052706 0.036038
0.385681 0.658133 0.053207 0.036942
0.818933 0.701438 0.041024 0.034038
0.929628 0.870248 0.060700 0.024532
0.823315 0.027122 0.041398 0.034511
0.708506 0.624255 0.044770 0.030819
0.391604 0.737490 0.072953 0.035948
0.615076 0.107352 0.062281 0.050759
0.274847 0.477222 0.051633 0.033823
0.933339 0.023534 0.049802 0.027373
0.715979 0.851399 0.048155 0.026775
0.820125 0.656488 0.053029 0.051095
0.177667 0.160307 0.044027 0.034446
0.815773 0.456432 0.055588 0.051311
0.384825 0.623750 0.052880 0.041007
0.075742 0.280065 0.045032 0.025422
0.622308 0.023699 0.045044 0.039023
0.168450 0.929014 0.055210 0.033167
0.728161 0.028281 0.053001 0.043076
0.166751 0.964273 0.064407 0.042393
0.276937 0.575737 0.052960 0.038028
0.499170 0.200062 0.059814 0.043642
0.286243 0.529603 0.070712 0.052919
