0.432918 0.396056 0.059338 0.035211
0.812665 0.821171 0.059119 0.027988
0.124464 0.697364 0.059088 0.027690
0.334074 0.318857 0.064744 0.037747
0.428125 0.535863 0.058502 0.027974
0.625681 0.642196 0.057917 0.036935
0.430646 0.465175 0.051975 0.035464
0.910180 0.881225 0.057850 0.031797
0.128955 0.603186 0.055477 0.033453
0.722832 0.727071 0.055706 0.035638
0.537369 0.420240 0.055261 0.029863
0.132636 0.493806 0.055283 0.033324
0.824805 0.572885 0.067430 0.029798
0.324720 0.620554 0.064628 0.029310
0.838568 0.295329 0.054503 0.030157
0.424640 0.690890 0.061869 0.030027
0.428801 0.503021 0.053741 0.028580
0.722495 0.658596 0.060984 0.025513
0.821214 0.711167 0.056024 0.033218
0.815727 0.892054 0.060493 0.037090
0.436940 0.359230 0.051772 0.033728
0.529421 0.682191 0.061549 0.029768
0.814855 0.855192 0.051449 0.030221
0.235553 0.423940 0.060420 0.028364
0.711482 0.893794 0.051675 0.034515
0.316589 0.779137 0.056066 0.031167
0.912770 0.843326 0.056841 0.034421
0.126862 0.733477 0.053423 0.038550
0.432584 0.431152 0.060823 0.027377
0.622052 0.790924 0.056276 0.033668
0.910864 0.715290 0.055958 0.030570
0.229005 0.461402 0.061604 0.032805
0.125047 0.568707 0.053605 0.029001
0.623692 0.713098 0.054821 0.030700
0.724215 0.590864 0.060205 0.040367
0.439855 0.215923 0.054682 0.028850
0.625645 0.544045 0.052078 0.031864
0.740035 0.236650 0.052867 0.034530
0.239070 0.292530 0.052715 0.031598
0.540588 0.190689 0.054726 0.030237
0.425866 0.655187 0.052575 0.026933
0.237939 0.191773 0.055381 0.038642
0.717840 0.855851 0.045368 0.031643
0.128458 0.639960 0.055062 0.032083
0.813576 0.785954 0.051172 0.032422
0.826255 0.537979 0.056174 0.030194
0.444449 0.249404 0.052116 0.033586
0.834106 0.333213 0.048138 0.038308
0.224641 0.606543 0.053308 0.033029
0.719005 0.691775 0.054356 0.028452
0.743352 0.305841 0.054730 0.029750
0.233107 0.390539 0.047884 0.032494
0.627751 0.893204 0.064016 0.041759
0.634436 0.368413 0.044865 0.028282
0.436085 0.324027 0.067061 0.031299
0.334476 0.416684 0.061454 0.034195
0.820870 0.609878 0.054171 0.031990
0.830408 0.469698 0.047176 0.035047
0.517693 0.790218 0.053982 0.028050
0.541459 0.340410 0.052452 0.035371
0.627868 0.578320 0.049000 0.029146
0.222621 0.532358 0.051649 0.027488
0.727671 0.548428 0.053718 0.035682
0.942563 0.241822 0.052114 0.026880
0.623560 0.510532 0.056442 0.029467
0.143149 0.353168 0.054949 0.032922
0.130049 0.532664 0.044879 0.033333
0.845953 0.230197 0.052229 0.030884
0.639517 0.155936 0.052801 0.025519
0.216850 0.747574 0.053087 0.032067
0.738241 0.201802 0.047224 0.029054
0.738725 0.413866 0.051638 0.028638
0.141780 0.294204 0.048457 0.032940
0.832023 0.404641 0.046107 0.032092
0.137382 0.388926 0.052959 0.031322
0.333943 0.253768 0.056213 0.032644
0.518161 0.859358 0.047623 0.028164
0.537214 0.381231 0.049257 0.038536
0.548975 0.274977 0.064710 0.032289
0.319969 0.553599 0.061645 0.026526
0.339069 0.151914 0.050420 0.029715
0.122827 0.770505 0.054004 0.028662
0.544573 0.129192 0.058915 0.026231
0.731144 0.488639 0.056938 0.030204
0.439680 0.184831 0.053443 0.026521
0.939890 0.296727 0.051503 0.022146
0.844477 0.198774 0.055275 0.026038
0.322561 0.685874 0.056239 0.028493
0.224434 0.565666 0.053797 0.032161
0.339864 0.187533 0.058204 0.032637
0.529904 0.545110 0.047586 0.034333
0.320358 0.717626 0.055271 0.026087
0.621196 0.852136 0.053525 0.026815
0.244110 0.154610 0.068426 0.034256
0.821199 0.645464 0.059336 0.024786
0.247594 0.119353 0.052886 0.029892
0.333704 0.223434 0.053114 0.028970
0.441487 0.288278 0.060250 0.036834
0.935783 0.391401 0.050727 0.028993
0.918568 0.581082 0.058141 0.024202
0.537165 0.481896 0.056620 0.025838
0.744481 0.098869 0.050629 0.037665
0.739821 0.342217 0.056311 0.029549
0.219621 0.645639 0.050350 0.035360
0.333234 0.284442 0.054268 0.028806
0.937149 0.327354 0.047233 0.030710
0.314170 0.867338 0.060832 0.023488
0.115682 0.839802 0.041885 0.031212
0.719066 0.628139 0.057753 0.023805
0.312653 0.842475 0.049438 0.024979
0.236753 0.325461 0.057695 0.034205
0.735583 0.272857 0.055412 0.029047
0.910785 0.677632 0.045363 0.028542
0.927356 0.515374 0.041595 0.035322
0.826587 0.505293 0.065141 0.028543
0.324290 0.493378 0.061429 0.036887
0.425228 0.817413 0.065388 0.028998
0.325372 0.587498 0.058149 0.031178
0.714265 0.826909 0.045943 0.022833
0.227447 0.496634 0.048030 0.036315
0.117064 0.869483 0.048235 0.029338
0.142117 0.260931 0.047398 0.029717
0.621495 0.680072 0.043813 0.026901
0.822836 0.674497 0.051695 0.029634
0.524066 0.716609 0.056045 0.032830
0.636949 0.245341 0.058996 0.025785
0.149764 0.110969 0.056193 0.031770
0.441700 0.157443 0.053430 0.025560
0.938905 0.360114 0.049724 0.026672
0.519945 0.823524 0.053761 0.033284
0.919177 0.613696 0.051935 0.027125
0.539515 0.095332 0.056463 0.035959
0.528125 0.512691 0.048854 0.026603
0.139868 0.462956 0.063664 0.029402
0.543356 0.161118 0.054567 0.026983
0.914037 0.776455 0.054311 0.027986
0.911836 0.808117 0.041542 0.029154
0.918286 0.647104 0.047015 0.026332
0.929913 0.484104 0.052579 0.026461
0.311141 0.895687 0.050870 0.029822
0.632621 0.451064 0.050633 0.031807
0.527435 0.614451 0.052732 0.026128
0.635885 0.334804 0.050308 0.030338
0.323079 0.653442 0.045024 0.025742
0.240461 0.229242 0.054785 0.030215
0.330376 0.356277 0.064830 0.028089
0.238269 0.258728 0.043927 0.031116
0.926496 0.458469 0.046661 0.026054
0.147676 0.188359 0.054459 0.029508
0.423953 0.623189 0.042309 0.026773
0.339770 0.119898 0.041373 0.028063
0.425001 0.785839 0.066285 0.024746
0.534591 0.646863 0.070446 0.036027
0.134564 0.426121 0.052292 0.035361
0.217039 0.715344 0.042329 0.029504
0.843883 0.263738 0.059936 0.024110
0.942507 0.157503 0.046245 0.023982
0.739221 0.169006 0.043513 0.030135
0.632505 0.421437 0.057525 0.022242
0.833572 0.369295 0.041181 0.030549
0.530124 0.580821 0.050574 0.030292
0.423594 0.722072 0.038581 0.026021
0.242391 0.086922 0.050758 0.033087
0.816637 0.749172 0.049245 0.032586
0.635106 0.305108 0.041206 0.025797
0.117652 0.807341 0.043423 0.028542
0.921865 0.550683 0.044810 0.025895
0.623174 0.484185 0.042802 0.025802
0.541405 0.307525 0.041402 0.029137
0.327273 0.456297 0.041470 0.035199
0.313100 0.812865 0.041249 0.027154
0.214143 0.888973 0.049320 0.035362
0.520394 0.753595 0.037609 0.034065
0.216317 0.813585 0.060999 0.031038
0.234327 0.358810 0.046091 0.025466
0.534266 0.450558 0.039541 0.025696
0.112657 0.897041 0.058106 0.025867
0.943787 0.127147 0.051690 0.029952
0.846641 0.137120 0.061305 0.026029
0.739292 0.377634 0.038595 0.032505
0.930077 0.425250 0.047271 0.030457
0.622774 0.749499 0.043242 0.031338
0.317546 0.744661 0.045973 0.024067
0.942996 0.211814 0.045555 0.024683
0.848749 0.104769 0.049077 0.037663
0.343475 0.087741 0.048736 0.031701
0.912844 0.745423 0.038113 0.026336
0.940620 0.270023 0.044469 0.023182
0.718054 0.762507 0.044704 0.025016
0.644147 0.126842 0.048067 0.020506
0.639336 0.095919 0.046114 0.033161
0.741398 0.137259 0.042371 0.030569
0.730079 0.517726 0.055861 0.020735
0.215751 0.849823 0.053666 0.037684
0.909558 0.911636 0.046319 0.024352
0.143493 0.225100 0.061103 0.034808
0.622252 0.823295 0.059462 0.020514
0.215765 0.781062 0.050940 0.025931
0.716551 0.795511 0.041249 0.029894
0.145848 0.148284 0.047289 0.039328
0.629742 0.397009 0.041401 0.019816
0.627792 0.607182 0.054530 0.019412
0.943225 0.183785 0.036908 0.024663
0.542663 0.241611 0.040840 0.023947
0.128307 0.667433 0.051151 0.019112
0.942805 0.098696 0.049598 0.025503
0.517288 0.890704 0.039449 0.030101
0.439945 0.124135 0.049441 0.030710
0.833034 0.437651 0.055427 0.023424
0.542093 0.216838 0.047695 0.018408
0.424910 0.597023 0.041446 0.019618
0.418108 0.900675 0.041160 0.023395
0.331038 0.383918 0.066200 0.023370
0.843744 0.167436 0.044220 0.029724
0.644442 0.182298 0.047225 0.020686
0.429334 0.566028 0.057426 0.029377
0.438469 0.090183 0.040920 0.028689
0.220255 0.682013 0.044658 0.032017
0.321449 0.526185 0.053907 0.029325
0.734763 0.449812 0.058855 0.036241
0.636495 0.275229 0.053068 0.028544
0.642497 0.213473 0.061576 0.034147
0.433018 0.752896 0.073207 0.033263
0.420174 0.849745 0.059713 0.027138
0.418515 0.875994 0.044388 0.018030
0.155084 0.080200 0.052308 0.026128
0.138043 0.323973 0.037953 0.017558
