0.485515 0.795374 0.063676 0.037644
0.816056 0.864237 0.068647 0.040547
0.925257 0.745173 0.059292 0.036403
0.175878 0.246721 0.063850 0.038431
0.072053 0.160730 0.061079 0.038912
0.065921 0.754743 0.060619 0.039944
0.931802 0.626503 0.061980 0.042608
0.620487 0.134469 0.064501 0.036511
0.592489 0.581300 0.071287 0.039103
0.181206 0.171859 0.059930 0.039987
0.820021 0.777801 0.066978 0.038358
0.483745 0.660759 0.066831 0.038320
0.377852 0.827730 0.052322 0.033917
0.819251 0.620372 0.064959 0.042421
0.395665 0.268014 0.069303 0.041964
0.487224 0.834363 0.056555 0.034198
0.598934 0.541180 0.056630 0.036766
0.484213 0.758975 0.060997 0.032079
0.373969 0.867325 0.059387 0.041545
0.832181 0.105274 0.074241 0.048093
0.810443 0.906024 0.058186 0.036789
0.813131 0.819627 0.062290 0.041549
0.506690 0.318111 0.069157 0.046112
0.934278 0.474964 0.063146 0.045291
0.821790 0.346851 0.053859 0.035668
0.599303 0.501560 0.053608 0.039288
0.278029 0.695477 0.058701 0.041697
0.485822 0.618700 0.064311 0.041020
0.277410 0.739088 0.066415 0.041693
0.069643 0.550756 0.063722 0.041074
0.714183 0.394909 0.058598 0.043194
0.072467 0.354251 0.065289 0.039559
0.179444 0.286319 0.058132 0.038012
0.178597 0.209052 0.066196 0.032220
0.072658 0.118703 0.066100 0.043006
0.071738 0.427150 0.062362 0.036238
0.831412 0.061252 0.063094 0.041283
0.071659 0.635893 0.058078 0.041526
0.062565 0.907725 0.056952 0.043129
0.068787 0.828712 0.064971 0.030206
0.400167 0.120680 0.057509 0.035324
0.073747 0.277248 0.056871 0.043793
0.721731 0.077007 0.069122 0.047164
0.609032 0.218599 0.064241 0.043859
0.702426 0.728410 0.059619 0.038273
0.378972 0.791730 0.052125 0.033995
0.392905 0.227083 0.062287 0.038066
0.285702 0.314929 0.073088 0.043184
0.928591 0.581826 0.057394 0.038814
0.817588 0.699820 0.051722 0.040931
0.512517 0.072799 0.057361 0.041087
0.503786 0.236364 0.056324 0.043449
0.821191 0.386107 0.057500 0.040673
0.064165 0.864834 0.053206 0.034072
0.696543 0.921377 0.061394 0.035998
0.928823 0.929407 0.056559 0.040878
0.830011 0.149242 0.059093 0.032686
0.816110 0.740118 0.060615 0.037878
0.284779 0.154054 0.051229 0.036590
0.075137 0.680370 0.061924 0.042098
0.928130 0.849012 0.070143 0.043307
0.704305 0.616629 0.054062 0.038523
0.938086 0.185750 0.061970 0.038594
0.066130 0.508019 0.077608 0.043068
0.477472 0.898817 0.062621 0.035585
0.486036 0.695033 0.062107 0.029626
0.591509 0.619434 0.065875 0.034248
0.277036 0.654378 0.052201 0.036581
0.927871 0.428000 0.048485 0.039809
0.588477 0.968432 0.059378 0.039095
0.818748 0.261027 0.066206 0.047810
0.390653 0.342786 0.060075 0.040323
0.272879 0.816106 0.058262 0.038880
0.288357 0.230710 0.051813 0.037241
0.602162 0.375644 0.057433 0.042762
0.511932 0.112365 0.056642 0.036665
0.820823 0.304353 0.058583 0.038889
0.929436 0.667877 0.053404 0.037414
0.269613 0.939929 0.053922 0.032867
0.591526 0.697311 0.050611 0.043066
0.174736 0.629314 0.058615 0.038619
0.598469 0.458306 0.059458 0.045622
0.491953 0.574864 0.060292 0.042092
0.505630 0.149042 0.050630 0.032255
0.284203 0.112282 0.053035 0.041869
0.284220 0.423048 0.054525 0.033292
0.171041 0.473600 0.047373 0.037935
0.510711 0.028592 0.061675 0.041149
0.384855 0.753440 0.058274 0.038549
0.610177 0.261012 0.054722 0.037087
0.934826 0.223564 0.053407 0.030846
0.933163 0.255342 0.059064 0.031300
0.829446 0.426461 0.056581 0.037854
0.727102 0.121115 0.056401 0.035218
0.498102 0.402072 0.060737 0.039733
0.927609 0.889062 0.057817 0.037180
0.477776 0.936395 0.062690 0.034838
0.926079 0.354167 0.053541 0.034211
0.067870 0.794974 0.059270 0.034471
0.075007 0.236699 0.049689 0.033259
0.072258 0.392434 0.061394 0.035505
0.169122 0.373585 0.073810 0.035364
0.827084 0.466057 0.062910 0.039724
0.075259 0.467672 0.062013 0.038591
0.286319 0.356250 0.057270 0.035490
0.176571 0.328852 0.057079 0.047688
0.494663 0.448063 0.058226 0.045102
0.170736 0.863423 0.047301 0.034786
0.401463 0.157597 0.069673 0.035430
0.069432 0.593970 0.060943 0.036238
0.165396 0.745340 0.065926 0.043089
0.385552 0.505251 0.053784 0.044592
0.589015 0.897562 0.052527 0.038263
0.071352 0.202115 0.049989 0.037273
0.705532 0.439001 0.064867 0.039274
0.714919 0.349909 0.054281 0.041946
0.702480 0.691470 0.047135 0.033316
0.161286 0.788736 0.069128 0.043866
0.930691 0.287956 0.049893 0.033003
0.702919 0.655011 0.051108 0.033344
0.723264 0.158974 0.053608 0.035792
0.501947 0.188804 0.060956 0.044413
0.403809 0.023108 0.068313 0.036383
0.274801 0.779186 0.053209 0.033081
0.587862 0.932722 0.053146 0.032733
0.170106 0.949101 0.051185 0.038823
0.945525 0.074374 0.055772 0.040338
0.816103 0.940872 0.051511 0.034476
0.285825 0.067993 0.052997 0.043938
0.266333 0.972673 0.059271 0.035552
0.390427 0.420020 0.058325 0.051415
0.372805 0.907218 0.059249 0.036108
0.706476 0.580694 0.048659 0.032238
0.593997 0.655782 0.055379 0.036045
0.502393 0.275581 0.053397 0.032974
0.938424 0.147228 0.046110 0.031496
0.819256 0.972195 0.054707 0.030756
0.278802 0.464937 0.051024 0.040289
0.704357 0.960807 0.052200 0.039343
0.593149 0.739818 0.061268 0.037273
0.926047 0.782007 0.046810 0.036450
0.279276 0.509539 0.052725 0.043463
0.820530 0.661756 0.046295 0.033766
0.481973 0.970703 0.059125 0.034020
0.066714 0.949790 0.049827 0.036448
0.272855 0.857548 0.044598 0.035287
0.941669 0.034914 0.053328 0.035665
0.713115 0.515752 0.048912 0.034375
0.280550 0.551212 0.048230 0.039636
0.701568 0.814637 0.053297 0.047961
0.171145 0.827954 0.047533 0.032303
0.928609 0.389502 0.047201 0.033000
0.827650 0.187786 0.053671 0.040822
0.930163 0.320840 0.046751 0.032215
0.929080 0.706566 0.047644 0.038094
0.591091 0.854073 0.057759 0.045485
0.702794 0.767693 0.055488 0.041480
0.932626 0.965697 0.052405 0.032691
0.486093 0.726580 0.048889 0.029316
0.278298 0.592230 0.050128 0.035471
0.183901 0.132887 0.053782 0.036574
0.828590 0.221963 0.056200 0.027030
0.713511 0.307470 0.047025 0.036143
0.172205 0.437473 0.050881 0.030489
0.183442 0.061489 0.066100 0.026298
0.172750 0.670642 0.063823 0.036903
0.939134 0.112744 0.054921 0.036223
0.391617 0.307275 0.050562 0.035714
0.706236 0.479574 0.048703 0.037075
0.401136 0.089284 0.046245 0.029648
0.074177 0.077331 0.045590 0.036161
0.397463 0.058045 0.049865 0.033398
0.725392 0.030002 0.059541 0.042309
0.717440 0.265373 0.051450 0.043439
0.283704 0.392082 0.046412 0.029601
0.490519 0.490566 0.062490 0.036225
0.173076 0.587859 0.059970 0.040198
0.169864 0.517225 0.077127 0.047880
0.601781 0.415872 0.055331 0.033433
0.836736 0.025624 0.059330 0.030566
0.073990 0.717873 0.053594 0.030135
0.496127 0.361818 0.049398 0.037374
0.825612 0.539098 0.053199 0.039304
0.588876 0.775301 0.050694 0.037816
0.824582 0.577331 0.062766 0.036828
0.487638 0.530388 0.050285 0.046124
0.287530 0.192208 0.059192 0.037370
0.381889 0.603986 0.053040 0.046214
0.609365 0.293955 0.050588 0.034178
0.380102 0.938452 0.056567 0.025916
0.590607 0.812292 0.049313 0.034961
0.174994 0.904584 0.051025 0.044305
0.486384 0.866593 0.054286 0.025713
0.392873 0.191613 0.045676 0.029813
0.172836 0.408924 0.048321 0.027900
0.188587 0.024926 0.052837 0.038329
0.615481 0.097343 0.053366 0.038268
0.607628 0.332123 0.043889 0.041261
0.698341 0.886088 0.049059 0.032601
0.073670 0.035226 0.048530 0.043532
0.381487 0.965326 0.058875 0.030078
0.186250 0.095770 0.051800 0.038362
0.287233 0.269519 0.048788 0.038131
0.721308 0.195771 0.047718 0.033206
0.276418 0.623178 0.042999 0.024518
0.079120 0.317066 0.062784 0.030452
0.287672 0.026748 0.054229 0.038534
0.827989 0.502538 0.049469 0.035374
0.390668 0.464500 0.050851 0.031887
0.374904 0.718944 0.056387 0.028752
0.699030 0.856187 0.044554 0.030524
0.162857 0.551576 0.062047 0.031692
0.620904 0.060149 0.045440 0.036038
0.929625 0.546718 0.053192 0.032993
0.378829 0.686815 0.047724 0.037067
0.621131 0.026154 0.054941 0.030637
0.378331 0.647368 0.048718 0.041430
0.924737 0.813247 0.051194 0.030563
0.385408 0.540702 0.053956 0.031241
0.175084 0.707822 0.061935 0.032204
0.614860 0.173460 0.057144 0.039560
0.393754 0.380395 0.048505 0.028009
0.720640 0.226544 0.050012 0.032873
0.930300 0.517641 0.050758 0.033472
0.384694 0.568767 0.046733 0.027898
0.709628 0.549578 0.041394 0.032042
0.270396 0.900088 0.052523 0.043975
0.319626 0.773978 0.027271 0.027201
