0.281782 0.622327 0.063291 0.034605
0.164188 0.884334 0.056161 0.033067
0.381403 0.620927 0.058365 0.040863
0.271893 0.884652 0.057390 0.032704
0.069045 0.356803 0.057564 0.039498
0.384793 0.367156 0.060883 0.047066
0.065163 0.893800 0.065198 0.038697
0.164566 0.656142 0.061538 0.041567
0.826743 0.460924 0.059879 0.037152
0.931851 0.861125 0.063014 0.036539
0.378390 0.737738 0.081632 0.045016
0.936143 0.587659 0.067914 0.041440
0.932712 0.796558 0.055216 0.038051
0.068258 0.398210 0.047494 0.041154
0.942801 0.234807 0.058783 0.036987
0.270327 0.768832 0.066974 0.044653
0.062866 0.281168 0.056404 0.035127
0.940750 0.198241 0.052734 0.034528
0.163396 0.850793 0.060327 0.032454
0.821987 0.388860 0.058508 0.034917
0.938610 0.164558 0.063779 0.034252
0.068988 0.440439 0.057544 0.033273
0.174223 0.941399 0.059130 0.026666
0.276197 0.257575 0.065856 0.038643
0.384383 0.319982 0.059409 0.044270
0.936795 0.940138 0.056994 0.034787
0.373379 0.914494 0.072646 0.044655
0.604048 0.529092 0.052468 0.039087
0.939684 0.546745 0.051355 0.039476
0.934583 0.753897 0.053210 0.043076
0.827082 0.769391 0.069000 0.034870
0.595383 0.689294 0.072013 0.046252
0.270801 0.444732 0.073974 0.043321
0.068168 0.678842 0.050006 0.039124
0.162463 0.814972 0.051953 0.036841
0.824559 0.839510 0.050801 0.038786
0.170250 0.915040 0.054432 0.025055
0.068766 0.318020 0.055217 0.034035
0.067723 0.519215 0.068278 0.037062
0.605445 0.490629 0.052754 0.037260
0.165839 0.581188 0.050005 0.041944
0.374435 0.699076 0.075614 0.037656
0.062246 0.822113 0.054522 0.038504
0.273852 0.659899 0.050663 0.035704
0.379749 0.532723 0.067510 0.044693
0.270072 0.920775 0.049758 0.036246
0.163567 0.732375 0.052184 0.044573
0.937047 0.670056 0.051991 0.047729
0.612809 0.182470 0.063051 0.041520
0.828046 0.937731 0.052854 0.026501
0.603912 0.643125 0.059426 0.041222
0.941908 0.506957 0.057332 0.041659
0.494962 0.257954 0.061215 0.048359
0.726590 0.072891 0.058894 0.041370
0.169232 0.617421 0.053755 0.033446
0.387079 0.491407 0.057341 0.036664
0.937524 0.900438 0.046802 0.040727
0.614414 0.267369 0.061179 0.036253
0.930527 0.973531 0.069612 0.033681
0.169645 0.034786 0.084511 0.047727
0.599643 0.600854 0.064591 0.037801
0.270479 0.400965 0.065775 0.040777
0.828566 0.259507 0.058331 0.041417
0.599426 0.774319 0.060285 0.048139
0.939178 0.275505 0.051033 0.042069
0.935330 0.089306 0.061011 0.042680
0.067708 0.719724 0.051108 0.036771
0.393150 0.149968 0.054846 0.035739
0.274622 0.589015 0.053023 0.029144
0.166322 0.491318 0.055419 0.039080
0.937989 0.427910 0.055450 0.040168
0.611270 0.227139 0.071762 0.041350
0.826279 0.424149 0.048075 0.034719
0.279450 0.220296 0.049926 0.031825
0.937905 0.354770 0.057556 0.043367
0.825452 0.906725 0.052471 0.033949
0.380177 0.660798 0.048578 0.034830
0.279152 0.185907 0.050350 0.034681
0.075478 0.477903 0.045723 0.038988
0.386172 0.576817 0.052200 0.038242
0.593411 0.731742 0.055733 0.036649
0.275709 0.526909 0.051714 0.036437
0.268859 0.849558 0.048007 0.034498
0.274943 0.487908 0.051714 0.036769
0.277149 0.559165 0.046511 0.028344
0.387875 0.410138 0.056902 0.036380
0.825945 0.804211 0.049876 0.033524
0.062906 0.194475 0.054018 0.046256
0.074379 0.556934 0.045849 0.036892
0.277329 0.362050 0.056799 0.030719
0.388589 0.232520 0.049202 0.045330
0.827121 0.663525 0.048024 0.037612
0.374877 0.877632 0.073660 0.025779
0.392128 0.187550 0.055255 0.041282
0.826154 0.701631 0.053191 0.037324
0.825022 0.345412 0.053418 0.044829
0.494463 0.307053 0.051974 0.045371
0.829989 0.966848 0.045905 0.029930
0.166000 0.452060 0.045550 0.036744
0.493407 0.434638 0.062387 0.048130
0.720216 0.197146 0.057894 0.035146
0.164642 0.536372 0.050483 0.045011
0.934128 0.713258 0.054656 0.037820
0.829968 0.734137 0.050645 0.029885
0.060663 0.149444 0.059643 0.043166
0.273210 0.694255 0.048935 0.037408
0.605880 0.452963 0.050117 0.038404
0.270704 0.812013 0.049851 0.040346
0.060890 0.110675 0.058506 0.037634
0.833744 0.064325 0.055397 0.040233
0.941507 0.128876 0.048045 0.031225
0.830810 0.217910 0.046785 0.039623
0.166778 0.391338 0.055583 0.031532
0.065956 0.858940 0.045625 0.031211
0.504709 0.208270 0.052757 0.045945
0.940852 0.040689 0.057082 0.051077
0.941808 0.391908 0.054276 0.031298
0.603242 0.566393 0.060373 0.030531
0.605559 0.412198 0.049840 0.041027
0.062513 0.074145 0.064305 0.035174
0.380201 0.958995 0.049536 0.041698
0.177029 0.968186 0.063032 0.027283
0.824631 0.876038 0.046253 0.031265
0.832174 0.301221 0.058582 0.042372
0.286415 0.077787 0.058605 0.039497
0.832731 0.104615 0.064423 0.038614
0.173642 0.078588 0.049954 0.036886
0.938689 0.627546 0.050165 0.037727
0.380030 0.844797 0.053868 0.039073
0.826175 0.552086 0.054024 0.046428
0.385119 0.277517 0.058706 0.043637
0.273579 0.728974 0.043108 0.031198
0.715976 0.279392 0.060786 0.045956
0.606774 0.305139 0.050328 0.037549
0.824192 0.505763 0.059599 0.046426
0.940444 0.313208 0.048801 0.036887
0.938939 0.467448 0.048537 0.038451
0.278322 0.294160 0.044785 0.035223
0.720929 0.235377 0.056027 0.041694
0.831163 0.142823 0.047925 0.039615
0.061843 0.787474 0.038067 0.033658
0.167652 0.287196 0.045211 0.036816
0.282157 0.147420 0.052910 0.043442
0.169491 0.694892 0.048593 0.025784
0.715890 0.157277 0.057748 0.042867
0.064338 0.239380 0.049137 0.045065
0.273694 0.959039 0.046492 0.028153
0.275874 0.328792 0.037153 0.031009
0.392998 0.071213 0.041301 0.032262
0.386321 0.450357 0.048838 0.041971
0.073757 0.634947 0.048393 0.045031
0.167084 0.420386 0.046429 0.023700
0.605740 0.371412 0.047926 0.043691
0.935195 0.829198 0.050283 0.028988
0.164782 0.126202 0.072894 0.053410
0.072391 0.594419 0.040860 0.033272
0.826272 0.628218 0.041821 0.029690
0.169047 0.249273 0.046365 0.039823
0.720931 0.114177 0.056344 0.038692
0.166722 0.326380 0.046933 0.041874
0.489666 0.390614 0.056338 0.037640
0.287407 0.033840 0.056950 0.045433
0.378655 0.780751 0.048271 0.038137
0.608402 0.335043 0.048882 0.028102
0.065556 0.034098 0.047131 0.043584
0.167293 0.361088 0.043743 0.029442
0.394414 0.034216 0.057230 0.042754
0.826902 0.596191 0.041754 0.033603
0.612516 0.140755 0.050037 0.038480
0.165291 0.775815 0.045792 0.041156
0.286934 0.109663 0.055597 0.033122
0.720869 0.032573 0.054738 0.041800
0.065729 0.755149 0.040001 0.032290
0.836975 0.026488 0.041239 0.032147
0.070894 0.931890 0.057374 0.031579
0.831949 0.181663 0.046360 0.035764
0.171534 0.214126 0.048349 0.026022
0.501086 0.163795 0.054127 0.044453
0.612113 0.072016 0.045877 0.033005
0.379203 0.810794 0.043265 0.028581
0.391747 0.110807 0.064227 0.043773
0.167437 0.175379 0.063519 0.044788
0.609541 0.105387 0.042740 0.036887
0.073693 0.956523 0.049830 0.030644
0.502161 0.125341 0.047058 0.031453
0.501667 0.349173 0.067825 0.036667
0.610672 0.033555 0.041209 0.039650
