0.069517 0.832006 0.065091 0.038778
0.839618 0.335931 0.064708 0.039902
0.062798 0.452701 0.063252 0.040694
0.061825 0.293271 0.057525 0.033035
0.064527 0.873340 0.067090 0.041218
0.380887 0.384586 0.056539 0.039590
0.175103 0.696710 0.071490 0.040051
0.274541 0.491751 0.063812 0.036989
0.601315 0.370305 0.061498 0.038279
0.601990 0.458315 0.057528 0.039041
0.061733 0.194117 0.058226 0.038868
0.064353 0.154043 0.056218 0.039544
0.928466 0.904893 0.051991 0.031687
0.067672 0.792816 0.059336 0.039444
0.061941 0.496160 0.068162 0.044889
0.067298 0.114774 0.059631 0.035675
0.935682 0.490918 0.060251 0.039422
0.599911 0.413427 0.066971 0.045216
0.830307 0.069055 0.081160 0.042643
0.930419 0.369473 0.064791 0.037662
0.603498 0.498945 0.062744 0.038928
0.060694 0.332889 0.052521 0.041337
0.272293 0.348049 0.061326 0.032083
0.274501 0.313611 0.055469 0.034406
0.595240 0.808489 0.057079 0.037717
0.701867 0.837417 0.054828 0.032241
0.277563 0.736188 0.055133 0.036418
0.588936 0.844721 0.062625 0.037035
0.930974 0.328130 0.062626 0.039400
0.833180 0.142165 0.060338 0.043484
0.833775 0.026498 0.076282 0.035998
0.939019 0.180799 0.064274 0.033316
0.813012 0.972695 0.063591 0.034078
0.830401 0.446705 0.052677 0.034179
0.837880 0.296485 0.048861 0.033609
0.605456 0.538948 0.065354 0.041250
0.381964 0.840253 0.062934 0.032887
0.064472 0.413621 0.078854 0.037309
0.599412 0.329030 0.054048 0.038340
0.060535 0.258377 0.061368 0.032308
0.066716 0.652101 0.056440 0.033027
0.715985 0.105178 0.060618 0.041785
0.496816 0.211279 0.051751 0.036751
0.928052 0.939260 0.074072 0.032952
0.064107 0.373859 0.050467 0.037088
0.935653 0.451612 0.053084 0.038203
0.390130 0.228137 0.054622 0.038670
0.594129 0.615785 0.064100 0.042859
0.171921 0.278214 0.053547 0.039615
0.706164 0.648038 0.052297 0.033808
0.063924 0.688995 0.065010 0.040503
0.279156 0.076844 0.059236 0.041645
0.389768 0.112084 0.050118 0.039715
0.604757 0.072075 0.080662 0.034619
0.273718 0.530542 0.052504 0.036978
0.282416 0.769835 0.058551 0.033021
0.071504 0.959558 0.086225 0.047820
0.068477 0.075624 0.051930 0.034623
0.698015 0.928967 0.051446 0.024438
0.817246 0.937574 0.048762 0.036255
0.835018 0.221842 0.053020 0.035583
0.167315 0.461067 0.067758 0.041848
0.069138 0.915291 0.070930 0.040378
0.500458 0.170088 0.054472 0.041097
0.284778 0.034262 0.056038 0.041712
0.933943 0.289690 0.054322 0.037725
0.171626 0.387694 0.055267 0.039685
0.385616 0.806062 0.059514 0.035117
0.275709 0.670178 0.049227 0.035626
0.700253 0.961993 0.047290 0.038015
0.387019 0.878188 0.051363 0.039008
0.607151 0.239581 0.058319 0.043524
0.838697 0.182812 0.052424 0.039409
0.821937 0.893731 0.050178 0.044582
0.836912 0.260573 0.044345 0.037153
0.277713 0.945504 0.048682 0.031132
0.601783 0.576752 0.059502 0.034461
0.827503 0.779203 0.053602 0.042106
0.279333 0.703514 0.056018 0.027499
0.172807 0.317628 0.051110 0.041231
0.390028 0.153592 0.051170 0.036782
0.714292 0.144223 0.053083 0.035250
0.595283 0.771757 0.050268 0.035518
0.607236 0.200503 0.060350 0.036194
0.606611 0.031460 0.061889 0.040899
0.701728 0.801964 0.051579 0.036718
0.281074 0.420036 0.050775 0.040203
0.383208 0.347789 0.053408 0.033417
0.276652 0.570433 0.052548 0.037522
0.717590 0.361106 0.055126 0.033141
0.931932 0.410169 0.048933 0.040367
0.831054 0.375500 0.049387 0.035604
0.170034 0.655801 0.047851 0.040085
0.276922 0.380781 0.054481 0.034173
0.493158 0.910353 0.052166 0.035569
0.492357 0.829508 0.051300 0.036950
0.167445 0.069343 0.055807 0.033389
0.483379 0.951783 0.084731 0.048704
0.935473 0.711819 0.053384 0.035806
0.173477 0.243314 0.056696 0.031313
0.278060 0.115500 0.049326 0.035000
0.594598 0.907272 0.059513 0.028807
0.699659 0.899203 0.046964 0.029219
0.601493 0.286093 0.054853 0.044278
0.489432 0.589141 0.057826 0.045062
0.275491 0.637607 0.049328 0.029539
0.380525 0.461108 0.064033 0.038524
0.377469 0.535579 0.054432 0.040411
0.067492 0.575865 0.055667 0.041329
0.931432 0.670699 0.057654 0.040669
0.279065 0.804869 0.056074 0.037479
0.061556 0.228191 0.052635 0.027564
0.936611 0.146900 0.058214 0.028856
0.830012 0.516099 0.049761 0.040715
0.928339 0.072356 0.048916 0.036458
0.716523 0.029346 0.049840 0.038202
0.384816 0.312896 0.056391 0.035025
0.929995 0.111865 0.045065 0.034537
0.389986 0.035009 0.053615 0.041820
0.831040 0.589477 0.046475 0.035580
0.703126 0.868596 0.046174 0.030526
0.176838 0.914649 0.049158 0.034890
0.609318 0.159861 0.062323 0.048490
0.283323 0.842028 0.051505 0.039052
0.829250 0.479711 0.045401 0.031478
0.828266 0.703117 0.050675 0.045651
0.069372 0.615193 0.047022 0.040260
0.831240 0.553088 0.045147 0.030988
0.489409 0.711999 0.056808 0.042486
0.600529 0.936057 0.068515 0.029267
0.280258 0.880550 0.048225 0.037466
0.273972 0.271917 0.052966 0.043624
0.712778 0.507622 0.048910 0.035293
0.826178 0.854452 0.047380 0.033542
0.176628 0.352734 0.049399 0.028714
0.168397 0.564493 0.047683 0.028099
0.710502 0.427271 0.050358 0.039555
0.928644 0.572148 0.047394 0.031038
0.502716 0.290928 0.056189 0.042569
0.391199 0.189820 0.046445 0.032894
0.169657 0.032268 0.049933 0.039176
0.827869 0.411479 0.046943 0.034518
0.705888 0.680734 0.048622 0.030931
0.067197 0.036133 0.056400 0.043578
0.933962 0.253383 0.043292 0.035602
0.714348 0.069994 0.055498 0.030786
0.590599 0.662036 0.055486 0.046092
0.491966 0.477620 0.079727 0.045964
0.715292 0.469772 0.050086 0.040433
0.164403 0.501835 0.058696 0.039206
0.602744 0.112807 0.052018 0.043872
0.500098 0.332691 0.050781 0.034226
0.590240 0.878172 0.051631 0.030445
0.174407 0.209116 0.065144 0.036195
0.490748 0.790824 0.057072 0.035790
0.167281 0.533866 0.050131 0.032403
0.490480 0.752819 0.052782 0.040523
0.383715 0.911947 0.052349 0.032709
0.832760 0.626705 0.051058 0.035926
0.171221 0.798143 0.053346 0.037201
0.381522 0.423798 0.046678 0.034653
0.389877 0.074455 0.056712 0.031748
0.496566 0.250541 0.048280 0.037800
0.494518 0.436819 0.052803 0.034171
0.375233 0.625066 0.050428 0.038619
0.496832 0.134529 0.051601 0.031237
0.168140 0.147331 0.052599 0.038367
0.596225 0.736057 0.055753 0.036328
0.494901 0.868835 0.057083 0.043818
0.177106 0.734251 0.049204 0.032630
0.589357 0.699449 0.051176 0.033680
0.933540 0.633816 0.039822 0.030934
0.491833 0.400273 0.053402 0.039630
0.178185 0.951529 0.052609 0.038085
0.278926 0.456909 0.044351 0.030994
0.377184 0.741732 0.056444 0.049163
0.066971 0.754267 0.058812 0.034288
0.603767 0.968905 0.054072 0.032844
0.925095 0.030100 0.053039 0.037006
0.932213 0.871816 0.041733 0.030659
0.715607 0.213033 0.049534 0.032131
0.385250 0.272122 0.046666 0.045706
0.275458 0.606223 0.040591 0.036507
0.070370 0.538541 0.050619 0.039446
0.929061 0.971148 0.058470 0.033118
0.828780 0.820730 0.043679 0.032160
0.492676 0.064770 0.064296 0.037205
0.708830 0.716188 0.055601 0.039281
0.178331 0.765654 0.053449 0.026848
0.279287 0.155397 0.057452 0.043656
0.490440 0.671002 0.049525 0.040330
0.831668 0.661764 0.045912 0.034549
0.170364 0.180407 0.053264 0.025464
0.715223 0.323421 0.041155 0.036638
0.381981 0.497866 0.047290 0.032225
0.832386 0.740915 0.041221 0.032114
0.279340 0.975203 0.048411 0.031260
0.715005 0.282640 0.040690 0.040529
0.384270 0.945905 0.046730 0.035677
0.166856 0.619127 0.054998 0.034139
0.069350 0.722983 0.051426 0.026745
0.490682 0.550470 0.051648 0.029437
0.279402 0.913669 0.043786 0.031294
0.169495 0.880548 0.059321 0.031766
0.490587 0.517011 0.052621 0.036210
0.372388 0.665445 0.059109 0.039770
0.937193 0.217726 0.045095 0.033135
0.711464 0.541323 0.041470 0.027430
0.930304 0.601641 0.039360 0.027747
0.276557 0.193378 0.051305 0.034246
0.930758 0.533656 0.050231 0.044357
0.490610 0.027791 0.055234 0.031697
0.377633 0.699123 0.064063 0.032127
0.838194 0.104552 0.048064 0.025630
0.173321 0.423464 0.051398 0.032094
0.276176 0.228639 0.044523 0.039263
0.931785 0.805290 0.050371 0.043832
0.712268 0.612835 0.043938 0.032446
0.491964 0.629770 0.044279 0.034732
0.376585 0.580479 0.048415 0.047442
0.710727 0.576013 0.047741 0.038691
0.384605 0.976840 0.044611 0.029190
0.936812 0.840573 0.044588 0.024565
0.381432 0.777634 0.050944 0.026321
0.166556 0.591489 0.050862 0.027308
0.713056 0.392862 0.040105 0.024642
0.496995 0.100715 0.052419 0.037852
0.499938 0.365160 0.039310 0.028142
0.175760 0.831318 0.045700 0.027379
0.718077 0.245427 0.042261 0.029969
0.170117 0.106724 0.043744 0.041487
0.933061 0.759762 0.051030 0.047073
0.707119 0.759587 0.043206 0.040911
0.718780 0.179934 0.052104 0.030980
0.174488 0.854780 0.047401 0.027066
0.768735 0.185309 0.067905 0.028596
