0.237930 0.872011 0.061253 0.031425
0.440497 0.533480 0.067120 0.038047
0.137234 0.882593 0.063514 0.035136
0.237293 0.802764 0.056396 0.036450
0.544252 0.773271 0.060015 0.035426
0.237750 0.673705 0.060849 0.032068
0.240081 0.365252 0.055328 0.036940
0.134695 0.805952 0.067537 0.030648
0.542537 0.518536 0.061839 0.035147
0.744489 0.237665 0.057467 0.036549
0.442650 0.772482 0.060708 0.031716
0.745734 0.349201 0.057745 0.032295
0.145857 0.639471 0.061647 0.045948
0.134853 0.385069 0.056881 0.034383
0.437175 0.635152 0.047669 0.031257
0.743148 0.386308 0.057677 0.033574
0.645196 0.281602 0.060664 0.029871
0.740166 0.878983 0.058164 0.031838
0.442061 0.219858 0.063680 0.035936
0.837916 0.762873 0.056051 0.036909
0.137653 0.420515 0.061101 0.029789
0.642004 0.157904 0.060856 0.030455
0.341070 0.653414 0.052192 0.033258
0.540180 0.735491 0.064343 0.031669
0.740704 0.750654 0.055262 0.034593
0.545277 0.109791 0.068502 0.032318
0.438882 0.669391 0.052375 0.029593
0.739733 0.918298 0.058248 0.038440
0.441007 0.867512 0.051064 0.027340
0.929908 0.774434 0.058465 0.029928
0.343999 0.694466 0.054455 0.037282
0.643806 0.123358 0.054702 0.031196
0.341206 0.477470 0.054322 0.031321
0.739365 0.572020 0.057840 0.032641
0.135316 0.842346 0.063622 0.030749
0.837223 0.859267 0.056606 0.028275
0.932236 0.694213 0.057125 0.032860
0.138094 0.344795 0.056828 0.042717
0.745532 0.161326 0.049012 0.032695
0.340851 0.734777 0.047685 0.032136
0.744406 0.313978 0.058824 0.028620
0.143749 0.121891 0.066050 0.032460
0.445931 0.428393 0.049890 0.030352
0.548208 0.484283 0.056153 0.027701
0.933673 0.376870 0.054424 0.034714
0.443941 0.328851 0.048115 0.037116
0.132863 0.223844 0.046417 0.039323
0.850586 0.264793 0.058138 0.030815
0.447009 0.256908 0.060361 0.028525
0.145356 0.688203 0.055902 0.038486
0.935386 0.192391 0.059941 0.032364
0.542210 0.880675 0.053995 0.027541
0.137422 0.456590 0.061485 0.030914
0.447403 0.182405 0.060825 0.027021
0.439377 0.836205 0.050384 0.026472
0.743260 0.530827 0.054198 0.037266
0.234746 0.909006 0.061868 0.035392
0.237173 0.112205 0.049244 0.032891
0.739591 0.637684 0.055665 0.029311
0.537626 0.230769 0.050129 0.038557
0.737616 0.673042 0.051777 0.032915
0.137930 0.766680 0.064072 0.037258
0.143470 0.525033 0.065517 0.032863
0.341142 0.513633 0.049238 0.029862
0.341319 0.837261 0.051910 0.029792
0.746169 0.492631 0.057098 0.030461
0.736530 0.087913 0.062420 0.032540
0.341612 0.264792 0.050041 0.041032
0.736069 0.124049 0.051024 0.035819
0.738990 0.711353 0.049454 0.034733
0.837859 0.825978 0.057902 0.027803
0.540899 0.146162 0.049338 0.033991
0.741947 0.786674 0.057369 0.031063
0.936855 0.127125 0.047997 0.031709
0.843571 0.122413 0.046109 0.030196
0.745327 0.195874 0.048505 0.035237
0.342609 0.582604 0.049580 0.030985
0.842776 0.189938 0.047814 0.031957
0.835969 0.722843 0.047988 0.030139
0.338181 0.352330 0.055636 0.032360
0.244047 0.564524 0.062132 0.029767
0.338321 0.800214 0.047181 0.033061
0.135219 0.153581 0.065948 0.025431
0.543890 0.407622 0.049626 0.032905
0.841436 0.226225 0.058675 0.035632
0.237833 0.078556 0.059410 0.029057
0.938030 0.307396 0.046378 0.035441
0.340802 0.767477 0.048575 0.026835
0.239234 0.434064 0.047100 0.035226
0.240706 0.602871 0.050707 0.034430
0.446234 0.923871 0.058759 0.027649
0.235171 0.839460 0.047859 0.027487
0.840088 0.407546 0.052430 0.028389
0.839487 0.891294 0.045246 0.031097
0.849059 0.299522 0.048862 0.033064
0.340378 0.082200 0.058734 0.033240
0.941325 0.090604 0.051769 0.028850
0.747741 0.459311 0.053972 0.032498
0.141611 0.559902 0.052782 0.027400
0.439816 0.567808 0.053416 0.025867
0.541296 0.627968 0.046994 0.028844
0.137747 0.728581 0.054997 0.028907
0.841334 0.579349 0.057264 0.033820
0.438851 0.083679 0.058405 0.030603
0.839954 0.656554 0.049009 0.032615
0.738941 0.607328 0.048253 0.026299
0.244430 0.520324 0.053904 0.046733
0.934439 0.456588 0.049526 0.034072
0.343860 0.549790 0.065860 0.031686
0.540720 0.326503 0.048539 0.036686
0.644641 0.245595 0.050452 0.031276
0.841786 0.337988 0.047499 0.035148
0.239847 0.291875 0.047264 0.041053
0.135062 0.300818 0.052828 0.037361
0.440950 0.704291 0.043636 0.034601
0.341450 0.444469 0.052205 0.026287
0.745387 0.424640 0.059053 0.036768
0.934554 0.341607 0.055156 0.026610
0.930184 0.837923 0.047408 0.029279
0.445060 0.149397 0.052735 0.029603
0.140403 0.183302 0.057930 0.030593
0.540822 0.188379 0.047836 0.041150
0.340775 0.155502 0.051735 0.032616
0.541101 0.662462 0.048063 0.034423
0.442960 0.369463 0.042304 0.031802
0.841348 0.155419 0.044951 0.030455
0.341533 0.385609 0.049861 0.027873
0.541746 0.848563 0.046004 0.030003
0.642367 0.088869 0.057636 0.032218
0.242143 0.329573 0.050023 0.027186
0.241445 0.402767 0.050850 0.025849
0.241615 0.638979 0.049364 0.026193
0.343626 0.615731 0.044071 0.029048
0.544982 0.554273 0.049130 0.026751
0.442577 0.461080 0.054197 0.029902
0.440439 0.805887 0.044212 0.027336
0.342137 0.894012 0.061864 0.027380
0.842083 0.438727 0.053421 0.024949
0.838421 0.472756 0.049036 0.032916
0.929641 0.872169 0.045402 0.027270
0.238648 0.770015 0.051653 0.022882
0.935861 0.273336 0.056335 0.025899
0.440533 0.495842 0.045661 0.033655
0.642452 0.313050 0.065015 0.028424
0.239786 0.711161 0.047717 0.033247
0.542918 0.588812 0.045604 0.035320
0.241020 0.186017 0.065321 0.029848
0.929136 0.655823 0.043749 0.030337
0.136684 0.263542 0.057693 0.027943
0.838300 0.617382 0.047636 0.035819
0.936787 0.234442 0.043725 0.042308
0.838386 0.797269 0.060724 0.026033
0.241370 0.475502 0.054686 0.032862
0.935526 0.622947 0.047805 0.031043
0.444491 0.289008 0.046079 0.033223
0.339617 0.311538 0.045309 0.042063
0.543553 0.811389 0.043762 0.034282
0.932541 0.496153 0.042657 0.035704
0.837218 0.510398 0.049027 0.033377
0.547554 0.913610 0.055220 0.029908
0.241066 0.215721 0.056405 0.032790
0.443186 0.894328 0.053894 0.023373
0.141426 0.594031 0.045161 0.034592
0.544232 0.447294 0.042617 0.035470
0.337374 0.119615 0.063003 0.027192
0.541379 0.366413 0.043442 0.035472
0.137845 0.083399 0.048727 0.032866
0.337566 0.413961 0.046231 0.026175
0.240120 0.151236 0.055493 0.038289
0.136177 0.491641 0.044804 0.032844
0.838014 0.690931 0.048535 0.024905
0.844496 0.373747 0.048973 0.030553
0.839646 0.087228 0.053263 0.032035
0.442128 0.601173 0.050106 0.031867
0.237146 0.740621 0.050288 0.026087
0.446012 0.400765 0.059204 0.025573
0.540641 0.279991 0.055788 0.048016
0.836042 0.924089 0.044967 0.027833
0.336957 0.224387 0.047338 0.032083
0.743485 0.814928 0.058749 0.021260
0.239949 0.250985 0.052720 0.032251
0.743765 0.275757 0.040341 0.033568
0.929333 0.535821 0.043346 0.028122
0.344156 0.867316 0.058748 0.021219
0.337715 0.189733 0.050937 0.025719
0.933440 0.733813 0.038382 0.034993
0.932891 0.416457 0.048709 0.030368
0.541274 0.698493 0.049651 0.029244
0.930706 0.589735 0.040316 0.024313
0.544497 0.078586 0.053581 0.027217
0.739870 0.844591 0.041662 0.029671
0.441127 0.115558 0.040344 0.026998
0.838753 0.544806 0.054496 0.030019
0.937689 0.161048 0.034830 0.025623
0.928393 0.562547 0.041831 0.019211
0.346579 0.924141 0.061586 0.029649
0.927519 0.806112 0.034836 0.025870
0.640970 0.190284 0.064401 0.021064
0.933525 0.925009 0.048740 0.022293
0.138066 0.917431 0.063127 0.023592
0.646450 0.213449 0.060714 0.022063
0.441481 0.738418 0.040844 0.025667
0.646796 0.348289 0.042872 0.025842
0.919172 0.899673 0.037912 0.018176
