0.281780 0.806343 0.078628 0.053228
0.390563 0.662572 0.078959 0.054589
0.066386 0.968524 0.090342 0.050824
0.602613 0.124179 0.078539 0.053030
0.824458 0.875996 0.077788 0.047592
0.171527 0.331024 0.074618 0.049475
0.386445 0.555945 0.071812 0.052537
0.070988 0.770923 0.077658 0.049695
0.069473 0.716371 0.080685 0.051382
0.711660 0.801718 0.084172 0.050153
0.823818 0.490424 0.071560 0.048541
0.710178 0.693440 0.075163 0.052272
0.819524 0.226707 0.078657 0.056453
0.394387 0.880564 0.073068 0.048954
0.711636 0.748712 0.080172 0.045180
0.919170 0.867208 0.073625 0.054452
0.712801 0.523646 0.087273 0.045622
0.928977 0.120227 0.091846 0.053048
0.606456 0.225967 0.073537 0.047179
0.815835 0.169074 0.077788 0.048558
0.604859 0.538790 0.071983 0.049279
0.073266 0.824961 0.075611 0.049062
0.498697 0.709586 0.069628 0.046657
0.500642 0.802346 0.074055 0.042676
0.929830 0.378983 0.077598 0.057233
0.279822 0.221665 0.090622 0.048950
0.813744 0.116764 0.077975 0.051255
0.926396 0.754367 0.091941 0.046329
0.386380 0.228400 0.090172 0.050561
0.711364 0.472404 0.086625 0.047311
0.711000 0.214655 0.075375 0.049649
0.279879 0.276792 0.082942 0.049854
0.610254 0.325016 0.084525 0.057146
0.709158 0.423959 0.072341 0.048530
0.067777 0.319871 0.076952 0.055707
0.172329 0.687459 0.071078 0.050640
0.818305 0.669303 0.077888 0.054590
0.070900 0.378606 0.084209 0.052112
0.387679 0.607018 0.082171 0.044197
0.599405 0.596866 0.083933 0.057804
0.607532 0.813456 0.081725 0.051389
0.387455 0.173217 0.082631 0.053642
0.820576 0.771593 0.084350 0.045256
0.389326 0.830830 0.071210 0.050015
0.920807 0.553889 0.074475 0.049935
0.601646 0.384498 0.093454 0.055701
0.816800 0.384834 0.089167 0.048959
0.072787 0.490202 0.083033 0.050519
0.705889 0.109740 0.075833 0.049477
0.393900 0.779854 0.089035 0.048936
0.385669 0.330373 0.081404 0.053406
0.603122 0.868790 0.075961 0.054444
0.277359 0.384194 0.077510 0.055742
0.491261 0.567259 0.087062 0.055988
0.719662 0.578017 0.082544 0.057070
0.500818 0.754098 0.073739 0.036251
0.173635 0.277497 0.066005 0.051787
0.710229 0.161825 0.068700 0.047730
0.288116 0.856035 0.071445 0.034562
0.608102 0.655470 0.080345 0.050484
0.174703 0.381940 0.080693 0.044666
0.922049 0.279151 0.098656 0.052032
0.605456 0.918239 0.074411 0.039967
0.603904 0.174762 0.068951 0.047821
0.925761 0.652367 0.087633 0.046340
0.816607 0.923044 0.076120 0.043283
0.180090 0.064235 0.084088 0.054146
0.179165 0.574014 0.071139 0.046510
0.283908 0.171357 0.076585 0.046349
0.396823 0.722216 0.075498 0.057324
0.280317 0.651246 0.062912 0.052058
0.065062 0.432933 0.070050 0.051533
0.178910 0.226946 0.084113 0.047857
0.063868 0.608642 0.094865 0.061980
0.933084 0.703002 0.083285 0.045780
0.825068 0.825354 0.069487 0.051499
0.178070 0.881634 0.070416 0.049656
0.710457 0.850584 0.065835 0.042388
0.393821 0.118928 0.078504 0.051662
0.281448 0.900639 0.087048 0.046913
0.709343 0.900760 0.067939 0.053445
0.177710 0.929209 0.090163 0.043219
0.390493 0.499406 0.081284 0.048853
0.280241 0.704844 0.064244 0.049511
0.067770 0.260707 0.075354 0.054261
0.711142 0.374011 0.083130 0.042469
0.170450 0.738008 0.080958 0.040939
0.172180 0.429681 0.072183 0.043626
0.178688 0.628322 0.068230 0.049578
0.393180 0.278365 0.067401 0.042635
0.173206 0.525450 0.067068 0.044346
0.811600 0.331346 0.079897 0.047428
0.606295 0.486342 0.069002 0.051407
0.607538 0.761249 0.073445 0.036099
0.176164 0.476326 0.071521 0.043925
0.820807 0.282276 0.071854 0.048479
0.281290 0.445382 0.075413 0.053280
0.288142 0.597293 0.074670 0.050772
0.606045 0.435922 0.073521 0.037834
0.926589 0.063609 0.092700 0.052095
0.066193 0.165450 0.083744 0.047069
0.391615 0.064619 0.067494 0.057077
0.279926 0.328427 0.060233 0.049008
0.497614 0.063154 0.083769 0.051606
0.497388 0.118599 0.087328 0.055215
0.392566 0.927085 0.072760 0.043434
0.606671 0.271874 0.071905 0.041744
0.285131 0.117559 0.068525 0.055007
0.707659 0.058250 0.082377 0.044576
0.174451 0.970957 0.068778 0.038947
0.606121 0.960404 0.075246 0.044042
0.815901 0.063445 0.082779 0.044133
0.705683 0.951933 0.066712 0.046491
0.069348 0.665270 0.078392 0.049776
0.067305 0.921145 0.071099 0.040587
0.818647 0.436790 0.067468 0.047684
0.928716 0.223741 0.076445 0.049155
0.922097 0.919765 0.088278 0.046415
0.923784 0.810287 0.069694 0.050250
0.497429 0.516544 0.071760 0.041098
0.819905 0.613783 0.081007 0.058854
0.496533 0.472113 0.069738 0.047248
0.494994 0.419005 0.072045 0.055255
0.931739 0.436949 0.074700 0.051958
0.714550 0.270257 0.072449 0.054582
0.063526 0.874571 0.091253 0.042851
0.924199 0.965128 0.104717 0.043891
0.285976 0.956309 0.063434 0.051719
0.931848 0.170681 0.071341 0.044187
0.281069 0.753625 0.061891 0.041081
0.066603 0.064222 0.083433 0.054686
0.822536 0.723885 0.058003 0.046276
0.289773 0.546017 0.092346 0.046866
0.176118 0.830435 0.058816 0.046599
0.500404 0.616139 0.069089 0.037542
0.497748 0.852023 0.076108 0.047216
0.389817 0.442210 0.068042 0.048862
0.499457 0.661463 0.069823 0.045432
0.812609 0.962616 0.088062 0.034188
0.501289 0.898009 0.072934 0.041317
0.390075 0.967034 0.072969 0.037523
0.284531 0.064467 0.060711 0.052208
0.073757 0.117346 0.091026 0.050094
0.714150 0.635727 0.071304 0.052943
0.065606 0.210676 0.067850 0.035889
0.069247 0.546551 0.082600 0.055474
0.928148 0.604801 0.055914 0.043690
0.817985 0.548979 0.078294 0.060141
0.494674 0.300730 0.068215 0.046200
0.602185 0.065657 0.068524 0.056836
0.928407 0.491412 0.097491 0.053258
0.714829 0.324061 0.061601 0.050738
0.176736 0.784225 0.059487 0.039175
0.500336 0.937994 0.081188 0.039222
0.386751 0.387626 0.066338 0.058507
0.500742 0.178267 0.086069 0.058619
0.172005 0.181121 0.062931 0.037195
0.287531 0.497591 0.053142 0.042443
0.174167 0.123391 0.068323 0.060129
0.605269 0.709392 0.056593 0.052266
0.500671 0.357536 0.078516 0.058106
0.499325 0.240631 0.073017 0.054894
0.934403 0.325500 0.086719 0.037997
0.502584 0.970293 0.095065 0.039166
