0.190910 0.800260 0.076121 0.041819
0.746351 0.840316 0.058546 0.040524
0.418776 0.748237 0.058661 0.036740
0.071142 0.203043 0.054927 0.042229
0.643988 0.923996 0.054174 0.036648
0.408701 0.254323 0.063971 0.041618
0.957698 0.900123 0.054273 0.039320
0.508480 0.145592 0.065852 0.041927
0.292390 0.194961 0.057441 0.039142
0.623443 0.175051 0.054432 0.035675
0.845356 0.475228 0.061541 0.041541
0.302947 0.926134 0.059145 0.037700
0.189364 0.437056 0.076975 0.037197
0.187476 0.397659 0.072426 0.038214
0.074396 0.367388 0.063328 0.044453
0.290961 0.281584 0.068005 0.044374
0.077541 0.928325 0.073532 0.039189
0.854603 0.920377 0.059002 0.038180
0.181615 0.316050 0.060062 0.043066
0.178037 0.163075 0.063379 0.036599
0.179547 0.203419 0.058976 0.039088
0.189151 0.719526 0.068000 0.043176
0.959995 0.857029 0.062497 0.043091
0.074342 0.243776 0.059765 0.037601
0.727413 0.136088 0.052868 0.028645
0.201009 0.884050 0.057188 0.034078
0.066644 0.283145 0.069988 0.038580
0.177534 0.273739 0.052686 0.037818
0.300503 0.530064 0.047780 0.037777
0.300608 0.565548 0.058289 0.035065
0.194804 0.636581 0.055920 0.039218
0.943846 0.158241 0.060177 0.040778
0.180601 0.239171 0.066102 0.030933
0.526506 0.749046 0.055090 0.040053
0.070842 0.159089 0.062689 0.040395
0.411661 0.565540 0.055046 0.040694
0.734972 0.291693 0.054513 0.038192
0.404792 0.332810 0.050980 0.041267
0.194591 0.674911 0.054420 0.037694
0.958026 0.772116 0.069033 0.038012
0.824444 0.110665 0.059874 0.041013
0.198831 0.844612 0.057978 0.039959
0.403840 0.184720 0.054751 0.043619
0.521466 0.467393 0.057971 0.039956
0.533494 0.915872 0.058229 0.037625
0.730982 0.329491 0.055103 0.040309
0.308444 0.720443 0.060045 0.032562
0.301556 0.488543 0.050383 0.040778
0.078238 0.968502 0.065996 0.038721
0.852682 0.545881 0.055296 0.036668
0.074987 0.324051 0.061082 0.036055
0.430282 0.933475 0.052292 0.040351
0.945501 0.294031 0.056453 0.038953
0.069531 0.455260 0.061827 0.039521
0.291546 0.237786 0.057548 0.040047
0.072357 0.412966 0.069485 0.038368
0.857268 0.957743 0.055927 0.033806
0.849259 0.431749 0.054970 0.040114
0.418586 0.639122 0.058802 0.032528
0.752240 0.879566 0.056145 0.037965
0.637249 0.585226 0.056653 0.034821
0.074510 0.739512 0.065820 0.040085
0.529616 0.710667 0.048135 0.036871
0.193999 0.509211 0.061661 0.034601
0.732834 0.411976 0.055277 0.040214
0.853314 0.880180 0.052187 0.038246
0.729768 0.168849 0.066606 0.035853
0.409171 0.295121 0.050461 0.033528
0.949148 0.621370 0.056651 0.040741
0.958418 0.812285 0.054978 0.040236
0.531548 0.786657 0.050939 0.037092
0.622293 0.406706 0.056079 0.036165
0.189432 0.473821 0.053207 0.036237
0.632502 0.443745 0.050418 0.033706
0.297404 0.156492 0.061414 0.036117
0.951233 0.700353 0.055491 0.041465
0.309715 0.828761 0.051934 0.041175
0.733015 0.370589 0.049730 0.039728
0.732516 0.251455 0.053995 0.039009
0.195957 0.594503 0.058392 0.040927
0.642861 0.773847 0.051402 0.035997
0.420843 0.783085 0.048804 0.030560
0.638485 0.621715 0.052765 0.039701
0.306022 0.790357 0.055256 0.032821
0.747149 0.802522 0.057865 0.032196
0.400680 0.412768 0.060996 0.041756
0.643829 0.841673 0.056231 0.037025
0.307989 0.648108 0.058230 0.036284
0.736189 0.452674 0.051707 0.040876
0.303071 0.754928 0.051132 0.033517
0.947143 0.336278 0.055526 0.040942
0.514114 0.273706 0.054030 0.039726
0.636920 0.508859 0.060309 0.033821
0.429422 0.898064 0.053595 0.024908
0.309879 0.605411 0.055782 0.041963
0.184698 0.550390 0.061743 0.049348
0.634931 0.545631 0.049721 0.039234
0.730844 0.102683 0.053955 0.031335
0.419042 0.673097 0.048654 0.032613
0.637853 0.695701 0.052879 0.036692
0.290975 0.325083 0.051500 0.039877
0.828720 0.148798 0.051439 0.036785
0.420552 0.709601 0.045880 0.035752
0.077543 0.850868 0.055786 0.039470
0.203889 0.959385 0.055745 0.036686
0.510389 0.187972 0.053582 0.040294
0.824479 0.070339 0.052119 0.037962
0.640678 0.658768 0.049045 0.034752
0.294883 0.116060 0.055657 0.042528
0.509401 0.232968 0.058869 0.043374
0.521550 0.360501 0.049268 0.040379
0.298271 0.454518 0.053813 0.025796
0.076510 0.612051 0.055775 0.041735
0.200728 0.922198 0.054416 0.029094
0.401378 0.144977 0.047668 0.037854
0.307896 0.685548 0.047805 0.035628
0.725721 0.068359 0.049760 0.033629
0.291568 0.077440 0.066709 0.038027
0.940062 0.067438 0.053321 0.041670
0.530017 0.961490 0.084557 0.049045
0.830570 0.188837 0.051966 0.039763
0.645046 0.882016 0.048653 0.041519
0.628151 0.330357 0.048387 0.039200
0.524737 0.510946 0.051482 0.040753
0.295936 0.395953 0.042230 0.035248
0.184565 0.360112 0.055541 0.037390
0.627533 0.369025 0.047958 0.034999
0.952584 0.660000 0.047855 0.037045
0.639159 0.734802 0.051272 0.036954
0.288787 0.039510 0.055284 0.041615
0.078755 0.573175 0.050409 0.036572
0.640460 0.807713 0.062940 0.029617
0.066656 0.041235 0.056085 0.043913
0.415642 0.602942 0.047983 0.032513
0.945272 0.383366 0.052959 0.049760
0.079656 0.889664 0.054298 0.039648
0.944873 0.432032 0.045955 0.038070
0.407407 0.373327 0.050741 0.035024
0.416198 0.521339 0.050232 0.039156
0.527360 0.593422 0.053211 0.046306
0.309861 0.866605 0.066311 0.030410
0.065905 0.120506 0.050213 0.038739
0.065521 0.082712 0.050874 0.036902
0.744286 0.614388 0.066495 0.039742
0.310955 0.965011 0.048397 0.037988
0.179223 0.122097 0.050596 0.038401
0.293814 0.361171 0.048918 0.032995
0.623145 0.244329 0.078532 0.039283
0.072734 0.499290 0.055296 0.041938
0.429079 0.971013 0.051505 0.033950
0.944507 0.542284 0.046380 0.034602
0.075489 0.779917 0.049835 0.037134
0.398479 0.104240 0.068027 0.038779
0.077736 0.812439 0.049117 0.032846
0.517819 0.401553 0.059782 0.030898
0.526526 0.635517 0.052813 0.034091
0.072652 0.700751 0.069564 0.034870
0.948740 0.578950 0.050376 0.034665
0.956966 0.943168 0.057247 0.046833
0.943650 0.114525 0.047265 0.046658
0.300513 0.426120 0.048314 0.026153
0.743989 0.495007 0.055807 0.040740
0.854003 0.838663 0.051088 0.039992
0.826360 0.029279 0.052452 0.039625
0.528938 0.551538 0.047183 0.035932
0.844431 0.390213 0.051153 0.037843
0.726544 0.207933 0.060526 0.041829
0.740856 0.714189 0.061389 0.044933
0.397975 0.034417 0.053617 0.040705
0.625635 0.211007 0.051751 0.026346
0.945874 0.468309 0.049491 0.032580
0.175380 0.082264 0.047217 0.041987
0.510941 0.103140 0.052750 0.041951
0.740125 0.764262 0.071845 0.042647
0.617088 0.074328 0.044628 0.036519
0.840521 0.346404 0.046102 0.046524
0.726194 0.028915 0.052835 0.038604
0.847440 0.512294 0.050208 0.028870
0.518486 0.318695 0.053521 0.043542
0.620142 0.110416 0.045701 0.035314
0.174313 0.038467 0.052136 0.041321
0.403364 0.220447 0.048120 0.024009
0.191506 0.758815 0.050486 0.035513
0.519315 0.433699 0.045275 0.027470
0.849029 0.644818 0.049421 0.039569
0.074625 0.536650 0.053216 0.036154
0.957191 0.735913 0.050673 0.029360
0.621404 0.141615 0.047841 0.027402
0.849417 0.582010 0.042462 0.028081
0.629438 0.288951 0.048881 0.044634
0.077216 0.658794 0.045652 0.047269
0.851232 0.770222 0.041389 0.032696
0.847816 0.612286 0.054001 0.028537
0.399865 0.073343 0.059090 0.028885
0.427921 0.812403 0.049093 0.024334
0.751634 0.975567 0.049665 0.027623
0.935955 0.028767 0.052328 0.039387
0.527890 0.671540 0.046041 0.037025
0.836184 0.264376 0.049730 0.037875
0.752718 0.918026 0.042544 0.032134
0.649032 0.962769 0.057399 0.028910
0.620856 0.033654 0.051420 0.040806
0.749906 0.949068 0.034375 0.028042
0.742178 0.574271 0.048618 0.043755
0.835545 0.226548 0.042406 0.032067
0.849471 0.687045 0.045282 0.038322
0.849574 0.728305 0.046671 0.039851
0.745570 0.534528 0.043455 0.038935
0.633703 0.474197 0.056195 0.026302
0.311381 0.894752 0.053950 0.023537
0.535436 0.824815 0.057420 0.041341
0.946046 0.200940 0.049992 0.039053
0.508721 0.062780 0.048490 0.037618
0.408386 0.480818 0.056045 0.040361
0.941047 0.504521 0.043372 0.035515
0.852254 0.801094 0.060088 0.031864
0.534249 0.871385 0.048020 0.046954
0.838516 0.303996 0.044029 0.037744
0.509875 0.031044 0.048119 0.036037
0.743658 0.673972 0.048030 0.025567
0.945212 0.250951 0.058773 0.040290
0.747843 0.647741 0.053161 0.023445
0.407903 0.452795 0.049583 0.030702
0.425516 0.862376 0.053969 0.046859
0.784853 0.477748 0.027874 0.029927
0.783038 0.440986 0.028091 0.035164
