0.066697 0.755438 0.078247 0.051048
0.832660 0.700806 0.072293 0.047823
0.402187 0.327476 0.074917 0.042481
0.407506 0.715561 0.074608 0.039354
0.502957 0.159991 0.075795 0.039433
0.393455 0.241480 0.070178 0.041789
0.407503 0.591678 0.071976 0.044355
0.505219 0.242579 0.065380 0.039614
0.927341 0.379360 0.077651 0.050803
0.826630 0.130572 0.064004 0.038180
0.721208 0.650397 0.073884 0.044672
0.822637 0.214765 0.072385 0.036190
0.399268 0.464339 0.062844 0.044992
0.829571 0.341484 0.079706 0.047527
0.178099 0.169014 0.074921 0.047719
0.941157 0.329085 0.069510 0.043500
0.289739 0.410264 0.072681 0.044123
0.070611 0.176285 0.076204 0.049592
0.412101 0.670416 0.072153 0.041348
0.275609 0.072308 0.068388 0.042152
0.510308 0.288128 0.067765 0.046362
0.284114 0.204865 0.056636 0.042489
0.292417 0.492271 0.073276 0.042099
0.401585 0.374790 0.068597 0.046163
0.614780 0.341200 0.081485 0.051620
0.831411 0.296512 0.062496 0.040587
0.506952 0.382343 0.079823 0.046489
0.937550 0.213646 0.074408 0.039601
0.615235 0.879750 0.085435 0.046323
0.513880 0.940562 0.065920 0.041380
0.829028 0.174127 0.055749 0.041846
0.182098 0.218720 0.074729 0.046581
0.066189 0.438939 0.072178 0.038779
0.178943 0.555119 0.064358 0.053171
0.181017 0.465836 0.063005 0.046124
0.507275 0.334353 0.062416 0.038366
0.394069 0.197381 0.077294 0.040583
0.059596 0.323055 0.077676 0.042659
0.287756 0.329638 0.064937 0.041281
0.058875 0.901605 0.082514 0.055925
0.610946 0.141181 0.073488 0.039401
0.188561 0.876449 0.078261 0.043302
0.286954 0.161165 0.063326 0.039761
0.722715 0.338285 0.072793 0.039105
0.939386 0.918970 0.065199 0.034773
0.720509 0.128001 0.080361 0.040130
0.063758 0.273313 0.075014 0.048642
0.730931 0.741859 0.068758 0.050851
0.394891 0.283440 0.068380 0.037660
0.070374 0.124330 0.078506 0.046867
0.515100 0.791700 0.071492 0.045570
0.723869 0.954735 0.072329 0.051301
0.830473 0.253096 0.059555 0.039123
0.718833 0.080542 0.067646 0.053239
0.728307 0.582728 0.069469 0.035688
0.187080 0.390628 0.064290 0.040253
0.609583 0.928585 0.074666 0.047567
0.725164 0.379675 0.072772 0.042405
0.938922 0.465383 0.060459 0.042760
0.403516 0.508814 0.069689 0.036498
0.621337 0.593533 0.079591 0.048317
0.495215 0.086709 0.079187 0.045806
0.295074 0.450179 0.073031 0.037089
0.070469 0.537283 0.070535 0.043286
0.385706 0.084836 0.069348 0.040319
0.070696 0.805105 0.088845 0.043512
0.181596 0.923326 0.072664 0.045710
0.720723 0.293521 0.067152 0.047144
0.610896 0.255498 0.072604 0.033485
0.185172 0.309811 0.073972 0.043444
0.074617 0.487474 0.090149 0.049449
0.830323 0.386505 0.080965 0.042991
0.066026 0.364762 0.069190 0.034412
0.510064 0.432976 0.066515 0.047728
0.074487 0.629491 0.063698 0.046653
0.070837 0.582883 0.063841 0.041355
0.617450 0.389218 0.069880 0.041968
0.508352 0.568374 0.076315 0.049771
0.937147 0.712724 0.069223 0.044055
0.297122 0.847201 0.066637 0.049606
0.605770 0.218675 0.065888 0.039793
0.835797 0.789036 0.070255 0.042870
0.829590 0.470314 0.064515 0.047882
0.938457 0.666658 0.064691 0.041491
0.184876 0.509010 0.073917 0.037872
0.935640 0.257567 0.053050 0.043415
0.283861 0.116814 0.057054 0.047090
0.512090 0.522605 0.065664 0.037811
0.929189 0.084243 0.052217 0.037467
0.927705 0.882971 0.062670 0.034934
0.932873 0.118743 0.067487 0.030693
0.407105 0.931448 0.059421 0.038759
0.068676 0.849808 0.076918 0.040585
0.405261 0.418712 0.065748 0.037590
0.295451 0.794494 0.065934 0.053472
0.182524 0.746953 0.057578 0.030292
0.178481 0.637679 0.066593 0.038916
0.936251 0.755051 0.057546 0.039308
0.715868 0.897206 0.083168 0.052998
0.609263 0.180019 0.051407 0.034540
0.167286 0.070054 0.065575 0.051558
0.834677 0.608563 0.062734 0.040869
0.290851 0.892138 0.062814 0.043560
0.290348 0.744387 0.057092 0.040996
0.721351 0.455625 0.068767 0.045306
0.613018 0.293603 0.066251 0.041776
0.174807 0.681033 0.061487 0.039920
0.069348 0.041284 0.070809 0.050125
0.394308 0.156659 0.071942 0.036998
0.509571 0.478078 0.055703 0.042424
0.716873 0.245143 0.064826 0.046111
0.729049 0.694312 0.067617 0.037407
0.073052 0.963877 0.096636 0.055810
0.933988 0.424500 0.078077 0.037995
0.417406 0.971179 0.078053 0.040416
0.732327 0.796619 0.065784 0.055564
0.072054 0.706130 0.076616 0.038101
0.838453 0.745887 0.060582 0.041447
0.495467 0.037400 0.079440 0.047964
0.508718 0.704826 0.066174 0.035994
0.927451 0.041720 0.075406 0.042276
0.939801 0.623111 0.063474 0.043041
0.943425 0.504767 0.066704 0.032450
0.610949 0.438377 0.062537 0.048403
0.282608 0.245588 0.060256 0.032260
0.175546 0.121212 0.064643 0.043793
0.275132 0.028488 0.060893 0.037557
0.724059 0.543478 0.051846 0.039705
0.393155 0.121839 0.063315 0.029560
0.617265 0.678287 0.068671 0.037412
0.406570 0.756999 0.058113 0.037901
0.409759 0.631611 0.059936 0.032852
0.287856 0.670892 0.054284 0.038750
0.179098 0.824831 0.060859 0.055581
0.614916 0.539034 0.078949 0.052079
0.940489 0.543420 0.057211 0.042128
0.512158 0.845504 0.059873 0.053579
0.291459 0.708329 0.058879 0.027611
0.181674 0.351057 0.057127 0.034359
0.719857 0.168083 0.069776 0.036646
0.833240 0.563992 0.055136 0.044703
0.290836 0.616339 0.067641 0.044770
0.821445 0.039215 0.078294 0.044350
0.182839 0.265029 0.080753 0.036592
0.283552 0.370561 0.068587 0.031580
0.712461 0.206614 0.066398 0.035819
0.285466 0.938099 0.063886 0.043514
0.617619 0.784155 0.058970 0.044727
0.835670 0.517770 0.058826 0.042354
0.836051 0.427077 0.080893 0.031351
0.931913 0.840062 0.056147 0.047249
0.833647 0.936636 0.062767 0.042768
0.721741 0.415881 0.072991 0.029728
0.404882 0.548486 0.066547 0.037683
0.290700 0.537663 0.072343 0.039970
0.618968 0.745507 0.058644 0.031467
0.930460 0.959149 0.055477 0.040521
0.619255 0.638977 0.061068 0.039912
0.409289 0.893110 0.050036 0.035975
0.618305 0.831179 0.057835 0.044556
0.285547 0.284215 0.046448 0.043536
0.187333 0.966006 0.072155 0.039650
0.179543 0.716029 0.049791 0.027203
0.516537 0.744766 0.055061 0.043314
0.833008 0.890716 0.061156 0.049809
0.940290 0.795637 0.052769 0.036634
0.060083 0.400579 0.072470 0.032793
0.616687 0.971157 0.065944 0.038125
0.725000 0.501557 0.055257 0.041037
0.712384 0.033369 0.057201 0.040026
0.176860 0.599252 0.066301 0.034279
0.069522 0.083992 0.071583 0.027769
0.515559 0.617682 0.056557 0.047318
0.189294 0.426515 0.067291 0.027858
0.939741 0.292531 0.052583 0.026512
0.510812 0.896911 0.055436 0.041030
0.935642 0.180268 0.056292 0.024773
0.729716 0.847280 0.063639 0.041887
0.625151 0.713637 0.062181 0.029641
0.832578 0.839741 0.059845 0.053110
0.064318 0.224707 0.053476 0.045245
0.496713 0.122828 0.050266 0.028055
0.617304 0.486198 0.059931 0.046114
0.838590 0.650066 0.072972 0.041751
0.069204 0.670199 0.050673 0.032068
0.405146 0.848400 0.053351 0.048558
0.177183 0.780916 0.059697 0.030343
0.938756 0.584989 0.061956 0.037596
0.172705 0.026548 0.059914 0.032385
0.603953 0.081690 0.054285 0.028025
0.406356 0.799899 0.054279 0.038662
0.502215 0.200059 0.068801 0.038522
0.722626 0.614153 0.054743 0.026761
0.389581 0.037245 0.059087 0.051341
0.824726 0.085848 0.051878 0.047643
0.290880 0.573509 0.075414 0.036737
0.605068 0.041430 0.052310 0.048616
0.607505 0.108871 0.049987 0.019842
0.523314 0.977537 0.065008 0.027185
0.512656 0.664009 0.051080 0.037057
0.293911 0.975767 0.081483 0.029007
0.835930 0.971272 0.064272 0.030324
0.938047 0.150247 0.069146 0.029300
