0.822836 0.315852 0.073569 0.043049
0.927465 0.179845 0.064781 0.040108
0.721400 0.296096 0.065727 0.038567
0.174756 0.396910 0.066671 0.040304
0.615537 0.250023 0.062184 0.037005
0.619119 0.127462 0.068644 0.045536
0.290231 0.314724 0.067942 0.045629
0.720780 0.207095 0.074121 0.047858
0.720018 0.337451 0.071487 0.037445
0.923233 0.066240 0.075666 0.037633
0.397425 0.122182 0.062569 0.047965
0.291358 0.163641 0.073074 0.046190
0.395850 0.251012 0.064386 0.043050
0.614239 0.170048 0.062848 0.038252
0.598261 0.650856 0.073740 0.043321
0.064650 0.187264 0.066768 0.040085
0.283507 0.119353 0.070826 0.040923
0.181497 0.193039 0.067658 0.041057
0.180139 0.112795 0.068650 0.036137
0.503566 0.445073 0.066622 0.043574
0.068658 0.235420 0.065738 0.047678
0.396820 0.210772 0.070968 0.036013
0.714557 0.117370 0.076101 0.044638
0.285680 0.072150 0.070768 0.048713
0.617154 0.335917 0.065833 0.045707
0.818019 0.934316 0.065323 0.042506
0.397338 0.519682 0.077435 0.044057
0.926873 0.834596 0.062076 0.042635
0.068014 0.363021 0.068498 0.043242
0.390986 0.468086 0.065929 0.056129
0.724201 0.380377 0.077854 0.042534
0.930714 0.337438 0.078950 0.042438
0.062250 0.282976 0.061869 0.040849
0.816217 0.746035 0.079521 0.047179
0.176420 0.151828 0.063338 0.034146
0.388571 0.763037 0.087683 0.044253
0.934414 0.489027 0.070394 0.046408
0.065459 0.148379 0.071553 0.034019
0.719146 0.160926 0.073457 0.039809
0.179664 0.276848 0.080396 0.041358
0.611770 0.081478 0.063349 0.039641
0.390201 0.297956 0.077742 0.043563
0.615471 0.209181 0.073389 0.039527
0.720001 0.071827 0.070729 0.044883
0.612927 0.035674 0.077095 0.050035
0.496001 0.594773 0.068307 0.045645
0.816425 0.399966 0.064926 0.041411
0.830192 0.191134 0.066961 0.033957
0.286138 0.264358 0.060328 0.051001
0.499233 0.329396 0.067551 0.038865
0.287669 0.211254 0.070903 0.047031
0.613455 0.290808 0.063403 0.037581
0.387462 0.614619 0.059192 0.052541
0.386464 0.670330 0.064180 0.052356
0.708197 0.719822 0.060995 0.038110
0.501791 0.491355 0.062138 0.043453
0.603078 0.838744 0.071124 0.052495
0.492718 0.766144 0.057421 0.054034
0.496290 0.685755 0.063227 0.045917
0.601985 0.559159 0.074067 0.053253
0.494642 0.370156 0.067314 0.035855
0.067848 0.321935 0.063444 0.031510
0.390603 0.565875 0.071848 0.039225
0.817245 0.569801 0.080229 0.049761
0.168825 0.732266 0.080293 0.052989
0.171379 0.442687 0.064744 0.044649
0.927537 0.139838 0.067973 0.036981
0.066983 0.695176 0.067845 0.046617
0.931696 0.576655 0.068028 0.036664
0.063161 0.110764 0.062011 0.035174
0.599069 0.781934 0.079402 0.050884
0.274920 0.568983 0.057718 0.038714
0.495999 0.639066 0.067055 0.040412
0.392024 0.168741 0.059375 0.042904
0.066549 0.450846 0.065067 0.040662
0.935332 0.655056 0.076402 0.040284
0.826168 0.442765 0.073483 0.034895
0.928777 0.882387 0.062978 0.047004
0.825833 0.106897 0.068351 0.041588
0.710739 0.810364 0.066896 0.053893
0.280694 0.853742 0.059764 0.044220
0.065788 0.071565 0.062491 0.044604
0.924009 0.103650 0.070877 0.028337
0.174702 0.236554 0.062697 0.037285
0.723561 0.962956 0.083238 0.051773
0.164516 0.485550 0.063442 0.038378
0.062816 0.496563 0.060893 0.046547
0.815693 0.068969 0.065024 0.032695
0.508313 0.135135 0.067562 0.051026
0.825475 0.273145 0.073634 0.035426
0.176879 0.072671 0.072571 0.037141
0.818429 0.800464 0.051590 0.049108
0.718016 0.252888 0.054931 0.040329
0.502508 0.956705 0.074905 0.040493
0.290124 0.357213 0.055376 0.032778
0.495835 0.820168 0.067119 0.044504
0.498952 0.544448 0.057418 0.052878
0.164591 0.925679 0.054027 0.038657
0.825748 0.483445 0.077101 0.045066
0.714611 0.507058 0.060855 0.042016
0.281038 0.648043 0.075033 0.037864
0.928720 0.027313 0.062547 0.033597
0.819901 0.618738 0.063035 0.049813
0.825034 0.358813 0.055647 0.031111
0.702092 0.760836 0.073140 0.036761
0.594365 0.891401 0.064810 0.045364
0.179034 0.321482 0.059989 0.037474
0.723390 0.466092 0.080976 0.036685
0.497003 0.918348 0.077400 0.032751
0.505262 0.086949 0.072776 0.039293
0.169900 0.030427 0.068871 0.039749
0.166267 0.781002 0.064828 0.037558
0.391403 0.815676 0.070136 0.051845
0.282766 0.608249 0.064696 0.033087
0.394919 0.350025 0.080452 0.054275
0.501082 0.185202 0.070374 0.043602
0.827900 0.231801 0.055956 0.044092
0.505252 0.035401 0.073406 0.052732
0.068473 0.407045 0.058237 0.038908
0.823939 0.663964 0.063863 0.040241
0.391583 0.407455 0.067782 0.055119
0.278061 0.811536 0.065618 0.034292
0.175507 0.532969 0.059549 0.045770
0.166748 0.821697 0.054075 0.037352
0.820232 0.030595 0.058896 0.040913
0.929414 0.216930 0.057611 0.033960
0.269904 0.728909 0.063443 0.040442
0.927075 0.929614 0.071219 0.038552
0.604781 0.606668 0.061330 0.036608
0.818532 0.701758 0.053561 0.036095
0.286841 0.397356 0.053112 0.040056
0.931530 0.294072 0.081321 0.040696
0.067323 0.940272 0.064119 0.045860
0.708399 0.675572 0.053511 0.039460
0.168189 0.888007 0.061893 0.034651
0.604154 0.426499 0.076712 0.046493
0.605529 0.381610 0.084595 0.041883
0.822118 0.522888 0.058609 0.037335
0.721773 0.027181 0.071533 0.035080
0.389264 0.716905 0.082908 0.039786
0.171174 0.685751 0.063462 0.035826
0.060572 0.738920 0.071045 0.039948
0.285269 0.025949 0.073306 0.038911
0.935458 0.615717 0.057396 0.032205
0.819148 0.885657 0.055021 0.042292
0.713792 0.546098 0.075965 0.027811
0.172772 0.640965 0.053329 0.050518
0.931429 0.255299 0.078259 0.034565
0.281425 0.686647 0.059050 0.036252
0.711271 0.870253 0.057336 0.056595
0.066414 0.023266 0.051441 0.040375
0.932842 0.446110 0.064869 0.031067
0.396987 0.031558 0.064474 0.045234
0.282308 0.901377 0.065105 0.039405
0.937782 0.693249 0.069459 0.032754
0.921740 0.967599 0.073974 0.035523
0.604080 0.730530 0.052987 0.039490
0.507056 0.285641 0.052707 0.038351
0.610249 0.513306 0.061599 0.038138
0.176426 0.587415 0.065944 0.050030
0.937796 0.534631 0.046925 0.037223
0.499031 0.871473 0.066640 0.052581
0.713697 0.631244 0.061777 0.049771
0.605762 0.472761 0.053630 0.039853
0.281767 0.434494 0.047009 0.031291
0.604148 0.940542 0.057526 0.041195
0.931628 0.378832 0.058150 0.037177
0.709352 0.582912 0.055421 0.036810
0.824521 0.844479 0.073462 0.030146
0.382350 0.874919 0.060512 0.058121
0.064739 0.588896 0.048638 0.032982
0.068077 0.547522 0.046063 0.041022
0.722112 0.425602 0.062936 0.041846
0.175864 0.357914 0.047045 0.028203
0.281397 0.521255 0.052495 0.047715
0.940379 0.737823 0.064156 0.051741
0.723171 0.917059 0.072557 0.030652
0.068184 0.789631 0.054525 0.051626
0.603238 0.694074 0.053280 0.034518
0.938526 0.413151 0.060762 0.025823
0.064072 0.838962 0.067142 0.042681
0.172697 0.961545 0.059620 0.032993
0.936248 0.788875 0.061265 0.044703
0.170747 0.855842 0.062149 0.025741
0.280665 0.948686 0.071521 0.044512
0.278908 0.771791 0.044071 0.042740
0.506870 0.405854 0.063674 0.025140
0.816050 0.971410 0.067239 0.029783
0.061559 0.886519 0.047392 0.040195
0.067068 0.619354 0.049622 0.025127
0.498625 0.725004 0.075275 0.029985
0.511444 0.235382 0.095043 0.054264
0.063121 0.650619 0.049401 0.034342
0.375604 0.951609 0.082827 0.057642
0.829832 0.150456 0.067861 0.044534
0.281046 0.474439 0.059696 0.043009
0.613654 0.974181 0.075950 0.028244
0.388963 0.075372 0.059977 0.032671
