0.374837 0.850544 0.076457 0.049297
0.713904 0.342416 0.078608 0.052360
0.485539 0.726005 0.077295 0.052148
0.062951 0.590808 0.078696 0.048528
0.485624 0.424810 0.081123 0.049071
0.596726 0.330549 0.081798 0.049183
0.485148 0.782829 0.089214 0.052574
0.168350 0.473448 0.067884 0.048971
0.071466 0.438697 0.076778 0.045552
0.486888 0.276721 0.083771 0.043039
0.594661 0.226408 0.090307 0.051797
0.593979 0.441601 0.084185 0.049577
0.590855 0.548600 0.078752 0.047773
0.701415 0.754269 0.078259 0.049252
0.170480 0.775810 0.087735 0.041167
0.175793 0.313651 0.073234 0.047943
0.485641 0.369347 0.070716 0.050945
0.591828 0.276122 0.084059 0.046579
0.928933 0.292799 0.073332 0.050158
0.487375 0.572551 0.067724 0.040571
0.277003 0.166377 0.077362 0.043231
0.064524 0.903388 0.083778 0.051609
0.481792 0.832003 0.085560 0.039649
0.591907 0.171243 0.081041 0.049071
0.810898 0.794466 0.079288 0.047146
0.174407 0.926339 0.077777 0.043834
0.054398 0.743484 0.073897 0.053594
0.280150 0.213769 0.079431 0.043209
0.374309 0.798521 0.071909 0.048959
0.920777 0.713120 0.072229 0.049884
0.594595 0.750323 0.095975 0.049558
0.483304 0.522159 0.083174 0.043664
0.486291 0.670259 0.070186 0.052950
0.374123 0.905327 0.070580 0.050147
0.592099 0.596457 0.076592 0.040897
0.704313 0.809446 0.078739 0.040458
0.593143 0.644836 0.081255 0.044186
0.273325 0.697201 0.077221 0.047973
0.930672 0.655410 0.080965 0.049267
0.478150 0.878573 0.074232 0.047026
0.592204 0.387845 0.071127 0.048935
0.169612 0.423457 0.066839 0.041678
0.372400 0.749064 0.068397 0.042364
0.070244 0.486379 0.074100 0.040676
0.274925 0.964086 0.084225 0.048311
0.822835 0.209391 0.075325 0.048259
0.173694 0.969216 0.086535 0.040421
0.380608 0.329596 0.070564 0.048859
0.483908 0.226365 0.095529 0.052754
0.169735 0.877795 0.091875 0.052785
0.594750 0.907475 0.096102 0.046433
0.816996 0.465197 0.080304 0.049528
0.274560 0.419914 0.084300 0.055054
0.176545 0.117777 0.083520 0.046047
0.818291 0.890730 0.086981 0.045173
0.283437 0.913094 0.078660 0.047753
0.476577 0.927495 0.081080 0.045803
0.275639 0.795284 0.084831 0.049534
0.926771 0.543598 0.083320 0.044915
0.923007 0.600597 0.095356 0.058863
0.822670 0.413867 0.078065 0.045775
0.701912 0.861404 0.082157 0.045864
0.716758 0.121907 0.075099 0.047078
0.060677 0.690058 0.089779 0.045976
0.923223 0.806069 0.087926 0.043072
0.177267 0.164934 0.073843 0.045142
0.378097 0.116978 0.086307 0.048349
0.073688 0.109727 0.071939 0.049680
0.812202 0.685378 0.099654 0.063522
0.813268 0.743929 0.077851 0.049202
0.929340 0.493504 0.079564 0.044661
0.923006 0.917634 0.070604 0.051200
0.062063 0.537094 0.070981 0.050536
0.069807 0.800071 0.090023 0.050155
0.487818 0.322527 0.073751 0.036184
0.931871 0.238253 0.085035 0.053461
0.384317 0.279243 0.086326 0.050122
0.172273 0.727919 0.077331 0.046949
0.710850 0.068192 0.085256 0.058072
0.824917 0.365941 0.077998 0.038663
0.592739 0.494861 0.067300 0.045005
0.703010 0.959169 0.094574 0.045060
0.928342 0.395501 0.074596 0.051263
0.820298 0.266223 0.086403 0.056518
0.705072 0.698896 0.069883 0.052888
0.277632 0.264912 0.077839 0.047377
0.595865 0.693403 0.089217 0.052850
0.379750 0.385001 0.074609 0.048361
0.382364 0.439799 0.078077 0.051472
0.929080 0.345267 0.077325 0.043533
0.707339 0.643009 0.073963 0.043446
0.597032 0.957211 0.096170 0.049009
0.377963 0.221773 0.069116 0.056473
0.171010 0.569698 0.082291 0.042087
0.376281 0.703808 0.064224 0.040507
0.824480 0.105666 0.077479 0.044406
0.923114 0.967049 0.107770 0.044762
0.596257 0.856947 0.079834 0.051111
0.376955 0.652705 0.063407 0.050352
0.173936 0.826532 0.073003 0.043046
0.810197 0.934239 0.087849 0.038901
0.823801 0.157792 0.077196 0.050515
0.174448 0.264936 0.072329 0.042144
0.490100 0.970173 0.088167 0.040650
0.709010 0.173795 0.062997 0.047479
0.276271 0.577042 0.065676 0.047295
0.709350 0.594793 0.070049 0.051167
0.492092 0.620398 0.082288 0.040156
0.707495 0.287873 0.082654 0.048856
0.276395 0.524979 0.070151 0.040999
0.594636 0.803943 0.098608 0.050978
0.073302 0.165594 0.078918 0.047640
0.075530 0.057045 0.079683 0.051040
0.812045 0.569185 0.094710 0.062268
0.591409 0.060136 0.085239 0.054447
0.069807 0.384367 0.071984 0.050119
0.928075 0.186787 0.064610 0.046533
0.380203 0.169762 0.058302 0.044699
0.490946 0.112923 0.067132 0.047829
0.487009 0.167629 0.081623 0.057513
0.812133 0.970869 0.077598 0.035957
0.381661 0.962947 0.075885 0.051690
0.380355 0.495776 0.070664 0.045172
0.276951 0.364031 0.068610 0.046060
0.276545 0.746507 0.051984 0.040484
0.172970 0.670527 0.075880 0.054502
0.926000 0.443922 0.074037 0.036466
0.487478 0.475669 0.059045 0.045808
0.704335 0.541513 0.058573 0.044947
0.596935 0.118356 0.087567 0.053758
0.817731 0.320714 0.065977 0.044967
0.279099 0.855602 0.062736 0.058698
0.489602 0.059836 0.069450 0.053429
0.278370 0.475791 0.076686 0.042991
0.269847 0.639859 0.077955 0.064453
0.929078 0.862840 0.064160 0.056553
0.711624 0.446040 0.067892 0.051556
0.070581 0.270522 0.055434 0.041948
0.712255 0.392977 0.057284 0.043279
0.382078 0.061287 0.074407 0.058739
0.280753 0.120874 0.069463 0.035519
0.066625 0.850417 0.071080 0.043411
0.171581 0.618585 0.070692 0.045479
0.822828 0.057145 0.068051 0.042869
0.932717 0.064056 0.077621 0.058757
0.063847 0.958104 0.084306 0.045911
0.816465 0.845007 0.048734 0.041252
0.706143 0.229685 0.097010 0.056567
0.171351 0.369487 0.067819 0.055500
0.706007 0.494914 0.060341 0.037578
0.281495 0.311766 0.068476 0.041543
0.172137 0.523108 0.048051 0.043588
0.070827 0.220619 0.058652 0.050237
0.173371 0.216758 0.074186 0.052267
0.815063 0.513603 0.062232 0.039038
0.070791 0.324018 0.073921 0.049824
0.814475 0.623876 0.074405 0.047281
0.923103 0.762462 0.044745 0.040037
0.182293 0.063325 0.071180 0.062888
0.378744 0.600766 0.081397 0.046126
0.378582 0.550542 0.076775 0.048116
0.067130 0.642974 0.054833 0.045936
0.930642 0.128859 0.076889 0.062107
0.705073 0.912540 0.046401 0.047916
0.281500 0.064245 0.062531 0.064572
