0.505234 0.290676 0.064896 0.035481
0.619158 0.685130 0.058865 0.037176
0.724735 0.390290 0.057308 0.037868
0.721688 0.429510 0.064650 0.031757
0.733653 0.642615 0.057378 0.036970
0.503484 0.253088 0.058356 0.034051
0.392203 0.621618 0.061753 0.038064
0.726237 0.678682 0.064685 0.035194
0.503136 0.180380 0.057582 0.036402
0.507030 0.717465 0.051114 0.033580
0.718285 0.278645 0.058593 0.038179
0.823031 0.668363 0.051541 0.038982
0.718369 0.495012 0.075392 0.033545
0.937904 0.849303 0.061293 0.033909
0.507462 0.752469 0.060617 0.035820
0.825342 0.631601 0.054959 0.032342
0.937869 0.403379 0.055224 0.029812
0.279689 0.918549 0.052306 0.032236
0.934420 0.783301 0.060977 0.034310
0.275623 0.103147 0.055308 0.035446
0.937259 0.292671 0.053864 0.033504
0.507194 0.857182 0.061617 0.038331
0.280014 0.602339 0.052016 0.035541
0.277848 0.845786 0.069088 0.039512
0.939639 0.464092 0.052108 0.034088
0.820934 0.539093 0.056616 0.032702
0.827368 0.769642 0.056720 0.038380
0.932071 0.745818 0.051337 0.037185
0.279474 0.210522 0.055343 0.041651
0.506150 0.681623 0.046902 0.033111
0.936227 0.100490 0.060776 0.037826
0.505190 0.646546 0.054910 0.031677
0.173465 0.812949 0.048141 0.035730
0.274889 0.808213 0.062280 0.036186
0.276916 0.566063 0.064886 0.035173
0.620318 0.357451 0.052775 0.041084
0.938212 0.328839 0.048619 0.037836
0.281568 0.634739 0.062206 0.028172
0.820371 0.504457 0.049350 0.032358
0.936419 0.369448 0.054436 0.039620
0.175285 0.304125 0.053822 0.038935
0.721916 0.461843 0.052964 0.032319
0.280400 0.884059 0.049108 0.031421
0.723228 0.238715 0.061235 0.037034
0.722250 0.318297 0.054767 0.035280
0.715339 0.103180 0.056920 0.036346
0.061201 0.728280 0.057670 0.039694
0.504284 0.530870 0.059193 0.028887
0.720652 0.353207 0.053364 0.029509
0.059430 0.805339 0.045789 0.035845
0.621624 0.921723 0.054276 0.036600
0.282507 0.704058 0.055688 0.040045
0.823835 0.254268 0.051253 0.031657
0.821171 0.706220 0.053528 0.032634
0.725126 0.572031 0.056177 0.034514
0.407499 0.785401 0.048580 0.037692
0.933793 0.178323 0.061815 0.034462
0.396658 0.581278 0.055385 0.036555
0.060588 0.950606 0.051093 0.031714
0.174618 0.777949 0.044048 0.033331
0.289794 0.743635 0.055052 0.028733
0.822249 0.396077 0.049054 0.031610
0.509809 0.820169 0.054346 0.036999
0.056960 0.841168 0.046931 0.028518
0.618812 0.647014 0.049603 0.034133
0.282785 0.363658 0.046872 0.036562
0.061150 0.921700 0.051389 0.027583
0.063277 0.590265 0.052544 0.035974
0.501503 0.140257 0.061235 0.035859
0.619375 0.884874 0.056929 0.034307
0.500874 0.216484 0.055445 0.033912
0.824052 0.325932 0.049748 0.040232
0.933165 0.063719 0.055016 0.036443
0.821342 0.598612 0.046829 0.033554
0.397656 0.657959 0.048123 0.030479
0.942982 0.500705 0.057184 0.038144
0.493293 0.101673 0.061447 0.036919
0.281621 0.774568 0.048752 0.029478
0.724476 0.718221 0.058032 0.036861
0.177496 0.415172 0.055649 0.036922
0.934102 0.214889 0.055065 0.041136
0.279652 0.169610 0.053668 0.039677
0.608631 0.235808 0.054626 0.035438
0.616695 0.478532 0.055428 0.038788
0.944241 0.886125 0.057290 0.037988
0.825941 0.948263 0.056481 0.033212
0.821478 0.363984 0.046145 0.030109
0.179438 0.451361 0.050908 0.034691
0.939728 0.536887 0.047148 0.028620
0.935743 0.255468 0.052726 0.038771
0.177203 0.375814 0.058371 0.033231
0.176668 0.341868 0.049058 0.033241
0.284907 0.667286 0.055434 0.033498
0.170000 0.153194 0.054599 0.037896
0.173442 0.742918 0.049872 0.030738
0.283167 0.252352 0.048467 0.039098
0.818873 0.468107 0.059289 0.037568
0.384455 0.508657 0.057166 0.039924
0.630825 0.957439 0.068292 0.034972
0.492038 0.064992 0.057385 0.033319
0.174135 0.882992 0.051710 0.029912
0.610499 0.197606 0.051944 0.039211
0.408041 0.959409 0.048818 0.033240
0.509459 0.784334 0.064884 0.031459
0.927859 0.667891 0.051896 0.035889
0.937217 0.140686 0.050100 0.040099
0.174325 0.849320 0.062349 0.035549
0.929506 0.708931 0.047409 0.037304
0.403965 0.822237 0.047556 0.033990
0.934238 0.603629 0.050969 0.037901
0.400345 0.345392 0.059549 0.034953
0.062376 0.518969 0.066940 0.035301
0.714687 0.856508 0.051869 0.037323
0.619019 0.440410 0.047408 0.034481
0.727428 0.608267 0.050403 0.029170
0.175251 0.267849 0.050266 0.028295
0.619267 0.767055 0.052504 0.032878
0.392826 0.276185 0.049618 0.039956
0.720065 0.925286 0.051080 0.029796
0.708304 0.064071 0.053715 0.040055
0.615121 0.318517 0.055248 0.033749
0.398394 0.691529 0.043647 0.033200
0.722888 0.171268 0.062573 0.035514
0.828202 0.138384 0.062821 0.030955
0.717112 0.138335 0.055323 0.029679
0.619108 0.402817 0.050500 0.042269
0.394289 0.234307 0.048463 0.036965
0.170187 0.704332 0.049972 0.037805
0.939767 0.432406 0.049946 0.029203
0.174995 0.193529 0.054029 0.041169
0.501432 0.491109 0.047857 0.043992
0.064069 0.149721 0.053351 0.039865
0.405385 0.750596 0.050994 0.030487
0.172010 0.235745 0.047233 0.031631
0.717509 0.208860 0.056754 0.025865
0.615543 0.583148 0.047739 0.030696
0.703044 0.024382 0.054512 0.035954
0.502878 0.454918 0.051835 0.025714
0.502900 0.328264 0.062712 0.036510
0.061577 0.554043 0.045930 0.032607
0.405588 0.892189 0.047058 0.027690
0.389453 0.200419 0.047479 0.029085
0.059438 0.869175 0.046712 0.026422
0.510957 0.947143 0.051530 0.029839
0.058634 0.408076 0.050410 0.033992
0.943826 0.923833 0.045767 0.033767
0.060035 0.109785 0.053252 0.040775
0.282149 0.293249 0.045044 0.034556
0.722452 0.533762 0.064764 0.040479
0.504193 0.604645 0.056551 0.046904
0.176875 0.515499 0.050973 0.032414
0.823236 0.737105 0.054550 0.023897
0.402357 0.722128 0.046422 0.025157
0.932850 0.814110 0.046999 0.029938
0.060941 0.688106 0.046140 0.035107
0.504583 0.396765 0.045293 0.035340
0.826448 0.887467 0.045876 0.034853
0.822159 0.430377 0.046467 0.036580
0.723799 0.956550 0.045243 0.034069
0.820902 0.168781 0.053386 0.030936
0.173517 0.483748 0.045443 0.027802
0.824291 0.201734 0.053696 0.034102
0.394665 0.546896 0.053725 0.028227
0.484652 0.029124 0.061435 0.036815
0.725476 0.756012 0.047812 0.034456
0.401335 0.856626 0.043277 0.032161
0.281814 0.401977 0.049469 0.040733
0.721778 0.793740 0.049843 0.036149
0.934469 0.567638 0.057906 0.028997
0.066420 0.187915 0.046257 0.037708
0.718629 0.891533 0.046708 0.033831
0.066091 0.260249 0.049435 0.038018
0.283142 0.327221 0.041111 0.027336
0.827270 0.287163 0.045352 0.030402
0.825010 0.917700 0.047031 0.027674
0.176536 0.552458 0.049690 0.042125
0.070947 0.225165 0.051135 0.032820
0.277518 0.532463 0.051567 0.032601
0.057554 0.897102 0.049395 0.021782
0.063081 0.655072 0.045646 0.028201
0.613563 0.546661 0.048609 0.033733
0.167043 0.072769 0.051931 0.042775
0.061270 0.440767 0.043253 0.030625
0.061024 0.371366 0.044276 0.033458
0.064905 0.297471 0.049096 0.032154
0.166221 0.115292 0.045781 0.038163
0.931871 0.636578 0.045853 0.024685
0.058336 0.066701 0.062213 0.041286
0.274819 0.026602 0.054987 0.032865
0.390174 0.430793 0.046216 0.041622
0.175768 0.664207 0.047508 0.039525
0.814641 0.029853 0.050029 0.041947
0.504683 0.363592 0.047717 0.030612
0.276266 0.134286 0.066296 0.024719
0.386015 0.169075 0.046268 0.030476
0.822944 0.102626 0.044026 0.039700
0.273586 0.066139 0.046723 0.036920
0.500987 0.427170 0.062689 0.024452
0.609477 0.135644 0.049776 0.031404
0.930568 0.024710 0.048045 0.039877
0.390106 0.470975 0.044515 0.035191
0.502330 0.561726 0.044945 0.032094
0.618489 0.799160 0.046285 0.025932
0.171421 0.912459 0.057522 0.029420
0.821504 0.846979 0.056922 0.047110
0.947851 0.954215 0.041996 0.027262
0.286955 0.951341 0.059456 0.028664
0.061338 0.767513 0.038220 0.036312
0.060290 0.334254 0.040708 0.037345
0.606095 0.164619 0.057825 0.028749
0.616300 0.514352 0.044055 0.031862
0.607948 0.094893 0.050709 0.044435
0.511177 0.892720 0.047790 0.025132
0.617408 0.725912 0.051599 0.041937
0.725999 0.823649 0.044096 0.024119
0.388034 0.138049 0.045839 0.032489
0.622021 0.612937 0.047095 0.022517
0.390651 0.312722 0.038452 0.032249
0.514365 0.919291 0.046268 0.023646
0.168540 0.030176 0.044724 0.040981
0.826085 0.803900 0.038247 0.029284
0.273865 0.500753 0.039184 0.029139
0.818410 0.066135 0.045832 0.031162
0.515880 0.973653 0.046828 0.026533
0.274398 0.442362 0.051132 0.039152
0.820735 0.568599 0.044116 0.025316
0.620000 0.834405 0.062118 0.040970
0.061158 0.478591 0.048136 0.042378
0.392395 0.387206 0.047802 0.040948
0.176093 0.590476 0.048036 0.030891
0.602942 0.026023 0.047504 0.031981
0.061036 0.028440 0.043429 0.035977
0.401655 0.925254 0.038979 0.035870
0.181383 0.622763 0.057175 0.041586
0.056368 0.624589 0.059321 0.033343
0.391884 0.105212 0.039282 0.031222
0.393474 0.071259 0.045666 0.036674
0.276747 0.473761 0.037002 0.024598
0.614644 0.274356 0.062091 0.045871
0.827243 0.226844 0.037117 0.019591
0.177882 0.943034 0.064915 0.035100
0.389342 0.031565 0.045668 0.037625
0.606763 0.054001 0.042476 0.024519
