0.495957 0.548837 0.062251 0.035935
0.175096 0.222377 0.052358 0.037788
0.492143 0.587738 0.055104 0.038717
0.386252 0.671864 0.049807 0.037640
0.176438 0.580543 0.065576 0.042441
0.819928 0.732357 0.059053 0.041566
0.284597 0.247895 0.058615 0.033148
0.614086 0.222716 0.073950 0.036741
0.484046 0.847882 0.053683 0.042205
0.068171 0.759314 0.058091 0.039829
0.722651 0.178287 0.059375 0.034163
0.491313 0.429592 0.053676 0.038152
0.380521 0.939735 0.065778 0.040916
0.172395 0.534149 0.059585 0.042150
0.393984 0.104286 0.048508 0.035572
0.821730 0.925856 0.065415 0.039038
0.713102 0.605108 0.053706 0.036795
0.614904 0.144658 0.053974 0.040976
0.613892 0.104821 0.056383 0.036894
0.492356 0.392672 0.051895 0.037094
0.938900 0.480467 0.057895 0.042630
0.598249 0.762004 0.050640 0.038761
0.379751 0.897611 0.059064 0.039171
0.606672 0.366534 0.056429 0.037654
0.168283 0.665237 0.066614 0.038895
0.822648 0.582229 0.060507 0.034570
0.172987 0.852735 0.053035 0.035427
0.939617 0.134378 0.048112 0.031020
0.491106 0.468098 0.057528 0.036061
0.172581 0.890845 0.051144 0.036391
0.600551 0.908010 0.067410 0.034612
0.066386 0.233406 0.054476 0.035793
0.386422 0.261437 0.050858 0.042393
0.714554 0.959664 0.051667 0.036861
0.067919 0.719850 0.053191 0.036598
0.271446 0.875479 0.053631 0.038207
0.598828 0.874333 0.049266 0.031890
0.068749 0.472868 0.066723 0.040729
0.823325 0.547842 0.050105 0.033686
0.597472 0.839040 0.048399 0.037425
0.603470 0.548444 0.065739 0.037658
0.065820 0.195261 0.053881 0.040751
0.711621 0.677669 0.053458 0.044163
0.176875 0.958207 0.053363 0.035871
0.937213 0.642688 0.050422 0.036126
0.598008 0.799717 0.049423 0.035974
0.268769 0.751869 0.054229 0.039619
0.601802 0.408187 0.057850 0.042693
0.066018 0.683839 0.054029 0.036528
0.064730 0.109430 0.060123 0.042128
0.074529 0.920727 0.065515 0.037858
0.722809 0.029725 0.053148 0.041167
0.933272 0.822069 0.053089 0.040082
0.821825 0.691524 0.052067 0.039404
0.600966 0.449098 0.054024 0.036472
0.278475 0.384281 0.049433 0.037423
0.483790 0.890955 0.049029 0.040427
0.269153 0.791909 0.050141 0.039393
0.715042 0.868399 0.052489 0.033561
0.175621 0.291236 0.053594 0.033494
0.604937 0.621343 0.052423 0.037491
0.939143 0.407495 0.057085 0.036147
0.481153 0.808469 0.050431 0.035093
0.063124 0.353497 0.070133 0.040097
0.176007 0.110891 0.061613 0.039544
0.935662 0.710682 0.048787 0.042755
0.385379 0.439920 0.058478 0.038640
0.713411 0.800611 0.053442 0.035148
0.934671 0.605347 0.059983 0.034452
0.489522 0.508647 0.062722 0.040185
0.383939 0.747193 0.051372 0.028186
0.065874 0.152176 0.061235 0.040354
0.932755 0.304325 0.060444 0.040600
0.174485 0.408163 0.059955 0.043343
0.068104 0.431532 0.053656 0.040009
0.605892 0.512533 0.054600 0.034983
0.077630 0.958420 0.063724 0.039194
0.717865 0.458986 0.047933 0.040519
0.166211 0.781822 0.049830 0.037087
0.269369 0.674279 0.056455 0.041383
0.394609 0.174738 0.050309 0.038036
0.177258 0.448863 0.066407 0.035829
0.822543 0.617979 0.054768 0.038241
0.488364 0.930155 0.050167 0.038282
0.828755 0.253690 0.061257 0.030535
0.606446 0.659868 0.050630 0.039775
0.387979 0.711903 0.057876 0.035593
0.832992 0.124447 0.050392 0.034499
0.824962 0.654387 0.054084 0.035700
0.932601 0.201649 0.049986 0.035956
0.941106 0.566639 0.056968 0.037855
0.381767 0.783516 0.049330 0.038159
0.724655 0.067386 0.058978 0.031563
0.395029 0.068444 0.050440 0.032890
0.614942 0.292913 0.064422 0.029994
0.170141 0.817914 0.051249 0.032540
0.175767 0.924488 0.057336 0.023717
0.608679 0.584753 0.058909 0.031643
0.064093 0.557067 0.059347 0.045183
0.933037 0.784523 0.045086 0.035044
0.828329 0.287004 0.053782 0.033214
0.720966 0.541269 0.051107 0.026652
0.934597 0.442088 0.053554 0.030609
0.716819 0.252115 0.047218 0.035509
0.615708 0.186265 0.045537 0.034745
0.283968 0.141897 0.057191 0.031012
0.067945 0.598345 0.056411 0.036656
0.282311 0.282337 0.054299 0.032658
0.494439 0.623783 0.055123 0.025866
0.932831 0.900415 0.053608 0.039887
0.832758 0.358681 0.055069 0.031936
0.385802 0.634521 0.057034 0.032790
0.166894 0.745427 0.051688 0.036853
0.285616 0.176571 0.045078 0.037071
0.489266 0.660582 0.052232 0.042709
0.714700 0.639423 0.044759 0.031138
0.493779 0.355111 0.050260 0.031265
0.491787 0.321677 0.050974 0.034326
0.503036 0.053988 0.057507 0.034359
0.934703 0.101572 0.046257 0.035387
0.274765 0.834540 0.046076 0.040683
0.169573 0.623424 0.060187 0.037920
0.933756 0.956619 0.048272 0.031066
0.180489 0.149536 0.054755 0.036546
0.938733 0.165483 0.041975 0.030808
0.382775 0.523245 0.050150 0.035460
0.170100 0.259178 0.046958 0.031130
0.827231 0.454898 0.047561 0.040034
0.168670 0.705670 0.056157 0.041294
0.288047 0.071557 0.056101 0.037838
0.597961 0.724618 0.051732 0.030615
0.279012 0.505801 0.053521 0.031669
0.714141 0.570787 0.046713 0.030849
0.286790 0.212940 0.048799 0.033153
0.387356 0.299837 0.047707 0.034798
0.273524 0.584706 0.051172 0.045301
0.396431 0.031302 0.052825 0.042540
0.505618 0.089689 0.058583 0.034841
0.720489 0.213928 0.046056 0.037640
0.067006 0.071096 0.051029 0.035352
0.175370 0.185622 0.046474 0.033205
0.727175 0.145650 0.049540 0.031308
0.714205 0.835513 0.045682 0.034191
0.070132 0.877698 0.050312 0.044134
0.716877 0.290572 0.051927 0.036884
0.935847 0.750284 0.048157 0.033873
0.490142 0.701920 0.057554 0.040910
0.068454 0.513977 0.052282 0.038870
0.175687 0.326255 0.055014 0.031898
0.275241 0.541244 0.055740 0.039546
0.483057 0.740313 0.056863 0.035737
0.827040 0.860485 0.049888 0.038014
0.380202 0.482168 0.061679 0.041269
0.936003 0.371553 0.052656 0.028835
0.284019 0.030601 0.052873 0.041490
0.381707 0.561666 0.047842 0.042588
0.820559 0.892563 0.052748 0.028352
0.172570 0.364008 0.065470 0.041495
0.269399 0.713460 0.051107 0.036096
0.386007 0.976354 0.061700 0.030524
0.172961 0.490267 0.046255 0.042139
0.830132 0.963570 0.066465 0.032198
0.827491 0.159012 0.039957 0.032549
0.287862 0.108107 0.051601 0.035012
0.823048 0.515005 0.047329 0.029959
0.282497 0.423136 0.058509 0.041752
0.275684 0.629606 0.048101 0.046095
0.608440 0.326977 0.048845 0.038645
0.718245 0.421544 0.043588 0.034714
0.386127 0.600591 0.062812 0.035625
0.831665 0.087512 0.048076 0.037829
0.827241 0.222153 0.043754 0.033585
0.069355 0.268397 0.053725 0.031264
0.718586 0.380402 0.046959 0.042925
0.715343 0.503372 0.044529 0.043644
0.385298 0.365026 0.045662 0.041288
0.394733 0.139060 0.042162 0.032150
0.064678 0.393462 0.051114 0.036892
0.384250 0.330317 0.066337 0.026721
0.829918 0.323440 0.044502 0.037452
0.393987 0.216493 0.050813 0.045369
0.829051 0.189697 0.049292 0.030805
0.378718 0.402537 0.045988 0.033946
0.174604 0.073115 0.045154 0.036367
0.934875 0.233495 0.038483 0.028892
0.268426 0.911058 0.060501 0.025774
0.604693 0.480541 0.053548 0.026609
0.280608 0.466752 0.048528 0.043604
0.383399 0.818345 0.044278 0.027866
0.724820 0.106135 0.050456 0.045083
0.935236 0.339308 0.052289 0.024978
0.497915 0.211755 0.058480 0.037559
0.491040 0.963936 0.052802 0.033612
0.933896 0.267204 0.042507 0.031387
0.826457 0.796405 0.062808 0.031533
0.714928 0.333244 0.065008 0.045399
0.613177 0.027728 0.057482 0.046492
0.825585 0.388448 0.045604 0.025824
0.935632 0.858744 0.040237 0.035355
0.597530 0.696008 0.043164 0.028416
0.932754 0.066258 0.042898 0.030336
0.070994 0.795733 0.048396 0.028184
0.493174 0.286782 0.043838 0.034080
0.826881 0.417832 0.039775 0.030880
0.713883 0.716340 0.056793 0.033897
0.941112 0.675130 0.052219 0.024310
0.499267 0.170013 0.044737 0.043946
0.715914 0.900273 0.045088 0.028533
0.071362 0.830289 0.054565 0.042108
0.068512 0.640006 0.050081 0.042744
0.609606 0.260801 0.053581 0.037199
0.062639 0.032883 0.056467 0.041689
0.496331 0.251173 0.043764 0.037100
0.935258 0.930819 0.052121 0.021122
0.819632 0.767571 0.059669 0.027678
0.067141 0.308909 0.050961 0.047398
0.505114 0.125962 0.049034 0.039641
0.709998 0.743494 0.068669 0.026860
0.715472 0.769444 0.046786 0.023992
0.279847 0.347210 0.042711 0.034293
0.174782 0.033631 0.048656 0.040008
0.484105 0.773515 0.039430 0.034115
0.282008 0.316173 0.042450 0.032437
0.827574 0.050704 0.057772 0.032365
0.824010 0.487219 0.038770 0.025916
0.598512 0.946065 0.068291 0.038128
0.716923 0.924374 0.045860 0.028680
0.273203 0.969787 0.059705 0.031024
0.381002 0.856594 0.047228 0.034598
0.271716 0.941087 0.044448 0.030739
0.502972 0.024458 0.061462 0.029775
0.615140 0.068163 0.039909 0.035294
0.831201 0.018975 0.038679 0.025552
0.827015 0.823259 0.055265 0.030516
0.605376 0.973543 0.052541 0.024562
0.932938 0.031405 0.035269 0.034136
0.939228 0.524478 0.075630 0.041347
