0.826207 0.327687 0.080291 0.052946
0.820426 0.729439 0.076147 0.048991
0.496438 0.231903 0.080418 0.054926
0.390890 0.151394 0.069518 0.047930
0.280274 0.690919 0.086197 0.050251
0.605402 0.524927 0.077083 0.051759
0.605058 0.315372 0.082881 0.042540
0.388209 0.557172 0.085749 0.055386
0.276247 0.268435 0.073108 0.051424
0.388902 0.257799 0.083154 0.053681
0.718213 0.391169 0.080154 0.050726
0.493798 0.896647 0.086813 0.053281
0.279334 0.951140 0.071990 0.053575
0.832014 0.224774 0.073234 0.052247
0.827006 0.476424 0.079961 0.050736
0.387465 0.770132 0.079959 0.045024
0.070328 0.747537 0.083947 0.043885
0.499320 0.508701 0.090702 0.054645
0.601690 0.856768 0.077412 0.050051
0.286998 0.172431 0.080796 0.051848
0.932915 0.116793 0.083317 0.052233
0.392388 0.450857 0.078636 0.042714
0.934247 0.625876 0.069478 0.052299
0.931245 0.777219 0.076123 0.043721
0.497592 0.620473 0.076834 0.059000
0.827138 0.530809 0.076349 0.049488
0.498992 0.285583 0.093241 0.051019
0.386440 0.867677 0.082252 0.047520
0.930019 0.680445 0.079682 0.047434
0.931212 0.427225 0.062925 0.052152
0.282033 0.373109 0.062693 0.053068
0.069911 0.123626 0.091319 0.057383
0.930869 0.165992 0.071759 0.044367
0.388649 0.818533 0.070034 0.046594
0.930115 0.477483 0.083121 0.042960
0.721652 0.535311 0.080368 0.043419
0.172608 0.786655 0.088306 0.050241
0.279921 0.120986 0.073399 0.046578
0.722386 0.239884 0.087978 0.058530
0.389112 0.610827 0.077767 0.047054
0.718480 0.584658 0.090486 0.044863
0.827580 0.781213 0.071227 0.052113
0.828826 0.380307 0.083017 0.047088
0.283889 0.320695 0.067027 0.047755
0.386002 0.918336 0.079767 0.048256
0.605749 0.418552 0.065014 0.050142
0.717423 0.338482 0.074772 0.047653
0.284104 0.896039 0.069803 0.048387
0.387006 0.201913 0.071247 0.047182
0.722445 0.846195 0.079805 0.044402
0.075767 0.698472 0.077654 0.048923
0.606836 0.471876 0.069800 0.052565
0.073575 0.870049 0.074951 0.058797
0.499778 0.843377 0.067782 0.052059
0.489954 0.119456 0.086943 0.051859
0.282144 0.425945 0.064635 0.048361
0.071670 0.386161 0.071425 0.057853
0.181649 0.883585 0.070486 0.049025
0.716395 0.947217 0.082398 0.060972
0.071003 0.503324 0.074811 0.051401
0.829108 0.916049 0.070606 0.043236
0.284718 0.846298 0.073068 0.043134
0.605961 0.754672 0.085905 0.049509
0.609574 0.366138 0.063863 0.050128
0.718334 0.797218 0.071028 0.042571
0.075304 0.328960 0.079538 0.046274
0.722456 0.180872 0.067045 0.047461
0.385683 0.407016 0.063666 0.041499
0.276775 0.635690 0.074217 0.055254
0.828211 0.830886 0.063644 0.045580
0.499670 0.066266 0.082180 0.050180
0.067994 0.644658 0.070574 0.053258
0.605242 0.266902 0.078675 0.045202
0.611414 0.168277 0.067755 0.049353
0.930931 0.314061 0.081155 0.046868
0.930291 0.924733 0.085514 0.039762
0.718097 0.642515 0.082605 0.058842
0.827822 0.426792 0.069314 0.038278
0.928443 0.881933 0.074876 0.044952
0.826437 0.275595 0.072256 0.047813
0.071308 0.279195 0.087585 0.050590
0.925798 0.830405 0.080296 0.055511
0.393392 0.105313 0.077543 0.036570
0.933692 0.263055 0.077185 0.045882
0.719611 0.893009 0.088696 0.042729
0.503428 0.393934 0.070944 0.051082
0.935880 0.574859 0.063744 0.047332
0.932727 0.213127 0.067518 0.039068
0.719866 0.748695 0.079264 0.044081
0.720278 0.127229 0.085034 0.058398
0.722801 0.070686 0.092166 0.050239
0.278437 0.220220 0.079163 0.041299
0.828717 0.116547 0.081720 0.056392
0.384506 0.310115 0.074594 0.054363
0.722317 0.698694 0.073121 0.047434
0.384481 0.360401 0.065242 0.041566
0.282212 0.533950 0.067026 0.058982
0.179588 0.319227 0.062552 0.059631
0.823565 0.677078 0.064414 0.049036
0.720923 0.488309 0.065890 0.045940
0.392484 0.722508 0.072919 0.048434
0.503219 0.339742 0.075099 0.053970
0.072115 0.803730 0.071606 0.061842
0.284486 0.065988 0.065685 0.050552
0.390003 0.668097 0.062860 0.058033
0.176266 0.263527 0.072568 0.048266
0.499168 0.721690 0.072401 0.050820
0.283555 0.477839 0.064871 0.048735
0.611583 0.218013 0.076379 0.043369
0.179428 0.377390 0.065870 0.047557
0.385559 0.501319 0.070167 0.045047
0.072699 0.065535 0.069807 0.053060
0.723422 0.290458 0.080499 0.040403
0.072926 0.922518 0.077377 0.040181
0.285559 0.585397 0.067412 0.038808
0.601148 0.699172 0.072093 0.052240
0.496560 0.782449 0.064844 0.061153
0.068984 0.445653 0.077942 0.055734
0.498915 0.563202 0.070422 0.052777
0.388395 0.962723 0.080304 0.041318
0.604649 0.953686 0.085360 0.048320
0.286092 0.796718 0.075668 0.039816
0.605501 0.063497 0.080530 0.045762
0.826742 0.170342 0.072007 0.050713
0.931684 0.524348 0.066359 0.039085
0.175001 0.733647 0.057760 0.050395
0.172993 0.532428 0.070565 0.052475
0.930706 0.066455 0.068339 0.039570
0.071295 0.597071 0.078985 0.037164
0.187037 0.063798 0.064510 0.046322
0.934406 0.370397 0.058586 0.055457
0.930339 0.964370 0.079366 0.039647
0.825373 0.961108 0.081520 0.046819
0.721491 0.439574 0.048406 0.045071
0.180388 0.834822 0.065435 0.042501
0.608887 0.907483 0.053148 0.043509
0.932880 0.731025 0.052531 0.046268
0.828450 0.873284 0.050605 0.036891
0.608475 0.115047 0.057751 0.051712
0.183749 0.163169 0.062278 0.046957
0.170107 0.928162 0.071851 0.040616
0.180749 0.579692 0.066399 0.042317
0.607496 0.804657 0.063084 0.047177
0.829022 0.627545 0.073376 0.037671
0.180191 0.681258 0.066765 0.048435
0.179300 0.473880 0.071774 0.055090
0.182165 0.114065 0.061305 0.049295
0.497812 0.672046 0.080857 0.036067
0.077205 0.960226 0.083906 0.038767
0.606895 0.640992 0.066448 0.064021
0.072860 0.224510 0.056408 0.045606
0.073619 0.174767 0.055568 0.042659
0.178033 0.968035 0.090921 0.041697
0.180885 0.211956 0.057294 0.045035
0.177021 0.424928 0.059136 0.036136
0.390052 0.061360 0.054684 0.042758
0.607154 0.578451 0.066523 0.048778
0.500744 0.950935 0.086020 0.049694
0.826459 0.065603 0.058185 0.039780
0.072421 0.552540 0.057330 0.044021
0.183251 0.627981 0.079446 0.052709
0.283985 0.748640 0.056801 0.054851
0.828458 0.584005 0.051807 0.047898
0.500054 0.458635 0.053958 0.040697
0.497288 0.172576 0.059899 0.052796
0.497340 0.441971 0.051948 0.037080
