0.407180 0.809490 0.059254 0.030186
0.198162 0.741099 0.061313 0.034574
0.296801 0.181737 0.063076 0.032404
0.198170 0.181463 0.060033 0.035708
0.393633 0.361033 0.066596 0.029226
0.881406 0.870707 0.051556 0.031336
0.296694 0.310543 0.060655 0.031501
0.492816 0.376910 0.066214 0.036415
0.686551 0.257972 0.053238 0.029938
0.295092 0.277651 0.052112 0.029134
0.397437 0.712966 0.059400 0.035230
0.688515 0.565523 0.054604 0.037559
0.297477 0.628647 0.056338 0.038855
0.882697 0.834396 0.047811 0.034549
0.689270 0.796177 0.051391 0.027602
0.878316 0.127054 0.050961 0.031403
0.493658 0.270029 0.055393 0.031131
0.200407 0.661068 0.061175 0.046029
0.497380 0.617797 0.057990 0.033565
0.781723 0.729924 0.050558 0.032980
0.198029 0.339967 0.072572 0.033680
0.192253 0.863472 0.054390 0.030659
0.500518 0.654881 0.056364 0.036603
0.400250 0.746695 0.051673 0.027472
0.200184 0.615672 0.064962 0.033673
0.686921 0.290043 0.057497 0.026464
0.877817 0.356741 0.059424 0.034364
0.501875 0.692478 0.054147 0.030536
0.687603 0.389225 0.049677 0.030943
0.692885 0.762217 0.052987 0.033744
0.199947 0.246164 0.061729 0.042468
0.685166 0.165923 0.052010 0.033069
0.407867 0.879147 0.056954 0.026201
0.785812 0.271478 0.056255 0.028660
0.688701 0.319482 0.051756 0.029844
0.879935 0.637142 0.048303 0.033520
0.592175 0.133778 0.046064 0.035158
0.882466 0.392556 0.056902 0.032280
0.400283 0.777496 0.048729 0.029013
0.780876 0.642952 0.060242 0.036393
0.496204 0.858988 0.057451 0.038153
0.688219 0.692978 0.057715 0.026572
0.397260 0.512709 0.050178 0.041028
0.194132 0.579313 0.054513 0.028547
0.879840 0.227766 0.057322 0.035947
0.880711 0.740120 0.056430 0.032039
0.588826 0.211578 0.054700 0.036690
0.690988 0.603873 0.050268 0.031438
0.503897 0.755649 0.063652 0.026438
0.193270 0.835166 0.061167 0.025215
0.495512 0.084720 0.053856 0.026928
0.784313 0.240191 0.052176 0.028838
0.195126 0.476275 0.061813 0.029267
0.493891 0.167292 0.050381 0.034882
0.297135 0.088443 0.052591 0.034538
0.881911 0.263405 0.054707 0.028430
0.685033 0.124161 0.049771 0.037359
0.495933 0.204286 0.048593 0.030439
0.882297 0.457016 0.049443 0.028786
0.785384 0.805292 0.054116 0.025880
0.879112 0.319827 0.049692 0.029628
0.197566 0.704600 0.052606 0.033544
0.878251 0.702115 0.049934 0.036596
0.494837 0.581385 0.050964 0.030548
0.492589 0.511236 0.055654 0.033072
0.788067 0.302788 0.055463 0.031203
0.688728 0.639820 0.054477 0.028957
0.395500 0.323820 0.052346 0.032718
0.194052 0.442061 0.055213 0.032855
0.499694 0.305469 0.059258 0.029926
0.787962 0.370832 0.050040 0.031836
0.197070 0.147115 0.066780 0.026572
0.591703 0.098015 0.051326 0.027937
0.195024 0.806356 0.064045 0.024366
0.300510 0.739152 0.059133 0.031862
0.881020 0.488698 0.050884 0.026845
0.880253 0.600728 0.050933 0.028726
0.293772 0.340921 0.060403 0.025630
0.200122 0.542492 0.053931 0.043202
0.782418 0.535450 0.047121 0.026703
0.298685 0.244474 0.051886 0.030807
0.299584 0.122505 0.058055 0.032592
0.689501 0.526731 0.051131 0.032157
0.784859 0.402931 0.058811 0.030734
0.687879 0.666296 0.056117 0.023466
0.393511 0.184735 0.061210 0.028624
0.297779 0.560599 0.060584 0.026228
0.683918 0.225691 0.046530 0.026726
0.300247 0.371108 0.055124 0.031476
0.302446 0.592034 0.059004 0.028145
0.788835 0.837595 0.052209 0.034229
0.394756 0.393128 0.062832 0.028969
0.785516 0.123353 0.048686 0.025983
0.492959 0.236369 0.050217 0.024618
0.784774 0.152173 0.039115 0.029100
0.782342 0.434813 0.050649 0.024308
0.882268 0.774317 0.057490 0.025976
0.501974 0.898928 0.060324 0.035166
0.296120 0.525838 0.048105 0.036881
0.500608 0.791860 0.068072 0.036448
0.303110 0.805038 0.063188 0.025547
0.784732 0.462623 0.046861 0.026540
0.693893 0.487058 0.051341 0.035083
0.394159 0.095170 0.049725 0.031159
0.394867 0.059754 0.051321 0.031870
0.393794 0.255087 0.055738 0.033635
0.407115 0.846830 0.054612 0.032369
0.785158 0.184417 0.039661 0.029118
0.401537 0.676606 0.052914 0.028453
0.786337 0.335653 0.050334 0.030706
0.787437 0.498670 0.056246 0.033390
0.788332 0.094580 0.059580 0.025067
0.191740 0.896681 0.046236 0.029249
0.303428 0.669141 0.056188 0.035631
0.394787 0.287214 0.055378 0.029685
0.498561 0.546838 0.050824 0.031872
0.401443 0.579006 0.044690 0.035433
0.877171 0.161387 0.049870 0.024799
0.196988 0.089536 0.058999 0.028054
0.884318 0.523258 0.051358 0.034181
0.697888 0.450690 0.059553 0.032011
0.793306 0.875761 0.064392 0.038710
0.497852 0.414273 0.054583 0.032576
0.403869 0.906630 0.062448 0.028016
0.199753 0.117854 0.063818 0.027402
0.688828 0.891286 0.048099 0.039816
0.198648 0.406773 0.063000 0.028406
0.296746 0.212056 0.043928 0.028135
0.403719 0.617423 0.044013 0.031697
0.879190 0.192093 0.040744 0.030090
0.191996 0.058272 0.048007 0.029929
0.880392 0.563816 0.039875 0.034732
0.690442 0.725545 0.049411 0.031470
0.193042 0.506815 0.051131 0.021921
0.302204 0.774087 0.057019 0.029895
0.880797 0.062929 0.051575 0.030067
0.687804 0.353906 0.038771 0.029043
0.398733 0.549417 0.053304 0.025882
0.877291 0.096440 0.051304 0.022865
0.299830 0.153461 0.053454 0.020600
0.686135 0.092534 0.052918 0.024385
0.785104 0.063353 0.049106 0.030584
0.190789 0.776038 0.048874 0.030358
0.686162 0.061033 0.060859 0.032136
0.783540 0.566399 0.043915 0.027511
0.781252 0.674299 0.054339 0.024226
0.781717 0.211972 0.046431 0.020284
0.393243 0.221260 0.042834 0.034337
0.781320 0.769634 0.044120 0.033776
0.195592 0.210936 0.056590 0.023611
0.394569 0.125559 0.042250 0.025526
0.588051 0.171696 0.042728 0.027858
0.300979 0.445459 0.056693 0.039551
0.881808 0.426456 0.035077 0.026847
0.882289 0.291305 0.048836 0.020687
0.301315 0.833664 0.047097 0.024280
0.496849 0.338183 0.050199 0.032939
0.780691 0.601935 0.046761 0.034937
0.297750 0.407086 0.046126 0.035522
0.685449 0.197811 0.036414 0.024219
0.297936 0.486552 0.046218 0.037034
0.393645 0.424438 0.052793 0.031047
0.697387 0.825084 0.053018 0.019372
0.397531 0.157303 0.055405 0.026795
0.592801 0.062112 0.046906 0.031718
0.295728 0.055814 0.058332 0.023810
0.310212 0.905821 0.064131 0.029178
0.692665 0.421404 0.055051 0.027070
0.882576 0.802013 0.049976 0.019343
0.491088 0.056877 0.050411 0.025570
0.492982 0.474229 0.061194 0.033377
0.878321 0.668590 0.046092 0.020926
0.396295 0.471087 0.049417 0.035229
0.780690 0.700211 0.043401 0.020653
0.688419 0.851351 0.035738 0.021941
0.298591 0.706151 0.047351 0.027830
0.494729 0.115203 0.050257 0.021725
0.403628 0.648556 0.045868 0.020088
0.193712 0.282162 0.057232 0.030381
0.886609 0.900428 0.056863 0.025675
0.587109 0.254150 0.044213 0.040863
0.492211 0.447844 0.051523 0.024468
0.092358 0.056356 0.057869 0.027491
0.193686 0.374691 0.053979 0.030118
0.499933 0.725646 0.049358 0.027231
0.490180 0.137745 0.045124 0.016670
0.094402 0.082505 0.054834 0.020460
0.199922 0.306875 0.057959 0.023990
0.496133 0.822986 0.067540 0.023713
0.306242 0.867271 0.065110 0.034220
0.789358 0.906172 0.046930 0.017881
