0.394579 0.744929 0.062510 0.034342
0.396512 0.248604 0.077497 0.042684
0.290538 0.170328 0.069922 0.038114
0.279756 0.421633 0.069507 0.039669
0.506708 0.893292 0.061374 0.036190
0.066838 0.446417 0.066343 0.040033
0.175745 0.735787 0.052992 0.033929
0.511541 0.814903 0.056905 0.043190
0.506034 0.477212 0.054781 0.040838
0.294226 0.133769 0.058972 0.034611
0.066110 0.105234 0.066450 0.038279
0.618466 0.113103 0.065337 0.043465
0.839657 0.859010 0.061571 0.041790
0.394367 0.523365 0.056033 0.032102
0.282198 0.675158 0.060882 0.038049
0.279712 0.459602 0.063374 0.034431
0.607376 0.459468 0.060318 0.030589
0.393145 0.856917 0.057163 0.037165
0.945133 0.411814 0.053773 0.035927
0.506839 0.400493 0.061697 0.031570
0.070717 0.588435 0.059849 0.035855
0.513478 0.280332 0.071250 0.040087
0.504531 0.437567 0.058779 0.035192
0.176257 0.072560 0.052768 0.036058
0.175179 0.350621 0.050243 0.036151
0.618478 0.646070 0.065629 0.037653
0.277773 0.783710 0.057824 0.033945
0.721718 0.610669 0.059893 0.042057
0.717588 0.870363 0.063591 0.041980
0.069728 0.627497 0.067066 0.039588
0.290228 0.280808 0.054565 0.035301
0.393729 0.445716 0.056684 0.042640
0.719958 0.267693 0.058941 0.038760
0.399331 0.897285 0.066503 0.039777
0.409404 0.139496 0.063739 0.037848
0.063410 0.186589 0.060909 0.029879
0.507673 0.361942 0.051765 0.038806
0.719393 0.306924 0.055306 0.039037
0.176188 0.627241 0.051503 0.037922
0.613629 0.531263 0.056353 0.039610
0.178109 0.146833 0.062517 0.031433
0.616211 0.686407 0.064771 0.038109
0.396002 0.631582 0.052868 0.041704
0.622781 0.195717 0.062108 0.041743
0.397067 0.486796 0.058367 0.038098
0.072887 0.515596 0.053257 0.037558
0.717293 0.457209 0.065080 0.041453
0.291535 0.097810 0.052415 0.036381
0.394925 0.557048 0.054704 0.032245
0.277450 0.747020 0.050646 0.035525
0.288397 0.241498 0.054912 0.038790
0.392488 0.367493 0.068376 0.035982
0.833486 0.323364 0.055796 0.039916
0.507193 0.931667 0.059491 0.038200
0.516486 0.238596 0.072690 0.038603
0.942608 0.122299 0.057234 0.038411
0.399156 0.935505 0.058102 0.031732
0.832760 0.281000 0.064916 0.040629
0.843041 0.929343 0.056892 0.037684
0.512681 0.061772 0.056702 0.034560
0.175478 0.280824 0.047786 0.031614
0.072165 0.776981 0.055431 0.037644
0.283089 0.496126 0.052135 0.036777
0.620650 0.310223 0.054735 0.038985
0.284798 0.317381 0.053480 0.036331
0.394048 0.405267 0.063584 0.035268
0.176209 0.180506 0.052815 0.034630
0.177170 0.384368 0.051731 0.032233
0.392293 0.786590 0.065256 0.040582
0.617622 0.727861 0.058478 0.038550
0.842237 0.821991 0.051956 0.030873
0.392898 0.708051 0.060167 0.037361
0.833048 0.399893 0.054477 0.040488
0.406243 0.206321 0.062635 0.035628
0.173903 0.664423 0.064745 0.036714
0.610804 0.422421 0.062588 0.039924
0.609705 0.914503 0.056217 0.036355
0.508882 0.773408 0.050099 0.037162
0.833264 0.239242 0.060291 0.032088
0.507051 0.857784 0.052410 0.034085
0.178334 0.313275 0.054650 0.032736
0.177526 0.216983 0.048627 0.036326
0.619827 0.273491 0.074001 0.033537
0.724349 0.160339 0.060369 0.036924
0.063734 0.372296 0.073625 0.035938
0.616433 0.385729 0.049698 0.030970
0.840558 0.641964 0.063889 0.034544
0.289860 0.207105 0.058899 0.032197
0.071658 0.481581 0.053941 0.030810
0.831376 0.361502 0.053253 0.037716
0.280200 0.713021 0.051229 0.031273
0.724515 0.832225 0.050269 0.034458
0.514462 0.134367 0.051050 0.032006
0.952217 0.685881 0.068824 0.037869
0.175043 0.035554 0.057551 0.034513
0.406596 0.103930 0.054815 0.033995
0.284527 0.609315 0.053468 0.037500
0.516237 0.098943 0.054819 0.035562
0.719930 0.344899 0.073909 0.036010
0.839114 0.786887 0.051566 0.035492
0.837302 0.678843 0.058903 0.035475
0.392297 0.592153 0.053502 0.032481
0.720484 0.416158 0.061250 0.039509
0.393871 0.672253 0.048758 0.035276
0.059666 0.068244 0.060870 0.032237
0.068491 0.668889 0.054976 0.037654
0.946822 0.376957 0.052687 0.034165
0.179555 0.807737 0.051042 0.039541
0.174421 0.503687 0.054184 0.035329
0.178702 0.111586 0.053895 0.034430
0.622046 0.154744 0.060302 0.037271
0.628180 0.236581 0.057309 0.036312
0.180138 0.771227 0.051420 0.033119
0.614034 0.570197 0.053656 0.035772
0.723931 0.912271 0.066569 0.036960
0.071417 0.552401 0.049153 0.030419
0.612422 0.767300 0.065098 0.035895
0.173880 0.464238 0.051437 0.040120
0.064527 0.147156 0.050849 0.042991
0.074745 0.706685 0.058779 0.032691
0.722441 0.119744 0.053900 0.043157
0.946925 0.723138 0.059048 0.035452
0.615406 0.071182 0.053481 0.038787
0.283213 0.350592 0.058686 0.028466
0.617737 0.350688 0.047163 0.036858
0.950506 0.646989 0.058197 0.036059
0.289141 0.927569 0.054833 0.028340
0.066573 0.251524 0.055997 0.035037
0.716204 0.501071 0.053600 0.041815
0.722200 0.569304 0.052018 0.039642
0.401246 0.072041 0.050966 0.034993
0.949915 0.881903 0.051549 0.034551
0.723477 0.199007 0.047951 0.035619
0.397648 0.969913 0.054085 0.036780
0.511997 0.321521 0.049363 0.037597
0.405618 0.172901 0.059919 0.030330
0.840385 0.752711 0.045412 0.031475
0.616067 0.840178 0.050624 0.039027
0.840446 0.719676 0.054667 0.037163
0.398628 0.821764 0.053126 0.032625
0.506752 0.517838 0.054386 0.035395
0.511696 0.203061 0.066913 0.034402
0.724485 0.232492 0.052794 0.029022
0.836567 0.469887 0.054554 0.040001
0.719572 0.378229 0.060162 0.031722
0.611645 0.493245 0.055867 0.033186
0.399082 0.036355 0.056074 0.036307
0.838943 0.560808 0.056964 0.038124
0.946687 0.160951 0.047289 0.034502
0.398419 0.327260 0.064274 0.043201
0.062306 0.332897 0.048173 0.036817
0.728678 0.972588 0.067235 0.039124
0.834208 0.121152 0.053048 0.041347
0.065041 0.218287 0.045984 0.030252
0.067547 0.409522 0.056246 0.034210
0.840863 0.600686 0.055127 0.036662
0.282339 0.642591 0.059825 0.028051
0.179824 0.916191 0.057733 0.037084
0.291130 0.959013 0.051711 0.033544
0.512894 0.709828 0.050685 0.030986
0.947955 0.613030 0.052433 0.033728
0.073776 0.843891 0.070368 0.038417
0.950959 0.957636 0.057994 0.031294
0.512135 0.027837 0.053882 0.034291
0.832696 0.162955 0.053472 0.041365
0.942243 0.445195 0.065542 0.029135
0.834898 0.203128 0.049254 0.035576
0.838631 0.515819 0.056420 0.050089
0.950452 0.921841 0.049115 0.041378
0.507216 0.968175 0.067197 0.037369
0.615244 0.032494 0.051851 0.035281
0.283985 0.384164 0.045794 0.035102
0.516904 0.168598 0.048080 0.031787
0.176434 0.701076 0.047958 0.031197
0.941718 0.314858 0.054601 0.028533
0.612785 0.606642 0.049601 0.034364
0.291749 0.030450 0.050099 0.034786
0.726112 0.766280 0.053588 0.029006
0.177988 0.849380 0.051921 0.038000
0.946201 0.220122 0.053277 0.035874
0.401124 0.288134 0.056470 0.030698
0.726588 0.684531 0.051574 0.036172
0.506992 0.549635 0.048856 0.030491
0.946693 0.475111 0.055304 0.027855
0.721515 0.728152 0.047185 0.043616
0.281846 0.535456 0.047999 0.038436
0.720536 0.535851 0.055568 0.028009
0.610974 0.877650 0.045573 0.033797
0.722952 0.079435 0.053108 0.036890
0.177876 0.422575 0.042584 0.037456
0.947672 0.576437 0.051570 0.035099
0.074401 0.810267 0.058744 0.027700
0.944064 0.254624 0.049271 0.039619
0.061316 0.036864 0.050029 0.031802
0.943453 0.063230 0.049934 0.026439
0.292882 0.064288 0.048573 0.027767
0.508232 0.680389 0.056310 0.027721
0.176571 0.249483 0.040917 0.026024
0.948829 0.508783 0.062085 0.035591
0.832955 0.077090 0.052763 0.046413
0.947201 0.543683 0.067406 0.031682
0.508990 0.618103 0.068324 0.034810
0.837591 0.893879 0.053625 0.028869
0.945331 0.089272 0.044204 0.025986
0.082644 0.884373 0.054221 0.042159
0.841831 0.963564 0.047751 0.031323
0.076124 0.739606 0.056451 0.027782
0.507602 0.650082 0.049864 0.028757
0.945733 0.032381 0.050701 0.036901
0.946500 0.343500 0.041764 0.030513
0.946940 0.191017 0.046039 0.022435
0.512321 0.741276 0.042327 0.028014
0.177953 0.592893 0.046425 0.028052
0.283541 0.875032 0.045870 0.027833
0.170674 0.563684 0.060509 0.024848
0.946854 0.288734 0.052259 0.024245
0.838623 0.433891 0.053974 0.027096
0.181342 0.881952 0.049946 0.029626
0.949669 0.810731 0.062448 0.038798
0.948284 0.846868 0.047955 0.034106
0.077941 0.923061 0.047803 0.035780
0.284983 0.572756 0.043551 0.033706
0.726932 0.798751 0.042621 0.026842
0.082772 0.957915 0.051206 0.032682
0.176627 0.534562 0.052502 0.028406
0.287173 0.900652 0.045935 0.023278
0.720011 0.036166 0.063115 0.042882
0.184551 0.956420 0.045301 0.039831
0.063486 0.291775 0.053379 0.039555
0.825814 0.034640 0.052116 0.039874
0.506086 0.580441 0.059147 0.028893
0.280077 0.840546 0.052576 0.038905
0.610961 0.802328 0.066215 0.035309
0.725279 0.649786 0.051282 0.032469
0.607383 0.955201 0.055101 0.039762
0.949356 0.774461 0.066743 0.028432
0.723999 0.943389 0.048255 0.021015
0.281675 0.818118 0.050548 0.033206
