0.294713 0.621313 0.068045 0.036141
0.298528 0.707030 0.068953 0.040501
0.188582 0.728461 0.067251 0.040652
0.078159 0.251720 0.070594 0.042649
0.300296 0.293406 0.061137 0.033927
0.826765 0.337457 0.057888 0.038936
0.190790 0.283272 0.063601 0.040882
0.188087 0.838233 0.066198 0.037147
0.406717 0.571779 0.065020 0.035981
0.399087 0.204863 0.054808 0.038622
0.403758 0.246668 0.054390 0.033533
0.516586 0.504515 0.069096 0.046200
0.514972 0.373661 0.053999 0.040835
0.511991 0.701490 0.055776 0.034332
0.295190 0.579954 0.063743 0.040671
0.185765 0.493346 0.064518 0.043841
0.404477 0.321926 0.064001 0.043882
0.179459 0.948664 0.067089 0.035743
0.828045 0.530567 0.071726 0.045107
0.610797 0.231831 0.067343 0.044458
0.621437 0.425174 0.060607 0.036943
0.069480 0.878611 0.062593 0.040241
0.298913 0.215962 0.063145 0.038441
0.934477 0.315418 0.055615 0.040835
0.293666 0.372420 0.057588 0.044979
0.076523 0.208653 0.062966 0.044721
0.939034 0.434168 0.052039 0.034720
0.727718 0.496002 0.053375 0.035829
0.289600 0.838128 0.059603 0.043680
0.295351 0.745963 0.060342 0.040576
0.401396 0.366917 0.070557 0.045014
0.617646 0.574245 0.052443 0.040488
0.194429 0.061690 0.064404 0.036813
0.405192 0.820715 0.058546 0.032536
0.516031 0.331038 0.058958 0.040625
0.719708 0.327341 0.072800 0.046139
0.188296 0.801559 0.058739 0.035951
0.074983 0.631520 0.053894 0.038030
0.516194 0.929426 0.048058 0.033612
0.182760 0.910952 0.058837 0.035079
0.828262 0.923718 0.051136 0.036939
0.069360 0.836790 0.064589 0.043042
0.514280 0.251965 0.060161 0.039257
0.287430 0.911738 0.065497 0.031141
0.727933 0.612897 0.051827 0.038641
0.287076 0.876684 0.064418 0.034142
0.293186 0.101672 0.066085 0.042056
0.727290 0.794305 0.063610 0.039901
0.512049 0.418481 0.067903 0.044597
0.292615 0.538959 0.053193 0.035834
0.728431 0.723610 0.059800 0.037905
0.181508 0.874017 0.053875 0.035437
0.725439 0.410251 0.053289 0.040603
0.510985 0.893631 0.056764 0.034507
0.185140 0.688591 0.070967 0.033552
0.616238 0.271052 0.060158 0.033507
0.403669 0.738665 0.057091 0.034847
0.938607 0.472990 0.050268 0.039333
0.731195 0.654406 0.056019 0.038663
0.295646 0.792117 0.057491 0.041183
0.829917 0.884615 0.059284 0.036718
0.183807 0.607659 0.055876 0.041752
0.517044 0.290320 0.055936 0.037793
0.285011 0.947444 0.061156 0.039094
0.402642 0.164535 0.050933 0.039091
0.509351 0.735241 0.058942 0.029777
0.512555 0.855133 0.058453 0.043015
0.081995 0.379165 0.063442 0.042503
0.182068 0.650381 0.056926 0.038323
0.830661 0.747166 0.057943 0.040206
0.825521 0.706798 0.055252 0.035229
0.066528 0.759707 0.063492 0.042296
0.401585 0.780251 0.057082 0.038845
0.618557 0.466405 0.054578 0.040678
0.939102 0.398408 0.046759 0.036740
0.621471 0.148738 0.065772 0.037964
0.403751 0.489021 0.053234 0.043387
0.409564 0.852290 0.060942 0.030167
0.726726 0.078063 0.059538 0.040869
0.402781 0.531697 0.048308 0.040853
0.067144 0.946511 0.051567 0.038528
0.826628 0.373001 0.070362 0.029732
0.298980 0.178442 0.046254 0.032939
0.407340 0.890370 0.044560 0.043513
0.621271 0.103196 0.055210 0.051483
0.513068 0.769416 0.046374 0.035316
0.064077 0.798297 0.057875 0.031621
0.080954 0.421989 0.053564 0.040474
0.727635 0.530955 0.056372 0.033250
0.615698 0.956955 0.055207 0.031147
0.082028 0.525946 0.054179 0.036248
0.188158 0.767019 0.063418 0.034444
0.830274 0.963204 0.060308 0.040954
0.077822 0.074961 0.057612 0.040140
0.726744 0.454183 0.051975 0.040840
0.409426 0.092301 0.067594 0.031729
0.613719 0.764913 0.067302 0.036738
0.074944 0.594920 0.055987 0.031902
0.079450 0.335528 0.053524 0.041272
0.081286 0.461489 0.058427 0.033936
0.410595 0.026290 0.061722 0.034860
0.181803 0.566310 0.061647 0.035001
0.294366 0.453312 0.053351 0.041109
0.933450 0.272691 0.050723 0.041008
0.933389 0.593844 0.064509 0.045042
0.932514 0.117436 0.053897 0.047917
0.936858 0.358463 0.051342 0.042265
0.723836 0.757957 0.069473 0.034213
0.831177 0.626143 0.057694 0.044389
0.405794 0.612311 0.058498 0.040010
0.940348 0.516019 0.047872 0.037584
0.298287 0.142988 0.055781 0.036367
0.515553 0.662822 0.046985 0.041429
0.514405 0.579298 0.051084 0.040225
0.729266 0.155912 0.060719 0.041340
0.302194 0.256136 0.054549 0.041587
0.185953 0.443630 0.057353 0.050515
0.618418 0.610422 0.054099 0.026634
0.515732 0.206356 0.059512 0.048457
0.829682 0.449631 0.049942 0.043645
0.721615 0.368952 0.054741 0.034213
0.827208 0.408509 0.047072 0.035958
0.521326 0.962156 0.062914 0.031886
0.618665 0.309602 0.057369 0.042017
0.726934 0.116458 0.056305 0.036222
0.513811 0.810474 0.053557 0.043670
0.184019 0.532617 0.057945 0.029059
0.621835 0.061565 0.060448 0.031333
0.297129 0.495953 0.045747 0.040378
0.926753 0.840216 0.054942 0.034587
0.832256 0.579176 0.051526 0.048026
0.524316 0.160492 0.074761 0.039856
0.075790 0.032307 0.057719 0.042947
0.727429 0.961357 0.064960 0.034244
0.934043 0.742086 0.049399 0.033941
0.935141 0.168329 0.066314 0.049369
0.078501 0.294351 0.050730 0.036349
0.408824 0.447736 0.072498 0.033151
0.193862 0.100076 0.078883 0.041699
0.292937 0.413770 0.060059 0.032713
0.513488 0.621402 0.043788 0.038526
0.404411 0.411614 0.048868 0.038873
0.828569 0.296094 0.050142 0.039988
0.726994 0.829574 0.054801 0.032226
0.933644 0.877882 0.047472 0.036867
0.405910 0.656313 0.045715 0.038844
0.184798 0.395369 0.057749 0.045136
0.616511 0.386897 0.046764 0.035749
0.615113 0.843777 0.053521 0.046748
0.403770 0.126564 0.049949 0.036476
0.724684 0.926866 0.058291 0.033360
0.193617 0.244517 0.051735 0.035424
0.725184 0.285755 0.060384 0.036430
0.935844 0.912441 0.054683 0.032925
0.932148 0.676951 0.046340 0.033904
0.407483 0.699236 0.047003 0.041083
0.936990 0.639796 0.054418 0.040718
0.079142 0.562197 0.047264 0.032865
0.616119 0.640853 0.053710 0.029951
0.832885 0.187969 0.048236 0.038412
0.186485 0.353039 0.071787 0.033846
0.931068 0.709227 0.050239 0.032025
0.729545 0.568788 0.046722 0.043661
0.296300 0.063496 0.049659 0.033693
0.403872 0.282048 0.044339 0.032050
0.826904 0.845893 0.057221 0.039225
0.507711 0.030832 0.057794 0.040462
0.076957 0.161358 0.054401 0.042082
0.077085 0.117580 0.052856 0.044528
0.935864 0.234264 0.050785 0.032001
0.614219 0.801982 0.060277 0.037308
0.827300 0.667529 0.048038 0.038115
0.069953 0.913096 0.049809 0.027617
0.407701 0.930537 0.044037 0.035831
0.832466 0.149495 0.052086 0.035298
0.619855 0.026670 0.058631 0.033321
0.614920 0.724110 0.055615 0.046153
0.830941 0.079463 0.051391 0.041607
0.297185 0.663805 0.054064 0.045956
0.723830 0.894538 0.041512 0.032871
0.193762 0.210859 0.044731 0.031887
0.828450 0.490321 0.044100 0.032861
0.074526 0.673795 0.046345 0.043328
0.823142 0.036686 0.058326 0.041574
0.191529 0.178632 0.053304 0.035252
0.614803 0.348482 0.051142 0.037429
0.934162 0.072533 0.050693 0.039796
0.519237 0.072564 0.060833 0.042494
0.618411 0.535404 0.048307 0.031231
0.074622 0.717483 0.045242 0.039076
0.187905 0.320096 0.054389 0.029680
0.615174 0.677359 0.048804 0.043608
0.830454 0.227221 0.041878 0.034856
0.827987 0.259958 0.043933 0.033006
0.939278 0.553082 0.044365 0.034343
0.295370 0.026713 0.049556 0.036860
0.527346 0.462561 0.093339 0.038343
0.407192 0.964483 0.048216 0.035911
0.622182 0.505894 0.048426 0.031381
0.833578 0.115802 0.049695 0.028855
0.926032 0.806954 0.042130 0.030817
0.513703 0.543842 0.059060 0.031805
0.195764 0.023782 0.051737 0.036139
0.931412 0.772970 0.038232 0.029522
0.408749 0.062082 0.073689 0.026976
0.295801 0.331467 0.043683 0.034038
0.189772 0.141692 0.051351 0.036279
0.725510 0.861411 0.042361 0.033121
0.617953 0.923989 0.047432 0.032364
0.520868 0.115696 0.061204 0.043206
0.727576 0.249224 0.045047 0.034743
0.727798 0.034920 0.047043 0.038209
0.616655 0.887324 0.043646 0.039016
0.729983 0.689950 0.044993 0.027053
0.082838 0.491480 0.052684 0.027179
0.620408 0.186292 0.051845 0.039490
0.935137 0.946404 0.042383 0.033246
0.937720 0.205713 0.051181 0.025536
0.937340 0.033097 0.043909 0.034141
0.832023 0.797454 0.055973 0.048776
0.768119 0.687123 0.020512 0.020699
