0.589021 0.922697 0.085918 0.044606
0.931461 0.767587 0.078476 0.056111
0.486039 0.444586 0.075475 0.056073
0.492489 0.551124 0.080019 0.059858
0.603463 0.381106 0.079367 0.048131
0.171163 0.825936 0.067860 0.043109
0.604829 0.239080 0.078001 0.049775
0.169539 0.729713 0.095510 0.056575
0.595325 0.605461 0.085306 0.045791
0.934439 0.658669 0.075345 0.052107
0.496371 0.119731 0.081971 0.053093
0.936820 0.132607 0.080819 0.055366
0.828817 0.073929 0.085281 0.061441
0.818239 0.701831 0.089047 0.049503
0.490046 0.328777 0.087310 0.051040
0.607308 0.124092 0.092274 0.055217
0.599112 0.552512 0.079973 0.051616
0.607012 0.181992 0.089610 0.053651
0.823850 0.647987 0.083040 0.049353
0.057705 0.635764 0.090687 0.057370
0.717959 0.390586 0.075517 0.050693
0.169212 0.468438 0.080443 0.044127
0.171879 0.676924 0.071371 0.044863
0.601668 0.819388 0.075538 0.052459
0.059585 0.886856 0.072967 0.043358
0.926269 0.564751 0.088500 0.049265
0.487952 0.756742 0.078841 0.047628
0.170463 0.518953 0.072619 0.051977
0.596143 0.873921 0.077092 0.048354
0.388094 0.204922 0.075946 0.049407
0.594105 0.495691 0.079077 0.056278
0.272370 0.962488 0.075499 0.043344
0.488166 0.962319 0.090046 0.045897
0.492398 0.274322 0.086742 0.053944
0.936437 0.289512 0.081845 0.048731
0.709776 0.446966 0.076613 0.051191
0.381759 0.312626 0.079072 0.051239
0.169758 0.576845 0.091135 0.059630
0.171887 0.780736 0.076864 0.040349
0.387475 0.261437 0.075084 0.041764
0.712737 0.544273 0.083818 0.044281
0.282892 0.279238 0.085875 0.046967
0.279707 0.664831 0.084382 0.049019
0.071455 0.165471 0.080380 0.044722
0.491902 0.386225 0.076507 0.056874
0.823536 0.593375 0.075275 0.047355
0.383846 0.154369 0.088147 0.045750
0.070906 0.215871 0.075990 0.047826
0.277872 0.454059 0.068341 0.054653
0.485935 0.706116 0.066027 0.040399
0.273546 0.916606 0.075261 0.043087
0.714815 0.599956 0.073760 0.056226
0.387752 0.703746 0.083451 0.047547
0.071313 0.269446 0.071391 0.051680
0.929962 0.817956 0.075354 0.047487
0.480167 0.913956 0.089140 0.044736
0.594376 0.761808 0.095289 0.056551
0.069032 0.687275 0.083109 0.038410
0.831857 0.238686 0.083477 0.057631
0.712182 0.658586 0.074813 0.048648
0.824106 0.842600 0.077834 0.043308
0.718966 0.966755 0.083251 0.047111
0.719664 0.224785 0.071169 0.050572
0.599634 0.654329 0.066850 0.046948
0.931789 0.712583 0.083260 0.045641
0.714274 0.766413 0.071055 0.045373
0.714535 0.279751 0.064392 0.052568
0.818756 0.427621 0.078318 0.056537
0.820335 0.793810 0.090781 0.048130
0.933158 0.239521 0.076292 0.048325
0.274370 0.514400 0.077558 0.050846
0.594707 0.967719 0.091401 0.040773
0.279113 0.812265 0.079153 0.055767
0.381390 0.868171 0.087178 0.051983
0.175526 0.066477 0.081570 0.051234
0.283952 0.107512 0.092343 0.041951
0.723715 0.065454 0.084673 0.047356
0.602132 0.333119 0.062998 0.043057
0.062621 0.837879 0.079285 0.043267
0.061215 0.380260 0.070970 0.051136
0.062478 0.786768 0.070118 0.048517
0.486502 0.661357 0.059294 0.044269
0.375554 0.753592 0.082839 0.045731
0.711685 0.715725 0.066843 0.052015
0.169711 0.875228 0.088279 0.040763
0.070214 0.114650 0.078546 0.045493
0.279113 0.335778 0.078978 0.053300
0.063815 0.479074 0.085733 0.042670
0.490264 0.813243 0.086142 0.056062
0.174305 0.316447 0.068705 0.048417
0.174408 0.175509 0.066911 0.049208
0.824001 0.137965 0.093055 0.057578
0.171008 0.371435 0.066942 0.050451
0.497085 0.064637 0.084280 0.051548
0.486630 0.611257 0.067740 0.048061
0.063455 0.579514 0.083902 0.052881
0.383097 0.966644 0.092260 0.041540
0.926851 0.464184 0.083696 0.051040
0.826207 0.540170 0.072950 0.051391
0.817105 0.961489 0.073160 0.055544
0.825017 0.485868 0.083706 0.055804
0.278282 0.867346 0.076795 0.050374
0.173274 0.121598 0.071382 0.050997
0.711642 0.814743 0.063820 0.045335
0.710709 0.866407 0.074543 0.052056
0.277266 0.718575 0.064755 0.049776
0.058087 0.962127 0.087246 0.035366
0.826950 0.185746 0.079844 0.038519
0.277098 0.221246 0.072335 0.065744
0.171184 0.628898 0.071169 0.045606
0.279727 0.157833 0.074495 0.052901
0.596411 0.707740 0.063056 0.048383
0.373417 0.921206 0.090963 0.046161
0.390079 0.112015 0.075594 0.033964
0.718890 0.336534 0.074651 0.051383
0.930596 0.412460 0.078227 0.043612
0.925284 0.865079 0.059578 0.040142
0.277731 0.394502 0.069638 0.053680
0.062833 0.527000 0.070337 0.046715
0.377089 0.807570 0.083095 0.056978
0.073399 0.322962 0.064699 0.051315
0.378711 0.483119 0.070395 0.056749
0.720822 0.169663 0.065119 0.053143
0.066104 0.063475 0.079433 0.049097
0.931895 0.516345 0.081823 0.041939
0.173737 0.918719 0.084984 0.040983
0.487742 0.496084 0.062934 0.042088
0.061704 0.927276 0.071157 0.032343
0.488183 0.865837 0.074562 0.046299
0.819925 0.897237 0.067413 0.059170
0.062820 0.736226 0.068804 0.045755
0.708401 0.919126 0.070651 0.045511
0.502595 0.221772 0.077373 0.040462
0.602492 0.436046 0.070581 0.050173
0.176442 0.959094 0.086905 0.041803
0.612171 0.066137 0.072105 0.053903
0.382973 0.541088 0.082602 0.055053
0.380809 0.428232 0.072848 0.040317
0.923016 0.906061 0.061081 0.039443
0.825984 0.362825 0.071285 0.061684
0.827926 0.295626 0.069111 0.050555
0.278255 0.619648 0.068286 0.035562
0.378050 0.594465 0.064875 0.048497
0.276722 0.766628 0.068376 0.031262
0.941729 0.070699 0.085350 0.054117
0.606200 0.287869 0.049021 0.041478
0.931465 0.612877 0.071114 0.032112
0.172658 0.421496 0.055197 0.044748
0.712933 0.496756 0.052856 0.043408
0.277719 0.571418 0.054930 0.048515
0.721585 0.115808 0.063414 0.043700
0.177287 0.223424 0.061037 0.039180
0.384246 0.650622 0.070860 0.048442
0.824840 0.748218 0.050464 0.037208
0.938751 0.185868 0.057791 0.048937
0.068301 0.432795 0.053837 0.046091
0.178973 0.267344 0.061476 0.044027
0.286975 0.061204 0.054143 0.042055
0.388660 0.065611 0.056214 0.048048
0.929432 0.953175 0.092295 0.050968
0.934328 0.342714 0.071140 0.048873
0.383998 0.375769 0.074970 0.062914
0.497782 0.174449 0.060078 0.052733
0.928082 0.972002 0.092619 0.042074
