0.830869 0.306472 0.075332 0.051028
0.065644 0.801299 0.074339 0.046885
0.269739 0.201194 0.070291 0.049643
0.829877 0.362572 0.084005 0.050480
0.059541 0.700295 0.066235 0.049050
0.824265 0.419048 0.075524 0.054374
0.935147 0.577302 0.082658 0.054441
0.597297 0.418424 0.077890 0.049412
0.480565 0.843282 0.079031 0.046957
0.272270 0.148810 0.073495 0.054962
0.605728 0.098033 0.081414 0.051454
0.169411 0.521107 0.067875 0.045052
0.928913 0.896967 0.075504 0.056798
0.478499 0.746126 0.067845 0.052262
0.484818 0.368679 0.080420 0.047780
0.377886 0.355532 0.082362 0.046060
0.161823 0.471604 0.068780 0.049081
0.486844 0.421933 0.073480 0.054157
0.060102 0.275631 0.078409 0.044010
0.065770 0.326913 0.077026 0.051504
0.274917 0.395312 0.078822 0.050521
0.598726 0.473229 0.069296 0.053928
0.708353 0.500376 0.090996 0.050771
0.378188 0.722023 0.071219 0.047038
0.273457 0.342568 0.079430 0.051998
0.819383 0.739900 0.068814 0.049516
0.174596 0.269619 0.071750 0.050112
0.378656 0.671925 0.076679 0.053537
0.167005 0.156344 0.085890 0.045060
0.384245 0.853327 0.080447 0.045288
0.827640 0.583058 0.076592 0.055081
0.488837 0.312217 0.073506 0.053826
0.588885 0.706476 0.066691 0.050784
0.263485 0.491734 0.080324 0.047556
0.941585 0.267884 0.067216 0.050972
0.589633 0.901436 0.074417 0.050131
0.478557 0.692132 0.065041 0.051893
0.817002 0.886046 0.075172 0.052622
0.825099 0.254197 0.066367 0.049809
0.274858 0.092605 0.064556 0.049817
0.268182 0.654949 0.066504 0.059134
0.937672 0.214532 0.066853 0.049162
0.713020 0.554455 0.086576 0.054206
0.381331 0.563843 0.087600 0.045482
0.938439 0.317940 0.072236 0.044731
0.714839 0.449107 0.078465 0.046325
0.480338 0.795236 0.060563 0.041945
0.481243 0.893594 0.085231 0.052080
0.486087 0.480788 0.088177 0.054294
0.714771 0.130909 0.074108 0.052361
0.380534 0.411737 0.078467 0.053650
0.930442 0.791929 0.076069 0.045538
0.718907 0.078578 0.082373 0.047087
0.383981 0.302435 0.065562 0.048184
0.704156 0.761394 0.088695 0.050894
0.170447 0.322421 0.068656 0.053534
0.829048 0.201413 0.075327 0.049235
0.710647 0.654332 0.068865 0.045770
0.057968 0.601637 0.061790 0.049967
0.930657 0.366690 0.063507 0.045422
0.059392 0.219554 0.063579 0.053562
0.168351 0.422866 0.070139 0.038625
0.715286 0.399528 0.077889 0.047412
0.827676 0.097056 0.061455 0.050243
0.719128 0.285633 0.082139 0.046431
0.934068 0.521823 0.065139 0.056122
0.593528 0.800894 0.081451 0.045537
0.716703 0.238499 0.071051 0.045227
0.818605 0.834516 0.081257 0.041060
0.061851 0.549968 0.070895 0.044302
0.819681 0.687703 0.087812 0.048991
0.269827 0.250647 0.064956 0.043778
0.380249 0.616922 0.088729 0.052884
0.058135 0.857354 0.067594 0.051845
0.591646 0.754373 0.059220 0.041152
0.165452 0.784037 0.081223 0.062393
0.058337 0.752721 0.066274 0.045183
0.493969 0.153621 0.088152 0.052728
0.475820 0.260074 0.093708 0.042702
0.822074 0.526971 0.071519 0.053117
0.375261 0.764078 0.062533 0.035586
0.819384 0.637255 0.079204 0.049102
0.602300 0.042549 0.076810 0.055571
0.493424 0.099464 0.071854 0.052829
0.271997 0.762705 0.064532 0.045425
0.161949 0.376331 0.069978 0.042461
0.599260 0.315976 0.062096 0.054843
0.378517 0.509060 0.077129 0.058177
0.381230 0.249295 0.063220 0.053379
0.713831 0.607649 0.081821 0.045771
0.591106 0.597029 0.073506 0.052787
0.167114 0.836780 0.076641 0.041064
0.271311 0.443935 0.077119 0.040205
0.594465 0.263525 0.086218 0.042366
0.827296 0.473645 0.073525 0.050021
0.832549 0.043514 0.065081 0.054645
0.705971 0.707910 0.093050 0.048515
0.063155 0.169689 0.073617 0.041975
0.499409 0.042666 0.083474 0.056764
0.382507 0.037763 0.073454 0.044236
0.486821 0.211244 0.073344 0.053310
0.381015 0.088541 0.057888 0.051432
0.937085 0.417941 0.073118 0.045279
0.384340 0.142059 0.078374 0.050441
0.163403 0.885711 0.065274 0.052361
0.268798 0.597172 0.065418 0.047853
0.596477 0.208666 0.082742 0.062086
0.377095 0.905195 0.065291 0.051052
0.484638 0.531579 0.069557 0.042882
0.063735 0.955576 0.084816 0.043923
0.268360 0.541786 0.062664 0.044298
0.938478 0.106480 0.066813 0.052007
0.594705 0.850307 0.059079 0.045945
0.599485 0.370308 0.081711 0.037739
0.060821 0.649536 0.056299 0.035903
0.608723 0.150505 0.087796 0.050452
0.486160 0.582997 0.067529 0.050246
0.276238 0.041095 0.064084 0.046679
0.062431 0.424281 0.058489 0.057370
0.270333 0.710682 0.055649 0.048123
0.382875 0.193949 0.070205 0.053271
0.936588 0.466309 0.068241 0.046792
0.716211 0.342757 0.067516 0.057531
0.377927 0.806789 0.055905 0.042307
0.064661 0.374349 0.067365 0.033637
0.592864 0.651839 0.056897 0.051906
0.166079 0.726355 0.077135 0.042692
0.933720 0.844054 0.069967 0.048002
0.938036 0.159203 0.056736 0.051022
0.927024 0.636050 0.063950 0.052778
0.168729 0.100317 0.083736 0.057195
0.481087 0.635924 0.066704 0.050431
0.717964 0.187043 0.055733 0.051038
0.165295 0.931481 0.068189 0.038529
0.479906 0.953337 0.072701 0.064808
0.712812 0.951386 0.088243 0.064625
0.706191 0.881098 0.078561 0.060941
0.821521 0.789735 0.051942 0.044805
0.064363 0.116261 0.075364 0.058927
0.928024 0.740203 0.062499 0.050709
0.169144 0.678538 0.060785 0.038917
0.167368 0.964935 0.081701 0.031416
0.164585 0.633613 0.060184 0.041318
0.170191 0.213416 0.055466 0.056387
0.070690 0.046265 0.078537 0.058417
0.376108 0.460279 0.080088 0.030579
0.172442 0.043215 0.069588 0.053182
0.168682 0.579145 0.069579 0.059695
0.594328 0.959531 0.062805 0.061544
0.939240 0.048259 0.068022 0.063957
0.380501 0.952379 0.070301 0.039730
0.272493 0.954789 0.071173 0.050196
0.276726 0.295712 0.080101 0.034543
0.709286 0.818626 0.064676 0.055860
0.717540 0.032576 0.061581 0.039233
0.817487 0.936856 0.085195 0.036461
0.062324 0.495923 0.077277 0.059252
0.925926 0.690064 0.061496 0.048572
0.272250 0.858657 0.079102 0.054615
0.271569 0.805612 0.062529 0.034764
0.933182 0.962090 0.083881 0.059092
0.597090 0.535328 0.067222 0.061241
0.271048 0.907565 0.077840 0.035027
0.825909 0.965990 0.090813 0.038593
0.833796 0.149535 0.070135 0.048839
0.061075 0.911324 0.044146 0.041514
