0.613823 0.800317 0.064801 0.042557
0.616238 0.554103 0.070354 0.040735
0.616971 0.415320 0.062145 0.037164
0.616796 0.674750 0.063305 0.038855
0.394677 0.907635 0.066761 0.038331
0.188735 0.795849 0.064185 0.038888
0.725830 0.505027 0.059755 0.036880
0.929979 0.536580 0.058121 0.034770
0.617519 0.374283 0.055665 0.039997
0.934020 0.120859 0.053664 0.038329
0.504105 0.201597 0.054830 0.042748
0.722089 0.286443 0.060704 0.039467
0.505666 0.879368 0.051589 0.035972
0.732047 0.615375 0.058614 0.037438
0.615400 0.137193 0.061782 0.042558
0.067751 0.716906 0.059773 0.037220
0.614595 0.263836 0.065323 0.040892
0.613031 0.633815 0.072858 0.041162
0.822408 0.070833 0.053896 0.040851
0.397145 0.341196 0.052690 0.036907
0.178434 0.143288 0.057090 0.040663
0.727700 0.738170 0.068489 0.040747
0.833324 0.839532 0.065782 0.034006
0.394640 0.528970 0.054525 0.037295
0.930723 0.797703 0.064000 0.039307
0.506399 0.106821 0.057827 0.040433
0.180527 0.711362 0.067078 0.043556
0.073130 0.365351 0.061522 0.039797
0.615126 0.183187 0.053472 0.042463
0.722582 0.364710 0.066016 0.038141
0.717875 0.242015 0.074901 0.044296
0.835659 0.916631 0.053139 0.039797
0.502387 0.728580 0.053996 0.039376
0.824996 0.596089 0.061467 0.038955
0.620729 0.715515 0.058548 0.037098
0.724430 0.151446 0.063187 0.041381
0.819317 0.557529 0.061311 0.035472
0.821496 0.477664 0.060128 0.040776
0.401400 0.946414 0.054613 0.038259
0.726022 0.784225 0.058989 0.043523
0.293250 0.459661 0.053031 0.044069
0.503078 0.687520 0.056623 0.037318
0.726501 0.826591 0.063956 0.032163
0.722916 0.697257 0.069600 0.038670
0.177062 0.876893 0.060520 0.034423
0.931322 0.503487 0.048829 0.032219
0.185925 0.754544 0.072505 0.039885
0.498064 0.344921 0.071035 0.035321
0.181710 0.667994 0.052361 0.041090
0.395300 0.771804 0.057366 0.036130
0.615824 0.336325 0.046929 0.031686
0.726342 0.907344 0.065127 0.043247
0.395348 0.304436 0.057730 0.029534
0.174609 0.555411 0.055813 0.044785
0.069992 0.198220 0.054235 0.040595
0.829817 0.802061 0.048416 0.036538
0.723894 0.196635 0.058908 0.046850
0.925788 0.678988 0.053490 0.033037
0.721393 0.074017 0.056037 0.040690
0.618770 0.224620 0.050877 0.036572
0.931896 0.162049 0.053317 0.043133
0.618728 0.451312 0.046782 0.032701
0.071712 0.323680 0.052614 0.039777
0.289448 0.338672 0.051719 0.039068
0.177803 0.626798 0.055523 0.040177
0.507522 0.843600 0.060262 0.031113
0.388597 0.268274 0.054246 0.039261
0.729124 0.658007 0.053344 0.038169
0.068400 0.603497 0.054745 0.036876
0.180589 0.188620 0.057469 0.041773
0.930926 0.714418 0.061284 0.035282
0.386194 0.111999 0.062558 0.039883
0.504561 0.457197 0.048288 0.035349
0.505686 0.770977 0.056399 0.038618
0.509759 0.914588 0.061793 0.034924
0.823504 0.192458 0.054365 0.042028
0.502887 0.379457 0.060464 0.033075
0.928050 0.753825 0.061202 0.040487
0.393511 0.070327 0.061678 0.037474
0.287334 0.900455 0.058699 0.031742
0.617861 0.485601 0.046693 0.029338
0.822154 0.302188 0.067483 0.035235
0.500589 0.579050 0.051799 0.039325
0.722801 0.325702 0.057762 0.036091
0.295896 0.573610 0.051293 0.039499
0.293823 0.539179 0.051080 0.028649
0.396632 0.871843 0.054637 0.032348
0.728057 0.573699 0.063309 0.039612
0.935910 0.836638 0.064828 0.036661
0.502858 0.498978 0.054415 0.045257
0.925142 0.246031 0.059995 0.047640
0.822391 0.726006 0.064239 0.044480
0.399690 0.412146 0.049454 0.033085
0.504824 0.805264 0.054519 0.034918
0.934261 0.320071 0.059099 0.040986
0.624035 0.884637 0.060268 0.043972
0.070804 0.678529 0.053954 0.038343
0.731046 0.862410 0.053413 0.034959
0.726751 0.432721 0.052889 0.037265
0.835061 0.876644 0.063265 0.036237
0.395895 0.805439 0.045421 0.031000
0.289122 0.612969 0.058717 0.039654
0.823533 0.112260 0.050257 0.036914
0.180049 0.839425 0.054074 0.038037
0.506121 0.417432 0.063749 0.034278
0.183308 0.101471 0.056969 0.039311
0.821306 0.152814 0.054418 0.037414
0.724447 0.952250 0.060360 0.044414
0.502233 0.308513 0.042494 0.036279
0.621826 0.840960 0.056497 0.037006
0.285851 0.264172 0.048237 0.036004
0.927299 0.642077 0.053355 0.038466
0.503254 0.540783 0.047439 0.035002
0.616681 0.755741 0.047799 0.041184
0.286906 0.375435 0.054191 0.033406
0.617927 0.516771 0.046156 0.031284
0.179905 0.467188 0.068284 0.040800
0.506588 0.152929 0.050357 0.049862
0.724068 0.113014 0.055256 0.032216
0.392499 0.639316 0.064176 0.041991
0.934117 0.077958 0.052326 0.039526
0.388140 0.564815 0.058164 0.034819
0.385828 0.153960 0.065316 0.043115
0.059413 0.918295 0.058347 0.037949
0.286407 0.861774 0.062354 0.040500
0.730793 0.468251 0.049256 0.034902
0.291883 0.503545 0.053833 0.039790
0.929485 0.202835 0.058751 0.035163
0.178920 0.262102 0.048580 0.034733
0.823872 0.636446 0.055921 0.038996
0.287080 0.414156 0.057365 0.040035
0.067817 0.281006 0.048834 0.040118
0.825123 0.265837 0.050602 0.034167
0.616670 0.302903 0.046139 0.034191
0.061473 0.954905 0.062211 0.038068
0.826055 0.230893 0.052574 0.033271
0.928213 0.572074 0.076505 0.036531
0.930047 0.904533 0.050712 0.033865
0.505382 0.065349 0.047274 0.037531
0.822341 0.379475 0.055247 0.034967
0.824877 0.339756 0.073110 0.040023
0.932847 0.944170 0.053498 0.045144
0.061142 0.785934 0.061409 0.038782
0.286675 0.725319 0.051403 0.039497
0.387330 0.601067 0.052504 0.035289
0.393095 0.492150 0.052781 0.038750
0.507098 0.242689 0.056879 0.033013
0.180034 0.300452 0.054914 0.037932
0.399821 0.378995 0.051117 0.031105
0.932011 0.466528 0.045101 0.038606
0.822690 0.028891 0.051316 0.040274
0.824453 0.518079 0.047395 0.038994
0.830893 0.957943 0.045275 0.036214
0.726447 0.540598 0.063291 0.027943
0.285810 0.937525 0.063935 0.038033
0.825691 0.680205 0.049969 0.047681
0.614311 0.095789 0.047199 0.037524
0.505096 0.026474 0.058531 0.032841
0.068383 0.239379 0.054910 0.037308
0.613812 0.592276 0.059194 0.036290
0.285321 0.102527 0.049238 0.045426
0.078024 0.445783 0.044692 0.038945
0.823039 0.766734 0.058048 0.033489
0.930618 0.429513 0.038750 0.032777
0.174382 0.510586 0.062222 0.036520
0.390983 0.228599 0.040407 0.034820
0.068224 0.084512 0.050827 0.047599
0.392568 0.683534 0.050006 0.044156
0.068846 0.158124 0.048783 0.037413
0.286451 0.970565 0.067588 0.032023
0.061871 0.752823 0.052375 0.031730
0.181902 0.427862 0.056524 0.041314
0.625577 0.925729 0.070170 0.036368
0.182582 0.228221 0.048274 0.032923
0.282851 0.144944 0.043925 0.037053
0.498923 0.651977 0.042461 0.033729
0.388854 0.451151 0.065895 0.041336
0.070770 0.640188 0.045605 0.035394
0.288134 0.684856 0.056428 0.040276
0.929320 0.359644 0.044503 0.038576
0.066688 0.528652 0.060292 0.040133
0.075483 0.406240 0.049752 0.033006
0.826500 0.440442 0.040175 0.031888
0.727393 0.030653 0.049655 0.043802
0.284333 0.180006 0.046312 0.029640
0.930057 0.607103 0.047870 0.031206
0.397948 0.837630 0.041599 0.034607
0.933548 0.872003 0.045629 0.032358
0.060585 0.829280 0.048790 0.046481
0.176947 0.334872 0.050428 0.030737
0.626850 0.961471 0.066623 0.037070
0.180001 0.950630 0.045685 0.040756
0.286961 0.764014 0.045561 0.033839
0.830119 0.411808 0.050430 0.025511
0.729240 0.398812 0.051133 0.025999
0.179216 0.911604 0.044318 0.030483
0.517682 0.977964 0.057584 0.025912
0.930925 0.397417 0.039154 0.032626
0.931261 0.284944 0.052106 0.028408
0.499890 0.617388 0.042957 0.034567
0.614286 0.059621 0.043962 0.030060
0.936595 0.035608 0.045568 0.040002
0.383668 0.194319 0.070484 0.032997
0.175194 0.030984 0.050068 0.044808
0.067600 0.566899 0.042868 0.034031
0.177178 0.591847 0.050128 0.028647
0.284485 0.299800 0.051333 0.035482
0.291346 0.651441 0.055151 0.032303
0.505400 0.274327 0.043312 0.028022
0.290441 0.825153 0.045501 0.030440
0.393799 0.729511 0.052434 0.047880
0.512157 0.949498 0.040432 0.031492
0.392159 0.029302 0.042898 0.037333
0.280005 0.216818 0.050976 0.046961
0.288217 0.065888 0.047288 0.028296
0.180503 0.366040 0.045930 0.033713
0.073844 0.035167 0.050214 0.044377
0.181527 0.069287 0.050099 0.028482
0.615732 0.026643 0.045655 0.033398
0.063592 0.876416 0.046312 0.046117
0.066072 0.123687 0.045239 0.030457
0.291248 0.795508 0.048887 0.035614
0.069872 0.487166 0.036690 0.037180
0.183407 0.396041 0.047152 0.026373
0.293507 0.028394 0.062260 0.047485
0.233024 0.027873 0.030876 0.024438
