0.228338 0.800593 0.062566 0.035963
0.326034 0.769187 0.055458 0.030358
0.504661 0.233764 0.056905 0.036173
0.310055 0.323294 0.069271 0.033806
0.309924 0.257805 0.061535 0.030697
0.403362 0.186256 0.059460 0.027510
0.704389 0.221529 0.055233 0.035673
0.330995 0.860996 0.066243 0.028558
0.319468 0.396757 0.071754 0.034372
0.224979 0.725467 0.054712 0.033423
0.911072 0.239212 0.063840 0.038269
0.225690 0.762932 0.054689 0.028671
0.632778 0.788607 0.055639 0.038542
0.805816 0.158773 0.058835 0.033096
0.114472 0.342733 0.062756 0.035961
0.115286 0.232238 0.059366 0.030977
0.426535 0.730152 0.064692 0.031519
0.201850 0.129788 0.065428 0.034874
0.111811 0.157135 0.057133 0.030466
0.633918 0.752984 0.061115 0.027919
0.724382 0.569833 0.055754 0.034470
0.430794 0.827430 0.061589 0.032235
0.403404 0.121044 0.055470 0.026639
0.698974 0.157454 0.053802 0.026939
0.912788 0.199042 0.056595 0.032883
0.130772 0.866816 0.061982 0.038626
0.510589 0.334701 0.057376 0.035918
0.712955 0.284794 0.055282 0.031913
0.423232 0.556367 0.059583 0.032084
0.603101 0.184509 0.054576 0.031986
0.528184 0.737456 0.068321 0.039493
0.532580 0.811027 0.060464 0.034799
0.727260 0.694454 0.054438 0.033320
0.403143 0.220946 0.050214 0.034332
0.424523 0.656492 0.063247 0.030208
0.804728 0.123095 0.059086 0.025185
0.917026 0.581800 0.059969 0.028440
0.605135 0.121137 0.064010 0.031341
0.701347 0.122255 0.056241 0.035318
0.231924 0.864176 0.067108 0.029465
0.125483 0.487413 0.055205 0.034385
0.917220 0.730345 0.054404 0.028366
0.324472 0.589597 0.057883 0.031026
0.503034 0.120262 0.060785 0.037507
0.323941 0.625963 0.056986 0.030116
0.422571 0.521673 0.058867 0.029538
0.918503 0.689299 0.059347 0.037825
0.727479 0.527965 0.058293 0.036590
0.503001 0.162860 0.056359 0.036757
0.226420 0.833027 0.055016 0.025832
0.613664 0.432747 0.054222 0.030750
0.726517 0.611859 0.057469 0.040752
0.400681 0.152719 0.049669 0.027802
0.713006 0.320730 0.054070 0.029633
0.919431 0.793487 0.052018 0.026850
0.323201 0.663423 0.065560 0.034490
0.507286 0.272224 0.058204 0.033556
0.326517 0.801629 0.056366 0.026922
0.128848 0.760191 0.055725 0.030355
0.326289 0.732902 0.054586 0.032835
0.520934 0.622613 0.052256 0.035948
0.701163 0.186564 0.056048 0.028505
0.412168 0.390075 0.059393 0.033074
0.629757 0.688416 0.051446 0.029451
0.205683 0.198415 0.053326 0.032207
0.425958 0.861060 0.054877 0.026841
0.502223 0.198234 0.050934 0.029901
0.218429 0.446152 0.053540 0.038811
0.629659 0.721846 0.055601 0.025277
0.723301 0.462360 0.056647 0.038613
0.206770 0.234432 0.051712 0.030379
0.717724 0.355691 0.055978 0.033388
0.308316 0.289799 0.055848 0.025285
0.315833 0.464841 0.050746 0.032450
0.602870 0.277751 0.049972 0.031710
0.735000 0.869611 0.051934 0.024632
0.223223 0.483987 0.048470 0.027688
0.624569 0.652787 0.047974 0.033293
0.913954 0.319879 0.064620 0.028105
0.918012 0.761226 0.049536 0.029248
0.915954 0.649434 0.049295 0.034375
0.521420 0.371542 0.064060 0.032220
0.919418 0.487084 0.057297 0.034524
0.729410 0.656147 0.058160 0.032460
0.402084 0.254573 0.057215 0.025135
0.214814 0.404831 0.050836 0.033264
0.731376 0.843259 0.051391 0.024065
0.907043 0.161732 0.047977 0.035760
0.410822 0.288945 0.055250 0.033129
0.619657 0.503394 0.050639 0.030763
0.615748 0.397935 0.047117 0.029062
0.130158 0.690418 0.054183 0.035141
0.429165 0.692494 0.067224 0.031126
0.121607 0.378107 0.053408 0.028098
0.733352 0.898268 0.051408 0.028681
0.627862 0.615750 0.062153 0.036319
0.916753 0.889812 0.052137 0.033176
0.129578 0.907163 0.065856 0.031969
0.429300 0.625679 0.066776 0.028443
0.133167 0.654130 0.058959 0.026715
0.602515 0.218198 0.048832 0.030956
0.733830 0.752570 0.051388 0.027235
0.519153 0.696571 0.053329 0.035156
0.508597 0.301164 0.063779 0.025448
0.427414 0.793009 0.057206 0.029062
0.722355 0.391554 0.055400 0.033346
0.312399 0.359266 0.060836 0.029906
0.214286 0.367043 0.065590 0.029823
0.307307 0.222447 0.051198 0.025440
0.912636 0.384179 0.056438 0.028976
0.113464 0.191620 0.047973 0.034777
0.114705 0.265288 0.060251 0.025986
0.124855 0.449481 0.058008 0.030385
0.521289 0.584944 0.045629 0.028306
0.231049 0.655549 0.057705 0.034764
0.602397 0.152526 0.059707 0.024108
0.609614 0.363840 0.052309 0.026826
0.915163 0.520083 0.050780 0.028017
0.531807 0.773985 0.070420 0.026922
0.913872 0.614825 0.052970 0.025565
0.298803 0.121855 0.046152 0.032178
0.427027 0.591740 0.062287 0.029748
0.514168 0.488332 0.045925 0.030575
0.618904 0.467194 0.062052 0.029388
0.622069 0.536516 0.055083 0.028640
0.210066 0.268111 0.055372 0.028238
0.112379 0.301191 0.046268 0.036600
0.910748 0.351715 0.051337 0.028718
0.914909 0.550136 0.046128 0.029373
0.918858 0.824318 0.048143 0.029809
0.513418 0.429635 0.047303 0.032686
0.134056 0.562690 0.063752 0.033931
0.912226 0.282465 0.044738 0.031151
0.331974 0.897579 0.053381 0.031799
0.610321 0.333929 0.049737 0.025466
0.205608 0.094568 0.051453 0.028387
0.735419 0.786921 0.046108 0.031635
0.919748 0.854983 0.058518 0.023069
0.908694 0.451705 0.062412 0.028718
0.704228 0.254681 0.046679 0.024025
0.122458 0.412919 0.062138 0.031275
0.215594 0.336072 0.048276 0.024015
0.128342 0.727670 0.054118 0.031163
0.405902 0.324369 0.044510 0.029781
0.128682 0.796412 0.049771 0.034248
0.417059 0.422824 0.050451 0.030492
0.129505 0.831082 0.042724 0.032852
0.798576 0.092665 0.054115 0.025346
0.300001 0.158949 0.042873 0.033610
0.223429 0.517083 0.046995 0.028497
0.304528 0.191829 0.045641 0.024699
0.635283 0.862273 0.073012 0.025957
0.223790 0.615820 0.052151 0.039443
0.518915 0.523916 0.055250 0.036076
0.521875 0.659441 0.046146 0.026197
0.210445 0.165509 0.057322 0.028771
0.917493 0.418691 0.060588 0.030440
0.313233 0.433066 0.044924 0.029947
0.734481 0.817251 0.061734 0.020904
0.415787 0.457046 0.040549 0.031234
0.607880 0.248445 0.060371 0.022814
0.908399 0.125465 0.040044 0.028173
0.730464 0.723572 0.063062 0.022495
0.634909 0.828785 0.040245 0.033304
0.220456 0.551679 0.055267 0.030266
0.905176 0.093694 0.049728 0.029235
0.400246 0.091430 0.049684 0.026728
0.430215 0.885819 0.064698 0.021159
0.430962 0.909396 0.067976 0.025308
0.407662 0.357343 0.040780 0.027866
0.418454 0.491156 0.048336 0.024790
0.718625 0.425464 0.042521 0.028706
0.211063 0.300815 0.048540 0.030813
0.328831 0.830988 0.048594 0.021591
0.126226 0.597702 0.045780 0.028689
0.128510 0.525008 0.041552 0.031117
0.610186 0.307984 0.051001 0.020950
0.627064 0.571807 0.045578 0.033523
0.225362 0.690326 0.045877 0.030997
0.601408 0.090232 0.058374 0.026055
0.532918 0.851034 0.048188 0.033941
0.699538 0.088979 0.056970 0.029674
0.111958 0.124780 0.054548 0.029100
0.231403 0.899576 0.044698 0.030552
0.300582 0.092031 0.052918 0.023181
0.130910 0.624336 0.055228 0.020388
0.321644 0.532627 0.066064 0.021745
0.326093 0.558322 0.060943 0.019671
0.635244 0.891555 0.073182 0.027285
0.322851 0.700122 0.052418 0.032644
0.424622 0.762653 0.039332 0.024555
0.807912 0.198369 0.040779 0.033615
0.517577 0.402147 0.054248 0.020590
0.220465 0.580679 0.053401 0.021859
0.515098 0.556109 0.049336 0.018040
0.321999 0.500592 0.048743 0.032267
0.519249 0.460727 0.052132 0.019992
0.722436 0.496478 0.046762 0.019028
0.110335 0.094942 0.055258 0.026832
0.814712 0.232732 0.063254 0.026892
0.501939 0.088633 0.047028 0.020618
