0.320929 0.470613 0.058145 0.029090
0.420632 0.448706 0.067710 0.033374
0.609216 0.844946 0.056464 0.028551
0.324045 0.331458 0.063323 0.035005
0.422162 0.287511 0.059304 0.029909
0.810261 0.599586 0.056447 0.030167
0.313780 0.791733 0.069192 0.031044
0.624816 0.183125 0.058306 0.029894
0.412334 0.684419 0.057717 0.032492
0.217922 0.610807 0.055891 0.036182
0.801844 0.722043 0.053657 0.029747
0.708755 0.755351 0.055879 0.033253
0.712159 0.717861 0.059868 0.029818
0.407733 0.745665 0.068841 0.032920
0.422000 0.348781 0.064808 0.030085
0.222024 0.818455 0.064863 0.029929
0.136101 0.217864 0.057408 0.034993
0.914478 0.279749 0.057213 0.029961
0.900531 0.705560 0.060496 0.027777
0.522694 0.368343 0.061109 0.027924
0.519534 0.333458 0.052278 0.032099
0.810397 0.631774 0.061654 0.027858
0.717035 0.434358 0.060783 0.029403
0.711909 0.472422 0.057254 0.032271
0.316249 0.653677 0.056988 0.036908
0.408175 0.649556 0.064301 0.029072
0.513907 0.690367 0.063105 0.026694
0.515311 0.603227 0.049938 0.032665
0.515240 0.566620 0.060125 0.029383
0.217969 0.750983 0.060565 0.035874
0.898843 0.801651 0.056586 0.027453
0.319207 0.721585 0.056172 0.036492
0.512821 0.760813 0.065845 0.024682
0.421466 0.220826 0.055720 0.028233
0.518763 0.210280 0.052539 0.032071
0.898282 0.770307 0.056873 0.027542
0.138757 0.146770 0.059149 0.032001
0.606722 0.815193 0.056913 0.025346
0.615331 0.369187 0.052781 0.032731
0.331714 0.292913 0.060765 0.032771
0.405659 0.832116 0.058251 0.027540
0.821424 0.221287 0.056259 0.029437
0.222418 0.510685 0.055784 0.028601
0.224496 0.311084 0.053221 0.035643
0.719929 0.141932 0.052659 0.027042
0.914751 0.213600 0.056191 0.031428
0.507943 0.792001 0.052066 0.033766
0.522003 0.402758 0.050567 0.032770
0.708357 0.794363 0.047951 0.031042
0.339745 0.081953 0.065092 0.030736
0.515457 0.502483 0.061395 0.031892
0.417914 0.483266 0.065860 0.027501
0.812225 0.461168 0.054746 0.029155
0.915299 0.178561 0.060782 0.028585
0.126345 0.709528 0.056418 0.029705
0.406489 0.865586 0.066535 0.034606
0.705640 0.571659 0.053666 0.025483
0.219603 0.571292 0.051092 0.032727
0.708606 0.644374 0.050601 0.033240
0.910627 0.508733 0.056178 0.031710
0.621300 0.213500 0.057135 0.030059
0.719847 0.173663 0.051332 0.027705
0.126441 0.469631 0.059711 0.032265
0.121420 0.647788 0.061142 0.032391
0.129805 0.384607 0.054282 0.031362
0.228055 0.274139 0.055297 0.026729
0.916628 0.357378 0.064014 0.032217
0.427659 0.189795 0.057693 0.029251
0.709390 0.682358 0.045778 0.029218
0.619118 0.477761 0.056059 0.030719
0.901664 0.738927 0.049237 0.029811
0.318887 0.610289 0.049493 0.034883
0.318074 0.537406 0.063184 0.033850
0.132287 0.311294 0.055557 0.034252
0.802752 0.690134 0.052935 0.025112
0.320665 0.502195 0.062056 0.027741
0.224287 0.410289 0.061216 0.026787
0.899510 0.830753 0.060271 0.025751
0.221688 0.444198 0.047631 0.031014
0.328425 0.367284 0.056385 0.028405
0.519879 0.467428 0.056488 0.030573
0.705045 0.604160 0.050439 0.028630
0.909551 0.392532 0.063610 0.027524
0.323468 0.402210 0.057811 0.030440
0.124431 0.526777 0.057238 0.028537
0.712274 0.856207 0.063856 0.026268
0.613024 0.408831 0.053023 0.034307
0.806301 0.760152 0.053436 0.037480
0.514538 0.662300 0.055091 0.025262
0.612904 0.584766 0.053155 0.030798
0.621715 0.247744 0.051012 0.034083
0.524278 0.270828 0.056165 0.028434
0.315388 0.570720 0.051882 0.034202
0.712501 0.343575 0.050807 0.028751
0.231200 0.153517 0.046952 0.029041
0.616776 0.683122 0.053620 0.030819
0.223266 0.478763 0.051268 0.027383
0.423754 0.118854 0.055777 0.028247
0.612433 0.549380 0.054386 0.029999
0.713326 0.538032 0.052812 0.031863
0.407110 0.802852 0.056307 0.024332
0.139939 0.180865 0.051572 0.030978
0.521095 0.117473 0.060132 0.027709
0.328910 0.254362 0.054481 0.033340
0.417843 0.512383 0.062312 0.026059
0.707262 0.827445 0.050615 0.026488
0.333484 0.179448 0.061055 0.026552
0.613558 0.619184 0.049086 0.031996
0.114937 0.818660 0.057442 0.027531
0.815727 0.252133 0.060027 0.024092
0.609421 0.756873 0.047355 0.030253
0.514026 0.536082 0.053776 0.025696
0.813228 0.398753 0.055545 0.029668
0.409719 0.776394 0.054281 0.025223
0.415244 0.614677 0.051641 0.030031
0.422800 0.153953 0.046420 0.032828
0.232029 0.116102 0.050192 0.031694
0.416338 0.543075 0.056404 0.031442
0.310218 0.825739 0.046196 0.029238
0.423899 0.412584 0.058653 0.030429
0.143615 0.111846 0.052906 0.032956
0.337432 0.116378 0.057132 0.032128
0.714612 0.398654 0.060133 0.031063
0.901934 0.599320 0.065685 0.024321
0.310773 0.858436 0.045240 0.033231
0.818513 0.358972 0.052882 0.036019
0.911845 0.118107 0.044724 0.033091
0.611349 0.720083 0.047513 0.033275
0.613403 0.651699 0.061559 0.023452
0.522468 0.240611 0.057606 0.023207
0.804830 0.661817 0.055706 0.022362
0.914351 0.245995 0.045067 0.024261
0.216426 0.674727 0.053121 0.034164
0.227812 0.344681 0.060862 0.029940
0.808806 0.566560 0.043208 0.027979
0.513959 0.633571 0.056019 0.022149
0.238868 0.080628 0.062721 0.030430
0.613390 0.443158 0.053292 0.026653
0.504428 0.829342 0.045485 0.028043
0.423973 0.253582 0.054587 0.031284
0.509110 0.862655 0.060779 0.033436
0.233054 0.181776 0.055585 0.023362
0.520176 0.085493 0.049816 0.031205
0.120731 0.679310 0.050609 0.025878
0.607937 0.788233 0.050817 0.022616
0.902308 0.571465 0.044852 0.028658
0.618287 0.308902 0.051075 0.023434
0.618503 0.281719 0.048252 0.024630
0.216641 0.786518 0.041906 0.030215
0.318548 0.438599 0.044279 0.028952
0.621079 0.083273 0.050307 0.026639
0.895498 0.677328 0.050321 0.024882
0.717485 0.112259 0.048397 0.024224
0.216983 0.714534 0.047029 0.031295
0.231322 0.210527 0.044066 0.029970
0.810322 0.531322 0.054866 0.032180
0.905082 0.539350 0.042389 0.028132
0.907643 0.478371 0.059176 0.022286
0.822621 0.090007 0.058618 0.029797
0.418244 0.381316 0.048399 0.028620
0.708301 0.506279 0.043942 0.025745
0.822557 0.318029 0.053403 0.040035
0.899786 0.868556 0.052284 0.037094
0.618159 0.335961 0.047175 0.021739
0.811660 0.430594 0.041633 0.028533
0.614954 0.513621 0.040548 0.033476
0.804524 0.798650 0.049709 0.034311
0.824621 0.127061 0.047256 0.036402
0.225377 0.379322 0.052258 0.031133
0.622275 0.114621 0.046310 0.026840
0.420922 0.319000 0.046412 0.021330
0.219548 0.644934 0.058953 0.025195
0.129008 0.561589 0.052378 0.033954
0.824789 0.187335 0.052990 0.027269
0.428401 0.083636 0.049516 0.033243
0.512749 0.725841 0.050747 0.034100
0.410702 0.715878 0.053512 0.024916
0.228887 0.242060 0.043740 0.030493
0.613104 0.876205 0.063813 0.027439
0.720392 0.084022 0.047427 0.026025
0.132918 0.349444 0.054960 0.028712
0.313354 0.758005 0.040448 0.028725
0.809661 0.495551 0.038194 0.031057
0.914686 0.318747 0.041386 0.034999
0.212773 0.872434 0.061404 0.027542
0.314046 0.689814 0.057476 0.023298
0.712951 0.307376 0.040143 0.034828
0.910440 0.420487 0.046581 0.020892
0.729749 0.237253 0.065064 0.033042
0.328989 0.212529 0.043083 0.037281
0.519375 0.435904 0.045909 0.022688
0.821002 0.279322 0.043067 0.023937
0.417990 0.578161 0.044317 0.033574
0.823229 0.159737 0.049951 0.020720
0.134898 0.438766 0.059214 0.026347
0.221112 0.537284 0.045100 0.025808
0.910167 0.448855 0.039216 0.028565
0.901230 0.626460 0.069080 0.023396
0.714816 0.272561 0.040776 0.027835
0.912763 0.150315 0.045932 0.019831
0.127597 0.614096 0.050458 0.023551
0.623687 0.148763 0.046112 0.030624
0.903386 0.651013 0.062811 0.021480
0.913453 0.087328 0.051770 0.022687
0.131255 0.498277 0.053795 0.019923
0.214217 0.847149 0.043825 0.022127
0.721824 0.207444 0.038920 0.027436
0.119130 0.788078 0.049707 0.020963
0.520439 0.301110 0.059618 0.024573
0.144255 0.077188 0.041698 0.028940
0.516261 0.178855 0.057712 0.021542
0.133379 0.277897 0.064071 0.023040
0.342388 0.148992 0.064186 0.024441
0.518447 0.148998 0.056277 0.029070
0.138221 0.255524 0.066286 0.030871
0.713277 0.370253 0.051692 0.019471
0.116643 0.746268 0.053406 0.041311
0.707133 0.881854 0.044424 0.019459
0.128275 0.587508 0.045284 0.020081
0.112363 0.853503 0.041060 0.037406
0.130648 0.411124 0.046973 0.018256
