0.394088 0.740639 0.058073 0.041244
0.392356 0.809525 0.061121 0.043634
0.169022 0.635964 0.058035 0.029463
0.397720 0.699054 0.065877 0.036798
0.063020 0.473871 0.054470 0.034983
0.616746 0.879996 0.056265 0.037332
0.064083 0.787824 0.051360 0.031852
0.621596 0.335833 0.058946 0.038493
0.063992 0.849115 0.068228 0.034629
0.279998 0.870464 0.056140 0.033817
0.729240 0.135571 0.062391 0.040342
0.063391 0.883239 0.061195 0.033169
0.073329 0.183246 0.059655 0.037501
0.925066 0.879301 0.065610 0.034327
0.288541 0.640181 0.052055 0.035556
0.614649 0.570509 0.063482 0.038375
0.277909 0.358357 0.053934 0.036528
0.616756 0.791381 0.061028 0.038746
0.936544 0.192855 0.051937 0.037739
0.065056 0.754395 0.061082 0.028945
0.176873 0.184492 0.063697 0.039088
0.505917 0.603512 0.080116 0.045637
0.173624 0.473241 0.059429 0.039935
0.063557 0.724360 0.051711 0.031637
0.062186 0.920616 0.059581 0.039823
0.508145 0.902806 0.067133 0.037147
0.284511 0.682810 0.066365 0.038043
0.503078 0.191713 0.052882 0.036074
0.284822 0.235369 0.057300 0.032733
0.934631 0.155237 0.055091 0.035028
0.731491 0.210179 0.057180 0.031714
0.170079 0.722991 0.063545 0.042018
0.611389 0.258880 0.050298 0.038591
0.504689 0.265769 0.063646 0.036889
0.062917 0.552836 0.059034 0.044345
0.279998 0.028687 0.062849 0.040191
0.065556 0.512598 0.060505 0.037464
0.072499 0.222899 0.067109 0.032466
0.390125 0.428273 0.050872 0.030267
0.923357 0.918907 0.063444 0.037365
0.173054 0.560196 0.053350 0.038570
0.504879 0.800240 0.052792 0.038249
0.070140 0.145974 0.055926 0.033650
0.827358 0.261247 0.054963 0.034365
0.391124 0.396190 0.050278 0.032141
0.934614 0.281113 0.052901 0.033873
0.618086 0.497150 0.051344 0.040556
0.614351 0.976337 0.052464 0.029372
0.828537 0.911748 0.049935 0.034375
0.501202 0.229468 0.051893 0.033653
0.064213 0.337258 0.069994 0.035747
0.169002 0.810582 0.054068 0.033778
0.935022 0.642582 0.061395 0.044413
0.722004 0.646159 0.052804 0.041394
0.934403 0.767870 0.049843 0.038871
0.390821 0.247862 0.048349 0.032831
0.619693 0.219473 0.060770 0.036534
0.390907 0.280959 0.054729 0.031474
0.618519 0.454182 0.055164 0.039257
0.280294 0.472116 0.048870 0.037038
0.286048 0.725232 0.047084 0.040646
0.281557 0.766951 0.068448 0.034618
0.827540 0.740087 0.053661 0.040169
0.287743 0.139892 0.052640 0.026361
0.394979 0.150673 0.053521 0.037195
0.829235 0.330173 0.051505 0.034466
0.283760 0.103670 0.049065 0.039672
0.281236 0.511890 0.070321 0.038715
0.280338 0.912484 0.044700 0.041230
0.067420 0.296482 0.048242 0.041855
0.935740 0.116987 0.050403 0.036849
0.731740 0.319935 0.064708 0.042954
0.821627 0.953695 0.062516 0.044789
0.508703 0.516691 0.054745 0.041901
0.827448 0.812402 0.052506 0.035882
0.506562 0.939256 0.058292 0.037925
0.059800 0.961198 0.050709 0.037615
0.826248 0.879112 0.047175 0.032051
0.065940 0.818252 0.065911 0.026329
0.283935 0.170146 0.060854 0.033452
0.160501 0.847089 0.070054 0.035505
0.828046 0.367632 0.056870 0.039328
0.932840 0.400758 0.064584 0.040026
0.061672 0.593037 0.049233 0.034809
0.611809 0.682141 0.047596 0.038778
0.066345 0.439054 0.047688 0.029844
0.167819 0.768631 0.056258 0.046695
0.178220 0.225064 0.058195 0.040043
0.170948 0.437819 0.055582 0.026889
0.611850 0.641228 0.065981 0.034764
0.390559 0.316030 0.044647 0.035888
0.286859 0.546403 0.065152 0.030093
0.830530 0.227718 0.042337 0.030247
0.613181 0.296827 0.044655 0.036548
0.824408 0.120270 0.045745 0.033619
0.065302 0.408502 0.045602 0.029268
0.277345 0.955853 0.049893 0.036994
0.288290 0.606441 0.049536 0.031015
0.502736 0.645140 0.055622 0.033389
0.723950 0.728815 0.050264 0.037778
0.060820 0.628909 0.050108 0.032807
0.720947 0.603838 0.050370 0.039738
0.166801 0.675095 0.052956 0.043008
0.282855 0.395862 0.064940 0.037742
0.282389 0.312716 0.052158 0.046375
0.830397 0.295748 0.055300 0.032863
0.929264 0.357042 0.053227 0.048027
0.067114 0.109315 0.052200 0.035858
0.725595 0.357357 0.049409 0.031087
0.287651 0.270282 0.045948 0.035588
0.729157 0.175062 0.048489 0.034181
0.613331 0.835248 0.057410 0.044393
0.826008 0.626888 0.050093 0.037860
0.936282 0.314731 0.054341 0.032596
0.618601 0.606028 0.046108 0.031680
0.729242 0.096890 0.050196 0.033973
0.505876 0.836308 0.043772 0.035570
0.508762 0.973185 0.063670 0.031464
0.726065 0.841008 0.045422 0.040403
0.614627 0.942929 0.043764 0.037708
0.725800 0.767630 0.049998 0.033252
0.728579 0.391279 0.047007 0.036279
0.392138 0.217007 0.039834 0.028690
0.172832 0.517328 0.047606 0.041306
0.393460 0.630621 0.040130 0.032068
0.719721 0.803466 0.059261 0.035789
0.176397 0.269668 0.050762 0.039047
0.389785 0.030972 0.078581 0.043270
0.166135 0.599496 0.048869 0.034244
0.504386 0.102251 0.047814 0.044818
0.278416 0.432693 0.043578 0.034186
0.937713 0.550960 0.066642 0.034514
0.501420 0.685739 0.045549 0.041579
0.513185 0.379014 0.051818 0.040888
0.934498 0.236762 0.053896 0.045640
0.722717 0.689942 0.050230 0.041005
0.392971 0.663531 0.041666 0.030392
0.505925 0.726621 0.047258 0.037201
0.933437 0.439248 0.051231 0.035424
0.724133 0.469101 0.050447 0.039373
0.823331 0.700778 0.050905 0.036047
0.926743 0.959098 0.059151 0.039989
0.826803 0.663743 0.053280 0.036173
0.395388 0.848639 0.070413 0.033336
0.721463 0.536440 0.046595 0.034141
0.173866 0.113936 0.050148 0.041047
0.284268 0.576530 0.050136 0.029746
0.721915 0.915856 0.046543 0.030084
0.827043 0.777818 0.043787 0.032228
0.932031 0.512807 0.060420 0.038894
0.832593 0.409325 0.047026 0.036363
0.932508 0.726207 0.050708 0.036488
0.390934 0.459483 0.041058 0.029636
0.726740 0.430510 0.053608 0.034778
0.933915 0.474873 0.047431 0.033518
0.619036 0.533290 0.046244 0.031648
0.831168 0.588772 0.048984 0.035050
0.825231 0.157782 0.055083 0.040872
0.932328 0.810320 0.052939 0.039920
0.283875 0.065791 0.047853 0.036786
0.930811 0.687201 0.053126 0.037766
0.063217 0.663341 0.039191 0.031663
0.730856 0.030787 0.050582 0.034572
0.725879 0.880263 0.043891 0.037679
0.395760 0.558725 0.049801 0.043095
0.619784 0.377724 0.048788 0.045167
0.395732 0.519444 0.061814 0.026644
0.394708 0.186852 0.039576 0.030062
0.506471 0.557329 0.066527 0.041010
0.389986 0.491342 0.043507 0.032182
0.398076 0.109344 0.047402 0.043499
0.503139 0.306980 0.046394 0.041156
0.935174 0.075244 0.058961 0.044622
0.502183 0.762385 0.047464 0.035278
0.622959 0.417013 0.049920 0.035292
0.061300 0.036951 0.064725 0.049465
0.279014 0.838199 0.043153 0.029466
0.067661 0.258609 0.049019 0.029457
0.827730 0.552156 0.064267 0.033714
0.397191 0.068737 0.056661 0.034225
0.829552 0.847464 0.045795 0.025476
0.068087 0.374040 0.060201 0.032715
0.822630 0.025745 0.045514 0.028761
0.174894 0.150547 0.048048 0.028706
0.833786 0.482508 0.045341 0.034214
0.173141 0.073217 0.051170 0.037561
0.508691 0.342343 0.050384 0.032273
0.395879 0.597426 0.041754 0.032868
0.062967 0.693977 0.037440 0.028628
0.168899 0.405980 0.043732 0.035293
0.828608 0.196052 0.044443 0.030474
0.832118 0.445537 0.045000 0.036325
0.502039 0.060188 0.051243 0.036618
0.722902 0.503233 0.041747 0.031348
0.831234 0.517057 0.049855 0.034799
0.616663 0.179278 0.047952 0.044677
0.398364 0.951249 0.072125 0.050740
0.824111 0.086336 0.043895 0.028417
0.930756 0.847005 0.046261 0.025582
0.509574 0.427586 0.049677 0.046140
0.286154 0.201014 0.046366 0.028815
0.614740 0.912184 0.051642 0.024368
0.395769 0.773631 0.045023 0.023908
0.501952 0.148891 0.063701 0.043421
0.167705 0.916585 0.045111 0.038854
0.393472 0.357274 0.051156 0.043281
0.400691 0.911934 0.052528 0.031920
0.823825 0.057700 0.037368 0.031308
0.732465 0.063522 0.045643 0.026143
0.175388 0.306030 0.048081 0.028960
0.508421 0.868027 0.040997 0.029668
0.506939 0.471915 0.044468 0.041370
0.613048 0.715552 0.045371 0.027433
0.934558 0.594566 0.040461 0.044793
0.170478 0.339573 0.051356 0.038111
0.622432 0.134542 0.052603 0.036590
0.284394 0.804218 0.044854 0.035853
0.723019 0.567816 0.046195 0.026473
0.173327 0.033261 0.053637 0.043855
0.615724 0.033535 0.051066 0.042334
0.394427 0.879606 0.054620 0.037731
0.168973 0.954230 0.054083 0.034602
0.166043 0.879493 0.056927 0.033977
0.724122 0.952239 0.047027 0.037426
0.616858 0.102175 0.047493 0.025283
0.719518 0.249039 0.070028 0.039995
0.931721 0.035758 0.058010 0.036706
0.172461 0.372847 0.048444 0.031959
0.728662 0.280547 0.041446 0.033351
0.612903 0.749666 0.050745 0.038607
0.070550 0.074858 0.052135 0.027656
0.499550 0.024724 0.058699 0.029364
0.613648 0.074960 0.051142 0.031427
