0.615903 0.231997 0.076644 0.054072
0.170158 0.506416 0.078643 0.054294
0.509979 0.225583 0.073598 0.051659
0.619274 0.617179 0.084185 0.052711
0.935335 0.700239 0.069425 0.052347
0.619938 0.285806 0.087715 0.049579
0.614379 0.867842 0.077991 0.048784
0.395471 0.178743 0.070181 0.054497
0.945212 0.215564 0.085713 0.041981
0.506848 0.340771 0.069881 0.054798
0.938901 0.803686 0.072416 0.047598
0.837681 0.388812 0.074976 0.054821
0.062834 0.871789 0.090046 0.052932
0.937180 0.752343 0.073983 0.042347
0.832320 0.741573 0.071807 0.050313
0.509972 0.397280 0.074721 0.055355
0.401947 0.402361 0.074084 0.049884
0.169881 0.451566 0.090897 0.049609
0.173197 0.563393 0.081800 0.051850
0.622553 0.117646 0.079779 0.052339
0.726288 0.278354 0.085867 0.051600
0.181429 0.339765 0.081093 0.055026
0.289867 0.172859 0.080393 0.052355
0.063560 0.542611 0.080623 0.057025
0.175289 0.817703 0.070757 0.053347
0.166581 0.927497 0.085634 0.050542
0.619541 0.391365 0.077287 0.050716
0.935097 0.592192 0.072539 0.052634
0.289606 0.118026 0.081152 0.049847
0.835800 0.589277 0.072350 0.051918
0.615413 0.561805 0.080186 0.052203
0.286649 0.499460 0.081067 0.051369
0.288152 0.556488 0.073666 0.053523
0.065681 0.926772 0.070178 0.046121
0.401632 0.345974 0.078827 0.051216
0.182139 0.873421 0.083426 0.050876
0.937784 0.897764 0.070644 0.047938
0.620503 0.504573 0.085892 0.052035
0.508199 0.864751 0.083660 0.054298
0.174819 0.121516 0.077048 0.057778
0.832704 0.838559 0.076490 0.046352
0.403564 0.070455 0.078153 0.060201
0.832643 0.791123 0.068222 0.040795
0.511227 0.809920 0.082396 0.045287
0.509564 0.507161 0.083490 0.052558
0.178629 0.398512 0.071100 0.052952
0.177016 0.230128 0.083788 0.052180
0.178758 0.176551 0.079927 0.050253
0.284474 0.764029 0.093060 0.047224
0.933568 0.646643 0.071169 0.045336
0.508727 0.756392 0.069004 0.051502
0.403757 0.457628 0.077230 0.052813
0.945457 0.115734 0.091460 0.052589
0.731701 0.686749 0.082715 0.050113
0.945145 0.264571 0.080794 0.044541
0.506906 0.173319 0.084188 0.047094
0.289306 0.329880 0.085077 0.056472
0.510774 0.960747 0.079869 0.049199
0.838138 0.535678 0.074614 0.050859
0.397076 0.679278 0.083423 0.055397
0.066176 0.387441 0.085031 0.054219
0.835312 0.233492 0.071922 0.043511
0.069166 0.652118 0.071572 0.050831
0.405529 0.291084 0.078508 0.051952
0.838425 0.334794 0.079440 0.046139
0.062763 0.815050 0.065368 0.056426
0.948023 0.319143 0.071039 0.056483
0.064255 0.214556 0.066419 0.048879
0.064554 0.166088 0.077037 0.047030
0.834760 0.066690 0.082578 0.051149
0.732300 0.168294 0.085242 0.057112
0.622562 0.062570 0.088235 0.051398
0.394630 0.576020 0.071593 0.049447
0.834173 0.443329 0.080385 0.046479
0.834862 0.178719 0.074760 0.055088
0.619046 0.814705 0.076223 0.049747
0.509036 0.121141 0.087911 0.055969
0.066995 0.115174 0.072709 0.050073
0.840369 0.123266 0.069121 0.051988
0.946092 0.375168 0.075060 0.053994
0.506335 0.659202 0.083910 0.040370
0.736271 0.631360 0.089174 0.052476
0.394580 0.235815 0.072401 0.054316
0.839166 0.642598 0.074009 0.044259
0.067149 0.445314 0.068772 0.052980
0.950034 0.061249 0.085599 0.048987
0.839224 0.885182 0.076845 0.037670
0.286539 0.712897 0.072473 0.050214
0.622903 0.710896 0.085582 0.046728
0.179294 0.764435 0.085852 0.042036
0.286488 0.910333 0.079849 0.043415
0.396816 0.788217 0.068534 0.058444
0.943476 0.429511 0.069968 0.048276
0.735799 0.112492 0.083137 0.045903
0.172598 0.066315 0.084346 0.047153
0.283076 0.812088 0.085417 0.045646
0.289739 0.066166 0.078730 0.053285
0.064631 0.328352 0.091901 0.058120
0.618828 0.336757 0.071944 0.050669
0.942492 0.951060 0.072186 0.051830
0.282282 0.960887 0.080501 0.050255
0.732941 0.472766 0.069043 0.050166
0.067156 0.758282 0.071446 0.050653
0.730619 0.327390 0.085330 0.045130
0.511991 0.706166 0.081557 0.043391
0.613335 0.915281 0.083950 0.037682
0.942592 0.851055 0.060260 0.044375
0.392605 0.893107 0.069791 0.051597
0.397321 0.731605 0.075448 0.044286
0.286565 0.659429 0.080127 0.051890
0.731065 0.836513 0.082927 0.046497
0.516130 0.452815 0.083970 0.052730
0.508626 0.610408 0.061213 0.050919
0.289221 0.224946 0.077033 0.045335
0.619099 0.174534 0.071392 0.053367
0.736313 0.525265 0.075455 0.050987
0.398868 0.125801 0.067587 0.046350
0.722951 0.224171 0.069602 0.051345
0.730387 0.738211 0.088574 0.047433
0.944019 0.169009 0.066520 0.049506
0.509824 0.560222 0.060763 0.045335
0.941930 0.485865 0.074571 0.050021
0.509783 0.911805 0.069655 0.034153
0.620931 0.444758 0.073607 0.054341
0.065286 0.494549 0.070728 0.037716
0.175038 0.660827 0.086092 0.041902
0.734807 0.578417 0.083849 0.052382
0.063120 0.972871 0.085217 0.043100
0.939479 0.537040 0.065517 0.049770
0.069935 0.706011 0.063785 0.050730
0.834070 0.284904 0.058138 0.049256
0.289971 0.273041 0.080972 0.043487
0.064980 0.270892 0.066745 0.052457
0.513985 0.063485 0.071451 0.053974
0.395259 0.624518 0.069325 0.036384
0.289816 0.386896 0.072725 0.053452
0.737728 0.061354 0.086914 0.049409
0.510385 0.282776 0.060891 0.053623
0.281540 0.863591 0.092416 0.047476
0.830701 0.922102 0.059952 0.034709
0.834347 0.690613 0.052991 0.042484
0.282089 0.606015 0.064049 0.038287
0.622326 0.761169 0.082138 0.042607
0.617143 0.665641 0.066831 0.039157
0.176831 0.283994 0.063641 0.052184
0.831306 0.962097 0.086004 0.045552
0.397591 0.842349 0.071934 0.043387
0.731606 0.886194 0.076638 0.041833
0.175021 0.972863 0.098975 0.040655
0.289602 0.443022 0.062080 0.053882
0.836611 0.488069 0.068013 0.034134
0.732648 0.784692 0.076391 0.043529
0.732904 0.421854 0.065913 0.043014
0.614486 0.961930 0.056679 0.044990
0.063774 0.062453 0.056937 0.045297
0.396520 0.516176 0.067768 0.054472
0.075245 0.598829 0.079816 0.046067
0.174463 0.615320 0.052404 0.045073
0.727812 0.373989 0.074057 0.049179
0.725727 0.928053 0.074549 0.041868
0.395050 0.936396 0.065284 0.036191
0.398138 0.969850 0.095853 0.038034
0.170077 0.715353 0.080507 0.053628
0.722859 0.965850 0.101800 0.036741
