0.385333 0.229697 0.067567 0.041402
0.937779 0.449534 0.060775 0.047550
0.278274 0.735442 0.068644 0.039236
0.500369 0.272913 0.067350 0.034234
0.725013 0.396751 0.062577 0.042587
0.278874 0.449230 0.060395 0.042660
0.609497 0.499086 0.062700 0.039291
0.825293 0.373357 0.058886 0.035188
0.388348 0.352546 0.059279 0.042738
0.280078 0.143139 0.051685 0.034159
0.392473 0.712518 0.060996 0.045459
0.718351 0.319381 0.067331 0.032000
0.174865 0.186201 0.063623 0.043413
0.277684 0.406140 0.063790 0.039644
0.281285 0.777721 0.066204 0.040984
0.387272 0.273490 0.054447 0.039602
0.279759 0.183565 0.050413 0.037619
0.496805 0.230088 0.057310 0.042597
0.613407 0.343194 0.059351 0.037674
0.495185 0.540515 0.072242 0.038872
0.386418 0.634870 0.053598 0.035515
0.614095 0.457308 0.057900 0.041655
0.496139 0.108651 0.055729 0.043602
0.058613 0.220711 0.064459 0.036765
0.829660 0.490165 0.054952 0.048811
0.061336 0.297092 0.064823 0.040549
0.390443 0.397048 0.055741 0.039310
0.282953 0.367949 0.066674 0.033964
0.504731 0.883371 0.063793 0.038963
0.500462 0.616814 0.060142 0.047431
0.717901 0.530460 0.056499 0.045640
0.721238 0.438378 0.069267 0.035628
0.384498 0.313507 0.070932 0.035862
0.175233 0.227934 0.055304 0.038061
0.284092 0.225258 0.057313 0.039367
0.279466 0.331137 0.059679 0.038345
0.506139 0.924364 0.056806 0.040667
0.282904 0.693820 0.056637 0.039149
0.271808 0.539609 0.069565 0.047309
0.717789 0.803361 0.052992 0.042443
0.277855 0.106189 0.052568 0.035072
0.059472 0.180338 0.052898 0.034011
0.390380 0.904643 0.053575 0.037533
0.505824 0.967645 0.074316 0.044501
0.609825 0.301611 0.054015 0.039407
0.497141 0.659892 0.056814 0.040192
0.064089 0.489946 0.049398 0.041101
0.721878 0.675659 0.055499 0.045172
0.715511 0.760172 0.064949 0.043042
0.934251 0.151214 0.059027 0.033667
0.507516 0.847615 0.054809 0.035041
0.934303 0.190080 0.058406 0.037330
0.064838 0.258074 0.061818 0.032808
0.827908 0.410570 0.052969 0.032711
0.613849 0.380365 0.060666 0.033759
0.503584 0.396749 0.055670 0.040309
0.721672 0.482276 0.057920 0.048200
0.273165 0.494875 0.065824 0.044205
0.495586 0.153412 0.062827 0.038126
0.935115 0.610552 0.073729 0.044235
0.933758 0.735384 0.080936 0.039343
0.937551 0.811840 0.056712 0.040832
0.829349 0.072348 0.048873 0.040077
0.714358 0.850026 0.063205 0.047309
0.273905 0.846879 0.059731 0.034545
0.827932 0.445015 0.050655 0.034642
0.609684 0.893778 0.058138 0.039154
0.939330 0.286748 0.053416 0.045000
0.182176 0.143643 0.054385 0.033502
0.939168 0.080463 0.050120 0.036752
0.272234 0.882920 0.063283 0.037249
0.500471 0.311975 0.052786 0.035050
0.610591 0.962892 0.056820 0.036643
0.055103 0.752933 0.079346 0.048065
0.827126 0.901680 0.061840 0.045687
0.278425 0.657731 0.050386 0.036464
0.613071 0.728002 0.058450 0.042192
0.830079 0.329878 0.049320 0.043597
0.392662 0.967491 0.061811 0.034956
0.168242 0.268439 0.050556 0.038235
0.169024 0.340253 0.056489 0.036936
0.615713 0.116164 0.061981 0.043340
0.723101 0.191854 0.053498 0.039359
0.280266 0.029984 0.059923 0.042885
0.939722 0.400530 0.052393 0.041133
0.388900 0.144708 0.055713 0.044679
0.281983 0.070741 0.052551 0.033878
0.500822 0.697603 0.052102 0.034585
0.618705 0.812342 0.069320 0.040580
0.066006 0.532381 0.053375 0.038978
0.722232 0.227678 0.053344 0.034001
0.934732 0.961746 0.059244 0.039947
0.718971 0.719701 0.051075 0.036823
0.388029 0.188107 0.051164 0.036805
0.391201 0.864416 0.054406 0.039876
0.612362 0.571193 0.049180 0.038822
0.497045 0.502369 0.055755 0.035336
0.938425 0.115690 0.053440 0.031765
0.613990 0.417175 0.052129 0.039110
0.058572 0.371639 0.053133 0.041039
0.722789 0.356180 0.053898 0.037222
0.613472 0.153798 0.055465 0.031439
0.608740 0.927575 0.061282 0.031175
0.277127 0.617428 0.057379 0.044241
0.938490 0.560966 0.056865 0.043777
0.168185 0.304594 0.046489 0.032555
0.611752 0.187509 0.052286 0.039269
0.612281 0.072479 0.063071 0.044079
0.383841 0.669981 0.055822 0.037407
0.063666 0.412516 0.047852 0.039651
0.827220 0.857434 0.049603 0.041302
0.285165 0.295377 0.071946 0.036290
0.719005 0.601177 0.055322 0.035552
0.610532 0.535079 0.056993 0.033074
0.827768 0.737704 0.054186 0.037696
0.283834 0.260151 0.048680 0.027699
0.938096 0.237705 0.052604 0.046199
0.941425 0.361943 0.044944 0.032742
0.063281 0.451205 0.046846 0.034093
0.943654 0.328508 0.052961 0.027936
0.391003 0.936911 0.050078 0.028675
0.497001 0.189428 0.055848 0.034600
0.611868 0.771907 0.064633 0.045127
0.509717 0.808936 0.060848 0.041241
0.384435 0.032275 0.078883 0.046262
0.827917 0.114475 0.054393 0.043847
0.937984 0.696547 0.055076 0.030875
0.938209 0.772883 0.057685 0.034838
0.718260 0.567172 0.075814 0.025575
0.057488 0.707012 0.068921 0.041307
0.502459 0.735374 0.050979 0.039241
0.386013 0.490010 0.050591 0.031770
0.167712 0.659371 0.050895 0.041059
0.278964 0.815294 0.057808 0.026477
0.395405 0.753803 0.052550 0.033943
0.497168 0.576941 0.053392 0.034445
0.827584 0.288867 0.049207 0.037013
0.183197 0.106720 0.055670 0.044123
0.826982 0.159192 0.054970 0.030352
0.826098 0.815833 0.056041 0.038302
0.055845 0.573954 0.061177 0.042867
0.615719 0.648461 0.052639 0.045741
0.610469 0.263796 0.045899 0.033663
0.827332 0.777220 0.049071 0.036707
0.389226 0.106890 0.053259 0.029952
0.936657 0.654335 0.049269 0.045336
0.828094 0.197880 0.048581 0.042785
0.613881 0.689457 0.049256 0.035636
0.496557 0.064945 0.053640 0.036245
0.499711 0.351562 0.051028 0.042805
0.383522 0.596440 0.048477 0.039721
0.830534 0.582990 0.050779 0.041065
0.614833 0.853775 0.047884 0.038476
0.717893 0.028517 0.053612 0.038838
0.061355 0.334418 0.052760 0.031959
0.936008 0.853128 0.046506 0.037159
0.611817 0.028840 0.053652 0.039037
0.936174 0.889493 0.049504 0.034254
0.831492 0.032099 0.049159 0.037839
0.833879 0.537536 0.059969 0.039373
0.824192 0.950038 0.054292 0.051685
0.719329 0.066138 0.049733 0.035844
0.061881 0.619696 0.054199 0.045196
0.390325 0.825138 0.044216 0.033957
0.615130 0.608588 0.043668 0.031048
0.937188 0.921742 0.054318 0.034169
0.505728 0.772515 0.046537 0.033127
0.384020 0.559317 0.046391 0.033820
0.059555 0.664474 0.054948 0.041717
0.057231 0.803500 0.059725 0.049942
0.276640 0.581188 0.060707 0.033189
0.718151 0.106979 0.050993 0.042956
0.717543 0.896293 0.054163 0.045854
0.720526 0.152271 0.052371 0.039118
0.393919 0.789675 0.045769 0.037985
0.169880 0.698845 0.067608 0.030644
0.393706 0.073568 0.049524 0.033988
0.826421 0.695833 0.049428 0.041326
0.276562 0.975403 0.057599 0.028640
0.167883 0.383344 0.058251 0.042691
0.935857 0.490542 0.065140 0.028024
0.503484 0.435124 0.043872 0.035005
0.721735 0.635602 0.045102 0.030717
0.061223 0.140235 0.048137 0.040540
0.273241 0.919946 0.051347 0.035830
0.169423 0.614295 0.055366 0.047653
0.171506 0.422662 0.047996 0.038227
0.608546 0.227093 0.045337 0.037726
0.939480 0.521020 0.057998 0.031978
0.175483 0.529874 0.056720 0.045824
0.175182 0.570535 0.045592 0.033757
0.181734 0.063824 0.076204 0.039277
0.499070 0.469794 0.048574 0.034501
0.826809 0.624222 0.047103 0.036733
0.830747 0.243986 0.041639 0.042370
0.167700 0.486075 0.063585 0.036629
0.936232 0.038474 0.056772 0.043028
0.723287 0.949479 0.058433 0.059128
0.061714 0.101720 0.043882 0.033624
0.826751 0.658912 0.038047 0.031786
0.382995 0.523673 0.046860 0.036549
0.275883 0.948508 0.044687 0.026626
0.504502 0.026397 0.046999 0.034974
0.170755 0.455170 0.049286 0.023558
0.723166 0.282515 0.046287 0.046231
0.386872 0.445790 0.048570 0.053044
0.066246 0.067626 0.045788 0.038104
0.186472 0.030012 0.068530 0.039905
0.106975 0.703754 0.041798 0.032383
0.076118 0.031663 0.052718 0.039283
