0.218739 0.907500 0.063470 0.032628
0.398151 0.170405 0.055601 0.033620
0.790555 0.171385 0.047848 0.032760
0.500828 0.616770 0.049279 0.033249
0.693377 0.234009 0.055084 0.027076
0.688714 0.269204 0.053786 0.039963
0.502779 0.685807 0.049953 0.031693
0.226001 0.679248 0.063555 0.035891
0.406773 0.431698 0.047000 0.033252
0.130829 0.510188 0.054215 0.030286
0.217177 0.269178 0.058754 0.030706
0.216690 0.383987 0.053424 0.032019
0.791561 0.253393 0.053342 0.028193
0.128598 0.718040 0.054349 0.034478
0.792984 0.659271 0.057838 0.029485
0.405063 0.633187 0.048239 0.026082
0.503573 0.454838 0.049803 0.028523
0.498501 0.422479 0.051096 0.029679
0.879817 0.875979 0.051929 0.032519
0.591111 0.286031 0.045132 0.028315
0.689865 0.484845 0.048943 0.035448
0.407608 0.533737 0.046248 0.031454
0.403412 0.668259 0.050748 0.037779
0.224543 0.832408 0.055296 0.040398
0.498923 0.321100 0.052861 0.027287
0.312871 0.785989 0.067946 0.034794
0.308559 0.390796 0.053862 0.034804
0.693991 0.790579 0.055445 0.030919
0.597497 0.320327 0.051008 0.034511
0.131297 0.832323 0.052643 0.028528
0.135489 0.922722 0.053638 0.026357
0.503552 0.387314 0.047012 0.032207
0.886718 0.230673 0.054759 0.030981
0.125611 0.602041 0.058772 0.033119
0.689409 0.451823 0.045522 0.026194
0.503556 0.353049 0.048693 0.029595
0.399189 0.364143 0.052312 0.027286
0.879652 0.632247 0.049081 0.036194
0.312828 0.630260 0.057670 0.025762
0.222082 0.717417 0.059564 0.035404
0.691060 0.329294 0.055226 0.028012
0.687926 0.390837 0.052103 0.026768
0.595232 0.582390 0.045854 0.030707
0.408058 0.883485 0.044849 0.030996
0.692813 0.729677 0.050001 0.026825
0.224271 0.790349 0.047305 0.035202
0.311730 0.723379 0.054597 0.036735
0.880820 0.736461 0.049594 0.028558
0.890660 0.499126 0.052682 0.030796
0.126154 0.675210 0.052647 0.043470
0.408044 0.851618 0.053511 0.026571
0.502670 0.230433 0.050162 0.031209
0.693193 0.759906 0.052846 0.025831
0.883037 0.196554 0.046244 0.031453
0.407321 0.601740 0.042999 0.030559
0.691957 0.203038 0.051112 0.027171
0.405810 0.567754 0.045244 0.030361
0.887154 0.142171 0.053405 0.032889
0.500766 0.719634 0.046965 0.032857
0.130430 0.861684 0.051778 0.025944
0.319313 0.907847 0.053194 0.032871
0.889920 0.429916 0.044210 0.030291
0.598841 0.545207 0.042321 0.035123
0.598940 0.166326 0.051733 0.031325
0.310630 0.596766 0.044136 0.036793
0.403194 0.202604 0.053293 0.028167
0.689090 0.303024 0.048308 0.023960
0.503851 0.579620 0.044707 0.032826
0.689829 0.423009 0.049192 0.031268
0.308693 0.357360 0.051092 0.026175
0.316410 0.821733 0.047344 0.031041
0.124763 0.405983 0.050019 0.032142
0.881107 0.840786 0.051344 0.027677
0.792006 0.745745 0.049250 0.029950
0.600308 0.440987 0.048676 0.033898
0.788894 0.594895 0.046992 0.037813
0.600044 0.376113 0.052415 0.034668
0.405265 0.496661 0.043791 0.036001
0.314097 0.755627 0.056190 0.026173
0.887713 0.464414 0.047876 0.033049
0.502604 0.545056 0.044413 0.034485
0.406439 0.703702 0.045659 0.024649
0.223187 0.755351 0.052346 0.030750
0.501089 0.652096 0.048826 0.027121
0.310968 0.556995 0.047704 0.031337
0.400776 0.135661 0.057722 0.029235
0.399233 0.233474 0.043907 0.032274
0.881761 0.909164 0.042051 0.030832
0.793836 0.462586 0.051685 0.029721
0.791310 0.781545 0.048177 0.030650
0.892391 0.333747 0.049786 0.030450
0.887865 0.367275 0.042161 0.032028
0.599016 0.619277 0.050455 0.038433
0.884567 0.596800 0.054752 0.029514
0.596604 0.879394 0.041006 0.031398
0.791760 0.309390 0.053571 0.034152
0.223016 0.417308 0.057988 0.030333
0.789252 0.202883 0.043011 0.027061
0.596683 0.746574 0.046096 0.024928
0.889291 0.108951 0.052697 0.026192
0.122358 0.371455 0.054104 0.026495
0.118023 0.185444 0.051185 0.040570
0.690935 0.820857 0.042776 0.028750
0.599064 0.476487 0.047028 0.030415
0.599490 0.686926 0.046488 0.036703
0.786582 0.379188 0.050431 0.024795
0.128190 0.795314 0.047217 0.038488
0.126750 0.473636 0.045654 0.036801
0.795740 0.137557 0.057137 0.028208
0.885058 0.561119 0.048472 0.035159
0.406117 0.821218 0.041783 0.030109
0.504891 0.484624 0.055036 0.023872
0.125104 0.635893 0.057707 0.028553
0.126781 0.256374 0.056491 0.037758
0.688668 0.524337 0.045893 0.032564
0.313808 0.658426 0.053621 0.027127
0.501366 0.753774 0.043502 0.028883
0.885872 0.529933 0.042142 0.028322
0.788960 0.227580 0.049382 0.022723
0.594044 0.808849 0.046120 0.026188
0.225272 0.580626 0.052462 0.031131
0.219289 0.214043 0.044092 0.026762
0.690832 0.360385 0.044030 0.030690
0.790548 0.690147 0.044697 0.029002
0.125321 0.333073 0.048990 0.041448
0.595189 0.409865 0.041258 0.027435
0.504382 0.786898 0.044904 0.027439
0.595251 0.844148 0.042691 0.034409
0.224074 0.503918 0.047666 0.033043
0.597657 0.134930 0.042246 0.025437
0.307241 0.180993 0.047271 0.034193
0.220195 0.343788 0.052921 0.042296
0.596375 0.651792 0.052672 0.029485
0.687809 0.663720 0.047560 0.037393
0.406102 0.914051 0.046624 0.025234
0.403519 0.395819 0.039763 0.030857
0.223329 0.641305 0.047540 0.033650
0.223135 0.545825 0.056041 0.040361
0.221485 0.302290 0.048273 0.035866
0.791991 0.882215 0.039438 0.029739
0.306454 0.460254 0.047954 0.035800
0.691669 0.556834 0.042487 0.029463
0.594302 0.509251 0.042721 0.035497
0.501455 0.143515 0.043203 0.032198
0.504477 0.912642 0.053654 0.024713
0.218126 0.183703 0.047543 0.033050
0.887368 0.169833 0.049770 0.022329
0.885880 0.940136 0.049740 0.028568
0.309539 0.214948 0.045021 0.030311
0.789973 0.814096 0.048027 0.027904
0.305137 0.497831 0.041097 0.027415
0.311987 0.249676 0.045107 0.036403
0.125645 0.437472 0.044461 0.029630
0.502733 0.510401 0.041078 0.025014
0.786868 0.406799 0.044043 0.026585
0.787426 0.348510 0.052798 0.033327
0.312194 0.285485 0.045698 0.033288
0.403511 0.789080 0.050891 0.029496
0.221803 0.871194 0.047047 0.031157
0.887864 0.398646 0.044264 0.025400
0.403878 0.464993 0.041344 0.025260
0.405015 0.731155 0.043572 0.023629
0.502107 0.820040 0.040968 0.032945
0.788801 0.846679 0.041816 0.034049
0.305434 0.427177 0.046119 0.029521
0.220237 0.240701 0.045996 0.023733
0.595535 0.717338 0.048141 0.028404
0.792845 0.492374 0.038319 0.026587
0.316835 0.850288 0.045596 0.028144
0.790213 0.628811 0.034879 0.027788
0.408142 0.760287 0.037738 0.029799
0.225912 0.940410 0.061524 0.030580
0.133044 0.892867 0.037824 0.028347
0.598852 0.911594 0.040324 0.022264
0.599365 0.939150 0.051138 0.026528
0.125067 0.754656 0.042719 0.032568
0.689769 0.592598 0.046138 0.039061
0.138375 0.949952 0.047652 0.027063
0.881189 0.666006 0.040582 0.029890
0.504393 0.939716 0.059239 0.028724
0.596952 0.776609 0.050326 0.031321
0.793035 0.520559 0.040900 0.027491
0.307983 0.523420 0.044296 0.025784
0.313842 0.689860 0.040131 0.028609
0.688541 0.630427 0.039521 0.028777
0.409433 0.942108 0.040453 0.030698
0.402455 0.334869 0.035429 0.025111
0.125963 0.294843 0.046662 0.029117
0.688587 0.149027 0.042037 0.026969
0.596287 0.227009 0.034559 0.027669
0.320615 0.941008 0.042909 0.032158
0.503960 0.111815 0.050499 0.027844
0.503021 0.853686 0.036430 0.030329
0.885968 0.281748 0.039788 0.028453
0.502957 0.887331 0.039269 0.022901
0.314186 0.878252 0.043925 0.023055
0.888879 0.257393 0.055573 0.022117
0.219574 0.448403 0.044199 0.025408
0.401700 0.287186 0.043653 0.024563
0.882089 0.701611 0.040797 0.038591
0.595793 0.254330 0.034160 0.024283
0.880811 0.764894 0.051829 0.022013
0.503543 0.200498 0.037212 0.026093
0.692430 0.870084 0.054848 0.020861
0.220604 0.114793 0.049786 0.030078
0.791229 0.909960 0.055140 0.020959
0.119223 0.222242 0.057995 0.024546
0.220367 0.149261 0.049233 0.032111
0.500718 0.290577 0.035087 0.031008
0.309273 0.318776 0.048568 0.030143
0.693063 0.938128 0.042962 0.030794
0.793513 0.279837 0.046886 0.021775
0.791800 0.717032 0.039506 0.025485
0.401043 0.107597 0.046876 0.023318
0.885987 0.306692 0.043460 0.018674
0.500291 0.261807 0.039262 0.030268
0.305727 0.142935 0.038354 0.032640
0.791276 0.936456 0.037304 0.028954
0.594999 0.199225 0.040036 0.026384
0.115565 0.147836 0.050384 0.031403
0.690591 0.901297 0.050203 0.036022
0.792558 0.432914 0.033017 0.021707
0.124173 0.540609 0.059276 0.023733
0.690368 0.175796 0.037657 0.023807
0.689107 0.111687 0.049936 0.038099
0.401642 0.310890 0.041282 0.019867
0.882719 0.814029 0.046193 0.019962
0.790745 0.552941 0.042896 0.033126
0.791918 0.106707 0.038275 0.029474
0.129081 0.568044 0.051301 0.021020
0.116861 0.116226 0.040230 0.031515
0.594863 0.108668 0.039681 0.025576
0.695438 0.847616 0.049585 0.018542
0.501432 0.174844 0.041107 0.025281
0.693381 0.700285 0.048854 0.028984
0.883171 0.788754 0.036262 0.024264
0.220492 0.472786 0.037542 0.018730
0.594736 0.348575 0.037569 0.016986
0.304982 0.111883 0.041236 0.026903
0.220122 0.610131 0.058830 0.022081
0.404185 0.262041 0.046570 0.018810
