0.379736 0.857083 0.093831 0.056297
0.379267 0.378029 0.073387 0.051287
0.277238 0.154894 0.075758 0.049262
0.497426 0.370210 0.080006 0.054196
0.272258 0.208608 0.079445 0.055287
0.166420 0.417466 0.067998 0.054246
0.493536 0.425738 0.073302 0.049496
0.387769 0.743343 0.081505 0.059720
0.064122 0.317525 0.077524 0.053334
0.383404 0.209193 0.075495 0.043233
0.936696 0.532987 0.077859 0.048338
0.717455 0.361052 0.076183 0.057424
0.497098 0.583735 0.085968 0.058297
0.384727 0.527502 0.079140 0.048491
0.834418 0.104018 0.074959 0.048681
0.061162 0.206851 0.077620 0.044991
0.378020 0.320009 0.071934 0.056322
0.065010 0.371820 0.078471 0.049820
0.168117 0.315742 0.066196 0.052994
0.609478 0.143281 0.077390 0.048570
0.383130 0.433844 0.073125 0.052821
0.491141 0.096958 0.069844 0.045408
0.493446 0.147433 0.097223 0.047349
0.605007 0.767824 0.082420 0.054322
0.610759 0.869178 0.086884 0.046214
0.381411 0.259896 0.074861 0.056841
0.494947 0.314571 0.066347 0.054076
0.068310 0.966442 0.081357 0.041014
0.609008 0.966604 0.078680 0.044536
0.495189 0.740797 0.075205 0.053073
0.176199 0.805426 0.079021 0.050840
0.496653 0.257892 0.078605 0.052043
0.935867 0.228728 0.089387 0.056514
0.722785 0.836872 0.083578 0.043652
0.173823 0.954863 0.074228 0.047770
0.604954 0.345841 0.082540 0.049801
0.383582 0.580096 0.080441 0.046532
0.492329 0.686766 0.077082 0.043597
0.830916 0.651630 0.078276 0.047997
0.171977 0.752179 0.067354 0.049125
0.713313 0.304931 0.089521 0.049594
0.060412 0.730605 0.070279 0.047309
0.828421 0.162082 0.077459 0.053855
0.501752 0.845201 0.087448 0.043801
0.064513 0.679611 0.066149 0.043236
0.385914 0.913103 0.078333 0.048346
0.061017 0.779967 0.084431 0.038583
0.608217 0.446688 0.089720 0.046142
0.275377 0.691078 0.071636 0.048297
0.064469 0.631277 0.082366 0.045053
0.381863 0.683010 0.073110 0.054777
0.936526 0.431313 0.076748 0.054675
0.833119 0.809634 0.067499 0.047645
0.618558 0.710425 0.085227 0.050713
0.270718 0.472635 0.077769 0.047141
0.061263 0.530176 0.081776 0.050749
0.172562 0.523439 0.076998 0.049640
0.170608 0.857784 0.072085 0.047055
0.726160 0.255183 0.077823 0.041217
0.608926 0.239216 0.095990 0.053568
0.825415 0.049791 0.085398 0.052518
0.723123 0.928988 0.073069 0.039699
0.276776 0.576029 0.078624 0.050560
0.719918 0.677907 0.073042 0.049151
0.063879 0.156612 0.072534 0.049534
0.608493 0.918214 0.066983 0.046734
0.173516 0.207281 0.066501 0.047870
0.493695 0.473832 0.075513 0.042503
0.061461 0.830653 0.073697 0.050445
0.731259 0.969797 0.082546 0.040313
0.278529 0.376645 0.074742 0.051258
0.056068 0.104009 0.084030 0.053486
0.277168 0.745341 0.066541 0.048857
0.272222 0.265441 0.061838 0.050364
0.613147 0.497106 0.079994 0.051003
0.505841 0.893808 0.082826 0.047910
0.608132 0.547688 0.095801 0.047525
0.381604 0.159963 0.067823 0.047723
0.728891 0.886056 0.065548 0.045231
0.272948 0.965134 0.084435 0.044445
0.829094 0.538006 0.062929 0.058816
0.381509 0.054525 0.074675 0.052683
0.942416 0.841657 0.081534 0.063507
0.941335 0.632526 0.083806 0.050164
0.831032 0.756611 0.063351 0.050980
0.278942 0.855009 0.061927 0.048145
0.833363 0.417869 0.079910 0.055090
0.723771 0.784448 0.074052 0.052929
0.165265 0.472264 0.059363 0.044220
0.937471 0.582934 0.085326 0.044819
0.718714 0.053979 0.077477 0.050843
0.603699 0.094182 0.069954 0.048444
0.169550 0.696001 0.083766 0.058965
0.065427 0.883179 0.066394 0.047955
0.381741 0.109886 0.073043 0.048724
0.937315 0.777381 0.066004 0.054182
0.831828 0.263451 0.088726 0.048294
0.274811 0.523554 0.076837 0.041820
0.169693 0.154840 0.067634 0.056113
0.831247 0.597827 0.079188 0.053770
0.385907 0.481751 0.075197 0.040881
0.272510 0.053829 0.083421 0.050442
0.837859 0.855203 0.080259 0.042980
0.942640 0.895287 0.084454 0.041069
0.386310 0.628327 0.066148 0.043387
0.072128 0.927959 0.082451 0.032241
0.936325 0.173231 0.071616 0.049311
0.498235 0.203926 0.077631 0.057250
0.720802 0.204366 0.061949 0.048435
0.059519 0.262595 0.066826 0.056539
0.614402 0.658358 0.083817 0.051184
0.833432 0.363220 0.071136 0.048867
0.609206 0.291203 0.079938 0.049663
0.282237 0.908807 0.065560 0.049254
0.940886 0.684458 0.069749 0.048214
0.169187 0.367612 0.066298 0.044524
0.497640 0.795909 0.066079 0.048433
0.833110 0.477245 0.078428 0.055717
0.495091 0.523530 0.077189 0.048096
0.494969 0.637812 0.067979 0.047767
0.729402 0.524895 0.080004 0.050254
0.279063 0.800070 0.065648 0.051641
0.938959 0.334857 0.063969 0.048030
0.167458 0.259622 0.062475 0.050749
0.274991 0.322779 0.074057 0.056436
0.720242 0.413278 0.074767 0.039434
0.168286 0.581958 0.064597 0.057747
0.723296 0.102108 0.062827 0.043974
0.938094 0.934717 0.070681 0.043159
0.936036 0.116535 0.061821 0.050665
0.609763 0.047072 0.077531 0.043363
0.272078 0.106616 0.064116 0.047469
0.936524 0.282606 0.059473 0.043961
0.722252 0.624561 0.064750 0.050572
0.940978 0.973561 0.067187 0.036490
0.828392 0.312723 0.064660 0.039781
0.723922 0.729108 0.067721 0.047372
0.939836 0.729389 0.069264 0.035703
0.938228 0.056892 0.078359 0.060140
0.717674 0.467675 0.070716 0.054898
0.492884 0.048829 0.075128 0.038834
0.722318 0.150747 0.076725 0.050328
0.055786 0.051456 0.071004 0.050011
0.939355 0.481820 0.055380 0.045155
0.934232 0.381143 0.058113 0.039385
0.385177 0.799268 0.078755 0.049184
0.612237 0.819308 0.055123 0.048235
0.389658 0.963913 0.058442 0.048249
0.722570 0.575426 0.069786 0.041663
0.836778 0.939080 0.064778 0.036830
0.277474 0.634748 0.073202 0.058192
0.608138 0.188751 0.068278 0.039536
0.065415 0.427439 0.083800 0.052208
0.832153 0.702444 0.053557 0.049625
0.175511 0.907979 0.047941 0.039148
0.169325 0.636610 0.083138 0.048501
0.832285 0.213338 0.050552 0.045053
0.274084 0.425928 0.075123 0.036096
0.608572 0.398362 0.048246 0.048153
0.063014 0.583717 0.049354 0.044358
0.062855 0.478764 0.056098 0.045653
0.613730 0.601018 0.082086 0.053329
0.498746 0.940054 0.087267 0.040009
0.170138 0.101698 0.060285 0.049436
0.837079 0.900496 0.075983 0.042367
0.164928 0.051571 0.062748 0.044272
0.836339 0.974699 0.087669 0.035875
0.499016 0.968943 0.081990 0.044765
