0.485321 0.192852 0.062235 0.038693
0.923693 0.269363 0.056960 0.037737
0.589238 0.746407 0.071878 0.046206
0.924399 0.227488 0.050266 0.036088
0.694274 0.417762 0.060885 0.040163
0.705625 0.831841 0.077175 0.041614
0.923340 0.126202 0.057138 0.032175
0.699817 0.459498 0.057226 0.037804
0.597308 0.117122 0.073977 0.043840
0.813986 0.734226 0.057118 0.034642
0.705345 0.203518 0.063198 0.044773
0.593773 0.207062 0.061290 0.036725
0.928040 0.705810 0.073223 0.041127
0.813475 0.202116 0.057387 0.041066
0.925338 0.585364 0.058721 0.035029
0.806071 0.158483 0.055209 0.041827
0.587838 0.865069 0.053346 0.036549
0.695542 0.296839 0.060127 0.040273
0.809669 0.114633 0.057616 0.042229
0.815532 0.470239 0.053670 0.032385
0.926528 0.312444 0.057143 0.042212
0.697404 0.254947 0.077719 0.041461
0.923034 0.089869 0.063985 0.036368
0.929237 0.354916 0.047733 0.040806
0.284057 0.671372 0.061832 0.039866
0.598244 0.554525 0.061793 0.032697
0.716287 0.872778 0.065458 0.038992
0.489997 0.394704 0.059020 0.041125
0.696028 0.339602 0.053654 0.038189
0.928453 0.396042 0.050098 0.035223
0.587751 0.279370 0.073028 0.044810
0.594032 0.446116 0.053118 0.035908
0.936340 0.469058 0.064889 0.035502
0.487641 0.436404 0.066375 0.033493
0.705221 0.022869 0.073306 0.042128
0.481521 0.606132 0.057919 0.038930
0.072999 0.506222 0.070298 0.035132
0.591460 0.484659 0.053596 0.036066
0.812700 0.281442 0.054501 0.035432
0.699782 0.499244 0.047928 0.039422
0.491914 0.277628 0.069236 0.036771
0.709656 0.675131 0.059870 0.038610
0.697009 0.378686 0.057037 0.030377
0.286281 0.114675 0.071378 0.046760
0.705321 0.788558 0.065698 0.034625
0.812451 0.320624 0.048134 0.036155
0.697286 0.541630 0.056896 0.040935
0.477552 0.677528 0.063746 0.039572
0.932732 0.431332 0.050050 0.029027
0.817060 0.626257 0.061857 0.037415
0.711217 0.715834 0.057383 0.037550
0.601623 0.025125 0.067225 0.040388
0.593775 0.406007 0.052614 0.039774
0.095170 0.912453 0.061774 0.034328
0.922343 0.787402 0.051219 0.038697
0.084059 0.870366 0.067216 0.044484
0.484828 0.236825 0.057501 0.043613
0.598233 0.071178 0.066583 0.045390
0.596569 0.163476 0.059928 0.045332
0.820089 0.773721 0.060804 0.038121
0.378992 0.844194 0.059388 0.040377
0.277637 0.741757 0.050554 0.039708
0.926127 0.822403 0.049824 0.027914
0.817752 0.402571 0.053776 0.034050
0.589191 0.827228 0.049705 0.035266
0.816240 0.436456 0.048768 0.031397
0.280337 0.780984 0.055318 0.033253
0.587631 0.791444 0.050050 0.037246
0.703977 0.067108 0.067274 0.037788
0.378452 0.729123 0.058051 0.044914
0.812144 0.069540 0.056263 0.036540
0.383615 0.647000 0.051833 0.040896
0.176527 0.469780 0.051001 0.035260
0.377208 0.028653 0.067584 0.040661
0.092066 0.955189 0.070903 0.043723
0.487320 0.154884 0.047840 0.033872
0.590560 0.932640 0.070787 0.033811
0.924696 0.191471 0.042631 0.031472
0.179346 0.920517 0.055937 0.040798
0.702676 0.751729 0.059092 0.033220
0.486451 0.355650 0.047915 0.036155
0.708244 0.913815 0.053942 0.034125
0.479362 0.477290 0.058328 0.041852
0.283870 0.070058 0.061891 0.043797
0.701720 0.156070 0.053850 0.046781
0.815784 0.361612 0.053004 0.040743
0.080779 0.427410 0.055043 0.040759
0.926722 0.745296 0.060025 0.033936
0.182606 0.666808 0.056340 0.040684
0.278364 0.707115 0.043853 0.030942
0.930302 0.624227 0.072257 0.036406
0.930941 0.512779 0.057043 0.043292
0.177105 0.508749 0.045561 0.035130
0.929335 0.021705 0.053149 0.034190
0.081499 0.381902 0.058435 0.044754
0.828088 0.811337 0.064729 0.032494
0.377918 0.688718 0.066223 0.037729
0.280664 0.233902 0.060045 0.034776
0.489973 0.316403 0.053547 0.037138
0.275337 0.162573 0.073926 0.042862
0.811937 0.917198 0.062981 0.034614
0.702142 0.108159 0.054064 0.043964
0.281966 0.272598 0.053480 0.039735
0.592575 0.522529 0.051057 0.033233
0.924059 0.159528 0.039859 0.029868
0.080566 0.585849 0.050732 0.037357
0.810475 0.240712 0.053478 0.034987
0.175749 0.580501 0.055087 0.039116
0.177250 0.428541 0.053480 0.036267
0.279766 0.520987 0.049295 0.038916
0.710072 0.974451 0.053888 0.026788
0.384229 0.915142 0.056742 0.031909
0.928898 0.965599 0.047455 0.034500
0.281374 0.313952 0.051445 0.040634
0.479920 0.563998 0.054340 0.043695
0.278579 0.887823 0.058530 0.034430
0.481116 0.520193 0.050421 0.035688
0.177632 0.846367 0.055249 0.036800
0.279754 0.404428 0.054612 0.044296
0.482292 0.835580 0.057437 0.041010
0.813263 0.027198 0.052128 0.040319
0.379388 0.560119 0.051300 0.039064
0.074315 0.292017 0.058053 0.041398
0.823791 0.884022 0.050429 0.026866
0.282176 0.819871 0.049774 0.039910
0.491219 0.116573 0.050861 0.035631
0.696253 0.631785 0.054594 0.048689
0.179589 0.621427 0.050219 0.042877
0.379534 0.108954 0.053444 0.039700
0.084642 0.671369 0.060712 0.043532
0.596758 0.597010 0.053265 0.039830
0.928545 0.662648 0.056971 0.036565
0.383147 0.803020 0.061338 0.038716
0.076301 0.626191 0.061567 0.041344
0.924977 0.057176 0.069693 0.028618
0.592392 0.662832 0.047657 0.035099
0.276448 0.483734 0.050841 0.033085
0.816948 0.562249 0.045432 0.030701
0.381477 0.602297 0.051063 0.045063
0.172853 0.213956 0.058487 0.050337
0.381884 0.149120 0.049394 0.039672
0.477238 0.787474 0.045912 0.046882
0.697311 0.584595 0.047384 0.038076
0.592856 0.699429 0.061279 0.037320
0.812904 0.699211 0.042255 0.033165
0.278855 0.633148 0.041173 0.033522
0.081433 0.334030 0.054165 0.041513
0.085449 0.744546 0.049860 0.043471
0.178245 0.543032 0.047340 0.032903
0.816492 0.592542 0.042137 0.027909
0.381384 0.268244 0.053038 0.039075
0.708100 0.946017 0.041175 0.028277
0.383200 0.072312 0.060361 0.035044
0.820649 0.951432 0.047310 0.033189
0.589985 0.898856 0.049865 0.026420
0.177244 0.346500 0.047474 0.045621
0.282630 0.029023 0.050222 0.038308
0.592300 0.322535 0.044197 0.032854
0.822638 0.848706 0.062710 0.038375
0.591392 0.363935 0.053803 0.043380
0.933172 0.935116 0.048691 0.023557
0.072039 0.200384 0.053421 0.049900
0.275837 0.596399 0.049328 0.041845
0.178339 0.883856 0.041735 0.032077
0.178963 0.075097 0.054583 0.048168
0.081263 0.545479 0.059325 0.038712
0.278531 0.198475 0.051234 0.029879
0.075257 0.072598 0.048547 0.035208
0.177022 0.391678 0.047699 0.037052
0.276102 0.557982 0.049649 0.030869
0.377186 0.192126 0.046985 0.038463
0.278156 0.359329 0.043375 0.038758
0.180490 0.740129 0.047919 0.040347
0.280622 0.854440 0.040598 0.028088
0.813555 0.665315 0.041531 0.033640
0.078908 0.466051 0.042760 0.032827
0.087710 0.827347 0.050709 0.039616
0.596116 0.241802 0.047548 0.027997
0.587783 0.966888 0.062098 0.037744
0.486878 0.641782 0.054351 0.028778
0.380691 0.953182 0.068596 0.042560
0.279647 0.448270 0.050210 0.035229
0.386279 0.768795 0.053755 0.036138
0.926076 0.860980 0.044138 0.039272
0.383445 0.882450 0.042578 0.034783
0.380355 0.229606 0.051013 0.034801
0.380620 0.310123 0.055080 0.045536
0.073155 0.110933 0.060602 0.037340
0.378273 0.427138 0.053282 0.045931
0.814921 0.531049 0.045723 0.029993
0.382972 0.475210 0.065774 0.048599
0.072568 0.032686 0.050857 0.043467
0.476060 0.875938 0.042814 0.036984
0.600099 0.629696 0.047797 0.027025
0.175599 0.161244 0.057956 0.041703
0.491897 0.076360 0.054956 0.045624
0.474950 0.912708 0.039785 0.037033
0.086214 0.788377 0.041691 0.039102
0.816111 0.505476 0.051110 0.028619
0.076957 0.248563 0.052236 0.045396
0.930023 0.901762 0.042375 0.041296
0.073852 0.148980 0.060248 0.044795
0.181081 0.958939 0.045348 0.029745
0.929050 0.550508 0.046746 0.028759
0.182057 0.811972 0.038098 0.033293
0.180449 0.777940 0.038854 0.034596
0.179552 0.030561 0.050204 0.042536
0.178143 0.118537 0.050805 0.039173
0.085271 0.707353 0.058449 0.030606
0.180740 0.703977 0.048337 0.031283
0.282073 0.956789 0.057815 0.042400
0.380774 0.519740 0.042210 0.036034
0.380074 0.385580 0.051364 0.038099
0.488351 0.030111 0.043602 0.047407
0.282584 0.923014 0.059615 0.036259
0.378751 0.353604 0.046887 0.036700
0.481792 0.719459 0.060713 0.040227
0.633644 0.533755 0.027206 0.018341
0.174746 0.259632 0.045383 0.039794
0.474582 0.954927 0.052194 0.042496
0.174737 0.300772 0.043021 0.036501
