0.393209 0.221237 0.082229 0.060664
0.508765 0.681487 0.084371 0.051422
0.166540 0.378370 0.067868 0.046734
0.397271 0.104594 0.077634 0.048763
0.399350 0.694861 0.086259 0.054329
0.165853 0.430167 0.091490 0.048873
0.931419 0.159969 0.092019 0.050507
0.395900 0.811071 0.090303 0.056336
0.060923 0.794023 0.077075 0.047332
0.512230 0.572259 0.074968 0.054461
0.622058 0.163268 0.075208 0.052539
0.405917 0.752722 0.091904 0.059876
0.286954 0.315909 0.074142 0.049439
0.512382 0.896783 0.077436 0.049493
0.168402 0.275121 0.073757 0.049052
0.280465 0.215184 0.083547 0.050302
0.392124 0.915545 0.073598 0.046445
0.168123 0.327536 0.080407 0.049272
0.509539 0.795490 0.073949 0.055422
0.616811 0.685055 0.084929 0.053383
0.168244 0.743444 0.080475 0.052448
0.401010 0.158233 0.085121 0.054200
0.400401 0.866549 0.076228 0.050421
0.283063 0.370542 0.072573 0.051300
0.165528 0.218932 0.090618 0.057475
0.621077 0.109736 0.074339 0.053840
0.057787 0.276913 0.073537 0.048418
0.064975 0.107284 0.078519 0.045730
0.174733 0.690396 0.071889 0.048381
0.513865 0.100957 0.078233 0.051383
0.618755 0.743034 0.078328 0.054903
0.507437 0.847453 0.080974 0.042195
0.396791 0.051989 0.069635 0.048465
0.730604 0.795834 0.074934 0.050121
0.166367 0.802243 0.097095 0.058469
0.940130 0.921016 0.069162 0.045321
0.065477 0.527002 0.072811 0.046599
0.391992 0.279804 0.085568 0.046219
0.829502 0.911160 0.061867 0.047178
0.288381 0.107089 0.073983 0.052573
0.277426 0.266529 0.080865 0.043750
0.732726 0.145678 0.073836 0.042857
0.168227 0.912279 0.078515 0.049013
0.622776 0.841412 0.075216 0.045839
0.835515 0.813845 0.082900 0.047482
0.390745 0.333100 0.082141 0.054814
0.396679 0.638849 0.075340 0.052890
0.833044 0.164829 0.065126 0.047726
0.830065 0.558386 0.077138 0.049333
0.928629 0.358000 0.093809 0.048106
0.731918 0.741963 0.071326 0.054547
0.831648 0.864733 0.066983 0.044587
0.833285 0.114300 0.076092 0.050360
0.731670 0.894243 0.084835 0.039544
0.941440 0.831327 0.072934 0.043628
0.393032 0.965032 0.073028 0.044353
0.503690 0.155813 0.087433 0.052166
0.936358 0.671916 0.077218 0.045551
0.063533 0.890934 0.073740 0.046239
0.512388 0.517305 0.077032 0.045529
0.063812 0.054032 0.071964 0.050649
0.510513 0.470166 0.083800 0.050140
0.932407 0.213530 0.077888 0.051152
0.830063 0.710026 0.077763 0.050430
0.290557 0.161084 0.077881 0.050816
0.059317 0.222712 0.075799 0.055532
0.284522 0.464585 0.072098 0.045462
0.732047 0.847961 0.074652 0.049772
0.277590 0.513359 0.084424 0.045543
0.730935 0.594342 0.088211 0.046498
0.284553 0.053132 0.070570 0.054422
0.391778 0.445707 0.075676 0.054372
0.394141 0.387378 0.076890 0.052673
0.168022 0.479657 0.084247 0.045346
0.283545 0.670758 0.075477 0.050835
0.729514 0.546620 0.065708 0.046312
0.068062 0.578240 0.082177 0.051801
0.618777 0.341292 0.072837 0.054423
0.509627 0.207113 0.089008 0.049444
0.939309 0.963857 0.082553 0.040270
0.400508 0.588480 0.085840 0.043236
0.834898 0.959563 0.088917 0.045938
0.618832 0.793517 0.067684 0.047232
0.060095 0.842809 0.064652 0.044101
0.832201 0.057641 0.071458 0.056352
0.617564 0.397976 0.073951 0.055118
0.510182 0.628239 0.075461 0.052994
0.059051 0.325529 0.076438 0.043036
0.279766 0.958709 0.082938 0.056538
0.278898 0.567112 0.075777 0.051747
0.616365 0.628707 0.076172 0.054886
0.062571 0.476491 0.081696 0.042323
0.285667 0.419384 0.069149 0.040919
0.936718 0.572604 0.074696 0.051445
0.175344 0.111282 0.072742 0.051940
0.173770 0.163687 0.079620 0.050824
0.831876 0.213501 0.064178 0.047080
0.510110 0.050750 0.073906 0.046607
0.066673 0.690150 0.073953 0.045438
0.283316 0.616673 0.070017 0.049227
0.168723 0.532552 0.070174 0.049991
0.832490 0.409271 0.072312 0.051269
0.942615 0.724516 0.068287 0.054762
0.619831 0.222415 0.068450 0.055988
0.937649 0.461793 0.073579 0.041766
0.060143 0.741241 0.064162 0.050244
0.507119 0.737794 0.063828 0.055761
0.938308 0.514834 0.074363 0.056533
0.835641 0.507680 0.070226 0.044333
0.061775 0.160856 0.068545 0.054008
0.932168 0.110130 0.058892 0.046552
0.175428 0.962331 0.099662 0.048344
0.507615 0.364363 0.073876 0.047805
0.935686 0.877065 0.073343 0.042603
0.835632 0.607688 0.074010 0.040430
0.934064 0.258366 0.070164 0.037183
0.828459 0.460226 0.065842 0.050789
0.935380 0.056279 0.065977 0.055492
0.060920 0.426314 0.066744 0.050953
0.617686 0.567576 0.071244 0.060393
0.941045 0.780977 0.055897 0.055020
0.507034 0.416758 0.077080 0.051969
0.163837 0.857001 0.075626 0.052488
0.615662 0.279452 0.081157 0.057594
0.837325 0.763247 0.068299 0.049272
0.620346 0.895470 0.072469 0.051768
0.166984 0.055744 0.077273 0.053122
0.394052 0.543509 0.061273 0.041578
0.934038 0.306702 0.058388 0.049960
0.620473 0.054339 0.074388 0.055465
0.170249 0.636872 0.062115 0.047984
0.728121 0.639617 0.073770 0.039118
0.732104 0.100100 0.068935 0.046540
0.726767 0.261026 0.078451 0.051863
0.279407 0.777231 0.082442 0.064703
0.728666 0.688433 0.070519 0.048812
0.058451 0.373859 0.078832 0.049892
0.281380 0.721399 0.067818 0.040476
0.063737 0.938565 0.074026 0.041958
0.272772 0.902862 0.077671 0.039757
0.833290 0.656609 0.062024 0.055051
0.618065 0.450967 0.058609 0.048050
0.508553 0.313713 0.071052 0.051424
0.939248 0.409970 0.073642 0.056913
0.065212 0.632817 0.072743 0.051468
0.835209 0.309832 0.070759 0.052849
0.168247 0.587816 0.059338 0.045425
0.727363 0.494347 0.061583 0.053002
0.507437 0.261015 0.071373 0.052151
0.063278 0.975909 0.082050 0.037088
0.732094 0.437401 0.068912 0.057357
0.728823 0.968638 0.073982 0.038057
0.620743 0.503876 0.077003 0.054725
0.734042 0.380831 0.083179 0.050865
0.280372 0.841997 0.068922 0.062337
0.724524 0.935232 0.070513 0.037883
0.732760 0.053033 0.048923 0.044294
0.937012 0.623347 0.054330 0.047854
0.829193 0.261172 0.051003 0.038492
0.728581 0.319400 0.078497 0.062442
0.398551 0.499005 0.047600 0.045286
0.509063 0.950521 0.090935 0.054059
0.618799 0.949879 0.079934 0.056659
0.832155 0.359827 0.052878 0.039336
0.727227 0.202644 0.078685 0.063746
