0.394351 0.530718 0.089111 0.057765
0.392462 0.203783 0.096779 0.055879
0.164378 0.154938 0.085324 0.054419
0.934612 0.047194 0.082402 0.059425
0.934157 0.352916 0.070672 0.055117
0.617901 0.966690 0.073366 0.049309
0.395131 0.051873 0.073268 0.054637
0.270517 0.328646 0.090224 0.052639
0.394622 0.149037 0.077145 0.048470
0.063925 0.881449 0.076416 0.045756
0.609619 0.220798 0.075344 0.056850
0.724028 0.912985 0.082593 0.050387
0.940896 0.694829 0.084126 0.054864
0.267935 0.104410 0.090261 0.053906
0.501816 0.342570 0.093357 0.064277
0.613857 0.281106 0.080824 0.059274
0.615793 0.667857 0.080062 0.057640
0.164172 0.388456 0.086714 0.047989
0.047477 0.464947 0.084266 0.043300
0.614046 0.871439 0.080725 0.048845
0.940521 0.751363 0.077310 0.049389
0.057685 0.733156 0.086529 0.052520
0.390069 0.649286 0.087209 0.059193
0.171809 0.818883 0.083437 0.047117
0.054294 0.515934 0.072861 0.047451
0.832399 0.502409 0.088311 0.062461
0.510180 0.934358 0.094439 0.047158
0.726137 0.966310 0.090948 0.051412
0.938496 0.468118 0.080186 0.055630
0.046351 0.412804 0.076929 0.051625
0.722712 0.104431 0.078353 0.054823
0.167280 0.767292 0.091829 0.052025
0.940995 0.105505 0.098847 0.055283
0.165482 0.268448 0.077695 0.051937
0.937914 0.914356 0.096754 0.046982
0.279087 0.620376 0.086905 0.053692
0.178013 0.967899 0.070551 0.057169
0.718816 0.331533 0.080877 0.055196
0.177231 0.869154 0.072941 0.047314
0.168648 0.441145 0.081362 0.046414
0.733310 0.758400 0.076801 0.046303
0.051858 0.569883 0.075900 0.047133
0.394120 0.102193 0.064925 0.041928
0.501118 0.216394 0.077023 0.049604
0.935907 0.227010 0.082803 0.061496
0.390289 0.707420 0.074605 0.055984
0.264883 0.217076 0.085438 0.055399
0.052824 0.304864 0.067575 0.043759
0.156806 0.104804 0.089814 0.043092
0.623155 0.820844 0.075821 0.046355
0.512145 0.886746 0.077392 0.046038
0.280583 0.730395 0.070604 0.053646
0.165999 0.544826 0.081735 0.060823
0.936921 0.966967 0.099727 0.054724
0.830945 0.442351 0.082701 0.050919
0.051944 0.784569 0.088286 0.047133
0.391303 0.589926 0.070401 0.051513
0.165671 0.211698 0.072631 0.049907
0.059955 0.678288 0.090024 0.052153
0.721119 0.541503 0.071753 0.056736
0.048491 0.355470 0.067107 0.051665
0.504742 0.277230 0.097982 0.063020
0.942748 0.410055 0.074756 0.054223
0.832120 0.969212 0.077919 0.048956
0.517412 0.837204 0.082901 0.046516
0.723089 0.806613 0.077247 0.050422
0.056189 0.094087 0.074726 0.042228
0.281319 0.525349 0.067869 0.045417
0.825438 0.208411 0.083071 0.047973
0.936985 0.637048 0.083451 0.051969
0.167750 0.654089 0.080641 0.047577
0.618013 0.337984 0.081660 0.048286
0.057353 0.833873 0.078145 0.040762
0.391190 0.474712 0.070785 0.047399
0.057663 0.624289 0.071813 0.053637
0.830202 0.566437 0.068983 0.053320
0.058691 0.256430 0.078262 0.040172
0.826834 0.620045 0.087049 0.044348
0.505841 0.685300 0.086029 0.058036
0.390505 0.260530 0.079253 0.055554
0.388599 0.421530 0.090350 0.049082
0.504892 0.048159 0.088796 0.058333
0.826564 0.860252 0.084410 0.042533
0.719697 0.857512 0.068768 0.046493
0.395966 0.757585 0.079508 0.041155
0.612043 0.103186 0.079034 0.054521
0.287940 0.936504 0.072371 0.040458
0.167780 0.603805 0.093746 0.050016
0.268750 0.273520 0.076569 0.053491
0.615592 0.435706 0.076246 0.037998
0.168458 0.489888 0.098004 0.044495
0.270140 0.159846 0.070990 0.055194
0.063527 0.974751 0.092162 0.046770
0.163218 0.053548 0.082433 0.051733
0.939212 0.861737 0.099863 0.050517
0.721718 0.045594 0.074991 0.059168
0.611534 0.161235 0.066846 0.055482
0.276254 0.675170 0.064293 0.051017
0.609302 0.390904 0.081745 0.045689
0.723630 0.276425 0.070071 0.051841
0.377359 0.319463 0.090154 0.055228
0.618009 0.918159 0.069170 0.038591
0.289811 0.976362 0.065702 0.038904
0.612990 0.045583 0.076511 0.054971
0.506714 0.163676 0.074311 0.049262
0.062354 0.927315 0.076870 0.043371
0.946000 0.807191 0.080251 0.053365
0.398453 0.810422 0.069451 0.055695
0.274643 0.427461 0.062216 0.049901
0.283249 0.889659 0.068589 0.047311
0.835006 0.807508 0.078814 0.055783
0.609515 0.606739 0.066431 0.059132
0.831079 0.388088 0.075382 0.048808
0.830615 0.914477 0.068639 0.055905
0.936987 0.164418 0.079060 0.054452
0.392396 0.869686 0.090062 0.057882
0.060477 0.203015 0.059621 0.046338
0.505049 0.571322 0.077531 0.059062
0.936958 0.290145 0.066464 0.060262
0.393071 0.371362 0.060607 0.046881
0.282776 0.572393 0.089270 0.035222
0.166387 0.329911 0.080817 0.058499
0.618856 0.771681 0.060323 0.045522
0.509782 0.788156 0.062426 0.045770
0.719767 0.434458 0.070203 0.048610
0.717450 0.219222 0.078706 0.054228
0.939249 0.529545 0.063807 0.056781
0.834374 0.091467 0.077996 0.054426
0.051485 0.147269 0.062401 0.055568
0.724312 0.708179 0.063943 0.044849
0.500061 0.627610 0.090533 0.051370
0.508190 0.398972 0.075980 0.053705
0.615069 0.548502 0.089628 0.055894
0.827813 0.751034 0.066451 0.051977
0.394957 0.970470 0.066365 0.043771
0.503303 0.507610 0.083958 0.059873
0.936935 0.586629 0.071978 0.042421
0.272503 0.475937 0.075073 0.046830
0.501791 0.450558 0.083173 0.040452
0.277906 0.835973 0.090404 0.052142
0.520958 0.977893 0.092133 0.042335
0.612157 0.489222 0.069165 0.058875
0.173504 0.708383 0.088683 0.055097
0.391582 0.921711 0.085980 0.038872
0.828457 0.039431 0.071317 0.042235
0.275062 0.378431 0.052279 0.040941
0.719420 0.601481 0.077334 0.053096
0.177415 0.915358 0.056101 0.040488
0.825938 0.269305 0.081028 0.064444
0.830598 0.152123 0.064444 0.052778
0.052008 0.047922 0.055981 0.042733
0.501359 0.106821 0.065215 0.055611
0.826445 0.334375 0.064454 0.055132
0.509934 0.739205 0.056812 0.048042
0.618509 0.723192 0.055242 0.048605
0.278100 0.782455 0.069242 0.050014
0.272524 0.048900 0.091647 0.050544
0.721644 0.161325 0.064980 0.049485
0.724121 0.487453 0.063783 0.047751
0.724463 0.660117 0.053107 0.048592
0.723941 0.383994 0.065727 0.043047
0.830228 0.681900 0.073895 0.062465
