0.830245 0.396252 0.068752 0.037759
0.719496 0.856715 0.053467 0.041999
0.394909 0.176281 0.070380 0.048497
0.515219 0.286241 0.063076 0.037651
0.288893 0.278378 0.059488 0.035170
0.289198 0.206365 0.059611 0.038373
0.401541 0.651874 0.053506 0.035878
0.180810 0.284204 0.049399 0.032785
0.726913 0.354199 0.068430 0.043207
0.621721 0.172864 0.051506 0.034997
0.398012 0.396989 0.053363 0.040003
0.939808 0.633943 0.059973 0.040627
0.401071 0.083236 0.055441 0.041711
0.511229 0.578455 0.062646 0.033557
0.941067 0.272667 0.068764 0.039941
0.830442 0.747557 0.064991 0.045142
0.503537 0.894445 0.057149 0.040497
0.389603 0.808949 0.077100 0.040540
0.719928 0.814075 0.055882 0.042884
0.501885 0.968510 0.065356 0.045297
0.395504 0.883666 0.052415 0.041904
0.396374 0.926648 0.060060 0.037386
0.831922 0.521135 0.052877 0.041964
0.398542 0.689550 0.057474 0.037353
0.183884 0.082205 0.055301 0.034113
0.728781 0.312429 0.053201 0.039035
0.833832 0.793501 0.064917 0.039208
0.621650 0.244141 0.052436 0.036600
0.721377 0.896318 0.052814 0.034252
0.832933 0.359984 0.048739 0.034073
0.728500 0.273720 0.056898 0.034803
0.399548 0.309434 0.055134 0.043974
0.617910 0.938657 0.066626 0.033246
0.831571 0.928955 0.057102 0.029293
0.603893 0.648291 0.064016 0.042659
0.505935 0.541658 0.054813 0.040512
0.076609 0.361589 0.051639 0.041367
0.513466 0.248107 0.049710 0.032725
0.618960 0.407085 0.053960 0.038218
0.285318 0.674122 0.053345 0.039919
0.620825 0.859137 0.074076 0.039812
0.933102 0.195897 0.072717 0.037458
0.622099 0.284498 0.050820 0.042789
0.837349 0.858753 0.057257 0.031716
0.833909 0.895647 0.050673 0.037312
0.938176 0.397389 0.056513 0.043614
0.399377 0.613324 0.051064 0.037853
0.066274 0.188912 0.047003 0.036194
0.717888 0.933244 0.072035 0.037350
0.940512 0.788301 0.058282 0.032093
0.724967 0.593153 0.062737 0.043843
0.603058 0.694051 0.065277 0.045694
0.069665 0.290712 0.047268 0.034639
0.830990 0.703199 0.063684 0.035803
0.724711 0.691756 0.056273 0.042105
0.289288 0.353465 0.055403 0.039785
0.936105 0.153317 0.051358 0.041013
0.505361 0.805458 0.056773 0.036484
0.726757 0.509115 0.049292 0.032982
0.282852 0.480345 0.052190 0.036750
0.938771 0.749006 0.051738 0.038066
0.621401 0.137148 0.051309 0.032669
0.726568 0.081660 0.061252 0.040367
0.830666 0.244560 0.063279 0.042468
0.936075 0.473314 0.055661 0.041299
0.941070 0.853543 0.058000 0.037523
0.400128 0.575270 0.053031 0.037128
0.611136 0.733651 0.060589 0.035042
0.620142 0.208240 0.048066 0.032121
0.620032 0.329074 0.064419 0.038443
0.516800 0.328934 0.061945 0.039053
0.171016 0.164136 0.073490 0.045206
0.180771 0.242807 0.054499 0.047525
0.940061 0.709884 0.057692 0.036025
0.620978 0.367339 0.053799 0.040571
0.287023 0.751811 0.055784 0.042938
0.827433 0.125536 0.053400 0.032632
0.400220 0.266539 0.048607 0.038626
0.940717 0.559782 0.049073 0.036692
0.831703 0.667394 0.051846 0.036147
0.514553 0.365770 0.057039 0.034834
0.279080 0.942493 0.073281 0.042259
0.506096 0.073379 0.047670 0.034665
0.832134 0.159748 0.058087 0.031412
0.831588 0.438574 0.052117 0.042902
0.942836 0.354745 0.054289 0.039878
0.399299 0.439454 0.056923 0.042547
0.399192 0.763143 0.053075 0.042834
0.403281 0.224543 0.066380 0.040771
0.074637 0.401360 0.051749 0.032144
0.832322 0.595279 0.053195 0.045016
0.291861 0.313704 0.051909 0.033498
0.831785 0.326353 0.054253 0.033032
0.287605 0.855548 0.056149 0.040962
0.393343 0.846207 0.051432 0.032873
0.830426 0.198927 0.070158 0.043172
0.284004 0.632213 0.057997 0.042074
0.944279 0.594401 0.047087 0.033515
0.395240 0.357481 0.052387 0.038322
0.621137 0.481968 0.066074 0.037590
0.938094 0.516594 0.058826 0.045289
0.180444 0.202287 0.049561 0.029399
0.830411 0.960098 0.060154 0.033612
0.288834 0.441127 0.051582 0.039565
0.503169 0.849579 0.055329 0.045287
0.282028 0.899050 0.050346 0.038847
0.727965 0.393741 0.070129 0.037396
0.727736 0.473573 0.054953 0.037226
0.189888 0.743722 0.056291 0.038028
0.289441 0.397975 0.051674 0.046564
0.077337 0.559923 0.062051 0.042148
0.612502 0.555205 0.053573 0.038675
0.830664 0.480179 0.050606 0.040753
0.942723 0.312924 0.047030 0.040396
0.289471 0.712074 0.055757 0.034126
0.072482 0.480349 0.046963 0.046326
0.396037 0.724586 0.060412 0.030225
0.614390 0.071991 0.069002 0.032238
0.612005 0.818827 0.056016 0.038476
0.182616 0.318930 0.045777 0.032273
0.069548 0.260142 0.049981 0.026286
0.506379 0.108892 0.056261 0.035188
0.617451 0.446091 0.048904 0.035282
0.290906 0.165613 0.054745 0.042189
0.727540 0.433917 0.049956 0.037584
0.283714 0.549258 0.047007 0.034689
0.499360 0.680807 0.048314 0.038709
0.729105 0.733704 0.051384 0.035915
0.516256 0.403172 0.051474 0.035043
0.510238 0.215401 0.046931 0.031239
0.391779 0.965591 0.056768 0.042317
0.074443 0.651463 0.084212 0.042856
0.288698 0.243733 0.048276 0.033103
0.510396 0.174738 0.046553 0.046106
0.614641 0.518563 0.051155 0.034726
0.836954 0.827176 0.051877 0.029782
0.941628 0.673428 0.049166 0.033106
0.721073 0.771246 0.050529 0.039753
0.940482 0.112779 0.050296 0.038235
0.726598 0.204894 0.070351 0.047879
0.627045 0.103296 0.060385 0.028609
0.402455 0.128043 0.050795 0.038407
0.834220 0.288015 0.055321 0.044256
0.612485 0.598117 0.065672 0.044624
0.174114 0.445152 0.064539 0.042781
0.937766 0.232805 0.047575 0.034114
0.941738 0.891053 0.070086 0.036909
0.280649 0.587680 0.057740 0.039534
0.281007 0.978046 0.078032 0.029899
0.942013 0.957372 0.051949 0.041561
0.619042 0.971756 0.050634 0.032793
0.943750 0.820285 0.060547 0.030990
0.073169 0.322819 0.045931 0.029299
0.836978 0.635594 0.048824 0.027470
0.517085 0.437371 0.057837 0.028880
0.289599 0.123701 0.078326 0.039291
0.181146 0.120402 0.046036 0.036176
0.286376 0.791004 0.048676 0.034898
0.831955 0.557485 0.048983 0.025394
0.179876 0.401948 0.051132 0.044344
0.502006 0.721385 0.051353 0.040677
0.182810 0.045045 0.056672 0.035292
0.284919 0.515392 0.048408 0.034118
0.726267 0.125831 0.067688 0.045393
0.507485 0.614239 0.045936 0.032580
0.082755 0.697198 0.056289 0.044876
0.176755 0.494367 0.054958 0.050469
0.504439 0.930551 0.056042 0.033266
0.829576 0.089118 0.045323 0.039798
0.726358 0.653641 0.059224 0.028803
0.508948 0.503345 0.045037 0.036136
0.501575 0.763059 0.059261 0.044913
0.072734 0.439387 0.047335 0.035105
0.722502 0.548192 0.059666 0.039430
0.077180 0.605412 0.048473 0.044623
0.607303 0.774796 0.067890 0.042590
0.184251 0.356814 0.037944 0.033418
0.069610 0.225421 0.062835 0.034940
0.180475 0.540106 0.050354 0.036961
0.508485 0.643468 0.048636 0.028281
0.075398 0.518093 0.058926 0.032259
0.511578 0.469404 0.049154 0.034247
0.939923 0.435010 0.042124 0.029838
0.617796 0.041057 0.056697 0.027173
0.722738 0.967055 0.052976 0.029167
0.944666 0.922418 0.056696 0.029505
0.724432 0.164683 0.071230 0.031488
0.065786 0.081817 0.038561 0.031907
0.512710 0.042346 0.060509 0.030933
0.402725 0.540405 0.054132 0.030709
0.287156 0.066412 0.070036 0.025014
0.288481 0.821993 0.048613 0.026421
0.728031 0.240803 0.061961 0.028478
0.939811 0.074597 0.044837 0.035049
0.719764 0.044165 0.060786 0.031797
0.064625 0.115655 0.035018 0.031614
0.511290 0.136963 0.054747 0.022689
0.187819 0.706229 0.043330 0.033226
0.290284 0.093583 0.054391 0.019323
0.833793 0.049656 0.041957 0.034865
0.069579 0.150089 0.045692 0.034833
0.401518 0.042398 0.048200 0.032169
0.187818 0.672139 0.042411 0.032253
0.177805 0.580093 0.065051 0.042713
0.064459 0.043708 0.042882 0.036369
0.291761 0.040562 0.059200 0.029257
0.186307 0.631279 0.051777 0.046013
0.613607 0.900563 0.064171 0.042980
0.405819 0.480241 0.051406 0.030827
0.266393 0.013885 0.058859 0.022355
0.411811 0.509438 0.070617 0.035983
0.058905 0.013940 0.041484 0.017364
0.161942 0.014702 0.047352 0.019022
0.938045 0.044050 0.038720 0.025864
0.725494 0.627923 0.045264 0.022416
0.784991 0.323958 0.023568 0.021946
