0.719815 0.840546 0.068005 0.044075
0.164410 0.171152 0.071780 0.039821
0.600478 0.850313 0.057946 0.036821
0.498538 0.233793 0.067411 0.041439
0.378041 0.830572 0.057394 0.037692
0.268441 0.714292 0.058173 0.040896
0.832959 0.885124 0.054961 0.041298
0.493821 0.467135 0.072208 0.044859
0.378145 0.870821 0.058967 0.034282
0.601135 0.888483 0.061501 0.037867
0.484962 0.907710 0.051349 0.036650
0.489527 0.869184 0.059218 0.038322
0.599617 0.928433 0.078501 0.039299
0.616545 0.225403 0.060758 0.036198
0.496672 0.145380 0.061508 0.040807
0.379110 0.789108 0.051265 0.039950
0.266793 0.669561 0.059498 0.039545
0.597726 0.811453 0.067794 0.038963
0.161850 0.804700 0.060333 0.039458
0.170957 0.295533 0.062074 0.042074
0.823977 0.693108 0.054109 0.038463
0.824116 0.730040 0.060630 0.032380
0.056160 0.558431 0.071162 0.040156
0.717564 0.720798 0.058984 0.039005
0.279312 0.144961 0.063761 0.045128
0.482929 0.826502 0.061054 0.039628
0.266432 0.867147 0.073059 0.037865
0.835156 0.381193 0.073643 0.039096
0.614774 0.155109 0.059962 0.036217
0.489483 0.722389 0.065206 0.039085
0.060401 0.236863 0.052456 0.039044
0.052695 0.277126 0.068719 0.041504
0.830759 0.767645 0.059776 0.040151
0.061974 0.083844 0.058350 0.035385
0.169166 0.921984 0.065729 0.038757
0.940847 0.662031 0.054167 0.042026
0.492377 0.423752 0.058001 0.036991
0.616280 0.120998 0.057607 0.027803
0.061940 0.711911 0.061798 0.041251
0.712694 0.917100 0.058616 0.040169
0.721648 0.359525 0.053949 0.038182
0.273692 0.358774 0.070931 0.040089
0.374936 0.715557 0.070378 0.038696
0.266063 0.827894 0.062910 0.038041
0.720742 0.799648 0.065738 0.036661
0.058789 0.428619 0.056052 0.046072
0.063911 0.837279 0.052352 0.029343
0.599214 0.666031 0.061851 0.035821
0.498061 0.354966 0.063706 0.039248
0.266092 0.627024 0.055182 0.038869
0.611804 0.309107 0.054194 0.037763
0.612134 0.267406 0.055449 0.040862
0.493417 0.510636 0.055526 0.040596
0.715946 0.959099 0.058781 0.036394
0.062476 0.755725 0.060084 0.043184
0.055084 0.669958 0.068883 0.040221
0.715294 0.469424 0.068901 0.044027
0.831329 0.808499 0.057583 0.035461
0.056864 0.629739 0.056971 0.039911
0.059274 0.157871 0.077003 0.040379
0.833218 0.422908 0.056310 0.040161
0.383501 0.284774 0.058476 0.040076
0.502695 0.107546 0.060985 0.034098
0.825068 0.552530 0.052590 0.039507
0.487241 0.790949 0.057915 0.030070
0.842352 0.161278 0.056149 0.038501
0.492215 0.188108 0.065026 0.040934
0.494438 0.314961 0.061095 0.039514
0.822758 0.625266 0.053804 0.037391
0.162116 0.844902 0.055879 0.037113
0.942598 0.744171 0.063194 0.036632
0.380842 0.677069 0.056583 0.035944
0.604468 0.544251 0.071161 0.043790
0.716339 0.760839 0.051166 0.039424
0.943517 0.497133 0.050662 0.039720
0.609115 0.423966 0.055205 0.041357
0.943215 0.580632 0.054600 0.039110
0.492991 0.941930 0.065313 0.031823
0.826356 0.511485 0.058387 0.037274
0.599561 0.773146 0.056939 0.036368
0.164779 0.728854 0.050448 0.036438
0.493215 0.974149 0.064865 0.031647
0.166966 0.129014 0.057252 0.036697
0.272914 0.587927 0.054591 0.032840
0.498563 0.552971 0.070024 0.044050
0.057113 0.384778 0.051083 0.035252
0.596832 0.736190 0.068679 0.038856
0.378693 0.751404 0.062663 0.030679
0.608542 0.349136 0.059925 0.040002
0.825637 0.589206 0.059901 0.030427
0.279480 0.321290 0.063369 0.037218
0.062246 0.963041 0.066593 0.033762
0.840149 0.032534 0.056865 0.035293
0.837281 0.238816 0.055467 0.035192
0.268857 0.757517 0.056924 0.042411
0.590880 0.967612 0.058655 0.036723
0.712076 0.517145 0.061205 0.046535
0.942537 0.784080 0.055812 0.042113
0.599253 0.623804 0.052332 0.047541
0.619239 0.189988 0.060735 0.029307
0.281814 0.100959 0.054614 0.035314
0.941987 0.828647 0.057500 0.041527
0.058629 0.347559 0.052734 0.038014
0.162453 0.883547 0.058533 0.038338
0.484264 0.684911 0.074313 0.036256
0.712009 0.880254 0.065634 0.032822
0.830200 0.468372 0.054408 0.044071
0.163058 0.765246 0.051684 0.035021
0.384297 0.394996 0.056497 0.038023
0.270492 0.443664 0.053075 0.043484
0.613833 0.084739 0.055368 0.039373
0.721579 0.396340 0.054911 0.038454
0.939618 0.621762 0.052006 0.039595
0.721064 0.680665 0.058914 0.041760
0.939915 0.706000 0.050744 0.038144
0.840856 0.963297 0.056141 0.037962
0.067448 0.800847 0.052809 0.038688
0.061324 0.903171 0.056049 0.034487
0.382313 0.242957 0.059279 0.037520
0.168895 0.085526 0.049353 0.042920
0.054531 0.476085 0.059497 0.047701
0.485748 0.760965 0.055995 0.027548
0.164499 0.961817 0.055983 0.037041
0.489540 0.620144 0.061603 0.033062
0.272121 0.553301 0.048044 0.034979
0.385405 0.201924 0.055013 0.041626
0.378112 0.639928 0.050665 0.036956
0.721319 0.431991 0.050544 0.030455
0.835700 0.846852 0.059146 0.034550
0.494463 0.651157 0.057876 0.029005
0.173434 0.041143 0.060781 0.042607
0.944931 0.869839 0.052004 0.035966
0.611353 0.385919 0.050989 0.031969
0.274436 0.284512 0.055225 0.037077
0.605150 0.499603 0.064589 0.042485
0.839869 0.069780 0.060700 0.035174
0.059818 0.518516 0.057878 0.033205
0.060077 0.197884 0.048617 0.033832
0.385524 0.436840 0.061294 0.043362
0.382855 0.354334 0.055813 0.042273
0.501450 0.033202 0.070817 0.043531
0.834514 0.925411 0.054659 0.033590
0.722269 0.169129 0.048775 0.041242
0.722229 0.317212 0.050227 0.042141
0.946617 0.538561 0.059232 0.039523
0.381090 0.935909 0.070659 0.026158
0.265093 0.904238 0.059237 0.038449
0.600539 0.700498 0.073503 0.029347
0.274770 0.485823 0.050752 0.038983
0.942563 0.910204 0.044853 0.044021
0.059701 0.120259 0.052462 0.030205
0.831725 0.308108 0.059843 0.041435
0.496523 0.389723 0.063153 0.027179
0.165978 0.590075 0.055992 0.030203
0.497539 0.589865 0.054162 0.028078
0.270743 0.937523 0.050733 0.034851
0.273317 0.969453 0.057781 0.032335
0.937186 0.368718 0.054139 0.045385
0.160103 0.213496 0.056073 0.036930
0.161923 0.695854 0.044778 0.030526
0.165779 0.339347 0.048195 0.038469
0.836935 0.201764 0.049399 0.033959
0.162904 0.662768 0.043906 0.035524
0.269993 0.794856 0.047514 0.027488
0.946778 0.954293 0.050494 0.041198
0.935583 0.176170 0.047585 0.038471
0.284625 0.035812 0.058905 0.036379
0.275008 0.192658 0.048348 0.044176
0.380269 0.906321 0.063578 0.032467
0.059988 0.040697 0.051319 0.042766
0.503233 0.071513 0.061601 0.030010
0.936749 0.252420 0.049730 0.043382
0.723962 0.210052 0.051862 0.036120
0.713342 0.559752 0.053121 0.040309
0.824317 0.659089 0.049336 0.023620
0.383462 0.156436 0.054863 0.049571
0.499126 0.275759 0.056522 0.036483
0.718020 0.597167 0.061687 0.040792
0.387645 0.112500 0.060291 0.032868
0.381040 0.523780 0.046905 0.035943
0.383745 0.966816 0.057472 0.036518
0.159620 0.552287 0.056446 0.044332
0.376726 0.601579 0.047480 0.039351
0.276129 0.520774 0.045887 0.025510
0.935626 0.214126 0.049652 0.035690
0.381563 0.482853 0.047729 0.043000
0.947994 0.458997 0.054108 0.034224
0.939065 0.417179 0.050782 0.046625
0.721255 0.072225 0.045898 0.030684
0.614373 0.460878 0.049071 0.027148
0.935759 0.294663 0.045842 0.042504
0.277725 0.399951 0.053635 0.040850
0.275886 0.239086 0.047248 0.047207
0.717988 0.638652 0.049472 0.040132
0.835983 0.345011 0.052583 0.027947
0.162509 0.251729 0.054844 0.037946
0.599352 0.584154 0.047341 0.032467
0.843022 0.123477 0.043838 0.033408
0.382420 0.319269 0.059686 0.028043
0.392343 0.035825 0.054993 0.040396
0.067299 0.868316 0.041175 0.026913
0.727898 0.240418 0.048891 0.027713
0.059828 0.932369 0.051271 0.027244
0.609753 0.039716 0.060589 0.044887
0.377932 0.561198 0.053550 0.040050
0.284532 0.068370 0.053621 0.026022
0.060378 0.593821 0.051035 0.026394
0.723178 0.037075 0.055369 0.038793
0.835934 0.273740 0.051449 0.028106
0.162157 0.625672 0.052851 0.036478
0.163603 0.504517 0.048538 0.045517
0.936463 0.331007 0.051486 0.031354
0.727909 0.106186 0.060977 0.031166
0.056385 0.314513 0.046675 0.025321
0.171759 0.378429 0.065713 0.035265
0.165138 0.461744 0.052535 0.042303
0.939337 0.025885 0.048494 0.032457
0.843489 0.097704 0.044510 0.021157
0.386755 0.075253 0.059112 0.039908
0.724512 0.275891 0.050700 0.038981
0.936394 0.129649 0.057453 0.050059
0.938888 0.074473 0.053327 0.040551
0.724836 0.133814 0.035371 0.023423
0.429427 0.362225 0.019752 0.016968
0.163105 0.419547 0.049114 0.043486
0.187921 0.405137 0.085705 0.048290
0.938578 0.058317 0.048009 0.035538
