0.280591 0.234402 0.055255 0.026274
0.471433 0.141912 0.057341 0.034015
0.184613 0.331761 0.060282 0.027615
0.666702 0.210539 0.056719 0.034272
0.669308 0.248843 0.058526 0.037899
0.678144 0.432330 0.060487 0.030975
0.113094 0.778007 0.050113 0.031701
0.198399 0.621079 0.052086 0.031042
0.474402 0.286675 0.065749 0.031967
0.793322 0.817994 0.060715 0.029898
0.767579 0.482829 0.056641 0.031875
0.481437 0.465944 0.052752 0.029356
0.497473 0.757601 0.056188 0.029142
0.866724 0.498812 0.059093 0.026335
0.076370 0.153274 0.052941 0.034575
0.787282 0.784608 0.047580 0.026698
0.473838 0.180447 0.056995 0.029419
0.766449 0.444027 0.057741 0.033468
0.092456 0.287174 0.062188 0.031920
0.195455 0.495044 0.055906 0.029390
0.179219 0.227891 0.067610 0.032940
0.785783 0.751468 0.057086 0.030778
0.393997 0.813819 0.049497 0.021369
0.872337 0.616821 0.070063 0.034921
0.092310 0.417607 0.055217 0.030080
0.283532 0.266112 0.054873 0.031321
0.291900 0.741188 0.053203 0.030459
0.480244 0.396217 0.055073 0.041091
0.385562 0.502222 0.057248 0.030900
0.780029 0.717766 0.056549 0.028394
0.673438 0.289688 0.052575 0.039375
0.108788 0.678972 0.054276 0.026001
0.389218 0.538750 0.054765 0.034743
0.795854 0.847784 0.053792 0.026274
0.496354 0.791574 0.052620 0.027796
0.848364 0.107039 0.052916 0.031391
0.295588 0.645601 0.055340 0.030032
0.293643 0.461230 0.046312 0.026709
0.208994 0.830087 0.055811 0.026106
0.189111 0.404949 0.054385 0.030654
0.589976 0.683393 0.052534 0.032255
0.393361 0.644308 0.061731 0.028690
0.092372 0.349170 0.059301 0.027420
0.579414 0.376647 0.053706 0.030886
0.760054 0.280246 0.050646 0.028691
0.877665 0.736015 0.049091 0.037338
0.853500 0.200608 0.055478 0.031998
0.496870 0.724153 0.053098 0.031976
0.596543 0.755771 0.062872 0.032537
0.881394 0.695817 0.055000 0.038436
0.474350 0.213360 0.056646 0.035207
0.379089 0.394126 0.048868 0.032068
0.570287 0.177222 0.055907 0.029040
0.217409 0.862146 0.055780 0.033242
0.867114 0.534876 0.048763 0.034104
0.099643 0.556875 0.059460 0.024835
0.212681 0.798562 0.055418 0.031163
0.870772 0.574646 0.050369 0.035990
0.755418 0.101010 0.052334 0.031035
0.376746 0.358242 0.052379 0.031928
0.671583 0.329013 0.047155 0.034732
0.480034 0.320292 0.063246 0.027593
0.468533 0.106925 0.052782 0.029448
0.113741 0.744278 0.059059 0.023405
0.191723 0.555065 0.049375 0.025875
0.283970 0.335141 0.052438 0.038531
0.585151 0.505159 0.057452 0.029342
0.276759 0.204311 0.054703 0.025953
0.771366 0.577507 0.054567 0.031244
0.103938 0.646046 0.043750 0.029402
0.298100 0.493845 0.048530 0.028879
0.295595 0.552701 0.059087 0.024905
0.202063 0.703499 0.046716 0.027399
0.117613 0.845728 0.052092 0.029095
0.095540 0.457712 0.050366 0.041929
0.594187 0.721472 0.046193 0.029416
0.576438 0.413509 0.051893 0.032341
0.568917 0.257933 0.050826 0.030266
0.184080 0.298864 0.053517 0.028483
0.479811 0.434075 0.051868 0.025918
0.597703 0.789307 0.065432 0.026590
0.563645 0.077433 0.061966 0.030833
0.477667 0.354190 0.051553 0.033284
0.384868 0.433248 0.054869 0.034303
0.683745 0.629576 0.048900 0.034554
0.295058 0.679982 0.048129 0.031336
0.392486 0.608406 0.047236 0.031997
0.856224 0.236029 0.052486 0.030545
0.580799 0.340865 0.062511 0.031325
0.885578 0.853583 0.051728 0.031204
0.385770 0.574350 0.058887 0.025172
0.079122 0.115255 0.057172 0.026722
0.687394 0.771087 0.052173 0.032022
0.857334 0.304498 0.049216 0.034388
0.886453 0.816022 0.047518 0.033043
0.855884 0.372137 0.050620 0.035058
0.397132 0.844759 0.046459 0.031939
0.874018 0.655263 0.049684 0.035114
0.210128 0.765845 0.062303 0.029333
0.111190 0.713692 0.041806 0.032218
0.682054 0.556235 0.053107 0.029632
0.850579 0.167168 0.054768 0.026142
0.293543 0.428741 0.042969 0.028600
0.175908 0.188526 0.049783 0.035399
0.681169 0.592452 0.047643 0.031193
0.691074 0.699222 0.066654 0.030423
0.298285 0.581662 0.054128 0.030497
0.103183 0.588560 0.054181 0.032767
0.480930 0.529603 0.053355 0.025149
0.590024 0.647205 0.045093 0.030359
0.655937 0.135317 0.049173 0.038575
0.200396 0.661016 0.052454 0.040661
0.861980 0.464692 0.051431 0.029916
0.268775 0.110774 0.045323 0.030564
0.770805 0.545317 0.061622 0.024706
0.767963 0.517897 0.062043 0.023430
0.297117 0.812150 0.053320 0.031131
0.595465 0.821591 0.045264 0.025042
0.859638 0.408140 0.057201 0.024387
0.296697 0.708894 0.062173 0.023531
0.794585 0.879822 0.049176 0.029420
0.488484 0.498053 0.055344 0.026924
0.293555 0.396415 0.051657 0.027106
0.393392 0.786743 0.039360 0.027398
0.090766 0.383680 0.041580 0.031433
0.596423 0.884044 0.052036 0.029246
0.293889 0.612806 0.041054 0.028766
0.477000 0.249436 0.045377 0.030153
0.276229 0.173430 0.049267 0.027054
0.221310 0.892390 0.055625 0.025817
0.306318 0.883866 0.053465 0.025671
0.580517 0.542224 0.044800 0.035794
0.179304 0.151312 0.056888 0.029560
0.081601 0.218150 0.047478 0.033823
0.577615 0.447737 0.056655 0.023643
0.678343 0.520054 0.055933 0.033318
0.285960 0.299262 0.050802 0.027731
0.775412 0.611198 0.046425 0.030477
0.564065 0.111662 0.053922 0.031259
0.857768 0.337516 0.044739 0.026518
0.103974 0.618285 0.049439 0.020395
0.274864 0.144190 0.038857 0.030671
0.374509 0.324762 0.051918 0.027489
0.767028 0.385557 0.050135 0.027026
0.099785 0.529821 0.057888 0.020891
0.855444 0.268272 0.059537 0.028752
0.374005 0.298594 0.056451 0.025523
0.387611 0.675510 0.057831 0.022530
0.116669 0.813691 0.058518 0.024539
0.193932 0.524569 0.044065 0.022641
0.860210 0.433434 0.048363 0.022416
0.496364 0.687695 0.064490 0.029865
0.674738 0.365201 0.042373 0.026949
0.500203 0.848261 0.056903 0.030504
0.763405 0.313767 0.046590 0.031640
0.176854 0.121814 0.055950 0.023648
0.187210 0.365619 0.045772 0.031962
0.076335 0.187628 0.052547 0.025946
0.198072 0.587188 0.047417 0.032510
0.778449 0.686827 0.041280 0.030522
0.659737 0.173136 0.044779 0.027169
0.688137 0.667514 0.072813 0.028743
0.501958 0.882492 0.052277 0.026453
0.192000 0.462232 0.041342 0.023823
0.754349 0.135453 0.044492 0.035032
0.759712 0.250331 0.049733 0.026799
0.588419 0.577748 0.056274 0.029724
0.675030 0.397141 0.056249 0.022630
0.485798 0.623303 0.043729 0.022726
0.375753 0.264606 0.055593 0.030266
0.503351 0.819906 0.056009 0.019209
0.297222 0.523754 0.044961 0.021773
0.568655 0.145088 0.049954 0.024943
0.689697 0.733671 0.046014 0.025252
0.657640 0.072209 0.048692 0.023321
0.755480 0.213971 0.039955 0.031717
0.848519 0.138197 0.049432 0.019632
0.701457 0.885009 0.047680 0.024240
0.656434 0.101185 0.039722 0.031121
0.176111 0.089708 0.052700 0.032448
0.572313 0.205067 0.050759 0.019357
0.096651 0.499388 0.049058 0.029581
0.179489 0.265183 0.041718 0.032032
0.373641 0.225407 0.053340 0.036621
0.300159 0.850533 0.056338 0.032903
0.088130 0.253654 0.050323 0.030071
0.086959 0.320208 0.046678 0.019310
0.405257 0.879401 0.058141 0.029520
0.889094 0.883544 0.049683 0.023414
0.573752 0.297040 0.050416 0.039555
0.486267 0.561836 0.042060 0.033420
0.296061 0.775565 0.041198 0.028231
0.395150 0.755902 0.039832 0.027852
0.779317 0.650966 0.047232 0.033668
0.187596 0.436422 0.038934 0.019175
0.596065 0.850999 0.040465 0.027206
0.842136 0.071456 0.038898 0.029920
0.584028 0.474005 0.057521 0.019158
0.486634 0.593286 0.042859 0.021231
0.882466 0.776163 0.041525 0.035770
0.762837 0.348680 0.051736 0.036397
0.122727 0.879369 0.036729 0.033073
0.488371 0.651866 0.062787 0.033621
0.469583 0.077008 0.051454 0.021639
0.692373 0.807899 0.056944 0.028187
0.754971 0.176428 0.050935 0.034782
0.600022 0.610016 0.086333 0.034310
0.396275 0.726309 0.038559 0.022219
0.388455 0.469386 0.049203 0.027701
0.270308 0.082687 0.050264 0.020266
0.394524 0.701165 0.038544 0.017528
0.568916 0.229684 0.039985 0.019725
0.074911 0.087490 0.040923 0.027041
0.677203 0.472824 0.055742 0.033676
0.288923 0.368260 0.044636 0.018545
0.750949 0.070112 0.055728 0.025604
0.703299 0.860551 0.051058 0.021038
0.764329 0.412308 0.046320 0.017729
0.368841 0.090350 0.054444 0.036554
0.196905 0.732554 0.038078 0.018371
0.700162 0.838138 0.048391 0.021022
0.549241 0.738990 0.021069 0.013817
0.600633 0.135441 0.023916 0.017229
