0.491711 0.165350 0.092247 0.055727
0.718121 0.633469 0.079901 0.047555
0.487575 0.223966 0.092536 0.061028
0.715621 0.380682 0.081065 0.050952
0.941857 0.593598 0.083359 0.061892
0.376223 0.301236 0.079161 0.053868
0.947554 0.850463 0.069177 0.049687
0.842992 0.823029 0.098678 0.059134
0.718857 0.580767 0.077427 0.050805
0.497328 0.566554 0.075500 0.048363
0.620913 0.841843 0.085984 0.051829
0.943439 0.653258 0.077139 0.050115
0.385906 0.716739 0.086063 0.047735
0.612417 0.786937 0.089326 0.049492
0.491141 0.620115 0.084246 0.049741
0.947065 0.899289 0.078039 0.047168
0.613679 0.733397 0.077384 0.048661
0.390477 0.870194 0.080916 0.051639
0.713951 0.146149 0.078321 0.056957
0.391173 0.768546 0.079856 0.044423
0.845391 0.709620 0.077653 0.044553
0.841357 0.880510 0.090469 0.053623
0.597682 0.247589 0.087597 0.055972
0.942731 0.530183 0.081307 0.056819
0.938317 0.264210 0.084791 0.055798
0.385676 0.604763 0.091669 0.050909
0.278582 0.582851 0.071710 0.043692
0.387768 0.821227 0.074586 0.046964
0.494789 0.677248 0.080412 0.052518
0.281426 0.788187 0.076498 0.047526
0.938267 0.322648 0.092015 0.058674
0.825748 0.240462 0.077088 0.049749
0.943847 0.752408 0.083982 0.046101
0.945822 0.800276 0.074603 0.044292
0.714632 0.202002 0.063307 0.047169
0.721333 0.431083 0.079282 0.045195
0.271546 0.145034 0.087350 0.051767
0.728556 0.753530 0.093199 0.054339
0.377703 0.240081 0.083764 0.059823
0.829272 0.086651 0.078046 0.047491
0.835778 0.357304 0.082676 0.040530
0.605294 0.092567 0.080009 0.051752
0.933606 0.096018 0.081605 0.050252
0.713655 0.323565 0.076970 0.055468
0.495127 0.457744 0.090895 0.047090
0.273994 0.265170 0.063993 0.057645
0.378261 0.356216 0.086204 0.043313
0.492273 0.512264 0.080316 0.053614
0.391323 0.921189 0.069653 0.046202
0.167715 0.264814 0.069258 0.050270
0.941609 0.435062 0.081217 0.049733
0.936154 0.038845 0.091420 0.056567
0.275660 0.092721 0.068354 0.045260
0.485610 0.102487 0.066429 0.060887
0.183936 0.830454 0.083768 0.046471
0.279231 0.477389 0.082243 0.046710
0.730328 0.906857 0.080303 0.046974
0.289494 0.886827 0.077546 0.044159
0.602467 0.145949 0.070754 0.050674
0.388972 0.554125 0.083878 0.041064
0.167703 0.100972 0.070481 0.048995
0.058910 0.160774 0.073705 0.048955
0.941188 0.147531 0.077001 0.041325
0.716723 0.261591 0.077820 0.059374
0.611076 0.679675 0.079875 0.052788
0.610776 0.897879 0.079010 0.048852
0.603393 0.307774 0.078909 0.058514
0.378975 0.505980 0.087242 0.050318
0.390225 0.661920 0.073996 0.054090
0.829478 0.505670 0.075842 0.050898
0.171552 0.313934 0.081783 0.037538
0.600228 0.625561 0.101190 0.051967
0.723114 0.477801 0.080629 0.048841
0.500066 0.879637 0.079280 0.044358
0.385569 0.457155 0.078572 0.040289
0.603855 0.411902 0.076357 0.049671
0.168445 0.044726 0.085799 0.056972
0.072255 0.806274 0.085936 0.049161
0.609559 0.570387 0.070567 0.047243
0.938583 0.381571 0.069268 0.052157
0.840318 0.761885 0.071261 0.052618
0.831402 0.562128 0.074229 0.050669
0.390328 0.409874 0.072320 0.044579
0.282043 0.428111 0.068226 0.045083
0.162893 0.202018 0.086065 0.060788
0.172070 0.427024 0.066991 0.059200
0.057092 0.053233 0.087641 0.066427
0.496307 0.833906 0.071518 0.045272
0.598229 0.037051 0.087791 0.048015
0.064499 0.436642 0.085900 0.052053
0.075259 0.858770 0.078597 0.054256
0.070167 0.756814 0.073570 0.046640
0.611657 0.511891 0.077721 0.052860
0.844781 0.924833 0.078619 0.032167
0.382615 0.138323 0.073412 0.052096
0.174949 0.366575 0.079653 0.056602
0.713073 0.088515 0.075629 0.053281
0.828469 0.302574 0.072940 0.059336
0.726229 0.527756 0.073789 0.042318
0.830676 0.136966 0.067400 0.047176
0.488225 0.291265 0.066676 0.060332
0.055891 0.110292 0.069981 0.042645
0.939429 0.199143 0.067681 0.054551
0.186006 0.781978 0.084577 0.046193
0.724237 0.693064 0.071572 0.061545
0.487953 0.042932 0.079581 0.054302
0.168749 0.147609 0.071230 0.035016
0.395952 0.960836 0.064815 0.037087
0.064238 0.493563 0.081707 0.057707
0.608126 0.951875 0.090064 0.055864
0.733187 0.857616 0.070145 0.046382
0.266792 0.042426 0.074110 0.051401
0.188459 0.953378 0.062555 0.055881
0.375780 0.088322 0.072229 0.035545
0.173917 0.487546 0.089968 0.056037
0.273915 0.320949 0.064193 0.047476
0.833036 0.661676 0.061161 0.046853
0.274698 0.739169 0.067047 0.048349
0.945065 0.480883 0.083065 0.035421
0.830569 0.035670 0.068976 0.047850
0.277676 0.679035 0.075314 0.052943
0.078227 0.960691 0.083846 0.036773
0.495376 0.781481 0.076212 0.055745
0.077104 0.915243 0.064791 0.048265
0.057653 0.318416 0.071558 0.052664
0.176196 0.569261 0.099919 0.043903
0.057980 0.381241 0.071259 0.052143
0.831071 0.451436 0.064493 0.054210
0.294482 0.963136 0.076288 0.041236
0.841602 0.961491 0.109703 0.041991
0.184148 0.614117 0.078608 0.043358
0.058704 0.599893 0.087029 0.041011
0.600577 0.195956 0.064635 0.040320
0.376954 0.040850 0.055073 0.046691
0.944014 0.705005 0.057689 0.046399
0.059909 0.266351 0.059347 0.043974
0.277489 0.629508 0.054808 0.037694
0.058376 0.214929 0.057084 0.050050
0.503265 0.919947 0.080373 0.034785
0.288294 0.838070 0.052949 0.044168
0.273798 0.202792 0.081321 0.055498
0.735038 0.951905 0.077524 0.038052
0.830740 0.189268 0.063982 0.046517
0.485669 0.344588 0.069197 0.040816
0.061579 0.701922 0.067505 0.057757
0.601850 0.361467 0.064051 0.044603
0.277765 0.528553 0.056949 0.048109
0.833544 0.614128 0.049867 0.048820
0.274340 0.373238 0.073445 0.052007
0.182912 0.670262 0.083125 0.057224
0.065025 0.647480 0.057457 0.040432
0.378935 0.189047 0.064807 0.039815
0.953933 0.952165 0.074990 0.041621
0.486409 0.393957 0.086340 0.053879
0.184624 0.888529 0.064946 0.055823
0.730286 0.809342 0.055891 0.047833
0.501082 0.957787 0.062215 0.041869
0.722050 0.034169 0.074340 0.042842
0.835669 0.400549 0.069162 0.038593
0.603494 0.460764 0.053397 0.037157
0.499775 0.725728 0.059111 0.042176
0.185624 0.729216 0.078328 0.054568
0.184549 0.532919 0.075182 0.032085
0.064051 0.549822 0.066513 0.051439
0.290613 0.930558 0.058644 0.037177
