0.602473 0.276029 0.067704 0.047150
0.480631 0.706550 0.074733 0.043492
0.381439 0.675898 0.069348 0.050627
0.169451 0.877629 0.068414 0.048606
0.920116 0.329294 0.062417 0.042826
0.272960 0.551853 0.069393 0.051785
0.598526 0.477886 0.065994 0.043971
0.808363 0.731351 0.074535 0.042264
0.502799 0.079032 0.070928 0.045071
0.278121 0.264504 0.062919 0.046793
0.698933 0.577515 0.072023 0.041358
0.696312 0.533212 0.079622 0.045315
0.502721 0.198072 0.065631 0.044712
0.920703 0.090804 0.070036 0.042896
0.817715 0.384045 0.080541 0.042311
0.916004 0.207062 0.068211 0.037715
0.706056 0.416100 0.066124 0.041234
0.278659 0.216010 0.068335 0.048199
0.717604 0.165973 0.065814 0.052663
0.805752 0.257767 0.074549 0.043035
0.591038 0.655262 0.077123 0.037880
0.268270 0.688722 0.065115 0.046236
0.820527 0.339614 0.070821 0.043593
0.818890 0.164969 0.077977 0.049685
0.695865 0.763763 0.070603 0.045012
0.705867 0.335886 0.066650 0.041233
0.381800 0.578954 0.077929 0.050701
0.380652 0.765903 0.070555 0.044370
0.368838 0.880839 0.070819 0.040098
0.477999 0.800787 0.079414 0.050227
0.917820 0.540867 0.063689 0.045878
0.924643 0.245701 0.062114 0.041250
0.922397 0.286168 0.075606 0.039331
0.389704 0.484276 0.063451 0.043292
0.369425 0.840215 0.072169 0.038135
0.177584 0.260958 0.067960 0.039961
0.801165 0.903450 0.094029 0.040462
0.811592 0.517867 0.074505 0.044235
0.057021 0.736147 0.057793 0.032408
0.394245 0.089585 0.078835 0.041184
0.797947 0.860269 0.074983 0.040497
0.175959 0.303384 0.063372 0.044524
0.705438 0.671307 0.070008 0.041181
0.503518 0.240877 0.075359 0.039828
0.918587 0.375049 0.074056 0.042079
0.069866 0.286107 0.071427 0.043444
0.713069 0.215519 0.073896 0.044588
0.698504 0.716533 0.059472 0.043600
0.913061 0.493403 0.074673 0.044189
0.285419 0.121562 0.060660 0.043089
0.600308 0.365477 0.058027 0.034580
0.280034 0.346651 0.056548 0.039749
0.280994 0.168116 0.067925 0.044789
0.058613 0.375480 0.060731 0.039533
0.271291 0.462243 0.072957 0.044727
0.700336 0.906623 0.069493 0.050427
0.910397 0.669464 0.062795 0.041418
0.060577 0.817881 0.064292 0.044177
0.910525 0.627821 0.063680 0.036808
0.066357 0.122809 0.063458 0.046768
0.600198 0.435372 0.056357 0.036163
0.176565 0.461206 0.060073 0.029444
0.593562 0.573187 0.070149 0.043650
0.918957 0.131252 0.058813 0.034768
0.603305 0.324337 0.064092 0.045436
0.589736 0.852984 0.064668 0.045817
0.593673 0.615310 0.067350 0.040869
0.162126 0.708854 0.057858 0.042187
0.821475 0.116660 0.082116 0.046227
0.382206 0.362984 0.055444 0.042781
0.181416 0.217095 0.058357 0.047178
0.812759 0.470732 0.069503 0.053898
0.386954 0.230644 0.076656 0.044997
0.813272 0.973158 0.075393 0.040570
0.693474 0.624625 0.079060 0.044417
0.181137 0.077036 0.057666 0.047381
0.921257 0.971343 0.072238 0.040625
0.604481 0.224653 0.061427 0.054751
0.693353 0.813866 0.077905 0.049499
0.492839 0.421032 0.058784 0.045027
0.598037 0.400855 0.058551 0.031252
0.593082 0.729229 0.062146 0.041090
0.912692 0.452013 0.066713 0.035857
0.279293 0.307456 0.052323 0.038308
0.496387 0.326551 0.072043 0.045470
0.916758 0.167055 0.053090 0.037969
0.605888 0.127950 0.062743 0.046600
0.069238 0.247077 0.066358 0.031832
0.497153 0.122141 0.071153 0.039470
0.482171 0.660751 0.069164 0.041653
0.167371 0.923198 0.056210 0.043518
0.707393 0.070256 0.082373 0.042241
0.709057 0.116283 0.084215 0.047114
0.380356 0.626435 0.065659 0.044652
0.262322 0.840698 0.067931 0.037341
0.589688 0.897387 0.063019 0.044347
0.388033 0.531572 0.061044 0.045594
0.923749 0.872993 0.073811 0.041116
0.064947 0.167774 0.058330 0.042625
0.591626 0.525479 0.067380 0.048212
0.165405 0.834515 0.059912 0.038106
0.813128 0.212117 0.081865 0.044273
0.492934 0.373586 0.065765 0.048342
0.375104 0.722671 0.059850 0.036874
0.601849 0.081852 0.058626 0.042461
0.499824 0.280523 0.061917 0.043249
0.807531 0.775687 0.071897 0.041542
0.821909 0.032914 0.079250 0.043693
0.065171 0.772589 0.065810 0.038730
0.706726 0.375563 0.061735 0.035629
0.270167 0.602001 0.067882 0.045807
0.593174 0.691519 0.058142 0.034505
0.486499 0.577272 0.064958 0.043704
0.926663 0.755091 0.075822 0.041053
0.912312 0.414659 0.068637 0.037303
0.168085 0.666784 0.055968 0.042052
0.811589 0.646997 0.081386 0.038314
0.696434 0.960719 0.077855 0.051907
0.177566 0.420423 0.057921 0.049888
0.271320 0.421433 0.061461 0.039051
0.390185 0.442694 0.055880 0.037066
0.370295 0.953629 0.069336 0.042804
0.494316 0.463525 0.061891 0.039945
0.402592 0.135118 0.057853 0.047639
0.918530 0.041710 0.065020 0.052767
0.394010 0.315098 0.067702 0.046683
0.916620 0.925971 0.084212 0.048236
0.057381 0.333979 0.053369 0.042933
0.806739 0.818850 0.069821 0.041063
0.180021 0.032016 0.078983 0.043832
0.815904 0.073963 0.079129 0.038314
0.272774 0.643243 0.060291 0.041499
0.269593 0.761343 0.072390 0.036016
0.587112 0.806074 0.052688 0.045740
0.921955 0.795848 0.076041 0.039044
0.499662 0.157795 0.074342 0.032405
0.278203 0.384991 0.080244 0.034557
0.058759 0.572854 0.058932 0.036909
0.168355 0.623539 0.051741 0.041764
0.495379 0.536466 0.062724 0.037529
0.920343 0.712419 0.062427 0.038370
0.397778 0.183544 0.062810 0.044766
0.480757 0.885876 0.060648 0.048627
0.383791 0.404905 0.051060 0.037096
0.067928 0.209058 0.067023 0.035499
0.175984 0.378696 0.051238 0.031766
0.267723 0.959893 0.075339 0.040175
0.263950 0.801523 0.075057 0.036994
0.168917 0.342534 0.058079 0.034563
0.916864 0.585360 0.060853 0.039500
0.058087 0.699670 0.050301 0.038439
0.809435 0.298255 0.068910 0.034948
0.171883 0.534608 0.050153 0.045448
0.061518 0.612262 0.057741 0.037035
0.693613 0.860026 0.083569 0.036620
0.802682 0.689013 0.071183 0.039344
0.167094 0.793996 0.057729 0.044584
0.179894 0.123769 0.053576 0.043762
0.264563 0.918823 0.063337 0.042755
0.057767 0.473855 0.055888 0.046798
0.282552 0.031189 0.061975 0.041689
0.701326 0.459722 0.087604 0.042451
0.480833 0.750419 0.068609 0.040734
0.063358 0.656092 0.054734 0.045716
0.590578 0.765465 0.057590 0.033923
0.267615 0.878842 0.080819 0.036224
0.710234 0.255722 0.066340 0.034092
0.171767 0.750997 0.071909 0.038966
0.273068 0.505833 0.053611 0.038261
0.181402 0.170206 0.055054 0.044517
0.066838 0.074304 0.062123 0.043789
0.061189 0.031610 0.067527 0.040986
0.478746 0.844875 0.060498 0.033710
0.709679 0.292748 0.059773 0.043194
0.810217 0.423358 0.067295 0.035565
0.173962 0.495077 0.055648 0.031853
0.495633 0.032715 0.060689 0.042950
0.169830 0.578872 0.047534 0.041740
0.056684 0.525164 0.051862 0.050130
0.170629 0.962500 0.066816 0.038816
0.280377 0.073991 0.068173 0.043051
0.056763 0.423327 0.053199 0.050334
0.488690 0.621396 0.052747 0.036844
0.927222 0.832339 0.086981 0.032923
0.373415 0.916599 0.060068 0.027924
0.393771 0.040269 0.061080 0.049934
0.379436 0.806266 0.060022 0.028871
0.719974 0.028772 0.052297 0.038144
0.391730 0.273959 0.068080 0.037423
0.065323 0.872985 0.068378 0.054946
0.607429 0.173869 0.069762 0.046866
0.811093 0.560110 0.074667 0.038520
0.276062 0.726522 0.067144 0.027953
0.813888 0.599912 0.066357 0.053588
0.069567 0.922971 0.059205 0.041175
0.605028 0.035088 0.060587 0.044544
0.702811 0.494285 0.057802 0.026184
0.481282 0.943364 0.075116 0.058606
0.069767 0.963551 0.057827 0.037444
0.589394 0.945262 0.078534 0.047455
0.500759 0.498336 0.070435 0.034812
0.804216 0.935016 0.093316 0.032813
0.587534 0.967881 0.078492 0.044578
