0.505730 0.242475 0.063582 0.047161
0.626120 0.679633 0.053429 0.035168
0.626888 0.608818 0.065637 0.042078
0.399609 0.821432 0.071677 0.037135
0.625019 0.717161 0.059504 0.036032
0.731459 0.897591 0.059977 0.035608
0.509343 0.725293 0.065431 0.041383
0.612951 0.367218 0.069298 0.044882
0.400837 0.461410 0.055802 0.039653
0.613562 0.233648 0.068727 0.046182
0.401936 0.421236 0.054765 0.037300
0.840142 0.665709 0.070089 0.041125
0.628899 0.796349 0.065912 0.043327
0.285457 0.529692 0.063791 0.038953
0.405302 0.865146 0.057328 0.043467
0.634265 0.841528 0.070182 0.041180
0.509231 0.812501 0.062163 0.047766
0.514854 0.855629 0.056785 0.039142
0.631644 0.645473 0.055905 0.031429
0.619116 0.276611 0.072068 0.037905
0.626054 0.523714 0.052375 0.034096
0.718868 0.221792 0.072030 0.041994
0.727879 0.579651 0.053787 0.038542
0.404269 0.777909 0.063989 0.042064
0.507255 0.289836 0.053139 0.043051
0.623271 0.411823 0.059072 0.040364
0.399039 0.192574 0.057545 0.044122
0.628796 0.563741 0.062013 0.039184
0.394535 0.504371 0.050932 0.043886
0.948736 0.656195 0.062759 0.037575
0.947671 0.779367 0.053690 0.039808
0.507127 0.638765 0.062354 0.040128
0.518545 0.680820 0.055121 0.044864
0.712906 0.139014 0.057897 0.039474
0.173096 0.215922 0.066796 0.043109
0.173712 0.256728 0.064937 0.035572
0.716586 0.095137 0.054673 0.041981
0.941580 0.539473 0.073467 0.047493
0.825831 0.541771 0.073109 0.045738
0.514948 0.514873 0.074444 0.039468
0.397854 0.105109 0.060730 0.040112
0.839247 0.709162 0.054921 0.042654
0.725571 0.385414 0.066932 0.050081
0.414400 0.972393 0.062229 0.033937
0.513451 0.556956 0.067202 0.044309
0.404995 0.735087 0.048206 0.037117
0.630071 0.754489 0.063846 0.037804
0.280328 0.204123 0.054513 0.037482
0.735897 0.934036 0.059180 0.037898
0.396582 0.552270 0.084973 0.046432
0.618557 0.320512 0.054751 0.044205
0.393648 0.148714 0.052529 0.041584
0.169238 0.173430 0.061533 0.041092
0.393895 0.235932 0.062288 0.038192
0.282019 0.267911 0.051687 0.034518
0.626643 0.486349 0.059573 0.032743
0.175270 0.471639 0.054898 0.033069
0.289047 0.574547 0.056998 0.049226
0.829550 0.498903 0.053171 0.039420
0.953255 0.928341 0.054607 0.039781
0.270400 0.307973 0.062875 0.040610
0.407148 0.938628 0.049678 0.033940
0.738701 0.970521 0.058333 0.033547
0.828457 0.215474 0.052721 0.041493
0.285266 0.435462 0.056224 0.041492
0.949479 0.739407 0.056093 0.035584
0.612847 0.144138 0.057899 0.043454
0.934885 0.060564 0.068405 0.039636
0.730211 0.774421 0.054152 0.041184
0.515870 0.362072 0.054394 0.038417
0.941013 0.186291 0.057523 0.034781
0.835102 0.822067 0.055616 0.038278
0.627877 0.886241 0.063592 0.041905
0.279794 0.115444 0.062228 0.043347
0.403151 0.693818 0.051587 0.041870
0.942851 0.698583 0.059178 0.042474
0.276668 0.391590 0.081206 0.042539
0.399810 0.381697 0.054937 0.040064
0.949326 0.451102 0.054343 0.040207
0.068054 0.258839 0.051363 0.040751
0.947334 0.886333 0.050579 0.039303
0.508549 0.198543 0.050953 0.037571
0.831834 0.292430 0.057599 0.045779
0.507953 0.022072 0.072357 0.038596
0.171432 0.403496 0.049909 0.038098
0.619896 0.022169 0.066701 0.036665
0.734360 0.856624 0.049594 0.039507
0.279322 0.162463 0.062783 0.042791
0.167831 0.132364 0.052810 0.040310
0.839718 0.751867 0.061347 0.030300
0.951636 0.846911 0.049223 0.036527
0.507788 0.599287 0.049785 0.037787
0.729796 0.296756 0.051248 0.039107
0.621889 0.452064 0.051911 0.035034
0.169974 0.291135 0.052746 0.033968
0.712277 0.057520 0.063670 0.034121
0.514113 0.965402 0.061201 0.041555
0.615103 0.099028 0.053398 0.039728
0.283079 0.483430 0.056836 0.051308
0.512589 0.063344 0.052446 0.041707
0.717773 0.179415 0.052016 0.038659
0.511401 0.157653 0.056368 0.044389
0.517059 0.438996 0.052081 0.039134
0.387908 0.339093 0.063942 0.041959
0.834025 0.865149 0.046117 0.043584
0.723222 0.259576 0.054526 0.033978
0.512659 0.326258 0.054221 0.025470
0.829221 0.024571 0.049373 0.039989
0.512502 0.769440 0.049769 0.038220
0.178984 0.437509 0.056000 0.028663
0.939518 0.306091 0.051444 0.046613
0.617439 0.059082 0.050281 0.036566
0.633272 0.961181 0.050368 0.034833
0.727128 0.545148 0.047975 0.030104
0.943199 0.349053 0.052242 0.037088
0.173254 0.505897 0.052752 0.028307
0.068956 0.296471 0.054525 0.033575
0.838506 0.623052 0.051099 0.041538
0.834790 0.459839 0.052848 0.036651
0.403951 0.905027 0.044603 0.031706
0.395735 0.299305 0.045127 0.035626
0.827443 0.110041 0.048272 0.041126
0.725061 0.437914 0.061418 0.049154
0.728591 0.337881 0.049017 0.041254
0.613389 0.187780 0.053365 0.045406
0.732873 0.732034 0.050522 0.038711
0.945763 0.494241 0.048161 0.037956
0.827913 0.067942 0.051583 0.041693
0.066446 0.215217 0.049534 0.045788
0.940924 0.021770 0.051313 0.034692
0.396461 0.064258 0.066977 0.039436
0.824435 0.154077 0.067582 0.042453
0.733492 0.645931 0.046440 0.037270
0.829503 0.252635 0.045437 0.029188
0.950949 0.812922 0.048835 0.033053
0.934008 0.221712 0.050505 0.036159
0.511563 0.477013 0.046343 0.035954
0.399709 0.624040 0.054422 0.031462
0.729164 0.513886 0.045883 0.033559
0.833708 0.336969 0.050217 0.041456
0.733747 0.815634 0.050692 0.038939
0.943602 0.142042 0.046813 0.049353
0.513126 0.106980 0.047145 0.043639
0.830796 0.903967 0.050137 0.032305
0.951729 0.963559 0.050550 0.034975
0.401925 0.655641 0.050367 0.034546
0.171778 0.362264 0.055560 0.043143
0.173254 0.323162 0.049038 0.031618
0.520410 0.928043 0.049515 0.027523
0.835101 0.938324 0.048175 0.037033
0.277119 0.348475 0.048166 0.038012
0.942359 0.388205 0.060099 0.030976
0.831497 0.414520 0.049014 0.050275
0.729651 0.478586 0.053751 0.033735
0.838472 0.582987 0.042857 0.036488
0.277874 0.029768 0.054912 0.047533
0.178232 0.724380 0.055437 0.042686
0.065737 0.387008 0.053832 0.051652
0.174508 0.595593 0.050546 0.042186
0.284644 0.235147 0.051391 0.026208
0.518103 0.399624 0.050804 0.037504
0.176659 0.549208 0.057296 0.040021
0.069139 0.445823 0.062953 0.050578
0.629556 0.923373 0.058151 0.036686
0.173311 0.645017 0.054021 0.048006
0.836848 0.785607 0.037833 0.029467
0.936554 0.260054 0.051116 0.043080
0.944012 0.583557 0.044648 0.035052
0.515097 0.896676 0.040137 0.034638
0.944582 0.098574 0.047747 0.034117
0.171135 0.064299 0.047966 0.036864
0.167321 0.097047 0.050289 0.034036
0.942614 0.619849 0.042054 0.035456
0.067417 0.169236 0.052113 0.044580
0.396062 0.592851 0.068142 0.028684
0.838980 0.973250 0.053836 0.035266
0.950719 0.417610 0.066736 0.022713
0.731576 0.613328 0.042007 0.027480
0.715390 0.021126 0.046184 0.034089
0.176159 0.026112 0.040780 0.037304
0.733746 0.690723 0.046154 0.041747
0.391664 0.024731 0.056481 0.041567
0.176518 0.686376 0.053925 0.031311
0.397016 0.269355 0.050602 0.026510
0.068746 0.334561 0.047523 0.043117
0.833833 0.374130 0.042680 0.028221
0.829283 0.183531 0.044328 0.018206
0.278547 0.075207 0.049609 0.036565
