0.119233 0.384781 0.057982 0.030019
0.120147 0.460877 0.063593 0.032376
0.582284 0.652667 0.056756 0.033595
0.868234 0.806489 0.061604 0.029506
0.389542 0.787300 0.062864 0.029766
0.398362 0.545379 0.056344 0.028858
0.871126 0.645939 0.055228 0.034748
0.773170 0.740302 0.054484 0.029453
0.870592 0.683414 0.055452 0.035383
0.399394 0.448926 0.048575 0.033479
0.867669 0.607344 0.051837 0.032813
0.584741 0.476954 0.054555 0.035609
0.586512 0.576662 0.057316 0.037720
0.202212 0.828588 0.058911 0.028612
0.121438 0.245812 0.059714 0.031296
0.876272 0.292225 0.058705 0.035144
0.314780 0.218105 0.050296 0.034684
0.574574 0.873076 0.052499 0.036567
0.781451 0.491062 0.050275 0.031634
0.313610 0.287161 0.053560 0.032500
0.292487 0.813815 0.050745 0.032795
0.784520 0.397800 0.050903 0.033217
0.214181 0.465217 0.054311 0.031008
0.580289 0.687728 0.057436 0.033112
0.490109 0.523499 0.066570 0.033097
0.784091 0.458025 0.056814 0.029875
0.489657 0.697283 0.057283 0.027437
0.580383 0.726403 0.051464 0.036650
0.865048 0.907775 0.052621 0.032647
0.501524 0.330767 0.061504 0.033138
0.686677 0.389631 0.054361 0.034294
0.312521 0.437649 0.053637 0.032764
0.677928 0.574588 0.049235 0.033036
0.767688 0.848019 0.049523 0.040020
0.867234 0.869599 0.058935 0.034171
0.208160 0.698122 0.050774 0.028832
0.484409 0.731432 0.052333 0.033474
0.408429 0.281488 0.054571 0.029261
0.397587 0.378762 0.052527 0.030763
0.783186 0.570541 0.063263 0.039246
0.296935 0.670546 0.054058 0.025770
0.578016 0.832478 0.053457 0.036678
0.679391 0.540659 0.053304 0.027742
0.117801 0.420071 0.047396 0.036069
0.669860 0.921103 0.048249 0.028954
0.310940 0.400964 0.058718 0.037637
0.212075 0.503110 0.046551 0.033394
0.499589 0.294254 0.066042 0.035179
0.770629 0.809243 0.056386 0.031063
0.675985 0.643951 0.058585 0.032902
0.207891 0.661888 0.049965 0.032723
0.209661 0.430080 0.050776 0.026963
0.483803 0.765515 0.050583 0.031704
0.781840 0.526127 0.052467 0.037786
0.776879 0.645528 0.050860 0.032249
0.881035 0.170361 0.058772 0.031927
0.118777 0.495805 0.049378 0.031438
0.295971 0.778105 0.050264 0.027673
0.212693 0.541501 0.054165 0.027222
0.196251 0.860584 0.052603 0.023446
0.582213 0.761980 0.048621 0.032287
0.312521 0.254207 0.049409 0.025711
0.594229 0.405931 0.060805 0.031007
0.386130 0.697239 0.058155 0.031192
0.206451 0.731076 0.043177 0.030073
0.771928 0.680044 0.047650 0.029490
0.310135 0.478250 0.056885 0.040822
0.398339 0.579149 0.050120 0.034501
0.785630 0.362304 0.051874 0.030637
0.118426 0.351021 0.052095 0.028711
0.582499 0.616725 0.047010 0.031931
0.482638 0.796157 0.050763 0.024691
0.870584 0.433853 0.051403 0.033740
0.303408 0.575720 0.051427 0.028906
0.218472 0.228089 0.047828 0.032730
0.125757 0.312817 0.049158 0.036958
0.588341 0.439251 0.059131 0.035403
0.670182 0.796685 0.050264 0.026669
0.213531 0.362252 0.050901 0.035663
0.763433 0.886427 0.053254 0.028575
0.406417 0.247937 0.049047 0.028100
0.876477 0.497301 0.058707 0.031372
0.297166 0.739130 0.052143 0.040412
0.493731 0.403619 0.049725 0.039815
0.214905 0.290525 0.052892 0.033212
0.302711 0.607986 0.057017 0.025756
0.601297 0.169585 0.056146 0.040169
0.488601 0.661967 0.050784 0.031480
0.116805 0.535817 0.054661 0.036568
0.296291 0.700730 0.045268 0.029549
0.879046 0.260955 0.057511 0.026984
0.685920 0.321434 0.051074 0.035692
0.215041 0.162748 0.053919 0.026552
0.865481 0.945041 0.052228 0.030096
0.773666 0.707886 0.049106 0.023113
0.677508 0.607247 0.040777 0.029966
0.589660 0.328446 0.045451 0.029886
0.398546 0.481533 0.042234 0.028997
0.489790 0.589701 0.048316 0.033774
0.401661 0.414865 0.050121 0.028082
0.206713 0.764274 0.051692 0.024482
0.217773 0.197522 0.052964 0.027947
0.390059 0.728142 0.049042 0.024335
0.391858 0.614986 0.059371 0.031227
0.675104 0.951085 0.051682 0.030123
0.595408 0.264785 0.053878 0.031351
0.691528 0.245200 0.054051 0.039078
0.490547 0.555563 0.053907 0.032179
0.412047 0.160654 0.049818 0.026886
0.390932 0.816908 0.060231 0.023547
0.876942 0.327024 0.058608 0.030274
0.388618 0.756722 0.049337 0.023871
0.672064 0.678938 0.044834 0.033084
0.591223 0.298753 0.054536 0.025654
0.384452 0.883050 0.040406 0.027776
0.788308 0.160669 0.053924 0.033960
0.575227 0.940276 0.047775 0.035689
0.488084 0.625659 0.040549 0.033476
0.873902 0.467606 0.054201 0.028016
0.296627 0.638327 0.040985 0.027669
0.688294 0.354411 0.061258 0.027966
0.124203 0.213176 0.048100 0.028004
0.674819 0.715050 0.048245 0.026783
0.682395 0.423178 0.053806 0.029251
0.501673 0.221037 0.047397 0.029277
0.399215 0.512515 0.039824 0.029255
0.579037 0.799072 0.057060 0.030391
0.586829 0.508281 0.056336 0.026126
0.771485 0.774742 0.059636 0.033660
0.677141 0.510580 0.041810 0.029929
0.212122 0.397909 0.045827 0.030967
0.318554 0.323959 0.046598 0.033525
0.868722 0.837519 0.059647 0.029093
0.778849 0.610049 0.044889 0.035084
0.413357 0.187623 0.051876 0.027105
0.879329 0.201213 0.049991 0.029310
0.591175 0.366686 0.054066 0.039275
0.384356 0.847963 0.044606 0.034122
0.318160 0.160227 0.044915 0.025738
0.390608 0.645875 0.057315 0.023113
0.294524 0.843971 0.061277 0.023886
0.671441 0.891848 0.041148 0.024092
0.479669 0.885066 0.039284 0.033738
0.672218 0.768550 0.058174 0.022062
0.573706 0.905833 0.046821 0.021604
0.674648 0.825959 0.055262 0.028799
0.884480 0.133461 0.048898 0.033508
0.503786 0.187273 0.053514 0.031546
0.674996 0.858482 0.050037 0.031181
0.787770 0.198262 0.051679 0.038098
0.876080 0.230800 0.049439 0.033408
0.124632 0.278536 0.043906 0.023356
0.209688 0.326507 0.052379 0.025005
0.491492 0.441246 0.043570 0.030405
0.499780 0.254745 0.044020 0.035238
0.409611 0.216135 0.044822 0.028895
0.879129 0.357760 0.054528 0.029442
0.786943 0.428328 0.054963 0.022007
0.478522 0.918303 0.039039 0.026356
0.127490 0.182205 0.046432 0.030092
0.404081 0.309020 0.039635 0.027078
0.479714 0.826218 0.046621 0.029991
0.596317 0.232652 0.037365 0.025602
0.599949 0.129802 0.055405 0.031656
0.401012 0.342437 0.037709 0.033365
0.767238 0.914796 0.034549 0.026568
0.197550 0.892344 0.060625 0.031363
0.682920 0.479077 0.060434 0.023656
0.865384 0.743862 0.042254 0.029923
0.293072 0.873754 0.041971 0.031542
0.590419 0.538813 0.058066 0.032856
0.595776 0.205774 0.044402 0.026996
0.870514 0.574915 0.041654 0.025357
0.304518 0.514439 0.039712 0.028527
0.313530 0.360560 0.038590 0.034390
0.876423 0.404681 0.056343 0.025158
0.315437 0.186723 0.043082 0.019956
0.204455 0.794967 0.038005 0.031223
0.785308 0.239578 0.052578 0.037568
0.207851 0.625080 0.037292 0.033146
0.216608 0.260523 0.063835 0.022496
0.497351 0.367663 0.049528 0.032070
0.409631 0.129315 0.043411 0.025376
0.388643 0.911065 0.054688 0.020200
0.783747 0.306708 0.050732 0.033663
0.214313 0.596210 0.051775 0.018507
0.388799 0.670267 0.057807 0.021980
0.867898 0.717299 0.043361 0.028495
0.690421 0.283204 0.038363 0.034565
0.289859 0.907197 0.037608 0.024811
0.500695 0.127156 0.057272 0.026802
0.305164 0.542893 0.034210 0.027027
0.690856 0.152414 0.050337 0.028607
0.388417 0.940180 0.037180 0.026348
0.317986 0.132341 0.042721 0.028614
0.480094 0.855702 0.049785 0.019463
0.224279 0.130934 0.059786 0.026348
0.875008 0.532928 0.054202 0.036187
0.503178 0.157861 0.049459 0.031359
0.692665 0.183825 0.038218 0.030361
0.479504 0.944788 0.031790 0.024659
0.770593 0.946208 0.052351 0.032063
0.689303 0.452648 0.060500 0.022108
0.789815 0.276163 0.055650 0.033651
0.788369 0.129637 0.035861 0.023650
0.689425 0.211580 0.043473 0.031075
0.787301 0.332584 0.052039 0.021475
0.488381 0.489485 0.060914 0.032831
0.680350 0.743534 0.059656 0.020131
0.879173 0.382470 0.054088 0.023227
0.210451 0.571173 0.045764 0.021687
0.866465 0.774429 0.047297 0.030172
0.691947 0.126520 0.050912 0.022619
0.291813 0.935942 0.032945 0.024394
0.871891 0.552760 0.043606 0.018417
0.487738 0.469744 0.052158 0.021109
