0.272976 0.227961 0.075823 0.056453
0.718769 0.269390 0.083261 0.052476
0.819172 0.224194 0.076139 0.054678
0.724857 0.748101 0.093942 0.052869
0.383644 0.272732 0.072896 0.046851
0.931962 0.117407 0.090541 0.056790
0.381847 0.167694 0.073681 0.052500
0.827645 0.926223 0.071884 0.048066
0.603149 0.222634 0.087054 0.060073
0.176465 0.924656 0.089653 0.042803
0.392568 0.837842 0.081764 0.044030
0.825961 0.872658 0.081803 0.050719
0.923301 0.175505 0.075968 0.056547
0.828908 0.819412 0.079163 0.049474
0.489775 0.519293 0.077145 0.055675
0.280196 0.494609 0.079945 0.048853
0.923727 0.290186 0.069846 0.060458
0.390656 0.741575 0.078355 0.043805
0.723047 0.800809 0.087762 0.049222
0.923486 0.625191 0.075237 0.056976
0.604967 0.827229 0.091742 0.051692
0.715267 0.214778 0.079966 0.051795
0.277030 0.330727 0.073762 0.057070
0.825595 0.383619 0.080494 0.048412
0.607130 0.883178 0.084387 0.054525
0.928096 0.516192 0.076284 0.048921
0.490989 0.896685 0.075648 0.048427
0.294172 0.963215 0.084615 0.049531
0.924432 0.349515 0.073329 0.052795
0.601431 0.283890 0.079767 0.053006
0.818953 0.278849 0.081699 0.044872
0.387233 0.380994 0.070407 0.051156
0.177471 0.715902 0.078083 0.051342
0.823304 0.054723 0.079743 0.051943
0.380430 0.222003 0.077038 0.052132
0.384274 0.790106 0.081665 0.045470
0.716633 0.904210 0.068312 0.053922
0.276973 0.171421 0.074988 0.053659
0.181467 0.877321 0.070160 0.050595
0.486955 0.347429 0.071728 0.060874
0.074821 0.792012 0.063224 0.053620
0.824849 0.551807 0.083440 0.047593
0.272305 0.116138 0.066917 0.051243
0.610380 0.611461 0.091556 0.054086
0.488340 0.572527 0.081685 0.039365
0.176531 0.461124 0.076025 0.041115
0.824571 0.495133 0.065108 0.056230
0.387667 0.594771 0.076805 0.050128
0.493527 0.684874 0.090502 0.044121
0.714894 0.324857 0.079094 0.044788
0.065152 0.433566 0.085041 0.053454
0.925827 0.406978 0.067897 0.057360
0.290339 0.914116 0.079820 0.041345
0.833110 0.716560 0.075524 0.054341
0.392637 0.694179 0.080086 0.041128
0.490138 0.732318 0.075041 0.042758
0.716333 0.378435 0.078844 0.057569
0.933156 0.931946 0.089225 0.046461
0.173575 0.563388 0.068169 0.059356
0.599067 0.105168 0.079097 0.052757
0.397561 0.933260 0.065366 0.040496
0.937136 0.679961 0.086033 0.049864
0.603395 0.552261 0.092876 0.052295
0.062739 0.639493 0.077534 0.048670
0.077169 0.844518 0.075459 0.046568
0.721475 0.961285 0.088180 0.052648
0.380982 0.432715 0.084983 0.048286
0.485231 0.283985 0.078322 0.057085
0.057576 0.063232 0.070853 0.051757
0.493571 0.461750 0.086340 0.051362
0.713051 0.434720 0.085381 0.050065
0.391352 0.646534 0.070974 0.045724
0.822713 0.164856 0.063277 0.049673
0.493089 0.112702 0.084106 0.051699
0.058503 0.165913 0.073107 0.045552
0.929306 0.735834 0.076045 0.053539
0.821390 0.330947 0.072924 0.053502
0.599085 0.340782 0.072248 0.047327
0.716432 0.161867 0.083762 0.045581
0.924319 0.234699 0.070381 0.051051
0.489526 0.164916 0.072615 0.049071
0.604232 0.717906 0.074014 0.059706
0.491899 0.843877 0.067005 0.052444
0.073024 0.894015 0.082274 0.044059
0.489632 0.630274 0.074616 0.060084
0.054561 0.117243 0.082693 0.042073
0.834147 0.968889 0.070723 0.037204
0.490680 0.225272 0.068109 0.057747
0.391433 0.972073 0.063095 0.037591
0.178451 0.659014 0.071200 0.042560
0.175240 0.409809 0.073755 0.053616
0.822988 0.108346 0.073834 0.051731
0.924040 0.057084 0.080708 0.058723
0.821808 0.771455 0.064756 0.042488
0.176704 0.507691 0.072436 0.041130
0.173930 0.181490 0.089789 0.055990
0.600549 0.494720 0.071082 0.056605
0.187523 0.969217 0.086942 0.040753
0.066707 0.380813 0.076693 0.046407
0.825954 0.610203 0.065641 0.059731
0.933414 0.883879 0.071737 0.047947
0.717671 0.602958 0.084686 0.057066
0.172591 0.358528 0.068992 0.045069
0.719348 0.490832 0.078152 0.051082
0.295146 0.722672 0.084734 0.055081
0.394337 0.888414 0.064713 0.046586
0.605183 0.163611 0.094660 0.057437
0.826295 0.439069 0.067160 0.048492
0.929376 0.462122 0.078413 0.046542
0.604533 0.773322 0.059904 0.043426
0.376346 0.108452 0.069384 0.057033
0.278188 0.441450 0.065078 0.049237
0.602249 0.053724 0.081176 0.050001
0.072277 0.936219 0.067151 0.030310
0.288593 0.610074 0.091914 0.054450
0.383101 0.538378 0.066818 0.048059
0.076131 0.970678 0.072089 0.035566
0.604838 0.932215 0.070841 0.039095
0.496398 0.785009 0.063050 0.053262
0.280339 0.386162 0.076109 0.045937
0.831035 0.663418 0.075353 0.043635
0.709216 0.056990 0.082477 0.056440
0.493067 0.405387 0.086755 0.051375
0.715753 0.544354 0.053716 0.051972
0.180085 0.063236 0.084554 0.057614
0.601694 0.435825 0.066347 0.051761
0.292169 0.666318 0.087951 0.054716
0.067320 0.331262 0.084351 0.051894
0.069437 0.587118 0.063181 0.050714
0.065527 0.489590 0.059232 0.048808
0.276245 0.278776 0.062686 0.044326
0.725702 0.698312 0.078976 0.037633
0.381486 0.488125 0.060402 0.045552
0.291041 0.862097 0.089700 0.055727
0.072489 0.692889 0.062750 0.049967
0.714679 0.851137 0.074513 0.049481
0.608871 0.661909 0.078972 0.036486
0.061355 0.220490 0.067059 0.051792
0.929185 0.568356 0.057628 0.043355
0.273426 0.062520 0.059476 0.051087
0.603846 0.386984 0.080481 0.036153
0.070413 0.536722 0.070228 0.040852
0.176722 0.123346 0.074772 0.057405
0.176156 0.613170 0.071325 0.032143
0.172740 0.303577 0.065319 0.058159
0.383952 0.325590 0.083718 0.052477
0.933571 0.787707 0.057700 0.046272
0.724253 0.653715 0.073327 0.041284
0.181638 0.772466 0.062538 0.052818
0.172959 0.242209 0.074912 0.058133
0.933846 0.973050 0.067098 0.032058
0.185180 0.823663 0.086893 0.045363
0.065108 0.274955 0.081407 0.055822
0.612913 0.971076 0.086085 0.033010
0.287897 0.773699 0.082910 0.037784
0.075689 0.743634 0.067195 0.038772
0.489883 0.057024 0.067274 0.057524
0.282886 0.551102 0.076537 0.053103
0.381667 0.054973 0.061588 0.045514
0.494227 0.971787 0.083019 0.043691
0.942088 0.837565 0.075096 0.043688
0.496046 0.940464 0.061149 0.037940
0.713124 0.112911 0.052399 0.048466
0.295426 0.815265 0.066979 0.037919
