0.711190 0.206580 0.078172 0.050296
0.156563 0.428234 0.074005 0.054630
0.156525 0.316384 0.068023 0.055087
0.167686 0.482042 0.080740 0.046479
0.487828 0.113988 0.076210 0.059148
0.158023 0.202363 0.081886 0.051092
0.052760 0.208079 0.075660 0.044411
0.271215 0.492695 0.080149 0.051336
0.159145 0.147408 0.072705 0.047164
0.265819 0.437559 0.079417 0.050480
0.607096 0.835137 0.083989 0.047038
0.369247 0.334003 0.075708 0.053822
0.597363 0.217680 0.079918 0.051982
0.814236 0.149746 0.085003 0.045105
0.375345 0.957378 0.101145 0.057479
0.491497 0.863772 0.068700 0.047329
0.162514 0.371334 0.083467 0.048395
0.485922 0.406764 0.083403 0.042941
0.493969 0.510651 0.081229 0.057147
0.605503 0.600404 0.087346 0.051221
0.713409 0.308843 0.073254 0.044157
0.819748 0.617269 0.080254 0.056920
0.599788 0.271535 0.098004 0.050806
0.383118 0.691717 0.082230 0.047447
0.490243 0.173743 0.076690 0.053106
0.496030 0.916394 0.077558 0.047839
0.715528 0.468158 0.074321 0.055022
0.489379 0.811949 0.079295 0.050930
0.375572 0.439559 0.072837 0.044974
0.057929 0.104744 0.082281 0.051311
0.708968 0.416022 0.083645 0.043998
0.373828 0.115520 0.096117 0.050451
0.828341 0.671531 0.076786 0.046165
0.927227 0.216641 0.089820 0.062451
0.170057 0.738994 0.090218 0.051996
0.162715 0.578365 0.072461 0.049578
0.372707 0.169397 0.076985 0.052480
0.931833 0.863785 0.085341 0.054656
0.265043 0.922926 0.074518 0.035451
0.822687 0.563706 0.074876 0.045435
0.270452 0.104829 0.081740 0.052937
0.938055 0.752838 0.069473 0.045343
0.490894 0.650337 0.064792 0.047748
0.486576 0.455658 0.072610 0.045832
0.489637 0.053625 0.070952 0.050448
0.817229 0.305297 0.068091 0.049655
0.375425 0.223127 0.071954 0.051402
0.602720 0.923595 0.082438 0.040480
0.064108 0.963557 0.082658 0.055153
0.815465 0.511198 0.077564 0.050798
0.490328 0.600245 0.069794 0.040642
0.603844 0.696718 0.079830 0.054416
0.376067 0.547594 0.077937 0.049584
0.370266 0.491785 0.084280 0.046329
0.932755 0.703162 0.071925 0.042481
0.719087 0.728157 0.076623 0.048521
0.265914 0.209956 0.067872 0.058693
0.053838 0.596495 0.085407 0.047488
0.054592 0.653338 0.067951 0.057333
0.710930 0.102230 0.070379 0.047185
0.929076 0.805878 0.075099 0.057182
0.932221 0.913968 0.084489 0.044348
0.167048 0.933125 0.075328 0.048303
0.817196 0.051818 0.071124 0.048968
0.169045 0.792138 0.075985 0.047710
0.826395 0.966018 0.064038 0.042430
0.824486 0.922468 0.064429 0.040599
0.720255 0.781707 0.082350 0.051009
0.930093 0.383710 0.072691 0.044405
0.605799 0.381724 0.085892 0.056690
0.709425 0.260057 0.070823 0.042358
0.266506 0.656207 0.071553 0.052993
0.709403 0.050814 0.084922 0.048787
0.929329 0.331207 0.080005 0.045816
0.816769 0.459362 0.076849 0.046253
0.932754 0.655653 0.081561 0.044953
0.489108 0.754350 0.066518 0.046462
0.269010 0.265417 0.069828 0.049303
0.051394 0.263076 0.077737 0.052479
0.056840 0.157448 0.063248 0.046657
0.057822 0.859365 0.071588 0.036840
0.818706 0.361866 0.060636 0.050692
0.165010 0.687390 0.076655 0.045686
0.710342 0.679123 0.073515 0.044794
0.499432 0.965926 0.086975 0.046808
0.052499 0.372549 0.065853 0.053456
0.166484 0.053128 0.085921 0.051393
0.273083 0.381994 0.084418 0.055801
0.822101 0.826290 0.077619 0.049127
0.382669 0.641144 0.073747 0.049445
0.059941 0.432819 0.081321 0.055523
0.059916 0.486813 0.080122 0.047409
0.062747 0.905160 0.076796 0.044960
0.720425 0.883885 0.068052 0.041038
0.596162 0.325833 0.082987 0.052111
0.604790 0.965295 0.080616 0.040229
0.727227 0.968641 0.088309 0.034614
0.929640 0.152602 0.066818 0.049896
0.271093 0.824636 0.073464 0.055327
0.606185 0.781998 0.078707 0.050883
0.270519 0.547306 0.061094 0.048211
0.712217 0.363218 0.067595 0.055342
0.489873 0.355822 0.082058 0.049319
0.163606 0.636632 0.062209 0.056665
0.376761 0.277773 0.061466 0.049806
0.384311 0.737778 0.083500 0.039071
0.604747 0.648285 0.070407 0.034792
0.372525 0.058205 0.082108 0.059043
0.930062 0.604505 0.087834 0.052168
0.928844 0.492159 0.067264 0.062342
0.057210 0.707576 0.061321 0.039079
0.057449 0.317623 0.068820 0.050184
0.820129 0.196352 0.081177 0.037500
0.162940 0.530536 0.076605 0.037725
0.163179 0.100104 0.074089 0.036977
0.711817 0.151875 0.054277 0.049116
0.931603 0.052216 0.063602 0.050093
0.818913 0.411836 0.056436 0.041231
0.826742 0.722388 0.066886 0.047260
0.826895 0.877063 0.052744 0.045672
0.266618 0.321359 0.067057 0.056317
0.050934 0.051115 0.072109 0.048956
0.379891 0.388322 0.074823 0.047619
0.381883 0.793105 0.070293 0.061444
0.274442 0.767264 0.061224 0.049142
0.714580 0.529532 0.092545 0.063842
0.051846 0.542668 0.082244 0.055525
0.924335 0.433134 0.066713 0.045737
0.269661 0.876809 0.066697 0.039619
0.489174 0.561341 0.077293 0.039797
0.273623 0.601208 0.068935 0.046829
0.925620 0.101911 0.078513 0.039292
0.602623 0.121927 0.087961 0.057910
0.933628 0.959878 0.069868 0.033638
0.598622 0.547235 0.066341 0.045219
0.167498 0.884929 0.063059 0.039607
0.726870 0.929004 0.075261 0.044132
0.167744 0.842167 0.058936 0.037096
0.064100 0.752176 0.064382 0.044834
0.816215 0.248867 0.060803 0.049654
0.263606 0.053549 0.061481 0.047303
0.712662 0.584935 0.083918 0.048654
0.055562 0.807505 0.067454 0.057964
0.816640 0.101617 0.061436 0.041346
0.273004 0.712011 0.061876 0.048533
0.600556 0.496095 0.068029 0.054198
0.609242 0.882826 0.072879 0.035038
0.162171 0.258128 0.061459 0.055207
0.923110 0.276648 0.067491 0.054128
0.598539 0.439625 0.064884 0.048723
0.379405 0.594454 0.063300 0.039699
0.170086 0.974241 0.067089 0.033649
0.274481 0.965312 0.076809 0.035179
0.715063 0.633102 0.059197 0.040914
0.487033 0.231462 0.065287 0.058283
0.381687 0.899839 0.094809 0.048281
0.933155 0.549196 0.049274 0.045086
0.489970 0.297087 0.066935 0.059445
0.609061 0.742450 0.087540 0.030681
0.602627 0.056348 0.061771 0.054614
0.596084 0.172119 0.089324 0.030941
0.718993 0.835562 0.051363 0.047681
0.263637 0.156203 0.058551 0.043455
0.386004 0.849635 0.087446 0.048899
0.827911 0.774264 0.056134 0.043977
0.488881 0.700539 0.054710 0.048331
