0.820759 0.468661 0.075127 0.054666
0.820945 0.692919 0.080607 0.049369
0.593053 0.624449 0.087073 0.055423
0.051217 0.321824 0.077740 0.051903
0.056883 0.676613 0.075728 0.049591
0.821356 0.526543 0.091134 0.056269
0.481227 0.332467 0.099377 0.056580
0.164735 0.654876 0.075546 0.046935
0.581934 0.225648 0.083746 0.057948
0.365515 0.173127 0.093274 0.051298
0.710074 0.817086 0.086398 0.050026
0.930661 0.434006 0.084563 0.048562
0.155108 0.157501 0.083605 0.043893
0.052611 0.569315 0.070508 0.051493
0.372677 0.712785 0.082833 0.049173
0.927075 0.166702 0.070587 0.053072
0.702824 0.491181 0.074070 0.059724
0.705056 0.370148 0.075588 0.056521
0.582683 0.405485 0.073420 0.057857
0.601522 0.914487 0.080374 0.044476
0.171445 0.919007 0.075713 0.048033
0.373217 0.346473 0.077465 0.052611
0.814727 0.363707 0.095417 0.050328
0.813941 0.162265 0.081320 0.052493
0.169467 0.967078 0.090231 0.046237
0.922886 0.114295 0.085619 0.048997
0.268972 0.827663 0.063945 0.046904
0.162680 0.868102 0.073574 0.050145
0.163054 0.109267 0.076952 0.046591
0.819938 0.639082 0.076613 0.051136
0.156153 0.257706 0.073711 0.045448
0.269639 0.876248 0.078428 0.045456
0.049665 0.622407 0.080012 0.050484
0.936089 0.963714 0.090458 0.049728
0.704346 0.665455 0.087265 0.047716
0.164004 0.762188 0.079065 0.053406
0.719093 0.970692 0.087271 0.045641
0.927278 0.488799 0.100630 0.056609
0.049386 0.426403 0.078640 0.050017
0.715863 0.870584 0.070937 0.051438
0.814588 0.264193 0.078493 0.053309
0.475642 0.393619 0.075009 0.055638
0.937939 0.913530 0.081840 0.046926
0.376102 0.876699 0.069815 0.051624
0.477234 0.121284 0.083293 0.051995
0.270624 0.547777 0.078086 0.046251
0.268953 0.731090 0.075047 0.044361
0.602816 0.967173 0.079834 0.052034
0.052814 0.113503 0.073448 0.049294
0.166379 0.460723 0.082470 0.047632
0.476891 0.064113 0.094102 0.057250
0.478784 0.603413 0.095202 0.057797
0.927732 0.059044 0.085379 0.057012
0.054386 0.269514 0.071723 0.043047
0.366207 0.120519 0.082015 0.042980
0.486610 0.755728 0.073578 0.051974
0.820410 0.582633 0.070243 0.053377
0.584389 0.285039 0.077259 0.055731
0.368042 0.401933 0.082411 0.048902
0.159506 0.207729 0.069824 0.049848
0.373313 0.507272 0.065541 0.047697
0.811519 0.313544 0.082379 0.039588
0.702649 0.312817 0.088335 0.048911
0.378457 0.662653 0.073944 0.049359
0.260634 0.460637 0.063557 0.040682
0.380947 0.924719 0.071699 0.041492
0.367240 0.229355 0.074341 0.058385
0.822968 0.745470 0.085902 0.043305
0.266643 0.323598 0.069979 0.050659
0.702246 0.613429 0.083778 0.050507
0.587562 0.570743 0.083964 0.041025
0.594191 0.464242 0.089110 0.053243
0.928218 0.226547 0.079723 0.056590
0.064181 0.926694 0.077611 0.041276
0.932902 0.677808 0.083057 0.060956
0.161109 0.309978 0.084635 0.053532
0.928312 0.379720 0.078849 0.056720
0.167474 0.560531 0.074671 0.045677
0.476765 0.446796 0.075841 0.046651
0.369541 0.288288 0.071563 0.051782
0.258377 0.063816 0.077319 0.050998
0.706628 0.718931 0.069086 0.049802
0.595719 0.062641 0.090005 0.055331
0.377633 0.558053 0.082929 0.047725
0.705089 0.555155 0.084750 0.060874
0.067746 0.972329 0.092499 0.041211
0.586025 0.165507 0.078485 0.054521
0.590874 0.520687 0.092559 0.052742
0.586885 0.684592 0.073951 0.058854
0.262982 0.501893 0.062648 0.039027
0.713382 0.765804 0.084770 0.038756
0.598518 0.749990 0.089947 0.055708
0.264075 0.415883 0.056013 0.043492
0.061453 0.880453 0.061804 0.048856
0.716043 0.924510 0.078715 0.046499
0.484140 0.657615 0.065883 0.040752
0.932531 0.552871 0.080504 0.063903
0.934214 0.613313 0.089620 0.058551
0.487292 0.499873 0.078617 0.046776
0.165791 0.606983 0.063809 0.040440
0.057975 0.771383 0.057373 0.046086
0.269188 0.778781 0.061711 0.042316
0.262267 0.267665 0.069945 0.049068
0.162574 0.705954 0.053532 0.050197
0.156012 0.360478 0.063682 0.043057
0.257089 0.112655 0.081902 0.040687
0.049810 0.372640 0.083302 0.042243
0.483021 0.702539 0.078402 0.043096
0.595519 0.861465 0.069744 0.047990
0.160415 0.410038 0.060166 0.048051
0.265075 0.371827 0.066918 0.039080
0.052977 0.060101 0.077803 0.045541
0.168169 0.815929 0.060530 0.046208
0.818141 0.109612 0.067480 0.044229
0.050299 0.221827 0.063197 0.045950
0.933576 0.863333 0.064446 0.051593
0.052743 0.520404 0.058140 0.041238
0.366813 0.067408 0.080776 0.057727
0.488085 0.912514 0.075884 0.049651
0.056538 0.724735 0.070337 0.035722
0.933548 0.321877 0.077703 0.046166
0.269445 0.643227 0.079951 0.039362
0.476968 0.167672 0.084257 0.038880
0.478578 0.269481 0.065116 0.053021
0.592435 0.806421 0.069143 0.052343
0.825885 0.858356 0.068910 0.050951
0.385133 0.966288 0.065020 0.041301
0.065325 0.826082 0.072999 0.054680
0.827482 0.964707 0.088627 0.057259
0.813433 0.212103 0.077819 0.038383
0.929226 0.805097 0.088271 0.058952
0.490008 0.964127 0.072683 0.041413
0.585354 0.344541 0.066081 0.058489
0.163131 0.511616 0.075892 0.045941
0.706670 0.426567 0.064828 0.053792
0.701749 0.186894 0.072104 0.053317
0.824183 0.803003 0.069891 0.056876
0.277772 0.970972 0.056666 0.040541
0.930330 0.738849 0.072827 0.059602
0.488519 0.806529 0.060192 0.041199
0.270955 0.926143 0.078055 0.045710
0.157358 0.061442 0.063082 0.047266
0.474776 0.216399 0.076237 0.040462
0.821105 0.416163 0.062332 0.047695
0.267497 0.598393 0.082381 0.050160
0.377369 0.611943 0.068395 0.051656
0.268844 0.685597 0.063835 0.031910
0.483246 0.857924 0.094987 0.056381
0.707075 0.122090 0.066854 0.063289
0.252844 0.163693 0.068030 0.048718
0.377237 0.819334 0.075200 0.056035
0.596677 0.114075 0.086647 0.041733
0.053220 0.474748 0.069376 0.035993
0.374245 0.455554 0.053915 0.050846
0.376073 0.766258 0.064436 0.050411
0.705932 0.060694 0.059991 0.055227
0.480586 0.548143 0.063949 0.044158
0.826055 0.910737 0.080588 0.051695
0.702557 0.251672 0.066438 0.058911
0.819907 0.058047 0.052345 0.053067
0.053592 0.170979 0.050125 0.048473
0.259407 0.216077 0.061480 0.052372
0.930329 0.275702 0.063327 0.034649
