0.720289 0.285283 0.074520 0.045629
0.507793 0.624923 0.064633 0.039151
0.065801 0.895782 0.072003 0.039484
0.716053 0.482955 0.073585 0.042403
0.402649 0.933316 0.072858 0.041273
0.507066 0.709995 0.066226 0.038796
0.516716 0.969909 0.075558 0.039935
0.719861 0.861858 0.067194 0.040647
0.828697 0.279536 0.068328 0.042321
0.718218 0.405230 0.075263 0.040449
0.617567 0.322365 0.061331 0.034190
0.283464 0.257858 0.071632 0.039783
0.827408 0.322946 0.055865 0.037326
0.175410 0.184875 0.057899 0.036493
0.062731 0.335590 0.064248 0.041553
0.499306 0.140120 0.067045 0.036768
0.717272 0.202036 0.060591 0.038809
0.181430 0.760156 0.067410 0.039106
0.175023 0.148121 0.065594 0.035623
0.282982 0.428235 0.068894 0.041058
0.393831 0.311015 0.059753 0.041397
0.290009 0.828426 0.060581 0.039035
0.933207 0.483600 0.067616 0.038798
0.720626 0.903524 0.056982 0.039310
0.174081 0.801138 0.067805 0.036551
0.072864 0.856808 0.063067 0.035202
0.177317 0.650019 0.054389 0.039909
0.301037 0.597011 0.073417 0.045655
0.282786 0.868757 0.055939 0.039231
0.400979 0.539220 0.076709 0.038529
0.935923 0.116687 0.062650 0.036324
0.617525 0.284433 0.053520 0.036139
0.934845 0.261850 0.057384 0.042539
0.394292 0.197885 0.055565 0.038058
0.057673 0.379172 0.070876 0.044616
0.291137 0.549202 0.062396 0.040620
0.178473 0.721595 0.073600 0.036523
0.068808 0.188300 0.057566 0.038217
0.932846 0.700031 0.063706 0.035977
0.607282 0.758941 0.069869 0.042659
0.290295 0.509474 0.064820 0.040886
0.177451 0.568286 0.061089 0.044878
0.506819 0.667947 0.057145 0.042930
0.063857 0.593280 0.059191 0.036523
0.066562 0.820015 0.065216 0.036509
0.175424 0.291557 0.056029 0.045644
0.177996 0.686952 0.058963 0.031867
0.291477 0.715401 0.073085 0.040932
0.928493 0.523087 0.068403 0.039029
0.400640 0.819609 0.078820 0.041650
0.176064 0.337535 0.053937 0.042871
0.606140 0.128477 0.063052 0.042299
0.606210 0.538918 0.063200 0.043244
0.499377 0.465518 0.072978 0.038214
0.172652 0.248717 0.065786 0.038339
0.291517 0.787205 0.059011 0.038302
0.289014 0.191001 0.050117 0.040759
0.292716 0.670784 0.061095 0.044421
0.283362 0.469907 0.060234 0.040161
0.063063 0.708160 0.060055 0.041130
0.393949 0.381984 0.066600 0.042034
0.937740 0.081107 0.058113 0.034187
0.063449 0.970374 0.070647 0.041185
0.826727 0.154260 0.060046 0.041070
0.932882 0.660135 0.071479 0.038048
0.284324 0.904156 0.053415 0.031730
0.173582 0.611518 0.056100 0.035999
0.510769 0.896975 0.067498 0.042813
0.066811 0.780492 0.055962 0.037700
0.174048 0.881718 0.058746 0.047261
0.725224 0.241053 0.066938 0.038358
0.397444 0.459138 0.065088 0.043312
0.936898 0.736544 0.057978 0.036606
0.497763 0.177613 0.064302 0.037471
0.402089 0.779598 0.059953 0.037334
0.286276 0.302926 0.054124 0.046803
0.500481 0.429756 0.050598 0.032336
0.615506 0.358043 0.052494 0.034387
0.502265 0.586253 0.054899 0.037708
0.936002 0.860814 0.063215 0.033023
0.721309 0.818082 0.061138 0.044245
0.398695 0.739664 0.055784 0.039102
0.068383 0.933246 0.064257 0.036092
0.940125 0.184136 0.048476 0.033757
0.394206 0.664752 0.070328 0.041965
0.824495 0.111737 0.054057 0.041273
0.397338 0.234667 0.050847 0.030200
0.063211 0.145836 0.054919 0.043671
0.720840 0.329151 0.053891 0.040587
0.827794 0.361869 0.054694 0.040091
0.174422 0.526452 0.058768 0.036966
0.933879 0.377237 0.046731 0.043071
0.935695 0.560718 0.058564 0.035524
0.714805 0.773123 0.071513 0.046252
0.929623 0.938164 0.074489 0.042396
0.933448 0.221421 0.050806 0.033419
0.934433 0.301503 0.056399 0.037787
0.515418 0.935484 0.057456 0.030358
0.389197 0.035088 0.083237 0.047560
0.931012 0.896790 0.054697 0.036009
0.178533 0.483394 0.057571 0.042665
0.826369 0.400547 0.052281 0.034719
0.287487 0.150762 0.064374 0.036284
0.718584 0.566886 0.054692 0.040284
0.505295 0.823030 0.062693 0.047285
0.172888 0.110522 0.050947 0.039045
0.715997 0.443425 0.059720 0.035645
0.505550 0.749910 0.062719 0.039127
0.399728 0.892441 0.065477 0.040011
0.607693 0.084362 0.058804 0.042892
0.935254 0.338032 0.052515 0.035175
0.056435 0.422636 0.052282 0.039738
0.175518 0.838233 0.054343 0.039607
0.501292 0.544274 0.056757 0.046088
0.827481 0.199058 0.047239 0.043679
0.928657 0.416255 0.066732 0.033252
0.937680 0.823691 0.056817 0.035945
0.063297 0.551418 0.052209 0.045022
0.064031 0.293064 0.052698 0.041160
0.614532 0.496322 0.058352 0.037718
0.616020 0.713940 0.067781 0.040457
0.065029 0.746123 0.063716 0.031442
0.613898 0.619503 0.055842 0.044095
0.063946 0.223837 0.052287 0.027015
0.610812 0.668564 0.056428 0.050404
0.828714 0.071729 0.048344 0.036950
0.398484 0.627185 0.054641 0.030983
0.401900 0.500844 0.070475 0.036043
0.395918 0.346733 0.049324 0.029514
0.398560 0.855954 0.072116 0.032804
0.941318 0.151620 0.043797 0.032073
0.499041 0.289193 0.049654 0.033834
0.717647 0.524228 0.050254 0.039070
0.826560 0.239820 0.047170 0.032942
0.721894 0.365919 0.051378 0.031587
0.503110 0.783388 0.073102 0.029007
0.285299 0.109227 0.064614 0.042650
0.934966 0.780692 0.061395 0.047822
0.709239 0.109410 0.058730 0.041250
0.501990 0.216143 0.058311 0.039662
0.394681 0.269555 0.050003 0.038419
0.058210 0.462785 0.057747 0.042666
0.826932 0.437955 0.048581 0.035662
0.392415 0.702356 0.057893 0.032793
0.608480 0.578823 0.059644 0.038830
0.933003 0.976756 0.062529 0.033872
0.613049 0.212955 0.056706 0.044350
0.400129 0.420595 0.055631 0.035823
0.388756 0.074066 0.059917 0.034188
0.398656 0.969630 0.062761 0.031093
0.065460 0.255517 0.051144 0.032988
0.293094 0.634571 0.055204 0.026821
0.615450 0.941489 0.049624 0.036599
0.397289 0.587215 0.057301 0.050314
0.176135 0.379545 0.057127 0.036640
0.503074 0.397786 0.056348 0.035352
0.607787 0.798570 0.057202 0.039174
0.063620 0.664808 0.046382 0.038782
0.825440 0.475252 0.049567 0.038278
0.397142 0.154703 0.055520 0.045497
0.503755 0.362469 0.047187 0.034917
0.612167 0.169183 0.051811 0.038250
0.394352 0.111568 0.049172 0.041532
0.502077 0.255122 0.043790 0.032073
0.615840 0.871645 0.054063 0.039707
0.163701 0.970340 0.057877 0.036207
0.613645 0.909272 0.051458 0.034542
0.934350 0.624939 0.052520 0.029568
0.062157 0.508321 0.052260 0.041568
0.061740 0.039308 0.058669 0.048459
0.168461 0.927987 0.070891 0.045080
0.062689 0.629923 0.047670 0.029935
0.617257 0.460572 0.048252 0.035440
0.715664 0.943529 0.065167 0.037648
0.496602 0.071161 0.046818 0.036146
0.513536 0.862014 0.059649 0.028669
0.288634 0.936952 0.053527 0.033217
0.608003 0.039175 0.056664 0.045690
0.719192 0.156795 0.057201 0.049177
0.291946 0.224073 0.053925 0.025877
0.827967 0.034280 0.067326 0.030812
0.293397 0.751587 0.055928 0.030801
0.611000 0.834963 0.052767 0.037567
0.176370 0.218256 0.046446 0.026940
0.619459 0.391121 0.045328 0.027806
0.282571 0.068426 0.066092 0.039339
0.938953 0.595050 0.062120 0.028754
0.935562 0.041872 0.051269 0.041300
0.499344 0.103885 0.052444 0.034725
0.065754 0.079236 0.047254 0.029974
0.502167 0.501113 0.056905 0.035493
0.708144 0.070622 0.060075 0.037954
0.167652 0.036167 0.057593 0.040269
0.616015 0.975982 0.064291 0.032918
0.286275 0.393932 0.060849 0.029535
0.714962 0.725982 0.058975 0.045774
0.178027 0.412934 0.051538 0.031115
0.176961 0.444639 0.048257 0.036357
0.934483 0.447344 0.046474 0.031351
0.718422 0.684393 0.047904 0.036741
0.497333 0.033824 0.047397 0.037449
0.061094 0.108151 0.048850 0.028492
0.168418 0.073808 0.050582 0.035293
0.617584 0.248550 0.049952 0.028520
0.618241 0.425213 0.058143 0.034307
0.278288 0.032198 0.063100 0.039374
0.718659 0.610020 0.042023 0.044971
0.714879 0.650074 0.055961 0.034880
0.284272 0.348459 0.054782 0.040040
0.719426 0.975146 0.056806 0.032351
0.283965 0.967831 0.066239 0.032926
0.714901 0.033344 0.040587 0.037180
0.499134 0.324592 0.065550 0.038892
