0.061317 0.322588 0.065399 0.039883
0.407366 0.687202 0.063973 0.040194
0.505161 0.579789 0.059002 0.038714
0.630100 0.810162 0.061221 0.037895
0.061337 0.508330 0.065529 0.036849
0.523746 0.927624 0.054240 0.037880
0.739332 0.915137 0.077751 0.039149
0.394851 0.532701 0.060792 0.035445
0.622267 0.168281 0.076775 0.042073
0.623598 0.290089 0.060825 0.046170
0.180349 0.450968 0.069503 0.042236
0.285768 0.722418 0.074818 0.035813
0.822537 0.069802 0.073492 0.042219
0.294448 0.760105 0.066531 0.037001
0.394324 0.490187 0.056676 0.040383
0.399355 0.369863 0.063490 0.040847
0.517450 0.852960 0.058411 0.031946
0.067823 0.240864 0.056874 0.041587
0.523834 0.888554 0.061724 0.036603
0.953070 0.879395 0.062847 0.036764
0.417058 0.840007 0.069694 0.040063
0.622222 0.694135 0.066816 0.043631
0.407605 0.642904 0.057474 0.040081
0.513655 0.690175 0.075482 0.042415
0.180441 0.499736 0.064341 0.050421
0.074344 0.907638 0.070022 0.039418
0.182588 0.546935 0.060222 0.040280
0.168257 0.633904 0.076371 0.042623
0.061380 0.464285 0.064831 0.043998
0.397389 0.572974 0.054750 0.037124
0.293584 0.887806 0.081915 0.050257
0.829535 0.895555 0.060321 0.041142
0.070871 0.864758 0.054897 0.041968
0.739026 0.873011 0.050847 0.037005
0.627401 0.652545 0.059601 0.037527
0.067456 0.795240 0.060836 0.039027
0.177577 0.406162 0.063373 0.043580
0.626983 0.771241 0.056775 0.037682
0.407857 0.760517 0.059154 0.039173
0.625395 0.208685 0.066630 0.036521
0.288864 0.569015 0.060985 0.046805
0.398841 0.448563 0.051056 0.037551
0.179091 0.787070 0.078598 0.038052
0.497772 0.272144 0.075882 0.042423
0.837421 0.271171 0.060395 0.033433
0.502345 0.318080 0.079178 0.044970
0.508061 0.105701 0.063806 0.040755
0.398658 0.244927 0.073334 0.037355
0.294064 0.799652 0.061209 0.037700
0.623219 0.339728 0.056943 0.048802
0.832274 0.799674 0.065069 0.045269
0.177300 0.746883 0.080823 0.041398
0.280871 0.284280 0.076608 0.048126
0.294531 0.842272 0.058817 0.041909
0.066644 0.196419 0.052035 0.042854
0.066485 0.548506 0.058659 0.037658
0.627511 0.583782 0.066919 0.032603
0.935832 0.127315 0.067832 0.045797
0.625639 0.424067 0.054190 0.039420
0.288212 0.371666 0.055819 0.042454
0.177089 0.075883 0.052397 0.046280
0.831629 0.234772 0.047016 0.036375
0.177459 0.358122 0.058612 0.039045
0.730411 0.303902 0.081580 0.040216
0.515680 0.770171 0.065457 0.038730
0.173817 0.118735 0.057055 0.033077
0.505866 0.193190 0.057665 0.042139
0.826746 0.156554 0.052883 0.039805
0.629413 0.512739 0.057044 0.042208
0.396385 0.284393 0.058066 0.039712
0.635470 0.847759 0.061581 0.035425
0.415750 0.797557 0.060318 0.038210
0.502933 0.233805 0.055410 0.034333
0.948365 0.751425 0.052016 0.038585
0.397841 0.410544 0.050447 0.030842
0.833197 0.846671 0.054935 0.046113
0.949231 0.712706 0.053637 0.034937
0.514879 0.147004 0.058002 0.040926
0.629210 0.551383 0.053016 0.029100
0.836627 0.961251 0.059640 0.033472
0.636303 0.912121 0.057823 0.033277
0.730162 0.418786 0.059586 0.043838
0.068587 0.626611 0.058093 0.038079
0.421028 0.911880 0.060281 0.038388
0.725703 0.149676 0.060950 0.041586
0.171328 0.203490 0.050253 0.032913
0.634173 0.880046 0.052301 0.025222
0.524478 0.963975 0.060823 0.036597
0.828616 0.197521 0.052019 0.035939
0.186889 0.863318 0.062886 0.041582
0.735241 0.647100 0.057440 0.036859
0.286292 0.135645 0.064649 0.037794
0.189534 0.940854 0.066807 0.033709
0.514362 0.731174 0.065607 0.033709
0.068774 0.282612 0.055580 0.036707
0.396072 0.326021 0.051069 0.041326
0.064622 0.586798 0.050613 0.037218
0.940013 0.085877 0.064362 0.037051
0.624656 0.615910 0.057891 0.030676
0.625068 0.246842 0.050412 0.035222
0.624084 0.384741 0.053842 0.039004
0.289323 0.412728 0.060946 0.037739
0.069417 0.754192 0.082498 0.042336
0.726518 0.196194 0.062229 0.048843
0.951845 0.673060 0.051339 0.039123
0.067269 0.368004 0.056889 0.047798
0.180689 0.904964 0.069799 0.040070
0.729871 0.729454 0.054922 0.039161
0.514639 0.472715 0.065445 0.038074
0.286286 0.176158 0.074163 0.037583
0.066400 0.154383 0.054481 0.038877
0.833748 0.613887 0.068018 0.041579
0.293370 0.645968 0.056140 0.042295
0.408307 0.723029 0.052172 0.033011
0.508258 0.432882 0.057484 0.039105
0.620871 0.062368 0.065649 0.040280
0.822952 0.027375 0.054678 0.040361
0.733596 0.460893 0.060440 0.037449
0.837102 0.685891 0.058677 0.038360
0.626821 0.734791 0.048169 0.033595
0.405963 0.606566 0.057487 0.026183
0.173390 0.238200 0.053633 0.033463
0.179105 0.591425 0.056249 0.038990
0.946485 0.520481 0.054455 0.035648
0.177648 0.032102 0.060563 0.036697
0.176975 0.317737 0.055191 0.038196
0.067380 0.415813 0.054864 0.048537
0.511622 0.617167 0.053762 0.032020
0.832763 0.722460 0.053260 0.035551
0.413637 0.877126 0.056448 0.032340
0.950633 0.595065 0.065532 0.038033
0.179377 0.274868 0.060100 0.042998
0.953173 0.842916 0.055996 0.035483
0.288133 0.327941 0.047350 0.036461
0.518985 0.814420 0.056265 0.045937
0.944855 0.295405 0.048591 0.030049
0.836310 0.759150 0.052020 0.036536
0.830224 0.429721 0.058528 0.040957
0.509052 0.508505 0.068237 0.034769
0.512446 0.650334 0.049551 0.032802
0.828651 0.307110 0.067967 0.030961
0.292748 0.685465 0.049407 0.029210
0.730987 0.686903 0.054707 0.041795
0.719451 0.108947 0.062694 0.038717
0.732964 0.611414 0.052660 0.035254
0.942402 0.371724 0.060855 0.043422
0.740423 0.955151 0.060213 0.033366
0.628534 0.467864 0.053141 0.046052
0.835307 0.931435 0.053947 0.024823
0.501453 0.029645 0.085015 0.046409
0.946818 0.329574 0.047771 0.034830
0.285209 0.215041 0.055904 0.036533
0.621740 0.130074 0.056477 0.028923
0.729848 0.767871 0.049249 0.034691
0.945312 0.558269 0.056124 0.037486
0.073210 0.945217 0.046367 0.035008
0.502188 0.395362 0.050474 0.036557
0.297971 0.929857 0.054145 0.035405
0.064870 0.110724 0.048202 0.041565
0.825310 0.113764 0.050956 0.041843
0.948769 0.633834 0.049593 0.038368
0.941105 0.166796 0.062228 0.033607
0.285503 0.524924 0.059668 0.036955
0.073061 0.828582 0.051796 0.028082
0.729034 0.237190 0.058380 0.034498
0.177866 0.674973 0.050394 0.034872
0.173794 0.162245 0.052096 0.049253
0.721988 0.026506 0.050205 0.042462
0.196095 0.973798 0.069841 0.030473
0.938302 0.050522 0.057384 0.028769
0.398127 0.114542 0.056056 0.032869
0.827856 0.390507 0.051601 0.036750
0.403344 0.176420 0.064962 0.038645
0.944302 0.486716 0.050486 0.034866
0.403343 0.210252 0.055216 0.029173
0.727435 0.269153 0.069934 0.026108
0.620712 0.099862 0.063404 0.027435
0.738872 0.838005 0.051538 0.028276
0.182269 0.825578 0.051445 0.034926
0.071743 0.665623 0.045237 0.032514
0.736056 0.499503 0.057884 0.042632
0.941220 0.200876 0.061628 0.032366
0.827537 0.348945 0.051293 0.045055
0.942737 0.236080 0.047252 0.035122
0.954856 0.949499 0.048581 0.037823
0.293568 0.609384 0.055119 0.031070
0.505047 0.357711 0.047715 0.032795
0.721691 0.069801 0.056483 0.039355
0.732892 0.384232 0.049520 0.024366
0.303376 0.963355 0.046753 0.033921
0.954830 0.915807 0.043191 0.028169
0.396661 0.077622 0.051413 0.043282
0.418111 0.948890 0.059098 0.034943
0.183096 0.709241 0.047465 0.029228
0.734107 0.804352 0.040627 0.034042
0.734958 0.350101 0.051395 0.044323
0.068439 0.066312 0.051322 0.044418
0.287315 0.454039 0.045270 0.036407
0.401993 0.143868 0.051619 0.025568
0.288010 0.102823 0.048319 0.024982
0.511397 0.542839 0.046063 0.029584
0.287723 0.489188 0.045981 0.033375
0.835561 0.650093 0.046735 0.031900
0.946654 0.451320 0.043990 0.036561
0.394081 0.031672 0.055527 0.045207
0.945662 0.266324 0.046421 0.024283
0.071265 0.706977 0.054052 0.044677
0.501978 0.069179 0.055402 0.034727
0.612333 0.024813 0.056922 0.034430
0.066336 0.025451 0.057885 0.031668
0.945212 0.412607 0.054383 0.039009
0.833520 0.569752 0.044965 0.042426
0.833956 0.467367 0.059352 0.035841
0.284412 0.034817 0.051405 0.046073
0.732940 0.577076 0.045791 0.036311
0.940086 0.023193 0.053235 0.023719
0.836303 0.530879 0.051809 0.036527
0.075953 0.976945 0.057890 0.028981
0.287557 0.073988 0.053536 0.031975
0.732306 0.540591 0.041488 0.036167
0.833321 0.497103 0.062659 0.032503
0.948777 0.796636 0.061861 0.046148
0.418598 0.977994 0.060968 0.026359
0.292767 0.246175 0.050999 0.024027
0.633433 0.952355 0.042424 0.041335
