0.623334 0.495583 0.060847 0.038836
0.723058 0.278709 0.071705 0.045289
0.504225 0.434600 0.060003 0.038958
0.720677 0.518499 0.071741 0.040083
0.718503 0.324177 0.063171 0.040850
0.721636 0.715057 0.060326 0.040412
0.617991 0.421962 0.061761 0.038592
0.940064 0.698643 0.054382 0.039695
0.719131 0.192977 0.063496 0.038478
0.610998 0.335392 0.053131 0.038739
0.937747 0.777347 0.056990 0.041973
0.831165 0.272462 0.059512 0.039955
0.396602 0.427908 0.060373 0.034834
0.065802 0.446336 0.064813 0.044362
0.505527 0.223365 0.055735 0.039061
0.067086 0.558318 0.056937 0.039527
0.727756 0.108704 0.053108 0.036571
0.943302 0.234215 0.054049 0.029471
0.935112 0.576556 0.059102 0.044681
0.721412 0.233819 0.056693 0.041689
0.396770 0.345425 0.057123 0.048267
0.621827 0.535517 0.055058 0.039855
0.936821 0.737962 0.061819 0.033404
0.507821 0.834108 0.066154 0.043611
0.504810 0.363370 0.058801 0.040299
0.402348 0.258514 0.067298 0.041867
0.720718 0.599272 0.061599 0.042610
0.722049 0.407592 0.086741 0.042105
0.724769 0.150462 0.058803 0.045013
0.720285 0.640735 0.068332 0.039367
0.944853 0.194319 0.060215 0.044966
0.074490 0.330299 0.061428 0.033929
0.400166 0.172694 0.054052 0.035860
0.181508 0.218113 0.064309 0.035219
0.295808 0.414637 0.057409 0.041772
0.934671 0.476895 0.058975 0.044131
0.396779 0.388642 0.050511 0.040674
0.725228 0.069257 0.054363 0.040107
0.620737 0.872174 0.056957 0.034245
0.065285 0.517191 0.054351 0.042821
0.182541 0.588782 0.059328 0.033573
0.615325 0.185041 0.056269 0.037539
0.073345 0.629069 0.049002 0.032058
0.067046 0.367445 0.055972 0.037512
0.834357 0.227022 0.045112 0.041107
0.723241 0.904173 0.054759 0.042410
0.293676 0.531147 0.059871 0.032689
0.512707 0.671507 0.052009 0.040959
0.180638 0.552957 0.050925 0.036449
0.068320 0.853560 0.050256 0.037169
0.616224 0.458355 0.049897 0.032491
0.723005 0.364715 0.062934 0.038682
0.071799 0.595697 0.051915 0.036865
0.173382 0.407482 0.062472 0.036234
0.721782 0.559073 0.050420 0.035525
0.827989 0.479606 0.061722 0.042028
0.176985 0.515166 0.055609 0.037083
0.503885 0.187033 0.061733 0.030663
0.942290 0.623232 0.056770 0.042563
0.176181 0.790934 0.055997 0.038138
0.509071 0.473274 0.048668 0.034853
0.935248 0.526343 0.052093 0.049647
0.721918 0.970782 0.060274 0.035993
0.944709 0.433348 0.060291 0.036202
0.944141 0.309698 0.056295 0.029891
0.398147 0.069487 0.050630 0.033290
0.717107 0.791611 0.061029 0.039314
0.396321 0.103301 0.073970 0.032822
0.935040 0.851015 0.057916 0.037623
0.179314 0.181855 0.051767 0.035730
0.398112 0.301039 0.053416 0.035638
0.609421 0.379358 0.052770 0.040766
0.510243 0.151058 0.052605 0.041441
0.944774 0.662386 0.061663 0.029734
0.723584 0.031025 0.062779 0.034592
0.722382 0.863772 0.055933 0.036940
0.945781 0.341469 0.050516 0.032135
0.289465 0.155984 0.045313 0.035903
0.072921 0.254306 0.050034 0.041611
0.183385 0.624085 0.050924 0.032600
0.181967 0.288125 0.054692 0.033525
0.511019 0.069247 0.054029 0.044252
0.514354 0.577044 0.051491 0.043448
0.506816 0.625591 0.057348 0.045635
0.399770 0.216277 0.057799 0.045308
0.942132 0.270721 0.049965 0.036169
0.178566 0.328169 0.051723 0.042073
0.514019 0.909827 0.052222 0.037562
0.832855 0.602611 0.067369 0.038113
0.727921 0.676161 0.058624 0.033731
0.184455 0.654774 0.062155 0.030530
0.516287 0.754295 0.050954 0.038067
0.512773 0.873570 0.053875 0.035507
0.826158 0.557939 0.062474 0.044615
0.623156 0.635398 0.063908 0.036627
0.730879 0.448166 0.053977 0.038463
0.726269 0.826234 0.061463 0.036229
0.174852 0.476852 0.069114 0.039034
0.069624 0.889546 0.051392 0.033374
0.943733 0.124061 0.051353 0.041565
0.299931 0.670209 0.051510 0.035039
0.297286 0.744419 0.059728 0.046196
0.392738 0.031811 0.058511 0.038796
0.070525 0.745802 0.056422 0.034149
0.828502 0.040505 0.069963 0.049829
0.507280 0.318385 0.052078 0.044431
0.070056 0.405044 0.049594 0.035571
0.184234 0.688909 0.048311 0.034918
0.827289 0.156459 0.047474 0.026235
0.288122 0.190492 0.050112 0.030852
0.290086 0.319590 0.044505 0.033072
0.070291 0.210802 0.050917 0.045532
0.291580 0.818542 0.077207 0.040452
0.615113 0.785109 0.055740 0.041196
0.624194 0.602746 0.059841 0.030917
0.728918 0.483820 0.049145 0.030381
0.178652 0.439864 0.054191 0.033804
0.503958 0.270676 0.053910 0.047459
0.939656 0.081118 0.049645 0.043831
0.831289 0.312169 0.048405 0.037449
0.297412 0.603417 0.052885 0.036824
0.177763 0.859446 0.058205 0.027985
0.177383 0.825725 0.065251 0.034316
0.180975 0.923696 0.049834 0.034884
0.940366 0.037097 0.053388 0.041735
0.075385 0.660112 0.057985 0.029741
0.931658 0.960092 0.082947 0.039989
0.831749 0.187389 0.050685 0.032842
0.511046 0.109589 0.048263 0.035195
0.929218 0.890832 0.073813 0.039956
0.072720 0.293333 0.049179 0.035522
0.613907 0.225924 0.053362 0.042305
0.724421 0.939214 0.057057 0.030511
0.294293 0.566986 0.050872 0.035408
0.516597 0.792728 0.046076 0.033607
0.937259 0.815456 0.050763 0.031473
0.181026 0.253783 0.046377 0.034846
0.294049 0.495729 0.045971 0.033594
0.291055 0.277890 0.046981 0.043671
0.614080 0.064845 0.045982 0.043283
0.072606 0.961516 0.057298 0.037780
0.295982 0.702929 0.054925 0.033286
0.300669 0.637500 0.061229 0.026523
0.827594 0.126531 0.044725 0.030381
0.069244 0.034780 0.051992 0.037274
0.513178 0.713274 0.050411 0.042474
0.612911 0.297772 0.047820 0.029926
0.178905 0.369271 0.046387 0.037489
0.398899 0.464924 0.046911 0.034412
0.621040 0.569704 0.057885 0.032564
0.396979 0.540279 0.050616 0.038070
0.616805 0.830050 0.056471 0.048371
0.826056 0.088762 0.046846 0.040348
0.070402 0.812987 0.048828 0.042544
0.177101 0.890650 0.050705 0.034889
0.505848 0.398079 0.045696 0.028351
0.943735 0.160043 0.048368 0.024396
0.611843 0.264524 0.044575 0.036592
0.405511 0.730551 0.056483 0.034625
0.402194 0.503723 0.052552 0.038744
0.619295 0.908067 0.046405 0.032685
0.181647 0.141638 0.050152 0.042746
0.069271 0.132920 0.063638 0.048991
0.400628 0.581236 0.051776 0.043452
0.406066 0.957124 0.046169 0.043896
0.066940 0.481345 0.058398 0.027585
0.400819 0.135967 0.059542 0.026936
0.403579 0.868785 0.053615 0.046023
0.510083 0.507339 0.050065 0.032064
0.722855 0.754305 0.046029 0.036960
0.293025 0.903320 0.053577 0.038497
0.296887 0.972612 0.046815 0.034977
0.286793 0.116296 0.049106 0.042435
0.296253 0.457458 0.047410 0.039224
0.827820 0.641327 0.049100 0.034234
0.070189 0.080831 0.058560 0.049198
0.283890 0.075640 0.047983 0.030222
0.184433 0.722287 0.041073 0.031997
0.178937 0.754485 0.042836 0.030959
0.511824 0.953583 0.058081 0.052612
0.400577 0.656421 0.041430 0.032592
0.297017 0.859633 0.053182 0.041036
0.509428 0.028958 0.055650 0.033014
0.069129 0.777494 0.044242 0.025432
0.832648 0.347138 0.045455 0.028377
0.835202 0.435945 0.044355 0.035965
0.407689 0.911837 0.050994 0.042224
0.615209 0.708182 0.048839 0.046326
0.826398 0.673687 0.051363 0.034854
0.617302 0.667664 0.049348 0.035358
0.073602 0.924112 0.060732 0.037612
0.401936 0.692914 0.048694 0.039568
0.516044 0.537222 0.051749 0.028123
0.617281 0.944460 0.064514 0.038006
0.612355 0.028449 0.050523 0.029648
0.946834 0.387668 0.059256 0.052398
0.401244 0.620771 0.042855 0.035122
0.071109 0.173481 0.052153 0.028598
0.291164 0.351843 0.052764 0.030471
0.612755 0.102848 0.064928 0.034449
0.297785 0.783795 0.057359 0.031499
0.290341 0.231077 0.053416 0.050011
0.830436 0.520491 0.054482 0.029060
0.406087 0.774464 0.063791 0.051553
0.066784 0.705086 0.054670 0.048086
0.291129 0.377155 0.042255 0.028297
0.935109 0.924750 0.058238 0.032866
0.829384 0.389786 0.079343 0.053115
0.176865 0.102957 0.052432 0.030726
0.295131 0.937547 0.049252 0.034889
0.614965 0.748826 0.042595 0.029023
0.282976 0.029020 0.049258 0.032567
0.181702 0.959842 0.047922 0.038228
0.618764 0.143041 0.065920 0.046443
0.405095 0.823046 0.045325 0.039370
0.176799 0.073637 0.042392 0.027973
0.283884 0.045666 0.047838 0.030613
0.623589 0.975940 0.053727 0.032743
