0.821563 0.681480 0.081017 0.049095
0.277721 0.291056 0.086820 0.048316
0.484479 0.793681 0.075186 0.052518
0.706277 0.850061 0.093040 0.052212
0.280892 0.181173 0.076430 0.054192
0.937548 0.292483 0.082317 0.053982
0.717385 0.271018 0.079256 0.043691
0.065896 0.479849 0.078305 0.049550
0.061151 0.903742 0.080213 0.049727
0.488842 0.689681 0.077335 0.049860
0.930396 0.399960 0.071730 0.048230
0.825102 0.627162 0.083098 0.049189
0.177963 0.115501 0.086509 0.047217
0.497853 0.341642 0.075968 0.054855
0.925184 0.628347 0.087080 0.059994
0.815464 0.791275 0.085406 0.044223
0.489002 0.633655 0.090915 0.053294
0.928981 0.236393 0.092213 0.052196
0.823799 0.397347 0.086119 0.055948
0.599028 0.767267 0.079986 0.046605
0.922288 0.793585 0.072797 0.048078
0.599395 0.552776 0.080120 0.042305
0.175302 0.168327 0.077621 0.046842
0.703950 0.743919 0.081169 0.042631
0.066139 0.532748 0.073327 0.051634
0.705856 0.796260 0.075096 0.047148
0.604133 0.717994 0.074398 0.048016
0.599361 0.499282 0.084955 0.053878
0.272974 0.504539 0.082560 0.045313
0.484371 0.850683 0.090630 0.054617
0.822779 0.571497 0.088094 0.052584
0.591160 0.913385 0.086444 0.041348
0.710921 0.902733 0.077081 0.048695
0.486680 0.742105 0.080414 0.044146
0.604156 0.383237 0.074217 0.048782
0.714203 0.118190 0.079827 0.050901
0.279466 0.124387 0.080051 0.053955
0.171192 0.330268 0.070679 0.044542
0.712522 0.378717 0.093251 0.059255
0.174661 0.868299 0.071078 0.047515
0.388356 0.465433 0.070736 0.048174
0.075293 0.248734 0.078709 0.053166
0.929147 0.844750 0.078724 0.048300
0.926321 0.181753 0.101055 0.052257
0.379402 0.631189 0.084033 0.045394
0.270150 0.598036 0.080247 0.040906
0.920302 0.893665 0.068574 0.043965
0.169901 0.279996 0.070048 0.048460
0.387876 0.896744 0.069960 0.043671
0.279436 0.888485 0.078233 0.049148
0.497194 0.116743 0.088887 0.055450
0.390351 0.406358 0.079403 0.053346
0.173282 0.918449 0.079821 0.045974
0.813088 0.838254 0.089535 0.041363
0.387532 0.348357 0.071717 0.048617
0.715686 0.324389 0.078048 0.050225
0.172909 0.553986 0.070460 0.047740
0.174334 0.443099 0.077309 0.050572
0.166767 0.966777 0.071341 0.048398
0.928272 0.454328 0.072062 0.050433
0.819989 0.740212 0.078654 0.055962
0.282874 0.453404 0.070728 0.044049
0.271590 0.688441 0.080194 0.046750
0.275372 0.342428 0.080159 0.044257
0.175243 0.226337 0.065460 0.052244
0.064606 0.123162 0.077602 0.057081
0.598176 0.963015 0.083803 0.048155
0.067267 0.589015 0.065012 0.051347
0.274136 0.552764 0.067371 0.040429
0.495886 0.519044 0.071613 0.052454
0.172115 0.384751 0.076397 0.054578
0.384063 0.516713 0.088687 0.042744
0.279066 0.237917 0.074278 0.053951
0.708044 0.693291 0.079758 0.046913
0.384891 0.228270 0.077818 0.052173
0.922913 0.513345 0.085791 0.055072
0.706322 0.959533 0.107829 0.055583
0.282787 0.398472 0.066242 0.054021
0.385586 0.848866 0.073992 0.044862
0.393151 0.116450 0.071072 0.051311
0.168744 0.715066 0.069641 0.049651
0.926649 0.685248 0.072730 0.047673
0.390076 0.061599 0.076490 0.053640
0.386455 0.169436 0.073721 0.046000
0.923479 0.738596 0.061486 0.050447
0.499429 0.288697 0.087474 0.050539
0.380385 0.793707 0.075030 0.049653
0.278543 0.838556 0.080108 0.043303
0.603636 0.116609 0.080738 0.045738
0.171625 0.061740 0.082016 0.056486
0.818569 0.515081 0.094153 0.055154
0.938292 0.064531 0.092377 0.058517
0.928642 0.127127 0.080249 0.057044
0.177719 0.502242 0.081517 0.053270
0.491147 0.904593 0.078334 0.045772
0.601440 0.813324 0.079562 0.043031
0.167846 0.770386 0.065356 0.049319
0.277580 0.789009 0.072689 0.043110
0.830412 0.067408 0.080255 0.055737
0.714818 0.592390 0.070694 0.048571
0.712053 0.644177 0.071571 0.045337
0.174834 0.819652 0.084310 0.041017
0.594196 0.864420 0.075467 0.049672
0.061748 0.641394 0.066061 0.045098
0.710374 0.062205 0.074912 0.052296
0.824673 0.342032 0.071206 0.052597
0.065862 0.962761 0.083450 0.053318
0.926764 0.570254 0.061867 0.049999
0.071550 0.300082 0.070680 0.040795
0.819492 0.968876 0.063907 0.043045
0.171320 0.605993 0.068583 0.043902
0.931404 0.346468 0.064041 0.047090
0.819096 0.930707 0.063102 0.035683
0.711754 0.540161 0.075656 0.049639
0.170886 0.657461 0.079226 0.047258
0.488823 0.578379 0.074656 0.055974
0.383190 0.287135 0.073129 0.060915
0.489309 0.959354 0.082243 0.051837
0.816439 0.888511 0.067237 0.044970
0.829176 0.122591 0.070024 0.049795
0.381021 0.681879 0.062519 0.051031
0.066289 0.430510 0.065485 0.045550
0.066368 0.061034 0.067103 0.054038
0.608334 0.063053 0.068682 0.053984
0.599929 0.331026 0.073958 0.052156
0.069387 0.187089 0.064360 0.060444
0.495412 0.396988 0.064897 0.049421
0.500190 0.170040 0.082855 0.044645
0.062937 0.852652 0.073453 0.044296
0.818497 0.456417 0.078835 0.056698
0.495062 0.458850 0.079514 0.059606
0.920585 0.937565 0.065397 0.040877
0.062818 0.698006 0.073275 0.057066
0.061734 0.752708 0.056534 0.040080
0.379292 0.736668 0.061521 0.050685
0.713392 0.438159 0.064388 0.052385
0.717183 0.223002 0.066263 0.049720
0.499708 0.060072 0.066803 0.051976
0.282275 0.064698 0.090731 0.057150
0.927461 0.973210 0.074141 0.036000
0.273860 0.643506 0.068382 0.032028
0.826152 0.222723 0.077742 0.055850
0.602220 0.607859 0.064365 0.058502
0.606908 0.162487 0.071653 0.042853
0.386365 0.577397 0.089115 0.052800
0.599658 0.438415 0.058647 0.053758
0.278766 0.741493 0.048648 0.045154
0.715076 0.171552 0.050181 0.047092
0.068784 0.348338 0.070016 0.044955
0.713312 0.489295 0.052886 0.041634
0.380304 0.957286 0.072665 0.056957
0.825708 0.171176 0.056518 0.041172
0.821677 0.283224 0.064768 0.060598
0.500781 0.229585 0.083393 0.060350
0.277490 0.934839 0.061037 0.042639
0.604793 0.218251 0.065613 0.058981
0.600903 0.667850 0.057753 0.045640
0.607192 0.282302 0.058225 0.040892
0.070441 0.383665 0.068630 0.042104
0.275524 0.967382 0.096056 0.041473
0.063259 0.800465 0.065540 0.047773
