0.505405 0.581991 0.057452 0.035906
0.947718 0.621992 0.061789 0.038555
0.392745 0.494946 0.058811 0.037350
0.949259 0.869691 0.066009 0.039128
0.831153 0.529211 0.055788 0.040300
0.624382 0.651159 0.076021 0.041938
0.058085 0.192004 0.054876 0.041499
0.393424 0.452416 0.058226 0.042842
0.833531 0.572487 0.050782 0.039238
0.946937 0.194544 0.059155 0.037572
0.285218 0.941535 0.061750 0.037440
0.832121 0.860138 0.056934 0.038703
0.627737 0.609267 0.055182 0.041389
0.285220 0.255546 0.067525 0.049411
0.625838 0.380044 0.072199 0.042156
0.737340 0.746393 0.055458 0.041182
0.504699 0.621721 0.057653 0.041143
0.060963 0.757415 0.070356 0.037964
0.943491 0.414660 0.057061 0.035339
0.625600 0.698847 0.065621 0.047176
0.282722 0.903457 0.056827 0.037746
0.406057 0.935973 0.063328 0.034631
0.057009 0.152183 0.060447 0.037714
0.945648 0.826385 0.057877 0.043244
0.730675 0.338551 0.057520 0.042001
0.510764 0.860922 0.061975 0.040100
0.736754 0.831487 0.053886 0.038401
0.059192 0.234705 0.055926 0.044103
0.628609 0.534299 0.053106 0.035389
0.618812 0.746032 0.060872 0.042424
0.404755 0.902519 0.053292 0.032095
0.946676 0.663285 0.055494 0.038037
0.509178 0.777743 0.053365 0.038964
0.950192 0.909144 0.051229 0.035513
0.625409 0.497870 0.050978 0.032761
0.623331 0.292711 0.057705 0.041157
0.949110 0.705214 0.056853 0.041435
0.734379 0.788937 0.058656 0.037690
0.953038 0.259600 0.059409 0.037944
0.943381 0.456472 0.051716 0.038933
0.608455 0.106301 0.070482 0.044186
0.059709 0.718772 0.056146 0.035827
0.624307 0.423239 0.061930 0.043137
0.395304 0.716416 0.055568 0.040681
0.944457 0.156237 0.049064 0.031322
0.175728 0.715816 0.057709 0.040707
0.833729 0.612260 0.057403 0.038782
0.504797 0.819884 0.051713 0.040423
0.620851 0.216339 0.053968 0.039908
0.943011 0.378478 0.059746 0.034843
0.061633 0.320651 0.053918 0.044807
0.284009 0.303347 0.073849 0.045689
0.511446 0.739509 0.055764 0.036519
0.945842 0.535478 0.054243 0.041960
0.942521 0.494669 0.048419 0.033891
0.729947 0.182424 0.058757 0.041028
0.736872 0.670040 0.057868 0.033825
0.174920 0.673885 0.052841 0.040972
0.955560 0.943726 0.062494 0.035186
0.059371 0.277771 0.054202 0.040563
0.513708 0.939137 0.051267 0.041849
0.505525 0.662005 0.050628 0.038776
0.941473 0.303629 0.050941 0.040357
0.506662 0.547248 0.052787 0.035078
0.510970 0.899878 0.053586 0.033374
0.504415 0.509051 0.053121 0.037386
0.628209 0.253282 0.073207 0.030596
0.507410 0.701400 0.050879 0.039070
0.625929 0.569640 0.053484 0.035169
0.284045 0.863487 0.066375 0.040894
0.395641 0.532181 0.053511 0.034878
0.285871 0.061602 0.058932 0.033164
0.944938 0.578871 0.053957 0.042014
0.612800 0.028547 0.071363 0.035074
0.062060 0.360979 0.055409 0.038838
0.402726 0.867439 0.051306 0.035022
0.072930 0.963976 0.074000 0.034488
0.833706 0.817951 0.047001 0.039115
0.729612 0.059305 0.057947 0.033250
0.281211 0.975980 0.064031 0.033265
0.734273 0.867676 0.044754 0.032194
0.066150 0.882054 0.054738 0.044146
0.623312 0.463052 0.057926 0.035582
0.059668 0.077413 0.063160 0.037598
0.946627 0.746237 0.047137 0.036753
0.836752 0.418267 0.048475 0.030278
0.620052 0.337251 0.061670 0.044282
0.827241 0.069894 0.054792 0.047391
0.277451 0.757495 0.060599 0.040375
0.398797 0.764098 0.059654 0.045566
0.727370 0.094037 0.052061 0.034315
0.824944 0.656431 0.078057 0.044687
0.731959 0.629727 0.051924 0.038083
0.732333 0.500255 0.047182 0.030555
0.734109 0.706809 0.044171 0.035929
0.728131 0.297489 0.053049 0.036019
0.831744 0.733005 0.054965 0.040878
0.169605 0.465132 0.056439 0.034126
0.066772 0.796132 0.057419 0.040044
0.412288 0.970218 0.050891 0.033120
0.941522 0.342113 0.052325 0.028832
0.398166 0.805909 0.054251 0.030524
0.288433 0.027045 0.065417 0.030913
0.176159 0.607712 0.051785 0.033791
0.613623 0.064715 0.049957 0.033963
0.166867 0.429239 0.045454 0.038622
0.389914 0.321881 0.067900 0.045953
0.833662 0.455524 0.054068 0.043391
0.831358 0.492353 0.059855 0.028010
0.728993 0.024103 0.062153 0.031638
0.617516 0.181047 0.050244 0.026335
0.166635 0.394040 0.049642 0.033648
0.277648 0.824130 0.076230 0.035253
0.950019 0.226372 0.049588 0.025011
0.063343 0.837570 0.063771 0.044752
0.394193 0.566433 0.051439 0.033938
0.164229 0.315425 0.054929 0.040583
0.394009 0.406895 0.050757 0.046641
0.068011 0.924283 0.056811 0.041964
0.282800 0.401124 0.058370 0.048430
0.730224 0.564574 0.047312 0.040966
0.293598 0.174889 0.060255 0.037338
0.940822 0.118440 0.048720 0.041920
0.946422 0.783795 0.044611 0.036258
0.170289 0.147368 0.056811 0.038007
0.064233 0.443655 0.052766 0.038227
0.284487 0.099035 0.057131 0.042248
0.730007 0.378439 0.054515 0.035693
0.733617 0.970574 0.049884 0.032537
0.729055 0.136040 0.054444 0.045817
0.058698 0.642551 0.052284 0.036206
0.724829 0.260545 0.047969 0.033298
0.287300 0.212469 0.050202 0.036088
0.828085 0.026642 0.055603 0.035138
0.619969 0.786777 0.055043 0.038428
0.061849 0.112191 0.051946 0.037138
0.939875 0.076889 0.046466 0.037236
0.734251 0.937247 0.046612 0.035076
0.167621 0.833314 0.058029 0.039401
0.615967 0.150265 0.060798 0.033335
0.403047 0.835487 0.047017 0.027188
0.282115 0.447124 0.051136 0.037955
0.835402 0.777758 0.047562 0.039684
0.283108 0.352306 0.059735 0.046922
0.728785 0.223609 0.043559 0.037594
0.282198 0.791551 0.046236 0.024400
0.379389 0.143559 0.065379 0.047907
0.061433 0.033969 0.053153 0.045380
0.732916 0.529990 0.041902 0.023849
0.058404 0.680433 0.048622 0.039439
0.284981 0.570400 0.053674 0.042687
0.396544 0.602923 0.048550 0.040030
0.494874 0.127946 0.044284 0.036158
0.278578 0.717990 0.052346 0.039077
0.840059 0.274537 0.069951 0.036482
0.171606 0.795209 0.045979 0.034857
0.395258 0.646295 0.051036 0.043399
0.167925 0.109547 0.040723 0.033203
0.831605 0.695548 0.060279 0.024553
0.732649 0.414867 0.051566 0.034695
0.175728 0.638793 0.048768 0.028277
0.397342 0.682267 0.044523 0.029007
0.838606 0.313635 0.057057 0.035561
0.831909 0.896866 0.045369 0.027767
0.167317 0.356820 0.049810 0.040806
0.497362 0.166875 0.053846 0.039524
0.169452 0.185426 0.051246 0.040755
0.391735 0.362757 0.057672 0.038052
0.499451 0.208673 0.044138 0.036069
0.287162 0.137750 0.060697 0.038330
0.835039 0.964293 0.044982 0.038865
0.064823 0.479996 0.043288 0.037681
0.833472 0.238930 0.048918 0.033429
0.383101 0.028665 0.055073 0.029358
0.281184 0.682535 0.045992 0.031951
0.835485 0.386275 0.042581 0.032764
0.065389 0.513296 0.054279 0.026317
0.617470 0.912029 0.065490 0.034525
0.829678 0.117570 0.054407 0.043504
0.834794 0.926260 0.047458 0.030784
0.173084 0.870008 0.046943 0.034768
0.939718 0.034649 0.049569 0.040300
0.834588 0.351925 0.044370 0.036962
0.735906 0.900933 0.061771 0.036105
0.385005 0.061128 0.045662 0.031033
0.066127 0.401568 0.059260 0.043547
0.280172 0.612356 0.055917 0.042345
0.170826 0.505630 0.063449 0.044106
0.281266 0.487299 0.055335 0.043612
0.625132 0.954310 0.057660 0.045854
0.057181 0.604152 0.048382 0.040154
0.173580 0.756636 0.043541 0.034832
0.831378 0.201574 0.042183 0.037528
0.177696 0.900603 0.052447 0.025097
0.166270 0.274485 0.044665 0.036978
0.951121 0.974269 0.044819 0.025185
0.736742 0.598927 0.047708 0.024424
0.276167 0.528377 0.053587 0.039400
0.519392 0.973890 0.072517 0.028983
0.174371 0.571389 0.049588 0.039957
0.169190 0.231133 0.049187 0.044131
0.389339 0.190723 0.068702 0.042878
0.161563 0.033729 0.052774 0.040991
0.731525 0.458258 0.046691 0.048230
0.507103 0.374440 0.050684 0.028543
0.616720 0.867763 0.056121 0.046507
0.178037 0.930419 0.059368 0.037550
0.618108 0.824466 0.051872 0.037399
0.504946 0.338151 0.045198 0.040891
0.506379 0.453308 0.048147 0.044823
0.178305 0.968206 0.074261 0.041198
0.063083 0.553099 0.065282 0.049051
0.166842 0.073702 0.039391 0.036176
0.495347 0.091098 0.046363 0.034349
0.498293 0.252163 0.044273 0.039778
0.829102 0.162784 0.045047 0.033562
0.382649 0.102221 0.054064 0.030740
0.502814 0.293350 0.049607 0.041094
0.282204 0.649308 0.043435 0.034320
0.503817 0.411314 0.053434 0.032187
0.171401 0.542163 0.053255 0.031493
0.393467 0.275666 0.077474 0.049492
0.506767 0.472270 0.049113 0.033604
0.387677 0.232539 0.055411 0.040658
0.499990 0.030845 0.041681 0.033452
0.603036 0.004605 0.062058 0.008365
