0.837239 0.542963 0.076939 0.056248
0.837279 0.486739 0.082639 0.052723
0.615587 0.543743 0.084153 0.050918
0.391184 0.319390 0.070588 0.054334
0.282304 0.391206 0.075046 0.051957
0.834957 0.429938 0.082814 0.053188
0.066371 0.554151 0.093162 0.059920
0.064116 0.207213 0.080936 0.043179
0.608558 0.153936 0.083929 0.051849
0.832001 0.601255 0.078535 0.056590
0.279482 0.335554 0.077800 0.053643
0.285377 0.787710 0.081879 0.055400
0.621656 0.643186 0.088960 0.053558
0.834040 0.902448 0.076943 0.047443
0.069684 0.613553 0.083964 0.054326
0.616814 0.427751 0.074143 0.058360
0.617211 0.369934 0.085050 0.048057
0.837983 0.268021 0.075696 0.062041
0.169761 0.316718 0.083440 0.047050
0.075521 0.879661 0.074671 0.052467
0.729929 0.275944 0.076837 0.046818
0.061593 0.368435 0.084095 0.048626
0.497946 0.106471 0.073029 0.055032
0.172511 0.425380 0.084197 0.049238
0.727419 0.862298 0.079919 0.048734
0.283898 0.214786 0.076748 0.059472
0.505439 0.965515 0.087489 0.048495
0.939496 0.096728 0.083627 0.042493
0.068243 0.673033 0.079565 0.055989
0.728323 0.754196 0.082588 0.053828
0.719840 0.331704 0.081836 0.053520
0.729636 0.543197 0.069718 0.054505
0.389965 0.260562 0.078841 0.059125
0.063884 0.154969 0.073418 0.050326
0.838240 0.653985 0.071717 0.049890
0.939691 0.699099 0.072955 0.050219
0.935334 0.303724 0.068126 0.060692
0.950176 0.953482 0.081970 0.050741
0.615909 0.487548 0.074426 0.052589
0.282704 0.448765 0.078262 0.052296
0.943352 0.896666 0.070889 0.053465
0.501029 0.334055 0.082681 0.059606
0.382522 0.201275 0.074496 0.050760
0.943539 0.475574 0.077529 0.052039
0.292688 0.730429 0.077209 0.048940
0.935562 0.143819 0.080740 0.045698
0.730468 0.223207 0.072469 0.049555
0.288780 0.678808 0.089094 0.054487
0.290038 0.888505 0.085652 0.042507
0.072097 0.774131 0.089115 0.047915
0.615807 0.253920 0.089771 0.048159
0.943027 0.591111 0.078203 0.053685
0.833111 0.804995 0.070440 0.048680
0.495659 0.759139 0.075038 0.050339
0.492401 0.164906 0.088640 0.048728
0.829452 0.102942 0.077631 0.052565
0.614496 0.102081 0.072860 0.043399
0.282189 0.154370 0.081442 0.052711
0.939509 0.420185 0.066593 0.053464
0.176321 0.263202 0.076350 0.045866
0.067473 0.260652 0.077945 0.046159
0.171842 0.165970 0.067825 0.056146
0.283567 0.621933 0.078222 0.053430
0.929954 0.194988 0.076709 0.054080
0.062235 0.054519 0.076427 0.056909
0.840350 0.207215 0.084817 0.050142
0.834470 0.374753 0.070015 0.049496
0.073033 0.492340 0.076343 0.051726
0.616013 0.693201 0.078837 0.045472
0.387774 0.439205 0.074941 0.054744
0.495541 0.548717 0.075195 0.043016
0.833460 0.155613 0.072631 0.051506
0.839161 0.754866 0.069900 0.046360
0.171884 0.217231 0.070287 0.041933
0.178924 0.840307 0.069798 0.049330
0.935937 0.047194 0.083605 0.053681
0.841436 0.705337 0.079422 0.047650
0.505733 0.861558 0.080753 0.039475
0.503533 0.913990 0.080989 0.050284
0.940386 0.531881 0.069748 0.055811
0.944751 0.844114 0.067297 0.045213
0.934290 0.365070 0.076282 0.053908
0.843008 0.952482 0.065457 0.050345
0.613313 0.962426 0.081889 0.045143
0.830960 0.323940 0.066936 0.044439
0.497730 0.282036 0.073493 0.041353
0.730595 0.433612 0.085683 0.038639
0.729639 0.596166 0.060808 0.043454
0.499442 0.703027 0.075970 0.056123
0.941435 0.646709 0.069677 0.052717
0.186571 0.784191 0.079171 0.050878
0.064403 0.432892 0.070963 0.061937
0.732224 0.486326 0.075948 0.049996
0.731669 0.166072 0.071534 0.047369
0.382958 0.050192 0.076535 0.050686
0.610629 0.809058 0.080919 0.062778
0.725460 0.113172 0.070850 0.056604
0.732473 0.913804 0.072757 0.048232
0.724132 0.962162 0.079993 0.047251
0.501430 0.446333 0.062364 0.047688
0.620218 0.592078 0.076160 0.041863
0.068481 0.826198 0.064272 0.047437
0.938405 0.247638 0.070505 0.040810
0.724907 0.053967 0.072087 0.057021
0.281650 0.562093 0.085978 0.061399
0.724413 0.810423 0.069065 0.051556
0.071219 0.927136 0.091089 0.038899
0.945588 0.791773 0.079759 0.048787
0.183642 0.582508 0.090786 0.048605
0.836777 0.854918 0.061654 0.041857
0.173189 0.053510 0.080526 0.055075
0.173996 0.371641 0.060342 0.053296
0.501395 0.813981 0.060842 0.050540
0.724233 0.703087 0.065658 0.042224
0.292354 0.843474 0.060163 0.045473
0.281972 0.098603 0.072740 0.047699
0.067742 0.103843 0.072375 0.037943
0.178348 0.891923 0.060343 0.050427
0.067301 0.316099 0.059874 0.052120
0.611477 0.051771 0.085607 0.053535
0.615382 0.313114 0.082830 0.060669
0.611703 0.914649 0.072324 0.049438
0.616483 0.205348 0.056977 0.046382
0.389005 0.149843 0.077330 0.045002
0.727267 0.386693 0.063447 0.051946
0.275270 0.276588 0.079602 0.055133
0.281109 0.502468 0.060845 0.048858
0.498009 0.391329 0.077401 0.050716
0.502752 0.051234 0.089913 0.050337
0.174700 0.632812 0.056719 0.046187
0.178191 0.684267 0.056114 0.049462
0.290508 0.929225 0.061012 0.036309
0.174344 0.480921 0.067062 0.052505
0.386672 0.102124 0.060170 0.047046
0.835586 0.047518 0.074105 0.052929
0.501455 0.650504 0.075464 0.039013
0.178312 0.733060 0.052842 0.041573
0.390308 0.377691 0.068520 0.055209
0.180371 0.532044 0.069473 0.042951
0.071437 0.965176 0.093897 0.040389
0.392338 0.501811 0.071736 0.056539
0.612034 0.746474 0.080362 0.054280
0.175222 0.107377 0.055510 0.049888
0.497739 0.599603 0.078760 0.053288
0.070870 0.725496 0.057701 0.045887
0.498469 0.499427 0.065498 0.049480
0.616085 0.866412 0.068449 0.046708
0.724409 0.651617 0.074106 0.058859
0.264187 0.962467 0.039079 0.033572
0.499687 0.225254 0.079536 0.063130
0.310388 0.964380 0.051073 0.038449
0.943124 0.744287 0.055301 0.033482
0.180593 0.942433 0.077963 0.043833
