0.620237 0.217518 0.086624 0.056310
0.396977 0.755774 0.082151 0.051428
0.397949 0.700459 0.073572 0.051055
0.927581 0.276247 0.085825 0.048654
0.832386 0.700487 0.073590 0.047513
0.507478 0.321790 0.083531 0.054286
0.933985 0.605267 0.088184 0.049427
0.399798 0.204852 0.086045 0.052105
0.059569 0.103643 0.075268 0.051460
0.509680 0.381035 0.087037 0.055174
0.722828 0.319511 0.083319 0.055632
0.399065 0.147337 0.085641 0.054971
0.932435 0.388461 0.081280 0.056105
0.718751 0.890408 0.087726 0.044983
0.830102 0.753232 0.073897 0.049902
0.279244 0.856226 0.089565 0.042569
0.065383 0.568314 0.075165 0.044631
0.510024 0.490256 0.075300 0.052155
0.166189 0.781427 0.079484 0.048809
0.065771 0.677045 0.084041 0.050293
0.934215 0.103505 0.075404 0.046861
0.277353 0.904077 0.093747 0.051994
0.284505 0.267837 0.079926 0.049575
0.508815 0.593150 0.085472 0.051035
0.830089 0.426148 0.069237 0.050934
0.614421 0.542598 0.084344 0.048627
0.826569 0.052347 0.076188 0.050801
0.508582 0.105920 0.088562 0.047260
0.281040 0.697008 0.085634 0.051374
0.619862 0.104650 0.073428 0.050648
0.391444 0.483071 0.092768 0.054486
0.507906 0.267898 0.081874 0.044079
0.723181 0.160174 0.071188 0.046966
0.505275 0.956895 0.075102 0.050552
0.727325 0.262999 0.075536 0.053095
0.826894 0.151147 0.084781 0.043422
0.939475 0.706876 0.081588 0.052730
0.389559 0.856102 0.090110 0.047694
0.823340 0.807989 0.090377 0.051987
0.614549 0.437361 0.079081 0.052630
0.617425 0.753605 0.083042 0.052713
0.395389 0.911299 0.084845 0.056660
0.060139 0.158072 0.077615 0.049724
0.618635 0.645216 0.083625 0.056883
0.392652 0.262217 0.072931 0.055964
0.828459 0.542309 0.079748 0.058245
0.280719 0.215006 0.072657 0.042743
0.934916 0.448083 0.082813 0.057418
0.507607 0.696509 0.079023 0.047739
0.931412 0.879951 0.074627 0.050187
0.163734 0.455452 0.077936 0.050052
0.504637 0.854758 0.089027 0.052070
0.619396 0.330771 0.074271 0.050295
0.389950 0.586250 0.089397 0.045263
0.278013 0.959840 0.108330 0.060634
0.827225 0.649546 0.075811 0.049189
0.056006 0.213542 0.078628 0.048326
0.055837 0.421996 0.082017 0.051039
0.388644 0.964460 0.084093 0.049011
0.508443 0.541532 0.076552 0.044300
0.056206 0.368029 0.088361 0.043985
0.612405 0.910330 0.067812 0.053444
0.059307 0.315425 0.075828 0.050955
0.396913 0.428437 0.101965 0.047972
0.281248 0.644299 0.088180 0.045186
0.397799 0.320680 0.079354 0.053096
0.055082 0.891647 0.080382 0.042895
0.165544 0.724783 0.058121 0.050721
0.725235 0.735389 0.084121 0.047464
0.720424 0.050251 0.077155 0.054643
0.167295 0.401482 0.062490 0.051069
0.511441 0.214898 0.070806 0.048335
0.165699 0.668182 0.070078 0.054547
0.510588 0.748260 0.076750 0.044820
0.058507 0.622320 0.088172 0.042166
0.280774 0.485884 0.075926 0.048552
0.280591 0.432827 0.072536 0.056356
0.510756 0.053384 0.076694 0.056618
0.388594 0.378750 0.090397 0.047582
0.721950 0.789443 0.080860 0.049174
0.508281 0.436891 0.076758 0.051379
0.168440 0.180785 0.082932 0.048646
0.271360 0.378715 0.086850 0.044851
0.397414 0.048690 0.087339 0.048276
0.726842 0.470187 0.083653 0.044519
0.398154 0.643997 0.069729 0.053392
0.615293 0.811343 0.073914 0.049496
0.056325 0.473507 0.070528 0.048826
0.615316 0.593705 0.075921 0.044481
0.725269 0.210100 0.069663 0.048828
0.501257 0.908465 0.085654 0.042936
0.273652 0.164829 0.082122 0.046471
0.619745 0.159583 0.066096 0.052376
0.829377 0.203235 0.076078 0.052286
0.055925 0.839580 0.071793 0.052134
0.157891 0.283377 0.086163 0.056456
0.719569 0.684809 0.072825 0.051012
0.277661 0.807257 0.065022 0.051071
0.400967 0.096373 0.085308 0.040079
0.829936 0.372624 0.062628 0.049445
0.717655 0.579098 0.086295 0.052461
0.931912 0.330168 0.063048 0.050464
0.060742 0.521999 0.068396 0.044211
0.275194 0.323550 0.091913 0.056082
0.065020 0.785815 0.079970 0.046274
0.066086 0.053618 0.074364 0.045720
0.508160 0.645104 0.078794 0.043451
0.825192 0.480533 0.061861 0.051391
0.830951 0.859232 0.087578 0.044930
0.281844 0.112324 0.074220 0.056527
0.395152 0.535781 0.083997 0.042750
0.721301 0.107142 0.063791 0.052354
0.286525 0.054796 0.070965 0.052979
0.825199 0.597474 0.073158 0.046911
0.165300 0.510061 0.073440 0.053988
0.055178 0.264010 0.070933 0.037279
0.824035 0.910373 0.066199 0.049112
0.165018 0.345088 0.062674 0.054020
0.169975 0.610335 0.072582 0.044775
0.719240 0.524464 0.079610 0.056694
0.932230 0.941044 0.071325 0.052243
0.937086 0.556397 0.074523 0.040564
0.272502 0.595926 0.070957 0.051684
0.936506 0.220854 0.071514 0.050601
0.061416 0.733483 0.074055 0.053469
0.721935 0.425072 0.064733 0.037786
0.720428 0.630549 0.061053 0.047654
0.506950 0.801041 0.065119 0.053213
0.618713 0.276951 0.058302 0.051780
0.512648 0.161961 0.059097 0.054708
0.934768 0.825846 0.072629 0.051477
0.828541 0.265846 0.055127 0.056561
0.827248 0.958530 0.076224 0.047801
0.615605 0.860092 0.079577 0.041241
0.721236 0.948713 0.093598 0.064088
0.620499 0.491634 0.055324 0.049782
0.720987 0.840531 0.056718 0.048079
0.830374 0.320045 0.056261 0.042654
0.936525 0.505852 0.058504 0.047408
0.173763 0.839619 0.086294 0.054966
0.393608 0.806685 0.051544 0.046058
0.274882 0.540726 0.071412 0.054512
0.164958 0.229680 0.070846 0.039039
0.612128 0.961776 0.068112 0.039408
0.934102 0.052011 0.060738 0.051137
0.273268 0.751455 0.082728 0.054357
0.169215 0.130458 0.068108 0.045451
0.618574 0.050949 0.073665 0.049154
0.621500 0.381955 0.059836 0.047321
0.936215 0.163853 0.065077 0.060258
0.825788 0.104382 0.052292 0.046055
0.932532 0.766715 0.065656 0.059077
0.930603 0.655940 0.055613 0.041320
0.061297 0.935575 0.062911 0.042372
0.615918 0.699675 0.074249 0.052712
0.726831 0.376152 0.073245 0.055306
0.167367 0.561326 0.054027 0.042067
0.058203 0.971291 0.100338 0.039253
