0.505129 0.306463 0.063426 0.037582
0.716172 0.620424 0.066425 0.041350
0.408873 0.876326 0.065191 0.042309
0.509247 0.552063 0.068102 0.043922
0.074061 0.275923 0.071449 0.042308
0.083087 0.452432 0.070028 0.038302
0.298887 0.500730 0.063063 0.038856
0.523996 0.692930 0.062675 0.040245
0.500905 0.470830 0.069818 0.037926
0.828320 0.436081 0.065522 0.035583
0.935734 0.520803 0.070070 0.042264
0.406526 0.954740 0.072493 0.043264
0.396273 0.351202 0.073781 0.045814
0.716017 0.249914 0.065806 0.038661
0.831584 0.700321 0.071469 0.038982
0.715734 0.378483 0.066394 0.039477
0.608507 0.077523 0.075241 0.049666
0.830372 0.230357 0.066760 0.038824
0.083773 0.160684 0.066340 0.033431
0.609731 0.657309 0.075153 0.041889
0.183925 0.082621 0.064330 0.040980
0.076994 0.322222 0.064753 0.044317
0.617872 0.247712 0.061786 0.037266
0.293920 0.259177 0.065756 0.031184
0.607580 0.162857 0.063300 0.036978
0.294887 0.379481 0.057607 0.039449
0.408679 0.915987 0.060483 0.034298
0.721290 0.528904 0.073669 0.043932
0.077849 0.528563 0.077067 0.037603
0.717372 0.576011 0.060805 0.044632
0.610735 0.698705 0.068762 0.036893
0.081598 0.657511 0.064723 0.044495
0.938563 0.477549 0.072793 0.038881
0.610525 0.204238 0.060836 0.044508
0.503937 0.510179 0.057270 0.039042
0.526304 0.648830 0.068639 0.039780
0.621931 0.488545 0.072693 0.039068
0.723986 0.810687 0.068812 0.044082
0.833184 0.396030 0.057424 0.038956
0.084232 0.569494 0.064775 0.040529
0.295292 0.463224 0.060725 0.033345
0.503272 0.429060 0.061820 0.046261
0.078299 0.232757 0.077207 0.041038
0.502091 0.387075 0.064635 0.037249
0.383007 0.078037 0.072537 0.041629
0.299880 0.542167 0.065933 0.041931
0.623239 0.288736 0.055678 0.040483
0.303569 0.587501 0.067849 0.043813
0.193635 0.957925 0.072765 0.046377
0.189122 0.498403 0.054551 0.037460
0.398111 0.275188 0.058965 0.042024
0.719221 0.173583 0.053528 0.038111
0.607931 0.737104 0.055649 0.037350
0.713508 0.072059 0.070734 0.031807
0.724936 0.292033 0.061638 0.047176
0.516706 0.602913 0.065751 0.051791
0.185705 0.458751 0.060176 0.041702
0.408435 0.832197 0.057668 0.042128
0.405379 0.598906 0.068204 0.047875
0.823685 0.116138 0.058044 0.042348
0.925740 0.887274 0.069403 0.034220
0.410080 0.400389 0.066171 0.043295
0.081094 0.368028 0.060946 0.041743
0.293048 0.225446 0.067815 0.035562
0.286552 0.953701 0.065902 0.044121
0.179438 0.710297 0.066199 0.039975
0.921895 0.259462 0.053797 0.038809
0.620121 0.371573 0.062246 0.036538
0.073802 0.852096 0.074274 0.036638
0.827869 0.273786 0.058067 0.042193
0.609146 0.122508 0.072099 0.042604
0.515641 0.735436 0.057628 0.041716
0.186868 0.910069 0.060125 0.044327
0.409194 0.741757 0.063289 0.044209
0.929530 0.802289 0.050756 0.046610
0.393906 0.121402 0.072713 0.041749
0.297655 0.295671 0.060170 0.041815
0.293618 0.188351 0.063318 0.038841
0.830398 0.312201 0.065532 0.030453
0.827683 0.194864 0.059567 0.029474
0.285970 0.910581 0.059887 0.040632
0.830383 0.506276 0.052990 0.042901
0.932711 0.621286 0.056682 0.043184
0.402374 0.646457 0.056633 0.041306
0.933065 0.668437 0.055746 0.039447
0.933925 0.848879 0.056088 0.041419
0.932745 0.570528 0.065162 0.050860
0.626907 0.915982 0.077824 0.041943
0.192244 0.821606 0.070700 0.041128
0.927043 0.924140 0.051604 0.036137
0.397269 0.234738 0.067722 0.035544
0.720712 0.689348 0.067241 0.033319
0.186478 0.418149 0.061432 0.035952
0.186683 0.154037 0.078375 0.036452
0.286571 0.072645 0.064667 0.039424
0.069596 0.938238 0.063267 0.045330
0.835616 0.548579 0.061437 0.038030
0.287983 0.115133 0.058728 0.042094
0.934540 0.434342 0.053672 0.042592
0.833058 0.352584 0.058446 0.045331
0.823243 0.160449 0.050943 0.038252
0.382855 0.033484 0.074015 0.040232
0.076448 0.122380 0.052391 0.041151
0.195798 0.582760 0.073232 0.044727
0.503994 0.345902 0.049022 0.038179
0.725961 0.451062 0.070717 0.037465
0.184909 0.672618 0.056719 0.035919
0.621218 0.449097 0.056336 0.040642
0.921578 0.216891 0.052850 0.040646
0.503856 0.266009 0.047491 0.041365
0.719967 0.730313 0.058977 0.043696
0.184700 0.226389 0.058544 0.035316
0.632746 0.955420 0.081969 0.042368
0.081853 0.778040 0.063678 0.037533
0.288918 0.817881 0.050917 0.039443
0.831095 0.590989 0.054806 0.042854
0.925606 0.173173 0.066286 0.041227
0.086278 0.489554 0.066159 0.033519
0.609016 0.776636 0.061036 0.038537
0.187946 0.191427 0.059094 0.036534
0.936936 0.715172 0.052825 0.050594
0.189072 0.628726 0.061399 0.044157
0.928295 0.392815 0.056878 0.033249
0.612813 0.566305 0.057157 0.040036
0.603683 0.033177 0.069907 0.037860
0.076215 0.080862 0.060059 0.038412
0.300331 0.421756 0.054081 0.043815
0.713446 0.336120 0.060792 0.041755
0.925626 0.087514 0.067570 0.042358
0.726784 0.487084 0.074624 0.032792
0.727317 0.892118 0.055303 0.044168
0.830918 0.780179 0.061673 0.031295
0.830799 0.470673 0.061851 0.027876
0.407566 0.550019 0.056215 0.046817
0.929442 0.301466 0.050834 0.040753
0.716081 0.135779 0.052936 0.034453
0.179085 0.381822 0.052642 0.036231
0.183971 0.266749 0.052664 0.043145
0.621899 0.410091 0.057148 0.039795
0.831018 0.877951 0.065233 0.033197
0.402741 0.160820 0.069606 0.035683
0.292007 0.152278 0.048332 0.031535
0.507402 0.190020 0.068089 0.042457
0.619943 0.330982 0.051772 0.043390
0.492438 0.034982 0.067557 0.038655
0.183183 0.748508 0.056540 0.037144
0.081034 0.410835 0.055337 0.041270
0.838190 0.912108 0.070986 0.033950
0.287950 0.866340 0.047887 0.044875
0.191653 0.865379 0.055493 0.043113
0.509342 0.886338 0.059088 0.034751
0.497114 0.112617 0.057071 0.036286
0.407599 0.788265 0.055723 0.044940
0.722431 0.210992 0.056215 0.035207
0.186532 0.537388 0.050474 0.038407
0.825731 0.742874 0.050137 0.038625
0.614515 0.612486 0.056802 0.041691
0.515101 0.783044 0.056346 0.049277
0.504339 0.149898 0.082702 0.035823
0.295719 0.706596 0.069716 0.036835
0.298799 0.631465 0.057725 0.039215
0.077498 0.892371 0.059540 0.040114
0.717447 0.415031 0.056335 0.034079
0.073640 0.195499 0.065766 0.029293
0.403394 0.198047 0.081934 0.037297
0.078651 0.611905 0.057068 0.039929
0.614687 0.528307 0.057079 0.036775
0.404527 0.507270 0.067530 0.038696
0.278290 0.033897 0.057280 0.040426
0.502397 0.073541 0.067839 0.040212
0.934946 0.760051 0.051642 0.030366
0.405349 0.442189 0.052921 0.035380
0.703703 0.034580 0.059518 0.041752
0.190807 0.037711 0.076701 0.043280
0.070745 0.038485 0.068160 0.044005
0.726113 0.850760 0.058306 0.038238
0.819566 0.034153 0.061186 0.038692
0.077587 0.816231 0.053935 0.032080
0.400566 0.311401 0.066834 0.030379
0.823404 0.074817 0.071577 0.036790
0.512729 0.227732 0.066480 0.037649
0.924204 0.040298 0.054341 0.043802
0.077255 0.740067 0.049982 0.036748
0.405203 0.694146 0.050687 0.045470
0.931003 0.132395 0.053695 0.038414
0.515979 0.920288 0.047681 0.029224
0.190698 0.308989 0.066861 0.037201
0.186624 0.783215 0.055352 0.033504
0.291978 0.744967 0.046852 0.034778
0.190162 0.118868 0.061087 0.028260
0.930856 0.957805 0.053736 0.030216
0.293908 0.337902 0.045024 0.042837
0.828297 0.814616 0.063959 0.033982
0.289610 0.778231 0.044889 0.034611
0.621991 0.871878 0.066444 0.040900
0.721375 0.770039 0.055869 0.034592
0.518641 0.839144 0.055342 0.052115
0.833929 0.662092 0.049774 0.033393
0.082487 0.701623 0.048547 0.038741
0.298128 0.669693 0.052946 0.038052
0.710084 0.105127 0.046379 0.027898
0.610887 0.823735 0.065266 0.050262
0.075364 0.975247 0.058233 0.032880
0.726595 0.939677 0.061209 0.047966
0.522098 0.956265 0.053323 0.040943
0.831765 0.632116 0.044308 0.033407
0.411305 0.475207 0.064620 0.025274
0.833033 0.844654 0.060856 0.026739
0.195943 0.345504 0.083163 0.036206
0.833104 0.954350 0.047735 0.040229
0.717640 0.657540 0.048358 0.028091
0.925780 0.353141 0.051901 0.042517
0.357026 0.706280 0.032787 0.029428
0.341656 0.170809 0.027257 0.019509
0.455828 0.756002 0.027959 0.019813
