0.395368 0.225214 0.062803 0.033778
0.607930 0.172783 0.071687 0.039593
0.708931 0.103744 0.057169 0.042128
0.920118 0.158454 0.067359 0.035262
0.919397 0.304630 0.067695 0.036566
0.181973 0.338481 0.060441 0.035623
0.815660 0.286922 0.065760 0.032369
0.603318 0.363216 0.071057 0.042932
0.178217 0.304229 0.059641 0.030483
0.715868 0.928647 0.068899 0.047509
0.814797 0.248293 0.075376 0.040665
0.813118 0.100205 0.064619 0.033622
0.710329 0.149549 0.066163 0.045837
0.936662 0.847009 0.070291 0.036971
0.809657 0.656617 0.075586 0.043204
0.606907 0.092142 0.067997 0.034798
0.708761 0.385320 0.061607 0.036130
0.813056 0.209078 0.067517 0.034171
0.918070 0.073165 0.074025 0.043016
0.811391 0.321312 0.058339 0.032497
0.808034 0.065967 0.067868 0.030464
0.288165 0.398032 0.075981 0.039331
0.172887 0.233933 0.063332 0.035695
0.922924 0.429447 0.057188 0.043645
0.920243 0.192497 0.063427 0.033021
0.912611 0.028416 0.072420 0.039926
0.180264 0.377485 0.053802 0.036231
0.279061 0.150228 0.066575 0.040857
0.170921 0.110736 0.054873 0.038416
0.497411 0.209243 0.057512 0.033977
0.813239 0.386770 0.072336 0.036222
0.284285 0.220805 0.055850 0.037394
0.393214 0.923296 0.073727 0.040013
0.280170 0.257436 0.057911 0.034411
0.179005 0.568230 0.062251 0.036937
0.604654 0.130292 0.072202 0.040940
0.502182 0.354578 0.070731 0.035126
0.392254 0.190303 0.073276 0.033719
0.394350 0.883977 0.063532 0.037697
0.284026 0.322037 0.058645 0.037107
0.600690 0.812768 0.065812 0.033289
0.919386 0.622925 0.064699 0.036595
0.814957 0.524806 0.060527 0.036315
0.711202 0.312333 0.057222 0.031535
0.496479 0.244075 0.068285 0.034318
0.706869 0.024364 0.076766 0.037353
0.920977 0.583462 0.062319 0.037307
0.921993 0.658432 0.064534 0.031761
0.917550 0.118719 0.062054 0.041229
0.601681 0.319831 0.075297 0.040035
0.500743 0.319297 0.069073 0.038512
0.391639 0.154007 0.069431 0.035680
0.395249 0.802949 0.068726 0.044360
0.393396 0.296530 0.065172 0.031314
0.275173 0.077745 0.074527 0.038855
0.392282 0.260797 0.065266 0.033486
0.063937 0.267084 0.058954 0.036902
0.176873 0.694547 0.067801 0.038619
0.501132 0.392922 0.058156 0.037028
0.387376 0.410411 0.068915 0.038723
0.289521 0.909815 0.069656 0.036806
0.708741 0.188510 0.063658 0.030426
0.182839 0.963641 0.067304 0.041659
0.609807 0.060686 0.062884 0.026257
0.288032 0.359122 0.062124 0.036506
0.282484 0.517937 0.066073 0.038269
0.177586 0.270881 0.047021 0.034710
0.062772 0.125471 0.061747 0.036204
0.395916 0.373364 0.072703 0.032147
0.823998 0.568134 0.070754 0.043487
0.496879 0.108217 0.060916 0.046674
0.934063 0.805808 0.062362 0.042578
0.394450 0.760231 0.052941 0.037953
0.926471 0.267043 0.071069 0.037212
0.501041 0.829646 0.062919 0.034655
0.062934 0.232340 0.050812 0.032677
0.813018 0.489709 0.059969 0.031028
0.804053 0.027170 0.075852 0.042392
0.925449 0.543138 0.065203 0.039834
0.392594 0.335272 0.063274 0.039400
0.495956 0.750725 0.069181 0.039725
0.713238 0.249447 0.057174 0.032308
0.922657 0.469159 0.061757 0.033256
0.178812 0.527519 0.052770 0.041758
0.062501 0.303981 0.052259 0.034430
0.391544 0.722491 0.067633 0.036350
0.496065 0.791154 0.052839 0.039787
0.712762 0.497350 0.057314 0.030647
0.504413 0.959782 0.067703 0.043905
0.810513 0.424698 0.059798 0.038582
0.716240 0.347528 0.064729 0.038572
0.494164 0.065883 0.063575 0.034804
0.606211 0.211558 0.062998 0.034937
0.710514 0.282224 0.060964 0.028505
0.605887 0.464718 0.061902 0.035922
0.601484 0.279969 0.068331 0.041031
0.929367 0.763051 0.059070 0.041282
0.604466 0.672938 0.064849 0.041133
0.712504 0.422367 0.058224 0.031408
0.936284 0.888228 0.063892 0.038538
0.394175 0.846408 0.062250 0.037690
0.497848 0.469892 0.050436 0.040560
0.602948 0.713470 0.078362 0.037590
0.494515 0.280233 0.052373 0.034468
0.503393 0.430934 0.045657 0.033304
0.288959 0.868674 0.059494 0.043369
0.273897 0.033622 0.082820 0.046371
0.501847 0.712040 0.060644 0.037061
0.280010 0.187149 0.060890 0.031581
0.183728 0.775342 0.064273 0.028902
0.712579 0.062826 0.053288 0.035975
0.823139 0.806071 0.077251 0.040680
0.174795 0.191821 0.070095 0.049467
0.714025 0.459748 0.048371 0.039643
0.815128 0.459969 0.066594 0.026544
0.175995 0.842504 0.050201 0.034185
0.807586 0.137255 0.081183 0.039715
0.175652 0.488855 0.065666 0.030276
0.711409 0.218936 0.059930 0.027616
0.180013 0.882155 0.049063 0.040411
0.387244 0.078308 0.067370 0.046137
0.607129 0.404271 0.061614 0.034606
0.816647 0.612251 0.057868 0.044841
0.706488 0.627749 0.050469 0.039125
0.390132 0.453270 0.057380 0.040022
0.173200 0.147995 0.056896 0.035035
0.062460 0.337918 0.048597 0.031316
0.924376 0.340483 0.058377 0.034434
0.179504 0.415640 0.046863 0.035633
0.063080 0.197863 0.057844 0.036002
0.492311 0.148210 0.063449 0.031065
0.814680 0.353073 0.073755 0.026058
0.277941 0.823105 0.057258 0.040349
0.921363 0.381658 0.052115 0.045033
0.921010 0.503998 0.055294 0.034223
0.604769 0.498949 0.054393 0.033332
0.599875 0.589296 0.055967 0.047067
0.171413 0.072972 0.058592 0.036105
0.184791 0.807239 0.056135 0.031283
0.169203 0.031678 0.064038 0.043019
0.389550 0.121864 0.064814 0.031365
0.175203 0.453115 0.052052 0.034953
0.060886 0.162065 0.044340 0.035520
0.712424 0.881791 0.050321 0.041636
0.494246 0.869836 0.063207 0.043921
0.387561 0.030004 0.059896 0.043724
0.924971 0.724804 0.057141 0.036245
0.500846 0.515422 0.059896 0.048343
0.396465 0.963003 0.056298 0.037689
0.931975 0.960941 0.078363 0.049138
0.939146 0.922526 0.064841 0.025384
0.602377 0.631666 0.056652 0.039528
0.707980 0.663001 0.053598 0.029207
0.282465 0.555300 0.053103 0.034359
0.389972 0.627816 0.061061 0.038581
0.280342 0.112814 0.063040 0.031286
0.923538 0.691634 0.054430 0.030870
0.278745 0.591305 0.054304 0.041257
0.715201 0.969513 0.054271 0.036433
0.810617 0.174920 0.075273 0.031737
0.807698 0.699115 0.081464 0.040248
0.602007 0.845017 0.070357 0.029131
0.708883 0.703010 0.052617 0.046227
0.707286 0.562778 0.054431 0.036368
0.178292 0.736920 0.048881 0.042501
0.175001 0.607175 0.050341 0.037320
0.284821 0.476929 0.054395 0.043206
0.284224 0.436140 0.056665 0.034762
0.602665 0.246031 0.049153 0.030576
0.608087 0.434890 0.058944 0.023597
0.823641 0.877433 0.074644 0.037808
0.706683 0.529477 0.056710 0.032953
0.283298 0.288103 0.049778 0.027246
0.915865 0.228383 0.087305 0.037989
0.394206 0.495836 0.054763 0.040713
0.176408 0.923032 0.043532 0.036917
0.497598 0.913786 0.058678 0.044376
0.602284 0.878322 0.059769 0.038329
0.069373 0.375076 0.056986 0.038837
0.603902 0.527873 0.068692 0.025082
0.278719 0.675946 0.057170 0.033512
0.711017 0.594410 0.066098 0.024949
0.283045 0.636460 0.061274 0.042543
0.602754 0.910260 0.046750 0.028795
0.497457 0.028239 0.061923 0.041263
0.290166 0.787963 0.067165 0.030154
0.501062 0.613398 0.058293 0.046908
0.393760 0.676875 0.060887 0.052550
0.499014 0.178538 0.067867 0.024337
0.389253 0.588713 0.051495 0.037209
0.062269 0.088059 0.055301 0.038361
0.821664 0.917010 0.056224 0.039321
0.607003 0.025490 0.053560 0.037318
0.815517 0.740511 0.057812 0.037900
0.713606 0.844727 0.074096 0.036048
0.708138 0.746290 0.060191 0.038054
0.602039 0.554011 0.062778 0.027628
0.498768 0.679678 0.050111 0.031656
0.716190 0.781888 0.064775 0.036966
0.292751 0.966153 0.058628 0.039453
0.819858 0.842976 0.054000 0.029594
0.599766 0.779975 0.057057 0.029735
0.712297 0.814351 0.062384 0.032527
0.821792 0.772806 0.072118 0.026294
0.827874 0.971845 0.071549 0.037133
0.172597 0.650408 0.065347 0.045427
0.610716 0.964898 0.088306 0.046946
0.512921 0.565637 0.075093 0.050674
0.283648 0.710035 0.044571 0.032582
0.386186 0.553929 0.043635 0.035499
0.285909 0.751642 0.053062 0.042164
0.055511 0.039058 0.051857 0.049104
0.500599 0.651885 0.052213 0.033022
0.605198 0.749918 0.072130 0.034757
0.291508 0.943472 0.066674 0.028541
0.828819 0.946946 0.063817 0.021668
0.386767 0.531732 0.050825 0.040997
0.605334 0.948148 0.074569 0.043351
