0.829054 0.185079 0.063201 0.044120
0.943335 0.171288 0.057555 0.036863
0.276518 0.845754 0.053988 0.043827
0.944287 0.104132 0.056678 0.037205
0.828549 0.144594 0.056651 0.038683
0.381084 0.931965 0.071614 0.031604
0.383552 0.345940 0.071568 0.044803
0.386966 0.832952 0.061618 0.040133
0.276580 0.763959 0.053360 0.039097
0.951371 0.868719 0.055025 0.039963
0.942170 0.310842 0.056977 0.037966
0.273826 0.802338 0.054796 0.035355
0.604240 0.665975 0.059665 0.036825
0.827517 0.378729 0.055081 0.031923
0.942219 0.569743 0.057339 0.036437
0.607584 0.480053 0.057840 0.033428
0.942919 0.607061 0.072104 0.038942
0.837428 0.779294 0.053377 0.039963
0.830172 0.303325 0.053870 0.036786
0.829093 0.412806 0.052252 0.035803
0.943471 0.349093 0.051864 0.036499
0.941785 0.755826 0.050099 0.037818
0.943018 0.273323 0.049377 0.039521
0.841340 0.739747 0.054900 0.034679
0.832740 0.103599 0.063423 0.037352
0.385670 0.758424 0.050328 0.030908
0.487009 0.263610 0.064062 0.047937
0.282112 0.399480 0.072439 0.040015
0.837495 0.867568 0.059819 0.046065
0.172989 0.887099 0.045681 0.033550
0.605289 0.172999 0.059173 0.034893
0.176648 0.920851 0.045688 0.030839
0.378148 0.649976 0.065876 0.032420
0.942553 0.428654 0.062195 0.039408
0.383970 0.968676 0.061381 0.036978
0.487361 0.439987 0.058815 0.034389
0.383617 0.795361 0.073036 0.036613
0.386191 0.684631 0.052768 0.029315
0.943698 0.389884 0.048320 0.039342
0.828403 0.263552 0.054593 0.033282
0.942495 0.714582 0.060287 0.040015
0.945183 0.137932 0.048803 0.029711
0.380509 0.579068 0.057159 0.042506
0.943311 0.466582 0.052446 0.038140
0.490612 0.219418 0.054526 0.043730
0.486448 0.173574 0.062775 0.045162
0.606122 0.627199 0.061567 0.034079
0.382960 0.898005 0.069400 0.034596
0.280072 0.155971 0.047804 0.039132
0.278143 0.885480 0.049528 0.030477
0.601351 0.358894 0.057619 0.047769
0.608584 0.513452 0.053788 0.031825
0.600137 0.211466 0.071318 0.038176
0.079034 0.695764 0.051059 0.039650
0.839636 0.646867 0.046134 0.028693
0.275760 0.915464 0.072405 0.026447
0.277731 0.648373 0.056090 0.038252
0.829721 0.343085 0.047340 0.034826
0.487890 0.400430 0.053340 0.038860
0.837703 0.820900 0.067871 0.041759
0.716926 0.122980 0.051538 0.036062
0.280022 0.315495 0.047678 0.044345
0.603095 0.404081 0.048515 0.042146
0.608054 0.247764 0.065034 0.032052
0.280020 0.359546 0.051893 0.040659
0.387435 0.259668 0.052382 0.039260
0.836352 0.616223 0.049425 0.031858
0.608048 0.553405 0.053947 0.041186
0.946442 0.067513 0.050837 0.036785
0.278715 0.970650 0.060082 0.029977
0.834751 0.912095 0.048908 0.041158
0.278529 0.477226 0.060924 0.041109
0.173931 0.209375 0.061941 0.037218
0.173952 0.815930 0.046810 0.034598
0.941349 0.531800 0.061349 0.037152
0.836587 0.675706 0.048124 0.025216
0.837575 0.706373 0.043719 0.032057
0.084381 0.954061 0.049051 0.037949
0.951375 0.933906 0.053727 0.032522
0.282696 0.075922 0.052525 0.038870
0.944814 0.235791 0.048787 0.034629
0.276957 0.199962 0.055218 0.044195
0.606478 0.592644 0.051323 0.032953
0.383102 0.721076 0.044570 0.039690
0.827732 0.029889 0.066108 0.040554
0.829001 0.068128 0.052544 0.033765
0.076877 0.288786 0.058975 0.032065
0.386580 0.216385 0.055154 0.044949
0.278162 0.277747 0.050556 0.028793
0.388388 0.867307 0.045214 0.026797
0.942927 0.029952 0.048287 0.040097
0.831004 0.484131 0.046194 0.040219
0.280774 0.032304 0.064561 0.045633
0.488567 0.478628 0.059551 0.040492
0.280869 0.117370 0.049620 0.035220
0.944058 0.499966 0.048314 0.029822
0.487692 0.358036 0.046334 0.041471
0.831747 0.526252 0.045216 0.040771
0.076475 0.613769 0.048650 0.042107
0.834954 0.565135 0.055005 0.035817
0.601697 0.284938 0.048712 0.036605
0.942998 0.797863 0.053928 0.036896
0.716703 0.027544 0.068340 0.033892
0.944208 0.678783 0.054339 0.032617
0.833769 0.448233 0.053175 0.028690
0.080873 0.655329 0.047818 0.036567
0.604380 0.711840 0.057446 0.052712
0.948246 0.203375 0.052421 0.028189
0.178266 0.069205 0.049454 0.033685
0.390343 0.030413 0.054013 0.040413
0.282038 0.440667 0.053539 0.035661
0.381053 0.617256 0.049581 0.026830
0.606688 0.444233 0.053955 0.031670
0.173940 0.956968 0.056931 0.039224
0.493481 0.565515 0.058307 0.048041
0.386846 0.301613 0.048066 0.042743
0.173722 0.852820 0.038007 0.031364
0.083612 0.885602 0.043188 0.036453
0.947680 0.905299 0.048094 0.032214
0.283010 0.518895 0.053001 0.039233
0.380620 0.542679 0.056695 0.032234
0.949899 0.965701 0.050193 0.031383
0.949075 0.646481 0.052306 0.040220
0.073732 0.058976 0.045265 0.032592
0.180761 0.414394 0.048898 0.035541
0.178799 0.329376 0.044080 0.033144
0.386805 0.470731 0.054367 0.047131
0.493171 0.522040 0.050623 0.042972
0.179265 0.522942 0.050211 0.027808
0.275536 0.687386 0.052316 0.040248
0.178381 0.371635 0.051987 0.042262
0.175596 0.134913 0.039868 0.037402
0.177926 0.677175 0.049125 0.041285
0.274487 0.725106 0.042349 0.034484
0.489788 0.310859 0.049489 0.044140
0.830358 0.225809 0.045967 0.033604
0.716184 0.089339 0.045699 0.033503
0.074666 0.440949 0.056926 0.042408
0.178730 0.100682 0.048468 0.028003
0.276710 0.241599 0.049278 0.040153
0.173136 0.598969 0.052643 0.038647
0.176505 0.031076 0.049342 0.039131
0.714441 0.165543 0.056862 0.049208
0.173139 0.290185 0.049387 0.039277
0.083463 0.770691 0.047786 0.037019
0.384548 0.172679 0.047116 0.035521
0.178985 0.749431 0.044844 0.035006
0.387451 0.511207 0.048064 0.035636
0.385267 0.388937 0.050106 0.041941
0.176112 0.559097 0.051419 0.039550
0.176561 0.783118 0.038307 0.027363
0.177772 0.639484 0.049215 0.032723
0.173578 0.247902 0.061783 0.039652
0.069732 0.092679 0.053990 0.036897
0.604456 0.317456 0.051483 0.033463
0.178054 0.173181 0.045116 0.032804
0.389934 0.111769 0.047914 0.035077
0.277900 0.606301 0.051778 0.042745
0.079751 0.483359 0.050012 0.043887
0.076311 0.364289 0.049611 0.028340
0.717462 0.058076 0.042535 0.029602
0.071923 0.329250 0.048687 0.041030
0.388048 0.426342 0.053416 0.035487
0.080662 0.573127 0.044874 0.035542
0.278162 0.941602 0.056610 0.023740
0.950125 0.831146 0.047613 0.034311
0.388566 0.071643 0.047924 0.040535
0.179353 0.715575 0.042495 0.031047
0.080693 0.809952 0.043304 0.040708
0.079672 0.530131 0.042651 0.045719
0.837841 0.949571 0.060622 0.032272
0.081740 0.850805 0.042595 0.034295
0.611185 0.033356 0.042281 0.038968
0.388445 0.141381 0.042105 0.025471
0.079074 0.733796 0.047051 0.030076
0.073280 0.252256 0.037300 0.032650
0.602401 0.134225 0.043081 0.037485
0.279478 0.558274 0.050197 0.042502
0.179918 0.494010 0.038878 0.027229
0.074542 0.398638 0.041244 0.038343
0.075137 0.025586 0.044208 0.027466
0.494926 0.132414 0.043924 0.033942
0.603960 0.098954 0.043945 0.029064
0.087145 0.917815 0.044079 0.024200
0.177830 0.453369 0.040070 0.040963
0.608146 0.070549 0.041559 0.034704
0.077615 0.171851 0.051696 0.033979
0.072049 0.216730 0.044580 0.036268
0.837594 0.969157 0.060265 0.032780
0.074599 0.129751 0.055033 0.037594
0.835160 0.590172 0.038448 0.019612
