0.060276 0.166205 0.061803 0.042157
0.932657 0.515624 0.066746 0.039608
0.934040 0.435933 0.060748 0.038340
0.600950 0.391685 0.064471 0.049546
0.047077 0.680668 0.071796 0.043785
0.707221 0.549469 0.077025 0.042203
0.719952 0.146238 0.056365 0.038210
0.716881 0.506116 0.059883 0.038262
0.718827 0.381687 0.059260 0.037468
0.050292 0.726344 0.061152 0.044963
0.612204 0.140888 0.063451 0.044604
0.935115 0.393017 0.058845 0.043864
0.719540 0.463551 0.062874 0.039602
0.171395 0.644884 0.062347 0.045899
0.051288 0.437161 0.071370 0.039163
0.274149 0.822722 0.055344 0.035748
0.931171 0.601859 0.058640 0.036242
0.388249 0.560003 0.067617 0.039308
0.718649 0.186010 0.056103 0.042122
0.377587 0.837876 0.064175 0.042512
0.720522 0.421304 0.056678 0.037663
0.602221 0.343013 0.062252 0.043979
0.615943 0.096364 0.064201 0.041682
0.278841 0.861375 0.054952 0.036701
0.719907 0.104803 0.052290 0.041598
0.050486 0.480385 0.061674 0.044964
0.491452 0.170854 0.074348 0.039873
0.275791 0.752846 0.052466 0.036436
0.277728 0.898873 0.066572 0.037276
0.610405 0.219628 0.052265 0.037271
0.941721 0.072719 0.058999 0.041872
0.062386 0.121653 0.057026 0.043494
0.931410 0.560071 0.054731 0.042393
0.834177 0.071852 0.055107 0.044926
0.273012 0.673172 0.056460 0.041124
0.937745 0.908236 0.057441 0.039824
0.932988 0.474646 0.051812 0.037329
0.492903 0.062529 0.051609 0.036331
0.933246 0.790956 0.055927 0.040673
0.056624 0.297111 0.063738 0.048339
0.816471 0.652288 0.053357 0.039596
0.057207 0.343508 0.056391 0.042518
0.809094 0.608824 0.063481 0.039465
0.174740 0.071911 0.057908 0.041876
0.943004 0.152782 0.057705 0.040918
0.052305 0.772605 0.061368 0.035559
0.277620 0.713615 0.059264 0.040305
0.494863 0.099650 0.055503 0.039136
0.720225 0.030507 0.064040 0.041088
0.942906 0.113846 0.064401 0.034903
0.276709 0.472250 0.065995 0.038873
0.052086 0.526674 0.058819 0.044654
0.168735 0.597498 0.062612 0.041310
0.605065 0.653815 0.063464 0.042049
0.938771 0.027688 0.052856 0.044732
0.493630 0.137074 0.055629 0.029418
0.378256 0.920004 0.053702 0.037783
0.604440 0.261045 0.062902 0.044765
0.273823 0.435280 0.060280 0.034135
0.393474 0.097912 0.059612 0.034818
0.815395 0.717769 0.053418 0.039832
0.937077 0.950161 0.067861 0.040386
0.716528 0.227728 0.060090 0.040313
0.159583 0.780567 0.072542 0.039867
0.379277 0.635743 0.050943 0.037630
0.610926 0.024322 0.066991 0.033055
0.717180 0.340203 0.052513 0.038551
0.936602 0.274659 0.061869 0.035074
0.163531 0.864548 0.061733 0.045412
0.166348 0.693681 0.057179 0.046015
0.614057 0.058090 0.062039 0.031318
0.276416 0.969248 0.056870 0.036188
0.936981 0.830955 0.054107 0.040047
0.053931 0.390974 0.053492 0.046706
0.936106 0.316044 0.056705 0.039630
0.377490 0.340145 0.059572 0.038264
0.489319 0.946258 0.056351 0.034394
0.391340 0.061184 0.051521 0.034686
0.600800 0.437636 0.057185 0.038626
0.379718 0.880939 0.052213 0.039390
0.050944 0.810813 0.054170 0.039794
0.489681 0.588485 0.060938 0.038671
0.832868 0.116743 0.051145 0.038315
0.490683 0.632724 0.060812 0.041595
0.498941 0.245969 0.054109 0.039606
0.392371 0.138276 0.051121 0.042785
0.054616 0.247965 0.063876 0.040100
0.276275 0.786378 0.057035 0.027227
0.384408 0.408861 0.068188 0.037500
0.492989 0.025739 0.053399 0.035666
0.384632 0.482922 0.063003 0.036313
0.612672 0.181671 0.047736 0.036861
0.929723 0.640709 0.053713 0.040029
0.809690 0.805353 0.066220 0.045435
0.824243 0.194461 0.065872 0.043035
0.390789 0.023980 0.051941 0.036493
0.380088 0.956909 0.052945 0.039046
0.059059 0.208247 0.047937 0.039713
0.494190 0.876964 0.068051 0.032428
0.380862 0.295235 0.056192 0.045586
0.708395 0.860625 0.054315 0.040835
0.044852 0.639195 0.060136 0.035566
0.278976 0.141260 0.049444 0.037399
0.712826 0.954423 0.060662 0.045368
0.938524 0.868894 0.055225 0.033858
0.491827 0.433493 0.053321 0.039533
0.940518 0.353616 0.064447 0.028985
0.597533 0.743165 0.057316 0.044304
0.273286 0.264822 0.046529 0.041382
0.062981 0.079378 0.053319 0.040576
0.609853 0.302732 0.054822 0.036904
0.277194 0.633065 0.059482 0.038988
0.716629 0.267994 0.056261 0.042662
0.380483 0.520439 0.049752 0.039421
0.048164 0.883978 0.054887 0.044956
0.601328 0.698758 0.051146 0.043101
0.272694 0.547060 0.047365 0.042040
0.601049 0.819286 0.066595 0.041589
0.278291 0.934429 0.057984 0.035324
0.496070 0.317388 0.056665 0.040122
0.381771 0.708471 0.048625 0.045727
0.501320 0.208446 0.061628 0.031552
0.172194 0.556932 0.047778 0.040508
0.927792 0.714335 0.061967 0.044023
0.487826 0.912033 0.046492 0.033178
0.816026 0.569438 0.055668 0.036233
0.601039 0.527082 0.046064 0.043539
0.596990 0.960400 0.055718 0.036303
0.049109 0.847121 0.057151 0.033309
0.932568 0.753829 0.056128 0.029792
0.834283 0.027191 0.058731 0.033830
0.492312 0.976512 0.053947 0.027260
0.817077 0.893292 0.052812 0.040606
0.045386 0.967063 0.070315 0.040961
0.716530 0.304909 0.048972 0.030814
0.394113 0.180518 0.054656 0.038371
0.171126 0.179340 0.051804 0.040573
0.269827 0.351620 0.055534 0.048199
0.064218 0.032998 0.058184 0.055229
0.275001 0.221784 0.055715 0.041153
0.830392 0.154354 0.044295 0.034944
0.280137 0.068241 0.055496 0.044573
0.274541 0.177983 0.053896 0.037143
0.388668 0.373980 0.059242 0.031745
0.600565 0.609222 0.046420 0.044216
0.264247 0.397385 0.067821 0.041688
0.275126 0.589452 0.055701 0.042184
0.597048 0.923420 0.050543 0.035965
0.713983 0.671165 0.052635 0.040408
0.600374 0.483673 0.054545 0.043305
0.381971 0.795767 0.046515 0.037156
0.931341 0.675721 0.053733 0.027722
0.714981 0.588905 0.056995 0.034075
0.159619 0.907767 0.068292 0.041977
0.388603 0.447128 0.048369 0.033542
0.714157 0.627062 0.052685 0.041482
0.162951 0.739870 0.052794 0.040314
0.273497 0.509396 0.047465 0.033881
0.491368 0.513498 0.056848 0.045274
0.491918 0.394032 0.050685 0.037422
0.385547 0.248755 0.055640 0.039535
0.817874 0.524719 0.051591 0.048793
0.173310 0.026688 0.056225 0.045186
0.163597 0.368835 0.056654 0.049000
0.164827 0.820254 0.056352 0.039070
0.384291 0.669144 0.067781 0.030899
0.044779 0.927276 0.056261 0.039019
0.172542 0.271081 0.059431 0.046411
0.492850 0.470688 0.046677 0.033730
0.710543 0.904571 0.049412 0.047737
0.491029 0.554852 0.046668 0.031580
0.812150 0.760572 0.049397 0.041527
0.498029 0.282830 0.043904 0.027565
0.168796 0.144076 0.044844 0.028584
0.597006 0.859646 0.045201 0.037066
0.819310 0.686111 0.055696 0.024604
0.050426 0.601319 0.059071 0.039140
0.823276 0.480731 0.052355 0.038625
0.487344 0.838219 0.051551 0.039645
0.710209 0.787519 0.055263 0.040077
0.171181 0.224402 0.048191 0.044519
0.717766 0.712222 0.061645 0.038484
0.824310 0.403718 0.053327 0.036067
0.382611 0.598278 0.048787 0.036303
0.279613 0.108886 0.042356 0.029295
0.166536 0.418031 0.058625 0.048310
0.595655 0.891190 0.043419 0.031576
0.821431 0.442903 0.049967 0.039292
0.598045 0.783016 0.045748 0.028608
0.822792 0.361905 0.054303 0.043617
0.824612 0.236903 0.044363 0.034681
0.169989 0.468231 0.060000 0.044991
0.723151 0.066533 0.043796 0.029512
0.272811 0.305811 0.041430 0.035214
0.601170 0.569307 0.045562 0.034810
0.814684 0.957773 0.050949 0.036450
0.492478 0.357369 0.045799 0.036227
0.168209 0.111896 0.053165 0.038956
0.275597 0.024293 0.046645 0.039931
0.051963 0.568804 0.050833 0.035669
0.821000 0.317509 0.050947 0.041415
0.821431 0.275730 0.046229 0.040515
0.390964 0.214756 0.043610 0.029839
0.484394 0.801610 0.044124 0.034847
0.486869 0.724149 0.048221 0.037097
0.939164 0.193394 0.047247 0.034468
0.816480 0.927586 0.045505 0.027225
0.380304 0.753200 0.061105 0.046709
0.711214 0.749676 0.046777 0.033901
0.711531 0.824256 0.049137 0.029107
0.171399 0.516054 0.056815 0.040131
0.490100 0.678843 0.049516 0.046588
0.935715 0.234654 0.051557 0.040119
0.812025 0.849215 0.074117 0.043447
0.168216 0.316251 0.052858 0.043816
0.486573 0.763824 0.041941 0.033425
0.164162 0.951886 0.060584 0.049402
