0.735690 0.897596 0.063567 0.039144
0.389083 0.368242 0.065894 0.042008
0.507653 0.722745 0.061374 0.033482
0.730381 0.684562 0.059975 0.028347
0.061321 0.332521 0.058077 0.034278
0.063706 0.648687 0.056352 0.037757
0.729552 0.293338 0.067942 0.045603
0.281515 0.283115 0.064405 0.041090
0.939238 0.425125 0.060256 0.034095
0.623244 0.523145 0.067387 0.045577
0.726941 0.445880 0.063525 0.030278
0.626809 0.744547 0.062830 0.039472
0.170026 0.940678 0.055870 0.038211
0.729119 0.758449 0.071192 0.038519
0.054808 0.882383 0.060515 0.041697
0.284769 0.724227 0.064391 0.035558
0.730237 0.247353 0.060254 0.037014
0.064614 0.371349 0.055699 0.037316
0.173142 0.824359 0.062046 0.046190
0.622364 0.154360 0.057356 0.037483
0.392106 0.484230 0.052137 0.036191
0.510609 0.761839 0.057730 0.040031
0.058436 0.612172 0.056149 0.033535
0.169167 0.741195 0.070988 0.041994
0.510634 0.642225 0.062102 0.040381
0.618667 0.111374 0.062285 0.045308
0.512111 0.273638 0.052970 0.038143
0.512232 0.567249 0.055377 0.037523
0.507975 0.189433 0.071559 0.041802
0.396024 0.252824 0.059859 0.036848
0.285833 0.078280 0.067577 0.047500
0.831235 0.921754 0.052124 0.036003
0.062274 0.686197 0.060367 0.031189
0.186024 0.445511 0.058275 0.041433
0.513875 0.356179 0.065260 0.040013
0.510064 0.529554 0.061445 0.037037
0.288019 0.123381 0.064736 0.042627
0.068881 0.251911 0.066270 0.037142
0.623673 0.474200 0.049545 0.040600
0.288043 0.204613 0.060903 0.036694
0.392389 0.709458 0.069746 0.041605
0.938753 0.942137 0.055674 0.034956
0.061776 0.410653 0.053900 0.038470
0.281548 0.573890 0.058174 0.038092
0.944024 0.221409 0.066033 0.040193
0.511782 0.313958 0.052565 0.039686
0.942918 0.613884 0.055955 0.035983
0.401019 0.070635 0.069569 0.039200
0.398748 0.815344 0.066752 0.033324
0.284967 0.834216 0.071676 0.045931
0.631177 0.640399 0.057341 0.036638
0.833527 0.571572 0.052299 0.040191
0.945301 0.139638 0.054780 0.037007
0.059203 0.489368 0.060231 0.035882
0.731615 0.510128 0.064685 0.032354
0.834876 0.655725 0.065021 0.042630
0.511216 0.114196 0.054660 0.042215
0.173330 0.619263 0.056598 0.036382
0.839861 0.214932 0.060467 0.037936
0.620296 0.349274 0.061420 0.032073
0.511656 0.458353 0.062250 0.037891
0.061284 0.571876 0.054360 0.041838
0.832866 0.761829 0.065415 0.032035
0.181272 0.358216 0.061525 0.038945
0.287267 0.328315 0.049745 0.044066
0.729694 0.827392 0.065360 0.035002
0.175491 0.285077 0.056289 0.039274
0.393103 0.292739 0.056647 0.035172
0.839136 0.888474 0.061507 0.031045
0.290559 0.165566 0.061233 0.035064
0.285551 0.370891 0.065615 0.034552
0.943714 0.652394 0.046290 0.039246
0.290406 0.410471 0.060418 0.037136
0.284506 0.446812 0.059662 0.034908
0.400871 0.027279 0.072227 0.042390
0.622563 0.388746 0.063526 0.040458
0.060927 0.210796 0.064957 0.036617
0.288973 0.652869 0.055595 0.036903
0.393055 0.405805 0.055619 0.028007
0.392167 0.442714 0.050896 0.043390
0.392895 0.618511 0.060037 0.042946
0.394734 0.207379 0.062733 0.047601
0.396665 0.113719 0.058553 0.042924
0.625124 0.227191 0.051779 0.041572
0.629476 0.708124 0.051509 0.029769
0.390789 0.159927 0.078426 0.042881
0.405599 0.889882 0.062104 0.041152
0.062183 0.292778 0.053299 0.039326
0.512469 0.393574 0.062880 0.030958
0.623863 0.567085 0.055366 0.037443
0.626324 0.602378 0.049518 0.032979
0.624073 0.027059 0.059327 0.038609
0.285882 0.528759 0.053173 0.048780
0.390290 0.664012 0.074544 0.043594
0.516844 0.834695 0.052795 0.040875
0.947418 0.690300 0.056587 0.030642
0.176184 0.242085 0.058415 0.035947
0.066359 0.752776 0.056684 0.040039
0.839531 0.794161 0.060917 0.030397
0.506062 0.232007 0.072575 0.040233
0.057528 0.839282 0.054338 0.039269
0.622533 0.431360 0.050332 0.041314
0.730822 0.969352 0.056948 0.031336
0.280574 0.031639 0.062160 0.042359
0.514885 0.797253 0.048645 0.031642
0.288870 0.935781 0.072143 0.033135
0.287212 0.614627 0.053484 0.039513
0.182823 0.118998 0.060120 0.040579
0.063682 0.530266 0.054665 0.039293
0.511272 0.685019 0.048916 0.039687
0.065243 0.164440 0.070359 0.044942
0.940271 0.311122 0.049469 0.039146
0.838063 0.858421 0.063668 0.028538
0.393696 0.521974 0.069026 0.032302
0.182533 0.401134 0.061201 0.040326
0.941066 0.353383 0.051984 0.035384
0.831429 0.425994 0.076662 0.044091
0.178474 0.780242 0.065045 0.036870
0.728185 0.547282 0.068218 0.035436
0.625852 0.268785 0.060879 0.037375
0.175015 0.482886 0.051512 0.035098
0.941453 0.503801 0.060237 0.039944
0.942815 0.578130 0.052607 0.033296
0.837646 0.172458 0.052432 0.042652
0.833467 0.958325 0.052407 0.035337
0.290000 0.687780 0.048681 0.034201
0.732028 0.027568 0.065646 0.037221
0.172816 0.692429 0.049524 0.047279
0.942165 0.266093 0.052714 0.043557
0.944157 0.462768 0.048504 0.037108
0.942706 0.179502 0.059411 0.037734
0.943344 0.098331 0.048865 0.040020
0.060758 0.794701 0.056539 0.041369
0.067294 0.087417 0.060566 0.038383
0.509932 0.603720 0.048248 0.035865
0.938751 0.908148 0.046967 0.032486
0.169883 0.903997 0.048287 0.034544
0.736925 0.862772 0.060913 0.026168
0.839417 0.378770 0.052014 0.038978
0.513010 0.495088 0.062218 0.031783
0.837512 0.612330 0.054470 0.036565
0.058860 0.450274 0.052904 0.037108
0.946072 0.722264 0.052185 0.030171
0.622669 0.068656 0.055064 0.038386
0.731024 0.719259 0.047497 0.036202
0.169455 0.867642 0.053787 0.036316
0.943627 0.871727 0.045786 0.035023
0.729649 0.645717 0.045921 0.041062
0.841721 0.692169 0.062828 0.030323
0.624183 0.310292 0.069197 0.041947
0.727282 0.410392 0.044719 0.032137
0.839500 0.726150 0.047771 0.034070
0.509142 0.424289 0.061695 0.028483
0.942557 0.830880 0.051860 0.041990
0.836073 0.467666 0.053911 0.035735
0.943156 0.389677 0.045049 0.033827
0.837153 0.253890 0.053467 0.033874
0.391942 0.328528 0.046971 0.033146
0.181329 0.161692 0.059141 0.036456
0.835770 0.134679 0.044586 0.032276
0.727106 0.477321 0.063199 0.029831
0.726749 0.338713 0.057443 0.040763
0.516032 0.873642 0.048392 0.033387
0.832356 0.027535 0.059388 0.035876
0.622796 0.908914 0.050553 0.036895
0.940337 0.057254 0.053968 0.040537
0.293194 0.970867 0.051345 0.035943
0.939459 0.788879 0.056318 0.032321
0.731447 0.936118 0.045902 0.034789
0.171467 0.581178 0.049823 0.039568
0.940478 0.973113 0.055673 0.027375
0.288482 0.791085 0.055076 0.034376
0.730931 0.793544 0.072671 0.030612
0.834551 0.535596 0.041575 0.032175
0.399422 0.851375 0.051989 0.031126
0.180507 0.027003 0.086001 0.040567
0.176229 0.516482 0.051427 0.033136
0.057528 0.923333 0.047816 0.036849
0.173933 0.652516 0.051482 0.027065
0.058122 0.964056 0.046601 0.043091
0.168815 0.548168 0.053056 0.030253
0.286999 0.242128 0.049622 0.034967
0.064484 0.717685 0.049115 0.027989
0.166505 0.974098 0.068740 0.028294
0.174705 0.320874 0.051519 0.034128
0.939114 0.544199 0.047620 0.033329
0.843334 0.291261 0.047283 0.041389
0.834614 0.502443 0.042529 0.031010
0.182424 0.070732 0.055822 0.049872
0.629265 0.676223 0.045942 0.031715
0.626033 0.815983 0.048410 0.039705
0.288982 0.875815 0.077431 0.035848
0.409695 0.965662 0.066559 0.041544
0.729677 0.204773 0.058645 0.037131
0.726516 0.123335 0.048810 0.033534
0.833939 0.064135 0.045724 0.032177
0.407988 0.928346 0.049135 0.030401
0.392725 0.748902 0.050708 0.034595
0.291052 0.759088 0.052766 0.027528
0.618804 0.864605 0.070505 0.049887
0.838356 0.337136 0.064065 0.039718
0.939692 0.753534 0.061356 0.031877
0.730209 0.376727 0.041108 0.032944
0.517881 0.907280 0.045744 0.030374
0.181481 0.200564 0.046767 0.037068
0.624660 0.781607 0.052274 0.031538
0.623966 0.973068 0.052506 0.029674
0.514173 0.952149 0.052437 0.054720
0.397167 0.582096 0.049165 0.028776
0.624551 0.191189 0.044961 0.029161
0.393820 0.552178 0.047608 0.027673
0.725815 0.164878 0.057253 0.044171
0.064960 0.122673 0.049879 0.033645
0.621889 0.943716 0.040993 0.028915
0.727693 0.062167 0.056544 0.026150
0.393771 0.780410 0.050277 0.033702
0.511624 0.070770 0.059259 0.039449
0.289271 0.483576 0.042201 0.034782
0.836092 0.826021 0.044521 0.031231
0.835931 0.099729 0.045869 0.033482
0.731253 0.090732 0.048825 0.030582
0.513216 0.030325 0.050938 0.040702
0.941537 0.022630 0.045936 0.026399
0.732188 0.590452 0.081725 0.043400
0.064022 0.027050 0.058005 0.030614
0.521461 0.150100 0.063065 0.028779
0.292207 0.905841 0.059550 0.027609
0.731340 0.609234 0.051850 0.024473
0.068863 0.054464 0.047537 0.023250
