0.586155 0.797248 0.062140 0.032129
0.702734 0.681449 0.071327 0.041484
0.818330 0.916841 0.067965 0.042543
0.478713 0.694500 0.060686 0.038281
0.701300 0.721688 0.068306 0.036155
0.488940 0.289226 0.061558 0.042070
0.707075 0.641882 0.064984 0.033258
0.703262 0.914820 0.074579 0.035605
0.585523 0.832443 0.055780 0.034039
0.819851 0.672012 0.059840 0.037020
0.587539 0.655830 0.068687 0.038273
0.586896 0.727282 0.054960 0.042531
0.826630 0.367576 0.063146 0.036663
0.936281 0.639547 0.055330 0.033301
0.821003 0.772957 0.054942 0.034023
0.496678 0.214212 0.062568 0.042350
0.705173 0.567143 0.069951 0.037338
0.603880 0.375639 0.067113 0.032933
0.935589 0.775255 0.058896 0.033312
0.705589 0.837622 0.070346 0.037934
0.488276 0.360694 0.057870 0.034095
0.827360 0.627230 0.053397 0.043684
0.265899 0.774347 0.053473 0.037086
0.062550 0.813704 0.059804 0.046113
0.376695 0.806772 0.056044 0.036968
0.061526 0.091567 0.059796 0.036986
0.611308 0.140964 0.063722 0.037288
0.385593 0.297846 0.054917 0.037131
0.266090 0.652151 0.055764 0.051360
0.272642 0.066804 0.067346 0.046033
0.264623 0.853080 0.047296 0.035142
0.711137 0.338657 0.058878 0.045332
0.374889 0.703374 0.057601 0.043969
0.372652 0.871233 0.070342 0.030178
0.165656 0.634889 0.060345 0.039170
0.822143 0.840971 0.055880 0.039455
0.387276 0.257116 0.051001 0.039061
0.484058 0.737392 0.075927 0.042361
0.717292 0.248475 0.050925 0.035418
0.936601 0.707565 0.046701 0.032038
0.481591 0.654444 0.048302 0.035096
0.375234 0.570706 0.056274 0.030192
0.707023 0.532466 0.053819 0.034107
0.701569 0.798254 0.055074 0.035306
0.930634 0.536839 0.073717 0.033300
0.939233 0.809943 0.063219 0.034493
0.390615 0.141916 0.050929 0.037922
0.587249 0.867067 0.052469 0.032475
0.827504 0.327840 0.057123 0.038726
0.383371 0.374994 0.054788 0.040607
0.059157 0.654280 0.051890 0.039338
0.494910 0.396660 0.067016 0.036377
0.933598 0.673684 0.050726 0.032642
0.377365 0.771179 0.059003 0.032286
0.595847 0.581791 0.055118 0.032686
0.483308 0.614607 0.055597 0.043520
0.269450 0.736816 0.068311 0.031964
0.063233 0.921615 0.051918 0.025955
0.063781 0.887140 0.049103 0.037968
0.820831 0.877807 0.053548 0.032106
0.709913 0.605549 0.052125 0.034776
0.597559 0.546372 0.050523 0.036021
0.264340 0.888715 0.046845 0.029332
0.821809 0.806637 0.052469 0.032588
0.382048 0.336669 0.055157 0.035252
0.937539 0.296546 0.051251 0.034918
0.824098 0.436758 0.049246 0.035234
0.484855 0.529793 0.060734 0.042437
0.164768 0.961147 0.050240 0.030296
0.933085 0.335169 0.051704 0.041890
0.825682 0.471859 0.049084 0.032952
0.161728 0.927802 0.050915 0.036019
0.593898 0.955912 0.063685 0.031717
0.930610 0.936698 0.051776 0.031244
0.164832 0.720990 0.052366 0.033517
0.706250 0.874221 0.061961 0.036917
0.825187 0.402155 0.053968 0.032800
0.588783 0.898341 0.049357 0.029932
0.938681 0.147451 0.050639 0.033702
0.056681 0.053186 0.047651 0.034521
0.937904 0.744334 0.059212 0.029378
0.484760 0.438826 0.052708 0.041498
0.063012 0.616020 0.051692 0.032593
0.276757 0.147694 0.051395 0.037177
0.060390 0.851767 0.043867 0.029024
0.584129 0.764361 0.047674 0.031012
0.703330 0.761007 0.053441 0.037444
0.278830 0.108573 0.065015 0.036676
0.938428 0.071752 0.058690 0.045254
0.375821 0.534925 0.051540 0.039047
0.389221 0.103297 0.052122 0.036945
0.930469 0.969079 0.054310 0.032123
0.271998 0.699440 0.054461 0.036444
0.485106 0.572902 0.054389 0.034737
0.607507 0.262840 0.074816 0.041610
0.375274 0.655997 0.053190 0.047247
0.826897 0.582146 0.046908 0.035920
0.710961 0.422935 0.060390 0.039931
0.716686 0.154217 0.050560 0.034348
0.698527 0.954231 0.055714 0.039750
0.163836 0.557059 0.047177 0.036597
0.610790 0.182077 0.081124 0.043536
0.388420 0.216588 0.055868 0.037847
0.386956 0.065134 0.054034 0.039040
0.056442 0.132957 0.048186 0.040988
0.827869 0.203391 0.053704 0.034923
0.713864 0.383836 0.055195 0.038707
0.607833 0.338065 0.063213 0.037008
0.061147 0.252218 0.047470 0.039896
0.607487 0.222407 0.055752 0.036713
0.934593 0.852732 0.051312 0.044836
0.942382 0.111891 0.054324 0.035812
0.722711 0.120599 0.050707 0.030488
0.269750 0.813729 0.050299 0.036418
0.379745 0.416688 0.056722 0.041369
0.272245 0.400527 0.055572 0.050330
0.063899 0.469682 0.053991 0.035871
0.063450 0.509721 0.052930 0.039527
0.160530 0.783886 0.071890 0.037014
0.706121 0.497414 0.051603 0.035159
0.160899 0.883856 0.048721 0.044029
0.271907 0.440299 0.053748 0.030378
0.717948 0.291018 0.063997 0.043607
0.822736 0.737706 0.049672 0.036313
0.276922 0.021812 0.063307 0.039601
0.268537 0.921103 0.059717 0.025105
0.280856 0.187916 0.055745 0.039149
0.061120 0.694256 0.047531 0.032102
0.373512 0.841695 0.063333 0.027353
0.063956 0.729091 0.050898 0.034102
0.826098 0.544241 0.046825 0.035695
0.478028 0.897533 0.041814 0.030156
0.380674 0.609453 0.049056 0.043158
0.717356 0.215359 0.054347 0.032890
0.276207 0.308066 0.049680 0.040843
0.493871 0.784669 0.066775 0.044807
0.719888 0.080532 0.060146 0.046313
0.280052 0.230825 0.051427 0.038582
0.612480 0.103109 0.047315 0.034045
0.063272 0.174058 0.057029 0.038484
0.373195 0.906017 0.049379 0.030383
0.390476 0.179280 0.043052 0.035583
0.479163 0.961813 0.058483 0.031001
0.602865 0.446428 0.049916 0.038610
0.375436 0.740092 0.051234 0.025809
0.831845 0.170162 0.047654 0.030548
0.161920 0.596256 0.048479 0.038871
0.158057 0.484491 0.049877 0.037107
0.608235 0.303209 0.055409 0.029358
0.937577 0.426280 0.053379 0.039456
0.160197 0.682078 0.050043 0.044161
0.936665 0.379917 0.063772 0.044966
0.065631 0.768476 0.051304 0.038589
0.165608 0.141243 0.048277 0.033894
0.829886 0.281809 0.046339 0.049327
0.603874 0.410466 0.045197 0.032288
0.598835 0.509239 0.045379 0.028800
0.935774 0.500781 0.049796 0.033149
0.592777 0.618553 0.056124 0.030977
0.932982 0.603616 0.043008 0.033215
0.936459 0.256523 0.050283 0.035484
0.936472 0.464504 0.042510 0.033412
0.484592 0.484812 0.053824 0.045526
0.167594 0.295866 0.050099 0.035424
0.166211 0.174350 0.045673 0.032708
0.166489 0.028395 0.055379 0.043803
0.266647 0.473734 0.065727 0.035945
0.375391 0.455133 0.054634 0.033051
0.833056 0.135333 0.046305 0.034554
0.935344 0.027346 0.063885 0.039106
0.496595 0.250807 0.060609 0.025604
0.159855 0.520315 0.045149 0.034111
0.825903 0.505950 0.047632 0.036010
0.819208 0.705237 0.058740 0.030277
0.498024 0.170462 0.047904 0.046219
0.718511 0.185302 0.043240 0.026924
0.165977 0.103900 0.053800 0.040277
0.275410 0.353212 0.048293 0.039364
0.481255 0.861592 0.050335 0.037620
0.829301 0.238580 0.049985 0.035441
0.160816 0.442218 0.047413 0.040954
0.935808 0.184016 0.046734 0.036258
0.492227 0.328221 0.046619 0.027934
0.273221 0.570821 0.055526 0.027342
0.160045 0.396852 0.052809 0.047195
0.938313 0.222871 0.045503 0.035409
0.502817 0.067199 0.055354 0.036917
0.476254 0.930491 0.038990 0.030348
0.611591 0.067312 0.049865 0.033103
0.267030 0.953521 0.045311 0.031832
0.063163 0.211482 0.046126 0.035877
0.378781 0.491254 0.044727 0.039664
0.612040 0.029315 0.055210 0.038700
0.162702 0.344162 0.053657 0.051868
0.170140 0.066572 0.057542 0.026647
0.060333 0.583225 0.043783 0.028993
0.164214 0.256348 0.058784 0.042157
0.064408 0.383872 0.054617 0.032834
0.063679 0.338114 0.048053 0.047631
0.600344 0.480466 0.042910 0.028199
0.821108 0.954804 0.061386 0.031565
0.588241 0.690631 0.048891 0.030082
0.058107 0.293907 0.044646 0.033157
0.835183 0.065217 0.044105 0.039049
0.273224 0.605558 0.044289 0.035081
0.169594 0.212896 0.052544 0.040714
0.929016 0.895980 0.043015 0.040130
0.271929 0.535968 0.052276 0.033716
0.063285 0.549435 0.044952 0.033799
0.590268 0.927334 0.048328 0.022299
0.933769 0.571435 0.041024 0.030386
0.060980 0.019272 0.054842 0.025913
0.493911 0.025836 0.061845 0.042128
0.161096 0.845493 0.053500 0.029191
0.725199 0.031665 0.046101 0.047819
0.280033 0.269978 0.047972 0.032712
0.392333 0.024547 0.058444 0.036055
0.482023 0.825203 0.051243 0.033417
0.710645 0.461816 0.044065 0.033979
0.161010 0.753267 0.056717 0.022865
0.373634 0.946115 0.061297 0.046544
0.502644 0.131626 0.043618 0.036088
0.156800 0.816806 0.071490 0.022890
0.058734 0.955002 0.042688 0.038922
0.271964 0.505346 0.055489 0.026388
0.498289 0.101742 0.056941 0.026196
0.837966 0.101225 0.041738 0.029347
0.834493 0.026744 0.051172 0.038335
0.057405 0.425487 0.046671 0.043335
0.306104 0.947431 0.023302 0.022079
