0.724740 0.202577 0.067625 0.037715
0.599591 0.850609 0.069961 0.047467
0.398917 0.376733 0.069207 0.042049
0.715575 0.639036 0.073595 0.042498
0.172022 0.064275 0.063392 0.042980
0.497391 0.695128 0.071125 0.044435
0.270332 0.371458 0.065388 0.039649
0.379070 0.827140 0.067853 0.045350
0.378020 0.878043 0.068531 0.047325
0.288864 0.081607 0.071062 0.051731
0.505710 0.393318 0.085418 0.044909
0.284810 0.125582 0.069583 0.037132
0.284773 0.165396 0.071370 0.039628
0.933434 0.684948 0.064537 0.031721
0.927803 0.559556 0.069594 0.045840
0.709571 0.859242 0.061666 0.041076
0.723906 0.280341 0.060445 0.040062
0.936138 0.351774 0.066492 0.050771
0.277408 0.290084 0.067326 0.043743
0.824588 0.498341 0.078083 0.041730
0.712328 0.812913 0.069623 0.049538
0.724089 0.242231 0.067812 0.033995
0.394344 0.422564 0.070505 0.041138
0.284540 0.206654 0.060774 0.035890
0.506302 0.247843 0.065013 0.048165
0.821521 0.699559 0.065011 0.039230
0.163798 0.799952 0.072514 0.043332
0.389314 0.591182 0.071381 0.044387
0.505026 0.484802 0.063506 0.044366
0.613857 0.078516 0.062710 0.050369
0.724497 0.368589 0.078106 0.051694
0.507391 0.155285 0.065949 0.046229
0.164761 0.366727 0.060033 0.043278
0.275690 0.330534 0.069315 0.036822
0.712403 0.902002 0.066760 0.039988
0.390264 0.545535 0.078078 0.043428
0.392817 0.284494 0.059798 0.048775
0.387171 0.497841 0.069361 0.045710
0.931355 0.647238 0.056059 0.039489
0.053966 0.360357 0.066267 0.042801
0.501176 0.609223 0.057853 0.038789
0.272742 0.450586 0.063988 0.040503
0.825789 0.544141 0.084193 0.045104
0.401162 0.331551 0.072967 0.042208
0.822205 0.657748 0.063478 0.036021
0.616391 0.173213 0.081647 0.048433
0.165045 0.324678 0.059029 0.037019
0.390618 0.206013 0.075656 0.035279
0.820034 0.739448 0.056581 0.039070
0.166968 0.577727 0.061651 0.047330
0.599647 0.760088 0.080994 0.041397
0.382693 0.679986 0.075520 0.045539
0.933340 0.302070 0.063528 0.042919
0.725678 0.418366 0.067117 0.046248
0.818535 0.374235 0.067417 0.037896
0.391730 0.241267 0.072136 0.031140
0.619738 0.220750 0.079383 0.038235
0.928500 0.794695 0.060303 0.049171
0.500170 0.297944 0.069496 0.047656
0.600468 0.802571 0.057820 0.045378
0.826935 0.244199 0.068415 0.044318
0.826477 0.034556 0.077148 0.047658
0.834109 0.162528 0.072959 0.042658
0.712819 0.681529 0.064142 0.037480
0.510040 0.114461 0.076452 0.034728
0.165101 0.449257 0.055631 0.039346
0.051163 0.524270 0.054936 0.045079
0.509207 0.437404 0.064159 0.042007
0.270312 0.537966 0.056983 0.043208
0.163597 0.669506 0.071419 0.054025
0.160965 0.246507 0.054489 0.039179
0.394769 0.162804 0.076785 0.045952
0.827901 0.333055 0.069878 0.039387
0.502870 0.650109 0.063222 0.034927
0.495957 0.857660 0.065382 0.037265
0.162660 0.942266 0.067985 0.051183
0.509049 0.343525 0.062265 0.042288
0.818731 0.418026 0.060128 0.045038
0.612880 0.126440 0.076038 0.041609
0.826129 0.202543 0.078000 0.037338
0.721865 0.321701 0.058543 0.036825
0.164553 0.286694 0.054290 0.033950
0.938670 0.402161 0.061099 0.047045
0.263613 0.856597 0.070372 0.054715
0.713456 0.517621 0.066442 0.057738
0.277147 0.246244 0.069970 0.039724
0.606743 0.476208 0.074401 0.044476
0.165708 0.490101 0.068102 0.039692
0.930662 0.886216 0.055114 0.038312
0.494214 0.741987 0.073381 0.042318
0.508740 0.201346 0.053893 0.040220
0.620077 0.265453 0.057179 0.046819
0.826593 0.290162 0.069284 0.043667
0.511785 0.074580 0.068494 0.042940
0.715848 0.721723 0.071269 0.037403
0.266558 0.624440 0.059620 0.036727
0.726724 0.126689 0.055212 0.042177
0.496300 0.926510 0.076606 0.039837
0.056336 0.214928 0.070504 0.047744
0.165973 0.532730 0.074659 0.042158
0.724690 0.034184 0.076170 0.045080
0.052453 0.650178 0.057722 0.044633
0.825978 0.587215 0.063911 0.040886
0.931209 0.448155 0.080555 0.042288
0.601592 0.936945 0.071261 0.040142
0.168845 0.139336 0.061314 0.044954
0.606117 0.680758 0.071652 0.036152
0.162522 0.411497 0.065746 0.033081
0.053154 0.478286 0.063588 0.044265
0.166147 0.846829 0.069492 0.047038
0.709305 0.955984 0.067798 0.061890
0.813133 0.890142 0.063012 0.049019
0.270163 0.768721 0.071754 0.041041
0.161273 0.757500 0.067095 0.037311
0.929182 0.843468 0.058921 0.046260
0.267460 0.911888 0.067366 0.051469
0.063162 0.168786 0.080579 0.035475
0.268700 0.663863 0.080367 0.042282
0.816415 0.812793 0.051207 0.044056
0.825672 0.079357 0.070244 0.036233
0.936874 0.142238 0.063604 0.039222
0.726774 0.080911 0.060460 0.044146
0.937080 0.256070 0.057154 0.046488
0.054876 0.402001 0.060292 0.037823
0.604156 0.718725 0.065938 0.038162
0.608468 0.614396 0.064548 0.041555
0.933465 0.930598 0.056724 0.043381
0.397573 0.033395 0.074792 0.047243
0.721026 0.764289 0.073990 0.041958
0.507125 0.030406 0.060072 0.041343
0.497903 0.965774 0.075025 0.040446
0.932285 0.095464 0.058130 0.052287
0.828470 0.118820 0.062063 0.038236
0.718914 0.463317 0.069868 0.042897
0.397485 0.461045 0.066411 0.027199
0.269389 0.808623 0.061921 0.036320
0.165259 0.208891 0.068769 0.032792
0.057321 0.604964 0.068340 0.041773
0.380092 0.924279 0.055327 0.040152
0.500764 0.784650 0.064687 0.038347
0.058850 0.915714 0.072680 0.041146
0.385578 0.752707 0.056042 0.034178
0.931450 0.517630 0.065021 0.035939
0.383279 0.785890 0.056551 0.026629
0.398550 0.082792 0.054959 0.044625
0.723112 0.166360 0.050174 0.033338
0.164175 0.620965 0.063553 0.034125
0.500834 0.564278 0.059706 0.046360
0.049762 0.830486 0.061001 0.042624
0.931953 0.603973 0.048779 0.039227
0.601389 0.895274 0.065051 0.037673
0.059336 0.027145 0.061565 0.041855
0.610115 0.521008 0.067821 0.044189
0.051843 0.735718 0.052389 0.044998
0.820306 0.456772 0.073322 0.034114
0.054900 0.693215 0.063397 0.037156
0.060970 0.315391 0.070920 0.042644
0.932138 0.750624 0.053141 0.035312
0.264283 0.958669 0.064472 0.039505
0.274540 0.410956 0.049725 0.034270
0.397769 0.123135 0.067336 0.030109
0.065009 0.956108 0.083190 0.040837
0.603334 0.973612 0.058883 0.037911
0.498968 0.822009 0.064363 0.031523
0.609066 0.437232 0.065565 0.028153
0.065041 0.120123 0.061565 0.049977
0.502208 0.523353 0.057988 0.029553
0.611488 0.028897 0.056749 0.043745
0.168148 0.890345 0.060148 0.041053
0.172627 0.718077 0.056418 0.040149
0.268550 0.583356 0.047896 0.042626
0.063712 0.074054 0.062670 0.034151
0.046652 0.782301 0.067336 0.046426
0.385401 0.633839 0.052819 0.035690
0.936439 0.181897 0.050421 0.039095
0.934994 0.716306 0.056229 0.029086
0.715863 0.569704 0.061605 0.043338
0.812441 0.966505 0.053472 0.041743
0.383886 0.964768 0.068262 0.035958
0.164397 0.177170 0.050263 0.024375
0.267225 0.700455 0.071702 0.037298
0.607960 0.564644 0.056151 0.042707
0.615666 0.306766 0.069721 0.029808
0.269464 0.495142 0.059733 0.037002
0.604669 0.647657 0.058481 0.026562
0.821722 0.774007 0.054153 0.026847
0.938073 0.973849 0.067219 0.035131
0.383687 0.719010 0.053376 0.029991
0.058618 0.437806 0.059270 0.027516
0.049795 0.564262 0.057299 0.032082
0.053433 0.265796 0.061638 0.042666
0.939010 0.217187 0.068415 0.028031
0.826334 0.624257 0.077142 0.028754
0.492905 0.890848 0.054159 0.027369
0.933615 0.484042 0.054554 0.026718
0.056917 0.874257 0.075684 0.043199
0.282632 0.029493 0.045642 0.038535
0.170024 0.023612 0.053389 0.027952
0.609087 0.399768 0.057714 0.041553
0.929554 0.034929 0.075055 0.049817
0.611642 0.351234 0.064886 0.050421
0.811844 0.931337 0.044260 0.031169
0.815882 0.850066 0.067815 0.027523
0.716055 0.605329 0.052338 0.022162
0.273512 0.732818 0.066146 0.026003
0.167800 0.100571 0.073501 0.027678
