0.175495 0.316753 0.066460 0.037606
0.395667 0.809277 0.064517 0.041177
0.173606 0.358873 0.067711 0.039147
0.505552 0.520372 0.056497 0.035909
0.728143 0.778964 0.077115 0.046677
0.623300 0.859210 0.067284 0.041308
0.825640 0.553564 0.069649 0.043059
0.067640 0.396669 0.064936 0.040397
0.508379 0.770429 0.058003 0.039997
0.507247 0.972093 0.057106 0.041356
0.828684 0.507811 0.062671 0.042647
0.291123 0.195209 0.058003 0.039111
0.828568 0.721941 0.057763 0.047800
0.398534 0.585894 0.058763 0.039556
0.822960 0.830533 0.065534 0.037296
0.620640 0.726222 0.057167 0.033262
0.506482 0.809779 0.052869 0.034259
0.722731 0.554458 0.067431 0.046724
0.723439 0.952706 0.062201 0.041009
0.931804 0.891384 0.056820 0.039618
0.503084 0.482131 0.053998 0.037427
0.932307 0.247430 0.059510 0.037550
0.062928 0.264747 0.061419 0.047244
0.506932 0.893664 0.054524 0.044409
0.507113 0.727912 0.057328 0.041114
0.176837 0.814810 0.054072 0.035834
0.287848 0.580312 0.051874 0.037739
0.395856 0.267621 0.058099 0.037447
0.616623 0.405499 0.058939 0.040233
0.290783 0.269196 0.054921 0.035947
0.172698 0.276212 0.060115 0.040269
0.722581 0.216032 0.072661 0.041586
0.617296 0.652304 0.057925 0.039277
0.175203 0.770423 0.055124 0.044168
0.398244 0.922737 0.048925 0.036320
0.289431 0.967626 0.057634 0.035179
0.391368 0.069222 0.063108 0.039202
0.068982 0.354185 0.056616 0.041878
0.505052 0.557111 0.055259 0.033669
0.174437 0.892592 0.064463 0.035631
0.934326 0.850517 0.064102 0.039582
0.175680 0.679406 0.053867 0.040763
0.065786 0.439017 0.063472 0.037677
0.291077 0.794160 0.053581 0.032111
0.725454 0.300456 0.069679 0.037888
0.507230 0.181538 0.059246 0.036556
0.939438 0.542571 0.052058 0.038228
0.404243 0.545451 0.067270 0.038426
0.064687 0.829894 0.056445 0.036400
0.616789 0.479153 0.052574 0.033095
0.175694 0.852927 0.052830 0.036958
0.614993 0.764754 0.059631 0.040821
0.828024 0.596369 0.058559 0.037910
0.287461 0.932473 0.049137 0.031325
0.176353 0.439813 0.073109 0.037700
0.938529 0.449266 0.053259 0.032010
0.391764 0.308823 0.066968 0.039822
0.616558 0.443576 0.053544 0.036428
0.066451 0.311424 0.066337 0.042354
0.393871 0.852282 0.087767 0.040212
0.289931 0.726475 0.051155 0.035006
0.613502 0.364626 0.059304 0.036081
0.617016 0.296652 0.053969 0.042157
0.727937 0.734801 0.069627 0.039379
0.505687 0.658260 0.047664 0.034884
0.287401 0.542112 0.059361 0.030514
0.284488 0.508450 0.049176 0.032382
0.941539 0.414416 0.057356 0.033678
0.065513 0.872725 0.055413 0.044885
0.932312 0.648398 0.069103 0.034897
0.823380 0.634953 0.054981 0.038258
0.174959 0.483070 0.052036 0.040336
0.729366 0.911829 0.066494 0.034735
0.821735 0.677567 0.061190 0.037737
0.937327 0.929902 0.060295 0.034536
0.291235 0.648182 0.050104 0.036391
0.292533 0.760456 0.054022 0.027485
0.614125 0.253960 0.063754 0.041090
0.395510 0.134998 0.060025 0.036860
0.069003 0.916145 0.064909 0.041465
0.396754 0.961542 0.052870 0.035805
0.617952 0.689613 0.055530 0.035617
0.616462 0.613702 0.058079 0.033921
0.286689 0.234180 0.046705 0.034067
0.507186 0.217875 0.058891 0.033933
0.286292 0.893120 0.051492 0.043789
0.729592 0.646982 0.083088 0.041315
0.175056 0.521946 0.047461 0.033199
0.938193 0.352527 0.059261 0.035594
0.615116 0.809592 0.049931 0.045338
0.501497 0.382025 0.055364 0.040018
0.507380 0.620434 0.053439 0.037498
0.509047 0.848132 0.054067 0.040130
0.067396 0.186186 0.053660 0.036697
0.723093 0.174047 0.060717 0.041205
0.167980 0.560593 0.072255 0.037498
0.067053 0.148513 0.055839 0.036038
0.065776 0.796642 0.057404 0.032517
0.074353 0.756306 0.059139 0.042716
0.937037 0.581305 0.053293 0.039073
0.823777 0.867143 0.060028 0.032899
0.932199 0.211794 0.047785 0.032189
0.287504 0.430205 0.055761 0.038359
0.172057 0.601502 0.080682 0.040374
0.724503 0.869327 0.086549 0.045432
0.720877 0.100249 0.063990 0.046332
0.929738 0.805404 0.073960 0.048598
0.172815 0.068088 0.061120 0.046323
0.169327 0.194268 0.056624 0.037282
0.621547 0.897091 0.054888 0.028818
0.394315 0.628938 0.056407 0.043744
0.934624 0.284685 0.047477 0.031630
0.717491 0.444059 0.059383 0.041533
0.399104 0.888634 0.053219 0.030564
0.501634 0.147370 0.056884 0.029856
0.072268 0.519649 0.054770 0.040233
0.723774 0.482052 0.059192 0.036486
0.936504 0.384778 0.051572 0.028762
0.289470 0.686961 0.047294 0.036346
0.172974 0.641840 0.058605 0.033492
0.613413 0.218935 0.052348 0.030827
0.167491 0.116148 0.058997 0.044025
0.617943 0.541540 0.051002 0.031096
0.392698 0.423492 0.057808 0.038064
0.938138 0.480893 0.051150 0.031738
0.726710 0.373554 0.057752 0.035069
0.285205 0.156064 0.050077 0.037314
0.504824 0.690481 0.050358 0.032027
0.822065 0.077832 0.058363 0.040773
0.070520 0.478275 0.052888 0.039206
0.393318 0.102387 0.057718 0.027183
0.721398 0.260175 0.058294 0.044462
0.289714 0.840798 0.054789 0.052383
0.396510 0.506461 0.053507 0.038622
0.181733 0.964610 0.059120 0.036559
0.283660 0.311004 0.051061 0.041649
0.177897 0.927376 0.057739 0.037940
0.828452 0.903742 0.051417 0.035641
0.830805 0.356312 0.054528 0.031641
0.942393 0.963957 0.061298 0.034052
0.392685 0.223086 0.055947 0.051543
0.939645 0.511130 0.056056 0.027648
0.718781 0.027428 0.083385 0.036695
0.399342 0.771890 0.051451 0.029373
0.822277 0.033119 0.066894 0.046240
0.396799 0.172573 0.061523 0.041498
0.503836 0.417798 0.056347 0.028691
0.613486 0.182254 0.049150 0.042624
0.069610 0.565734 0.050402 0.050407
0.617682 0.510210 0.048218 0.029239
0.286448 0.470615 0.046004 0.038198
0.507301 0.933117 0.046104 0.033953
0.727771 0.600989 0.053710 0.045049
0.397340 0.710479 0.049233 0.040279
0.620008 0.926973 0.051023 0.031481
0.395893 0.667789 0.050023 0.036785
0.501254 0.114451 0.054794 0.036717
0.293840 0.390769 0.054624 0.037972
0.730444 0.823292 0.053807 0.036992
0.066789 0.032371 0.059297 0.042286
0.828525 0.938015 0.050350 0.030949
0.506569 0.257228 0.056381 0.038289
0.827623 0.389476 0.050269 0.033867
0.281995 0.116797 0.067033 0.037200
0.937293 0.718453 0.060482 0.040624
0.825519 0.464763 0.050279 0.037493
0.281803 0.075830 0.055354 0.041565
0.615109 0.576592 0.054021 0.036849
0.168740 0.233182 0.044089 0.036741
0.938758 0.759792 0.083262 0.042109
0.505219 0.344101 0.050530 0.038181
0.829956 0.426350 0.058088 0.038500
0.168807 0.156847 0.051481 0.036321
0.616522 0.059075 0.063119 0.037303
0.728479 0.514867 0.060020 0.030711
0.936576 0.318928 0.047675 0.030684
0.286740 0.616501 0.056361 0.024951
0.066651 0.618691 0.055872 0.046922
0.396467 0.381415 0.054150 0.037264
0.070086 0.222671 0.046863 0.034530
0.934124 0.180273 0.043013 0.031845
0.394055 0.464046 0.048811 0.044372
0.617763 0.332386 0.050541 0.024811
0.931294 0.033783 0.054497 0.046644
0.068761 0.078140 0.049505 0.043163
0.934388 0.143528 0.061923 0.041638
0.395031 0.345162 0.050055 0.034878
0.072411 0.714290 0.071583 0.042826
0.506639 0.586109 0.055552 0.027479
0.833383 0.318787 0.050079 0.039154
0.286461 0.030450 0.059179 0.044195
0.287265 0.353709 0.045933 0.036867
0.068528 0.957556 0.046970 0.034605
0.390423 0.028248 0.045400 0.037576
0.733110 0.406144 0.060304 0.030846
0.173200 0.399500 0.054929 0.036198
0.066596 0.668008 0.056929 0.047796
0.935488 0.682585 0.049816 0.032490
0.504617 0.300031 0.044377 0.046031
0.505382 0.446665 0.047944 0.028439
0.938009 0.615544 0.044485 0.027043
0.397884 0.744343 0.044237 0.026128
0.171897 0.727414 0.054489 0.040007
0.615904 0.097224 0.050573 0.037890
0.828526 0.114401 0.049240 0.036655
0.827006 0.795558 0.051222 0.031006
0.503020 0.052534 0.057316 0.032088
0.501456 0.083435 0.048215 0.024210
0.724887 0.336989 0.049656 0.033865
0.939563 0.100821 0.058438 0.038795
0.721512 0.061422 0.047904 0.031223
0.836764 0.274426 0.055014 0.050329
0.614971 0.139537 0.048533 0.046286
0.825618 0.764692 0.045538 0.033716
0.836230 0.227678 0.056794 0.034354
0.730935 0.691094 0.052521 0.045838
0.831049 0.966708 0.053909 0.028545
0.620899 0.965667 0.050478 0.042584
0.722486 0.138995 0.050459 0.029695
0.833639 0.195655 0.048634 0.031790
0.496894 0.024112 0.046697 0.026215
0.828519 0.155106 0.062453 0.045049
0.070218 0.113208 0.039480 0.027433
0.611908 0.025838 0.063132 0.033135
0.938678 0.068860 0.047063 0.023750
0.170608 0.027385 0.051656 0.033672
