0.932800 0.177571 0.076641 0.050428
0.602052 0.560399 0.091362 0.061987
0.600727 0.444430 0.095683 0.056933
0.160097 0.267492 0.075012 0.051746
0.716832 0.277953 0.074858 0.049089
0.262716 0.277552 0.080424 0.049958
0.828345 0.859030 0.068556 0.041393
0.375902 0.217606 0.078977 0.061692
0.166997 0.538102 0.082888 0.057666
0.935468 0.281610 0.073111 0.051909
0.712993 0.169401 0.086565 0.055603
0.058531 0.354421 0.088887 0.052777
0.070655 0.853054 0.065426 0.048474
0.600462 0.500132 0.093311 0.054361
0.718913 0.429071 0.094372 0.054895
0.933912 0.728255 0.078202 0.044801
0.718361 0.373252 0.087755 0.051220
0.058872 0.702872 0.066670 0.049345
0.939287 0.678744 0.066009 0.046126
0.601442 0.771882 0.071007 0.053637
0.265641 0.221809 0.072433 0.055817
0.265606 0.377454 0.094121 0.053792
0.831886 0.576104 0.082494 0.049714
0.591688 0.236713 0.090766 0.056370
0.050748 0.125385 0.073059 0.048777
0.373773 0.435227 0.090364 0.050589
0.164457 0.213558 0.068493 0.051568
0.597494 0.914339 0.077364 0.045319
0.823215 0.264752 0.079673 0.047807
0.161607 0.322661 0.068684 0.052766
0.599006 0.717727 0.078048 0.051657
0.933569 0.628975 0.071121 0.045225
0.378529 0.275702 0.069347 0.049953
0.929228 0.386317 0.085553 0.050696
0.830975 0.811811 0.073723 0.049746
0.826469 0.319064 0.071140 0.057455
0.162953 0.376073 0.069927 0.048686
0.374858 0.582917 0.072697 0.041515
0.718814 0.754490 0.086112 0.053919
0.372180 0.160647 0.080447 0.046615
0.376148 0.745601 0.084758 0.042934
0.158450 0.066805 0.078501 0.053418
0.377679 0.486064 0.079542 0.044522
0.267177 0.326582 0.078313 0.042445
0.278640 0.744996 0.077392 0.042448
0.066581 0.756248 0.071410 0.048166
0.934127 0.966390 0.076700 0.046016
0.169012 0.691955 0.058946 0.047828
0.712876 0.116878 0.080130 0.043342
0.606273 0.963340 0.080989 0.048347
0.829282 0.521885 0.075248 0.049523
0.489672 0.708993 0.078036 0.051631
0.713764 0.324009 0.079993 0.040063
0.171327 0.877465 0.073108 0.041445
0.487944 0.312645 0.071340 0.053122
0.272160 0.432523 0.078135 0.054405
0.598934 0.619259 0.084476 0.050596
0.938130 0.775331 0.073347 0.044167
0.373702 0.384401 0.078300 0.048835
0.060587 0.510562 0.070424 0.049861
0.932644 0.121737 0.067574 0.057081
0.175036 0.785869 0.088004 0.053093
0.057615 0.299277 0.064011 0.050704
0.059674 0.652366 0.074005 0.043934
0.712656 0.224065 0.067222 0.050641
0.596090 0.339817 0.095609 0.045093
0.491700 0.163554 0.087167 0.046810
0.716458 0.812597 0.074747 0.050637
0.164677 0.597816 0.068389 0.053722
0.267557 0.166846 0.079049 0.048418
0.826712 0.373089 0.066045 0.047759
0.072038 0.904441 0.076895 0.048185
0.706889 0.907819 0.097636 0.049272
0.936519 0.489610 0.067427 0.049596
0.164970 0.159136 0.073193 0.049895
0.934089 0.437104 0.079609 0.046443
0.603109 0.867061 0.086029 0.043984
0.378777 0.333295 0.069217 0.056040
0.935262 0.533754 0.069541 0.035446
0.836647 0.666210 0.075281 0.045398
0.378668 0.797253 0.065363 0.049758
0.940659 0.920052 0.066645 0.042867
0.936075 0.824919 0.055083 0.048690
0.275954 0.791005 0.079270 0.042877
0.722442 0.960547 0.083931 0.050867
0.053353 0.068915 0.066075 0.059977
0.490998 0.657927 0.078505 0.044037
0.275270 0.933668 0.063341 0.034951
0.831518 0.903083 0.081157 0.042179
0.606720 0.669817 0.084586 0.043404
0.280149 0.972514 0.073295 0.039565
0.825826 0.421694 0.067669 0.045807
0.826709 0.470558 0.063629 0.047939
0.494575 0.758548 0.077006 0.045863
0.714499 0.067018 0.079829 0.057190
0.937612 0.228276 0.064025 0.045356
0.264349 0.067073 0.077667 0.054145
0.170236 0.922890 0.059206 0.040535
0.051742 0.181249 0.067724 0.056646
0.074453 0.960182 0.088280 0.052568
0.054436 0.409966 0.063780 0.054756
0.389174 0.962137 0.067606 0.051064
0.821600 0.166019 0.061110 0.049853
0.598188 0.389041 0.084319 0.044533
0.277689 0.840789 0.057791 0.047101
0.056153 0.565955 0.059127 0.047850
0.934208 0.578157 0.058470 0.049353
0.270527 0.545059 0.066411 0.057650
0.600129 0.820399 0.085127 0.038651
0.378488 0.536495 0.061490 0.049672
0.716822 0.702112 0.080404 0.046086
0.716579 0.859922 0.076046 0.038038
0.934357 0.335422 0.066202 0.046535
0.935209 0.873671 0.066748 0.043249
0.384826 0.902316 0.074303 0.051375
0.482570 0.261587 0.068072 0.043598
0.486032 0.606333 0.069401 0.058337
0.821768 0.112674 0.081699 0.044144
0.166242 0.482871 0.063126 0.048569
0.929894 0.062660 0.064920 0.054557
0.493834 0.857628 0.082782 0.050935
0.833408 0.712025 0.071101 0.046295
0.493493 0.962618 0.087387 0.044754
0.171001 0.647241 0.065510 0.035742
0.173011 0.965956 0.063813 0.036706
0.270546 0.489233 0.059830 0.053670
0.598832 0.291100 0.062466 0.048473
0.480728 0.063045 0.079578 0.052546
0.171935 0.737939 0.064696 0.033713
0.833132 0.761376 0.065466 0.048406
0.828025 0.213755 0.056078 0.040979
0.057655 0.607356 0.060999 0.032789
0.174543 0.834887 0.082021 0.037359
0.053975 0.241572 0.058437 0.053820
0.056800 0.459818 0.059409 0.044627
0.165343 0.428453 0.051083 0.050185
0.599528 0.114849 0.071342 0.051381
0.162676 0.112814 0.060703 0.033930
0.491656 0.550081 0.058607 0.044379
0.067153 0.804407 0.056750 0.040985
0.370015 0.112302 0.067182 0.045531
0.721776 0.642491 0.090053 0.052588
0.492782 0.911373 0.065072 0.049572
0.280693 0.890894 0.052478 0.046436
0.375333 0.635059 0.071439 0.052040
0.830502 0.623059 0.063506 0.039266
0.713704 0.584913 0.076439 0.050436
0.487522 0.504135 0.060502 0.039681
0.491147 0.412612 0.075911 0.035994
0.593443 0.174034 0.081211 0.062799
0.821824 0.061441 0.071242 0.052026
0.483348 0.113606 0.072926 0.045535
0.383844 0.849787 0.094816 0.052627
0.484011 0.368706 0.068292 0.047692
0.486506 0.457147 0.055787 0.042576
0.716547 0.528138 0.084925 0.052253
0.382102 0.695703 0.069021 0.054803
0.483679 0.212911 0.067704 0.044508
0.369074 0.063558 0.060239 0.049025
0.716984 0.478078 0.060568 0.041781
0.497032 0.808275 0.075470 0.047067
0.264386 0.115171 0.058388 0.042414
0.597232 0.060826 0.074923 0.049805
0.272895 0.648985 0.063196 0.048436
0.270988 0.699779 0.058169 0.045375
0.833038 0.966570 0.080560 0.045300
0.273502 0.599411 0.070805 0.049373
