0.141375 0.252105 0.070050 0.032707
0.081452 0.810313 0.058353 0.029408
0.525959 0.138367 0.060506 0.036666
0.744145 0.881756 0.066468 0.032343
0.171586 0.897473 0.075081 0.031961
0.351214 0.748728 0.063068 0.030347
0.051231 0.347291 0.056480 0.028684
0.347194 0.582531 0.054887 0.030174
0.346199 0.473745 0.064370 0.032361
0.356681 0.784955 0.063960 0.032266
0.173158 0.804812 0.052849 0.027306
0.743495 0.645945 0.059621 0.034979
0.164208 0.734216 0.059348 0.029058
0.808061 0.176735 0.058416 0.034219
0.349929 0.509801 0.059844 0.032454
0.163520 0.701964 0.062226 0.025863
0.152319 0.391271 0.053705 0.031043
0.533235 0.410553 0.052315 0.029352
0.622114 0.210494 0.048544 0.034304
0.239052 0.328298 0.057136 0.037146
0.428649 0.271006 0.055097 0.029217
0.437994 0.442728 0.061453 0.030132
0.056664 0.452070 0.061856 0.031352
0.085405 0.845071 0.053259 0.024803
0.241110 0.217250 0.057743 0.028348
0.460756 0.854777 0.055186 0.030900
0.432705 0.371280 0.069062 0.036689
0.160650 0.672348 0.058088 0.026257
0.818065 0.520927 0.053391 0.029568
0.536188 0.374774 0.057121 0.033071
0.247884 0.183293 0.058251 0.032192
0.353116 0.685770 0.049804 0.026418
0.722038 0.213527 0.052611 0.032179
0.456664 0.889401 0.054201 0.030577
0.526827 0.175228 0.061450 0.028812
0.340797 0.369173 0.060536 0.031842
0.344269 0.404825 0.053861 0.031763
0.171627 0.836376 0.057148 0.022960
0.256881 0.590266 0.067617 0.031535
0.352617 0.616205 0.060144 0.029396
0.745581 0.820364 0.050793 0.026277
0.060011 0.523700 0.061187 0.033378
0.352890 0.653082 0.055299 0.029981
0.362154 0.884981 0.053694 0.032641
0.831322 0.751521 0.063717 0.028780
0.446116 0.636480 0.053222 0.027995
0.269829 0.897152 0.056412 0.026231
0.148717 0.290097 0.049592 0.032547
0.719238 0.252811 0.050802 0.036340
0.139793 0.187606 0.047946 0.033420
0.338474 0.255482 0.059228 0.030858
0.429696 0.303886 0.063501 0.028411
0.746168 0.681237 0.052383 0.030798
0.543887 0.687455 0.049554 0.033951
0.535464 0.446696 0.051610 0.033808
0.252414 0.492267 0.062724 0.027597
0.556333 0.868031 0.064312 0.041028
0.349740 0.544978 0.056420 0.030104
0.256515 0.734586 0.049431 0.031287
0.431778 0.232954 0.048322 0.033949
0.047599 0.311577 0.059398 0.031305
0.825308 0.686969 0.050403 0.035777
0.360125 0.848694 0.059297 0.031398
0.264638 0.846176 0.060315 0.025129
0.626629 0.277739 0.060299 0.036422
0.143238 0.218616 0.056399 0.027139
0.836974 0.862307 0.061291 0.030474
0.438306 0.572216 0.053307 0.027971
0.446340 0.698034 0.057129 0.025872
0.536717 0.338533 0.059750 0.027496
0.149820 0.323389 0.067093 0.024703
0.069721 0.595699 0.058136 0.032837
0.533403 0.305502 0.049448 0.028215
0.162284 0.641911 0.058750 0.027451
0.822888 0.582805 0.050016 0.035258
0.744312 0.784761 0.050331 0.032427
0.828404 0.720174 0.056473 0.025680
0.153663 0.454628 0.053522 0.025691
0.159855 0.606285 0.055211 0.028818
0.048892 0.152448 0.048391 0.030556
0.440707 0.666739 0.054452 0.025404
0.719653 0.174268 0.049453 0.035317
0.242307 0.251032 0.055250 0.031229
0.456258 0.823892 0.066098 0.025835
0.064748 0.631265 0.052781 0.028190
0.527770 0.207426 0.059534 0.030310
0.250780 0.429180 0.055596 0.030149
0.549915 0.827361 0.060107 0.030656
0.548698 0.762226 0.054836 0.029015
0.741554 0.719264 0.046995 0.032554
0.547083 0.727074 0.051776 0.030953
0.721923 0.292119 0.049787 0.036638
0.632699 0.533434 0.065058 0.029911
0.448693 0.730193 0.046110 0.032066
0.365707 0.922646 0.053903 0.030644
0.540194 0.564901 0.052603 0.028874
0.243386 0.288180 0.050982 0.034403
0.809615 0.248451 0.053498 0.031044
0.616873 0.138549 0.052351 0.031425
0.816922 0.416543 0.057185 0.028939
0.805785 0.213357 0.053422 0.026886
0.624762 0.423387 0.052821 0.037844
0.734770 0.612604 0.052138 0.032225
0.440169 0.603711 0.046104 0.026049
0.643551 0.775980 0.049153 0.025154
0.808273 0.140960 0.049720 0.029416
0.159579 0.517035 0.063077 0.026887
0.730394 0.496897 0.049064 0.032387
0.173950 0.769410 0.055484 0.034100
0.425951 0.200155 0.052530 0.023715
0.236330 0.115754 0.066641 0.035838
0.543980 0.623982 0.050046 0.025939
0.524829 0.102649 0.056440 0.027074
0.151424 0.422737 0.046796 0.027685
0.173700 0.864653 0.050569 0.023042
0.808522 0.310904 0.052969 0.030936
0.720984 0.333462 0.053955 0.031675
0.252737 0.627536 0.056692 0.035061
0.083031 0.771113 0.059891 0.040176
0.148431 0.355643 0.057614 0.030457
0.338547 0.148309 0.059537 0.034410
0.250793 0.458736 0.050799 0.026881
0.445753 0.763877 0.060657 0.023652
0.810869 0.102307 0.054171 0.035293
0.048473 0.216740 0.044569 0.034068
0.538133 0.527227 0.049523 0.029284
0.640423 0.666567 0.047613 0.032368
0.835192 0.782477 0.050266 0.030475
0.822074 0.453720 0.053679 0.034813
0.638680 0.703230 0.046569 0.029048
0.339012 0.223419 0.061951 0.033823
0.656969 0.872347 0.063207 0.030309
0.728289 0.462544 0.054938 0.025280
0.621129 0.243411 0.057556 0.023327
0.253077 0.700335 0.043592 0.030967
0.550629 0.792897 0.059753 0.027990
0.430053 0.166657 0.062971 0.029178
0.552119 0.912326 0.061071 0.029297
0.716740 0.136699 0.050756 0.031766
0.637033 0.633421 0.055692 0.023090
0.071656 0.729691 0.045514 0.029047
0.722006 0.368443 0.052330 0.025439
0.355080 0.713658 0.046442 0.024692
0.136457 0.150503 0.053660 0.030474
0.342779 0.290237 0.056443 0.029688
0.452089 0.793374 0.055704 0.027001
0.628827 0.312739 0.055884 0.036413
0.543607 0.655399 0.054489 0.025111
0.081497 0.874690 0.041323 0.026372
0.748034 0.849020 0.053077 0.022053
0.046303 0.380259 0.040204 0.031956
0.813259 0.377517 0.047435 0.034244
0.536712 0.486804 0.048490 0.036619
0.333472 0.109954 0.062378 0.029644
0.639083 0.601492 0.057538 0.034069
0.642219 0.741293 0.041200 0.032490
0.810695 0.342558 0.050588 0.028427
0.538813 0.267843 0.057741 0.035760
0.620451 0.103822 0.048059 0.033063
0.616934 0.173722 0.045109 0.031168
0.438874 0.537624 0.054748 0.029906
0.260906 0.771891 0.045022 0.034238
0.430568 0.102430 0.060775 0.028109
0.250502 0.552435 0.041524 0.029193
0.724097 0.398969 0.045286 0.029996
0.837289 0.890123 0.054638 0.021866
0.834506 0.824773 0.061831 0.033709
0.437279 0.411746 0.045452 0.023679
0.245897 0.393727 0.056975 0.024201
0.157289 0.575366 0.043444 0.031289
0.829077 0.651565 0.054859 0.032402
0.061664 0.559274 0.045170 0.030908
0.431022 0.133110 0.053559 0.027891
0.264553 0.810065 0.054561 0.035737
0.624073 0.390072 0.044723 0.028223
0.342363 0.439656 0.038252 0.029336
0.046518 0.280025 0.050614 0.023309
0.240789 0.151178 0.064666 0.028710
0.157399 0.485817 0.054023 0.029801
0.156124 0.546213 0.055869 0.021608
0.822488 0.550659 0.047682 0.019896
0.051290 0.417178 0.039383 0.030912
0.724664 0.431564 0.040270 0.027964
0.081599 0.910822 0.045323 0.030135
0.624598 0.353563 0.046986 0.036201
0.253494 0.665381 0.041854 0.029786
0.664130 0.908780 0.060217 0.038320
0.646253 0.807188 0.041182 0.027830
0.068076 0.697607 0.037246 0.029837
0.338219 0.186779 0.041598 0.032685
0.818938 0.488295 0.038928 0.028312
0.650360 0.839795 0.043304 0.022508
0.826815 0.619445 0.059456 0.025526
0.718250 0.101069 0.053278 0.031146
0.739303 0.575523 0.055196 0.039397
0.178473 0.928905 0.055457 0.027789
0.540695 0.594571 0.037779 0.024841
0.046648 0.183578 0.048317 0.018866
0.264184 0.870869 0.043322 0.018330
0.808613 0.283046 0.054310 0.027064
0.755711 0.915789 0.059216 0.027426
0.438139 0.507484 0.070959 0.024666
0.058824 0.488109 0.043766 0.024454
0.136108 0.116124 0.046998 0.032273
0.269702 0.928005 0.043229 0.028430
0.431260 0.337190 0.050811 0.029413
0.629002 0.464017 0.038715 0.032766
0.734681 0.532763 0.040317 0.034133
0.458396 0.920648 0.051075 0.024071
0.247760 0.522186 0.044516 0.019790
0.638119 0.567284 0.050049 0.031087
0.356292 0.817270 0.064130 0.021820
0.343692 0.336030 0.052582 0.025147
0.066881 0.663312 0.043945 0.028491
0.438745 0.474740 0.043441 0.030063
0.248006 0.364732 0.075588 0.022648
0.833229 0.916728 0.049843 0.026677
0.745057 0.752135 0.046466 0.023979
0.047740 0.250947 0.059738 0.023429
0.047184 0.116908 0.033385 0.026960
0.535191 0.237329 0.055776 0.024084
0.637047 0.500060 0.054256 0.024944
