0.114954 0.207661 0.053170 0.030359
0.407870 0.370064 0.056421 0.030040
0.409911 0.334049 0.058302 0.028459
0.393107 0.836717 0.059727 0.035188
0.211472 0.395212 0.060942 0.038473
0.510989 0.305101 0.061243 0.032349
0.115280 0.275664 0.061623 0.028383
0.709898 0.224130 0.058580 0.030726
0.497142 0.683315 0.053866 0.037740
0.312207 0.534949 0.054760 0.028915
0.505759 0.488596 0.055335 0.031076
0.511425 0.231119 0.056016 0.033124
0.115667 0.436347 0.061995 0.035155
0.513965 0.196036 0.051808 0.029825
0.609777 0.248020 0.056068 0.030091
0.602237 0.632588 0.058336 0.027772
0.114849 0.243360 0.050670 0.029417
0.602144 0.598187 0.052841 0.031965
0.900887 0.290614 0.047095 0.035339
0.410252 0.273840 0.055801 0.030835
0.305746 0.646582 0.052519 0.030781
0.205377 0.522925 0.048669 0.032869
0.709135 0.286661 0.055354 0.029554
0.709011 0.321124 0.061293 0.026095
0.299348 0.780007 0.050938 0.040577
0.494996 0.724910 0.052698 0.036272
0.204453 0.736312 0.052896 0.034346
0.900159 0.493632 0.056267 0.030876
0.204914 0.885903 0.047839 0.034366
0.208744 0.484151 0.052427 0.033705
0.892312 0.626286 0.057845 0.029150
0.115180 0.369342 0.058431 0.025946
0.205411 0.632400 0.055148 0.030289
0.508197 0.381580 0.051091 0.032536
0.505634 0.450308 0.049498 0.032296
0.405382 0.498455 0.053330 0.035993
0.106923 0.790856 0.049784 0.034256
0.797175 0.843167 0.055620 0.041337
0.602483 0.664665 0.053499 0.030750
0.308869 0.610337 0.047521 0.034630
0.415138 0.178006 0.046880 0.029864
0.807958 0.233990 0.048801 0.032313
0.510562 0.342433 0.061467 0.037005
0.398547 0.761180 0.059249 0.029709
0.889840 0.834499 0.053692 0.031868
0.899139 0.360599 0.047991 0.036601
0.116614 0.337455 0.048569 0.027778
0.318320 0.167873 0.055622 0.027236
0.702730 0.429984 0.048379 0.036908
0.312600 0.384273 0.046551 0.034685
0.597016 0.534661 0.048652 0.037360
0.897816 0.399745 0.059139 0.028905
0.205020 0.844604 0.047395 0.034354
0.703764 0.353771 0.051658 0.035817
0.597014 0.741939 0.056997 0.035955
0.496778 0.811088 0.048863 0.033626
0.507258 0.526291 0.053608 0.036243
0.515495 0.132888 0.057542 0.035481
0.706500 0.468730 0.050817 0.032113
0.321332 0.236870 0.060171 0.031623
0.393939 0.875765 0.046811 0.037258
0.111094 0.753645 0.057073 0.026746
0.114510 0.172816 0.051468 0.033121
0.801799 0.471441 0.047201 0.035213
0.697527 0.926827 0.050440 0.028169
0.811695 0.135303 0.050998 0.032760
0.601957 0.458481 0.056154 0.032137
0.701759 0.506437 0.046200 0.035103
0.703418 0.563743 0.053335 0.028223
0.902847 0.251434 0.052819 0.032606
0.316311 0.102994 0.051051 0.037774
0.402528 0.611940 0.049165 0.034060
0.805852 0.404159 0.049669 0.033459
0.887557 0.766165 0.049724 0.031184
0.586476 0.866916 0.049729 0.028019
0.902415 0.157904 0.051360 0.027040
0.206415 0.560954 0.046552 0.032103
0.610904 0.212999 0.056128 0.026565
0.397572 0.798496 0.047505 0.035318
0.894293 0.685579 0.055075 0.031400
0.504420 0.416045 0.048655 0.025626
0.500347 0.609138 0.050242 0.037940
0.715078 0.186443 0.063405 0.032288
0.589213 0.897519 0.054840 0.024799
0.110968 0.513524 0.054580 0.032836
0.802092 0.566769 0.060417 0.029985
0.496381 0.767999 0.050779 0.039782
0.702987 0.633178 0.056527 0.026500
0.597848 0.495777 0.046453 0.029619
0.305540 0.710605 0.050668 0.029276
0.699916 0.732089 0.049428 0.039027
0.605103 0.362562 0.049413 0.041235
0.701766 0.393794 0.054846 0.032289
0.806899 0.340554 0.045300 0.037045
0.897951 0.460812 0.052304 0.024887
0.896292 0.429772 0.046957 0.027442
0.417463 0.140512 0.046128 0.040038
0.109988 0.583902 0.040675 0.037084
0.711477 0.100355 0.055018 0.034004
0.319856 0.302381 0.047889 0.028500
0.404699 0.538253 0.051031 0.031882
0.318712 0.137197 0.051905 0.024701
0.418608 0.101548 0.049054 0.031675
0.311576 0.571564 0.053381 0.034596
0.886471 0.909219 0.054451 0.027542
0.308828 0.499972 0.044613 0.029904
0.699929 0.797726 0.046174 0.035407
0.798347 0.802624 0.051155 0.033220
0.801650 0.534728 0.054422 0.024641
0.302641 0.743048 0.045736 0.026069
0.113080 0.685884 0.050673 0.033164
0.298436 0.877275 0.051122 0.036335
0.883539 0.873239 0.047005 0.034822
0.807990 0.267184 0.051460 0.029566
0.214399 0.249017 0.046653 0.036596
0.905544 0.123807 0.049289 0.024782
0.408732 0.462653 0.049324 0.032040
0.807075 0.302238 0.042542 0.035265
0.294815 0.917910 0.050661 0.031121
0.315751 0.342285 0.043618 0.039760
0.797739 0.880730 0.043645 0.027634
0.702012 0.660155 0.054493 0.026927
0.698349 0.835028 0.051482 0.030547
0.588783 0.926591 0.050236 0.028276
0.696920 0.691891 0.056029 0.034464
0.892220 0.655634 0.055835 0.024036
0.508260 0.267133 0.040891 0.032806
0.206322 0.809762 0.047354 0.026534
0.400482 0.730650 0.058011 0.029080
0.208397 0.141347 0.048083 0.034061
0.311795 0.467177 0.053772 0.030542
0.696942 0.897126 0.039948 0.028209
0.414190 0.211978 0.047420 0.028506
0.710279 0.254455 0.041410 0.024830
0.901158 0.327160 0.046905 0.026795
0.806940 0.199963 0.044921 0.025664
0.114722 0.134537 0.040548 0.029942
0.409721 0.303755 0.041801 0.023799
0.207040 0.919204 0.053498 0.029421
0.610344 0.282172 0.047025 0.032936
0.892467 0.593678 0.045091 0.030810
0.409521 0.428072 0.041239 0.031133
0.397189 0.916409 0.058838 0.039523
0.212882 0.316439 0.053285 0.029233
0.110677 0.544976 0.041919 0.028115
0.209285 0.598151 0.056588 0.030709
0.320543 0.199279 0.053999 0.032604
0.607372 0.152367 0.043196 0.026256
0.202137 0.698457 0.042574 0.031326
0.296534 0.816532 0.056792 0.024619
0.696093 0.865797 0.045353 0.026006
0.512873 0.097733 0.044124 0.031533
0.498137 0.649083 0.048378 0.026592
0.591625 0.823209 0.049662 0.040764
0.614167 0.097820 0.055499 0.033493
0.320586 0.270680 0.039821 0.027864
0.401874 0.648285 0.039081 0.028954
0.811345 0.167983 0.048688 0.031650
0.804317 0.439492 0.056310 0.025141
0.116143 0.307380 0.037031 0.024324
0.210473 0.352587 0.043988 0.035076
0.607184 0.320412 0.048434 0.036027
0.904541 0.097878 0.050008 0.024071
0.208732 0.664211 0.050593 0.025186
0.795442 0.716736 0.044137 0.038390
0.304930 0.678340 0.035861 0.026665
0.795302 0.678400 0.050971 0.030868
0.107783 0.867354 0.045921 0.038147
0.801552 0.763407 0.048688 0.041159
0.802027 0.506700 0.040830 0.025493
0.601349 0.700718 0.049782 0.035667
0.806954 0.372304 0.045987 0.023063
0.609993 0.183067 0.037636 0.027497
0.506419 0.567641 0.051711 0.039584
0.109566 0.619531 0.056644 0.022279
0.107719 0.827816 0.041237 0.028598
0.214915 0.102650 0.047597 0.032872
0.695964 0.598857 0.061607 0.036730
0.400328 0.700037 0.041243 0.023793
0.698282 0.766879 0.044459 0.023776
0.603188 0.396601 0.042859 0.019247
0.706076 0.537548 0.047303 0.018424
0.711875 0.130301 0.052703 0.023760
0.603334 0.423289 0.039027 0.024445
0.715869 0.155329 0.052081 0.020555
0.511201 0.164910 0.041904 0.024029
0.493174 0.850784 0.051976 0.030614
0.854073 0.232589 0.039086 0.030772
0.900116 0.188916 0.047955 0.021478
0.418156 0.241962 0.053040 0.021240
0.604497 0.568040 0.049685 0.020956
0.892794 0.558938 0.039294 0.031950
0.895852 0.525889 0.044644 0.027838
0.208497 0.454091 0.047224 0.021155
0.113107 0.400141 0.062365 0.030639
0.494750 0.932307 0.044037 0.024618
0.109119 0.719237 0.033690 0.030444
0.795683 0.912741 0.048242 0.031529
0.885627 0.935638 0.040273 0.023500
0.206143 0.774734 0.038217 0.033752
0.309554 0.413082 0.045672 0.019978
0.211891 0.176477 0.039353 0.030040
0.295767 0.845000 0.040310 0.020027
0.591347 0.780030 0.035960 0.032360
0.212212 0.212105 0.039150 0.031628
0.114322 0.101169 0.048319 0.030624
0.408781 0.399431 0.040836 0.018585
0.499370 0.886124 0.052143 0.031075
0.311907 0.436923 0.040308 0.024559
0.110987 0.650262 0.053672 0.026986
0.401039 0.574914 0.043836 0.033692
0.799729 0.599608 0.052097 0.027201
0.798795 0.643964 0.041639 0.028313
0.113038 0.475436 0.053847 0.032729
0.904496 0.218237 0.043710 0.025716
0.108416 0.912914 0.042823 0.038544
0.614361 0.126417 0.050215 0.020322
0.212956 0.429245 0.053456 0.020446
0.401131 0.675308 0.041564 0.017381
0.811484 0.099691 0.047263 0.028303
0.889031 0.723670 0.043199 0.038734
0.207062 0.284748 0.044688 0.022716
0.888045 0.799946 0.036608 0.028935
0.501246 0.910630 0.056289 0.017072
0.801105 0.620021 0.043250 0.020952
