0.387227 0.960216 0.088631 0.057368
0.932123 0.792136 0.075714 0.054892
0.930816 0.598258 0.085014 0.052628
0.605093 0.723139 0.089112 0.041177
0.615696 0.921966 0.084084 0.043979
0.606653 0.672021 0.087815 0.052838
0.495057 0.651424 0.073602 0.047759
0.385027 0.583071 0.077836 0.053935
0.056279 0.423128 0.078140 0.052220
0.495261 0.272787 0.077395 0.058147
0.266748 0.115436 0.080734 0.049905
0.279661 0.760832 0.087587 0.054045
0.389753 0.897859 0.085679 0.058207
0.607835 0.564108 0.090884 0.052383
0.927608 0.392876 0.079057 0.046578
0.932763 0.280602 0.080092 0.052051
0.606807 0.228632 0.090060 0.049093
0.929270 0.337725 0.078541 0.056717
0.618162 0.510724 0.089488 0.047798
0.058591 0.367577 0.070130 0.053062
0.386843 0.841220 0.075534 0.048225
0.389742 0.529541 0.081280 0.050345
0.276184 0.655871 0.090478 0.052027
0.266624 0.275220 0.081744 0.051437
0.164777 0.283966 0.086568 0.057321
0.823850 0.544725 0.081351 0.050225
0.822460 0.273057 0.083284 0.057984
0.387068 0.791567 0.073141 0.050113
0.497344 0.493355 0.069425 0.056085
0.935420 0.650275 0.092774 0.046161
0.158782 0.229184 0.085565 0.056811
0.928366 0.164153 0.075094 0.054261
0.061690 0.478189 0.071718 0.050247
0.169453 0.887131 0.085857 0.042590
0.494330 0.106398 0.078324 0.052856
0.931527 0.443822 0.067938 0.046718
0.827153 0.804279 0.073323 0.057932
0.059727 0.680467 0.072906 0.054333
0.385737 0.418847 0.084854 0.057414
0.613015 0.616264 0.086747 0.050945
0.929334 0.543612 0.073181 0.048899
0.380311 0.116084 0.079545 0.052880
0.824584 0.330689 0.072361 0.056687
0.267151 0.062081 0.079942 0.052920
0.931854 0.891241 0.073338 0.043986
0.279237 0.817550 0.095106 0.050178
0.495088 0.383733 0.080639 0.054240
0.608086 0.120958 0.082253 0.064703
0.273841 0.707737 0.068928 0.045761
0.933505 0.223933 0.072977 0.056749
0.167956 0.717692 0.066152 0.052503
0.387647 0.738834 0.080245 0.046856
0.620682 0.967862 0.088598 0.044303
0.166717 0.661048 0.085179 0.052126
0.380947 0.637016 0.078762 0.049534
0.283238 0.918735 0.084975 0.042589
0.925172 0.109688 0.073325 0.052918
0.058905 0.110066 0.079338 0.043659
0.065094 0.897304 0.080025 0.047513
0.166454 0.397690 0.089304 0.041345
0.719288 0.513275 0.072707 0.051207
0.267001 0.328997 0.084720 0.044994
0.061418 0.314784 0.074548 0.046587
0.931408 0.495061 0.068657 0.041400
0.167058 0.345526 0.081713 0.060352
0.287961 0.869487 0.081275 0.050866
0.719815 0.159183 0.068370 0.052509
0.167417 0.168982 0.078928 0.051428
0.611463 0.177644 0.084658 0.046026
0.054835 0.062702 0.075930 0.048869
0.272333 0.433271 0.084683 0.048567
0.930056 0.697407 0.082907 0.046406
0.935316 0.932386 0.077151 0.037463
0.607715 0.274902 0.079376 0.038703
0.496556 0.755773 0.067091 0.048017
0.603970 0.056797 0.087191 0.055895
0.824321 0.747411 0.071554 0.053145
0.721269 0.844613 0.076902 0.043386
0.167796 0.113556 0.077034 0.051919
0.608167 0.319707 0.075440 0.041503
0.055537 0.163143 0.078589 0.052439
0.719337 0.748621 0.073027 0.052910
0.167615 0.606740 0.089618 0.061763
0.718511 0.460124 0.083184 0.046863
0.606030 0.772834 0.078514 0.046697
0.498387 0.214646 0.071316 0.049126
0.823581 0.689050 0.075882 0.050789
0.720800 0.106288 0.072736 0.048289
0.608162 0.464245 0.063090 0.041642
0.718980 0.566445 0.075806 0.046669
0.062991 0.738136 0.072770 0.057756
0.504488 0.326877 0.085097 0.047302
0.608433 0.823792 0.065489 0.049671
0.389105 0.474803 0.084163 0.053695
0.498139 0.437523 0.061652 0.050831
0.498485 0.703311 0.059782 0.050983
0.829968 0.857614 0.084001 0.043074
0.493421 0.599054 0.081855 0.047583
0.825815 0.640635 0.079013 0.039811
0.059843 0.622849 0.059310 0.058277
0.057479 0.263242 0.061767 0.048055
0.824421 0.440024 0.079743 0.051428
0.067530 0.796049 0.080630 0.048319
0.163219 0.060113 0.086492 0.050911
0.717839 0.315062 0.087009 0.050060
0.815870 0.213027 0.086046 0.058294
0.713894 0.656443 0.086718 0.044381
0.273149 0.491422 0.089149 0.055600
0.068853 0.847158 0.091457 0.048353
0.171366 0.547579 0.091777 0.048243
0.606282 0.370410 0.077058 0.051741
0.719025 0.931188 0.072522 0.042165
0.384272 0.058732 0.078563 0.053426
0.267519 0.548233 0.069593 0.046764
0.925784 0.054572 0.066027 0.054062
0.723449 0.215904 0.063202 0.054702
0.383219 0.236194 0.069229 0.056368
0.168293 0.771059 0.071971 0.046571
0.724733 0.888735 0.072366 0.041405
0.272484 0.163191 0.080504 0.041911
0.608683 0.419444 0.062383 0.040777
0.496699 0.803528 0.057044 0.036825
0.503255 0.902743 0.079990 0.052992
0.493248 0.054054 0.076717 0.044766
0.271205 0.218085 0.078144 0.054285
0.495888 0.160756 0.061400 0.053841
0.286137 0.962613 0.080176 0.044084
0.725508 0.267074 0.088604 0.047742
0.500421 0.848184 0.077457 0.044404
0.176101 0.451993 0.085139 0.055788
0.272102 0.601809 0.071516 0.054048
0.502803 0.958023 0.076452 0.051939
0.384251 0.295655 0.072503 0.057707
0.932714 0.967049 0.090737 0.034820
0.821004 0.962127 0.106263 0.056688
0.381122 0.357165 0.092183 0.061395
0.495071 0.547605 0.068570 0.047488
0.272820 0.384180 0.069238 0.050276
0.724090 0.404618 0.082893 0.050734
0.824786 0.385684 0.058347 0.050795
0.821683 0.908363 0.084698 0.048269
0.391596 0.688587 0.053603 0.046970
0.823396 0.109393 0.066497 0.045555
0.615962 0.875205 0.077078 0.051128
0.716800 0.056165 0.074102 0.052643
0.931720 0.744744 0.069610 0.032447
0.059193 0.569441 0.052247 0.038698
0.719634 0.700862 0.069744 0.032287
0.058211 0.214094 0.050455 0.045691
0.719513 0.967340 0.070440 0.038088
0.060537 0.952062 0.094566 0.056920
0.165979 0.833743 0.073727 0.049952
0.825038 0.493465 0.058269 0.044612
0.931350 0.844814 0.049884 0.043011
0.823484 0.056642 0.069483 0.054266
0.721216 0.799065 0.047759 0.041875
0.063019 0.527313 0.066688 0.037557
0.730562 0.362378 0.086677 0.035070
0.725082 0.612120 0.084742 0.038383
0.822351 0.156263 0.068820 0.048255
0.384501 0.174216 0.074383 0.056454
0.175516 0.501955 0.079163 0.043409
0.174795 0.959025 0.090698 0.052181
0.827929 0.596883 0.049709 0.042190
0.171514 0.934781 0.067029 0.051782
