0.264607 0.395039 0.058892 0.031456
0.464426 0.346062 0.057121 0.036802
0.237320 0.816256 0.057278 0.033421
0.465757 0.270641 0.055643 0.033413
0.166116 0.275727 0.054732 0.032911
0.167126 0.309515 0.059189 0.033338
0.762364 0.353915 0.059241 0.030129
0.165211 0.208858 0.056924 0.039044
0.236504 0.777986 0.056480 0.033239
0.860122 0.470381 0.062486 0.037130
0.873017 0.327527 0.054738 0.037135
0.562299 0.344920 0.056896 0.031279
0.642201 0.803349 0.053403 0.032736
0.158848 0.490643 0.061737 0.035578
0.576021 0.122061 0.056267 0.032807
0.162605 0.416839 0.055287 0.037901
0.672178 0.314669 0.054701 0.029593
0.846124 0.681874 0.063942 0.027489
0.552443 0.514861 0.057562 0.031401
0.366260 0.274065 0.055643 0.029717
0.248910 0.595377 0.059462 0.033826
0.851994 0.572360 0.055785 0.033599
0.465221 0.306074 0.048849 0.031447
0.637022 0.769563 0.052097 0.027817
0.854024 0.614432 0.059939 0.039227
0.868367 0.259577 0.063909 0.030534
0.553338 0.479002 0.050798 0.028990
0.678093 0.246279 0.049355 0.036528
0.749678 0.575404 0.054914 0.033883
0.152101 0.616911 0.053438 0.030330
0.749038 0.538928 0.051731 0.030981
0.676367 0.210873 0.050487 0.029651
0.770689 0.154218 0.055114 0.031110
0.646452 0.674413 0.060454 0.032084
0.833727 0.806328 0.051839 0.026665
0.262338 0.431545 0.060727 0.031158
0.350233 0.540778 0.059980 0.035294
0.363179 0.309423 0.047560 0.034516
0.443635 0.653461 0.060316 0.035040
0.270817 0.113188 0.058896 0.032780
0.263118 0.357189 0.052887 0.029982
0.360129 0.403242 0.053502 0.029874
0.562526 0.446085 0.056848 0.034213
0.539146 0.657303 0.049973 0.029263
0.872350 0.223073 0.059639 0.029932
0.841851 0.870440 0.053345 0.033174
0.354249 0.438184 0.050893 0.032607
0.166588 0.378542 0.062817 0.029337
0.360509 0.343286 0.048606 0.028070
0.831928 0.837437 0.051925 0.024966
0.873858 0.158649 0.057445 0.028617
0.666260 0.350359 0.046835 0.034199
0.668246 0.280592 0.054400 0.026282
0.868835 0.190122 0.052642 0.027879
0.235149 0.880700 0.049800 0.032493
0.751412 0.504537 0.053974 0.026282
0.426276 0.858084 0.044389 0.027606
0.474178 0.184853 0.054119 0.032126
0.158998 0.455565 0.049848 0.027814
0.256978 0.489989 0.053948 0.029047
0.374676 0.156521 0.058176 0.029495
0.741370 0.751420 0.046843 0.030783
0.537920 0.621846 0.051776 0.032686
0.861911 0.433916 0.058318 0.024444
0.349638 0.502017 0.045934 0.032451
0.529873 0.819711 0.049776 0.027758
0.242735 0.707233 0.069691 0.029027
0.461800 0.416485 0.056753 0.027246
0.378672 0.120337 0.060503 0.033462
0.432439 0.826035 0.049850 0.028189
0.276518 0.151740 0.051965 0.036503
0.663255 0.414731 0.048011 0.031264
0.741948 0.851286 0.055491 0.027018
0.841465 0.902329 0.047237 0.026727
0.539008 0.719753 0.051605 0.029862
0.857930 0.537341 0.052529 0.031608
0.252254 0.555223 0.050212 0.033789
0.662702 0.383448 0.048639 0.022271
0.558879 0.379737 0.045068 0.030487
0.644517 0.712717 0.048307 0.030286
0.155144 0.549758 0.048803 0.028750
0.456464 0.495017 0.054394 0.030574
0.349598 0.573752 0.057077 0.027284
0.741702 0.788512 0.048065 0.029251
0.343145 0.608692 0.050387 0.034761
0.654638 0.483168 0.046095 0.030516
0.152793 0.583569 0.045342 0.027135
0.636679 0.866704 0.043859 0.027823
0.764206 0.287204 0.058231 0.031666
0.770738 0.119748 0.050453 0.028481
0.865845 0.363162 0.056809 0.027898
0.532848 0.855563 0.045795 0.033499
0.869782 0.293016 0.053371 0.027479
0.739840 0.718172 0.044935 0.028769
0.740729 0.653368 0.044819 0.027976
0.438041 0.722954 0.049051 0.028460
0.164160 0.345367 0.051908 0.030514
0.463114 0.456064 0.049518 0.040166
0.575111 0.183801 0.056446 0.027957
0.265779 0.252870 0.045141 0.035836
0.141659 0.867124 0.044261 0.025620
0.270922 0.189301 0.047156 0.031096
0.764565 0.252756 0.063405 0.029235
0.168813 0.243627 0.052321 0.026285
0.648890 0.637007 0.050833 0.030965
0.331994 0.886992 0.059346 0.031669
0.170052 0.116142 0.050286 0.028445
0.760825 0.319265 0.047313 0.029963
0.336305 0.774193 0.048901 0.032409
0.847210 0.652127 0.058523 0.023406
0.142078 0.737727 0.053617 0.031354
0.650468 0.549579 0.042180 0.030925
0.742779 0.686983 0.039766 0.027630
0.774541 0.087232 0.058949 0.028989
0.261565 0.322929 0.046334 0.032115
0.142163 0.812321 0.047720 0.031721
0.270397 0.221648 0.047449 0.025907
0.679692 0.152169 0.042524 0.030074
0.452462 0.573864 0.052920 0.042338
0.430109 0.793680 0.047953 0.026029
0.577135 0.086730 0.061156 0.031101
0.564794 0.217078 0.041762 0.031271
0.635673 0.896620 0.057264 0.024596
0.567207 0.253970 0.039381 0.033709
0.253179 0.522129 0.048641 0.025673
0.446494 0.614609 0.047983 0.034378
0.559389 0.412997 0.058913 0.025454
0.379479 0.085552 0.058387 0.027407
0.747816 0.615037 0.052845 0.035245
0.150050 0.653394 0.060138 0.029762
0.427173 0.891051 0.045458 0.030529
0.476991 0.111004 0.041979 0.033181
0.452076 0.531226 0.051440 0.035479
0.472776 0.147932 0.046449 0.031217
0.332982 0.811612 0.041661 0.034159
0.468006 0.240071 0.040081 0.023265
0.169377 0.172184 0.054474 0.026958
0.756266 0.419836 0.053011 0.022960
0.245566 0.675343 0.058478 0.022515
0.434099 0.757900 0.040443 0.030859
0.650259 0.517225 0.057749 0.027968
0.371498 0.193479 0.042350 0.032336
0.349630 0.471257 0.044794 0.023734
0.758566 0.387118 0.046144 0.031469
0.860178 0.506692 0.060083 0.022714
0.168012 0.143327 0.057696 0.024059
0.441464 0.688498 0.055083 0.030289
0.337445 0.738853 0.047110 0.028540
0.460509 0.382819 0.056102 0.031682
0.245473 0.638063 0.049756 0.040734
0.563952 0.285875 0.061299 0.023588
0.563893 0.313875 0.053013 0.026958
0.367279 0.235142 0.045194 0.041286
0.142964 0.775379 0.053031 0.034151
0.840069 0.773165 0.051639 0.032506
0.768484 0.185956 0.042221 0.029813
0.548111 0.551258 0.045120 0.031430
0.678096 0.180438 0.050074 0.020810
0.075048 0.087109 0.053195 0.029488
0.535995 0.790680 0.045550 0.019833
0.272223 0.083098 0.046342 0.026297
0.842127 0.739638 0.038826 0.024796
0.753940 0.474624 0.056887 0.020536
0.878305 0.122738 0.045858 0.029133
0.684107 0.087568 0.054024 0.031279
0.862866 0.398862 0.040737 0.036484
0.142032 0.893497 0.051770 0.023475
0.768113 0.216969 0.049843 0.030398
0.262964 0.289322 0.040499 0.027331
0.237044 0.849992 0.038330 0.026900
0.745968 0.821164 0.051556 0.024529
0.753329 0.447336 0.043405 0.024084
0.336687 0.680953 0.040741 0.028801
0.333594 0.847246 0.045550 0.027222
0.645199 0.742087 0.049215 0.019328
0.542959 0.589100 0.047435 0.031865
0.651767 0.603477 0.040313 0.024411
0.842907 0.711879 0.043368 0.020320
0.335641 0.710689 0.051220 0.022624
0.362605 0.373111 0.059572 0.024020
0.537113 0.757559 0.041051 0.038016
0.240165 0.740621 0.037840 0.028339
0.573954 0.155516 0.037867 0.026876
0.680402 0.119634 0.044897 0.028985
0.179776 0.080635 0.061058 0.030346
0.261950 0.460531 0.050860 0.020160
0.533262 0.890166 0.047327 0.025347
0.077624 0.129684 0.045957 0.042113
0.341993 0.649035 0.042176 0.033759
0.152699 0.522122 0.040231 0.018370
0.468532 0.214746 0.039792 0.020268
0.150294 0.702641 0.047054 0.030131
0.653213 0.578236 0.050307 0.018064
0.879865 0.091356 0.044425 0.025545
0.657907 0.449382 0.049823 0.031839
0.539820 0.688101 0.037454 0.028105
0.642952 0.837035 0.058618 0.020163
0.741711 0.890783 0.040977 0.031329
0.139238 0.840799 0.035191 0.017045
0.151837 0.672649 0.052184 0.023381
0.694143 0.580896 0.029012 0.021966
0.475011 0.081002 0.038502 0.017329
0.605711 0.210498 0.023612 0.018475
0.509371 0.212898 0.026793 0.015232
0.279927 0.739740 0.025048 0.017914
0.173341 0.838627 0.035933 0.020042
0.475533 0.682872 0.021563 0.014763
