0.167142 0.259351 0.058725 0.039424
0.918568 0.566204 0.055634 0.039965
0.588254 0.748535 0.066232 0.036690
0.393496 0.278068 0.059296 0.043576
0.823020 0.318406 0.060275 0.039710
0.376405 0.564934 0.058601 0.042082
0.487447 0.355539 0.071131 0.039653
0.921487 0.647659 0.057158 0.038011
0.283497 0.192816 0.063626 0.039669
0.919433 0.687310 0.059250 0.037678
0.919980 0.809694 0.056838 0.039273
0.260574 0.897751 0.066964 0.044728
0.495252 0.183028 0.061203 0.036207
0.822003 0.393980 0.052906 0.033367
0.168468 0.177107 0.053660 0.036415
0.267146 0.670694 0.070846 0.039687
0.150463 0.810402 0.072126 0.037209
0.924358 0.765525 0.053487 0.043929
0.822924 0.432708 0.053124 0.036220
0.281436 0.358166 0.058435 0.036163
0.805738 0.754334 0.059387 0.038664
0.280291 0.316775 0.053806 0.042004
0.267709 0.821679 0.056196 0.041847
0.479767 0.918562 0.062705 0.030471
0.491882 0.267806 0.059641 0.044287
0.367868 0.856170 0.064148 0.039432
0.366879 0.743487 0.067584 0.048110
0.923739 0.724257 0.055697 0.034973
0.920404 0.606871 0.055903 0.037799
0.270847 0.740472 0.054893 0.034264
0.272189 0.778554 0.059495 0.038383
0.382707 0.608297 0.057473 0.042462
0.592484 0.706117 0.054399 0.040198
0.495863 0.148335 0.052010 0.034116
0.388322 0.320142 0.057389 0.039921
0.169194 0.301171 0.059803 0.042479
0.161330 0.909662 0.045973 0.031492
0.484867 0.741171 0.057271 0.046384
0.166755 0.217709 0.054015 0.040793
0.587212 0.664622 0.051319 0.040881
0.607882 0.228735 0.061638 0.040485
0.489646 0.434074 0.053826 0.040793
0.068370 0.144042 0.056946 0.038611
0.712176 0.704134 0.057505 0.037832
0.484817 0.541590 0.067547 0.029549
0.815717 0.468060 0.062256 0.034830
0.692949 0.928519 0.057336 0.038043
0.386525 0.359506 0.061066 0.038835
0.820144 0.503932 0.057099 0.036282
0.157964 0.773048 0.049369 0.036486
0.933387 0.070101 0.054478 0.040465
0.163052 0.942738 0.055517 0.030634
0.367568 0.896404 0.054124 0.037819
0.276413 0.234407 0.052741 0.042643
0.922533 0.525679 0.055031 0.036607
0.488189 0.475670 0.051610 0.042318
0.168640 0.135690 0.049328 0.042816
0.934955 0.265545 0.060426 0.032213
0.491794 0.109624 0.069193 0.042934
0.264358 0.860622 0.063244 0.029199
0.061010 0.936849 0.059175 0.038372
0.495880 0.315029 0.052393 0.042322
0.271751 0.627543 0.051766 0.044310
0.585604 0.864955 0.052242 0.042549
0.480782 0.885157 0.049870 0.031528
0.715543 0.533153 0.061524 0.042671
0.381684 0.401589 0.054356 0.043417
0.164396 0.534990 0.076202 0.041991
0.065268 0.349868 0.050077 0.036741
0.587857 0.622839 0.054778 0.039149
0.607917 0.272358 0.056602 0.041492
0.063795 0.228765 0.050861 0.044177
0.825212 0.280058 0.057492 0.032437
0.485306 0.697091 0.049204 0.036444
0.937836 0.339412 0.056443 0.038587
0.058004 0.573123 0.053805 0.033520
0.585564 0.822417 0.054932 0.043950
0.054657 0.730605 0.055353 0.036822
0.065845 0.267882 0.048063 0.035621
0.371021 0.820948 0.049595 0.034266
0.276015 0.463770 0.057522 0.033784
0.803459 0.869052 0.049098 0.051151
0.160176 0.662550 0.047093 0.037597
0.175070 0.024646 0.056556 0.035474
0.269336 0.577786 0.077106 0.048688
0.279247 0.274766 0.046854 0.035880
0.163921 0.580720 0.058695 0.046764
0.934186 0.106574 0.053804 0.036811
0.921251 0.886856 0.044963 0.039082
0.807088 0.921061 0.068093 0.043956
0.929589 0.228893 0.048293 0.040656
0.376021 0.444330 0.060094 0.043460
0.054908 0.690192 0.042933 0.041589
0.493830 0.222717 0.051911 0.041727
0.710167 0.746799 0.050992 0.042014
0.925635 0.448589 0.044101 0.036836
0.157574 0.733401 0.051289 0.042093
0.063517 0.386851 0.055274 0.036060
0.371776 0.973694 0.053804 0.034915
0.486731 0.623481 0.045793 0.040910
0.273632 0.535312 0.059943 0.031426
0.488964 0.395871 0.051016 0.035099
0.373446 0.696942 0.050921 0.041202
0.065248 0.308540 0.047016 0.041519
0.167761 0.447903 0.048795 0.040156
0.708304 0.790263 0.050569 0.038235
0.701408 0.888929 0.052069 0.041143
0.056776 0.645609 0.044682 0.042738
0.481027 0.848364 0.049881 0.040149
0.271178 0.708534 0.054863 0.026859
0.163197 0.490662 0.059408 0.041781
0.711162 0.622784 0.051132 0.047021
0.064528 0.185596 0.045937 0.040324
0.924506 0.961991 0.046774 0.037342
0.370770 0.936464 0.060681 0.041206
0.615682 0.059513 0.052092 0.041802
0.291080 0.068659 0.048877 0.043169
0.379795 0.525725 0.049560 0.034496
0.826892 0.195613 0.054713 0.040216
0.588991 0.784793 0.050330 0.033943
0.159935 0.697139 0.047493 0.029842
0.805384 0.793664 0.049006 0.041223
0.055202 0.894635 0.046025 0.043632
0.921177 0.487519 0.046674 0.038517
0.164893 0.408797 0.045306 0.034747
0.368032 0.785442 0.043659 0.034674
0.917799 0.849697 0.048732 0.034861
0.599590 0.422180 0.056802 0.042660
0.392481 0.230727 0.046779 0.046512
0.480044 0.809908 0.045965 0.033369
0.393939 0.026479 0.067026 0.040310
0.596388 0.466605 0.049237 0.044599
0.378841 0.653997 0.049516 0.044253
0.814110 0.542129 0.047462 0.038555
0.173382 0.092237 0.051464 0.037989
0.612553 0.140197 0.050965 0.043408
0.589913 0.542931 0.046498 0.037291
0.709174 0.576741 0.052344 0.042787
0.696137 0.966737 0.059909 0.031183
0.811477 0.826872 0.057556 0.026999
0.832453 0.063952 0.056671 0.038128
0.808609 0.585953 0.080738 0.044016
0.932089 0.145498 0.044499 0.038038
0.831933 0.104027 0.065303 0.040745
0.288256 0.026045 0.059105 0.044369
0.932961 0.030647 0.047671 0.039066
0.505357 0.024289 0.058127 0.033518
0.930763 0.377149 0.047597 0.034960
0.260731 0.939633 0.043441 0.036277
0.828397 0.025665 0.053275 0.035191
0.709579 0.666891 0.045076 0.038317
0.065790 0.972208 0.062010 0.029633
0.058410 0.430144 0.046292 0.044070
0.481451 0.952290 0.054248 0.036283
0.290712 0.108208 0.042511 0.032288
0.176316 0.057260 0.050226 0.028998
0.272450 0.499560 0.051753 0.033930
0.932365 0.299217 0.056818 0.037114
0.058404 0.608075 0.045028 0.028357
0.375826 0.487005 0.047310 0.042509
0.277579 0.394795 0.045685 0.031664
0.611483 0.186245 0.047158 0.043327
0.051058 0.854975 0.044040 0.033070
0.826018 0.242134 0.050054 0.048439
0.066250 0.107297 0.040035 0.033957
0.588324 0.904020 0.050431 0.036317
0.158125 0.844616 0.058434 0.026819
0.052576 0.817533 0.041478 0.035524
0.394052 0.063203 0.049479 0.035182
0.488334 0.581404 0.055389 0.043752
0.482954 0.779225 0.042104 0.027829
0.488924 0.660444 0.042843 0.029702
0.599878 0.380833 0.060903 0.041762
0.259722 0.975488 0.041706 0.032343
0.162503 0.876256 0.048257 0.035596
0.931461 0.186032 0.046049 0.044688
0.804510 0.965328 0.045494 0.042049
0.492546 0.511129 0.052793 0.027318
0.822229 0.357497 0.039836 0.035769
0.927773 0.411556 0.038561 0.031887
0.285936 0.148913 0.047351 0.044999
0.169285 0.342510 0.044884 0.033321
0.711225 0.487390 0.048147 0.040762
0.727688 0.114500 0.055985 0.034710
0.278984 0.425776 0.043331 0.033520
0.072008 0.031837 0.059506 0.047847
0.922755 0.924690 0.039872 0.031525
0.066391 0.073897 0.046614 0.034913
0.589126 0.937629 0.045512 0.033913
0.055200 0.536348 0.043148 0.036230
0.392079 0.189898 0.047194 0.032008
0.163780 0.623879 0.048204 0.035758
0.056638 0.472753 0.043551 0.038011
0.808736 0.678203 0.042530 0.042483
0.727825 0.028015 0.055406 0.038837
0.587127 0.581222 0.042925 0.039933
0.500763 0.062319 0.052318 0.045727
0.166504 0.375241 0.039486 0.030772
0.393047 0.105803 0.046191 0.044745
0.808948 0.717791 0.042453 0.031131
0.710739 0.446454 0.043079 0.037556
0.717939 0.320160 0.046144 0.036583
0.696674 0.842999 0.068361 0.045912
0.593960 0.507736 0.041811 0.035198
0.592650 0.970618 0.042636 0.033355
0.056180 0.776845 0.050473 0.041205
0.615743 0.021137 0.039354 0.029070
0.716561 0.360861 0.047018 0.044146
0.719702 0.248597 0.043340 0.032392
0.827281 0.152796 0.046829 0.042084
0.714825 0.282833 0.060869 0.038549
0.725180 0.158983 0.045226 0.044976
0.812583 0.632253 0.043580 0.041352
0.614194 0.099075 0.053422 0.036697
0.640414 0.362356 0.040270 0.030608
0.389642 0.151454 0.045702 0.044376
0.055671 0.507219 0.036077 0.034151
0.721593 0.073635 0.051462 0.045930
0.721371 0.204762 0.045856 0.045472
0.610334 0.311510 0.070069 0.034941
0.713406 0.404445 0.045393 0.038904
0.171667 0.973001 0.061507 0.023467
