0.615129 0.965078 0.073309 0.058225
0.723175 0.194761 0.074156 0.054162
0.385665 0.482367 0.077588 0.054838
0.935934 0.313346 0.088306 0.055707
0.720022 0.344399 0.084836 0.052040
0.058465 0.901344 0.078601 0.052713
0.271182 0.176482 0.076216 0.047834
0.383539 0.539273 0.074244 0.052398
0.386691 0.267551 0.069629 0.052986
0.055820 0.213216 0.087446 0.052636
0.938290 0.424521 0.077671 0.051079
0.277673 0.681403 0.073864 0.056483
0.056092 0.267544 0.077013 0.049476
0.931254 0.099418 0.087256 0.043911
0.721035 0.463644 0.076825 0.055214
0.832734 0.839096 0.084944 0.054163
0.500410 0.118978 0.074090 0.051621
0.383916 0.594082 0.067092 0.053439
0.166518 0.108022 0.076096 0.054843
0.728921 0.858546 0.075309 0.057197
0.828467 0.142550 0.076028 0.046037
0.164008 0.807353 0.079004 0.051782
0.055760 0.107341 0.073156 0.046412
0.726812 0.916916 0.075082 0.048297
0.386062 0.703014 0.077230 0.050502
0.938432 0.150837 0.081403 0.050474
0.842582 0.939375 0.075248 0.038584
0.831344 0.782900 0.089745 0.055825
0.943787 0.863832 0.071253 0.056322
0.502613 0.318902 0.077677 0.043800
0.270448 0.229751 0.084768 0.048539
0.724628 0.689551 0.081077 0.049162
0.834574 0.479413 0.077068 0.047374
0.385055 0.321446 0.076361 0.047520
0.057227 0.963496 0.081813 0.055239
0.937025 0.202465 0.074479 0.047649
0.825088 0.043673 0.089492 0.045147
0.726024 0.519395 0.071612 0.049851
0.501815 0.366020 0.085896 0.044294
0.719611 0.405558 0.091406 0.058677
0.607154 0.533789 0.088020 0.049634
0.058119 0.481633 0.074856 0.055551
0.057464 0.158790 0.084643 0.048529
0.169705 0.751705 0.082182 0.053772
0.503468 0.779715 0.080953 0.049615
0.933658 0.369233 0.083647 0.052594
0.048233 0.635937 0.076438 0.048957
0.829935 0.196082 0.070991 0.052599
0.273063 0.409349 0.087753 0.061509
0.931543 0.047238 0.087466 0.053719
0.280355 0.891996 0.074714 0.046118
0.832979 0.659157 0.084346 0.064171
0.390480 0.211243 0.076475 0.054677
0.390263 0.157004 0.087828 0.047533
0.505218 0.895147 0.077203 0.059172
0.392891 0.881851 0.078670 0.048972
0.830506 0.257069 0.076692 0.061958
0.505376 0.834500 0.080269 0.052466
0.607329 0.481152 0.075985 0.051319
0.939711 0.694105 0.069171 0.053177
0.936811 0.473927 0.082081 0.038591
0.270743 0.466884 0.081829 0.050568
0.061648 0.535707 0.072367 0.046593
0.936182 0.256795 0.077745 0.051432
0.501351 0.956481 0.085839 0.053829
0.720532 0.297344 0.075013 0.039296
0.827110 0.091439 0.063920 0.047824
0.280220 0.625348 0.082412 0.048967
0.173672 0.576546 0.078095 0.053206
0.498757 0.058205 0.088257 0.063838
0.724365 0.964798 0.086905 0.043755
0.615181 0.107178 0.077653 0.044677
0.615753 0.158699 0.077819 0.048344
0.614103 0.216009 0.074775 0.055177
0.938686 0.915198 0.075191 0.041310
0.943097 0.581061 0.073982 0.051604
0.615849 0.753938 0.088239 0.055225
0.612062 0.054085 0.079375 0.051429
0.054921 0.685973 0.072413 0.047817
0.505185 0.681828 0.087125 0.054841
0.271653 0.122014 0.089624 0.054059
0.614682 0.696815 0.071402 0.054150
0.167299 0.462765 0.075938 0.051331
0.944041 0.806114 0.070481 0.049382
0.497122 0.518852 0.065052 0.047379
0.170636 0.962322 0.091483 0.060764
0.164757 0.055872 0.075227 0.046635
0.166391 0.520607 0.074892 0.052573
0.718122 0.138381 0.060512 0.057529
0.385361 0.057538 0.077691 0.053621
0.496781 0.573387 0.080007 0.051835
0.278099 0.837945 0.078132 0.048465
0.944182 0.638469 0.072827 0.049314
0.169994 0.337919 0.064307 0.055594
0.385015 0.375819 0.069547 0.054532
0.614416 0.860268 0.077251 0.052808
0.058387 0.845000 0.076199 0.054563
0.610623 0.590849 0.087720 0.057584
0.616171 0.317741 0.071711 0.045266
0.280857 0.969674 0.076469 0.043941
0.826275 0.317344 0.073503 0.047584
0.829688 0.428647 0.059444 0.051806
0.058169 0.741951 0.076262 0.053136
0.827243 0.595279 0.087655 0.049844
0.726663 0.042888 0.075090 0.042115
0.840307 0.892901 0.056072 0.050736
0.060242 0.372198 0.076025 0.039900
0.503881 0.268618 0.063018 0.045726
0.501082 0.626323 0.096907 0.050045
0.275012 0.285804 0.082307 0.056131
0.058077 0.791990 0.078244 0.045658
0.725414 0.249271 0.077549 0.051385
0.167096 0.639181 0.085376 0.061844
0.610043 0.426913 0.089530 0.050462
0.725312 0.634828 0.060165 0.054266
0.385878 0.427567 0.066053 0.043421
0.500480 0.173450 0.077570 0.055746
0.390923 0.968125 0.071506 0.036642
0.826994 0.536530 0.066998 0.054524
0.617174 0.913269 0.060443 0.042278
0.277820 0.931984 0.069633 0.031529
0.618352 0.268238 0.070943 0.047461
0.942320 0.525296 0.082855 0.055434
0.391295 0.765459 0.073670 0.055692
0.056130 0.584679 0.057591 0.041517
0.389520 0.927570 0.069512 0.040260
0.385989 0.649643 0.083135 0.053080
0.840939 0.975131 0.068445 0.032903
0.943612 0.960812 0.060210 0.043838
0.722203 0.084508 0.055283 0.038595
0.173582 0.906365 0.079099 0.038125
0.503468 0.729355 0.068163 0.039420
0.169157 0.402578 0.064739 0.064649
0.164901 0.282433 0.061214 0.043534
0.053743 0.059142 0.062276 0.050010
0.276878 0.736914 0.067129 0.049979
0.390712 0.825932 0.078488 0.054362
0.829284 0.374323 0.061651 0.054017
0.390816 0.108143 0.056861 0.046690
0.940568 0.750616 0.064589 0.053977
0.727462 0.801698 0.066850 0.046387
0.057162 0.322691 0.058072 0.051644
0.165975 0.161597 0.075498 0.048292
0.278630 0.786366 0.063165 0.048697
0.610632 0.372808 0.065493 0.054722
0.724396 0.574122 0.076690 0.055745
0.833111 0.723022 0.062352 0.058235
0.611964 0.645489 0.070874 0.042542
0.500669 0.419729 0.072519 0.056532
0.497687 0.223972 0.070542 0.039427
0.274343 0.061796 0.071216 0.061137
0.168000 0.699596 0.080075 0.045159
0.279144 0.522473 0.055557 0.052285
0.054538 0.423821 0.072010 0.055172
0.277774 0.347646 0.069767 0.056813
0.725948 0.748794 0.086664 0.059672
0.502791 0.474124 0.075257 0.036521
0.166134 0.861616 0.058460 0.052569
0.616905 0.807506 0.066567 0.049867
0.278116 0.575260 0.070105 0.049803
0.164603 0.223927 0.075540 0.065542
