0.733324 0.324156 0.063254 0.034934
0.519570 0.544933 0.076722 0.042189
0.826807 0.095046 0.063058 0.041566
0.743215 0.690906 0.068789 0.041089
0.627487 0.221698 0.052170 0.035146
0.193025 0.721078 0.059430 0.041271
0.200557 0.759639 0.067446 0.036480
0.413495 0.723099 0.062593 0.035411
0.729460 0.397256 0.060999 0.036042
0.521320 0.628714 0.063309 0.039960
0.397223 0.182700 0.060489 0.041038
0.630409 0.260286 0.066448 0.038643
0.531113 0.889014 0.061139 0.035533
0.644830 0.876209 0.065190 0.043749
0.411420 0.761940 0.056429 0.039314
0.736092 0.473132 0.058819 0.043640
0.855674 0.851420 0.067224 0.048168
0.310078 0.933590 0.059874 0.037110
0.093213 0.703864 0.065078 0.040855
0.400844 0.432576 0.075260 0.043334
0.750607 0.881464 0.055874 0.034497
0.629521 0.621937 0.059340 0.040717
0.730536 0.130592 0.057855 0.035935
0.636818 0.835502 0.078744 0.036815
0.415873 0.911949 0.080761 0.039573
0.301324 0.579543 0.059278 0.039408
0.731725 0.213341 0.053750 0.038976
0.744004 0.613176 0.052731 0.034591
0.295900 0.261364 0.057044 0.033384
0.410781 0.648060 0.053748 0.033655
0.413054 0.871654 0.054413 0.038001
0.192890 0.681207 0.056433 0.035284
0.638511 0.794798 0.079458 0.041593
0.193951 0.835329 0.052471 0.039647
0.847213 0.770897 0.054805 0.029230
0.403385 0.502209 0.055067 0.041269
0.834956 0.170629 0.053888 0.032228
0.305054 0.699964 0.054349 0.039307
0.526697 0.822949 0.050190 0.041593
0.414059 0.799786 0.059754 0.032098
0.732348 0.283886 0.059237 0.039301
0.941896 0.528281 0.059617 0.038499
0.182776 0.139969 0.059532 0.041489
0.628114 0.157106 0.059013 0.031152
0.520788 0.502503 0.053948 0.037623
0.405018 0.321207 0.051386 0.043102
0.742625 0.648873 0.056870 0.038256
0.637034 0.327640 0.071610 0.033252
0.738417 0.512758 0.062382 0.033396
0.846847 0.661734 0.054971 0.034020
0.192046 0.642904 0.053113 0.036289
0.414074 0.684299 0.068367 0.040610
0.749992 0.806240 0.059571 0.034756
0.199122 0.871877 0.057161 0.032643
0.077058 0.225607 0.051938 0.037198
0.527727 0.923633 0.052485 0.032788
0.296889 0.623691 0.061869 0.039424
0.195280 0.798068 0.053145 0.037677
0.301813 0.534719 0.054635 0.042444
0.733333 0.168446 0.056482 0.040383
0.296116 0.296435 0.057334 0.031893
0.731915 0.434577 0.053276 0.033403
0.514373 0.124052 0.053146 0.035791
0.728010 0.359255 0.056456 0.035023
0.856902 0.932578 0.057007 0.031450
0.728909 0.090772 0.052342 0.035469
0.839058 0.389115 0.065661 0.042212
0.068428 0.078393 0.059321 0.045359
0.741255 0.546969 0.048565 0.034029
0.091346 0.748059 0.054084 0.040522
0.297284 0.428142 0.061116 0.039137
0.080486 0.398238 0.064116 0.044091
0.845163 0.539655 0.059777 0.034913
0.632859 0.661085 0.065502 0.034392
0.299235 0.337653 0.070158 0.048993
0.943484 0.354621 0.049838 0.030955
0.842212 0.430257 0.049234 0.037231
0.946408 0.320295 0.051155 0.037282
0.621976 0.188082 0.051537 0.027616
0.190983 0.340371 0.050316 0.036388
0.403789 0.581432 0.067525 0.039072
0.515719 0.282557 0.045682 0.036200
0.519305 0.385732 0.055307 0.035108
0.832876 0.135260 0.051205 0.036006
0.296615 0.468233 0.060830 0.037963
0.315473 0.969867 0.060022 0.031954
0.077793 0.266043 0.052081 0.039769
0.835657 0.206883 0.048770 0.039688
0.093345 0.912904 0.063068 0.043965
0.531571 0.958340 0.049426 0.037937
0.521193 0.666384 0.051389 0.033418
0.942177 0.570725 0.072385 0.044685
0.191451 0.376963 0.056169 0.034873
0.854822 0.896195 0.048940 0.039525
0.193790 0.412970 0.060614 0.036547
0.854308 0.806401 0.050943 0.037559
0.516624 0.423449 0.049968 0.035434
0.408715 0.542314 0.061754 0.036905
0.744610 0.843619 0.046900 0.037827
0.634280 0.296973 0.055141 0.025209
0.942205 0.388007 0.051191 0.030476
0.190815 0.571450 0.052668 0.034638
0.075017 0.307776 0.059238 0.043869
0.189020 0.454286 0.064245 0.041569
0.744551 0.728660 0.054279 0.030986
0.629266 0.123347 0.046393 0.034838
0.086655 0.441294 0.053231 0.038449
0.307352 0.825771 0.061161 0.040281
0.517131 0.317823 0.045156 0.031171
0.419364 0.834073 0.055242 0.033404
0.186010 0.181854 0.055452 0.037587
0.742366 0.767140 0.046552 0.042048
0.308339 0.738961 0.058903 0.034892
0.079243 0.661411 0.061193 0.040939
0.086148 0.479015 0.050280 0.035602
0.844675 0.699814 0.047055 0.039507
0.311176 0.863918 0.059191 0.035667
0.192696 0.606911 0.047492 0.033767
0.398783 0.364739 0.067835 0.036822
0.942923 0.277935 0.046823 0.037750
0.642083 0.941608 0.071209 0.032401
0.522745 0.780379 0.056659 0.038091
0.846511 0.581014 0.048931 0.045798
0.089058 0.516940 0.049888 0.037348
0.632791 0.545644 0.044782 0.031573
0.086697 0.582936 0.053119 0.035679
0.308242 0.899382 0.052117 0.029469
0.527400 0.703520 0.058948 0.038315
0.188129 0.300023 0.048233 0.040108
0.512393 0.164488 0.058271 0.039875
0.839279 0.737750 0.060735 0.032605
0.743251 0.579844 0.043273 0.030271
0.094519 0.819701 0.054228 0.040998
0.509164 0.026824 0.070051 0.033671
0.844744 0.623620 0.047513 0.037665
0.946889 0.233161 0.052929 0.042376
0.078713 0.353850 0.054471 0.045573
0.527707 0.740456 0.050661 0.041587
0.393785 0.064201 0.049908 0.042539
0.732269 0.249397 0.049649 0.032078
0.394590 0.106763 0.052243 0.037627
0.634532 0.581321 0.045565 0.034883
0.756783 0.942982 0.053978 0.029318
0.287870 0.106801 0.055230 0.041885
0.080433 0.620865 0.066432 0.042643
0.946589 0.492479 0.051326 0.032519
0.073250 0.121150 0.050804 0.036769
0.640266 0.757901 0.045558 0.033656
0.953198 0.455418 0.059821 0.039901
0.630725 0.089140 0.050183 0.031000
0.301342 0.660943 0.058361 0.036265
0.943990 0.419268 0.048917 0.030999
0.291202 0.216807 0.049036 0.043951
0.633290 0.511484 0.047756 0.032868
0.191592 0.494347 0.050267 0.037641
0.282847 0.068743 0.049006 0.035226
0.631739 0.363378 0.053484 0.035317
0.841465 0.276671 0.051632 0.033401
0.402050 0.218867 0.047302 0.026614
0.941088 0.114443 0.061450 0.046274
0.288372 0.029314 0.057768 0.036449
0.761477 0.972108 0.057436 0.029409
0.949327 0.151861 0.056669 0.025559
0.299301 0.386440 0.049735 0.043611
0.308285 0.781974 0.045316 0.046274
0.094667 0.865431 0.056301 0.050211
0.528270 0.857853 0.045376 0.026078
0.857219 0.963989 0.065647 0.029166
0.190283 0.534417 0.050118 0.036660
0.630310 0.480836 0.045471 0.030963
0.091099 0.550408 0.048248 0.029575
0.517319 0.461471 0.051777 0.041014
0.944637 0.190500 0.046273 0.042037
0.183150 0.096416 0.052642 0.042278
0.846818 0.502152 0.051679 0.035304
0.411025 0.614858 0.051091 0.032016
0.074463 0.187787 0.051369 0.034735
0.185596 0.219361 0.047054 0.036851
0.639989 0.912191 0.058884 0.027403
0.510382 0.088111 0.046887 0.034064
0.518476 0.587011 0.056069 0.037829
0.846214 0.468370 0.050670 0.035038
0.753297 0.914132 0.044558 0.030671
0.189369 0.258174 0.050651 0.038022
0.838491 0.245723 0.051542 0.024910
0.834335 0.053731 0.054257 0.038149
0.199582 0.956603 0.062661 0.046238
0.636716 0.695935 0.044755 0.034488
0.622427 0.058358 0.063196 0.030653
0.292253 0.174647 0.055983 0.035303
0.071668 0.037061 0.056045 0.035878
0.838218 0.313706 0.051416 0.035342
0.626805 0.026857 0.062811 0.036771
0.402029 0.466201 0.062474 0.025824
0.095776 0.783889 0.050065 0.029228
0.630405 0.453441 0.042154 0.024398
0.843275 0.347253 0.047795 0.036927
0.517192 0.350202 0.041119 0.033183
0.647676 0.972843 0.057409 0.025216
0.634615 0.393959 0.053388 0.025032
0.509318 0.058687 0.046291 0.030705
0.289650 0.143409 0.055280 0.025024
0.095271 0.957255 0.053381 0.045943
0.071660 0.155992 0.048138 0.037189
0.726813 0.056414 0.047223 0.030887
0.180488 0.032752 0.060218 0.030383
0.305104 0.500555 0.054351 0.027586
0.723183 0.025296 0.060786 0.035532
0.407008 0.279382 0.060451 0.036572
0.412861 0.967904 0.081529 0.045405
0.630377 0.422954 0.040387 0.033185
0.202511 0.910903 0.049857 0.044583
0.399994 0.143661 0.040306 0.031629
0.395685 0.027026 0.047413 0.032124
0.831755 0.023070 0.059272 0.031407
0.179504 0.061409 0.047650 0.029561
0.642470 0.726078 0.050712 0.034748
0.516022 0.244561 0.059354 0.035137
0.408510 0.251907 0.066553 0.031611
0.406332 0.397554 0.056628 0.024874
0.531619 0.213824 0.092112 0.046867
0.416157 0.947505 0.082171 0.026353
