0.710281 0.951416 0.072345 0.047524
0.277604 0.791855 0.072836 0.046601
0.279678 0.247643 0.064137 0.035247
0.711568 0.861483 0.074921 0.046416
0.064574 0.286458 0.080251 0.045239
0.393832 0.526042 0.074196 0.040058
0.393834 0.752867 0.060495 0.042294
0.600492 0.522985 0.079837 0.037500
0.600440 0.208271 0.062336 0.036623
0.711108 0.380431 0.068906 0.039249
0.394723 0.662017 0.070261 0.042668
0.391769 0.204337 0.058855 0.035661
0.708174 0.470152 0.059702 0.041067
0.274461 0.132693 0.073302 0.044256
0.171123 0.110520 0.070438 0.036234
0.822683 0.417830 0.066627 0.042702
0.493276 0.199488 0.069834 0.036411
0.061250 0.379038 0.062362 0.036204
0.172028 0.727446 0.071900 0.042487
0.067463 0.074136 0.061612 0.035003
0.822334 0.373674 0.060725 0.037252
0.279783 0.844301 0.070273 0.048225
0.709536 0.907162 0.063439 0.040623
0.281087 0.746215 0.063574 0.036703
0.602930 0.165571 0.062303 0.046428
0.400385 0.413355 0.065304 0.045190
0.391824 0.242244 0.072966 0.035009
0.170968 0.875553 0.067548 0.043499
0.715629 0.297544 0.060104 0.043687
0.267446 0.210699 0.069005 0.033158
0.394828 0.617090 0.066467 0.041395
0.283139 0.393661 0.074742 0.039384
0.715154 0.518171 0.065802 0.048597
0.710095 0.079898 0.071206 0.042099
0.602690 0.248332 0.057578 0.039702
0.381797 0.081460 0.073962 0.042087
0.496145 0.912753 0.063505 0.040814
0.062452 0.668756 0.072535 0.046479
0.173615 0.920369 0.065701 0.040711
0.822041 0.334487 0.060530 0.037245
0.170906 0.776517 0.075098 0.047436
0.397045 0.370043 0.058809 0.037015
0.499739 0.830305 0.068553 0.044591
0.930946 0.135227 0.069939 0.046778
0.396553 0.285476 0.061472 0.045392
0.603274 0.771815 0.077440 0.039527
0.170696 0.828704 0.062625 0.048235
0.822546 0.243837 0.061683 0.042839
0.163470 0.070928 0.058997 0.033895
0.064902 0.111515 0.056518 0.032737
0.709455 0.171539 0.065509 0.051293
0.938042 0.647889 0.056585 0.042453
0.603043 0.334582 0.060059 0.036763
0.496335 0.158276 0.071056 0.044166
0.711963 0.425255 0.066701 0.044931
0.825385 0.687880 0.056544 0.040043
0.823421 0.459797 0.065126 0.039421
0.059158 0.243754 0.055534 0.032782
0.058634 0.798566 0.069227 0.047690
0.396528 0.328795 0.062889 0.037554
0.488035 0.453006 0.055222 0.040350
0.714387 0.340275 0.065626 0.037432
0.605870 0.442625 0.077626 0.039726
0.609677 0.290929 0.055725 0.045278
0.707494 0.122313 0.060514 0.040363
0.057696 0.457301 0.057761 0.038016
0.058120 0.580160 0.060984 0.044342
0.171575 0.608546 0.072070 0.036076
0.599655 0.889445 0.065303 0.041656
0.602758 0.563926 0.064234 0.036283
0.064190 0.900021 0.060839 0.048105
0.492861 0.495880 0.059327 0.041354
0.490576 0.238435 0.065105 0.039257
0.056232 0.536452 0.065703 0.036806
0.391936 0.165797 0.062346 0.037108
0.171929 0.148877 0.076453 0.037149
0.714983 0.607597 0.080627 0.045197
0.173760 0.474338 0.062816 0.043189
0.387466 0.709148 0.054363 0.044017
0.493387 0.366055 0.062517 0.045407
0.942572 0.535048 0.054613 0.036213
0.491806 0.279072 0.075335 0.040812
0.276221 0.352342 0.055067 0.037030
0.172368 0.401257 0.074866 0.034080
0.167988 0.685759 0.069852 0.035065
0.707062 0.734151 0.059414 0.042525
0.165846 0.239832 0.066305 0.036878
0.823574 0.291636 0.056877 0.045773
0.273383 0.175308 0.073699 0.035763
0.394420 0.792213 0.073462 0.033851
0.391722 0.570722 0.061444 0.041949
0.602745 0.728600 0.073044 0.042288
0.062730 0.035168 0.060371 0.042328
0.712909 0.562652 0.058519 0.037276
0.063679 0.418595 0.077166 0.035717
0.604724 0.686178 0.073126 0.042462
0.933244 0.725363 0.061659 0.035035
0.490851 0.116208 0.067806 0.034083
0.166249 0.195265 0.058516 0.043804
0.821744 0.644965 0.053669 0.040615
0.057442 0.333387 0.060039 0.045061
0.708403 0.775377 0.071685 0.038444
0.495374 0.873569 0.051165 0.038264
0.827388 0.900626 0.071488 0.035523
0.176158 0.516384 0.078410 0.041942
0.716686 0.691360 0.063875 0.038334
0.488190 0.074761 0.050304 0.044480
0.816669 0.768920 0.061351 0.043137
0.817095 0.198316 0.070636 0.037233
0.935454 0.185300 0.061195 0.041734
0.278279 0.087366 0.067001 0.040898
0.277142 0.698213 0.062872 0.048423
0.599589 0.483615 0.079552 0.039289
0.166880 0.281433 0.064031 0.041100
0.497642 0.616819 0.063158 0.038202
0.163087 0.646567 0.055195 0.039757
0.058133 0.714992 0.078177 0.038515
0.277251 0.283934 0.052837 0.030811
0.060223 0.204936 0.050263 0.039539
0.603345 0.402788 0.050448 0.039469
0.596440 0.608039 0.058088 0.044577
0.055581 0.496568 0.054009 0.038883
0.488291 0.030575 0.057598 0.036567
0.928633 0.878194 0.052684 0.049125
0.938113 0.272013 0.063800 0.044559
0.497087 0.787074 0.059599 0.042929
0.275827 0.533460 0.061650 0.033750
0.704829 0.817245 0.059921 0.041740
0.715263 0.651200 0.058567 0.035925
0.820868 0.821254 0.061783 0.048479
0.943790 0.572845 0.062933 0.034448
0.492890 0.575089 0.049984 0.039834
0.495548 0.411440 0.060004 0.041462
0.930826 0.043730 0.064495 0.047352
0.169106 0.357717 0.073281 0.047154
0.932992 0.089742 0.064507 0.035128
0.824219 0.601981 0.073407 0.036921
0.058294 0.751898 0.057310 0.034047
0.166348 0.032496 0.059549 0.035427
0.272498 0.655416 0.057099 0.032647
0.283157 0.967781 0.065569 0.042752
0.276498 0.928286 0.070872 0.040262
0.281182 0.316911 0.062717 0.028018
0.496908 0.745656 0.051229 0.036163
0.378479 0.033927 0.067552 0.047943
0.943669 0.371024 0.068078 0.040752
0.602369 0.122882 0.052756 0.034289
0.280362 0.574867 0.066701 0.042509
0.492428 0.536081 0.047658 0.037140
0.938544 0.324433 0.070358 0.048351
0.826785 0.947724 0.070623 0.051380
0.586910 0.038879 0.059974 0.041127
0.709338 0.034738 0.057407 0.039229
0.603754 0.648381 0.077813 0.030838
0.495350 0.702165 0.050247 0.047672
0.592607 0.084082 0.052178 0.038736
0.943711 0.411995 0.060928 0.032823
0.830441 0.500550 0.068231 0.036468
0.823131 0.727174 0.057840 0.032480
0.498052 0.655610 0.058931 0.037381
0.717910 0.254935 0.068512 0.035440
0.268493 0.617054 0.061072 0.035089
0.939396 0.608721 0.072541 0.029630
0.937394 0.688211 0.050418 0.035735
0.821975 0.042163 0.067237 0.044468
0.386020 0.124835 0.059107 0.042063
0.392052 0.832773 0.050644 0.042260
0.494716 0.322766 0.053739 0.038519
0.817292 0.153794 0.051593 0.049469
0.386596 0.487151 0.061346 0.031238
0.936014 0.228828 0.059088 0.039012
0.053598 0.623549 0.062048 0.036158
0.824975 0.111513 0.069759 0.031723
0.168963 0.564458 0.053541 0.050760
0.275578 0.888386 0.053828 0.036479
0.597854 0.847448 0.074526 0.030827
0.389526 0.455543 0.045143 0.035519
0.065315 0.170687 0.051419 0.025261
0.601521 0.811873 0.050032 0.036679
0.062496 0.938541 0.065722 0.028169
0.068421 0.143499 0.058298 0.024992
0.072650 0.971438 0.076555 0.040765
0.275722 0.497999 0.055985 0.030235
0.603343 0.934294 0.086547 0.043110
0.496951 0.956289 0.047067 0.046630
0.821530 0.079260 0.051768 0.027385
0.826244 0.533616 0.063264 0.031719
0.930086 0.759723 0.054957 0.024984
0.276261 0.432774 0.067890 0.036390
0.824418 0.566253 0.057731 0.039299
0.176878 0.962549 0.051225 0.041195
0.928081 0.827456 0.050662 0.039968
0.942135 0.449064 0.053762 0.033739
0.171899 0.318790 0.071538 0.030729
0.711082 0.217282 0.053105 0.034029
0.172843 0.436756 0.050182 0.031844
0.932531 0.929117 0.048943 0.045809
0.933349 0.789260 0.059161 0.027636
0.056615 0.851181 0.060947 0.042884
0.602178 0.968313 0.097580 0.038648
0.603629 0.369018 0.054617 0.026184
0.277314 0.037939 0.056255 0.049457
0.389845 0.873961 0.049649 0.035476
0.387989 0.904221 0.051309 0.029806
0.282794 0.462899 0.065133 0.026424
0.944353 0.493575 0.057917 0.045385
0.822708 0.866615 0.049381 0.031490
0.932234 0.969059 0.048191 0.028561
0.388328 0.950915 0.058643 0.057322
0.335515 0.458155 0.036785 0.029378
