0.718899 0.231321 0.078463 0.040505
0.509326 0.291454 0.070566 0.044798
0.405308 0.732806 0.058992 0.034619
0.838013 0.440043 0.066319 0.044521
0.180111 0.071254 0.072254 0.041628
0.293923 0.863937 0.058730 0.039462
0.732432 0.835324 0.073343 0.042934
0.195704 0.736620 0.054912 0.033765
0.188163 0.382020 0.064063 0.036093
0.190681 0.660395 0.058882 0.039056
0.202330 0.895586 0.060815 0.038116
0.202998 0.851612 0.060378 0.044943
0.503180 0.058006 0.071006 0.031286
0.292337 0.164360 0.066317 0.040037
0.407432 0.933118 0.056425 0.036043
0.846988 0.532860 0.086148 0.050854
0.513900 0.247082 0.056439 0.038847
0.195856 0.699346 0.056401 0.037514
0.398214 0.181692 0.065163 0.040860
0.289518 0.128630 0.064671 0.032002
0.403546 0.770569 0.061084 0.033609
0.623837 0.365367 0.075781 0.042073
0.622970 0.492149 0.077129 0.038100
0.192960 0.806269 0.053503 0.039141
0.511531 0.171057 0.056601 0.040453
0.516159 0.855255 0.057353 0.034598
0.945551 0.572262 0.057373 0.042159
0.943883 0.160633 0.062876 0.038667
0.621835 0.894743 0.050579 0.031811
0.297501 0.700505 0.077746 0.041714
0.513844 0.416963 0.058373 0.042165
0.291168 0.326425 0.063190 0.042099
0.297516 0.820902 0.054624 0.042567
0.084831 0.710244 0.066870 0.031081
0.175201 0.028148 0.069983 0.038968
0.619225 0.285772 0.061153 0.036257
0.289510 0.061932 0.061899 0.037159
0.399226 0.416495 0.053352 0.034927
0.094833 0.877321 0.054041 0.033188
0.722738 0.105311 0.057672 0.040631
0.399001 0.617038 0.058519 0.030460
0.073216 0.072995 0.058881 0.041504
0.093381 0.802474 0.050241 0.035479
0.951770 0.816411 0.065019 0.045623
0.091810 0.742032 0.066738 0.031919
0.076851 0.314267 0.058285 0.037598
0.288891 0.368943 0.058446 0.039357
0.512706 0.376532 0.056026 0.037077
0.291784 0.284664 0.061433 0.037761
0.191431 0.311438 0.072188 0.031162
0.082624 0.550482 0.055256 0.035754
0.940807 0.249710 0.063918 0.044436
0.838953 0.782762 0.064046 0.044378
0.732213 0.602871 0.061742 0.040010
0.395852 0.254090 0.056028 0.037982
0.188913 0.498406 0.055738 0.039020
0.395879 0.141239 0.060523 0.034164
0.743484 0.908764 0.055316 0.039191
0.075882 0.273878 0.057255 0.041979
0.723798 0.360390 0.059988 0.041544
0.945440 0.446216 0.055662 0.039711
0.509647 0.210777 0.056033 0.035040
0.510464 0.092491 0.066853 0.035394
0.397693 0.557594 0.047401 0.029921
0.728202 0.316330 0.058083 0.042992
0.406477 0.897858 0.052898 0.030983
0.723482 0.148165 0.064410 0.041184
0.190619 0.420412 0.053296 0.035644
0.096443 0.951378 0.052916 0.038082
0.091771 0.914363 0.052652 0.035409
0.299381 0.741427 0.055043 0.033318
0.627303 0.411638 0.055409 0.045210
0.401284 0.693813 0.055716 0.037548
0.179447 0.173766 0.053917 0.033439
0.396472 0.071123 0.053680 0.039948
0.832497 0.319136 0.063222 0.046994
0.400442 0.352925 0.059282 0.034264
0.516349 0.929996 0.059918 0.030302
0.722037 0.272314 0.058339 0.040386
0.411973 0.837185 0.061365 0.030949
0.296352 0.593886 0.054271 0.036279
0.949439 0.682535 0.060243 0.041137
0.509187 0.132014 0.052402 0.034117
0.619047 0.160061 0.060115 0.040382
0.841733 0.483377 0.070821 0.043642
0.077545 0.116576 0.058275 0.044243
0.406163 0.653399 0.049109 0.037180
0.094672 0.840017 0.049779 0.035762
0.513251 0.820927 0.048361 0.033746
0.625819 0.857410 0.051966 0.035501
0.839267 0.270851 0.057410 0.045465
0.628226 0.817390 0.056874 0.036979
0.946538 0.399691 0.054855 0.047455
0.621210 0.595089 0.057880 0.037090
0.943682 0.205404 0.058946 0.042679
0.935383 0.068719 0.065777 0.047229
0.188911 0.616680 0.057218 0.043731
0.518134 0.660483 0.057054 0.029605
0.297646 0.450655 0.054056 0.038491
0.623665 0.779313 0.055343 0.038398
0.090260 0.670189 0.049967 0.041869
0.727509 0.566867 0.059518 0.031439
0.298935 0.523245 0.052412 0.032269
0.615648 0.205945 0.053627 0.041688
0.619185 0.116818 0.067353 0.043775
0.186367 0.540216 0.056412 0.035693
0.513560 0.621510 0.048622 0.037421
0.510743 0.694587 0.054561 0.035628
0.731426 0.686437 0.047973 0.037591
0.735141 0.760646 0.053149 0.036735
0.079064 0.353741 0.055260 0.040153
0.626021 0.927660 0.051725 0.030288
0.505368 0.024003 0.056041 0.035534
0.626650 0.453377 0.063313 0.037260
0.954140 0.769082 0.054036 0.042956
0.511238 0.895646 0.050678 0.039707
0.397927 0.523857 0.047378 0.032635
0.508926 0.339239 0.055705 0.032986
0.280728 0.023513 0.063414 0.036574
0.730743 0.646141 0.052981 0.039026
0.395630 0.106397 0.052721 0.032247
0.396936 0.218451 0.053898 0.032147
0.085304 0.448314 0.051649 0.042049
0.411114 0.803846 0.058909 0.032868
0.085030 0.590137 0.047921 0.038523
0.838849 0.822830 0.059724 0.033187
0.398606 0.289170 0.059324 0.032853
0.306553 0.776372 0.056316 0.034717
0.089807 0.628074 0.053119 0.036083
0.179377 0.138159 0.049897 0.031502
0.954003 0.860297 0.051884 0.038634
0.621193 0.707697 0.052654 0.034239
0.397981 0.449488 0.049185 0.027257
0.177411 0.107487 0.055484 0.030215
0.398757 0.484692 0.047460 0.038852
0.409974 0.967818 0.077169 0.032506
0.955607 0.902842 0.048505 0.037214
0.299192 0.488148 0.049524 0.031924
0.297979 0.631218 0.048376 0.035667
0.294127 0.409137 0.055076 0.040879
0.399543 0.586116 0.049076 0.025559
0.514782 0.726579 0.052140 0.026189
0.725853 0.187308 0.061451 0.038954
0.294540 0.240866 0.058700 0.044660
0.619153 0.070494 0.052820 0.047746
0.195281 0.770567 0.061069 0.024861
0.845393 0.582178 0.057274 0.042526
0.834113 0.027535 0.065888 0.041707
0.951753 0.725498 0.056464 0.039790
0.512005 0.790154 0.039385 0.029299
0.739907 0.949847 0.053119 0.035957
0.721086 0.026991 0.055969 0.042364
0.829669 0.152000 0.052816 0.037854
0.833071 0.071632 0.057674 0.040810
0.836230 0.863182 0.071725 0.044509
0.179738 0.235461 0.070553 0.026991
0.403128 0.384532 0.055030 0.026171
0.182808 0.204334 0.053937 0.026012
0.390231 0.029612 0.056737 0.042232
0.082099 0.487272 0.046582 0.031148
0.734289 0.796442 0.048495 0.029755
0.183683 0.348266 0.054563 0.030018
0.727253 0.433187 0.053960 0.029841
0.834980 0.362830 0.061704 0.035485
0.187380 0.457549 0.047652 0.036142
0.070446 0.032357 0.062543 0.039816
0.084045 0.515699 0.056520 0.024977
0.191946 0.964117 0.078123 0.034843
0.625976 0.740820 0.051933 0.032062
0.932203 0.022341 0.060531 0.034665
0.721954 0.068090 0.051308 0.034771
0.945571 0.361054 0.054263 0.028918
0.617634 0.247554 0.048764 0.032598
0.622711 0.529703 0.072471 0.033109
0.621485 0.562268 0.055564 0.029539
0.727149 0.468445 0.059501 0.039054
0.184966 0.273010 0.054550 0.041840
0.939863 0.115872 0.050906 0.044254
0.618577 0.323636 0.052995 0.035282
0.523453 0.961502 0.063774 0.032707
0.945076 0.613082 0.047145 0.037302
0.723456 0.531591 0.053354 0.031638
0.290730 0.098308 0.054581 0.026293
0.297175 0.899265 0.046588 0.030306
0.297165 0.665449 0.042415 0.028710
0.188774 0.574921 0.052986 0.032937
0.945009 0.325344 0.048724 0.041422
0.628595 0.957821 0.043815 0.030280
0.950227 0.645052 0.047988 0.030936
0.402380 0.320074 0.053286 0.028799
0.843423 0.624261 0.059473 0.039919
0.514371 0.457168 0.053195 0.035046
0.837157 0.399703 0.060976 0.035636
0.622877 0.673150 0.044530 0.031031
0.734797 0.723255 0.045637 0.032005
0.512406 0.759115 0.039510 0.029557
0.830212 0.113017 0.056949 0.038912
0.198827 0.931437 0.047334 0.030567
0.841063 0.227656 0.047052 0.034582
0.081002 0.163483 0.066793 0.043834
0.411445 0.868501 0.059695 0.026339
0.297860 0.961953 0.045528 0.030326
0.951802 0.488572 0.055814 0.033815
0.956325 0.944920 0.043762 0.042965
0.944983 0.287189 0.043820 0.032524
0.093602 0.770848 0.049804 0.023812
0.295489 0.556769 0.056767 0.033788
0.737184 0.873421 0.045085 0.027385
0.724997 0.499118 0.050296 0.031241
0.725382 0.398784 0.048164 0.032434
0.290766 0.201640 0.051481 0.030850
0.952634 0.527643 0.045340 0.039666
0.514899 0.584337 0.048720 0.029659
0.836249 0.189298 0.042378 0.035094
0.622715 0.634402 0.043160 0.039229
0.508292 0.522164 0.047840 0.040001
0.844809 0.944972 0.056866 0.052545
0.296258 0.931883 0.045369 0.031174
0.839235 0.664117 0.049332 0.037824
0.839563 0.902807 0.055199 0.031895
0.839664 0.740287 0.047938 0.036007
0.837256 0.706270 0.038323 0.038302
0.616745 0.024932 0.060303 0.038617
0.556427 0.684235 0.025348 0.019698
0.513389 0.490508 0.044300 0.026362
