0.597176 0.802870 0.070620 0.045614
0.712453 0.506514 0.060545 0.033729
0.486445 0.918887 0.058847 0.034257
0.944311 0.303365 0.065070 0.046290
0.711731 0.715575 0.071571 0.040029
0.945310 0.462659 0.073285 0.041578
0.946954 0.422188 0.063929 0.034851
0.829341 0.588766 0.078749 0.041571
0.828953 0.546922 0.059016 0.038995
0.713631 0.758081 0.054714 0.040580
0.706022 0.358473 0.072192 0.040510
0.487307 0.880807 0.054541 0.037409
0.267859 0.283420 0.061653 0.035451
0.377351 0.314894 0.063390 0.040131
0.949601 0.893775 0.059870 0.038475
0.830963 0.810048 0.065538 0.032453
0.711994 0.799919 0.057397 0.036112
0.945771 0.253476 0.060294 0.049427
0.600632 0.187424 0.072436 0.034513
0.943640 0.692423 0.067401 0.033200
0.947018 0.164604 0.057810 0.043712
0.597838 0.420721 0.061211 0.035082
0.830104 0.199195 0.055212 0.041780
0.714197 0.614691 0.054591 0.034049
0.946891 0.933883 0.070889 0.040464
0.374197 0.396529 0.060884 0.036939
0.483425 0.322714 0.068557 0.032988
0.063549 0.843208 0.066312 0.040873
0.838141 0.707459 0.057467 0.034806
0.706023 0.396247 0.069235 0.031173
0.377076 0.549679 0.059397 0.037758
0.481123 0.214916 0.066399 0.047300
0.375459 0.356509 0.063350 0.037129
0.376664 0.273529 0.062567 0.036689
0.604764 0.149749 0.057324 0.038686
0.830821 0.880225 0.051600 0.037387
0.599389 0.500022 0.054090 0.038206
0.842793 0.666018 0.066272 0.039273
0.598108 0.877857 0.048943 0.041241
0.375165 0.506405 0.059822 0.044003
0.069217 0.943023 0.053931 0.034208
0.372295 0.626717 0.065054 0.037099
0.164276 0.889244 0.059252 0.036017
0.951302 0.858699 0.054847 0.031331
0.600773 0.354541 0.060519 0.044726
0.838314 0.742915 0.073058 0.030502
0.265704 0.200804 0.055436 0.036506
0.836852 0.627439 0.067319 0.031668
0.373887 0.461429 0.064400 0.042518
0.272672 0.634397 0.059170 0.033360
0.488358 0.803097 0.056006 0.040837
0.945286 0.827412 0.059547 0.031591
0.489421 0.842137 0.055753 0.034858
0.601925 0.760410 0.059983 0.031250
0.943653 0.385899 0.051809 0.035546
0.830896 0.391788 0.053261 0.043143
0.942324 0.207641 0.059865 0.035994
0.603148 0.108810 0.057167 0.040910
0.380036 0.698859 0.053468 0.036465
0.268164 0.322338 0.057387 0.036508
0.266352 0.242067 0.056582 0.038753
0.720719 0.208473 0.054858 0.036937
0.828385 0.431488 0.081851 0.035964
0.944375 0.656438 0.055135 0.039488
0.947297 0.504357 0.082548 0.041912
0.056063 0.155297 0.057280 0.044974
0.949506 0.544090 0.064581 0.035316
0.269733 0.446816 0.049693 0.038575
0.054089 0.109764 0.053551 0.044422
0.712189 0.433905 0.063748 0.033293
0.270899 0.556352 0.057004 0.041189
0.598422 0.459664 0.054524 0.039623
0.721636 0.171116 0.055391 0.032490
0.713753 0.470746 0.052553 0.033111
0.271179 0.794991 0.049241 0.030152
0.712061 0.577711 0.061398 0.038424
0.600886 0.308648 0.051595 0.043091
0.161302 0.540920 0.058019 0.039928
0.596568 0.656909 0.047908 0.032786
0.271356 0.597317 0.052793 0.033858
0.167689 0.823973 0.052656 0.034958
0.271516 0.827087 0.063418 0.031468
0.719795 0.247068 0.072482 0.036472
0.484361 0.719034 0.069005 0.041397
0.832189 0.777059 0.065222 0.036168
0.378230 0.919022 0.059158 0.033152
0.154594 0.168933 0.070347 0.039162
0.483578 0.289252 0.051699 0.032339
0.056525 0.065541 0.052241 0.038331
0.604645 0.266564 0.057498 0.036124
0.065553 0.697709 0.053984 0.040900
0.166666 0.785692 0.055256 0.039437
0.599805 0.840763 0.055091 0.029533
0.162233 0.468525 0.062686 0.031740
0.170607 0.922523 0.060307 0.032129
0.714813 0.540505 0.060222 0.030422
0.835466 0.353618 0.051051 0.032476
0.057375 0.617232 0.053140 0.034960
0.486688 0.523926 0.053306 0.030525
0.947292 0.348261 0.051611 0.037441
0.597489 0.915050 0.049219 0.030825
0.949356 0.788319 0.060460 0.044429
0.273680 0.361537 0.056771 0.041086
0.379919 0.665098 0.050820 0.033177
0.380910 0.958712 0.049153 0.042859
0.156656 0.339605 0.059323 0.039120
0.060445 0.385863 0.059202 0.037688
0.716093 0.650485 0.050069 0.037834
0.715397 0.315899 0.052897 0.036337
0.269723 0.699899 0.055651 0.033572
0.714033 0.281189 0.055732 0.032557
0.269023 0.763565 0.051527 0.034707
0.067210 0.654857 0.068788 0.040917
0.276781 0.730773 0.060891 0.025694
0.597425 0.540296 0.053273 0.036271
0.486114 0.426784 0.053137 0.033090
0.601750 0.687917 0.060688 0.027350
0.372005 0.588155 0.061355 0.039427
0.377376 0.191479 0.056661 0.036195
0.269483 0.405370 0.068374 0.043363
0.059234 0.460267 0.046662 0.039419
0.267116 0.924485 0.055748 0.035015
0.944674 0.579734 0.085904 0.039627
0.839557 0.948087 0.055235 0.036634
0.834277 0.279564 0.059097 0.031276
0.158191 0.208949 0.054171 0.040934
0.060062 0.583449 0.045443 0.031076
0.056068 0.199837 0.051206 0.038026
0.711391 0.837316 0.057052 0.028968
0.070124 0.766528 0.054097 0.040180
0.838803 0.241203 0.068581 0.033415
0.164898 0.502638 0.046674 0.032824
0.484758 0.490990 0.045269 0.035570
0.719187 0.135327 0.046912 0.032172
0.273201 0.667088 0.056110 0.025357
0.710093 0.877916 0.061030 0.040833
0.488709 0.641272 0.053476 0.038752
0.166100 0.057542 0.069353 0.040477
0.164043 0.608847 0.047571 0.037338
0.608153 0.064583 0.059761 0.043060
0.947660 0.619246 0.066828 0.031541
0.944089 0.120858 0.058193 0.042076
0.834311 0.912532 0.059521 0.023566
0.944448 0.725688 0.067179 0.030803
0.159438 0.436795 0.053981 0.029465
0.832372 0.316909 0.051232 0.038119
0.059900 0.423813 0.043884 0.032558
0.594415 0.583283 0.049444 0.043528
0.061944 0.354756 0.050566 0.026890
0.269063 0.857219 0.046773 0.031098
0.378835 0.880705 0.049713 0.042369
0.486545 0.559849 0.055862 0.040011
0.060428 0.548005 0.051048 0.034349
0.720707 0.063693 0.049897 0.035948
0.612194 0.227346 0.068175 0.039279
0.487331 0.955285 0.052116 0.035571
0.483583 0.760755 0.068093 0.040079
0.831644 0.844127 0.052982 0.030015
0.068046 0.911281 0.053130 0.027302
0.478789 0.256443 0.050345 0.033823
0.270935 0.516865 0.051646 0.034504
0.263851 0.890252 0.050937 0.035148
0.382678 0.019867 0.059398 0.033986
0.067673 0.973424 0.053690 0.029103
0.941424 0.073140 0.080806 0.047831
0.596425 0.623419 0.053072 0.033670
0.593501 0.723592 0.072542 0.039713
0.826831 0.473064 0.055478 0.037624
0.057880 0.237525 0.049679 0.034450
0.488134 0.457381 0.049332 0.031592
0.168616 0.957927 0.047883 0.033990
0.160614 0.254335 0.048700 0.042109
0.595059 0.950940 0.059715 0.038736
0.165300 0.573869 0.054623 0.024958
0.268836 0.484142 0.046615 0.028138
0.165479 0.743337 0.050412 0.046732
0.717666 0.958276 0.054353 0.038077
0.265189 0.958995 0.062537 0.037033
0.163844 0.642903 0.048985 0.031738
0.377360 0.841322 0.053476 0.035713
0.375617 0.155836 0.053555 0.033228
0.488060 0.359980 0.055074 0.029354
0.381393 0.732256 0.046803 0.027166
0.269167 0.135471 0.043445 0.030492
0.714152 0.682350 0.048619 0.024363
0.601314 0.025774 0.066695 0.033578
0.056133 0.282179 0.044302 0.047296
0.157467 0.406708 0.039517 0.032027
0.276662 0.065771 0.062628 0.034292
0.487474 0.680208 0.055780 0.038541
0.380480 0.762246 0.047809 0.034299
0.482865 0.168213 0.052395 0.041274
0.265720 0.167835 0.044327 0.030834
0.057706 0.505677 0.043802 0.046648
0.375637 0.124313 0.047981 0.030225
0.158427 0.133415 0.052275 0.031687
0.830767 0.508465 0.052386 0.036528
0.062044 0.322345 0.053449 0.029272
0.163128 0.674166 0.045683 0.032053
0.484878 0.124706 0.055726 0.036798
0.712630 0.919463 0.049617 0.038529
0.489048 0.390847 0.047152 0.031796
0.375577 0.231136 0.050398 0.040266
0.269095 0.099893 0.055863 0.034308
0.271013 0.027233 0.057153 0.035438
0.381390 0.804332 0.059108 0.043292
0.942361 0.025876 0.057251 0.041935
0.157649 0.298530 0.048621 0.040690
0.057295 0.026324 0.047792 0.033592
0.170117 0.855720 0.045354 0.026594
0.069065 0.732597 0.049381 0.027550
0.836210 0.156218 0.048829 0.035459
0.068833 0.804238 0.042186 0.030946
0.485087 0.600315 0.055516 0.040037
0.949786 0.970116 0.064416 0.029226
0.383892 0.428135 0.048753 0.024844
0.378005 0.054853 0.070177 0.033475
0.726154 0.099639 0.057043 0.036258
0.490256 0.088374 0.062417 0.031702
0.720116 0.025708 0.053870 0.031625
0.949834 0.754808 0.054333 0.027822
0.599257 0.388379 0.050086 0.026835
0.168468 0.022729 0.056746 0.026943
0.829114 0.077223 0.076544 0.044090
0.155836 0.375005 0.051087 0.031464
0.156405 0.099340 0.073751 0.036721
0.492239 0.055900 0.058569 0.036677
0.378742 0.092331 0.051031 0.038052
0.164623 0.705689 0.043479 0.026244
0.830343 0.119871 0.051776 0.035062
0.065500 0.880267 0.040682 0.032011
0.834219 0.033571 0.056818 0.044829
0.494425 0.023933 0.052833 0.028327
0.544349 0.056253 0.035147 0.020396
