0.660323 0.759610 0.064278 0.033928
0.361394 0.328067 0.058242 0.036499
0.465599 0.361466 0.061483 0.031270
0.467341 0.435690 0.057408 0.031620
0.870465 0.871374 0.062339 0.038099
0.457351 0.871744 0.064079 0.029452
0.562137 0.708218 0.064111 0.035794
0.062369 0.685359 0.059007 0.037868
0.360947 0.436251 0.055992 0.030343
0.163830 0.373363 0.060254 0.031136
0.865461 0.504681 0.051232 0.031814
0.668827 0.283521 0.059171 0.032705
0.258242 0.484560 0.058372 0.032767
0.673822 0.144411 0.068610 0.032412
0.862422 0.212974 0.062097 0.037591
0.156528 0.906382 0.063260 0.032382
0.556957 0.808881 0.061726 0.035500
0.259450 0.668315 0.063433 0.032969
0.765892 0.511983 0.054792 0.031720
0.160495 0.411873 0.071515 0.035588
0.156512 0.658613 0.052967 0.031824
0.459135 0.903889 0.057637 0.028850
0.467432 0.473692 0.057633 0.034001
0.670480 0.352371 0.057196 0.030153
0.670998 0.246666 0.056883 0.031040
0.360569 0.572363 0.054985 0.032945
0.355171 0.642229 0.059749 0.032495
0.668308 0.386282 0.054759 0.033774
0.358425 0.608658 0.054446 0.029975
0.157911 0.729838 0.057303 0.033396
0.260560 0.557886 0.053981 0.036499
0.163981 0.337662 0.053020 0.034870
0.566508 0.268573 0.052342 0.033859
0.864828 0.797295 0.056325 0.037075
0.560077 0.846031 0.059722 0.028990
0.261735 0.597422 0.056390 0.030577
0.564080 0.625414 0.061268 0.031073
0.260452 0.520258 0.059015 0.030611
0.362958 0.289401 0.053587 0.034108
0.868847 0.908102 0.050044 0.033357
0.064135 0.318551 0.055241 0.033506
0.868759 0.251376 0.063550 0.030845
0.669445 0.210258 0.047089 0.031466
0.355749 0.718118 0.052841 0.035051
0.869515 0.324958 0.060739 0.034023
0.766091 0.475943 0.054188 0.033014
0.670411 0.178772 0.055972 0.025698
0.470584 0.289033 0.057133 0.030786
0.558837 0.585225 0.061675 0.039689
0.664053 0.637439 0.060364 0.030722
0.470039 0.184106 0.065668 0.034200
0.864648 0.759575 0.052863 0.028541
0.366623 0.364382 0.054018 0.030062
0.870727 0.601311 0.060136 0.033710
0.765734 0.910793 0.044538 0.025825
0.871904 0.359064 0.054793 0.031674
0.566377 0.136509 0.058865 0.029057
0.069140 0.723989 0.056145 0.032797
0.469339 0.398357 0.045802 0.033534
0.062866 0.277669 0.048077 0.034453
0.458788 0.588029 0.064399 0.036348
0.766036 0.133906 0.051129 0.031538
0.153948 0.694398 0.054929 0.027002
0.351064 0.799140 0.051883 0.036704
0.665000 0.495515 0.062187 0.027939
0.660867 0.674597 0.049139 0.037969
0.866654 0.136857 0.066499 0.033763
0.260492 0.632486 0.046614 0.031412
0.566913 0.301378 0.064501 0.027964
0.070708 0.239114 0.060778 0.030599
0.363228 0.531148 0.058439 0.034970
0.258009 0.702991 0.058737 0.028531
0.458407 0.839571 0.048766 0.028769
0.869326 0.725773 0.055934 0.031532
0.462430 0.802363 0.055248 0.034084
0.161544 0.585473 0.047571 0.035690
0.563395 0.338177 0.048541 0.037346
0.364152 0.141342 0.054396 0.029555
0.562011 0.405617 0.055824 0.028927
0.662334 0.567308 0.050964 0.038383
0.871340 0.432349 0.049347 0.031991
0.165709 0.305267 0.050555 0.025871
0.869027 0.396377 0.053669 0.032183
0.660971 0.865316 0.052368 0.034086
0.669423 0.317847 0.051105 0.028246
0.768098 0.653471 0.053157 0.033290
0.457807 0.660753 0.061457 0.032798
0.260940 0.108669 0.059291 0.036594
0.364558 0.468592 0.051966 0.026082
0.362957 0.400970 0.048410 0.033993
0.665061 0.826385 0.050839 0.031078
0.070092 0.646173 0.053880 0.028002
0.660687 0.902793 0.052643 0.027727
0.865996 0.566522 0.056455 0.027174
0.770217 0.319211 0.049774 0.031989
0.259060 0.859676 0.053958 0.031590
0.456442 0.726687 0.057627 0.032231
0.670235 0.106112 0.058725 0.036245
0.860486 0.173348 0.054294 0.036026
0.867660 0.696379 0.050975 0.025109
0.768185 0.357909 0.045808 0.033145
0.265684 0.289768 0.046335 0.039341
0.362379 0.247899 0.053271 0.036559
0.368839 0.179270 0.055967 0.033662
0.668328 0.428388 0.059479 0.034361
0.869847 0.666573 0.059958 0.024521
0.368255 0.104344 0.055176 0.031295
0.355686 0.678394 0.041920 0.032479
0.771139 0.169535 0.056040 0.033648
0.569241 0.547074 0.058041 0.027763
0.769078 0.545654 0.063298 0.028452
0.467265 0.251054 0.052698 0.031320
0.154067 0.622715 0.047560 0.027785
0.259106 0.404874 0.052005 0.037829
0.472664 0.220073 0.048368 0.029865
0.069047 0.814379 0.049039 0.026661
0.866953 0.467503 0.049559 0.030103
0.566641 0.668197 0.062579 0.042036
0.265094 0.446002 0.048976 0.032074
0.361744 0.214973 0.054654 0.028501
0.769107 0.692234 0.056053 0.030464
0.765753 0.401772 0.048883 0.038335
0.156526 0.814769 0.064576 0.029053
0.768878 0.240897 0.052431 0.042903
0.262856 0.147075 0.052331 0.032538
0.065552 0.760540 0.049434 0.025241
0.062454 0.170680 0.046559 0.031229
0.168374 0.147252 0.053774 0.031000
0.767130 0.618536 0.048979 0.026907
0.167975 0.271404 0.043385 0.034281
0.256214 0.734951 0.061487 0.025583
0.362898 0.497956 0.056962 0.024518
0.770539 0.281693 0.052936 0.033006
0.565955 0.236075 0.048869 0.027533
0.565976 0.935055 0.051219 0.029417
0.764587 0.943416 0.053395 0.028527
0.867810 0.286145 0.060649 0.029180
0.559797 0.742439 0.068178 0.025726
0.770600 0.878121 0.051947 0.033344
0.862646 0.940525 0.052320 0.027732
0.265258 0.185618 0.047751 0.038838
0.065835 0.851995 0.055121 0.037278
0.357558 0.927465 0.054768 0.038490
0.069398 0.924097 0.057320 0.035221
0.263154 0.327777 0.044150 0.034391
0.154526 0.451743 0.063346 0.037562
0.566043 0.471845 0.046566 0.036123
0.170625 0.194168 0.057025 0.049112
0.067337 0.389699 0.048789 0.028869
0.567473 0.170098 0.046630 0.031471
0.870415 0.636988 0.055666 0.030788
0.662958 0.936783 0.046918 0.030304
0.069050 0.582127 0.046053 0.034182
0.664781 0.528394 0.041790 0.029711
0.253101 0.766997 0.059413 0.030327
0.566651 0.203217 0.046297 0.027165
0.257505 0.892026 0.054338 0.023340
0.563157 0.375167 0.047210 0.026848
0.767586 0.579763 0.051688 0.034807
0.158783 0.938041 0.050748 0.028923
0.766256 0.101632 0.054451 0.027585
0.457431 0.626879 0.044755 0.034744
0.662813 0.463170 0.050906 0.029353
0.564309 0.510615 0.041258 0.033472
0.763127 0.819000 0.044592 0.026803
0.465947 0.509768 0.042521 0.032240
0.357007 0.758213 0.053596 0.036794
0.763591 0.778058 0.048183 0.037870
0.063579 0.353558 0.041445 0.031284
0.354774 0.842478 0.042701 0.032081
0.468112 0.323972 0.042316 0.029996
0.867919 0.538454 0.052774 0.022852
0.158334 0.514289 0.038451 0.027749
0.458099 0.765154 0.038246 0.031574
0.568375 0.102469 0.048119 0.027989
0.765667 0.441135 0.042297 0.030671
0.267456 0.222157 0.045907 0.028423
0.462157 0.692366 0.055188 0.026422
0.457783 0.934935 0.038116 0.028774
0.065209 0.511100 0.044143 0.035064
0.151762 0.873914 0.041452 0.026243
0.564006 0.905671 0.069750 0.024375
0.770886 0.202567 0.042975 0.028134
0.468578 0.100012 0.051780 0.023978
0.560900 0.876202 0.051098 0.027924
0.562021 0.437624 0.046158 0.027454
0.062692 0.107319 0.043399 0.031160
0.066314 0.204198 0.047610 0.027114
0.468608 0.129950 0.059093 0.029077
0.562701 0.774514 0.064299 0.031868
0.065489 0.139717 0.047209 0.024771
0.661505 0.717031 0.040888 0.036134
0.764958 0.847387 0.039702 0.024237
0.263664 0.366318 0.040775 0.029447
0.664374 0.605255 0.050126 0.026055
0.065581 0.887964 0.047541 0.024661
0.165250 0.238207 0.040889 0.029165
0.866304 0.833998 0.048302 0.029004
0.160391 0.548693 0.046173 0.029323
0.764407 0.732760 0.041038 0.039684
0.661543 0.793848 0.040084 0.027528
0.259280 0.917249 0.042040 0.023397
0.255941 0.822738 0.041458 0.030328
0.149108 0.845577 0.050594 0.020871
0.065673 0.427648 0.047052 0.034234
0.463360 0.548689 0.061288 0.033506
0.066011 0.546618 0.047899 0.028713
0.066675 0.470017 0.040462 0.040477
0.168184 0.107383 0.038482 0.038003
0.068897 0.786391 0.047118 0.019971
0.866802 0.102802 0.046954 0.023973
0.071921 0.615070 0.048734 0.021340
0.266530 0.253211 0.042852 0.026514
0.158986 0.486249 0.036649 0.021702
0.354230 0.883813 0.042117 0.035241
0.468831 0.150524 0.049994 0.021125
0.254220 0.791906 0.037960 0.021848
0.261848 0.941803 0.054641 0.023288
0.153036 0.774648 0.051628 0.043479
