0.933254 0.279218 0.073611 0.053945
0.717034 0.330985 0.080834 0.046174
0.823732 0.268686 0.071822 0.053927
0.285873 0.544257 0.102623 0.058497
0.395606 0.285389 0.089782 0.041386
0.935019 0.222600 0.084784 0.054013
0.400043 0.232268 0.077606 0.055136
0.725632 0.211754 0.087672 0.054448
0.169832 0.177647 0.073679 0.048711
0.824106 0.579295 0.078337 0.051982
0.512175 0.167620 0.076471 0.054890
0.934050 0.167078 0.073060 0.051186
0.822455 0.326276 0.062417 0.054279
0.397644 0.174475 0.077464 0.053184
0.405416 0.965959 0.084678 0.051944
0.716217 0.699673 0.087184 0.052598
0.718450 0.383494 0.078059 0.051909
0.932585 0.439847 0.092229 0.046653
0.926369 0.857080 0.089833 0.051390
0.829495 0.163751 0.076091 0.050032
0.506068 0.754047 0.068460 0.046676
0.507373 0.645600 0.066311 0.047263
0.061329 0.596411 0.082028 0.049573
0.172967 0.545939 0.071781 0.051251
0.507549 0.596917 0.066667 0.045556
0.067718 0.542705 0.072888 0.052672
0.930771 0.692780 0.075993 0.051006
0.393734 0.336377 0.083102 0.053136
0.397752 0.388416 0.084897 0.043991
0.723227 0.643733 0.076422 0.050223
0.503761 0.282450 0.084787 0.044510
0.725724 0.106396 0.074265 0.049295
0.280863 0.318087 0.082518 0.045132
0.399656 0.910931 0.080227 0.050981
0.507188 0.110166 0.076905 0.053799
0.067510 0.901990 0.072875 0.040323
0.505467 0.335889 0.080719 0.053261
0.820908 0.482033 0.078720 0.045600
0.727146 0.157276 0.078839 0.045898
0.285295 0.486315 0.088517 0.052369
0.282399 0.428495 0.070386 0.053227
0.505409 0.802591 0.074297 0.041860
0.067268 0.280774 0.082639 0.051467
0.822832 0.843477 0.090002 0.059048
0.170665 0.449259 0.081222 0.041422
0.717544 0.538674 0.082612 0.055587
0.929106 0.334537 0.083118 0.049625
0.827790 0.215359 0.075555 0.046049
0.172345 0.344689 0.078121 0.050514
0.394311 0.119028 0.091934 0.052417
0.509397 0.227060 0.064209 0.055548
0.823674 0.379141 0.077418 0.046148
0.825847 0.430117 0.067515 0.047805
0.515076 0.440627 0.072998 0.043338
0.721167 0.435015 0.071687 0.045554
0.063207 0.489646 0.082182 0.047806
0.166687 0.496279 0.077590 0.040165
0.619088 0.752540 0.090066 0.055832
0.176768 0.817965 0.069498 0.051249
0.169127 0.233127 0.071033 0.049840
0.282910 0.757797 0.092302 0.044703
0.179072 0.969857 0.083048 0.043304
0.068715 0.223189 0.085880 0.055542
0.060141 0.441247 0.070159 0.039521
0.716706 0.810287 0.067762 0.047505
0.390290 0.755934 0.072049 0.055872
0.825187 0.787691 0.076300 0.050443
0.398495 0.487614 0.071175 0.055694
0.276683 0.371036 0.088968 0.042498
0.506120 0.856370 0.062376 0.054470
0.282622 0.710786 0.067195 0.039888
0.934799 0.487834 0.076593 0.046360
0.925614 0.803558 0.073293 0.053547
0.933548 0.585598 0.067431 0.046121
0.398959 0.546316 0.064661 0.055886
0.401714 0.646479 0.078169 0.055521
0.394374 0.437689 0.080942 0.037927
0.832336 0.108868 0.072956 0.054242
0.618505 0.962387 0.086358 0.051600
0.938557 0.114898 0.076078 0.048062
0.169335 0.121470 0.067318 0.052887
0.936480 0.535186 0.072992 0.041813
0.063377 0.392098 0.069458 0.046063
0.826505 0.681553 0.086555 0.044957
0.725609 0.484862 0.078995 0.041225
0.826891 0.732737 0.070000 0.051198
0.939414 0.388510 0.078023 0.049009
0.723134 0.055286 0.078331 0.053555
0.721960 0.590862 0.065932 0.045631
0.941247 0.639487 0.083861 0.049091
0.064333 0.695610 0.079002 0.052932
0.074311 0.814318 0.079573 0.049348
0.060569 0.114215 0.068716 0.049779
0.171931 0.597963 0.063737 0.047449
0.067589 0.646836 0.077917 0.044753
0.280215 0.060760 0.096005 0.054822
0.617950 0.161628 0.071608 0.052572
0.169826 0.400596 0.079994 0.053572
0.176231 0.764029 0.066380 0.042842
0.611896 0.851431 0.081067 0.042052
0.174855 0.289059 0.078363 0.052327
0.509263 0.392539 0.071090 0.044258
0.399143 0.701484 0.066389 0.051260
0.716703 0.863132 0.065061 0.050116
0.718161 0.913638 0.067882 0.042562
0.074506 0.957831 0.078825 0.055979
0.724481 0.274233 0.069533 0.061847
0.512609 0.055861 0.083169 0.045883
0.398642 0.814159 0.075451 0.050309
0.173204 0.924058 0.072119 0.043311
0.717123 0.961899 0.083342 0.047714
0.614876 0.697566 0.074338 0.050210
0.064551 0.338920 0.091558 0.055202
0.061882 0.168335 0.067065 0.050854
0.612364 0.107570 0.060933 0.051987
0.172471 0.872543 0.064696 0.051358
0.174757 0.712485 0.072657 0.047662
0.611414 0.052973 0.064667 0.047784
0.619265 0.528302 0.088196 0.049566
0.931562 0.749313 0.075466 0.050065
0.503829 0.544416 0.069216 0.057023
0.175597 0.655344 0.082806 0.062159
0.618086 0.805102 0.066568 0.041853
0.717259 0.756563 0.060227 0.056400
0.822925 0.897164 0.067849 0.039931
0.829196 0.052417 0.082142 0.051104
0.510681 0.955701 0.091789 0.053843
0.281179 0.961794 0.083789 0.050720
0.400038 0.597946 0.076897 0.034900
0.281386 0.269543 0.065098 0.034958
0.279124 0.914987 0.081963 0.033613
0.623007 0.478638 0.084927 0.041535
0.068318 0.860151 0.075603 0.035583
0.284105 0.110516 0.076412 0.040223
0.822927 0.527976 0.064370 0.037276
0.170881 0.064745 0.060262 0.056624
0.280849 0.603292 0.063854 0.059953
0.402525 0.862506 0.072770 0.036155
0.066972 0.061066 0.073951 0.054718
0.282660 0.220846 0.066570 0.050841
0.285718 0.870809 0.095336 0.047090
0.616437 0.579876 0.074057 0.038400
0.282046 0.662414 0.062886 0.045466
0.395677 0.062801 0.077667 0.057796
0.932768 0.911877 0.070168 0.053614
0.511006 0.904409 0.075727 0.037436
0.504780 0.487724 0.059088 0.045033
0.502165 0.699844 0.067589 0.054855
0.614198 0.294344 0.076397 0.063305
0.613791 0.639238 0.063926 0.061815
0.824962 0.938837 0.059885 0.037290
0.824152 0.633709 0.051097 0.045229
0.926115 0.963490 0.088925 0.045989
0.282454 0.814774 0.078286 0.059636
0.618234 0.906363 0.061753 0.049804
0.072692 0.755470 0.071511 0.055075
0.285826 0.162820 0.069948 0.054204
0.822216 0.970650 0.068817 0.041621
0.937582 0.058841 0.058831 0.051398
0.615595 0.356086 0.065805 0.052479
0.612874 0.422121 0.075281 0.060762
0.615612 0.225868 0.082821 0.062237
