0.407004 0.385291 0.065630 0.035305
0.504277 0.366289 0.056536 0.031731
0.706152 0.428039 0.054101 0.035361
0.708128 0.332106 0.050431 0.032987
0.709722 0.296835 0.051334 0.032422
0.505508 0.399744 0.060231 0.028181
0.904019 0.859241 0.058419 0.032620
0.707127 0.227891 0.046335 0.034949
0.705258 0.590280 0.048920 0.034760
0.510847 0.234375 0.056662 0.030968
0.705451 0.492258 0.059013 0.027961
0.910630 0.178779 0.053371 0.035224
0.809977 0.144139 0.058078 0.029995
0.608825 0.304390 0.049538 0.031532
0.908695 0.145111 0.055463 0.027726
0.813350 0.177131 0.053012 0.030737
0.702905 0.463070 0.051598 0.031261
0.905398 0.893479 0.054562 0.030294
0.301811 0.423062 0.053089 0.032937
0.907470 0.346816 0.055586 0.032742
0.812146 0.212066 0.053142 0.035527
0.495320 0.882820 0.049803 0.031376
0.502319 0.471617 0.055021 0.028604
0.812375 0.305862 0.063349 0.031772
0.804054 0.754396 0.047002 0.034790
0.809222 0.885472 0.049360 0.031743
0.604119 0.467730 0.050381 0.030877
0.906895 0.488180 0.063303 0.034226
0.407557 0.249699 0.061801 0.028591
0.811087 0.919091 0.048895 0.031822
0.807838 0.272656 0.057161 0.029120
0.598675 0.627826 0.056414 0.039793
0.601453 0.667591 0.051467 0.037418
0.806938 0.851471 0.061360 0.032565
0.805565 0.632313 0.058808 0.029586
0.609944 0.268207 0.051038 0.033123
0.304483 0.484741 0.054303 0.032435
0.504531 0.267487 0.053555 0.026418
0.406157 0.216342 0.063613 0.030369
0.305670 0.322211 0.048980 0.035964
0.610691 0.235145 0.060043 0.027537
0.703140 0.555760 0.050477 0.028518
0.608373 0.136402 0.058868 0.026496
0.506520 0.201677 0.058513 0.029704
0.908411 0.272515 0.050050 0.033871
0.707120 0.392962 0.053951 0.027024
0.304139 0.252313 0.051522 0.032377
0.812361 0.394314 0.058286 0.030466
0.808008 0.430158 0.049468 0.032735
0.807981 0.665522 0.050388 0.032516
0.604334 0.364021 0.054782 0.026625
0.401328 0.476212 0.052656 0.033992
0.603388 0.335143 0.045891 0.028974
0.909517 0.215105 0.050536 0.031193
0.208070 0.403542 0.052398 0.031139
0.607654 0.202120 0.047565 0.032905
0.904312 0.790584 0.055899 0.030501
0.206212 0.502394 0.051830 0.032344
0.496580 0.848059 0.048849 0.034809
0.700254 0.626825 0.050461 0.033422
0.707382 0.662963 0.060434 0.030002
0.498873 0.684138 0.054200 0.037157
0.209147 0.578924 0.057874 0.036075
0.710864 0.170693 0.051070 0.026918
0.599141 0.806624 0.063938 0.029041
0.903494 0.428570 0.052358 0.028145
0.704244 0.695579 0.058324 0.028129
0.501532 0.757682 0.059497 0.030652
0.107154 0.440496 0.051897 0.038811
0.707216 0.262215 0.042856 0.031774
0.305299 0.285561 0.051050 0.028149
0.901709 0.718360 0.054573 0.030386
0.907901 0.604443 0.041291 0.033372
0.505094 0.296201 0.048431 0.028243
0.507362 0.170405 0.050641 0.030268
0.901088 0.754455 0.053413 0.038179
0.495646 0.528962 0.045985 0.032877
0.106124 0.247441 0.056594 0.031301
0.204503 0.467666 0.061434 0.028514
0.608519 0.168123 0.049053 0.029934
0.400670 0.690209 0.052617 0.032202
0.205271 0.437221 0.053217 0.027771
0.596963 0.894316 0.054220 0.024156
0.110397 0.184347 0.050794 0.028215
0.408330 0.145450 0.045785 0.030964
0.399353 0.729017 0.050387 0.037909
0.805490 0.573984 0.054206 0.029333
0.403226 0.312171 0.049915 0.039197
0.403232 0.441428 0.045183 0.031040
0.394493 0.788290 0.052952 0.028342
0.602066 0.919560 0.054557 0.023751
0.704411 0.362992 0.048341 0.030030
0.606727 0.708063 0.056612 0.040332
0.298875 0.520014 0.057376 0.031896
0.399877 0.892793 0.053386 0.027413
0.204730 0.617110 0.050678 0.038468
0.607448 0.499656 0.057594 0.029033
0.495138 0.912393 0.046867 0.028565
0.805832 0.720767 0.049583 0.028611
0.506688 0.140553 0.052538 0.025578
0.909093 0.310534 0.044216 0.036530
0.108944 0.670072 0.051816 0.027492
0.109241 0.545131 0.048301 0.031558
0.204516 0.766389 0.046289 0.033137
0.597397 0.864435 0.044086 0.029492
0.910080 0.243769 0.053531 0.022044
0.404090 0.622278 0.049496 0.035089
0.607417 0.394572 0.044425 0.031416
0.497131 0.595762 0.044934 0.026646
0.394375 0.820874 0.045627 0.029772
0.905337 0.572148 0.047968 0.028552
0.709307 0.197107 0.053689 0.023422
0.809520 0.111589 0.052391 0.032091
0.106811 0.215848 0.048538 0.027259
0.805432 0.466144 0.048213 0.036651
0.711675 0.141506 0.045027 0.024122
0.111216 0.477517 0.050660 0.028599
0.208785 0.229660 0.046391 0.036037
0.206287 0.298009 0.041369 0.031875
0.199882 0.862852 0.048011 0.036533
0.907022 0.520208 0.042819 0.028319
0.904996 0.921992 0.050253 0.025509
0.110041 0.511241 0.047804 0.032185
0.908131 0.947369 0.052124 0.028382
0.598398 0.592915 0.047393 0.029834
0.807894 0.814321 0.048361 0.030541
0.904556 0.387205 0.055137 0.043758
0.496543 0.562734 0.044014 0.031030
0.407887 0.181920 0.038841 0.034365
0.702764 0.523061 0.042845 0.029690
0.805970 0.786669 0.044882 0.023933
0.302860 0.387707 0.044695 0.031645
0.503775 0.436720 0.043145 0.038010
0.600795 0.944405 0.070212 0.025685
0.606369 0.431131 0.042977 0.035080
0.116198 0.605776 0.049492 0.035903
0.810563 0.244620 0.047143 0.022858
0.109482 0.149792 0.046133 0.034582
0.402743 0.585849 0.044204 0.034408
0.305552 0.117979 0.048611 0.031373
0.504738 0.329046 0.041229 0.036087
0.400333 0.656097 0.060102 0.028529
0.503030 0.111645 0.053889 0.027664
0.399613 0.550838 0.042633 0.032195
0.406174 0.113178 0.055063 0.029405
0.212190 0.708805 0.050070 0.037057
0.498934 0.720591 0.043992 0.034931
0.202431 0.898584 0.044843 0.031875
0.206354 0.330113 0.040795 0.029143
0.302207 0.453165 0.038806 0.026511
0.403333 0.513272 0.048676 0.034926
0.398263 0.759261 0.046391 0.025808
0.405012 0.277956 0.047075 0.022627
0.504572 0.941861 0.063250 0.028355
0.397744 0.859370 0.042825 0.036718
0.811025 0.339507 0.041809 0.026793
0.601310 0.743227 0.044945 0.025277
0.209432 0.194704 0.039311 0.031722
0.303729 0.182332 0.041944 0.031266
0.497266 0.813132 0.042724 0.030489
0.497325 0.649571 0.044238 0.030991
0.112436 0.773836 0.050164 0.039309
0.205483 0.737997 0.048590 0.023074
0.210680 0.141691 0.040352 0.027867
0.704483 0.725286 0.060442 0.024882
0.109875 0.340695 0.041809 0.033512
0.909509 0.114802 0.042538 0.030703
0.115925 0.701423 0.054281 0.032425
0.610176 0.108419 0.048054 0.026924
0.202644 0.828516 0.040680 0.029430
0.206649 0.651387 0.054517 0.026875
0.108020 0.282399 0.046311 0.031981
0.903176 0.635813 0.052728 0.024715
0.109536 0.638770 0.040860 0.030145
0.807720 0.545971 0.051445 0.026147
0.206571 0.367044 0.044474 0.036577
0.806876 0.602874 0.047885 0.021798
0.306213 0.355468 0.042306 0.032943
0.113823 0.735846 0.041871 0.034594
0.298871 0.554117 0.052186 0.032532
0.710221 0.112671 0.056836 0.028540
0.807059 0.503055 0.054210 0.030902
0.207456 0.264028 0.042134 0.031492
0.205038 0.541688 0.044978 0.039416
0.108520 0.403845 0.037846 0.029084
0.910326 0.546197 0.050177 0.021292
0.205115 0.799165 0.043015 0.022761
0.206300 0.932364 0.042417 0.032528
0.304096 0.216118 0.037337 0.034475
0.304456 0.150319 0.044783 0.031542
0.599804 0.834667 0.041189 0.024754
0.816208 0.947363 0.055921 0.023403
0.394797 0.944367 0.046543 0.026947
0.811873 0.365358 0.036915 0.024560
0.904583 0.456813 0.055769 0.021664
0.108608 0.375047 0.038999 0.031098
0.498598 0.499845 0.049226 0.023412
0.109659 0.116674 0.040290 0.029962
0.904072 0.688996 0.033812 0.026553
0.213769 0.167541 0.045081 0.018914
0.902927 0.662434 0.044521 0.026328
0.810499 0.693125 0.049425 0.020094
0.211210 0.113273 0.046134 0.027374
0.601966 0.538817 0.064927 0.039127
0.406796 0.414983 0.052548 0.017941
0.499448 0.621940 0.049746 0.021002
0.108694 0.574198 0.045003 0.020012
0.114819 0.808262 0.052035 0.022945
0.108802 0.309354 0.048916 0.025925
0.402178 0.349653 0.044277 0.029601
0.904104 0.824613 0.052364 0.030684
0.598178 0.774453 0.062263 0.029295
0.400322 0.918919 0.055618 0.020259
0.116726 0.837692 0.041411 0.031318
0.602534 0.564567 0.066648 0.021227
0.300898 0.581592 0.063129 0.026061
0.206998 0.676742 0.045121 0.018995
0.501089 0.786625 0.051028 0.021288
0.117957 0.939996 0.036429 0.025435
0.118281 0.911330 0.034450 0.025922
0.115470 0.874719 0.048417 0.039372
