0.471846 0.726726 0.063088 0.044317
0.368610 0.333805 0.066604 0.040605
0.931001 0.171809 0.063534 0.037825
0.816289 0.428892 0.063181 0.035433
0.809113 0.741195 0.054120 0.039909
0.152003 0.795900 0.074609 0.041990
0.267535 0.152675 0.055924 0.040003
0.155270 0.915794 0.064564 0.039940
0.698502 0.788507 0.053247 0.040217
0.814797 0.346540 0.059199 0.041289
0.155870 0.728350 0.059017 0.038593
0.599071 0.102764 0.056887 0.037198
0.481284 0.492558 0.062974 0.038637
0.485100 0.452306 0.054997 0.039946
0.589259 0.722533 0.049574 0.037902
0.478858 0.683367 0.052162 0.041400
0.814047 0.782724 0.052754 0.038472
0.062909 0.741241 0.057191 0.037838
0.699500 0.865562 0.059646 0.041237
0.495505 0.227663 0.075402 0.042463
0.704673 0.277933 0.053903 0.041876
0.061482 0.277457 0.052528 0.033956
0.602627 0.141613 0.057213 0.036962
0.265571 0.111249 0.058687 0.039534
0.818789 0.304346 0.064210 0.039052
0.060947 0.859779 0.054009 0.033002
0.715997 0.155021 0.050388 0.034466
0.161048 0.688221 0.059721 0.037091
0.591356 0.465408 0.059223 0.039952
0.930995 0.466323 0.059155 0.035540
0.706629 0.605586 0.056808 0.037750
0.267930 0.192990 0.063613 0.041578
0.812469 0.389324 0.063425 0.042030
0.936371 0.729579 0.060546 0.037721
0.258905 0.866082 0.069534 0.042286
0.596793 0.257377 0.079277 0.054108
0.271437 0.028396 0.070788 0.043267
0.062957 0.313731 0.052099 0.036948
0.063833 0.822823 0.049666 0.041707
0.924725 0.868664 0.056943 0.037114
0.059926 0.698803 0.055757 0.040523
0.811438 0.824140 0.054508 0.047356
0.066241 0.781700 0.055262 0.035300
0.055888 0.657960 0.059194 0.042199
0.807805 0.871052 0.060602 0.041593
0.258036 0.765706 0.050303 0.034981
0.924353 0.403044 0.057980 0.035107
0.933942 0.210669 0.050534 0.035482
0.056142 0.193217 0.063818 0.042379
0.929311 0.832078 0.051925 0.032760
0.492933 0.364659 0.056488 0.037060
0.715111 0.190446 0.052050 0.032867
0.602634 0.210468 0.053044 0.034161
0.703869 0.565731 0.054899 0.039279
0.169131 0.268042 0.055650 0.037119
0.816281 0.580543 0.051556 0.037894
0.061521 0.237639 0.054629 0.041117
0.811776 0.465366 0.051460 0.035923
0.817880 0.697496 0.050365 0.043620
0.368936 0.667448 0.050798 0.036912
0.931604 0.937537 0.057793 0.033801
0.491585 0.273421 0.057240 0.048262
0.929522 0.504127 0.055439 0.038232
0.931724 0.100523 0.049476 0.036281
0.371768 0.547397 0.062166 0.039896
0.493094 0.321752 0.050753 0.043010
0.935080 0.135174 0.050681 0.033703
0.597988 0.301769 0.057023 0.032481
0.708975 0.487347 0.061831 0.035090
0.929178 0.305079 0.055760 0.032140
0.063370 0.392351 0.062577 0.038427
0.601222 0.339989 0.058562 0.039995
0.592042 0.508819 0.062930 0.040326
0.371099 0.768145 0.051085 0.040471
0.488335 0.408051 0.059068 0.047573
0.819026 0.499114 0.065638 0.028322
0.368152 0.257417 0.055065 0.034368
0.059156 0.893327 0.051172 0.031851
0.371509 0.295005 0.056094 0.034297
0.928097 0.337876 0.066497 0.032511
0.162738 0.105417 0.062357 0.043641
0.697907 0.828367 0.051381 0.036161
0.365795 0.960067 0.049652 0.041588
0.375001 0.413784 0.051142 0.034494
0.267671 0.683237 0.054130 0.040049
0.704024 0.317182 0.068673 0.030324
0.815673 0.538997 0.054076 0.044233
0.372405 0.809731 0.050939 0.041459
0.364471 0.452976 0.076807 0.042282
0.162615 0.307136 0.051547 0.038150
0.603645 0.176914 0.050335 0.030590
0.475314 0.841076 0.057036 0.037905
0.597669 0.027503 0.073039 0.040121
0.702200 0.721792 0.043568 0.029826
0.812466 0.911189 0.051609 0.035823
0.929391 0.973414 0.063104 0.036540
0.589178 0.762980 0.051574 0.039295
0.471748 0.915063 0.048158 0.034188
0.270052 0.070916 0.054180 0.036921
0.469927 0.879328 0.058405 0.038117
0.936596 0.244820 0.055121 0.029907
0.265480 0.385424 0.049009 0.035793
0.709183 0.524321 0.053610 0.038826
0.256332 0.801381 0.054698 0.028745
0.264493 0.725008 0.047143 0.040220
0.066014 0.960739 0.050485 0.035900
0.258907 0.604405 0.057612 0.037362
0.157856 0.563024 0.053385 0.046862
0.064933 0.925832 0.052396 0.028964
0.376580 0.626891 0.052055 0.041886
0.931137 0.585769 0.054716 0.046617
0.594562 0.423581 0.057029 0.036337
0.160373 0.645932 0.053570 0.043513
0.591620 0.682593 0.054905 0.035180
0.698019 0.939654 0.061389 0.034130
0.060814 0.616810 0.050058 0.043654
0.057337 0.353346 0.049467 0.038753
0.159247 0.878641 0.060645 0.030665
0.493358 0.107685 0.054451 0.040441
0.598220 0.383882 0.047111 0.040473
0.702413 0.751851 0.048316 0.030810
0.818435 0.262378 0.059424 0.041484
0.263035 0.643966 0.050212 0.039177
0.480611 0.529550 0.056865 0.032920
0.475203 0.976283 0.054152 0.027195
0.369565 0.500273 0.050556 0.049455
0.581789 0.910243 0.056468 0.036349
0.700162 0.904768 0.051642 0.037063
0.492013 0.147369 0.048254 0.038647
0.061890 0.150067 0.053501 0.039643
0.367876 0.854757 0.046723 0.044555
0.492726 0.185662 0.049948 0.037563
0.383377 0.059600 0.055239 0.039336
0.374396 0.374172 0.059745 0.036468
0.709801 0.230880 0.048694 0.044319
0.815373 0.622505 0.053856 0.033386
0.370973 0.586511 0.057946 0.036489
0.157342 0.346925 0.055002 0.033424
0.473038 0.803825 0.050954 0.037791
0.699319 0.689998 0.051947 0.031758
0.814101 0.657036 0.060428 0.036622
0.473511 0.948268 0.047460 0.029104
0.165062 0.187969 0.052867 0.038923
0.824236 0.180592 0.053036 0.046627
0.928963 0.904657 0.051068 0.034355
0.925129 0.369034 0.051141 0.031424
0.166060 0.227542 0.049715 0.039303
0.165796 0.147735 0.048355 0.036619
0.161349 0.956152 0.049323 0.036739
0.928273 0.800446 0.043915 0.030469
0.938377 0.273974 0.051911 0.028046
0.583711 0.805347 0.043739 0.042942
0.931413 0.063190 0.046638 0.037546
0.477354 0.639998 0.050201 0.037802
0.368783 0.215827 0.061310 0.045840
0.605836 0.065996 0.050920 0.034408
0.937053 0.631681 0.057132 0.041531
0.701096 0.972377 0.064069 0.031367
0.055960 0.069171 0.059152 0.043495
0.160986 0.841787 0.055192 0.047112
0.368463 0.732864 0.071681 0.026428
0.931400 0.670139 0.052125 0.031650
0.708860 0.055003 0.065368 0.041199
0.264119 0.236733 0.056685 0.042146
0.262347 0.352417 0.059466 0.027422
0.930318 0.542931 0.053597 0.037224
0.267813 0.564562 0.052339 0.038689
0.703114 0.451518 0.072067 0.038753
0.474295 0.765747 0.051065 0.034621
0.260000 0.932419 0.049280 0.030725
0.713201 0.124097 0.050590 0.030665
0.927948 0.026991 0.045004 0.034374
0.257181 0.966427 0.065753 0.033092
0.377017 0.171583 0.048035 0.038847
0.592270 0.589026 0.047795 0.035565
0.478558 0.604076 0.041052 0.035231
0.825210 0.094774 0.051732 0.030457
0.267072 0.278986 0.048245 0.039127
0.267480 0.419471 0.047775 0.033496
0.056959 0.112351 0.049069 0.036781
0.824280 0.222063 0.046484 0.032359
0.711482 0.093480 0.051271 0.036871
0.821977 0.133092 0.061687 0.045974
0.161142 0.517417 0.050265 0.036685
0.579344 0.849603 0.068692 0.039703
0.932984 0.768608 0.042103 0.032681
0.266325 0.901683 0.057072 0.029081
0.707192 0.409200 0.042799 0.041310
0.708116 0.372983 0.049734 0.026724
0.058517 0.431317 0.045017 0.036209
0.925814 0.435187 0.045487 0.024072
0.478309 0.567706 0.045750 0.037655
0.058975 0.575688 0.051605 0.039102
0.058981 0.030143 0.050210 0.037304
0.371606 0.919596 0.042503 0.038615
0.060560 0.469386 0.047610 0.038900
0.593928 0.548760 0.052902 0.040309
0.160549 0.759990 0.057899 0.025551
0.161895 0.381853 0.048354 0.031916
0.821536 0.065459 0.047888 0.028573
0.593723 0.624204 0.058802 0.034526
0.267800 0.485727 0.068983 0.038163
0.370863 0.703628 0.054768 0.029764
0.270472 0.452814 0.067685 0.033671
0.494122 0.068651 0.048280 0.038714
0.489837 0.028638 0.083074 0.043409
0.593926 0.654037 0.053781 0.025462
0.260839 0.830211 0.047186 0.025479
0.264329 0.320855 0.038234 0.037458
0.158766 0.413583 0.046017 0.032675
0.165799 0.062491 0.052033 0.036660
0.160271 0.481545 0.035745 0.030655
0.268977 0.525384 0.047840 0.040832
0.937790 0.697911 0.050220 0.023051
0.163180 0.604527 0.054971 0.032660
0.058557 0.507562 0.047481 0.040287
0.157360 0.448394 0.038937 0.033135
0.820596 0.031478 0.048791 0.043578
0.163861 0.025282 0.053422 0.039659
0.706485 0.647848 0.044550 0.045233
0.380272 0.098960 0.045458 0.033458
0.061666 0.541411 0.047904 0.027072
0.377948 0.132676 0.047800 0.034437
0.716714 0.021242 0.050484 0.028109
0.710245 0.345373 0.055852 0.024022
0.385233 0.023430 0.045122 0.027993
0.586735 0.878883 0.055455 0.023730
0.581548 0.948771 0.047784 0.042070
0.816072 0.950876 0.054806 0.042596
0.370568 0.890342 0.042230 0.023487
0.814792 0.966317 0.047423 0.041179
