0.069121 0.260746 0.061448 0.039571
0.393574 0.365842 0.060610 0.043017
0.819903 0.730187 0.074467 0.042761
0.930092 0.798205 0.055480 0.036464
0.619738 0.671316 0.060363 0.040229
0.405507 0.668928 0.061944 0.040036
0.182559 0.747191 0.066146 0.036324
0.934499 0.758891 0.061360 0.042995
0.493684 0.383926 0.065196 0.041703
0.286477 0.662262 0.059560 0.039971
0.395566 0.627369 0.065520 0.038010
0.392316 0.323213 0.059698 0.037356
0.496679 0.181389 0.067857 0.046424
0.494781 0.228748 0.076105 0.038970
0.282862 0.289812 0.066861 0.034900
0.286304 0.747481 0.058660 0.046437
0.066370 0.103344 0.058567 0.044324
0.503824 0.268304 0.063505 0.038418
0.929306 0.712877 0.058483 0.038922
0.931860 0.227029 0.058104 0.033598
0.924321 0.878991 0.063206 0.037598
0.169271 0.072985 0.072698 0.047925
0.926912 0.841335 0.058261 0.038603
0.393083 0.281365 0.054862 0.037707
0.618418 0.342191 0.053211 0.039711
0.178554 0.866569 0.081010 0.043154
0.070025 0.795620 0.059457 0.040011
0.065375 0.755961 0.058124 0.038164
0.064146 0.434546 0.068168 0.043108
0.721905 0.644868 0.052129 0.038951
0.401885 0.411667 0.059748 0.045782
0.619641 0.592946 0.058694 0.036895
0.616928 0.631050 0.057975 0.033705
0.282653 0.464467 0.068893 0.041571
0.930834 0.112081 0.062340 0.035024
0.067813 0.300650 0.058074 0.037112
0.611206 0.260239 0.067299 0.034797
0.931097 0.432911 0.054976 0.034984
0.616964 0.746596 0.058446 0.040238
0.283825 0.547879 0.058386 0.038708
0.931195 0.146593 0.060662 0.034541
0.827318 0.960017 0.062396 0.043712
0.616640 0.784106 0.059838 0.033402
0.290273 0.832612 0.061340 0.043445
0.179654 0.669932 0.060158 0.042410
0.397836 0.822193 0.058382 0.043916
0.182694 0.823189 0.052827 0.041608
0.289657 0.789998 0.055699 0.033634
0.067048 0.672466 0.063957 0.031334
0.182323 0.597971 0.054680 0.037184
0.065631 0.387808 0.063319 0.043824
0.823098 0.643012 0.059077 0.040785
0.933763 0.187852 0.062551 0.043247
0.927940 0.667965 0.051713 0.043243
0.931411 0.547105 0.052158 0.034909
0.937755 0.265951 0.057435 0.040000
0.394598 0.105351 0.051947 0.034524
0.174865 0.115810 0.065629 0.036313
0.173162 0.287118 0.051471 0.035688
0.932346 0.395846 0.047367 0.036855
0.068126 0.479866 0.054369 0.040880
0.064794 0.343228 0.056198 0.042185
0.287758 0.117633 0.053187 0.039630
0.823491 0.371071 0.054050 0.040077
0.617211 0.299533 0.053212 0.041114
0.391469 0.029615 0.062914 0.034463
0.718315 0.714542 0.055358 0.041696
0.931310 0.470658 0.049406 0.036863
0.067051 0.632537 0.056655 0.035301
0.615714 0.066545 0.050689 0.036233
0.181548 0.783149 0.054201 0.035650
0.616151 0.189578 0.053120 0.028510
0.933126 0.310379 0.055434 0.043015
0.389696 0.069049 0.054447 0.037601
0.398748 0.539725 0.055628 0.045647
0.174335 0.156755 0.049561 0.040364
0.061900 0.143308 0.061054 0.034841
0.399944 0.493726 0.051573 0.044763
0.402996 0.706496 0.056780 0.028673
0.069996 0.837040 0.058352 0.041438
0.827694 0.917774 0.059680 0.039676
0.819467 0.527999 0.054081 0.036089
0.068714 0.562610 0.051163 0.037246
0.496944 0.137917 0.052517 0.037388
0.283919 0.910976 0.057244 0.037886
0.498118 0.473191 0.058086 0.046403
0.614898 0.860197 0.051826 0.042923
0.496568 0.426708 0.063443 0.040526
0.610432 0.223872 0.063573 0.034929
0.284618 0.623875 0.049410 0.036103
0.398991 0.953834 0.054203 0.044359
0.171088 0.202984 0.057006 0.042792
0.612103 0.108103 0.048003 0.040439
0.397643 0.453893 0.055098 0.035418
0.613300 0.488741 0.067569 0.033571
0.278780 0.248240 0.045209 0.035608
0.074105 0.963074 0.058168 0.039769
0.721313 0.604299 0.052162 0.040919
0.501402 0.312422 0.059899 0.040453
0.403259 0.742625 0.065377 0.032525
0.067988 0.523284 0.052138 0.037047
0.818562 0.488163 0.054558 0.040974
0.929710 0.587391 0.057136 0.042069
0.280774 0.330975 0.060208 0.044328
0.182616 0.563169 0.063737 0.028456
0.827505 0.600825 0.065399 0.034657
0.179413 0.710893 0.059960 0.034798
0.714831 0.172763 0.052717 0.039982
0.400895 0.584475 0.047672 0.042648
0.288489 0.703148 0.048480 0.035806
0.934182 0.355004 0.047273 0.039157
0.286336 0.074322 0.055907 0.039232
0.614904 0.939089 0.043183 0.036348
0.500973 0.517272 0.050565 0.038772
0.401854 0.912989 0.065169 0.035998
0.933783 0.072125 0.053022 0.040695
0.404680 0.778418 0.052753 0.041858
0.815721 0.165608 0.047912 0.038819
0.068972 0.178282 0.058371 0.027265
0.811536 0.041169 0.056758 0.035858
0.933789 0.510306 0.049172 0.039728
0.282877 0.587588 0.052749 0.038078
0.825517 0.685822 0.047947 0.042472
0.291427 0.873080 0.054686 0.036662
0.175423 0.029254 0.061274 0.033738
0.724759 0.518525 0.056807 0.041929
0.825112 0.875955 0.051272 0.034699
0.392086 0.185765 0.059867 0.040342
0.617417 0.561359 0.053658 0.026166
0.392349 0.141913 0.048246 0.035961
0.615348 0.820328 0.043391 0.036420
0.066898 0.598780 0.054496 0.032559
0.611787 0.452614 0.050405 0.037760
0.284269 0.419589 0.056016 0.043337
0.716403 0.213508 0.046761 0.035009
0.282628 0.031184 0.058973 0.037791
0.821451 0.565651 0.051415 0.036189
0.822298 0.244515 0.046882 0.035952
0.391147 0.236874 0.053112 0.049133
0.281108 0.206881 0.049802 0.042613
0.068799 0.060869 0.055899 0.036798
0.713802 0.131840 0.049364 0.036191
0.611223 0.151975 0.045232 0.041360
0.825610 0.282903 0.044153 0.037935
0.071458 0.216602 0.048663 0.039001
0.613830 0.415804 0.046181 0.036332
0.184664 0.524057 0.057705 0.039460
0.178214 0.912771 0.068303 0.042808
0.504333 0.349002 0.049704 0.027253
0.284381 0.956621 0.052625 0.046059
0.184289 0.432492 0.059243 0.041069
0.722462 0.865477 0.045896 0.037417
0.509479 0.862387 0.045723 0.033590
0.497055 0.100139 0.047400 0.037034
0.718759 0.254528 0.053912 0.040949
0.505127 0.896333 0.064198 0.035062
0.178885 0.633848 0.047135 0.030064
0.278297 0.377682 0.052820 0.043317
0.505785 0.559429 0.051605 0.046401
0.069123 0.880302 0.051594 0.041522
0.062402 0.713148 0.055618 0.046442
0.289714 0.162876 0.049833 0.041631
0.171683 0.246369 0.043224 0.041498
0.818072 0.077200 0.048826 0.033402
0.613628 0.901402 0.056234 0.036346
0.825724 0.776137 0.048697 0.038572
0.721960 0.427712 0.048088 0.039133
0.185216 0.955425 0.049326 0.041435
0.511064 0.825669 0.047448 0.036790
0.723503 0.300099 0.054709 0.046527
0.617133 0.710210 0.051868 0.029157
0.819833 0.411647 0.048815 0.038335
0.070979 0.920945 0.047814 0.039017
0.722667 0.352381 0.053386 0.047861
0.506277 0.606180 0.053141 0.044422
0.823625 0.324756 0.052995 0.046546
0.508582 0.691758 0.052210 0.044015
0.281841 0.508160 0.045107 0.036384
0.615051 0.380480 0.040436 0.031185
0.494113 0.062555 0.051634 0.039173
0.715872 0.678322 0.056765 0.025007
0.725811 0.472200 0.056234 0.045542
0.819831 0.119515 0.046276 0.045234
0.726261 0.560699 0.063210 0.044262
0.399387 0.871530 0.044160 0.044972
0.613020 0.027341 0.048233 0.033947
0.819848 0.205750 0.039558 0.034799
0.712214 0.096433 0.042845 0.033206
0.823342 0.841690 0.045415 0.036560
0.183705 0.478729 0.051522 0.049055
0.508351 0.648867 0.050536 0.041186
0.819817 0.449413 0.046326 0.035782
0.926779 0.626015 0.050925 0.038060
0.721795 0.950329 0.044980 0.047257
0.068546 0.025503 0.048626 0.032504
0.505451 0.784576 0.052333 0.044292
0.493483 0.024770 0.052367 0.031996
0.720602 0.831958 0.039744 0.031167
0.930665 0.030626 0.054783 0.037832
0.720295 0.797341 0.041878 0.031126
0.726030 0.392145 0.046424 0.028909
0.174157 0.324949 0.047821 0.034860
0.617149 0.969523 0.048423 0.024790
0.721642 0.758270 0.049386 0.040533
0.512633 0.928916 0.041138 0.029526
0.509654 0.738102 0.050972 0.044407
0.723731 0.906141 0.046880 0.037594
0.177772 0.392529 0.040248 0.036836
0.706063 0.027182 0.045920 0.031331
0.514832 0.961900 0.038392 0.033786
0.710626 0.062260 0.039341 0.032696
0.611826 0.525553 0.059620 0.038303
0.825108 0.810695 0.040611 0.026368
0.930848 0.952775 0.055124 0.033558
0.176506 0.360570 0.040772 0.024221
0.933862 0.912117 0.045031 0.024264
