0.867788 0.628077 0.062363 0.030978
0.871465 0.696503 0.059063 0.030612
0.184826 0.435325 0.052298 0.034420
0.092399 0.704551 0.059848 0.032795
0.370342 0.284736 0.065135 0.037917
0.282075 0.640555 0.068429 0.040515
0.287973 0.684979 0.063042 0.040548
0.573964 0.521023 0.058252 0.036118
0.869558 0.732796 0.055953 0.031207
0.081640 0.391841 0.055404 0.034983
0.090460 0.507276 0.061580 0.034888
0.667464 0.311291 0.057858 0.032279
0.280123 0.474179 0.052339 0.034418
0.779607 0.848392 0.055966 0.028922
0.575383 0.739475 0.052606 0.035753
0.381253 0.653645 0.062578 0.032234
0.472664 0.214402 0.056436 0.032722
0.283631 0.829154 0.055995 0.035982
0.573941 0.838156 0.052131 0.034946
0.869119 0.804894 0.052726 0.031708
0.192063 0.822921 0.050194 0.032587
0.568250 0.186494 0.066588 0.031998
0.672846 0.484989 0.062584 0.033028
0.379880 0.833806 0.058831 0.033366
0.775604 0.695983 0.054399 0.034617
0.282059 0.755474 0.058124 0.032922
0.670710 0.760229 0.059693 0.026470
0.776541 0.772870 0.052979 0.034502
0.667560 0.655585 0.052082 0.037624
0.863282 0.592980 0.056279 0.031361
0.567999 0.257740 0.052854 0.035883
0.855547 0.217495 0.054780 0.032814
0.768412 0.478233 0.051737 0.027729
0.087414 0.465970 0.056642 0.036824
0.378333 0.459642 0.061487 0.032784
0.877384 0.868226 0.054579 0.031403
0.771371 0.579850 0.047236 0.034061
0.183372 0.572894 0.049282 0.035394
0.669437 0.350060 0.054162 0.038717
0.869089 0.768165 0.050774 0.029748
0.378095 0.323950 0.058061 0.035602
0.571057 0.394154 0.053995 0.029101
0.674064 0.796253 0.050001 0.033080
0.197018 0.892044 0.059515 0.027463
0.091561 0.546507 0.049604 0.036494
0.188635 0.614837 0.054416 0.034104
0.673036 0.831534 0.045017 0.028309
0.681874 0.888464 0.061409 0.027119
0.278786 0.191835 0.054508 0.034882
0.184065 0.509559 0.053859 0.032100
0.377884 0.387387 0.065858 0.027837
0.376203 0.247688 0.049649 0.031288
0.186262 0.471528 0.049296 0.031644
0.669478 0.275787 0.049639 0.031106
0.281983 0.792245 0.056106 0.030955
0.275885 0.154334 0.054333 0.031340
0.475395 0.248487 0.059532 0.031452
0.574376 0.874902 0.045466 0.030845
0.573506 0.803302 0.044395 0.029585
0.664622 0.240535 0.056132 0.031250
0.180393 0.279111 0.057845 0.039831
0.870268 0.662561 0.058151 0.031481
0.475186 0.288106 0.048801 0.038630
0.568204 0.221399 0.050984 0.030624
0.183401 0.365571 0.060742 0.034307
0.864074 0.488480 0.057433 0.033085
0.472127 0.397124 0.050113 0.035030
0.287103 0.868587 0.052153 0.035740
0.862995 0.381556 0.061681 0.030960
0.189155 0.680228 0.052359 0.032225
0.196250 0.750966 0.063137 0.035249
0.095888 0.910191 0.055364 0.030949
0.571456 0.324949 0.055496 0.030293
0.776740 0.651241 0.055088 0.038838
0.866307 0.524137 0.052147 0.033758
0.670273 0.451814 0.054480 0.029097
0.278272 0.231422 0.051871 0.036382
0.769564 0.544573 0.052832 0.029814
0.182062 0.323192 0.053628 0.038386
0.671195 0.553382 0.046772 0.030833
0.190134 0.714977 0.064028 0.032387
0.575193 0.773506 0.055670 0.024277
0.877017 0.904402 0.056447 0.032084
0.282074 0.270041 0.060321 0.032677
0.779251 0.882434 0.047844 0.031128
0.283798 0.600725 0.051044 0.035202
0.093737 0.740095 0.048082 0.030318
0.376211 0.422509 0.046727 0.034626
0.184437 0.648991 0.049226 0.023192
0.370762 0.187328 0.054011 0.038029
0.862148 0.558330 0.046831 0.027711
0.381773 0.727128 0.049455 0.038048
0.388374 0.911248 0.062433 0.028907
0.772006 0.443043 0.052704 0.031833
0.766907 0.195646 0.053105 0.032620
0.567296 0.121179 0.051032 0.033000
0.859558 0.311801 0.052123 0.031856
0.775721 0.734281 0.043562 0.030233
0.376830 0.530269 0.062089 0.036798
0.077161 0.125904 0.055329 0.028839
0.370430 0.152896 0.060721 0.028719
0.859401 0.251397 0.058563 0.029001
0.274864 0.344371 0.048393 0.033733
0.576141 0.560853 0.046074 0.034300
0.089865 0.590971 0.057162 0.040127
0.383093 0.768325 0.056002 0.032461
0.384104 0.873642 0.049643 0.037765
0.564479 0.294397 0.055919 0.026025
0.282779 0.506269 0.051805 0.025101
0.077098 0.213827 0.056017 0.034269
0.080573 0.284157 0.051151 0.035221
0.469236 0.179886 0.046867 0.031607
0.576265 0.700707 0.058305 0.037921
0.564921 0.084679 0.065656 0.030092
0.083451 0.428215 0.044804 0.029154
0.094693 0.869126 0.045547 0.037194
0.579121 0.910068 0.057887 0.027942
0.185497 0.401195 0.043353 0.027539
0.093238 0.830194 0.047593 0.032406
0.573579 0.593797 0.057828 0.023033
0.672281 0.385087 0.060313 0.027422
0.566915 0.154258 0.063696 0.029312
0.192677 0.858527 0.041591 0.033866
0.766783 0.265250 0.045531 0.034295
0.769165 0.342062 0.052091 0.032487
0.765251 0.119181 0.056546 0.028261
0.770118 0.510748 0.044023 0.029970
0.861263 0.453956 0.040851 0.029039
0.381799 0.687219 0.051508 0.031162
0.670119 0.520276 0.042099 0.030425
0.670797 0.691999 0.060808 0.024554
0.279974 0.377627 0.052123 0.022697
0.858703 0.183626 0.058112 0.029361
0.855863 0.148507 0.051858 0.029118
0.670474 0.614596 0.042396 0.034530
0.186892 0.784344 0.049060 0.031011
0.778458 0.811979 0.048685 0.034151
0.667941 0.173433 0.048643 0.030322
0.176972 0.136625 0.048420 0.037580
0.770083 0.408763 0.042774 0.029229
0.282982 0.723121 0.047501 0.023451
0.182855 0.177661 0.059211 0.031676
0.376952 0.493219 0.048488 0.026084
0.861161 0.418628 0.041030 0.033897
0.667566 0.207563 0.043676 0.028836
0.761895 0.155197 0.048506 0.037622
0.280458 0.305701 0.051387 0.031901
0.090095 0.669439 0.047520 0.028399
0.854692 0.115267 0.044079 0.028490
0.279181 0.437293 0.037121 0.029575
0.568105 0.360531 0.041528 0.029442
0.179884 0.096109 0.050771 0.038499
0.471939 0.140472 0.051937 0.037580
0.574715 0.661594 0.049795 0.034539
0.665230 0.137781 0.045205 0.031364
0.474432 0.324275 0.054478 0.022701
0.379069 0.569354 0.040724 0.031336
0.279847 0.090631 0.043882 0.030867
0.765523 0.304611 0.051178 0.034441
0.569547 0.428671 0.041071 0.031232
0.181360 0.541442 0.050703 0.023339
0.858265 0.346730 0.050964 0.026505
0.278625 0.406361 0.038322 0.028530
0.382196 0.801726 0.055540 0.024498
0.377101 0.219632 0.050286 0.023822
0.571089 0.482900 0.039121 0.028869
0.683747 0.916580 0.059838 0.025911
0.471527 0.359275 0.043226 0.032406
0.284319 0.538345 0.052180 0.033869
0.761584 0.083988 0.043229 0.036472
0.680768 0.860908 0.057103 0.021022
0.194390 0.921298 0.045455 0.024582
0.083682 0.358534 0.051452 0.024667
0.287037 0.570573 0.047463 0.020279
0.874046 0.836605 0.040944 0.021954
0.768915 0.613268 0.065382 0.023665
0.671868 0.724818 0.060474 0.033297
0.666841 0.107641 0.055343 0.027295
0.080804 0.322863 0.043760 0.035463
0.380839 0.358069 0.052495 0.022375
0.806895 0.296835 0.032835 0.023189
0.667325 0.415939 0.056056 0.032480
0.277197 0.122403 0.039042 0.024492
0.091646 0.635572 0.042142 0.036023
0.576104 0.624176 0.047784 0.030562
0.805983 0.270069 0.034128 0.028958
0.077518 0.251557 0.043493 0.033106
0.098628 0.771735 0.068455 0.025724
0.854850 0.281800 0.039126 0.021196
0.480882 0.434257 0.056801 0.033896
0.776091 0.912653 0.058777 0.023143
0.852259 0.084146 0.040715 0.025746
0.293738 0.906245 0.049220 0.031726
0.373396 0.118302 0.044149 0.033991
0.178629 0.240638 0.045109 0.030045
0.569994 0.454651 0.046818 0.018694
0.475141 0.106454 0.056760 0.026485
0.179309 0.209207 0.044193 0.028504
0.668621 0.583715 0.038596 0.018853
0.769923 0.377280 0.047896 0.027859
0.078217 0.167677 0.060408 0.042369
0.808914 0.322974 0.033805 0.028113
0.371262 0.088837 0.041447 0.030943
0.076944 0.093005 0.034953 0.027061
0.380600 0.622408 0.057671 0.028448
0.766424 0.232078 0.046916 0.031077
0.380190 0.601952 0.056169 0.027884
0.663213 0.079423 0.047998 0.021454
0.803220 0.236093 0.045930 0.033414
0.100581 0.797644 0.070305 0.022415
0.472637 0.081127 0.046945 0.021781
