0.719903 0.176741 0.083920 0.055465
0.721617 0.600937 0.089379 0.053920
0.169741 0.407262 0.082888 0.045777
0.393989 0.676257 0.088996 0.058369
0.613400 0.117916 0.079543 0.051977
0.049669 0.127098 0.078155 0.052746
0.497474 0.343419 0.077351 0.054784
0.053293 0.179410 0.074150 0.051392
0.160369 0.353781 0.076492 0.052827
0.491310 0.288629 0.076777 0.055342
0.389777 0.179392 0.081383 0.053735
0.495474 0.402736 0.079215 0.051608
0.173218 0.670606 0.084172 0.051554
0.156951 0.300590 0.083361 0.042530
0.940085 0.427695 0.070847 0.050913
0.730095 0.758092 0.086004 0.052769
0.939528 0.838608 0.074265 0.048505
0.940599 0.374818 0.067840 0.052089
0.610906 0.838629 0.083831 0.046421
0.276618 0.671314 0.074687 0.053855
0.607920 0.217979 0.085380 0.051892
0.721254 0.547050 0.087595 0.043892
0.156257 0.248594 0.070481 0.050707
0.273646 0.292729 0.082095 0.052217
0.935476 0.478190 0.078580 0.046961
0.047769 0.236586 0.074822 0.051415
0.168235 0.564803 0.084365 0.049271
0.724423 0.392949 0.070785 0.052426
0.607121 0.475199 0.082439 0.047949
0.724698 0.497934 0.080622 0.050385
0.275124 0.892867 0.077173 0.053579
0.938566 0.941355 0.079753 0.053301
0.941100 0.787103 0.080311 0.047536
0.823560 0.165846 0.076106 0.046521
0.060668 0.903989 0.075886 0.056893
0.721489 0.866283 0.087540 0.048510
0.614377 0.628130 0.081811 0.045837
0.831194 0.702594 0.080742 0.047239
0.724986 0.446182 0.075634 0.049079
0.388124 0.237250 0.078529 0.057265
0.170903 0.783316 0.082683 0.059747
0.276190 0.235684 0.089093 0.055863
0.502020 0.658721 0.074610 0.050620
0.835149 0.379398 0.070690 0.049728
0.503840 0.067974 0.081277 0.049663
0.608882 0.426667 0.086658 0.042543
0.727260 0.815118 0.067363 0.049976
0.503045 0.921599 0.066599 0.039558
0.280571 0.837675 0.083211 0.051124
0.172223 0.893412 0.066941 0.049315
0.050903 0.582588 0.090296 0.051665
0.499694 0.119902 0.079082 0.052894
0.939894 0.270341 0.066948 0.050108
0.936187 0.888784 0.076153 0.045210
0.606898 0.271661 0.073802 0.047287
0.276479 0.722804 0.064996 0.044667
0.834756 0.806601 0.069858 0.052251
0.066761 0.848212 0.076360 0.049763
0.610005 0.528803 0.070204 0.052409
0.725541 0.232781 0.092009 0.049561
0.612182 0.889195 0.069117 0.050247
0.160844 0.135349 0.075899 0.052184
0.939408 0.690597 0.073261 0.047737
0.608440 0.785662 0.077031 0.051162
0.610788 0.681808 0.071345 0.051037
0.273361 0.348600 0.065672 0.052440
0.833202 0.323454 0.078800 0.049453
0.272512 0.183379 0.092225 0.042236
0.048909 0.287683 0.083176 0.041684
0.830088 0.215792 0.072723 0.050016
0.832415 0.651266 0.075615 0.047012
0.833319 0.599386 0.073376 0.048650
0.935529 0.321425 0.079757 0.043179
0.611325 0.578012 0.077364 0.044004
0.720830 0.285121 0.081540 0.056876
0.389011 0.344775 0.065829 0.053809
0.720873 0.340750 0.088368 0.049322
0.496892 0.456936 0.091946 0.044776
0.164936 0.510852 0.084365 0.052945
0.388728 0.565520 0.066030 0.046757
0.393092 0.619640 0.078588 0.047622
0.499125 0.878002 0.068097 0.048016
0.157929 0.075712 0.076739 0.052638
0.726745 0.702541 0.083641 0.046869
0.278674 0.780005 0.070811 0.058509
0.387742 0.398667 0.074519 0.047786
0.165654 0.617464 0.065169 0.047404
0.387546 0.454653 0.069355 0.056766
0.830966 0.271639 0.075611 0.053663
0.827806 0.438258 0.073977 0.057002
0.269464 0.133625 0.071990 0.051224
0.836777 0.754446 0.065193 0.051762
0.719892 0.120234 0.085083 0.051402
0.171397 0.723898 0.069852 0.051407
0.499667 0.606645 0.063552 0.048630
0.834646 0.912924 0.071653 0.041513
0.271194 0.075049 0.068128 0.057977
0.726391 0.653575 0.089999 0.041740
0.276340 0.563172 0.070152 0.037282
0.941315 0.738134 0.070637 0.041798
0.046369 0.074489 0.087094 0.047265
0.499579 0.504271 0.095157 0.042438
0.387009 0.291890 0.069123 0.046348
0.394010 0.888578 0.076812 0.047274
0.828154 0.116855 0.072811 0.043679
0.606990 0.067049 0.075419 0.044406
0.610886 0.325705 0.070266 0.049956
0.612819 0.730452 0.062792 0.049272
0.056096 0.693038 0.065029 0.050814
0.170337 0.458777 0.086584 0.044339
0.396709 0.785236 0.075074 0.051996
0.937986 0.634706 0.071514 0.048346
0.611375 0.377657 0.081604 0.051046
0.833872 0.544792 0.063418 0.045430
0.054009 0.334492 0.087905 0.046650
0.395357 0.731092 0.081544 0.043119
0.836174 0.864953 0.065963 0.051807
0.937591 0.583648 0.076851 0.038517
0.279975 0.616862 0.074662 0.052338
0.060395 0.530719 0.075996 0.051906
0.828111 0.067611 0.069985 0.045000
0.274109 0.514572 0.056175 0.048072
0.938074 0.177609 0.062894 0.040147
0.941564 0.220918 0.057046 0.043306
0.388279 0.511247 0.065699 0.050132
0.392823 0.072561 0.070295 0.052154
0.172611 0.842588 0.067652 0.046192
0.716729 0.915462 0.092123 0.044947
0.829080 0.494506 0.065791 0.050419
0.067795 0.744488 0.079199 0.050859
0.059202 0.434851 0.073484 0.046104
0.936445 0.532755 0.062992 0.053128
0.497996 0.232512 0.062369 0.053575
0.267769 0.402092 0.069424 0.046401
0.496745 0.176164 0.085635 0.053842
0.273141 0.457953 0.063628 0.056120
0.159107 0.190546 0.061943 0.054058
0.499064 0.766597 0.079293 0.060283
0.394862 0.122503 0.068492 0.045845
0.612462 0.932810 0.074295 0.036351
0.064923 0.962134 0.070268 0.049775
0.063080 0.481177 0.091784 0.044703
0.609137 0.168667 0.072369 0.039915
0.937785 0.070168 0.070179 0.051262
0.503149 0.555169 0.062124 0.051605
0.499457 0.710609 0.069659 0.046907
0.067608 0.794298 0.066582 0.045720
0.932466 0.125019 0.078141 0.054173
0.728925 0.958919 0.076271 0.040163
0.396090 0.836795 0.068016 0.045671
0.281029 0.957169 0.090395 0.066051
0.723340 0.066728 0.061473 0.050903
0.062597 0.385887 0.073445 0.048097
0.057290 0.638657 0.058106 0.050965
0.825877 0.951541 0.068633 0.036381
0.170307 0.949482 0.093246 0.055459
0.615204 0.965429 0.065137 0.029706
0.508840 0.963974 0.080965 0.038902
0.499863 0.826117 0.071981 0.056498
0.399665 0.959811 0.090479 0.057211
0.394734 0.934258 0.086211 0.041682
