0.601179 0.656383 0.064322 0.037044
0.831509 0.605303 0.067435 0.038529
0.063678 0.842183 0.057906 0.039032
0.937130 0.860486 0.069612 0.037300
0.061541 0.801081 0.061523 0.037460
0.274750 0.932723 0.061705 0.030706
0.830117 0.885224 0.056953 0.034786
0.490960 0.488794 0.067963 0.042071
0.491161 0.703377 0.062703 0.047297
0.486969 0.566471 0.074517 0.050029
0.062964 0.717970 0.057761 0.036320
0.719874 0.822485 0.063757 0.042732
0.716995 0.747171 0.056804 0.036682
0.280853 0.197396 0.057507 0.037283
0.616553 0.358997 0.064885 0.040481
0.945691 0.711652 0.068039 0.044185
0.829951 0.704553 0.057322 0.032831
0.063120 0.884036 0.058069 0.039805
0.390975 0.145077 0.060400 0.041570
0.721795 0.864578 0.058202 0.039844
0.061472 0.204704 0.072808 0.042011
0.275591 0.826463 0.056550 0.038735
0.169955 0.902799 0.058493 0.031688
0.720005 0.172936 0.066370 0.034669
0.271011 0.783925 0.064320 0.041780
0.720488 0.370753 0.066118 0.041610
0.274375 0.865531 0.053198 0.032980
0.716796 0.450603 0.063969 0.040190
0.716564 0.670607 0.057483 0.030983
0.712774 0.905441 0.060519 0.039214
0.594782 0.784004 0.061411 0.039934
0.830660 0.743098 0.058158 0.034224
0.608539 0.590531 0.065584 0.037124
0.489047 0.924457 0.065008 0.037191
0.390374 0.103992 0.063522 0.035679
0.829446 0.251875 0.061443 0.040086
0.721656 0.783405 0.062193 0.030912
0.494623 0.325285 0.074176 0.043920
0.060957 0.478841 0.054388 0.040391
0.937097 0.303544 0.066867 0.044352
0.168364 0.220010 0.064091 0.045556
0.489953 0.837525 0.077396 0.046968
0.489044 0.749524 0.062634 0.040570
0.166775 0.693511 0.058211 0.040180
0.611115 0.314871 0.067616 0.042051
0.271712 0.898353 0.058429 0.032014
0.165691 0.420085 0.055068 0.039678
0.277863 0.115068 0.061936 0.046676
0.713245 0.585301 0.064252 0.048650
0.503963 0.210128 0.060602 0.043735
0.829010 0.483273 0.055675 0.033167
0.171087 0.826730 0.074809 0.039747
0.168288 0.304979 0.055012 0.039314
0.165156 0.651851 0.056503 0.037026
0.489301 0.963828 0.080046 0.035868
0.939782 0.821034 0.056503 0.037251
0.161682 0.460518 0.060873 0.036700
0.940120 0.554225 0.051090 0.044391
0.942920 0.939240 0.059074 0.034607
0.941331 0.457824 0.050182 0.033231
0.061813 0.522905 0.053412 0.040591
0.062455 0.683818 0.049448 0.030334
0.826777 0.522675 0.053902 0.039145
0.497155 0.367216 0.069249 0.038683
0.166523 0.762375 0.059364 0.029317
0.381321 0.942253 0.052854 0.026594
0.167866 0.792117 0.064451 0.026363
0.499366 0.167897 0.056630 0.036657
0.595848 0.823482 0.057879 0.037785
0.613113 0.271354 0.067501 0.042303
0.063229 0.564718 0.067071 0.042657
0.940972 0.596188 0.048755 0.036667
0.397531 0.289458 0.064405 0.036997
0.378807 0.583588 0.065986 0.039806
0.492737 0.451359 0.061591 0.032434
0.716060 0.411328 0.058440 0.036061
0.943933 0.105792 0.062908 0.031269
0.608620 0.543830 0.059402 0.047411
0.392747 0.252156 0.061666 0.031439
0.609658 0.397581 0.073717 0.033893
0.607569 0.433516 0.071217 0.037663
0.394619 0.329076 0.067558 0.041084
0.066279 0.071836 0.059312 0.039025
0.169807 0.132329 0.049435 0.039085
0.492738 0.791321 0.065022 0.042134
0.280470 0.160991 0.058046 0.034571
0.278432 0.552128 0.054522 0.036213
0.596505 0.698638 0.069826 0.042251
0.168536 0.867284 0.050563 0.039533
0.062433 0.645773 0.050132 0.039015
0.824289 0.416575 0.075264 0.036754
0.713769 0.491397 0.055418 0.042050
0.382834 0.972095 0.057716 0.032394
0.940472 0.348424 0.058925 0.039421
0.945019 0.147868 0.063936 0.047443
0.504467 0.132592 0.054809 0.028256
0.382504 0.911902 0.046628 0.032246
0.173270 0.933918 0.054397 0.031068
0.056567 0.279352 0.067305 0.043794
0.826347 0.778959 0.069729 0.037050
0.265206 0.477229 0.067316 0.038299
0.718545 0.706183 0.052079 0.039517
0.271924 0.397282 0.056150 0.036786
0.491908 0.884595 0.065323 0.041946
0.830395 0.918955 0.050766 0.033905
0.613750 0.229567 0.064447 0.040765
0.831776 0.172223 0.055074 0.036664
0.938488 0.517096 0.055753 0.027912
0.724226 0.249805 0.056068 0.043031
0.603720 0.470341 0.071932 0.034062
0.941078 0.668002 0.058392 0.040045
0.058642 0.438702 0.057010 0.033941
0.941056 0.753566 0.072051 0.036161
0.382195 0.842686 0.056091 0.036839
0.721788 0.631931 0.067355 0.034277
0.833064 0.641083 0.055818 0.027862
0.830915 0.138728 0.068431 0.029651
0.833678 0.349481 0.075300 0.033976
0.831332 0.106770 0.051791 0.034856
0.064888 0.605612 0.063338 0.036638
0.280426 0.589901 0.054767 0.037461
0.496821 0.411086 0.069831 0.040574
0.939366 0.629647 0.051297 0.030784
0.064947 0.757767 0.055003 0.043738
0.505021 0.099815 0.056214 0.035269
0.272136 0.965997 0.052821 0.033992
0.383853 0.879407 0.046548 0.031683
0.394576 0.066741 0.065156 0.035737
0.058283 0.326789 0.054824 0.044027
0.596564 0.861187 0.058067 0.036301
0.381767 0.689522 0.053957 0.041205
0.493118 0.655787 0.053258 0.041576
0.718746 0.942123 0.054509 0.033262
0.833970 0.025403 0.068598 0.045276
0.170683 0.175509 0.049894 0.038492
0.831533 0.381604 0.062803 0.033464
0.938822 0.261794 0.069165 0.036901
0.276813 0.671383 0.053273 0.036477
0.725076 0.021408 0.070971 0.038874
0.397759 0.025506 0.055302 0.045588
0.278157 0.236978 0.056078 0.036141
0.833285 0.671524 0.057344 0.031346
0.611493 0.064116 0.066652 0.046788
0.167846 0.583956 0.051061 0.034775
0.827645 0.561900 0.054540 0.040279
0.278911 0.632350 0.052121 0.043161
0.387042 0.544132 0.055023 0.037930
0.174272 0.966224 0.049575 0.034245
0.832047 0.211162 0.046221 0.038340
0.941020 0.387099 0.059985 0.039604
0.167387 0.731724 0.046384 0.031075
0.283636 0.070600 0.066390 0.038587
0.728664 0.136894 0.055250 0.031445
0.383331 0.797813 0.054268 0.042482
0.273308 0.277518 0.051406 0.038229
0.273907 0.317072 0.051538 0.039386
0.610331 0.191351 0.053209 0.033618
0.390080 0.473047 0.050673 0.036097
0.496614 0.251970 0.052437 0.037152
0.826129 0.816430 0.054389 0.034369
0.164458 0.381163 0.062154 0.031740
0.172236 0.265442 0.051673 0.038278
0.397051 0.181548 0.071312 0.034734
0.715027 0.538029 0.057381 0.042716
0.165055 0.499333 0.047593 0.039202
0.274312 0.712283 0.051954 0.042364
0.058461 0.366693 0.050430 0.035258
0.270859 0.435518 0.053826 0.040759
0.396260 0.399966 0.049789 0.041173
0.167993 0.346562 0.049554 0.035934
0.060572 0.921187 0.050139 0.034332
0.831012 0.954515 0.049121 0.034592
0.393839 0.215985 0.060322 0.038712
0.288197 0.029012 0.062356 0.045736
0.728551 0.099620 0.054381 0.037759
0.394170 0.436924 0.050285 0.032953
0.497368 0.287533 0.055240 0.028677
0.271302 0.514791 0.050727 0.033949
0.392100 0.364917 0.054639 0.031616
0.601324 0.740868 0.051543 0.040978
0.058450 0.401691 0.049015 0.033999
0.944391 0.486843 0.057331 0.026938
0.167923 0.617002 0.050279 0.030742
0.940626 0.423494 0.049550 0.030711
0.937323 0.188053 0.057860 0.037976
0.837653 0.068053 0.059090 0.040211
0.731001 0.059875 0.056222 0.036996
0.718839 0.293900 0.060609 0.035036
0.491945 0.526475 0.066956 0.025988
0.065219 0.111654 0.052400 0.038795
0.832497 0.289684 0.059865 0.027028
0.170697 0.092812 0.057768 0.032473
0.508651 0.021316 0.058768 0.036177
0.943726 0.970873 0.052988 0.027320
0.720781 0.210283 0.046222 0.035822
0.173798 0.022656 0.053880 0.039474
0.824637 0.850518 0.051527 0.031843
0.943150 0.786025 0.064519 0.031750
0.612023 0.155640 0.046404 0.033591
0.273870 0.748706 0.044010 0.026396
0.170423 0.542345 0.053421 0.043664
0.720271 0.972319 0.068060 0.029860
0.062995 0.156802 0.059312 0.052737
0.493884 0.611856 0.051509 0.040456
0.058965 0.956233 0.047269 0.035548
0.593821 0.898911 0.058633 0.041649
0.608581 0.114429 0.057580 0.048808
0.175390 0.060181 0.052185 0.032159
0.376950 0.620297 0.063196 0.025020
0.607542 0.505041 0.055184 0.029077
0.610452 0.624153 0.055584 0.023601
0.944901 0.070725 0.051239 0.038812
0.060790 0.243176 0.055944 0.030609
0.834556 0.317648 0.059596 0.025731
0.943391 0.901177 0.051093 0.041374
0.615724 0.021600 0.059643 0.039337
0.387550 0.507574 0.041690 0.033782
0.511104 0.059199 0.051994 0.037981
0.274083 0.357527 0.046657 0.039622
0.070732 0.029572 0.058679 0.045271
0.715310 0.329068 0.042424 0.035345
0.947065 0.027672 0.050273 0.048837
0.382563 0.651032 0.053505 0.032810
0.384015 0.729601 0.049644 0.033019
0.382560 0.760422 0.044658 0.034110
0.827358 0.450808 0.050365 0.029720
0.595734 0.962121 0.066732 0.041740
0.943153 0.224701 0.063981 0.033399
0.591740 0.941692 0.070174 0.043313
